1311868164.3990 0.0000 0.0000 0.0000 0.0000 0.0000 0.0000 1.0000
1311868164.4309 0.0015 0.0016 -0.0034 -0.0020 -0.0026 -0.0018 1.0000
1311868164.4631 0.0033 0.0038 -0.0061 -0.0038 -0.0031 -0.0045 1.0000
1311868164.4991 0.0060 0.0045 -0.0078 -0.0054 -0.0015 -0.0075 1.0000
1311868164.5310 0.0079 0.0042 -0.0105 -0.0060 0.0016 -0.0093 0.9999
1311868164.5630 0.0090 0.0040 -0.0135 -0.0057 0.0041 -0.0109 0.9999
1311868164.5991 0.0110 0.0029 -0.0175 -0.0048 0.0050 -0.0126 0.9999
1311868164.6311 0.0137 0.0028 -0.0217 -0.0031 0.0057 -0.0135 0.9999
1311868164.6631 0.0154 0.0036 -0.0256 -0.0020 0.0052 -0.0140 0.9999
1311868164.6990 0.0186 0.0042 -0.0291 -0.0020 0.0035 -0.0137 0.9999
1311868164.7310 0.0222 0.0025 -0.0304 -0.0022 0.0021 -0.0129 0.9999
1311868164.7631 0.0260 0.0014 -0.0336 -0.0003 0.0009 -0.0125 0.9999
1311868164.7991 0.0306 0.0004 -0.0357 0.0019 0.0004 -0.0128 0.9999
1311868164.8310 0.0371 -0.0010 -0.0387 0.0056 0.0002 -0.0133 0.9999
1311868164.8631 0.0445 -0.0008 -0.0415 0.0089 0.0011 -0.0144 0.9999
1311868164.8991 0.0509 -0.0023 -0.0435 0.0120 0.0027 -0.0151 0.9998
1311868164.9309 0.0573 -0.0010 -0.0479 0.0149 0.0036 -0.0170 0.9997
1311868164.9631 0.0626 0.0014 -0.0530 0.0150 0.0037 -0.0190 0.9997
1311868164.9990 0.0667 0.0006 -0.0540 0.0130 0.0024 -0.0192 0.9997
1311868165.0311 0.0737 -0.0002 -0.0558 0.0128 -0.0008 -0.0187 0.9997
1311868165.0631 0.0807 0.0001 -0.0602 0.0127 -0.0041 -0.0202 0.9997
1311868165.0992 0.0890 -0.0008 -0.0624 0.0121 -0.0069 -0.0229 0.9996
1311868165.1310 0.0955 -0.0019 -0.0652 0.0138 -0.0086 -0.0249 0.9996
1311868165.1631 0.1027 0.0001 -0.0689 0.0163 -0.0102 -0.0277 0.9994
1311868165.1991 0.1109 0.0021 -0.0738 0.0174 -0.0116 -0.0304 0.9993
1311868165.2312 0.1191 0.0044 -0.0782 0.0172 -0.0125 -0.0321 0.9993
1311868165.2630 0.1256 0.0070 -0.0812 0.0160 -0.0142 -0.0333 0.9992
1311868165.2991 0.1325 0.0108 -0.0860 0.0138 -0.0176 -0.0347 0.9991
1311868165.3312 0.1411 0.0123 -0.0887 0.0102 -0.0219 -0.0359 0.9991
1311868165.3631 0.1481 0.0120 -0.0903 0.0085 -0.0243 -0.0364 0.9990
1311868165.3992 0.1542 0.0147 -0.0934 0.0086 -0.0253 -0.0375 0.9989
1311868165.4310 0.1619 0.0197 -0.0966 0.0074 -0.0260 -0.0380 0.9989
1311868165.4631 0.1669 0.0233 -0.0989 0.0032 -0.0264 -0.0360 0.9990
1311868165.4992 0.1717 0.0248 -0.1005 -0.0017 -0.0277 -0.0335 0.9991
1311868165.5311 0.1764 0.0259 -0.1015 -0.0061 -0.0287 -0.0320 0.9991
1311868165.5631 0.1808 0.0259 -0.1041 -0.0092 -0.0284 -0.0309 0.9991
1311868165.5992 0.1860 0.0250 -0.1058 -0.0101 -0.0281 -0.0317 0.9991
1311868165.6312 0.1904 0.0255 -0.1102 -0.0091 -0.0271 -0.0336 0.9990
1311868165.6633 0.1960 0.0264 -0.1132 -0.0082 -0.0251 -0.0347 0.9990
1311868165.6992 0.1995 0.0271 -0.1175 -0.0067 -0.0225 -0.0352 0.9991
1311868165.7312 0.2024 0.0286 -0.1238 -0.0056 -0.0206 -0.0363 0.9991
1311868165.7631 0.2051 0.0311 -0.1298 -0.0059 -0.0180 -0.0359 0.9992
1311868165.7991 0.2068 0.0335 -0.1352 -0.0075 -0.0146 -0.0342 0.9993
1311868165.8312 0.2074 0.0350 -0.1434 -0.0095 -0.0120 -0.0335 0.9993
1311868165.8632 0.2090 0.0367 -0.1494 -0.0122 -0.0091 -0.0339 0.9993
1311868165.8992 0.2101 0.0373 -0.1535 -0.0141 -0.0055 -0.0341 0.9993
1311868165.9312 0.2104 0.0378 -0.1584 -0.0141 -0.0017 -0.0331 0.9994
1311868165.9632 0.2099 0.0399 -0.1658 -0.0134 0.0019 -0.0323 0.9994
1311868165.9991 0.2095 0.0440 -0.1746 -0.0142 0.0046 -0.0311 0.9994
1311868166.0312 0.2092 0.0468 -0.1820 -0.0160 0.0080 -0.0276 0.9995
1311868166.0631 0.2089 0.0520 -0.1903 -0.0185 0.0110 -0.0237 0.9995
1311868166.0992 0.2057 0.0550 -0.1948 -0.0230 0.0134 -0.0231 0.9994
1311868166.1313 0.2035 0.0589 -0.1996 -0.0253 0.0145 -0.0238 0.9993
1311868166.1632 0.2018 0.0660 -0.2060 -0.0273 0.0154 -0.0244 0.9992
1311868166.1992 0.2008 0.0710 -0.2122 -0.0311 0.0171 -0.0250 0.9991
1311868166.2311 0.2002 0.0764 -0.2172 -0.0343 0.0192 -0.0241 0.9989
1311868166.2632 0.2002 0.0824 -0.2234 -0.0379 0.0217 -0.0224 0.9988
1311868166.3631 0.2013 0.1005 -0.2365 -0.0518 0.0267 -0.0168 0.9982
1311868166.7633 0.2444 0.1219 -0.2796 -0.0542 0.0337 -0.0170 0.9978
1311868167.1632 0.3748 0.1218 -0.2960 -0.0439 -0.0073 -0.0435 0.9981
1311868167.3633 0.4422 0.1190 -0.3011 -0.0382 -0.0309 -0.0595 0.9970
1311868167.5632 0.4863 0.1161 -0.3027 -0.0384 -0.0423 -0.0618 0.9965
1311868168.0632 0.5474 0.0965 -0.2753 -0.0434 -0.0506 -0.0510 0.9965
1311868168.3994 0.5511 0.0664 -0.2179 -0.0443 -0.0555 -0.0618 0.9956
1311868168.4993 0.5478 0.0467 -0.1969 -0.0341 -0.0570 -0.0662 0.9956
1311868168.6633 0.5448 0.0269 -0.1692 -0.0267 -0.0643 -0.0649 0.9955
1311868168.6996 0.5448 0.0251 -0.1651 -0.0258 -0.0640 -0.0655 0.9955
1311868168.7633 0.5438 0.0225 -0.1557 -0.0255 -0.0645 -0.0643 0.9955
1311868168.7994 0.5436 0.0214 -0.1500 -0.0264 -0.0663 -0.0635 0.9954
1311868168.8312 0.5431 0.0196 -0.1432 -0.0271 -0.0685 -0.0626 0.9953
1311868168.8993 0.5435 0.0149 -0.1334 -0.0251 -0.0728 -0.0659 0.9948
1311868168.9312 0.5443 0.0103 -0.1276 -0.0233 -0.0745 -0.0683 0.9946
1311868168.9633 0.5457 0.0071 -0.1221 -0.0209 -0.0769 -0.0708 0.9943
1311868168.9994 0.5470 0.0027 -0.1176 -0.0186 -0.0803 -0.0736 0.9939
1311868169.0312 0.5485 -0.0022 -0.1122 -0.0168 -0.0840 -0.0754 0.9935
1311868169.0634 0.5510 -0.0073 -0.1070 -0.0148 -0.0881 -0.0763 0.9931
1311868169.0993 0.5529 -0.0134 -0.1011 -0.0123 -0.0921 -0.0775 0.9927
1311868169.1312 0.5548 -0.0178 -0.0957 -0.0093 -0.0963 -0.0797 0.9921
1311868169.1995 0.5596 -0.0270 -0.0827 -0.0044 -0.1074 -0.0863 0.9905
1311868169.2314 0.5622 -0.0323 -0.0772 -0.0021 -0.1134 -0.0896 0.9895
1311868169.2633 0.5654 -0.0378 -0.0711 -0.0002 -0.1194 -0.0925 0.9885
1311868169.2995 0.5681 -0.0434 -0.0647 0.0016 -0.1251 -0.0961 0.9875
1311868169.3313 0.5709 -0.0509 -0.0579 0.0045 -0.1310 -0.1008 0.9862
1311868169.3635 0.5738 -0.0575 -0.0511 0.0082 -0.1365 -0.1058 0.9849
1311868169.3994 0.5767 -0.0634 -0.0449 0.0121 -0.1427 -0.1108 0.9835
1311868169.4314 0.5797 -0.0701 -0.0378 0.0151 -0.1495 -0.1148 0.9820
1311868169.4632 0.5833 -0.0769 -0.0315 0.0181 -0.1562 -0.1183 0.9804
1311868169.4993 0.5884 -0.0844 -0.0262 0.0206 -0.1623 -0.1229 0.9788
1311868169.5314 0.5937 -0.0933 -0.0208 0.0232 -0.1665 -0.1276 0.9775
1311868169.5635 0.5982 -0.1016 -0.0157 0.0268 -0.1693 -0.1319 0.9763
1311868169.5994 0.6018 -0.1070 -0.0108 0.0315 -0.1712 -0.1356 0.9753
1311868169.6313 0.6039 -0.1101 -0.0065 0.0353 -0.1745 -0.1388 0.9742
1311868169.6632 0.6068 -0.1142 -0.0031 0.0380 -0.1800 -0.1416 0.9727
1311868169.6995 0.6112 -0.1179 -0.0004 0.0396 -0.1862 -0.1440 0.9711
1311868169.7313 0.6192 -0.1232 0.0030 0.0408 -0.1913 -0.1459 0.9698
1311868169.7634 0.6250 -0.1286 0.0067 0.0413 -0.1933 -0.1462 0.9693
1311868169.7994 0.6286 -0.1327 0.0101 0.0433 -0.1946 -0.1451 0.9691
1311868169.8314 0.6319 -0.1352 0.0126 0.0444 -0.1963 -0.1451 0.9687
1311868169.8634 0.6364 -0.1380 0.0148 0.0445 -0.1980 -0.1458 0.9683
1311868169.8994 0.6407 -0.1415 0.0165 0.0446 -0.1994 -0.1449 0.9681
1311868169.9313 0.6473 -0.1447 0.0181 0.0439 -0.2000 -0.1441 0.9681
1311868169.9634 0.6524 -0.1506 0.0216 0.0437 -0.1995 -0.1426 0.9685
1311868169.9994 0.6568 -0.1554 0.0226 0.0454 -0.1987 -0.1385 0.9692
1311868170.0313 0.6623 -0.1550 0.0212 0.0468 -0.1991 -0.1334 0.9697
1311868170.0635 0.6655 -0.1575 0.0209 0.0460 -0.2004 -0.1312 0.9698
1311868170.0994 0.6694 -0.1629 0.0197 0.0467 -0.2029 -0.1286 0.9696
1311868170.1313 0.6766 -0.1644 0.0162 0.0492 -0.2052 -0.1262 0.9693
1311868170.1634 0.6841 -0.1652 0.0135 0.0508 -0.2060 -0.1257 0.9691
1311868170.1993 0.6904 -0.1657 0.0109 0.0511 -0.2062 -0.1238 0.9693
1311868170.2315 0.6967 -0.1663 0.0073 0.0506 -0.2064 -0.1205 0.9697
1311868170.2635 0.7021 -0.1638 0.0029 0.0496 -0.2066 -0.1186 0.9699
1311868170.2994 0.7070 -0.1650 -0.0008 0.0484 -0.2070 -0.1203 0.9697
1311868170.3313 0.7137 -0.1632 -0.0070 0.0486 -0.2067 -0.1224 0.9695
1311868170.3634 0.7195 -0.1605 -0.0134 0.0481 -0.2059 -0.1244 0.9694
1311868170.3994 0.7237 -0.1570 -0.0187 0.0470 -0.2053 -0.1275 0.9692
1311868170.4313 0.7262 -0.1535 -0.0244 0.0463 -0.2056 -0.1305 0.9688
1311868170.4634 0.7328 -0.1502 -0.0304 0.0452 -0.2072 -0.1337 0.9681
1311868170.4995 0.7386 -0.1480 -0.0357 0.0440 -0.2077 -0.1358 0.9677
1311868170.5315 0.7435 -0.1448 -0.0405 0.0428 -0.2080 -0.1361 0.9677
1311868170.5633 0.7483 -0.1437 -0.0447 0.0421 -0.2084 -0.1358 0.9677
1311868170.5993 0.7546 -0.1395 -0.0514 0.0418 -0.2088 -0.1366 0.9675
1311868170.6315 0.7618 -0.1381 -0.0563 0.0398 -0.2088 -0.1376 0.9674
1311868170.6634 0.7683 -0.1368 -0.0614 0.0382 -0.2079 -0.1366 0.9678
1311868170.6994 0.7740 -0.1340 -0.0653 0.0359 -0.2072 -0.1355 0.9682
1311868170.7314 0.7782 -0.1320 -0.0683 0.0334 -0.2077 -0.1348 0.9683
1311868170.7635 0.7835 -0.1313 -0.0718 0.0305 -0.2088 -0.1341 0.9682
1311868170.7994 0.7882 -0.1318 -0.0743 0.0292 -0.2097 -0.1338 0.9681
1311868170.8313 0.7933 -0.1317 -0.0773 0.0285 -0.2101 -0.1341 0.9680
1311868170.8634 0.7989 -0.1312 -0.0808 0.0277 -0.2109 -0.1340 0.9679
1311868170.8994 0.8056 -0.1329 -0.0829 0.0268 -0.2111 -0.1335 0.9679
1311868170.9314 0.8128 -0.1341 -0.0849 0.0272 -0.2108 -0.1337 0.9680
1311868170.9634 0.8197 -0.1367 -0.0845 0.0291 -0.2093 -0.1367 0.9678
1311868170.9995 0.8228 -0.1339 -0.0874 0.0324 -0.2084 -0.1371 0.9678
1311868171.0315 0.8271 -0.1300 -0.0923 0.0323 -0.2106 -0.1371 0.9674
1311868171.0634 0.8333 -0.1303 -0.0944 0.0302 -0.2140 -0.1386 0.9665
1311868171.0994 0.8400 -0.1316 -0.0956 0.0286 -0.2168 -0.1392 0.9658
1311868171.1315 0.8466 -0.1319 -0.0971 0.0279 -0.2185 -0.1397 0.9654
1311868171.1634 0.8526 -0.1310 -0.0976 0.0274 -0.2192 -0.1404 0.9651
1311868171.1994 0.8578 -0.1314 -0.0965 0.0274 -0.2196 -0.1411 0.9649
1311868171.2314 0.8625 -0.1291 -0.0973 0.0280 -0.2203 -0.1421 0.9646
1311868171.2634 0.8683 -0.1280 -0.0971 0.0276 -0.2218 -0.1439 0.9640
1311868171.2994 0.8735 -0.1274 -0.0961 0.0276 -0.2237 -0.1460 0.9633
1311868171.3314 0.8800 -0.1264 -0.0961 0.0272 -0.2261 -0.1476 0.9625
1311868171.3635 0.8866 -0.1262 -0.0949 0.0268 -0.2286 -0.1508 0.9614
1311868171.3994 0.8944 -0.1262 -0.0943 0.0269 -0.2310 -0.1546 0.9602
1311868171.4635 0.9089 -0.1249 -0.0939 0.0267 -0.2354 -0.1587 0.9585
1311868171.4995 0.9163 -0.1249 -0.0920 0.0254 -0.2383 -0.1620 0.9572
1311868171.5315 0.9272 -0.1270 -0.0914 0.0249 -0.2412 -0.1654 0.9559
1311868171.5634 0.9363 -0.1278 -0.0905 0.0249 -0.2423 -0.1676 0.9553
1311868171.5995 0.9442 -0.1273 -0.0903 0.0246 -0.2430 -0.1692 0.9548
1311868171.6315 0.9509 -0.1262 -0.0886 0.0242 -0.2439 -0.1706 0.9544
1311868171.6634 0.9593 -0.1247 -0.0881 0.0236 -0.2459 -0.1727 0.9535
1311868171.6994 0.9680 -0.1252 -0.0869 0.0221 -0.2479 -0.1759 0.9524
1311868171.7315 0.9762 -0.1236 -0.0858 0.0212 -0.2491 -0.1781 0.9517
1311868171.7635 0.9842 -0.1224 -0.0834 0.0204 -0.2500 -0.1803 0.9511
1311868171.7995 0.9928 -0.1200 -0.0826 0.0191 -0.2506 -0.1829 0.9505
1311868171.8314 1.0031 -0.1198 -0.0804 0.0170 -0.2507 -0.1851 0.9500
1311868171.8996 1.0193 -0.1158 -0.0728 0.0119 -0.2512 -0.1880 0.9494
1311868171.9315 1.0248 -0.1149 -0.0687 0.0092 -0.2521 -0.1894 0.9489
1311868171.9996 1.0410 -0.1141 -0.0621 0.0054 -0.2534 -0.1923 0.9480
1311868172.0315 1.0475 -0.1135 -0.0579 0.0041 -0.2530 -0.1939 0.9478
1311868172.0634 1.0532 -0.1116 -0.0551 0.0027 -0.2532 -0.1939 0.9478
1311868172.0995 1.0607 -0.1100 -0.0530 -0.0000 -0.2543 -0.1937 0.9475
1311868172.1315 1.0678 -0.1099 -0.0497 -0.0030 -0.2552 -0.1937 0.9473
1311868172.1636 1.0753 -0.1090 -0.0470 -0.0056 -0.2556 -0.1938 0.9471
1311868172.1998 1.0817 -0.1091 -0.0424 -0.0083 -0.2554 -0.1942 0.9471
1311868172.2635 1.0943 -0.1079 -0.0363 -0.0113 -0.2547 -0.1970 0.9467
1311868172.2995 1.0997 -0.1068 -0.0328 -0.0133 -0.2543 -0.1982 0.9465
1311868172.3635 1.1101 -0.1034 -0.0267 -0.0188 -0.2541 -0.2020 0.9457
1311868172.3995 1.1161 -0.1033 -0.0227 -0.0217 -0.2534 -0.2039 0.9454
1311868172.4635 1.1269 -0.1007 -0.0149 -0.0266 -0.2490 -0.2077 0.9456
1311868172.4995 1.1303 -0.0990 -0.0091 -0.0286 -0.2467 -0.2106 0.9455
1311868172.6636 1.1538 -0.0922 0.0167 -0.0432 -0.2393 -0.2121 0.9465
1311868172.9316 1.1729 -0.0878 0.0873 -0.0753 -0.2277 -0.2153 0.9466
1311868173.4676 1.1958 -0.1551 0.1958 -0.0732 -0.2290 -0.2256 0.9441
1311868173.9316 1.2347 -0.2063 0.2727 -0.0613 -0.2710 -0.2409 0.9299
1311868174.1679 1.2740 -0.2483 0.3068 -0.0464 -0.3019 -0.2641 0.9149
1311868174.4997 1.3247 -0.2800 0.3513 -0.0364 -0.3264 -0.2771 0.9030
1311868174.7677 1.3277 -0.3014 0.3814 -0.0299 -0.3408 -0.2696 0.9002
1311868174.8997 1.3227 -0.3206 0.3948 -0.0180 -0.3449 -0.2653 0.9002
1311868174.9677 1.3173 -0.3290 0.4016 -0.0105 -0.3429 -0.2621 0.9020
1311868175.0677 1.3047 -0.3411 0.4124 0.0005 -0.3423 -0.2617 0.9024
1311868175.0996 1.3006 -0.3458 0.4150 0.0036 -0.3421 -0.2618 0.9024
1311868175.1317 1.2936 -0.3524 0.4182 0.0070 -0.3426 -0.2617 0.9023
1311868175.1678 1.2854 -0.3613 0.4215 0.0126 -0.3438 -0.2625 0.9015
1311868175.1996 1.2778 -0.3724 0.4253 0.0225 -0.3452 -0.2639 0.9004
1311868175.2318 1.2736 -0.3790 0.4291 0.0352 -0.3460 -0.2628 0.9000
1311868175.2678 1.2692 -0.3822 0.4327 0.0459 -0.3468 -0.2590 0.9003
1311868175.3000 1.2656 -0.3820 0.4358 0.0529 -0.3491 -0.2533 0.9007
1311868175.3319 1.2627 -0.3818 0.4398 0.0547 -0.3533 -0.2472 0.9006
1311868175.3677 1.2586 -0.3876 0.4444 0.0537 -0.3579 -0.2428 0.9001
1311868175.4000 1.2550 -0.3938 0.4505 0.0542 -0.3616 -0.2389 0.8996
1311868175.4320 1.2518 -0.3995 0.4568 0.0564 -0.3643 -0.2354 0.8993
1311868175.4677 1.2485 -0.4069 0.4632 0.0598 -0.3660 -0.2321 0.8993
1311868175.4998 1.2468 -0.4106 0.4692 0.0652 -0.3672 -0.2286 0.8992
1311868175.5318 1.2448 -0.4123 0.4738 0.0692 -0.3685 -0.2250 0.8993
1311868175.5678 1.2424 -0.4134 0.4782 0.0706 -0.3709 -0.2209 0.8992
1311868175.5999 1.2408 -0.4169 0.4838 0.0709 -0.3749 -0.2186 0.8981
1311868175.6318 1.2403 -0.4240 0.4912 0.0721 -0.3785 -0.2186 0.8965
1311868175.6677 1.2396 -0.4296 0.4960 0.0755 -0.3801 -0.2189 0.8955
1311868175.6998 1.2395 -0.4352 0.5013 0.0793 -0.3812 -0.2181 0.8949
1311868175.7317 1.2395 -0.4371 0.5051 0.0830 -0.3822 -0.2177 0.8942
1311868175.7676 1.2389 -0.4411 0.5089 0.0856 -0.3842 -0.2182 0.8930
1311868175.7998 1.2403 -0.4453 0.5137 0.0878 -0.3874 -0.2181 0.8914
1311868175.8318 1.2423 -0.4495 0.5197 0.0889 -0.3911 -0.2184 0.8896
1311868175.8677 1.2438 -0.4565 0.5252 0.0900 -0.3949 -0.2193 0.8876
1311868175.8997 1.2470 -0.4626 0.5314 0.0915 -0.3988 -0.2201 0.8855
1311868175.9316 1.2503 -0.4671 0.5373 0.0931 -0.4024 -0.2214 0.8834
1311868175.9679 1.2525 -0.4719 0.5427 0.0941 -0.4062 -0.2233 0.8811
1311868175.9999 1.2562 -0.4759 0.5485 0.0944 -0.4108 -0.2252 0.8784
1311868176.0320 1.2597 -0.4797 0.5552 0.0944 -0.4154 -0.2284 0.8754
1311868176.0679 1.2639 -0.4849 0.5621 0.0952 -0.4197 -0.2335 0.8719
1311868176.0998 1.2689 -0.4893 0.5689 0.0961 -0.4237 -0.2386 0.8685
1311868176.1317 1.2727 -0.4948 0.5757 0.0968 -0.4272 -0.2436 0.8653
1311868176.1680 1.2791 -0.4994 0.5824 0.0977 -0.4307 -0.2478 0.8623
1311868176.1999 1.2864 -0.5039 0.5905 0.0975 -0.4339 -0.2512 0.8597
1311868176.2319 1.2933 -0.5066 0.5984 0.0963 -0.4367 -0.2536 0.8577
1311868176.2678 1.2991 -0.5106 0.6064 0.0936 -0.4391 -0.2561 0.8561
1311868176.2998 1.3041 -0.5146 0.6143 0.0918 -0.4408 -0.2594 0.8544
1311868176.3319 1.3104 -0.5175 0.6237 0.0906 -0.4418 -0.2631 0.8529
1311868176.3678 1.3163 -0.5193 0.6316 0.0893 -0.4419 -0.2662 0.8520
1311868176.3999 1.3216 -0.5199 0.6396 0.0867 -0.4421 -0.2681 0.8516
1311868176.4317 1.3262 -0.5192 0.6482 0.0831 -0.4425 -0.2698 0.8512
1311868176.4679 1.3301 -0.5205 0.6570 0.0787 -0.4425 -0.2720 0.8509
1311868176.4998 1.3336 -0.5229 0.6646 0.0751 -0.4424 -0.2731 0.8509
1311868176.5319 1.3381 -0.5231 0.6720 0.0726 -0.4423 -0.2745 0.8507
1311868176.5678 1.3409 -0.5240 0.6781 0.0711 -0.4421 -0.2774 0.8500
1311868176.6021 1.3436 -0.5245 0.6830 0.0702 -0.4422 -0.2795 0.8494
1311868176.6317 1.3475 -0.5235 0.6887 0.0678 -0.4427 -0.2798 0.8492
1311868176.6678 1.3483 -0.5261 0.6937 0.0646 -0.4433 -0.2796 0.8492
1311868176.6998 1.3512 -0.5269 0.6987 0.0622 -0.4441 -0.2790 0.8492
1311868176.7318 1.3520 -0.5299 0.7040 0.0601 -0.4443 -0.2795 0.8490
1311868176.7678 1.3521 -0.5340 0.7076 0.0602 -0.4444 -0.2803 0.8487
1311868176.7997 1.3543 -0.5349 0.7111 0.0617 -0.4447 -0.2808 0.8483
1311868176.8319 1.3562 -0.5365 0.7144 0.0619 -0.4449 -0.2811 0.8481
1311868176.8678 1.3576 -0.5369 0.7192 0.0611 -0.4451 -0.2807 0.8481
1311868176.8998 1.3579 -0.5398 0.7255 0.0597 -0.4448 -0.2808 0.8484
1311868176.9318 1.3586 -0.5427 0.7316 0.0593 -0.4437 -0.2810 0.8489
1311868176.9679 1.3577 -0.5443 0.7361 0.0599 -0.4423 -0.2820 0.8493
1311868176.9999 1.3579 -0.5450 0.7414 0.0607 -0.4419 -0.2834 0.8490
1311868177.0320 1.3571 -0.5457 0.7465 0.0602 -0.4414 -0.2847 0.8488
1311868177.0679 1.3548 -0.5462 0.7515 0.0589 -0.4411 -0.2862 0.8486
1311868177.0997 1.3514 -0.5491 0.7586 0.0578 -0.4409 -0.2886 0.8479
1311868177.1319 1.3486 -0.5544 0.7666 0.0578 -0.4397 -0.2910 0.8477
1311868177.1681 1.3455 -0.5585 0.7730 0.0596 -0.4375 -0.2930 0.8481
1311868177.1999 1.3424 -0.5610 0.7788 0.0621 -0.4350 -0.2951 0.8485
1311868177.2319 1.3398 -0.5636 0.7846 0.0638 -0.4331 -0.2966 0.8488
1311868177.2678 1.3368 -0.5651 0.7903 0.0639 -0.4320 -0.2972 0.8491
1311868177.2999 1.3330 -0.5659 0.7953 0.0624 -0.4318 -0.2976 0.8492
1311868177.3317 1.3284 -0.5689 0.8009 0.0610 -0.4324 -0.2987 0.8486
1311868177.3679 1.3247 -0.5732 0.8074 0.0604 -0.4329 -0.2996 0.8480
1311868177.4000 1.3221 -0.5803 0.8142 0.0622 -0.4325 -0.3012 0.8476
1311868177.4318 1.3214 -0.5840 0.8199 0.0656 -0.4310 -0.3024 0.8476
1311868177.4678 1.3213 -0.5858 0.8253 0.0667 -0.4292 -0.3016 0.8487
1311868177.4998 1.3207 -0.5831 0.8308 0.0655 -0.4277 -0.2994 0.8504
1311868177.5318 1.3210 -0.5804 0.8373 0.0614 -0.4276 -0.2989 0.8509
1311868177.5679 1.3185 -0.5827 0.8438 0.0560 -0.4275 -0.3012 0.8505
1311868177.5997 1.3161 -0.5847 0.8507 0.0525 -0.4270 -0.3037 0.8501
1311868177.6321 1.3140 -0.5868 0.8583 0.0516 -0.4260 -0.3073 0.8494
1311868177.6679 1.3135 -0.5882 0.8651 0.0519 -0.4247 -0.3105 0.8488
1311868177.6999 1.3131 -0.5899 0.8711 0.0519 -0.4236 -0.3120 0.8488
1311868177.7320 1.3135 -0.5872 0.8757 0.0509 -0.4237 -0.3124 0.8487
1311868177.7679 1.3136 -0.5892 0.8812 0.0479 -0.4252 -0.3130 0.8479
1311868177.7999 1.3130 -0.5907 0.8856 0.0457 -0.4283 -0.3136 0.8462
1311868177.8320 1.3159 -0.5918 0.8916 0.0448 -0.4328 -0.3153 0.8434
1311868177.8678 1.3182 -0.5955 0.8978 0.0438 -0.4369 -0.3182 0.8402
1311868177.8999 1.3222 -0.5981 0.9040 0.0434 -0.4401 -0.3202 0.8378
1311868177.9679 1.3296 -0.6021 0.9157 0.0431 -0.4466 -0.3276 0.8315
1311868178.0320 1.3384 -0.6035 0.9252 0.0416 -0.4546 -0.3342 0.8246
1311868178.1000 1.3479 -0.6084 0.9365 0.0367 -0.4648 -0.3426 0.8156
1311868178.2320 1.3702 -0.6270 0.9600 0.0404 -0.4742 -0.3582 0.8032
1311868178.2680 1.3767 -0.6302 0.9642 0.0435 -0.4731 -0.3607 0.8026
1311868178.2998 1.3825 -0.6307 0.9661 0.0456 -0.4724 -0.3627 0.8020
1311868178.3322 1.3873 -0.6292 0.9685 0.0459 -0.4735 -0.3640 0.8007
1311868178.3680 1.3936 -0.6276 0.9718 0.0440 -0.4762 -0.3656 0.7985
1311868178.4001 1.3971 -0.6269 0.9742 0.0399 -0.4788 -0.3671 0.7965
1311868178.5001 1.4106 -0.6306 0.9818 0.0281 -0.4882 -0.3679 0.7909
1311868178.6001 1.4264 -0.6334 0.9842 0.0230 -0.4938 -0.3668 0.7881
1311868178.6320 1.4312 -0.6337 0.9832 0.0221 -0.4947 -0.3663 0.7878
1311868178.6680 1.4386 -0.6327 0.9812 0.0213 -0.4962 -0.3661 0.7870
1311868178.6999 1.4454 -0.6328 0.9797 0.0192 -0.4977 -0.3665 0.7858
1311868178.7319 1.4516 -0.6337 0.9787 0.0177 -0.4986 -0.3668 0.7852
1311868178.7679 1.4581 -0.6334 0.9765 0.0171 -0.4990 -0.3668 0.7850
1311868178.8000 1.4653 -0.6328 0.9742 0.0171 -0.4996 -0.3666 0.7846
1311868178.8320 1.4737 -0.6317 0.9717 0.0162 -0.5000 -0.3661 0.7846
1311868178.8679 1.4826 -0.6311 0.9693 0.0140 -0.5003 -0.3651 0.7850
1311868178.9000 1.4902 -0.6317 0.9669 0.0122 -0.5003 -0.3648 0.7851
1311868178.9323 1.4973 -0.6314 0.9638 0.0118 -0.5003 -0.3650 0.7851
1311868178.9679 1.5065 -0.6318 0.9607 0.0121 -0.5004 -0.3655 0.7847
1311868179.0000 1.5163 -0.6324 0.9572 0.0125 -0.4993 -0.3656 0.7854
1311868179.0322 1.5278 -0.6312 0.9518 0.0124 -0.4975 -0.3643 0.7872
1311868179.0678 1.5388 -0.6277 0.9473 0.0108 -0.4960 -0.3633 0.7886
1311868179.1001 1.5494 -0.6251 0.9420 0.0076 -0.4957 -0.3624 0.7893
1311868179.1680 1.5685 -0.6269 0.9358 0.0044 -0.4978 -0.3666 0.7860
1311868179.2320 1.5937 -0.6258 0.9285 0.0095 -0.4956 -0.3715 0.7851
1311868179.2681 1.6059 -0.6237 0.9237 0.0076 -0.4917 -0.3716 0.7875
1311868179.3331 1.6240 -0.6179 0.9166 -0.0032 -0.4865 -0.3678 0.7925
1311868179.4680 1.6601 -0.6237 0.9140 -0.0122 -0.4825 -0.3741 0.7919
1311868179.5322 1.6775 -0.6223 0.9083 -0.0123 -0.4750 -0.3740 0.7965
1311868179.6682 1.7076 -0.6230 0.9087 -0.0195 -0.4676 -0.3774 0.7991
1311868179.8321 1.7475 -0.6280 0.9076 -0.0214 -0.4621 -0.3801 0.8009
1311868180.0000 1.7817 -0.6402 0.9128 -0.0213 -0.4686 -0.3884 0.7931
1311868180.1681 1.8182 -0.6558 0.9251 -0.0283 -0.4754 -0.3951 0.7855
1311868180.3681 1.8582 -0.6665 0.9391 -0.0383 -0.4827 -0.4001 0.7781
1311868180.8002 1.9075 -0.6868 0.9692 -0.0528 -0.4869 -0.4089 0.7700
1311868181.4324 1.9070 -0.7286 1.0173 -0.0440 -0.4678 -0.4050 0.7844
1311868181.8681 1.8201 -0.7542 1.0689 -0.0438 -0.4635 -0.4027 0.7881
1311868182.1002 1.7455 -0.7723 1.0966 -0.0375 -0.4628 -0.4008 0.7898
1311868182.4003 1.6684 -0.7895 1.1428 -0.0382 -0.4587 -0.3925 0.7962
1311868182.5361 1.6286 -0.8000 1.1632 -0.0305 -0.4623 -0.3893 0.7961
1311868182.6363 1.5974 -0.8141 1.1789 -0.0217 -0.4720 -0.3851 0.7927
1311868182.7003 1.5770 -0.8240 1.1899 -0.0133 -0.4805 -0.3837 0.7885
1311868182.7683 1.5595 -0.8307 1.2017 -0.0056 -0.4906 -0.3833 0.7825
1311868182.8362 1.5390 -0.8413 1.2159 -0.0017 -0.5002 -0.3855 0.7753
1311868182.9002 1.5192 -0.8500 1.2314 0.0015 -0.5102 -0.3896 0.7668
1311868182.9681 1.4975 -0.8643 1.2474 0.0070 -0.5205 -0.3963 0.7563
1311868183.0363 1.4745 -0.8817 1.2618 0.0123 -0.5272 -0.4011 0.7490
1311868183.0683 1.4637 -0.8898 1.2682 0.0145 -0.5307 -0.4020 0.7460
1311868183.1006 1.4527 -0.8967 1.2735 0.0174 -0.5347 -0.4042 0.7419
1311868183.1682 1.4302 -0.9143 1.2852 0.0251 -0.5432 -0.4129 0.7306
1311868183.2363 1.4117 -0.9265 1.2968 0.0320 -0.5495 -0.4207 0.7211
1311868183.2684 1.4013 -0.9326 1.3014 0.0336 -0.5515 -0.4245 0.7173
1311868183.3004 1.3899 -0.9375 1.3043 0.0351 -0.5540 -0.4271 0.7137
1311868183.3363 1.3820 -0.9396 1.3077 0.0377 -0.5580 -0.4298 0.7089
1311868183.3685 1.3715 -0.9442 1.3113 0.0399 -0.5619 -0.4338 0.7032
1311868183.4362 1.3551 -0.9509 1.3190 0.0414 -0.5690 -0.4352 0.6965
1311868183.4682 1.3480 -0.9522 1.3206 0.0372 -0.5723 -0.4343 0.6946
1311868183.5003 1.3397 -0.9522 1.3213 0.0319 -0.5771 -0.4330 0.6917
1311868183.5363 1.3340 -0.9525 1.3250 0.0245 -0.5832 -0.4318 0.6876
1311868183.5684 1.3215 -0.9580 1.3301 0.0161 -0.5882 -0.4320 0.6835
1311868183.6002 1.3108 -0.9621 1.3345 0.0108 -0.5926 -0.4304 0.6808
1311868183.6362 1.3025 -0.9656 1.3417 0.0066 -0.5959 -0.4287 0.6791
1311868183.6686 1.2904 -0.9714 1.3475 0.0026 -0.5968 -0.4270 0.6794
1311868183.7002 1.2803 -0.9746 1.3532 0.0011 -0.5973 -0.4246 0.6805
1311868183.7364 1.2703 -0.9783 1.3587 0.0013 -0.5964 -0.4246 0.6812
1311868183.7682 1.2610 -0.9815 1.3609 0.0027 -0.5952 -0.4252 0.6819
1311868183.8004 1.2548 -0.9813 1.3630 0.0038 -0.5943 -0.4263 0.6819
1311868183.8362 1.2456 -0.9830 1.3640 0.0029 -0.5939 -0.4278 0.6814
1311868183.8685 1.2377 -0.9849 1.3664 0.0015 -0.5943 -0.4283 0.6807
1311868183.9002 1.2279 -0.9874 1.3695 0.0005 -0.5944 -0.4294 0.6800
1311868183.9363 1.2161 -0.9911 1.3734 0.0003 -0.5942 -0.4305 0.6795
1311868183.9685 1.2012 -0.9991 1.3773 0.0025 -0.5941 -0.4315 0.6789
1311868184.0004 1.1901 -1.0048 1.3804 0.0086 -0.5937 -0.4314 0.6793
1311868184.0363 1.1781 -1.0107 1.3819 0.0136 -0.5927 -0.4293 0.6814
1311868184.0703 1.1698 -1.0139 1.3820 0.0172 -0.5921 -0.4252 0.6844
1311868184.1007 1.1617 -1.0157 1.3824 0.0187 -0.5925 -0.4217 0.6861
1311868184.1368 1.1524 -1.0195 1.3841 0.0191 -0.5937 -0.4194 0.6865
1311868184.1690 1.1430 -1.0240 1.3867 0.0201 -0.5954 -0.4167 0.6866
1311868184.2005 1.1364 -1.0268 1.3917 0.0218 -0.5969 -0.4141 0.6868
1311868184.2364 1.1282 -1.0313 1.3982 0.0219 -0.5970 -0.4124 0.6878
1311868184.2685 1.1205 -1.0345 1.4016 0.0231 -0.5956 -0.4111 0.6898
1311868184.3006 1.1153 -1.0347 1.4044 0.0246 -0.5941 -0.4114 0.6908
1311868184.3363 1.1080 -1.0356 1.4062 0.0255 -0.5933 -0.4132 0.6904
1311868184.3682 1.1003 -1.0375 1.4079 0.0260 -0.5939 -0.4146 0.6890
1311868184.4003 1.0930 -1.0401 1.4114 0.0254 -0.5952 -0.4150 0.6877
1311868184.4363 1.0835 -1.0451 1.4149 0.0244 -0.5968 -0.4145 0.6866
1311868184.4684 1.0734 -1.0501 1.4183 0.0250 -0.5984 -0.4136 0.6858
1311868184.5004 1.0658 -1.0535 1.4213 0.0272 -0.6005 -0.4117 0.6849
1311868184.5363 1.0605 -1.0551 1.4256 0.0290 -0.6028 -0.4099 0.6839
1311868184.5684 1.0542 -1.0573 1.4293 0.0290 -0.6051 -0.4088 0.6825
1311868184.6004 1.0462 -1.0592 1.4329 0.0277 -0.6082 -0.4086 0.6800
1311868184.6363 1.0385 -1.0623 1.4361 0.0262 -0.6123 -0.4089 0.6762
1311868184.6684 1.0288 -1.0679 1.4404 0.0252 -0.6170 -0.4100 0.6712
1311868184.7007 1.0201 -1.0737 1.4454 0.0265 -0.6222 -0.4113 0.6656
1311868184.7365 1.0112 -1.0805 1.4518 0.0288 -0.6269 -0.4134 0.6598
1311868184.7685 1.0009 -1.0898 1.4560 0.0313 -0.6305 -0.4147 0.6553
1311868184.8004 0.9923 -1.0983 1.4591 0.0351 -0.6343 -0.4152 0.6512
1311868184.8363 0.9847 -1.1066 1.4628 0.0383 -0.6383 -0.4153 0.6470
1311868184.8687 0.9773 -1.1145 1.4673 0.0401 -0.6422 -0.4152 0.6431
1311868184.9004 0.9707 -1.1217 1.4717 -0.0417 0.6457 0.4159 -0.6391
1311868184.9363 0.9626 -1.1300 1.4764 -0.0422 0.6484 0.4173 -0.6353
1311868184.9684 0.9547 -1.1367 1.4802 -0.0443 0.6507 0.4186 -0.6320
1311868185.0004 0.9494 -1.1414 1.4840 -0.0471 0.6526 0.4205 -0.6286
1311868185.0364 0.9413 -1.1465 1.4876 -0.0490 0.6539 0.4229 -0.6255
1311868185.0684 0.9348 -1.1503 1.4901 -0.0524 0.6555 0.4246 -0.6223
1311868185.1009 0.9310 -1.1523 1.4946 -0.0544 0.6574 0.4268 -0.6186
1311868185.1365 0.9230 -1.1570 1.4983 -0.0530 0.6589 0.4280 -0.6163
1311868185.1686 0.9152 -1.1603 1.5010 -0.0512 0.6610 0.4268 -0.6150
1311868185.2008 0.9079 -1.1635 1.5050 -0.0503 0.6635 0.4264 -0.6127
1311868185.2364 0.8988 -1.1692 1.5088 -0.0503 0.6656 0.4268 -0.6102
1311868185.2685 0.8904 -1.1739 1.5110 -0.0516 0.6673 0.4252 -0.6092
1311868185.3005 0.8816 -1.1774 1.5127 -0.0543 0.6693 0.4225 -0.6087
1311868185.3379 0.8774 -1.1790 1.5164 -0.0575 0.6715 0.4198 -0.6079
1311868185.3685 0.8708 -1.1814 1.5211 -0.0589 0.6728 0.4179 -0.6077
1311868185.4012 0.8639 -1.1845 1.5265 -0.0587 0.6734 0.4150 -0.6089
1311868185.4364 0.8573 -1.1866 1.5308 -0.0589 0.6730 0.4121 -0.6114
1311868185.4686 0.8513 -1.1883 1.5338 -0.0613 0.6716 0.4109 -0.6135
1311868185.5004 0.8428 -1.1908 1.5360 -0.0662 0.6703 0.4099 -0.6150
1311868185.5364 0.8404 -1.1919 1.5393 -0.0716 0.6691 0.4085 -0.6167
1311868185.5685 0.8344 -1.1926 1.5385 -0.0753 0.6678 0.4068 -0.6188
1311868185.6004 0.8282 -1.1942 1.5388 -0.0795 0.6685 0.4049 -0.6187
1311868185.6364 0.8251 -1.1964 1.5421 -0.0837 0.6697 0.4042 -0.6174
1311868185.6686 0.8197 -1.2023 1.5450 -0.0860 0.6705 0.4020 -0.6176
1311868185.7020 0.8153 -1.2050 1.5475 -0.0874 0.6709 0.3978 -0.6197
1311868185.7367 0.8099 -1.2069 1.5498 -0.0879 0.6714 0.3938 -0.6216
1311868185.7686 0.8038 -1.2092 1.5518 -0.0884 0.6722 0.3901 -0.6230
1311868185.8004 0.8024 -1.2094 1.5550 -0.0880 0.6736 0.3865 -0.6238
1311868185.8368 0.7991 -1.2090 1.5577 -0.0857 0.6749 0.3840 -0.6242
1311868185.8684 0.7965 -1.2078 1.5606 -0.0828 0.6766 0.3832 -0.6233
1311868185.9004 0.7898 -1.2080 1.5661 -0.0797 0.6784 0.3848 -0.6208
1311868185.9365 0.7834 -1.2106 1.5698 -0.0780 0.6797 0.3873 -0.6180
1311868185.9684 0.7789 -1.2116 1.5733 -0.0776 0.6810 0.3891 -0.6155
1311868186.0004 0.7742 -1.2135 1.5773 -0.0773 0.6826 0.3912 -0.6124
1311868186.0365 0.7701 -1.2150 1.5817 -0.0775 0.6843 0.3934 -0.6091
1311868186.0687 0.7664 -1.2162 1.5867 -0.0774 0.6859 0.3965 -0.6053
1311868186.1032 0.7617 -1.2187 1.5916 -0.0774 0.6876 0.3997 -0.6012
1311868186.1366 0.7586 -1.2206 1.5969 -0.0769 0.6897 0.4023 -0.5972
1311868186.1685 0.7564 -1.2218 1.6018 -0.0747 0.6921 0.4041 -0.5934
1311868186.2004 0.7532 -1.2216 1.6065 -0.0717 0.6948 0.4068 -0.5888
1311868186.2377 0.7487 -1.2233 1.6115 -0.0690 0.6979 0.4112 -0.5822
1311868186.2687 0.7454 -1.2255 1.6165 -0.0673 0.7017 0.4154 -0.5750
1311868186.3004 0.7424 -1.2281 1.6221 -0.0652 0.7054 0.4187 -0.5683
1311868186.3364 0.7410 -1.2287 1.6277 -0.0637 0.7092 0.4220 -0.5612
1311868186.3684 0.7395 -1.2298 1.6342 -0.0616 0.7128 0.4260 -0.5537
1311868186.4005 0.7367 -1.2328 1.6407 -0.0592 0.7159 0.4300 -0.5469
1311868186.4365 0.7345 -1.2345 1.6478 -0.0572 0.7179 0.4331 -0.5420
1311868186.4685 0.7332 -1.2371 1.6541 -0.0547 0.7192 0.4352 -0.5388
1311868186.5005 0.7336 -1.2380 1.6582 -0.0515 0.7202 0.4369 -0.5364
1311868186.5371 0.7348 -1.2381 1.6619 -0.0477 0.7218 0.4383 -0.5335
1311868186.5685 0.7356 -1.2387 1.6659 -0.0427 0.7234 0.4400 -0.5304
1311868186.6006 0.7344 -1.2410 1.6695 -0.0394 0.7248 0.4417 -0.5273
1311868186.6365 0.7358 -1.2436 1.6747 -0.0387 0.7259 0.4433 -0.5244
1311868186.6686 0.7373 -1.2458 1.6776 -0.0389 0.7261 0.4443 -0.5234
1311868186.7025 0.7417 -1.2464 1.6792 -0.0399 0.7262 0.4446 -0.5229
1311868186.7367 0.7479 -1.2463 1.6813 -0.0408 0.7263 0.4457 -0.5217
1311868186.7685 0.7546 -1.2472 1.6829 -0.0406 0.7266 0.4473 -0.5199
1311868186.8005 0.7613 -1.2479 1.6851 -0.0386 0.7274 0.4486 -0.5178
1311868186.8367 0.7671 -1.2481 1.6880 -0.0356 0.7280 0.4502 -0.5157
1311868186.8693 0.7716 -1.2499 1.6901 -0.0322 0.7282 0.4521 -0.5141
1311868186.9005 0.7768 -1.2521 1.6916 -0.0302 0.7283 0.4530 -0.5133
1311868186.9364 0.7821 -1.2535 1.6936 -0.0301 0.7280 0.4539 -0.5128
1311868186.9686 0.7872 -1.2561 1.6958 -0.0304 0.7276 0.4543 -0.5131
1311868187.0005 0.7930 -1.2578 1.6969 -0.0308 0.7270 0.4542 -0.5140
1311868187.0367 0.8001 -1.2595 1.6977 -0.0308 0.7263 0.4537 -0.5154
1311868187.0685 0.8085 -1.2605 1.7000 -0.0294 0.7255 0.4532 -0.5171
1311868187.1017 0.8149 -1.2628 1.7020 -0.0267 0.7243 0.4536 -0.5186
1311868187.1366 0.8217 -1.2654 1.7038 -0.0251 0.7229 0.4540 -0.5203
1311868187.1690 0.8297 -1.2674 1.7054 -0.0249 0.7217 0.4545 -0.5215
1311868187.2013 0.8403 -1.2681 1.7083 -0.0254 0.7199 0.4561 -0.5226
1311868187.2364 0.8499 -1.2689 1.7115 -0.0242 0.7173 0.4587 -0.5239
1311868187.2688 0.8597 -1.2688 1.7128 -0.0224 0.7143 0.4622 -0.5251
1311868187.3005 0.8690 -1.2683 1.7127 -0.0204 0.7117 0.4666 -0.5247
1311868187.3366 0.8741 -1.2707 1.7156 -0.0182 0.7100 0.4714 -0.5228
1311868187.3684 0.8766 -1.2760 1.7201 -0.0161 0.7083 0.4741 -0.5227
1311868187.4005 0.8822 -1.2802 1.7252 -0.0166 0.7057 0.4754 -0.5251
1311868187.4367 0.8869 -1.2846 1.7286 -0.0182 0.7025 0.4764 -0.5284
1311868187.4686 0.8952 -1.2875 1.7319 -0.0198 0.6997 0.4762 -0.5322
1311868187.5005 0.9020 -1.2894 1.7345 -0.0200 0.6972 0.4767 -0.5351
1311868187.5376 0.9079 -1.2928 1.7373 -0.0198 0.6958 0.4775 -0.5362
1311868187.5685 0.9121 -1.2963 1.7414 -0.0195 0.6951 0.4785 -0.5363
1311868187.6005 0.9154 -1.3005 1.7460 -0.0197 0.6942 0.4792 -0.5367
1311868187.6365 0.9200 -1.3035 1.7494 -0.0194 0.6934 0.4791 -0.5379
1311868187.6687 0.9240 -1.3061 1.7526 -0.0187 0.6929 0.4788 -0.5387
1311868187.7006 0.9281 -1.3072 1.7560 -0.0180 0.6930 0.4788 -0.5387
1311868187.7365 0.9321 -1.3097 1.7608 -0.0159 0.6934 0.4791 -0.5379
1311868187.7687 0.9329 -1.3134 1.7651 -0.0139 0.6936 0.4796 -0.5373
1311868187.8005 0.9360 -1.3160 1.7694 -0.0135 0.6940 0.4798 -0.5366
1311868187.8375 0.9377 -1.3189 1.7733 -0.0140 0.6946 0.4809 -0.5348
1311868187.8686 0.9396 -1.3222 1.7786 -0.0157 0.6959 0.4823 -0.5319
1311868187.9005 0.9423 -1.3267 1.7855 -0.0172 0.6974 0.4837 -0.5286
1311868187.9366 0.9439 -1.3309 1.7923 -0.0179 0.6987 0.4848 -0.5258
1311868187.9685 0.9456 -1.3351 1.7984 -0.0185 0.7005 0.4858 -0.5224
1311868188.0007 0.9491 -1.3391 1.8070 -0.0189 0.7031 0.4871 -0.5178
1311868188.0367 0.9503 -1.3444 1.8174 -0.0179 0.7052 0.4886 -0.5134
1311868188.0685 0.9516 -1.3493 1.8268 -0.0162 0.7068 0.4900 -0.5100
1311868188.1004 0.9541 -1.3538 1.8371 -0.0136 0.7087 0.4910 -0.5064
1311868188.1367 0.9553 -1.3581 1.8476 -0.0101 0.7103 0.4927 -0.5027
1311868188.1698 0.9570 -1.3626 1.8581 -0.0062 0.7116 0.4948 -0.4987
1311868188.2006 0.9562 -1.3665 1.8711 -0.0027 0.7126 0.4978 -0.4943
1311868188.2365 0.9554 -1.3706 1.8839 -0.0016 0.7129 0.5015 -0.4902
1311868188.2686 0.9562 -1.3724 1.8975 -0.0027 0.7124 0.5063 -0.4860
1311868188.3009 0.9577 -1.3741 1.9099 -0.0043 0.7110 0.5120 -0.4820
1311868188.3368 0.9594 -1.3746 1.9220 -0.0054 0.7088 0.5179 -0.4788
1311868188.3685 0.9603 -1.3743 1.9318 -0.0056 0.7062 0.5234 -0.4767
1311868188.4005 0.9613 -1.3748 1.9387 -0.0047 0.7038 0.5275 -0.4757
1311868188.4371 0.9640 -1.3746 1.9440 -0.0031 0.7021 0.5306 -0.4750
1311868188.4686 0.9667 -1.3750 1.9468 0.0011 0.7011 0.5328 -0.4740
1311868188.5025 0.9699 -1.3762 1.9494 0.0061 0.7018 0.5337 -0.4718
1311868188.5687 0.9793 -1.3823 1.9580 0.0154 0.7055 0.5342 -0.4654
1311868188.6014 0.9834 -1.3859 1.9630 0.0191 0.7066 0.5341 -0.4638
1311868188.6375 0.9898 -1.3887 1.9674 0.0213 0.7065 0.5345 -0.4633
1311868188.6687 0.9973 -1.3908 1.9708 0.0230 0.7058 0.5354 -0.4633
1311868188.7035 1.0048 -1.3930 1.9735 0.0248 0.7048 0.5369 -0.4630
1311868188.7366 1.0135 -1.3951 1.9774 0.0268 0.7039 0.5383 -0.4627
1311868188.7687 1.0205 -1.3975 1.9803 0.0295 0.7023 0.5400 -0.4629
1311868188.8007 1.0301 -1.3995 1.9839 0.0307 0.7008 0.5419 -0.4629
1311868188.8365 1.0390 -1.4015 1.9866 0.0319 0.6988 0.5443 -0.4629
1311868188.8685 1.0495 -1.4034 1.9877 0.0341 0.6968 0.5457 -0.4643
1311868188.9007 1.0631 -1.4046 1.9883 0.0371 0.6957 0.5463 -0.4650
1311868188.9365 1.0749 -1.4063 1.9909 0.0428 0.6949 0.5473 -0.4644
1311868189.0006 1.0964 -1.4107 1.9951 0.0594 0.6922 0.5490 -0.4646
1311868189.1366 1.1282 -1.4227 2.0087 0.0624 0.6847 0.5559 -0.4672
1311868189.2383 1.1667 -1.4329 2.0136 0.0591 0.6763 0.5620 -0.4726
1311868189.4005 1.2083 -1.4510 2.0229 0.0616 0.6646 0.5738 -0.4746
1311868189.6367 1.2540 -1.4742 2.0380 0.0656 0.6553 0.5825 -0.4764
1311868189.9367 1.2819 -1.5159 2.0924 0.0702 0.6464 0.5834 -0.4867
1311868190.2686 1.2974 -1.5850 2.1615 0.0675 0.6449 0.5815 -0.4913
1311868190.6044 1.3098 -1.6426 2.2218 0.0637 0.6411 0.5780 -0.5009
1311868191.6369 1.3061 -1.7106 2.2895 0.0573 0.6433 0.5765 -0.5005
1311868192.3425 1.2241 -1.7077 2.2854 0.0558 0.6316 0.5752 -0.5167
1311868192.6703 1.1636 -1.6918 2.2518 0.0476 0.6373 0.5698 -0.5166
1311868192.9703 1.1229 -1.6770 2.2250 0.0435 0.6478 0.5641 -0.5101
1311868193.2705 1.0938 -1.6800 2.2068 0.0520 0.6636 0.5679 -0.4841
1311868193.5412 1.0536 -1.6934 2.1979 0.0437 0.6767 0.5783 -0.4535
1311868193.7383 1.0341 -1.7093 2.1872 0.0277 0.6882 0.5768 -0.4392
1311868193.8732 1.0200 -1.7182 2.1848 0.0185 0.6947 0.5711 -0.4369
1311868193.9728 1.0162 -1.7233 2.1799 0.0157 0.6986 0.5657 -0.4378
1311868194.0092 1.0143 -1.7252 2.1791 0.0159 0.6998 0.5652 -0.4366
1311868194.0382 1.0136 -1.7271 2.1786 0.0164 0.7005 0.5647 -0.4361
1311868194.0714 1.0118 -1.7286 2.1781 0.0168 0.7009 0.5648 -0.4352
1311868194.1087 1.0112 -1.7306 2.1790 0.0168 0.7012 0.5651 -0.4345
1311868257.9490 -0.4574 0.1923 -0.1321 -0.0620 0.0675 0.1165 0.9890
