1305031453.3917 0.0000 0.0000 0.0000 0.0000 0.0000 0.0000 1.0000
1305031453.5237 0.0130 0.0195 -0.0400 0.0173 0.0212 0.0367 0.9990
1305031453.6277 0.0147 0.0382 -0.0833 0.0386 0.0260 0.0514 0.9976
1305031453.7277 0.0031 0.0652 -0.1303 0.0578 0.0106 0.0408 0.9974
1305031453.8278 -0.0195 0.0880 -0.1694 0.0694 -0.0145 0.0188 0.9973
1305031453.9277 -0.0547 0.1106 -0.2028 0.0688 -0.0599 0.0002 0.9958
1305031453.9596 -0.0615 0.1156 -0.2095 0.0664 -0.0766 -0.0087 0.9948
1305031453.9916 -0.0728 0.1165 -0.2073 0.0650 -0.0881 -0.0202 0.9938
1305031454.0277 -0.0817 0.1185 -0.2130 0.0670 -0.1006 -0.0301 0.9922
1305031454.0597 -0.0868 0.1229 -0.2183 0.0682 -0.1134 -0.0417 0.9903
1305031454.0917 -0.0967 0.1239 -0.2148 0.0691 -0.1254 -0.0552 0.9882
1305031454.1277 -0.0831 0.1158 -0.1909 0.0715 -0.1442 -0.0646 0.9849
1305031454.1597 -0.0832 0.1180 -0.1904 0.0720 -0.1622 -0.0764 0.9812
1305031454.1917 -0.0623 0.1036 -0.1616 0.0676 -0.1874 -0.0874 0.9760
1305031454.2277 -0.0759 0.1010 -0.1562 0.0705 -0.2043 -0.1062 0.9706
1305031454.2596 -0.0734 0.1014 -0.1552 0.0764 -0.2205 -0.1213 0.9648
1305031454.2916 -0.0787 0.1069 -0.1561 0.0762 -0.2288 -0.1329 0.9614
1305031454.3277 -0.0915 0.1051 -0.1604 0.0769 -0.2369 -0.1485 0.9570
1305031454.3596 -0.0939 0.1077 -0.1614 0.0842 -0.2490 -0.1624 0.9511
1305031454.3917 -0.1004 0.1134 -0.1653 0.0867 -0.2562 -0.1744 0.9468
1305031454.4275 -0.1064 0.1148 -0.1712 0.0880 -0.2676 -0.1889 0.9407
1305031454.4599 -0.1052 0.1155 -0.1680 0.0914 -0.2800 -0.2047 0.9335
1305031454.4916 -0.1089 0.1191 -0.1714 0.0938 -0.2847 -0.2207 0.9281
1305031454.5277 -0.1100 0.1247 -0.1747 0.0947 -0.2910 -0.2370 0.9221
1305031454.5596 -0.1121 0.1286 -0.1795 0.0918 -0.2964 -0.2499 0.9172
1305031454.5916 -0.1190 0.1321 -0.1848 0.0891 -0.3050 -0.2675 0.9097
1305031454.6276 -0.1215 0.1356 -0.1844 0.0876 -0.3182 -0.2812 0.9011
1305031454.6595 -0.1192 0.1433 -0.1873 0.0830 -0.3302 -0.2888 0.8948
1305031454.6919 -0.1210 0.1447 -0.1880 0.0748 -0.3435 -0.2968 0.8878
1305031454.7277 -0.1189 0.1466 -0.1811 0.0700 -0.3579 -0.3016 0.8809
1305031454.7597 -0.1131 0.1470 -0.1786 0.0628 -0.3652 -0.2992 0.8793
1305031454.7916 -0.1082 0.1529 -0.1766 0.0572 -0.3688 -0.2920 0.8806
1305031454.8276 -0.0997 0.1608 -0.1744 0.0526 -0.3710 -0.2857 0.8821
1305031454.8596 -0.0960 0.1670 -0.1709 0.0463 -0.3689 -0.2792 0.8853
1305031454.8918 -0.0922 0.1735 -0.1704 0.0415 -0.3644 -0.2723 0.8896
1305031454.9276 -0.0903 0.1820 -0.1719 0.0372 -0.3586 -0.2667 0.8938
1305031454.9596 -0.0911 0.1905 -0.1765 0.0335 -0.3525 -0.2613 0.8980
1305031454.9919 -0.0944 0.1983 -0.1826 0.0301 -0.3485 -0.2561 0.9011
1305031455.0278 -0.0940 0.2100 -0.1863 0.0300 -0.3477 -0.2531 0.9023
1305031455.0596 -0.0974 0.2163 -0.1885 0.0278 -0.3450 -0.2515 0.9039
1305031455.0917 -0.1017 0.2240 -0.1941 0.0299 -0.3412 -0.2511 0.9053
1305031455.1277 -0.1054 0.2358 -0.2001 0.0316 -0.3364 -0.2493 0.9076
1305031455.1597 -0.1137 0.2459 -0.2080 0.0303 -0.3309 -0.2451 0.9108
1305031455.1917 -0.1224 0.2538 -0.2123 0.0260 -0.3272 -0.2398 0.9137
1305031455.2276 -0.1311 0.2601 -0.2182 0.0247 -0.3238 -0.2347 0.9162
1305031455.2596 -0.1362 0.2736 -0.2253 0.0230 -0.3188 -0.2287 0.9195
1305031455.2918 -0.1493 0.2776 -0.2315 0.0129 -0.3122 -0.2202 0.9241
1305031455.3278 -0.1600 0.2881 -0.2417 0.0073 -0.3082 -0.2104 0.9277
1305031455.3596 -0.1650 0.2976 -0.2442 -0.0008 -0.3071 -0.2047 0.9294
1305031455.3917 -0.1754 0.2983 -0.2475 -0.0129 -0.3002 -0.1977 0.9331
1305031455.4276 -0.1895 0.3032 -0.2569 -0.0208 -0.2919 -0.1886 0.9375
1305031455.4596 -0.2026 0.3038 -0.2655 -0.0271 -0.2876 -0.1807 0.9402
1305031455.4916 -0.2136 0.3092 -0.2752 -0.0319 -0.2833 -0.1702 0.9433
1305031455.5276 -0.2304 0.3071 -0.2861 -0.0391 -0.2785 -0.1582 0.9465
1305031455.5597 -0.2456 0.3079 -0.2998 -0.0429 -0.2780 -0.1453 0.9486
1305031455.5916 -0.2560 0.3133 -0.3131 -0.0459 -0.2786 -0.1311 0.9503
1305031455.6276 -0.2707 0.3091 -0.3177 -0.0530 -0.2777 -0.1195 0.9517
1305031455.6596 -0.2850 0.3061 -0.3296 -0.0513 -0.2755 -0.1138 0.9532
1305031455.6916 -0.2977 0.3073 -0.3433 -0.0472 -0.2737 -0.1141 0.9538
1305031455.7276 -0.3096 0.3053 -0.3553 -0.0447 -0.2708 -0.1188 0.9542
1305031455.7597 -0.3222 0.3029 -0.3692 -0.0433 -0.2652 -0.1219 0.9555
1305031455.7917 -0.3364 0.2955 -0.3829 -0.0424 -0.2596 -0.1212 0.9571
1305031455.8276 -0.3478 0.2938 -0.4000 -0.0395 -0.2561 -0.1203 0.9583
1305031455.8595 -0.3583 0.2887 -0.4131 -0.0395 -0.2544 -0.1220 0.9586
1305031455.8917 -0.3665 0.2858 -0.4261 -0.0389 -0.2520 -0.1220 0.9592
1305031455.9280 -0.3762 0.2810 -0.4369 -0.0396 -0.2486 -0.1232 0.9599
1305031455.9597 -0.3832 0.2803 -0.4497 -0.0383 -0.2452 -0.1251 0.9606
1305031455.9917 -0.3908 0.2786 -0.4588 -0.0395 -0.2409 -0.1273 0.9614
1305031456.0278 -0.3979 0.2825 -0.4721 -0.0421 -0.2341 -0.1318 0.9623
1305031456.0597 -0.4106 0.2758 -0.4785 -0.0510 -0.2281 -0.1407 0.9621
1305031456.0917 -0.4228 0.2682 -0.4828 -0.0562 -0.2236 -0.1465 0.9620
1305031456.1276 -0.4323 0.2644 -0.4889 -0.0568 -0.2193 -0.1482 0.9627
1305031456.1597 -0.4426 0.2568 -0.4893 -0.0577 -0.2141 -0.1493 0.9636
1305031456.1917 -0.4521 0.2498 -0.4941 -0.0529 -0.2062 -0.1467 0.9660
1305031456.2277 -0.4574 0.2546 -0.5006 -0.0480 -0.1967 -0.1425 0.9689
1305031456.2917 -0.4836 0.2402 -0.5008 -0.0480 -0.1737 -0.1363 0.9741
1305031456.3277 -0.4949 0.2352 -0.4997 -0.0443 -0.1634 -0.1295 0.9770
1305031456.3916 -0.5177 0.2309 -0.4951 -0.0397 -0.1391 -0.1204 0.9821
1305031456.4277 -0.5359 0.2354 -0.4960 -0.0321 -0.1266 -0.1127 0.9850
1305031456.4917 -0.5732 0.2524 -0.4939 -0.0353 -0.1162 -0.1016 0.9874
1305031456.5276 -0.5871 0.2533 -0.4857 -0.0418 -0.1174 -0.0967 0.9875
1305031456.5917 -0.6088 0.2595 -0.4720 -0.0440 -0.1129 -0.0846 0.9890
1305031456.6276 -0.6212 0.2714 -0.4660 -0.0546 -0.1063 -0.0798 0.9896
1305031456.6916 -0.6580 0.2582 -0.4449 -0.0697 -0.0946 -0.0659 0.9909
1305031456.8276 -0.7177 0.2811 -0.4192 -0.0776 -0.1033 -0.0343 0.9910
1305031457.0917 -0.8159 0.3010 -0.3817 -0.1081 -0.0651 0.0004 0.9920
1305031457.2275 -0.8641 0.2931 -0.3996 -0.1151 -0.0359 0.0221 0.9925
1305031457.3275 -0.8996 0.2852 -0.4287 -0.1041 -0.0100 0.0402 0.9937
1305031457.3917 -0.9296 0.2711 -0.4481 -0.1015 0.0147 0.0527 0.9933
1305031457.4917 -0.9741 0.2534 -0.4824 -0.0997 0.0301 0.0680 0.9922
1305031457.5597 -0.9984 0.2412 -0.5060 -0.0928 0.0392 0.0754 0.9920
1305031457.6275 -1.0275 0.2286 -0.5245 -0.0905 0.0472 0.0816 0.9914
1305031457.6916 -1.0562 0.2250 -0.5454 -0.0910 0.0507 0.0881 0.9906
1305031457.7596 -1.0783 0.1950 -0.5556 -0.0930 0.0537 0.0854 0.9905
1305031457.7916 -1.0868 0.1783 -0.5601 -0.0873 0.0580 0.0848 0.9909
1305031457.8277 -1.0982 0.1811 -0.5726 -0.0750 0.0653 0.0865 0.9913
1305031457.8916 -1.1280 0.1500 -0.5794 -0.0683 0.0827 0.0864 0.9905
1305031457.9276 -1.1481 0.1479 -0.5862 -0.0544 0.0886 0.0911 0.9904
1305031457.9916 -1.1723 0.1333 -0.5900 -0.0434 0.0904 0.0968 0.9902
1305031458.0278 -1.1824 0.1217 -0.5888 -0.0354 0.0938 0.0984 0.9901
1305031458.0597 -1.1986 0.1299 -0.5917 -0.0243 0.0992 0.1017 0.9896
1305031458.0917 -1.2150 0.1303 -0.5874 -0.0236 0.1046 0.1033 0.9889
1305031458.1276 -1.2300 0.1218 -0.5791 -0.0256 0.1089 0.1035 0.9883
1305031458.1596 -1.2470 0.1130 -0.5716 -0.0246 0.1120 0.1059 0.9877
1305031458.1916 -1.2638 0.1174 -0.5656 -0.0232 0.1120 0.1106 0.9873
1305031458.2276 -1.2769 0.1116 -0.5541 -0.0309 0.1092 0.1117 0.9872
1305031458.2599 -1.2913 0.0809 -0.5328 -0.0384 0.1074 0.1083 0.9875
1305031458.2917 -1.3098 0.0796 -0.5272 -0.0287 0.1036 0.1089 0.9882
1305031458.3276 -1.3200 0.0743 -0.5136 -0.0277 0.0969 0.1118 0.9886
1305031458.3596 -1.3279 0.0578 -0.4932 -0.0228 0.0916 0.1133 0.9891
1305031458.3916 -1.3400 0.0616 -0.4832 -0.0094 0.0888 0.1180 0.9890
1305031458.4276 -1.3444 0.0599 -0.4676 -0.0024 0.0876 0.1272 0.9880
1305031458.4596 -1.3400 0.0524 -0.4475 0.0075 0.0897 0.1345 0.9868
1305031458.4917 -1.3410 0.0480 -0.4310 0.0278 0.0984 0.1349 0.9856
1305031458.5277 -1.3562 0.0713 -0.4177 0.0517 0.1094 0.1349 0.9834
1305031458.5596 -1.3650 0.0767 -0.3990 0.0600 0.1188 0.1328 0.9822
1305031458.5916 -1.3795 0.0785 -0.3803 0.0698 0.1263 0.1270 0.9814
1305031458.6277 -1.3949 0.1022 -0.3662 0.0766 0.1276 0.1236 0.9811
1305031458.6596 -1.4052 0.1013 -0.3473 0.0693 0.1241 0.1243 0.9820
1305031458.6917 -1.4059 0.1031 -0.3263 0.0636 0.1069 0.1186 0.9851
1305031458.7276 -1.3924 0.0932 -0.3034 0.0589 0.0874 0.1114 0.9882
1305031458.7599 -1.3987 0.0957 -0.2921 0.0649 0.0720 0.1020 0.9901
1305031458.7916 -1.3956 0.1064 -0.2813 0.0653 0.0537 0.0941 0.9920
1305031458.8276 -1.3912 0.1037 -0.2644 0.0582 0.0435 0.0921 0.9931
1305031458.8917 -1.3881 0.1001 -0.2413 0.0657 0.0386 0.0821 0.9937
1305031458.9276 -1.3980 0.1059 -0.2368 0.0648 0.0458 0.0877 0.9930
1305031458.9596 -1.4043 0.0977 -0.2293 0.0554 0.0517 0.0999 0.9921
1305031458.9916 -1.4131 0.0687 -0.2246 0.0511 0.0557 0.1054 0.9915
1305031459.0277 -1.4364 0.0631 -0.2208 0.0614 0.0563 0.1053 0.9909
1305031459.0596 -1.4598 0.0505 -0.2142 0.0676 0.0518 0.1154 0.9897
1305031459.1276 -1.4707 0.0755 -0.2611 0.0780 0.0431 0.0987 0.9911
1305031459.1596 -1.4797 0.0749 -0.2530 0.0865 0.0167 0.1016 0.9909
1305031459.1917 -1.4878 0.0765 -0.2454 0.0917 -0.0030 0.1090 0.9898
1305031459.2276 -1.4932 0.0783 -0.2350 0.0933 -0.0169 0.1209 0.9881
1305031459.2598 -1.4925 0.0891 -0.2147 0.0946 -0.0219 0.1304 0.9867
1305031459.3276 -1.5015 0.0963 -0.1922 0.0896 0.0084 0.1594 0.9831
1305031459.3597 -1.5125 0.1055 -0.1850 0.0938 0.0330 0.1786 0.9789
1305031459.3917 -1.5284 0.1266 -0.1766 0.0928 0.0611 0.2037 0.9727
1305031459.4276 -1.5275 0.1325 -0.1659 0.0796 0.0937 0.2386 0.9633
1305031459.4597 -1.5469 0.1301 -0.1660 0.0756 0.1323 0.2752 0.9492
1305031459.5276 -1.5762 0.1523 -0.1548 0.0598 0.1758 0.3345 0.9239
1305031459.5596 -1.5942 0.1415 -0.1561 0.0517 0.1935 0.3588 0.9117
1305031459.5917 -1.6145 0.1401 -0.1552 0.0492 0.2019 0.3759 0.9031
1305031459.6276 -1.6236 0.1358 -0.1525 0.0445 0.2033 0.3862 0.8986
1305031459.6596 -1.6376 0.1373 -0.1495 0.0450 0.2105 0.3863 0.8969
1305031459.6916 -1.6544 0.1309 -0.1462 0.0384 0.2228 0.3910 0.8922
1305031459.7276 -1.6663 0.1147 -0.1446 0.0308 0.2311 0.3945 0.8888
1305031459.7917 -1.7026 0.0842 -0.1386 0.0301 0.2439 0.3878 0.8884
1305031459.8277 -1.7190 0.0725 -0.1345 0.0293 0.2448 0.3854 0.8892
1305031459.8597 -1.7360 0.0599 -0.1288 0.0253 0.2445 0.3843 0.8899
1305031459.8916 -1.7450 0.0448 -0.1227 0.0198 0.2400 0.3877 0.8898
1305031459.9276 -1.7531 0.0307 -0.1170 0.0186 0.2371 0.3913 0.8890
1305031459.9917 -1.7731 0.0057 -0.1051 0.0135 0.2348 0.3986 0.8864
1305031460.0276 -1.7784 -0.0091 -0.0989 0.0118 0.2346 0.4017 0.8851
1305031460.0597 -1.7896 -0.0246 -0.0928 0.0118 0.2362 0.4033 0.8840
1305031460.0917 -1.8003 -0.0427 -0.0862 0.0128 0.2333 0.4102 0.8815
1305031460.1277 -1.8033 -0.0567 -0.0790 0.0177 0.2244 0.4200 0.8792
1305031460.1597 -1.8113 -0.0651 -0.0727 0.0247 0.2173 0.4274 0.8772
1305031460.1916 -1.8123 -0.0719 -0.0629 0.0249 0.2100 0.4347 0.8754
1305031460.2278 -1.8038 -0.0791 -0.0524 0.0249 0.2081 0.4382 0.8741
1305031460.2917 -1.8056 -0.0999 -0.0416 0.0259 0.2244 0.4376 0.8703
1305031460.3275 -1.8069 -0.1126 -0.0376 0.0258 0.2329 0.4396 0.8671
1305031460.3916 -1.8070 -0.1304 -0.0240 0.0205 0.2521 0.4451 0.8590
1305031460.4275 -1.8077 -0.1413 -0.0182 0.0188 0.2631 0.4490 0.8537
1305031460.4596 -1.8080 -0.1471 -0.0129 0.0168 0.2758 0.4521 0.8481
1305031460.4915 -1.8141 -0.1562 -0.0078 0.0104 0.2909 0.4572 0.8404
1305031460.5276 -1.8124 -0.1679 -0.0037 0.0025 0.3011 0.4668 0.8315
1305031460.5596 -1.8092 -0.1780 0.0012 -0.0042 0.3098 0.4703 0.8264
1305031460.5919 -1.8120 -0.1895 0.0055 -0.0085 0.3191 0.4707 0.8225
1305031460.6276 -1.8102 -0.2007 0.0104 -0.0122 0.3269 0.4728 0.8182
1305031460.6598 -1.8148 -0.2140 0.0155 -0.0149 0.3355 0.4717 0.8153
1305031460.6917 -1.8205 -0.2260 0.0221 -0.0184 0.3407 0.4726 0.8125
1305031460.7277 -1.8187 -0.2342 0.0296 -0.0235 0.3423 0.4728 0.8116
1305031460.7597 -1.8180 -0.2452 0.0372 -0.0272 0.3474 0.4708 0.8105
1305031460.7917 -1.8221 -0.2566 0.0443 -0.0303 0.3517 0.4699 0.8091
1305031460.8277 -1.8230 -0.2633 0.0540 -0.0345 0.3532 0.4669 0.8100
1305031460.8597 -1.8215 -0.2701 0.0621 -0.0407 0.3562 0.4644 0.8098
1305031460.8918 -1.8205 -0.2819 0.0717 -0.0485 0.3610 0.4617 0.8088
1305031460.9276 -1.8204 -0.2944 0.0831 -0.0547 0.3637 0.4611 0.8076
1305031460.9917 -1.8056 -0.3144 0.1001 -0.0584 0.3670 0.4633 0.8045
1305031461.0276 -1.8024 -0.3236 0.1099 -0.0570 0.3697 0.4635 0.8033
1305031461.0917 -1.8009 -0.3355 0.1271 -0.0538 0.3689 0.4624 0.8045
1305031461.1276 -1.7915 -0.3434 0.1338 -0.0559 0.3681 0.4610 0.8055
1305031461.1597 -1.7848 -0.3533 0.1420 -0.0546 0.3695 0.4591 0.8060
1305031461.1920 -1.7833 -0.3552 0.1485 -0.0507 0.3700 0.4547 0.8086
1305031461.2276 -1.7803 -0.3609 0.1555 -0.0505 0.3715 0.4523 0.8092
1305031461.2596 -1.7739 -0.3671 0.1626 -0.0495 0.3714 0.4492 0.8111
1305031461.2917 -1.7709 -0.3681 0.1695 -0.0466 0.3719 0.4432 0.8143
1305031461.3278 -1.7656 -0.3663 0.1742 -0.0446 0.3734 0.4389 0.8160
1305031461.3597 -1.7685 -0.3637 0.1818 -0.0473 0.3777 0.4343 0.8164
1305031461.3917 -1.7575 -0.3720 0.1916 -0.0564 0.3774 0.4356 0.8153
1305031461.4276 -1.7504 -0.3753 0.1950 -0.0574 0.3777 0.4341 0.8159
1305031461.4598 -1.7505 -0.3703 0.1993 -0.0593 0.3778 0.4350 0.8152
1305031461.4917 -1.7334 -0.3805 0.2013 -0.0657 0.3763 0.4374 0.8141
1305031461.5277 -1.7334 -0.3777 0.2007 -0.0593 0.3783 0.4349 0.8150
1305031461.5597 -1.7263 -0.3708 0.1954 -0.0595 0.3781 0.4315 0.8169
1305031461.5917 -1.7242 -0.3677 0.1926 -0.0591 0.3856 0.4276 0.8154
1305031461.6275 -1.7222 -0.3626 0.1907 -0.0612 0.3909 0.4268 0.8132
1305031461.6596 -1.7196 -0.3594 0.1895 -0.0635 0.3957 0.4264 0.8109
1305031461.6916 -1.7205 -0.3535 0.1873 -0.0641 0.3987 0.4314 0.8068
1305031461.7276 -1.7127 -0.3488 0.1838 -0.0672 0.3982 0.4372 0.8036
1305031461.7597 -1.7128 -0.3408 0.1770 -0.0670 0.3996 0.4399 0.8014
1305031461.7916 -1.7102 -0.3311 0.1714 -0.0708 0.4010 0.4440 0.7982
1305031461.8276 -1.7071 -0.3227 0.1663 -0.0727 0.4050 0.4482 0.7936
1305031461.8598 -1.7127 -0.3093 0.1621 -0.0721 0.4100 0.4535 0.7880
1305031461.8917 -1.7179 -0.2987 0.1600 -0.0758 0.4126 0.4635 0.7805
1305031461.9278 -1.7136 -0.2890 0.1548 -0.0827 0.4094 0.4738 0.7753
1305031461.9597 -1.7109 -0.2734 0.1449 -0.0865 0.4113 0.4763 0.7724
1305031461.9916 -1.7251 -0.2640 0.1466 -0.0929 0.4212 0.4806 0.7635
1305031462.0277 -1.7259 -0.2640 0.1516 -0.1051 0.4222 0.4913 0.7545
1305031462.0598 -1.7287 -0.2601 0.1532 -0.1093 0.4188 0.5034 0.7478
1305031462.0918 -1.7294 -0.2510 0.1491 -0.1109 0.4124 0.5150 0.7433
1305031462.1277 -1.7325 -0.2403 0.1453 -0.1127 0.4087 0.5236 0.7390
1305031462.1596 -1.7340 -0.2351 0.1435 -0.1172 0.4064 0.5295 0.7353
1305031462.1916 -1.7405 -0.2259 0.1412 -0.1198 0.4056 0.5288 0.7359
1305031462.2276 -1.7481 -0.2190 0.1403 -0.1254 0.4061 0.5291 0.7345
1305031462.2598 -1.7545 -0.2139 0.1407 -0.1321 0.4047 0.5277 0.7351
1305031462.2916 -1.7622 -0.2066 0.1412 -0.1379 0.4017 0.5241 0.7382
1305031462.3597 -1.7803 -0.1923 0.1434 -0.1518 0.3984 0.5131 0.7449
1305031462.4599 -1.8073 -0.2037 0.2124 -0.1936 0.4103 0.4903 0.7442
1305031462.5919 -1.8255 -0.1844 0.1978 -0.2211 0.3734 0.4726 0.7671
1305031462.7277 -1.8496 -0.1819 0.1758 -0.2299 0.3582 0.4405 0.7904
1305031462.7919 -1.8589 -0.1794 0.1609 -0.2346 0.3459 0.4280 0.8013
1305031462.8278 -1.8643 -0.1831 0.1514 -0.2395 0.3414 0.4245 0.8037
1305031462.9276 -1.8645 -0.1764 0.1283 -0.2478 0.3337 0.4109 0.8114
1305031462.9955 -1.8671 -0.1581 0.0987 -0.2384 0.3258 0.4064 0.8197
1305031463.0598 -1.8681 -0.1677 0.0660 -0.2359 0.3181 0.3945 0.8292
1305031463.1275 -1.8710 -0.1442 0.0386 -0.2257 0.3100 0.3811 0.8413
1305031463.1598 -1.8726 -0.1467 0.0209 -0.2233 0.3085 0.3713 0.8468
1305031463.2600 -1.8740 -0.1305 -0.0128 -0.2171 0.3057 0.3574 0.8554
1305031463.3598 -1.8604 -0.1226 -0.0529 -0.2115 0.2962 0.3495 0.8634
1305031463.4598 -1.8339 -0.1182 -0.0868 -0.2152 0.2875 0.3454 0.8670
1305031463.5277 -1.8091 -0.0928 -0.1090 -0.2120 0.2911 0.3397 0.8689
1305031463.6276 -1.7750 -0.0792 -0.1476 -0.2078 0.2884 0.3388 0.8711
1305031463.6956 -1.7580 -0.0706 -0.1800 -0.1951 0.2901 0.3315 0.8763
1305031463.7597 -1.7161 -0.0770 -0.2145 -0.1946 0.2864 0.3245 0.8802
1305031463.8278 -1.6888 -0.0807 -0.2495 -0.1913 0.2852 0.3041 0.8886
1305031463.8599 -1.6702 -0.0896 -0.2657 -0.1917 0.2846 0.2950 0.8918
1305031463.8956 -1.6595 -0.0924 -0.2835 -0.1877 0.2850 0.2857 0.8955
1305031463.9597 -1.6319 -0.1079 -0.3134 -0.1868 0.2767 0.2760 0.9013
1305031463.9958 -1.6191 -0.1151 -0.3304 -0.1830 0.2725 0.2699 0.9052
1305031464.0277 -1.6088 -0.1201 -0.3480 -0.1813 0.2681 0.2625 0.9090
1305031464.0597 -1.5923 -0.1311 -0.3623 -0.1825 0.2651 0.2542 0.9120
1305031464.0956 -1.5846 -0.1394 -0.3765 -0.1788 0.2661 0.2447 0.9151
1305031464.1277 -1.5818 -0.1477 -0.3883 -0.1759 0.2659 0.2395 0.9170
1305031464.1598 -1.5748 -0.1607 -0.3963 -0.1720 0.2629 0.2382 0.9190
1305031464.1956 -1.5694 -0.1715 -0.4063 -0.1622 0.2569 0.2351 0.9232
1305031464.2276 -1.5709 -0.1733 -0.4187 -0.1498 0.2488 0.2318 0.9284
1305031464.2596 -1.5709 -0.1753 -0.4313 -0.1416 0.2359 0.2318 0.9330
1305031464.2957 -1.5608 -0.1753 -0.4444 -0.1367 0.2177 0.2296 0.9387
1305031464.3279 -1.5443 -0.1760 -0.4583 -0.1334 0.2015 0.2260 0.9437
1305031464.3597 -1.5281 -0.1828 -0.4697 -0.1299 0.1906 0.2222 0.9473
1305031464.3956 -1.5096 -0.1812 -0.4876 -0.1239 0.1819 0.2153 0.9514
1305031464.4276 -1.4977 -0.1818 -0.5014 -0.1223 0.1796 0.2057 0.9542
1305031464.4597 -1.4886 -0.1895 -0.5127 -0.1208 0.1769 0.1973 0.9566
1305031464.4956 -1.4714 -0.1904 -0.5296 -0.1182 0.1723 0.1917 0.9590
1305031464.5276 -1.4632 -0.1920 -0.5466 -0.1164 0.1716 0.1835 0.9609
1305031464.5597 -1.4451 -0.1978 -0.5624 -0.1194 0.1665 0.1728 0.9634
1305031464.5957 -1.4161 -0.2197 -0.5781 -0.1211 0.1666 0.1627 0.9649
1305031464.6277 -1.4001 -0.2282 -0.5955 -0.1128 0.1764 0.1525 0.9659
1305031464.6597 -1.3873 -0.2347 -0.6078 -0.1047 0.1866 0.1379 0.9670
1305031464.6957 -1.3742 -0.2562 -0.6114 -0.0968 0.1961 0.1197 0.9684
1305031464.7277 -1.3758 -0.2608 -0.6179 -0.0796 0.2030 0.1016 0.9706
1305031464.7597 -1.3719 -0.2536 -0.6295 -0.0658 0.2003 0.0833 0.9740
1305031464.7960 -1.3701 -0.2621 -0.6242 -0.0602 0.1950 0.0655 0.9768
1305031464.8278 -1.3698 -0.2632 -0.6197 -0.0491 0.1832 0.0523 0.9805
1305031464.8597 -1.3598 -0.2509 -0.6245 -0.0400 0.1641 0.0392 0.9848
1305031464.8958 -1.3415 -0.2460 -0.6271 -0.0407 0.1436 0.0217 0.9886
1305031464.9278 -1.3192 -0.2650 -0.6207 -0.0467 0.1270 0.0024 0.9908
1305031464.9598 -1.2956 -0.2765 -0.6124 -0.0453 0.1174 -0.0149 0.9919
1305031464.9957 -1.2767 -0.2725 -0.6072 -0.0389 0.1125 -0.0329 0.9923
1305031465.0278 -1.2688 -0.2689 -0.5933 -0.0354 0.1106 -0.0545 0.9917
1305031465.0597 -1.2713 -0.2453 -0.5772 -0.0263 0.1054 -0.0729 0.9914
1305031465.0957 -1.2563 -0.1982 -0.5727 -0.0236 0.0909 -0.0861 0.9918
1305031465.1277 -1.2388 -0.1829 -0.5588 -0.0402 0.0752 -0.0991 0.9914
1305031465.1598 -1.2273 -0.1771 -0.5389 -0.0578 0.0626 -0.1068 0.9906
1305031465.1956 -1.2111 -0.1688 -0.5209 -0.0704 0.0504 -0.1127 0.9899
1305031465.2279 -1.1941 -0.1499 -0.5078 -0.0802 0.0402 -0.1166 0.9891
1305031465.2598 -1.1841 -0.1455 -0.4875 -0.0934 0.0319 -0.1169 0.9882
1305031465.3277 -1.1590 -0.1104 -0.4653 -0.1027 0.0135 -0.0929 0.9903
1305031465.3956 -1.1250 -0.0984 -0.4474 -0.1078 -0.0170 -0.0671 0.9918
1305031465.4277 -1.0983 -0.0881 -0.4466 -0.1049 -0.0308 -0.0542 0.9925
1305031465.4601 -1.0772 -0.0713 -0.4497 -0.1008 -0.0406 -0.0394 0.9933
1305031465.4957 -1.0535 -0.0535 -0.4535 -0.1013 -0.0509 -0.0285 0.9931
1305031465.5276 -1.0332 -0.0537 -0.4497 -0.1054 -0.0603 -0.0239 0.9923
1305031465.5598 -1.0105 -0.0443 -0.4537 -0.0995 -0.0685 -0.0168 0.9925
1305031465.5956 -0.9857 -0.0287 -0.4605 -0.0934 -0.0731 -0.0072 0.9929
1305031465.6277 -0.9716 -0.0144 -0.4687 -0.0885 -0.0751 0.0022 0.9932
1305031465.6601 -0.9534 -0.0014 -0.4740 -0.0842 -0.0836 0.0117 0.9929
1305031465.6957 -0.9236 0.0131 -0.4783 -0.0784 -0.0925 0.0201 0.9924
1305031465.7277 -0.9026 0.0290 -0.4851 -0.0712 -0.0949 0.0299 0.9925
1305031465.7598 -0.8811 0.0488 -0.4928 -0.0634 -0.0987 0.0394 0.9923
1305031465.7959 -0.8569 0.0662 -0.4965 -0.0581 -0.1021 0.0463 0.9920
1305031465.8280 -0.8348 0.0782 -0.5003 -0.0506 -0.1050 0.0526 0.9918
1305031465.8599 -0.8114 0.1069 -0.5084 -0.0375 -0.1067 0.0577 0.9919
1305031465.8955 -0.7854 0.1314 -0.5109 -0.0336 -0.1037 0.0603 0.9922
1305031465.9275 -0.7634 0.1432 -0.5125 -0.0295 -0.0972 0.0612 0.9929
1305031465.9597 -0.7447 0.1640 -0.5201 -0.0183 -0.0892 0.0593 0.9941
1305031465.9958 -0.7329 0.1850 -0.5309 -0.0107 -0.0817 0.0552 0.9951
1305031466.0276 -0.7190 0.2063 -0.5416 -0.0045 -0.0791 0.0538 0.9954
1305031466.0598 -0.7075 0.2314 -0.5512 -0.0046 -0.0764 0.0542 0.9956
1305031466.0958 -0.6972 0.2468 -0.5621 -0.0097 -0.0771 0.0541 0.9955
1305031466.1276 -0.6836 0.2625 -0.5714 -0.0152 -0.0817 0.0545 0.9950
1305031466.1604 -0.6732 0.2760 -0.5854 -0.0205 -0.0859 0.0567 0.9945
1305031466.1958 -0.6629 0.2919 -0.6002 -0.0273 -0.0938 0.0575 0.9936
1305031466.2280 -0.6444 0.3003 -0.6080 -0.0383 -0.1046 0.0535 0.9923
1305031466.2598 -0.6188 0.2996 -0.6145 -0.0428 -0.1108 0.0469 0.9918
1305031466.2957 -0.5978 0.3106 -0.6267 -0.0390 -0.1081 0.0348 0.9928
1305031466.3277 -0.5840 0.3203 -0.6437 -0.0382 -0.0984 0.0242 0.9941
1305031466.3598 -0.5707 0.3244 -0.6579 -0.0442 -0.0903 0.0174 0.9948
1305031466.3958 -0.5582 0.3149 -0.6687 -0.0476 -0.0871 0.0131 0.9950
1305031466.4278 -0.5471 0.3230 -0.6865 -0.0405 -0.0885 0.0090 0.9952
1305031466.4598 -0.5307 0.3339 -0.6995 -0.0397 -0.0940 0.0054 0.9948
1305031466.4958 -0.5085 0.3416 -0.7045 -0.0432 -0.0994 0.0050 0.9941
1305031466.5275 -0.4837 0.3445 -0.7066 -0.0462 -0.0997 0.0048 0.9939
1305031466.5604 -0.4674 0.3551 -0.7175 -0.0472 -0.0954 0.0023 0.9943
1305031466.5959 -0.4478 0.3652 -0.7231 -0.0546 -0.0959 -0.0009 0.9939
1305031466.6275 -0.4217 0.3589 -0.7156 -0.0629 -0.0970 -0.0055 0.9933
1305031466.6597 -0.4023 0.3617 -0.7220 -0.0569 -0.0945 -0.0108 0.9938
1305031466.6958 -0.3851 0.3757 -0.7338 -0.0542 -0.0955 -0.0183 0.9938
1305031466.7281 -0.3638 0.3809 -0.7305 -0.0597 -0.1002 -0.0274 0.9928
1305031466.7596 -0.3440 0.3779 -0.7265 -0.0579 -0.1016 -0.0359 0.9925
1305031466.7956 -0.3279 0.3866 -0.7368 -0.0502 -0.1028 -0.0409 0.9926
1305031466.8279 -0.3104 0.3928 -0.7421 -0.0525 -0.1077 -0.0431 0.9919
1305031466.8597 -0.2977 0.3902 -0.7406 -0.0553 -0.1134 -0.0424 0.9911
1305031466.8957 -0.2817 0.3918 -0.7479 -0.0517 -0.1253 -0.0426 0.9899
1305031466.9278 -0.2647 0.3956 -0.7504 -0.0505 -0.1399 -0.0432 0.9879
1305031466.9597 -0.2478 0.3957 -0.7496 -0.0498 -0.1498 -0.0437 0.9865
1305031466.9957 -0.2302 0.3963 -0.7523 -0.0489 -0.1551 -0.0459 0.9856
1305031467.0278 -0.2136 0.3959 -0.7549 -0.0486 -0.1597 -0.0495 0.9847
1305031467.0597 -0.1955 0.3980 -0.7577 -0.0480 -0.1629 -0.0518 0.9841
1305031467.0957 -0.1788 0.3989 -0.7609 -0.0497 -0.1650 -0.0574 0.9834
1305031467.1290 -0.1653 0.3993 -0.7596 -0.0484 -0.1689 -0.0678 0.9821
1305031467.1597 -0.1515 0.3999 -0.7617 -0.0461 -0.1727 -0.0752 0.9810
1305031467.1957 -0.1385 0.3991 -0.7661 -0.0452 -0.1775 -0.0788 0.9799
1305031467.2277 -0.1251 0.4006 -0.7670 -0.0436 -0.1848 -0.0838 0.9782
1305031467.2597 -0.1119 0.4006 -0.7681 -0.0415 -0.1903 -0.0882 0.9769
1305031467.2958 -0.0978 0.4015 -0.7718 -0.0387 -0.1960 -0.0939 0.9753
1305031467.3280 -0.0830 0.4019 -0.7776 -0.0374 -0.2018 -0.0978 0.9738
1305031467.3597 -0.0672 0.4027 -0.7821 -0.0407 -0.2090 -0.0988 0.9721
1305031467.3958 -0.0537 0.4063 -0.7835 -0.0446 -0.2164 -0.1037 0.9698
1305031467.4278 -0.0409 0.4073 -0.7829 -0.0452 -0.2224 -0.1071 0.9680
1305031467.4597 -0.0247 0.4059 -0.7890 -0.0456 -0.2296 -0.1082 0.9662
1305031467.4961 -0.0094 0.4059 -0.7948 -0.0498 -0.2366 -0.1125 0.9638
1305031467.5277 0.0046 0.4098 -0.7904 -0.0527 -0.2405 -0.1192 0.9619
1305031467.5598 0.0177 0.4091 -0.7880 -0.0521 -0.2419 -0.1210 0.9613
1305031467.5960 0.0313 0.4066 -0.7889 -0.0529 -0.2437 -0.1195 0.9610
1305031467.6275 0.0389 0.3993 -0.7797 -0.0526 -0.2485 -0.1168 0.9601
1305031467.6596 0.0517 0.3960 -0.7757 -0.0465 -0.2539 -0.1129 0.9595
1305031467.6959 0.0636 0.3912 -0.7742 -0.0436 -0.2573 -0.1155 0.9584
1305031467.7275 0.0689 0.3853 -0.7605 -0.0396 -0.2595 -0.1202 0.9574
1305031467.7599 0.0776 0.3800 -0.7515 -0.0334 -0.2621 -0.1220 0.9567
1305031467.7961 0.0846 0.3763 -0.7440 -0.0292 -0.2644 -0.1239 0.9560
1305031467.8278 0.0830 0.3672 -0.7230 -0.0256 -0.2666 -0.1244 0.9554
1305031467.8597 0.0858 0.3605 -0.7103 -0.0192 -0.2701 -0.1206 0.9550
1305031467.8959 0.0924 0.3584 -0.7025 -0.0136 -0.2765 -0.1188 0.9535
1305031467.9278 0.0955 0.3528 -0.6812 -0.0099 -0.2845 -0.1208 0.9510
1305031467.9598 0.0998 0.3459 -0.6606 -0.0030 -0.2902 -0.1209 0.9493
1305031467.9958 0.1098 0.3484 -0.6492 0.0023 -0.2928 -0.1225 0.9483
1305031468.0281 0.1075 0.3390 -0.6231 0.0005 -0.2937 -0.1261 0.9475
1305031468.0598 0.1063 0.3284 -0.6047 0.0054 -0.2955 -0.1288 0.9466
1305031468.0959 0.1128 0.3261 -0.5914 0.0090 -0.2990 -0.1299 0.9453
1305031468.1278 0.1129 0.3172 -0.5669 0.0078 -0.3016 -0.1308 0.9444
1305031468.1599 0.1161 0.3084 -0.5484 0.0102 -0.3038 -0.1337 0.9432
1305031468.1960 0.1207 0.3014 -0.5278 0.0108 -0.3054 -0.1368 0.9423
1305031468.2282 0.1227 0.2889 -0.5075 0.0089 -0.3048 -0.1368 0.9425
1305031468.2598 0.1276 0.2765 -0.4877 0.0083 -0.3038 -0.1353 0.9430
1305031468.2958 0.1295 0.2648 -0.4686 0.0076 -0.3018 -0.1359 0.9436
1305031468.3278 0.1310 0.2463 -0.4500 0.0079 -0.2998 -0.1341 0.9445
1305031468.3598 0.1367 0.2374 -0.4383 0.0115 -0.2969 -0.1292 0.9461
1305031468.4280 0.1405 0.2085 -0.4140 0.0044 -0.2956 -0.1298 0.9464
1305031468.4598 0.1455 0.1944 -0.4030 0.0035 -0.2966 -0.1270 0.9465
1305031468.5278 0.1443 0.1595 -0.3810 0.0005 -0.2940 -0.1339 0.9464
1305031468.5597 0.1404 0.1412 -0.3748 0.0070 -0.2941 -0.1418 0.9452
1305031468.6596 0.1259 0.0944 -0.3595 0.0017 -0.2989 -0.1496 0.9425
1305031468.6958 0.1200 0.0772 -0.3549 0.0062 -0.3049 -0.1522 0.9401
1305031468.7278 0.1175 0.0673 -0.3506 0.0115 -0.3111 -0.1519 0.9381
1305031468.7596 0.1138 0.0565 -0.3425 0.0135 -0.3159 -0.1516 0.9365
1305031468.7958 0.1076 0.0360 -0.3337 0.0166 -0.3189 -0.1561 0.9347
1305031468.8292 0.1020 0.0260 -0.3287 0.0260 -0.3210 -0.1609 0.9329
1305031468.9281 0.0983 0.0042 -0.3094 0.0228 -0.3122 -0.1640 0.9355
1305031468.9957 0.0904 0.0125 -0.3111 0.0072 -0.3014 -0.1680 0.9385
1305031469.0598 0.0719 -0.0068 -0.2945 -0.0258 -0.2976 -0.1838 0.9365
1305031469.1597 0.0687 -0.0209 -0.2534 -0.0574 -0.2875 -0.2146 0.9317
1305031469.2278 0.0489 -0.0290 -0.2353 -0.0701 -0.2711 -0.2255 0.9331
1305031469.2968 0.0396 -0.0281 -0.2123 -0.0793 -0.2646 -0.2330 0.9324
1305031469.3276 0.0342 -0.0232 -0.2031 -0.0836 -0.2612 -0.2354 0.9324
1305031469.3596 0.0373 -0.0244 -0.1829 -0.0909 -0.2597 -0.2404 0.9309
1305031469.3957 0.0336 -0.0266 -0.1685 -0.0934 -0.2495 -0.2469 0.9317
1305031469.4277 0.0284 -0.0162 -0.1601 -0.0908 -0.2373 -0.2536 0.9333
1305031469.4597 0.0203 -0.0059 -0.1498 -0.0897 -0.2273 -0.2616 0.9337
1305031469.4957 0.0069 0.0051 -0.1420 -0.0894 -0.2196 -0.2661 0.9343
1305031469.5276 0.0038 0.0175 -0.1338 -0.0913 -0.2196 -0.2662 0.9341
1305031469.5596 0.0024 0.0285 -0.1220 -0.0968 -0.2209 -0.2665 0.9332
1305031469.6596 -0.0104 0.0587 -0.0857 -0.1208 -0.2159 -0.2673 0.9313
1305031469.7596 -0.0261 0.0988 -0.0610 -0.1357 -0.2018 -0.2639 0.9334
1305031469.9279 -0.0754 0.1807 -0.0312 -0.1618 -0.2008 -0.2515 0.9329
1305031470.1276 -0.1446 0.2696 -0.0370 -0.1757 -0.2043 -0.2418 0.9322
1305031470.2957 -0.2074 0.3288 -0.0615 -0.1973 -0.2017 -0.2285 0.9318
1305031470.4597 -0.2747 0.3805 -0.0888 -0.2132 -0.2030 -0.2181 0.9305
1305031470.6597 -0.3453 0.4140 -0.1178 -0.2216 -0.1991 -0.2055 0.9322
1305031470.6956 -0.3562 0.4200 -0.1207 -0.2241 -0.1989 -0.2021 0.9324
1305031470.7277 -0.3674 0.4233 -0.1216 -0.2250 -0.1992 -0.2002 0.9325
1305031470.7597 -0.3739 0.4234 -0.1259 -0.2277 -0.1963 -0.1970 0.9331
1305031470.7956 -0.3838 0.4294 -0.1268 -0.2291 -0.1909 -0.1934 0.9347
1305031470.8278 -0.3940 0.4326 -0.1279 -0.2260 -0.1901 -0.1895 0.9364
1305031470.8596 -0.4036 0.4339 -0.1312 -0.2219 -0.1897 -0.1843 0.9385
1305031470.8957 -0.4135 0.4354 -0.1356 -0.2183 -0.1893 -0.1794 0.9404
1305031470.9277 -0.4243 0.4373 -0.1376 -0.2140 -0.1909 -0.1748 0.9419
1305031470.9596 -0.4345 0.4347 -0.1403 -0.2063 -0.1935 -0.1717 0.9437
1305031470.9960 -0.4406 0.4350 -0.1443 -0.1975 -0.1950 -0.1676 0.9460
1305031471.0276 -0.4489 0.4322 -0.1463 -0.1900 -0.1935 -0.1651 0.9483
1305031471.0596 -0.4587 0.4296 -0.1505 -0.1817 -0.1892 -0.1606 0.9515
1305031471.0958 -0.4676 0.4297 -0.1555 -0.1738 -0.1864 -0.1534 0.9547
1305031471.1277 -0.4752 0.4270 -0.1584 -0.1692 -0.1861 -0.1464 0.9567
1305031471.1596 -0.4800 0.4267 -0.1623 -0.1635 -0.1855 -0.1391 0.9589
1305031471.1957 -0.4854 0.4267 -0.1655 -0.1610 -0.1821 -0.1331 0.9608
1305031471.2276 -0.4923 0.4272 -0.1682 -0.1606 -0.1779 -0.1282 0.9624
1305031471.2597 -0.4995 0.4254 -0.1689 -0.1621 -0.1753 -0.1250 0.9630
1305031471.2961 -0.5052 0.4221 -0.1689 -0.1625 -0.1732 -0.1210 0.9638
1305031471.3276 -0.5070 0.4213 -0.1711 -0.1586 -0.1702 -0.1175 0.9654
1305031471.3596 -0.5093 0.4222 -0.1738 -0.1571 -0.1630 -0.1155 0.9672
1305031471.3957 -0.5177 0.4173 -0.1746 -0.1588 -0.1541 -0.1120 0.9688
1305031471.4277 -0.5248 0.4165 -0.1798 -0.1554 -0.1491 -0.1051 0.9709
1305031471.4596 -0.5285 0.4170 -0.1838 -0.1543 -0.1489 -0.0997 0.9716
1305031471.5597 -0.5382 0.4152 -0.1911 -0.1563 -0.1454 -0.0889 0.9729
1305031471.5957 -0.5406 0.4144 -0.1938 -0.1565 -0.1409 -0.0870 0.9737
1305031471.6276 -0.5428 0.4133 -0.1965 -0.1566 -0.1362 -0.0854 0.9745
1305031471.6596 -0.5449 0.4115 -0.1995 -0.1559 -0.1310 -0.0822 0.9756
1305031471.7958 -0.5474 0.4110 -0.2146 -0.1571 -0.1112 -0.0612 0.9794
1305031471.9956 -0.5621 0.4242 -0.2269 -0.1746 -0.0747 -0.0365 0.9811
1305031472.4956 -0.5528 0.4495 -0.2484 -0.1603 -0.0776 0.0130 0.9839
1305031472.6958 -0.5450 0.4290 -0.2420 -0.1530 -0.0798 0.0234 0.9847
1305031472.8636 -0.5402 0.4183 -0.2351 -0.1428 -0.0785 0.0225 0.9864
