1305031453.3917 0.0000 0.0000 0.0000 0.0000 0.0000 0.0000 1.0000
1305031453.5237 0.0127 0.0189 -0.0409 0.0168 0.0214 0.0376 0.9989
1305031453.6277 0.0085 0.0376 -0.0842 0.0383 0.0284 0.0525 0.9975
1305031453.7277 -0.0090 0.0670 -0.1305 0.0585 0.0150 0.0409 0.9973
1305031453.8278 -0.0351 0.0901 -0.1695 0.0701 -0.0090 0.0184 0.9973
1305031453.9277 -0.0700 0.1103 -0.1989 0.0685 -0.0551 -0.0016 0.9961
1305031453.9596 -0.0745 0.1155 -0.2067 0.0661 -0.0725 -0.0104 0.9951
1305031453.9916 -0.0849 0.1166 -0.2065 0.0645 -0.0841 -0.0219 0.9941
1305031454.0277 -0.0943 0.1183 -0.2124 0.0663 -0.0965 -0.0318 0.9926
1305031454.0597 -0.1035 0.1238 -0.2179 0.0675 -0.1078 -0.0432 0.9909
1305031454.0917 -0.1149 0.1239 -0.2129 0.0680 -0.1192 -0.0565 0.9889
1305031454.1277 -0.1188 0.1222 -0.2112 0.0705 -0.1358 -0.0701 0.9857
1305031454.1597 -0.1236 0.1258 -0.2173 0.0706 -0.1520 -0.0824 0.9824
1305031454.1917 -0.1347 0.1258 -0.2198 0.0679 -0.1681 -0.0976 0.9786
1305031454.2277 -0.1493 0.1226 -0.2150 0.0694 -0.1843 -0.1158 0.9735
1305031454.2596 -0.1482 0.1221 -0.2163 0.0742 -0.1998 -0.1309 0.9682
1305031454.2916 -0.1544 0.1255 -0.2182 0.0725 -0.2071 -0.1416 0.9653
1305031454.3277 -0.1722 0.1226 -0.2234 0.0724 -0.2137 -0.1583 0.9613
1305031454.3596 -0.1778 0.1255 -0.2236 0.0794 -0.2255 -0.1733 0.9554
1305031454.3917 -0.1855 0.1312 -0.2269 0.0815 -0.2322 -0.1847 0.9515
1305031454.4275 -0.1982 0.1345 -0.2329 0.0826 -0.2414 -0.1991 0.9462
1305031454.4599 -0.1987 0.1348 -0.2312 0.0851 -0.2530 -0.2146 0.9395
1305031454.4916 -0.2053 0.1383 -0.2350 0.0867 -0.2564 -0.2306 0.9347
1305031454.5277 -0.2096 0.1440 -0.2383 0.0867 -0.2617 -0.2466 0.9291
1305031454.5596 -0.2150 0.1461 -0.2420 0.0828 -0.2668 -0.2601 0.9243
1305031454.5916 -0.2252 0.1502 -0.2458 0.0795 -0.2748 -0.2780 0.9170
1305031454.6276 -0.2293 0.1507 -0.2469 0.0765 -0.2875 -0.2929 0.9087
1305031454.6595 -0.2293 0.1575 -0.2473 0.0710 -0.2995 -0.3005 0.9028
1305031454.6919 -0.2343 0.1562 -0.2504 0.0615 -0.3117 -0.3100 0.8961
1305031454.7277 -0.2337 0.1539 -0.2474 0.0549 -0.3251 -0.3159 0.8897
1305031454.7597 -0.2299 0.1554 -0.2444 0.0481 -0.3320 -0.3137 0.8883
1305031454.7916 -0.2259 0.1598 -0.2444 0.0426 -0.3348 -0.3074 0.8897
1305031454.8276 -0.2196 0.1682 -0.2423 0.0385 -0.3365 -0.3015 0.8913
1305031454.8596 -0.2167 0.1743 -0.2401 0.0324 -0.3336 -0.2952 0.8947
1305031454.8918 -0.2133 0.1818 -0.2404 0.0286 -0.3287 -0.2884 0.8989
1305031454.9276 -0.2111 0.1914 -0.2421 0.0252 -0.3227 -0.2824 0.9031
1305031454.9596 -0.2120 0.2006 -0.2465 0.0220 -0.3164 -0.2767 0.9071
1305031454.9919 -0.2165 0.2098 -0.2528 0.0194 -0.3118 -0.2717 0.9103
1305031455.0278 -0.2162 0.2215 -0.2564 0.0196 -0.3110 -0.2688 0.9114
1305031455.0596 -0.2198 0.2287 -0.2594 0.0180 -0.3077 -0.2670 0.9131
1305031455.0917 -0.2243 0.2384 -0.2645 0.0208 -0.3037 -0.2666 0.9145
1305031455.1277 -0.2290 0.2503 -0.2706 0.0225 -0.2984 -0.2652 0.9166
1305031455.1597 -0.2378 0.2609 -0.2777 0.0215 -0.2927 -0.2613 0.9196
1305031455.1917 -0.2469 0.2695 -0.2821 0.0177 -0.2885 -0.2560 0.9224
1305031455.2276 -0.2558 0.2761 -0.2871 0.0167 -0.2851 -0.2505 0.9250
1305031455.2596 -0.2609 0.2899 -0.2930 0.0153 -0.2801 -0.2444 0.9282
1305031455.2918 -0.2742 0.2951 -0.2982 0.0060 -0.2732 -0.2356 0.9327
1305031455.3278 -0.2855 0.3061 -0.3067 0.0009 -0.2692 -0.2255 0.9363
1305031455.3596 -0.2903 0.3165 -0.3092 -0.0065 -0.2678 -0.2195 0.9381
1305031455.3917 -0.3013 0.3173 -0.3123 -0.0182 -0.2602 -0.2120 0.9418
1305031455.4276 -0.3156 0.3231 -0.3204 -0.0255 -0.2518 -0.2025 0.9460
1305031455.4596 -0.3297 0.3240 -0.3281 -0.0315 -0.2472 -0.1942 0.9488
1305031455.4916 -0.3409 0.3294 -0.3368 -0.0360 -0.2430 -0.1835 0.9518
1305031455.5276 -0.3586 0.3275 -0.3460 -0.0430 -0.2381 -0.1707 0.9551
1305031455.5597 -0.3753 0.3294 -0.3586 -0.0461 -0.2373 -0.1577 0.9574
1305031455.5916 -0.3865 0.3345 -0.3708 -0.0488 -0.2379 -0.1435 0.9594
1305031455.6596 -0.4177 0.3276 -0.3859 -0.0539 -0.2342 -0.1256 0.9625
1305031455.6916 -0.4311 0.3302 -0.3991 -0.0493 -0.2323 -0.1266 0.9631
1305031455.7276 -0.4445 0.3285 -0.4106 -0.0470 -0.2290 -0.1313 0.9634
1305031455.7597 -0.4576 0.3271 -0.4232 -0.0455 -0.2235 -0.1341 0.9644
1305031455.7917 -0.4736 0.3188 -0.4361 -0.0451 -0.2177 -0.1334 0.9658
1305031455.8276 -0.4872 0.3186 -0.4531 -0.0415 -0.2138 -0.1331 0.9669
1305031455.8595 -0.4989 0.3144 -0.4654 -0.0414 -0.2119 -0.1343 0.9671
1305031455.8917 -0.5088 0.3113 -0.4777 -0.0412 -0.2092 -0.1344 0.9677
1305031455.9280 -0.5195 0.3068 -0.4877 -0.0419 -0.2057 -0.1353 0.9683
1305031455.9597 -0.5283 0.3066 -0.5006 -0.0403 -0.2021 -0.1374 0.9688
1305031455.9917 -0.5372 0.3066 -0.5104 -0.0409 -0.1970 -0.1399 0.9695
1305031456.0278 -0.5459 0.3132 -0.5227 -0.0426 -0.1898 -0.1445 0.9702
1305031456.0597 -0.5601 0.3056 -0.5287 -0.0523 -0.1834 -0.1530 0.9696
1305031456.0917 -0.5730 0.2968 -0.5331 -0.0585 -0.1785 -0.1583 0.9694
1305031456.1276 -0.5841 0.2917 -0.5392 -0.0596 -0.1738 -0.1597 0.9699
1305031456.1597 -0.5934 0.2817 -0.5397 -0.0617 -0.1689 -0.1602 0.9706
1305031456.1917 -0.6033 0.2745 -0.5437 -0.0569 -0.1609 -0.1574 0.9727
1305031456.2277 -0.6089 0.2801 -0.5492 -0.0514 -0.1515 -0.1535 0.9751
1305031456.2917 -0.6357 0.2648 -0.5477 -0.0515 -0.1281 -0.1468 0.9795
1305031456.3277 -0.6467 0.2591 -0.5461 -0.0478 -0.1178 -0.1399 0.9820
1305031456.3916 -0.6696 0.2546 -0.5401 -0.0428 -0.0931 -0.1306 0.9861
1305031456.4277 -0.6881 0.2593 -0.5391 -0.0346 -0.0805 -0.1239 0.9884
1305031456.4917 -0.7261 0.2787 -0.5326 -0.0368 -0.0697 -0.1127 0.9905
1305031456.5276 -0.7391 0.2791 -0.5237 -0.0433 -0.0707 -0.1074 0.9907
1305031456.5917 -0.7594 0.2851 -0.5090 -0.0451 -0.0662 -0.0954 0.9922
1305031456.6276 -0.7701 0.2977 -0.5018 -0.0551 -0.0598 -0.0898 0.9926
1305031456.6916 -0.8071 0.2840 -0.4796 -0.0699 -0.0465 -0.0748 0.9937
1305031456.8276 -0.8631 0.3091 -0.4475 -0.0761 -0.0556 -0.0428 0.9946
1305031457.0917 -0.9588 0.3299 -0.4022 -0.1047 -0.0159 -0.0064 0.9944
1305031457.2275 -1.0096 0.3218 -0.4166 -0.1109 0.0138 0.0159 0.9936
1305031457.3275 -1.0478 0.3149 -0.4419 -0.0989 0.0396 0.0334 0.9937
1305031457.3917 -1.0788 0.3011 -0.4587 -0.0957 0.0637 0.0461 0.9923
1305031457.4917 -1.1282 0.2846 -0.4881 -0.0930 0.0798 0.0615 0.9906
1305031457.5597 -1.1541 0.2730 -0.5092 -0.0859 0.0883 0.0686 0.9900
1305031457.6275 -1.1867 0.2606 -0.5247 -0.0834 0.0969 0.0747 0.9890
1305031457.6916 -1.2163 0.2583 -0.5423 -0.0834 0.0999 0.0813 0.9882
1305031457.7596 -1.2405 0.2277 -0.5505 -0.0861 0.1032 0.0787 0.9878
1305031457.7916 -1.2472 0.2102 -0.5556 -0.0809 0.1062 0.0783 0.9879
1305031457.8277 -1.2595 0.2132 -0.5667 -0.0687 0.1132 0.0793 0.9880
1305031457.8916 -1.2882 0.1808 -0.5697 -0.0630 0.1297 0.0798 0.9863
1305031457.9276 -1.3058 0.1799 -0.5745 -0.0486 0.1344 0.0844 0.9861
1305031457.9916 -1.3284 0.1648 -0.5762 -0.0378 0.1354 0.0900 0.9860
1305031458.0278 -1.3379 0.1550 -0.5737 -0.0295 0.1383 0.0910 0.9858
1305031458.0597 -1.3528 0.1642 -0.5741 -0.0180 0.1431 0.0938 0.9851
1305031458.0917 -1.3673 0.1658 -0.5688 -0.0169 0.1478 0.0960 0.9842
1305031458.1276 -1.3806 0.1561 -0.5580 -0.0193 0.1518 0.0965 0.9835
1305031458.1596 -1.3955 0.1491 -0.5483 -0.0179 0.1544 0.0990 0.9829
1305031458.1916 -1.4100 0.1540 -0.5401 -0.0163 0.1536 0.1038 0.9825
1305031458.2276 -1.4222 0.1511 -0.5264 -0.0228 0.1508 0.1056 0.9826
1305031458.2599 -1.4350 0.1228 -0.5033 -0.0298 0.1494 0.1027 0.9830
1305031458.2917 -1.4494 0.1237 -0.4936 -0.0200 0.1445 0.1037 0.9838
1305031458.3276 -1.4569 0.1212 -0.4794 -0.0180 0.1372 0.1061 0.9847
1305031458.3596 -1.4628 0.1083 -0.4577 -0.0120 0.1321 0.1069 0.9854
1305031458.3916 -1.4712 0.1111 -0.4473 0.0010 0.1281 0.1111 0.9855
1305031458.4276 -1.4718 0.1106 -0.4325 0.0089 0.1257 0.1204 0.9847
1305031458.4596 -1.4643 0.0979 -0.4148 0.0177 0.1270 0.1282 0.9834
1305031458.4917 -1.4630 0.0900 -0.3986 0.0366 0.1349 0.1280 0.9819
1305031458.5277 -1.4765 0.1090 -0.3818 0.0589 0.1462 0.1259 0.9795
1305031458.5596 -1.4824 0.1138 -0.3620 0.0668 0.1549 0.1235 0.9779
1305031458.5916 -1.4925 0.1143 -0.3404 0.0760 0.1615 0.1177 0.9769
1305031458.6277 -1.5042 0.1395 -0.3220 0.0827 0.1619 0.1129 0.9768
1305031458.6596 -1.5105 0.1391 -0.2992 0.0755 0.1577 0.1132 0.9781
1305031458.6917 -1.5123 0.1399 -0.2751 0.0693 0.1422 0.1075 0.9815
1305031458.7276 -1.4974 0.1305 -0.2532 0.0644 0.1230 0.1000 0.9853
1305031458.7599 -1.5054 0.1336 -0.2375 0.0701 0.1095 0.0897 0.9874
1305031458.7916 -1.5045 0.1439 -0.2258 0.0700 0.0927 0.0818 0.9899
1305031458.8276 -1.4990 0.1410 -0.2096 0.0626 0.0830 0.0800 0.9914
1305031458.8917 -1.4968 0.1355 -0.1876 0.0690 0.0793 0.0696 0.9920
1305031458.9276 -1.5064 0.1393 -0.1825 0.0674 0.0867 0.0753 0.9911
1305031458.9596 -1.5113 0.1315 -0.1751 0.0586 0.0922 0.0881 0.9901
1305031458.9916 -1.5182 0.1076 -0.1665 0.0563 0.0955 0.0931 0.9895
1305031459.0277 -1.5378 0.1018 -0.1611 0.0666 0.0943 0.0932 0.9889
1305031459.0596 -1.5577 0.0922 -0.1507 0.0738 0.0887 0.1029 0.9880
1305031459.1276 -1.6324 0.0172 -0.3577 0.0670 0.0773 0.1277 0.9865
1305031459.1596 -1.6420 0.0151 -0.3502 0.0763 0.0514 0.1307 0.9871
1305031459.1917 -1.6505 0.0158 -0.3426 0.0824 0.0323 0.1384 0.9864
1305031459.2276 -1.6564 0.0174 -0.3335 0.0848 0.0189 0.1503 0.9848
1305031459.2598 -1.6562 0.0257 -0.3191 0.0857 0.0143 0.1603 0.9832
1305031459.3276 -1.6521 0.0506 -0.2841 0.0882 0.0271 0.1667 0.9817
1305031459.3597 -1.6635 0.0593 -0.2730 0.0930 0.0524 0.1864 0.9767
1305031459.3917 -1.6791 0.0800 -0.2632 0.0920 0.0809 0.2120 0.9696
1305031459.4276 -1.6790 0.0853 -0.2525 0.0791 0.1134 0.2469 0.9591
1305031459.4597 -1.6971 0.0838 -0.2498 0.0759 0.1515 0.2833 0.9439
1305031459.5276 -1.7278 0.1031 -0.2392 0.0600 0.1949 0.3427 0.9171
1305031459.5596 -1.7446 0.0903 -0.2452 0.0516 0.2106 0.3683 0.9041
1305031459.5917 -1.7648 0.0896 -0.2425 0.0496 0.2187 0.3846 0.8954
1305031459.6276 -1.7745 0.0857 -0.2391 0.0454 0.2201 0.3941 0.8912
1305031459.6596 -1.7878 0.0870 -0.2353 0.0459 0.2271 0.3944 0.8893
1305031459.6916 -1.8050 0.0810 -0.2309 0.0396 0.2395 0.3988 0.8843
1305031459.7276 -1.8172 0.0652 -0.2283 0.0323 0.2479 0.4016 0.8810
1305031459.7917 -1.8527 0.0340 -0.2203 0.0313 0.2608 0.3949 0.8804
1305031459.8277 -1.8689 0.0220 -0.2151 0.0303 0.2619 0.3925 0.8812
1305031459.8597 -1.8860 0.0089 -0.2086 0.0260 0.2617 0.3910 0.8820
1305031459.8916 -1.8954 -0.0059 -0.2019 0.0205 0.2574 0.3941 0.8820
1305031459.9276 -1.9044 -0.0201 -0.1962 0.0194 0.2550 0.3972 0.8814
1305031459.9917 -1.9240 -0.0452 -0.1833 0.0145 0.2528 0.4044 0.8788
1305031460.0276 -1.9280 -0.0609 -0.1772 0.0125 0.2524 0.4082 0.8772
1305031460.0597 -1.9387 -0.0773 -0.1713 0.0125 0.2540 0.4098 0.8760
1305031460.0917 -1.9504 -0.0976 -0.1645 0.0132 0.2518 0.4168 0.8734
1305031460.1277 -1.9525 -0.1109 -0.1572 0.0187 0.2428 0.4266 0.8710
1305031460.1597 -1.9604 -0.1196 -0.1503 0.0259 0.2362 0.4339 0.8690
1305031460.1916 -1.9612 -0.1244 -0.1398 0.0269 0.2293 0.4407 0.8675
1305031460.2278 -1.9509 -0.1317 -0.1309 0.0269 0.2267 0.4452 0.8659
1305031460.2917 -1.9511 -0.1510 -0.1181 0.0282 0.2428 0.4444 0.8618
1305031460.3275 -1.9534 -0.1627 -0.1126 0.0288 0.2522 0.4456 0.8585
1305031460.3916 -1.9528 -0.1808 -0.0986 0.0235 0.2713 0.4511 0.8499
1305031460.4275 -1.9522 -0.1917 -0.0927 0.0218 0.2819 0.4555 0.8442
1305031460.4596 -1.9511 -0.1972 -0.0872 0.0198 0.2940 0.4590 0.8382
1305031460.4915 -1.9571 -0.2060 -0.0811 0.0136 0.3092 0.4641 0.8300
1305031460.5276 -1.9561 -0.2179 -0.0762 0.0058 0.3197 0.4731 0.8209
1305031460.5596 -1.9520 -0.2285 -0.0714 -0.0011 0.3281 0.4767 0.8155
1305031460.5919 -1.9546 -0.2397 -0.0657 -0.0053 0.3378 0.4769 0.8115
1305031460.6276 -1.9530 -0.2506 -0.0605 -0.0089 0.3457 0.4789 0.8069
1305031460.6598 -1.9577 -0.2625 -0.0533 -0.0111 0.3547 0.4776 0.8037
1305031460.6917 -1.9641 -0.2735 -0.0445 -0.0143 0.3605 0.4780 0.8009
1305031460.7277 -1.9626 -0.2809 -0.0374 -0.0191 0.3619 0.4783 0.8000
1305031460.7597 -1.9609 -0.2920 -0.0302 -0.0229 0.3667 0.4769 0.7985
1305031460.7917 -1.9648 -0.3037 -0.0201 -0.0261 0.3719 0.4753 0.7969
1305031460.8277 -1.9648 -0.3105 -0.0115 -0.0305 0.3730 0.4729 0.7977
1305031460.8597 -1.9627 -0.3171 -0.0040 -0.0368 0.3757 0.4705 0.7976
1305031460.8918 -1.9611 -0.3289 0.0061 -0.0448 0.3806 0.4678 0.7965
1305031460.9276 -1.9609 -0.3393 0.0176 -0.0503 0.3832 0.4672 0.7952
1305031460.9917 -1.9442 -0.3620 0.0326 -0.0554 0.3860 0.4700 0.7919
1305031461.0276 -1.9392 -0.3724 0.0423 -0.0545 0.3885 0.4708 0.7902
1305031461.0917 -1.9360 -0.3852 0.0598 -0.0519 0.3878 0.4701 0.7911
1305031461.1276 -1.9251 -0.3934 0.0654 -0.0546 0.3865 0.4690 0.7923
1305031461.1597 -1.9182 -0.4040 0.0741 -0.0537 0.3882 0.4670 0.7926
1305031461.1920 -1.9159 -0.4065 0.0804 -0.0503 0.3887 0.4626 0.7952
1305031461.2276 -1.9120 -0.4116 0.0868 -0.0502 0.3899 0.4604 0.7959
1305031461.2596 -1.9054 -0.4182 0.0942 -0.0496 0.3900 0.4572 0.7977
1305031461.2917 -1.9015 -0.4199 0.1004 -0.0474 0.3904 0.4513 0.8010
1305031461.3278 -1.8959 -0.4186 0.1051 -0.0458 0.3920 0.4468 0.8028
1305031461.3597 -1.8991 -0.4161 0.1126 -0.0485 0.3963 0.4423 0.8031
1305031461.3917 -1.8865 -0.4245 0.1208 -0.0579 0.3952 0.4442 0.8020
1305031461.4276 -1.8789 -0.4263 0.1243 -0.0586 0.3953 0.4426 0.8027
1305031461.4598 -1.8786 -0.4225 0.1276 -0.0607 0.3954 0.4438 0.8019
1305031461.4917 -1.8604 -0.4325 0.1284 -0.0671 0.3934 0.4469 0.8006
1305031461.5277 -1.8601 -0.4296 0.1284 -0.0609 0.3955 0.4440 0.8017
1305031461.5597 -1.8528 -0.4223 0.1223 -0.0609 0.3949 0.4413 0.8035
1305031461.5917 -1.8500 -0.4203 0.1185 -0.0613 0.4020 0.4371 0.8022
1305031461.6275 -1.8479 -0.4156 0.1166 -0.0636 0.4073 0.4364 0.7997
1305031461.6596 -1.8448 -0.4127 0.1156 -0.0662 0.4120 0.4359 0.7974
1305031461.6916 -1.8463 -0.4058 0.1139 -0.0666 0.4151 0.4405 0.7933
1305031461.7276 -1.8387 -0.4010 0.1096 -0.0696 0.4145 0.4464 0.7900
1305031461.7597 -1.8394 -0.3924 0.1029 -0.0692 0.4159 0.4486 0.7881
1305031461.7916 -1.8378 -0.3820 0.0970 -0.0725 0.4172 0.4527 0.7847
1305031461.8276 -1.8346 -0.3746 0.0916 -0.0749 0.4211 0.4569 0.7800
1305031461.8598 -1.8402 -0.3618 0.0874 -0.0745 0.4260 0.4622 0.7742
1305031461.8917 -1.8459 -0.3515 0.0856 -0.0779 0.4286 0.4725 0.7662
1305031461.9278 -1.8415 -0.3439 0.0823 -0.0858 0.4261 0.4823 0.7606
1305031461.9597 -1.8388 -0.3296 0.0710 -0.0902 0.4274 0.4855 0.7573
1305031461.9916 -1.8530 -0.3187 0.0721 -0.0959 0.4367 0.4898 0.7485
1305031462.0277 -1.8551 -0.3183 0.0756 -0.1070 0.4373 0.5007 0.7393
1305031462.0598 -1.8582 -0.3139 0.0762 -0.1105 0.4334 0.5127 0.7328
1305031462.0918 -1.8596 -0.3052 0.0709 -0.1117 0.4266 0.5246 0.7282
1305031462.1277 -1.8634 -0.2957 0.0665 -0.1134 0.4229 0.5334 0.7237
1305031462.1596 -1.8658 -0.2911 0.0633 -0.1174 0.4202 0.5400 0.7197
1305031462.1916 -1.8730 -0.2818 0.0596 -0.1195 0.4188 0.5397 0.7205
1305031462.2276 -1.8810 -0.2756 0.0591 -0.1254 0.4193 0.5398 0.7191
1305031462.2598 -1.8875 -0.2721 0.0597 -0.1328 0.4179 0.5387 0.7194
1305031462.2916 -1.8960 -0.2653 0.0600 -0.1388 0.4148 0.5351 0.7227
1305031462.3597 -1.9158 -0.2494 0.0611 -0.1524 0.4106 0.5241 0.7304
1305031462.4599 -1.9584 -0.2280 0.0861 -0.1732 0.4021 0.5095 0.7407
1305031462.5599 -1.9063 -0.1468 0.0485 -0.1699 0.3309 0.5223 0.7673
1305031462.6925 -1.9359 -0.1294 0.0268 -0.1734 0.3199 0.4867 0.7942
1305031462.7598 -1.9501 -0.1247 0.0098 -0.1763 0.3075 0.4685 0.8092
1305031462.8278 -1.9580 -0.1245 -0.0103 -0.1853 0.2969 0.4566 0.8179
1305031462.8918 -1.9620 -0.1134 -0.0296 -0.1915 0.2925 0.4452 0.8243
1305031462.9597 -1.9668 -0.1044 -0.0519 -0.1907 0.2900 0.4411 0.8276
1305031463.0277 -1.9690 -0.0907 -0.0794 -0.1796 0.2841 0.4314 0.8372
1305031463.0598 -1.9728 -0.0914 -0.0981 -0.1774 0.2801 0.4246 0.8425
1305031463.1275 -1.9763 -0.0787 -0.1169 -0.1723 0.2765 0.4083 0.8527
1305031463.1598 -1.9796 -0.0779 -0.1356 -0.1693 0.2764 0.3981 0.8581
1305031463.2600 -1.9709 -0.0558 -0.1731 -0.1632 0.2718 0.3825 0.8678
1305031463.3598 -1.9626 -0.0432 -0.2103 -0.1569 0.2654 0.3730 0.8751
1305031463.3956 -1.9686 -0.0353 -0.2277 -0.1519 0.2642 0.3662 0.8792
1305031463.4956 -1.9446 -0.0010 -0.2622 -0.1486 0.2600 0.3579 0.8844
1305031463.5598 -1.9272 0.0152 -0.2823 -0.1440 0.2687 0.3545 0.8839
1305031463.6598 -1.8935 0.0319 -0.3138 -0.1350 0.2696 0.3481 0.8876
1305031463.7276 -1.8677 0.0426 -0.3439 -0.1313 0.2670 0.3415 0.8915
1305031463.7597 -1.8510 0.0402 -0.3596 -0.1276 0.2698 0.3355 0.8935
1305031463.8278 -1.8244 0.0398 -0.3952 -0.1242 0.2704 0.3151 0.9012
1305031463.8599 -1.8069 0.0329 -0.4127 -0.1244 0.2707 0.3056 0.9044
1305031463.8956 -1.7964 0.0317 -0.4304 -0.1206 0.2718 0.2963 0.9076
1305031463.9597 -1.7698 0.0192 -0.4615 -0.1198 0.2649 0.2859 0.9131
1305031463.9958 -1.7573 0.0145 -0.4796 -0.1156 0.2609 0.2795 0.9167
1305031464.0277 -1.7477 0.0124 -0.4973 -0.1135 0.2573 0.2715 0.9204
1305031464.0597 -1.7310 0.0028 -0.5136 -0.1147 0.2546 0.2634 0.9234
1305031464.0956 -1.7236 -0.0039 -0.5293 -0.1111 0.2561 0.2539 0.9261
1305031464.1277 -1.7210 -0.0107 -0.5412 -0.1082 0.2566 0.2489 0.9276
1305031464.1598 -1.7135 -0.0243 -0.5512 -0.1048 0.2533 0.2476 0.9293
1305031464.1956 -1.7084 -0.0338 -0.5624 -0.0951 0.2475 0.2436 0.9329
1305031464.2276 -1.7098 -0.0329 -0.5756 -0.0820 0.2392 0.2397 0.9373
1305031464.2596 -1.7098 -0.0317 -0.5883 -0.0731 0.2259 0.2381 0.9418
1305031464.2957 -1.7004 -0.0308 -0.6013 -0.0684 0.2081 0.2343 0.9472
1305031464.3279 -1.6854 -0.0308 -0.6151 -0.0652 0.1930 0.2294 0.9518
1305031464.3597 -1.6702 -0.0352 -0.6275 -0.0610 0.1826 0.2247 0.9552
1305031464.3956 -1.6539 -0.0301 -0.6448 -0.0544 0.1750 0.2165 0.9589
1305031464.4276 -1.6431 -0.0283 -0.6585 -0.0523 0.1736 0.2066 0.9615
1305031464.4597 -1.6339 -0.0345 -0.6713 -0.0507 0.1714 0.1982 0.9637
1305031464.4956 -1.6181 -0.0336 -0.6882 -0.0479 0.1677 0.1922 0.9657
1305031464.5276 -1.6107 -0.0330 -0.7043 -0.0460 0.1678 0.1837 0.9675
1305031464.5597 -1.5941 -0.0373 -0.7207 -0.0490 0.1638 0.1723 0.9701
1305031464.5957 -1.5678 -0.0562 -0.7405 -0.0500 0.1651 0.1622 0.9716
1305031464.6277 -1.5532 -0.0620 -0.7587 -0.0415 0.1758 0.1526 0.9716
1305031464.6597 -1.5403 -0.0667 -0.7713 -0.0335 0.1868 0.1388 0.9720
1305031464.6957 -1.5266 -0.0884 -0.7792 -0.0256 0.1970 0.1216 0.9725
1305031464.7277 -1.5267 -0.0883 -0.7836 -0.0075 0.2046 0.1040 0.9733
1305031464.7597 -1.5234 -0.0793 -0.7906 0.0061 0.2037 0.0849 0.9753
1305031464.7960 -1.5223 -0.0902 -0.7877 0.0112 0.1996 0.0670 0.9775
1305031464.8278 -1.5217 -0.0918 -0.7843 0.0223 0.1882 0.0530 0.9804
1305031464.8597 -1.5104 -0.0787 -0.7890 0.0312 0.1697 0.0383 0.9843
1305031464.8958 -1.4922 -0.0739 -0.7909 0.0301 0.1507 0.0188 0.9879
1305031464.9278 -1.4700 -0.0944 -0.7876 0.0239 0.1357 -0.0016 0.9905
1305031464.9598 -1.4489 -0.1088 -0.7825 0.0249 0.1278 -0.0195 0.9913
1305031464.9957 -1.4291 -0.1063 -0.7788 0.0310 0.1237 -0.0380 0.9911
1305031465.0278 -1.4208 -0.1043 -0.7636 0.0343 0.1233 -0.0598 0.9900
1305031465.0597 -1.4227 -0.0818 -0.7435 0.0432 0.1194 -0.0793 0.9887
1305031465.0957 -1.4065 -0.0372 -0.7330 0.0448 0.1057 -0.0941 0.9889
1305031465.1277 -1.3897 -0.0238 -0.7171 0.0279 0.0916 -0.1085 0.9895
1305031465.1598 -1.3775 -0.0192 -0.6962 0.0107 0.0800 -0.1169 0.9899
1305031465.1956 -1.3618 -0.0129 -0.6776 -0.0019 0.0687 -0.1237 0.9899
1305031465.2279 -1.3447 0.0041 -0.6624 -0.0120 0.0592 -0.1286 0.9898
1305031465.2598 -1.3346 0.0076 -0.6410 -0.0245 0.0516 -0.1293 0.9900
1305031465.3277 -1.3086 0.0390 -0.6151 -0.0336 0.0318 -0.1069 0.9932
1305031465.3956 -1.2731 0.0467 -0.5986 -0.0387 -0.0009 -0.0837 0.9957
1305031465.4277 -1.2447 0.0559 -0.5976 -0.0358 -0.0160 -0.0716 0.9967
1305031465.4601 -1.2217 0.0720 -0.5990 -0.0316 -0.0275 -0.0575 0.9975
1305031465.4957 -1.1975 0.0896 -0.6006 -0.0322 -0.0385 -0.0474 0.9976
1305031465.5276 -1.1777 0.0873 -0.5979 -0.0366 -0.0482 -0.0438 0.9972
1305031465.5598 -1.1534 0.0965 -0.6011 -0.0307 -0.0576 -0.0375 0.9972
1305031465.5956 -1.1277 0.1121 -0.6060 -0.0246 -0.0632 -0.0283 0.9973
1305031465.6277 -1.1134 0.1265 -0.6123 -0.0199 -0.0658 -0.0192 0.9974
1305031465.6601 -1.0961 0.1384 -0.6167 -0.0162 -0.0747 -0.0111 0.9970
1305031465.6957 -1.0654 0.1527 -0.6197 -0.0104 -0.0843 -0.0032 0.9964
1305031465.7277 -1.0436 0.1688 -0.6252 -0.0031 -0.0877 0.0062 0.9961
1305031465.7598 -1.0216 0.1891 -0.6306 0.0048 -0.0923 0.0152 0.9956
1305031465.7959 -0.9968 0.2063 -0.6322 0.0101 -0.0963 0.0218 0.9951
1305031465.8280 -0.9744 0.2180 -0.6349 0.0177 -0.0998 0.0276 0.9945
1305031465.8599 -0.9500 0.2461 -0.6398 0.0305 -0.1021 0.0325 0.9938
1305031465.8955 -0.9231 0.2706 -0.6392 0.0347 -0.0993 0.0353 0.9938
1305031465.9275 -0.9002 0.2811 -0.6399 0.0387 -0.0930 0.0367 0.9942
1305031465.9597 -0.8796 0.3020 -0.6451 0.0500 -0.0856 0.0356 0.9944
1305031465.9958 -0.8677 0.3248 -0.6520 0.0583 -0.0779 0.0314 0.9948
1305031466.0276 -0.8535 0.3484 -0.6587 0.0650 -0.0753 0.0297 0.9946
1305031466.0598 -0.8406 0.3746 -0.6644 0.0650 -0.0730 0.0305 0.9947
1305031466.0958 -0.8300 0.3922 -0.6717 0.0605 -0.0737 0.0304 0.9950
1305031466.1276 -0.8157 0.4089 -0.6791 0.0549 -0.0783 0.0304 0.9950
1305031466.1604 -0.8051 0.4244 -0.6907 0.0498 -0.0826 0.0320 0.9948
1305031466.1958 -0.7947 0.4424 -0.7029 0.0431 -0.0904 0.0323 0.9944
1305031466.2280 -0.7763 0.4511 -0.7118 0.0319 -0.1004 0.0275 0.9941
1305031466.2598 -0.7513 0.4504 -0.7193 0.0272 -0.1058 0.0204 0.9938
1305031466.2957 -0.7303 0.4618 -0.7310 0.0307 -0.1022 0.0088 0.9942
1305031466.3277 -0.7156 0.4734 -0.7460 0.0319 -0.0921 -0.0008 0.9952
1305031466.3598 -0.7030 0.4794 -0.7595 0.0262 -0.0831 -0.0073 0.9962
1305031466.3958 -0.6911 0.4717 -0.7712 0.0232 -0.0796 -0.0118 0.9965
1305031466.4278 -0.6799 0.4834 -0.7861 0.0308 -0.0810 -0.0160 0.9961
1305031466.4598 -0.6632 0.4955 -0.7971 0.0315 -0.0863 -0.0201 0.9956
1305031466.4958 -0.6403 0.5020 -0.8030 0.0272 -0.0917 -0.0206 0.9952
1305031466.5275 -0.6148 0.5048 -0.8061 0.0246 -0.0921 -0.0206 0.9952
1305031466.5604 -0.5985 0.5171 -0.8149 0.0239 -0.0876 -0.0226 0.9956
1305031466.5959 -0.5787 0.5266 -0.8195 0.0162 -0.0876 -0.0259 0.9957
1305031466.6275 -0.5532 0.5173 -0.8162 0.0074 -0.0882 -0.0298 0.9956
1305031466.6597 -0.5340 0.5213 -0.8213 0.0137 -0.0853 -0.0349 0.9956
1305031466.6958 -0.5186 0.5381 -0.8295 0.0171 -0.0851 -0.0427 0.9953
1305031466.7281 -0.4966 0.5411 -0.8276 0.0110 -0.0890 -0.0520 0.9946
1305031466.7596 -0.4760 0.5354 -0.8242 0.0118 -0.0902 -0.0600 0.9940
1305031466.7956 -0.4601 0.5461 -0.8324 0.0199 -0.0910 -0.0654 0.9935
1305031466.8279 -0.4423 0.5533 -0.8367 0.0179 -0.0957 -0.0685 0.9929
1305031466.8597 -0.4299 0.5509 -0.8344 0.0152 -0.1012 -0.0684 0.9924
1305031466.8957 -0.4146 0.5531 -0.8408 0.0183 -0.1129 -0.0690 0.9910
1305031466.9278 -0.3968 0.5557 -0.8455 0.0188 -0.1272 -0.0706 0.9892
1305031466.9597 -0.3791 0.5562 -0.8459 0.0198 -0.1371 -0.0719 0.9878
1305031466.9957 -0.3599 0.5580 -0.8501 0.0211 -0.1425 -0.0747 0.9867
1305031467.0278 -0.3434 0.5592 -0.8531 0.0217 -0.1469 -0.0789 0.9858
1305031467.0597 -0.3257 0.5604 -0.8567 0.0220 -0.1497 -0.0825 0.9850
1305031467.0957 -0.3091 0.5622 -0.8595 0.0204 -0.1514 -0.0877 0.9844
1305031467.1290 -0.2957 0.5634 -0.8581 0.0220 -0.1546 -0.0981 0.9828
1305031467.1597 -0.2809 0.5645 -0.8603 0.0243 -0.1581 -0.1056 0.9815
1305031467.1957 -0.2674 0.5658 -0.8639 0.0256 -0.1631 -0.1100 0.9801
1305031467.2277 -0.2542 0.5672 -0.8652 0.0270 -0.1698 -0.1154 0.9783
1305031467.2597 -0.2406 0.5686 -0.8669 0.0294 -0.1750 -0.1204 0.9767
1305031467.2958 -0.2266 0.5708 -0.8711 0.0323 -0.1802 -0.1267 0.9749
1305031467.3280 -0.2121 0.5731 -0.8763 0.0337 -0.1859 -0.1310 0.9732
1305031467.3597 -0.1961 0.5767 -0.8817 0.0311 -0.1927 -0.1328 0.9717
1305031467.3958 -0.1831 0.5792 -0.8840 0.0266 -0.1993 -0.1380 0.9698
1305031467.4278 -0.1698 0.5802 -0.8841 0.0260 -0.2051 -0.1415 0.9681
1305031467.4597 -0.1551 0.5824 -0.8904 0.0262 -0.2117 -0.1431 0.9664
1305031467.4961 -0.1386 0.5852 -0.8975 0.0224 -0.2183 -0.1483 0.9643
1305031467.5277 -0.1244 0.5883 -0.8956 0.0196 -0.2214 -0.1550 0.9626
1305031467.5598 -0.1107 0.5869 -0.8939 0.0202 -0.2228 -0.1571 0.9619
1305031467.5960 -0.0970 0.5861 -0.8954 0.0197 -0.2248 -0.1554 0.9617
1305031467.6275 -0.0874 0.5795 -0.8898 0.0204 -0.2299 -0.1524 0.9610
1305031467.6596 -0.0748 0.5756 -0.8882 0.0263 -0.2353 -0.1489 0.9601
1305031467.6959 -0.0640 0.5718 -0.8879 0.0291 -0.2381 -0.1520 0.9588
1305031467.7275 -0.0575 0.5652 -0.8764 0.0339 -0.2401 -0.1570 0.9574
1305031467.7599 -0.0490 0.5593 -0.8686 0.0401 -0.2425 -0.1587 0.9562
1305031467.7961 -0.0413 0.5553 -0.8606 0.0449 -0.2452 -0.1619 0.9548
1305031467.8278 -0.0387 0.5448 -0.8427 0.0494 -0.2480 -0.1623 0.9538
1305031467.8597 -0.0342 0.5362 -0.8301 0.0561 -0.2526 -0.1588 0.9528
1305031467.8959 -0.0289 0.5336 -0.8210 0.0620 -0.2594 -0.1582 0.9507
1305031467.9278 -0.0260 0.5244 -0.8017 0.0654 -0.2671 -0.1612 0.9478
1305031467.9598 -0.0223 0.5132 -0.7834 0.0719 -0.2728 -0.1621 0.9456
1305031467.9958 -0.0145 0.5156 -0.7671 0.0780 -0.2755 -0.1642 0.9439
1305031468.0281 -0.0166 0.5025 -0.7438 0.0760 -0.2760 -0.1675 0.9434
1305031468.0598 -0.0173 0.4888 -0.7273 0.0807 -0.2779 -0.1699 0.9420
1305031468.0959 -0.0119 0.4853 -0.7117 0.0844 -0.2816 -0.1713 0.9403
1305031468.1278 -0.0113 0.4708 -0.6903 0.0826 -0.2841 -0.1725 0.9395
1305031468.1599 -0.0087 0.4592 -0.6735 0.0850 -0.2861 -0.1756 0.9381
1305031468.1960 -0.0049 0.4490 -0.6556 0.0856 -0.2869 -0.1791 0.9371
1305031468.2282 -0.0034 0.4322 -0.6378 0.0835 -0.2863 -0.1791 0.9375
1305031468.2598 0.0002 0.4182 -0.6213 0.0834 -0.2849 -0.1776 0.9382
1305031468.2958 0.0010 0.4038 -0.6063 0.0829 -0.2822 -0.1780 0.9390
1305031468.3278 0.0020 0.3813 -0.5919 0.0830 -0.2802 -0.1760 0.9400
1305031468.3598 0.0067 0.3717 -0.5828 0.0873 -0.2773 -0.1712 0.9414
1305031468.4598 0.0141 0.3183 -0.5584 0.0777 -0.2765 -0.1692 0.9428
1305031468.5278 0.0117 0.2798 -0.5451 0.0743 -0.2728 -0.1758 0.9430
1305031468.5597 0.0077 0.2603 -0.5424 0.0804 -0.2724 -0.1837 0.9411
1305031468.6596 -0.0084 0.2099 -0.5362 0.0742 -0.2763 -0.1921 0.9388
1305031468.6958 -0.0145 0.1918 -0.5342 0.0782 -0.2823 -0.1953 0.9360
1305031468.7278 -0.0178 0.1801 -0.5305 0.0829 -0.2887 -0.1958 0.9335
1305031468.7596 -0.0218 0.1666 -0.5256 0.0842 -0.2935 -0.1961 0.9318
1305031468.7958 -0.0286 0.1450 -0.5218 0.0871 -0.2959 -0.2011 0.9298
1305031468.8292 -0.0335 0.1337 -0.5192 0.0959 -0.2978 -0.2061 0.9272
1305031468.9281 -0.0398 0.1080 -0.5030 0.0927 -0.2884 -0.2082 0.9300
1305031468.9957 -0.0469 0.1172 -0.5009 0.0764 -0.2775 -0.2095 0.9345
1305031469.0598 -0.0641 0.0942 -0.4905 0.0429 -0.2717 -0.2248 0.9348
1305031469.1597 -0.0668 0.0742 -0.4528 0.0112 -0.2585 -0.2540 0.9319
1305031469.2278 -0.0865 0.0630 -0.4373 -0.0015 -0.2406 -0.2635 0.9342
1305031469.2968 -0.0952 0.0605 -0.4140 -0.0106 -0.2334 -0.2703 0.9340
1305031469.3276 -0.0998 0.0652 -0.4042 -0.0146 -0.2297 -0.2720 0.9344
1305031469.3596 -0.0966 0.0610 -0.3858 -0.0219 -0.2275 -0.2768 0.9334
1305031469.3957 -0.1000 0.0572 -0.3714 -0.0240 -0.2168 -0.2824 0.9342
1305031469.4277 -0.1045 0.0651 -0.3613 -0.0214 -0.2043 -0.2883 0.9352
1305031469.4597 -0.1120 0.0721 -0.3496 -0.0208 -0.1937 -0.2956 0.9352
1305031469.4957 -0.1248 0.0819 -0.3397 -0.0205 -0.1856 -0.2994 0.9357
1305031469.5276 -0.1282 0.0945 -0.3286 -0.0221 -0.1854 -0.2993 0.9357
1305031469.5596 -0.1292 0.1031 -0.3150 -0.0278 -0.1866 -0.2998 0.9351
1305031469.6596 -0.1398 0.1259 -0.2737 -0.0523 -0.1814 -0.3000 0.9351
1305031469.7596 -0.1526 0.1638 -0.2408 -0.0659 -0.1680 -0.2949 0.9383
1305031469.9279 -0.2019 0.2374 -0.2000 -0.0946 -0.1653 -0.2833 0.9399
1305031470.1276 -0.2664 0.3268 -0.1892 -0.1091 -0.1699 -0.2738 0.9404
1305031470.2957 -0.3272 0.3912 -0.2038 -0.1306 -0.1675 -0.2606 0.9418
1305031470.4597 -0.3933 0.4458 -0.2201 -0.1493 -0.1697 -0.2502 0.9415
1305031470.6597 -0.4625 0.4854 -0.2414 -0.1579 -0.1672 -0.2373 0.9438
1305031470.6956 -0.4732 0.4918 -0.2431 -0.1605 -0.1674 -0.2343 0.9441
1305031470.7277 -0.4839 0.4955 -0.2432 -0.1615 -0.1679 -0.2320 0.9444
1305031470.7597 -0.4906 0.4961 -0.2473 -0.1643 -0.1652 -0.2289 0.9452
1305031470.7956 -0.5007 0.5029 -0.2471 -0.1652 -0.1597 -0.2248 0.9469
1305031470.8278 -0.5108 0.5073 -0.2478 -0.1615 -0.1589 -0.2199 0.9488
1305031470.8596 -0.5203 0.5088 -0.2504 -0.1576 -0.1593 -0.2154 0.9505
1305031470.8957 -0.5301 0.5111 -0.2544 -0.1540 -0.1595 -0.2103 0.9522
1305031470.9277 -0.5398 0.5132 -0.2553 -0.1499 -0.1624 -0.2059 0.9533
1305031470.9596 -0.5494 0.5114 -0.2580 -0.1421 -0.1661 -0.2028 0.9545
1305031470.9960 -0.5558 0.5114 -0.2619 -0.1340 -0.1679 -0.1997 0.9560
1305031471.0276 -0.5641 0.5089 -0.2641 -0.1267 -0.1668 -0.1971 0.9577
1305031471.0596 -0.5734 0.5076 -0.2684 -0.1178 -0.1634 -0.1924 0.9604
1305031471.0958 -0.5821 0.5092 -0.2732 -0.1091 -0.1614 -0.1853 0.9632
1305031471.1277 -0.5896 0.5074 -0.2762 -0.1043 -0.1619 -0.1783 0.9649
1305031471.1596 -0.5943 0.5071 -0.2805 -0.0988 -0.1619 -0.1718 0.9667
1305031471.1957 -0.5994 0.5078 -0.2837 -0.0960 -0.1592 -0.1656 0.9685
1305031471.2276 -0.6071 0.5085 -0.2862 -0.0957 -0.1550 -0.1608 0.9700
1305031471.2597 -0.6143 0.5061 -0.2870 -0.0977 -0.1529 -0.1577 0.9707
1305031471.2961 -0.6197 0.5031 -0.2874 -0.0981 -0.1512 -0.1531 0.9716
1305031471.3276 -0.6218 0.5027 -0.2902 -0.0939 -0.1482 -0.1496 0.9731
1305031471.3596 -0.6250 0.5039 -0.2933 -0.0922 -0.1405 -0.1471 0.9747
1305031471.3957 -0.6337 0.4988 -0.2937 -0.0944 -0.1318 -0.1423 0.9764
1305031471.4277 -0.6417 0.4981 -0.2989 -0.0913 -0.1272 -0.1353 0.9783
1305031471.4596 -0.6455 0.4990 -0.3030 -0.0904 -0.1273 -0.1302 0.9791
1305031471.5276 -0.6543 0.4970 -0.3086 -0.0931 -0.1252 -0.1216 0.9803
1305031471.5597 -0.6561 0.4971 -0.3122 -0.0933 -0.1238 -0.1194 0.9807
1305031471.5957 -0.6591 0.4961 -0.3156 -0.0938 -0.1189 -0.1173 0.9815
1305031471.6276 -0.6623 0.4948 -0.3199 -0.0941 -0.1136 -0.1157 0.9823
1305031471.6596 -0.6661 0.4927 -0.3233 -0.0940 -0.1076 -0.1120 0.9834
1305031471.7958 -0.6706 0.4931 -0.3392 -0.0953 -0.0879 -0.0901 0.9875
1305031471.9956 -0.6861 0.5072 -0.3483 -0.1129 -0.0519 -0.0629 0.9903
1305031472.4277 -0.7431 0.5152 -0.3486 -0.1059 -0.0125 -0.0501 0.9930
1305031472.6636 -0.7367 0.4925 -0.3475 -0.0981 -0.0155 -0.0432 0.9941
1305031472.8276 -0.7303 0.4775 -0.3418 -0.0889 -0.0165 -0.0447 0.9949
