1341847980.7547 0.0000 0.0000 0.0000 0.0000 0.0000 0.0000 1.0000
1341847982.2627 -0.0441 0.0281 -0.1124 0.0061 -0.0087 0.0063 0.9999
1341847983.4027 -0.2531 -0.0259 -0.1338 -0.0108 0.0255 0.0282 0.9992
1341847983.8707 -0.4225 -0.0293 -0.1729 0.0042 0.0397 0.0353 0.9986
1341847984.2748 -0.5804 -0.0100 -0.1767 -0.0154 0.0507 0.0315 0.9981
1341847984.8788 -0.7648 -0.0466 -0.0083 -0.0124 0.0556 0.0437 0.9974
1341847985.4146 -0.8485 -0.1271 0.1605 -0.0203 0.0851 0.0601 0.9944
1341847985.7470 -0.9108 -0.1753 0.2759 -0.0059 0.1086 0.0761 0.9912
1341847986.0826 -0.9723 -0.2309 0.3678 0.0071 0.1340 0.0966 0.9862
1341847986.3592 -1.0024 -0.2795 0.4505 0.0117 0.1612 0.1055 0.9812
1341847986.6619 -1.0275 -0.3284 0.5596 0.0111 0.1872 0.1163 0.9753
1341847987.0912 -1.0598 -0.3906 0.7047 -0.0074 0.2047 0.1514 0.9670
1341847987.3907 -1.0880 -0.4307 0.8010 -0.0132 0.2495 0.1441 0.9575
1341847987.9337 -1.1786 -0.4218 0.9560 0.0173 0.2845 0.1797 0.9415
1341847988.6018 -1.2639 -0.4373 1.0937 0.0250 0.2997 0.1855 0.9355
1341847989.0667 -1.3554 -0.4687 1.1306 0.0071 0.3207 0.2022 0.9253
1341847989.3667 -1.4478 -0.5135 1.1381 0.0135 0.3127 0.1881 0.9309
1341847989.7707 -1.5492 -0.5549 1.1371 0.0049 0.3291 0.1727 0.9284
1341847990.1067 -1.6630 -0.5796 1.1372 0.0087 0.3396 0.1766 0.9238
1341847990.4426 -1.7798 -0.5976 1.1364 0.0128 0.3345 0.1838 0.9242
1341847990.9108 -1.8934 -0.6202 1.1598 0.0096 0.3479 0.2075 0.9142
1341847991.3467 -1.9902 -0.6593 1.2162 0.0194 0.3723 0.2222 0.9009
1341847991.7468 -2.0540 -0.7017 1.2613 0.0156 0.3992 0.2592 0.8793
1341847992.0506 -2.1053 -0.7526 1.2910 0.0099 0.4279 0.2612 0.8652
1341847992.4189 -2.1817 -0.8008 1.3551 0.0124 0.4551 0.2723 0.8477
1341847992.6547 -2.2529 -0.8335 1.3961 0.0125 0.4679 0.2842 0.8368
1341847993.0227 -2.2953 -0.8578 1.4685 0.0120 0.4813 0.2929 0.8261
1341847993.3547 -2.3355 -0.9056 1.5426 0.0136 0.4988 0.3006 0.8128
1341847993.5910 -2.3632 -0.9398 1.6086 0.0159 0.5105 0.3151 0.7999
1341847993.8267 -2.3792 -0.9766 1.6758 -0.0004 0.5185 0.3208 0.7926
1341847994.1697 -2.3970 -1.0385 1.7414 -0.0018 0.5381 0.3194 0.7800
1341847994.3338 -2.4134 -1.0697 1.7741 0.0080 0.5489 0.3246 0.7702
1341847994.5017 -2.4476 -1.1044 1.8174 0.0183 0.5576 0.3285 0.7622
1341847994.6017 -2.4686 -1.1218 1.8445 0.0207 0.5616 0.3339 0.7567
1341847994.7698 -2.4875 -1.1508 1.8921 0.0166 0.5693 0.3403 0.7482
1341847994.8668 -2.5062 -1.1664 1.9185 0.0083 0.5733 0.3491 0.7412
1341847995.0987 -2.5205 -1.1942 1.9682 0.0061 0.5878 0.3594 0.7248
1341847995.2988 -2.5307 -1.2241 2.0077 0.0112 0.6030 0.3641 0.7097
1341847995.5027 -2.5382 -1.2520 2.0550 0.0091 0.6124 0.3654 0.7010
1341847995.7028 -2.5425 -1.2724 2.1005 0.0115 0.6092 0.3842 0.6937
1341847996.0707 -2.5319 -1.3052 2.1502 0.0092 0.6233 0.3908 0.6772
1341847996.3389 -2.5466 -1.3246 2.1749 0.0115 0.6397 0.3911 0.6616
1341847996.5748 -2.5621 -1.3470 2.2078 0.0150 0.6514 0.3973 0.6462
1341847996.8068 -2.5714 -1.3633 2.2555 0.0005 0.6618 0.4064 0.6300
1341847997.1430 -2.6060 -1.4214 2.3457 0.0100 0.6677 0.4110 0.6206
1341847997.5466 -2.6105 -1.4901 2.4388 0.0071 0.6839 0.4072 0.6054
1341847997.8469 -2.5834 -1.5535 2.5195 0.0139 0.7015 0.3994 0.5901
1341847998.3188 -2.5255 -1.6416 2.6523 0.0194 0.6984 0.4124 0.5846
1341847998.7187 -2.4883 -1.7061 2.7813 -0.0007 0.6918 0.4095 0.5947
1341847999.0549 -2.4819 -1.7542 2.8991 -0.0033 0.6911 0.4229 0.5861
1341847999.3908 -2.4592 -1.7982 2.9781 0.0084 0.7067 0.4315 0.5606
1341847999.5907 -2.4346 -1.8210 3.0118 0.0195 0.7250 0.4392 0.5303
1341847999.8588 -2.3742 -1.8391 3.0532 0.0254 0.7438 0.4486 0.4949
1341848000.0948 -2.3176 -1.8394 3.0832 0.0231 0.7494 0.4765 0.4591
1341848000.3627 -2.2543 -1.8350 3.1001 0.0100 0.7532 0.4985 0.4290
1341848000.7308 -2.1595 -1.8288 3.1148 0.0109 0.7684 0.5016 0.3973
1341848001.1307 -2.0400 -1.8462 3.1456 0.0284 0.7824 0.5065 0.3611
1341848001.4347 -1.9523 -1.8304 3.1663 0.0103 0.8001 0.5023 0.3277
1341848001.6666 -1.8995 -1.8132 3.1685 0.0011 0.8186 0.5000 0.2826
1341848002.0708 -1.8333 -1.8103 3.1680 0.0161 0.8339 0.5026 0.2275
1341848002.4747 -1.7310 -1.7791 3.1473 0.0084 0.8366 0.5160 0.1836
1341848003.1426 -1.5685 -1.7259 3.1678 -0.0024 0.8361 0.5168 0.1840
1341848003.5469 -1.4684 -1.7037 3.1822 -0.0226 0.8345 0.5031 0.2235
1341848003.8179 -1.4063 -1.6847 3.1769 -0.0226 0.8273 0.4926 0.2689
1341848004.1217 -1.3381 -1.6388 3.1425 -0.0212 0.8172 0.4893 0.3037
1341848004.3898 -1.2719 -1.6004 3.1284 -0.0279 0.8033 0.4842 0.3457
1341848004.6258 -1.2194 -1.5693 3.1286 -0.0403 0.7850 0.4863 0.3816
1341848004.9578 -1.1724 -1.5421 3.1385 -0.0502 0.7639 0.4925 0.4140
1341848005.4257 -1.1368 -1.5308 3.1596 -0.0498 0.7425 0.4830 0.4615
1341848005.8299 -1.0961 -1.5395 3.1826 -0.0489 0.7252 0.4701 0.5007
1341848006.1658 -1.0707 -1.5568 3.2036 -0.0351 0.7170 0.4488 0.5323
1341848006.4697 -1.0487 -1.5709 3.2271 -0.0205 0.7065 0.4349 0.5579
1341848006.9377 -1.0036 -1.6222 3.2750 -0.0091 0.7073 0.4349 0.5572
1341848007.2057 -0.9946 -1.6623 3.3184 -0.0015 0.7223 0.4455 0.5289
1341848007.5667 -0.9821 -1.7311 3.3840 0.0074 0.7324 0.4517 0.5095
1341848007.9028 -0.9508 -1.7771 3.4299 0.0104 0.7489 0.4713 0.4658
1341848008.1388 -0.9155 -1.8136 3.4661 0.0154 0.7580 0.4873 0.4333
1341848008.5388 -0.8488 -1.8689 3.5301 0.0192 0.7685 0.5132 0.3816
1341848009.1108 -0.7651 -1.9329 3.5932 0.0169 0.7852 0.5266 0.3254
1341848009.4429 -0.7155 -1.9306 3.6355 0.0136 0.7973 0.5422 0.2649
1341848010.1147 -0.5554 -1.9036 3.6588 0.0056 0.8030 0.5386 0.2552
1341848010.5506 -0.4635 -1.8483 3.5649 0.0097 0.7988 0.5583 0.2238
1341848010.9508 -0.4463 -1.8285 3.6546 0.0018 0.8432 0.5055 0.1832
1341848011.4868 -0.4176 -1.7954 3.6267 0.0092 0.8545 0.5016 0.1348
1341848011.9588 -0.3852 -1.7778 3.5774 0.0131 0.8496 0.5219 0.0757
1341848012.3947 -0.3768 -1.7106 3.4961 -0.0094 0.8416 0.5331 0.0865
1341848012.7947 -0.3350 -1.6586 3.4224 -0.0438 0.8338 0.5360 0.1245
1341848013.1987 -0.3080 -1.6249 3.4017 -0.0710 0.8278 0.5185 0.2023
1341848013.5348 -0.2800 -1.6032 3.4213 -0.0872 0.8089 0.5142 0.2714
1341848013.8027 -0.2491 -1.6017 3.4405 -0.0969 0.8007 0.4901 0.3305
1341848014.1347 -0.2048 -1.5898 3.4592 -0.1159 0.7811 0.4714 0.3927
1341848014.3706 -0.1539 -1.5827 3.4807 -0.1275 0.7590 0.4568 0.4461
1341848014.5387 -0.1150 -1.5823 3.4975 -0.1362 0.7398 0.4362 0.4938
1341848014.7387 -0.0776 -1.5910 3.5174 -0.1305 0.7247 0.4113 0.5372
1341848014.9387 -0.0466 -1.5936 3.5407 -0.1129 0.7068 0.4006 0.5720
1341848015.2435 -0.0091 -1.5724 3.5500 -0.1412 0.6645 0.3983 0.6164
1341848015.4750 0.0166 -1.5629 3.5569 -0.1380 0.6226 0.3871 0.6659
1341848015.6858 0.0294 -1.5598 3.5609 -0.1416 0.5820 0.3639 0.7133
1341848015.8179 0.0363 -1.5651 3.5629 -0.1368 0.5605 0.3459 0.7399
1341848015.9540 0.0395 -1.5728 3.5711 -0.1392 0.5478 0.3214 0.7597
1341848016.0539 0.0392 -1.5797 3.5722 -0.1348 0.5375 0.3089 0.7730
1341848016.1218 0.0340 -1.5814 3.5686 -0.1326 0.5311 0.3012 0.7807
1341848016.2900 0.0313 -1.5871 3.5692 -0.1415 0.5260 0.2925 0.7860
1341848016.3898 0.0261 -1.5888 3.5723 -0.1354 0.5328 0.3013 0.7791
1341848016.4901 0.0234 -1.5940 3.5788 -0.1262 0.5387 0.3104 0.7730
1341848016.5898 0.0147 -1.5990 3.5852 -0.1165 0.5439 0.3102 0.7709
1341848016.6899 0.0037 -1.6051 3.5936 -0.1051 0.5444 0.3176 0.7692
1341848016.8508 -0.0122 -1.6191 3.6167 -0.1038 0.5473 0.3159 0.7681
1341848017.0187 -0.0381 -1.6315 3.6396 -0.1045 0.5502 0.3183 0.7649
1341848017.1869 -0.0659 -1.6451 3.6483 -0.0997 0.5606 0.3251 0.7550
1341848017.3187 -0.0846 -1.6600 3.6593 -0.0861 0.5777 0.3297 0.7417
1341848017.4188 -0.1160 -1.6727 3.6584 -0.0688 0.5909 0.3319 0.7321
1341848017.6227 -0.1541 -1.6897 3.6651 -0.0582 0.6100 0.3346 0.7159
1341848017.8547 -0.1859 -1.7074 3.6767 -0.0379 0.6292 0.3335 0.7010
1341848018.2267 -0.2162 -1.7254 3.7030 -0.0383 0.6504 0.3436 0.6764
1341848018.5345 -0.2310 -1.7539 3.7599 -0.0282 0.6726 0.3647 0.6433
1341848018.7018 -0.2440 -1.7721 3.8033 -0.0278 0.6851 0.3729 0.6251
1341848019.0698 -0.2659 -1.8362 3.8871 -0.0229 0.7027 0.3750 0.6042
1341848019.2987 -0.2855 -1.8655 3.9365 -0.0265 0.7204 0.3811 0.5788
1341848019.4988 -0.3000 -1.8968 3.9945 -0.0300 0.7391 0.3837 0.5528
1341848019.7667 -0.3211 -1.9400 4.0848 -0.0239 0.7535 0.3917 0.5275
1341848020.0347 -0.3285 -1.9706 4.1415 -0.0148 0.7714 0.4025 0.4927
1341848020.3028 -0.3142 -1.9977 4.1920 -0.0134 0.7920 0.4081 0.4538
1341848020.5387 -0.2871 -2.0223 4.2400 -0.0029 0.8146 0.4072 0.4131
1341848020.9066 -0.2371 -2.0655 4.3136 0.0074 0.8261 0.4275 0.3671
1341848021.2749 -0.1712 -2.0986 4.3697 0.0074 0.8417 0.4318 0.3241
1341848021.4879 -0.1258 -2.1262 4.4044 0.0218 0.8600 0.4231 0.2846
1341848021.7107 -0.0725 -2.1925 4.4592 0.0174 0.8687 0.4259 0.2525
1341848021.8789 -0.0495 -2.2777 4.4814 0.0202 0.8667 0.4421 0.2300
1341848022.1467 0.0313 -2.2895 4.4929 0.0164 0.8777 0.4356 0.1993
1341848022.3541 0.0843 -2.3080 4.4869 0.0296 0.8863 0.4310 0.1671
1341848022.5217 0.1297 -2.3185 4.4749 0.0381 0.8934 0.4253 0.1397
1341848022.6542 0.1602 -2.3340 4.4634 0.0424 0.8977 0.4212 0.1221
1341848022.8508 0.2184 -2.3283 4.4478 0.0400 0.8980 0.4303 0.0823
1341848023.0188 0.2520 -2.3164 4.4472 0.0188 0.8981 0.4374 0.0410
1341848023.2187 0.3229 -2.3027 4.4365 0.0295 0.8943 0.4463 -0.0124
1341848023.3548 0.3643 -2.2903 4.4251 0.0179 0.8859 0.4619 -0.0378
1341848023.6872 0.4457 -2.2695 4.3815 0.0169 0.8784 0.4697 -0.0867
1341848023.9907 0.4997 -2.2454 4.3166 0.0202 0.8760 0.4636 -0.1316
1341848024.3909 0.5493 -2.2102 4.2234 0.0381 0.8617 0.4717 -0.1832
1341848024.7947 0.6168 -2.1653 4.1660 0.0356 0.8450 0.4813 -0.2304
1341848025.1631 0.7224 -2.1366 4.1298 0.0500 0.8343 0.4772 -0.2717
1341848025.6307 0.8175 -2.1148 4.0834 0.0512 0.8214 0.4782 -0.3068
1341848026.1347 0.8939 -2.0735 4.0238 0.0671 0.8053 0.4743 -0.3492
1341848026.6420 0.9738 -2.0392 3.9676 0.0846 0.7902 0.4664 -0.3884
1341848026.9389 1.0420 -2.0209 3.9396 0.0823 0.7888 0.4676 -0.3904
1341848027.2072 1.1254 -2.0187 3.9249 0.0839 0.7875 0.4642 -0.3966
1341848027.4430 1.2006 -2.0223 3.9110 0.0861 0.7907 0.4528 -0.4028
1341848027.7110 1.2767 -2.0263 3.8950 0.0815 0.8027 0.4443 -0.3894
1341848028.0467 1.3396 -2.0152 3.8484 0.0703 0.8092 0.4506 -0.3704
1341848028.3790 1.3858 -1.9960 3.7829 0.0751 0.8139 0.4380 -0.3742
1341848028.7218 1.4494 -1.9713 3.7098 0.0816 0.8135 0.4330 -0.3795
1341848029.1507 1.5238 -1.9398 3.6203 0.0829 0.8108 0.4370 -0.3806
1341848029.5189 1.5946 -1.9171 3.5676 0.0742 0.8017 0.4384 -0.3995
1341848029.7188 1.6507 -1.9128 3.5453 0.0794 0.7957 0.4306 -0.4186
1341848029.9228 1.7042 -1.9049 3.5269 0.0840 0.7872 0.4273 -0.4366
1341848030.1907 1.7623 -1.8889 3.5012 0.0852 0.7750 0.4272 -0.4578
1341848030.3589 1.7892 -1.8775 3.4825 0.0838 0.7638 0.4300 -0.4741
1341848030.6270 1.8283 -1.8536 3.4455 0.0851 0.7494 0.4285 -0.4975
1341848030.8947 1.8732 -1.8351 3.3964 0.0965 0.7388 0.4101 -0.5260
1341848031.1629 1.9260 -1.8214 3.3336 0.1117 0.7335 0.3888 -0.5462
1341848031.5629 1.9827 -1.8091 3.2676 0.1131 0.7230 0.3850 -0.5623
1341848031.8667 2.0327 -1.8062 3.2365 0.1092 0.7084 0.3725 -0.5895
1341848032.0987 2.0892 -1.8088 3.2151 0.1071 0.6988 0.3629 -0.6071
1341848032.2347 2.1232 -1.8128 3.2072 0.1086 0.6978 0.3613 -0.6089
1341848032.2667 2.1336 -1.8132 3.2052 0.1089 0.6963 0.3619 -0.6102
1341848032.3667 2.1534 -1.8112 3.1954 0.1082 0.6934 0.3616 -0.6137
1341848032.5030 2.1768 -1.8062 3.1804 0.1055 0.6918 0.3564 -0.6190
1341848032.7028 2.2109 -1.8042 3.1477 0.0993 0.6937 0.3481 -0.6227
1341848033.0392 2.2387 -1.7703 3.0875 0.0980 0.6926 0.3432 -0.6268
1341848033.3067 2.2533 -1.7479 3.0357 0.1011 0.6805 0.3347 -0.6440
1341848033.6429 2.2740 -1.7270 2.9744 0.1069 0.6684 0.3281 -0.6589
1341848034.0108 2.2974 -1.7176 2.9230 -0.1021 -0.6522 -0.3146 0.6821
1341848034.1788 2.3161 -1.7203 2.9082 -0.0971 -0.6364 -0.2987 0.7046
1341848034.4857 2.3703 -1.7180 2.8682 -0.1003 -0.6198 -0.2793 0.7265
1341848034.5537 2.3838 -1.7117 2.8560 -0.0981 -0.6191 -0.2795 0.7273
1341848034.6538 2.4043 -1.7012 2.8371 -0.1011 -0.6176 -0.2822 0.7271
1341848034.8147 2.4344 -1.6829 2.8053 -0.1055 -0.6135 -0.2836 0.7295
1341848035.2843 2.4720 -1.6384 2.7368 -0.1092 -0.5985 -0.2885 0.7394
1341848035.7867 2.4887 -1.6005 2.6309 -0.1242 -0.5813 -0.2582 0.7616
1341848036.3549 2.4887 -1.5560 2.5071 -0.1318 -0.5574 -0.2460 0.7820
1341848036.7589 2.4960 -1.5166 2.4043 -0.1216 -0.5445 -0.2255 0.7986
1341848037.0268 2.5132 -1.4934 2.3145 -0.1145 -0.5310 -0.2087 0.8132
1341848037.2270 2.5280 -1.4743 2.2467 -0.0933 -0.5381 -0.1941 0.8149
1341848037.6987 2.5186 -1.4228 2.1080 -0.0695 -0.5382 -0.1980 0.8163
1341848037.9669 2.4949 -1.3841 2.0446 -0.0796 -0.5160 -0.1917 0.8310
1341848038.3065 2.4637 -1.3425 1.9669 -0.0913 -0.4878 -0.1931 0.8464
1341848038.8028 2.4301 -1.2966 1.8333 -0.0747 -0.4737 -0.1895 0.8568
1341848039.1387 2.4367 -1.2560 1.7432 -0.0786 -0.4536 -0.1736 0.8706
1341848039.6748 2.4323 -1.2014 1.6219 -0.0738 -0.4298 -0.1725 0.8832
1341848040.2427 2.3621 -1.1363 1.5068 -0.0865 -0.3958 -0.1598 0.9002
1341848040.7788 2.2916 -1.1203 1.4102 -0.0752 -0.3546 -0.1323 0.9225
1341848041.1900 2.2489 -1.0871 1.3477 -0.0869 -0.3013 -0.0983 0.9444
1341848041.5868 2.1788 -1.0540 1.3147 -0.1026 -0.2594 -0.0901 0.9561
1341848042.2229 1.9867 -1.0344 1.2555 -0.1027 -0.2160 -0.0443 0.9700
1341848042.6978 1.8607 -1.0176 1.2395 -0.1132 -0.1599 -0.0196 0.9804
1341848043.1340 1.7671 -0.9947 1.2158 -0.1208 -0.1053 0.0119 0.9870
1341848043.8697 1.5636 -1.0854 1.2097 -0.1462 -0.0511 0.0271 0.9876
1341848044.7060 1.3683 -1.0864 1.2906 -0.1548 0.0164 0.0672 0.9855
1341848045.4747 1.1897 -1.0898 1.3708 -0.1614 0.0486 0.0880 0.9818
1341848045.9428 1.1015 -1.0927 1.4730 -0.1643 0.0179 0.0760 0.9833
1341848046.3823 1.0305 -1.0754 1.5104 -0.1692 -0.0304 0.0386 0.9844
1341848046.8147 0.9487 -1.0503 1.4650 -0.1684 -0.0578 0.0202 0.9838
1341848047.2149 0.8808 -1.0196 1.3883 -0.1732 -0.0662 0.0137 0.9826
1341848047.5187 0.8148 -1.0121 1.3238 -0.1741 -0.0874 0.0058 0.9808
1341848047.9547 0.7274 -1.0046 1.2641 -0.1707 -0.0993 -0.0028 0.9803
1341848048.4549 0.6138 -1.0036 1.2058 -0.1553 -0.0774 -0.0002 0.9848
1341848048.8910 0.5379 -1.0133 1.1535 -0.1258 -0.0744 0.0062 0.9892
1341848049.3268 0.4600 -1.0174 1.0802 -0.0944 -0.0859 -0.0085 0.9918
1341848049.6951 0.3855 -0.9997 0.9986 -0.0893 -0.0789 0.0045 0.9929
1341848050.0308 0.3075 -0.9739 0.9255 -0.0945 -0.1001 -0.0056 0.9905
1341848050.3987 0.2396 -0.9463 0.8784 -0.0956 -0.1323 -0.0316 0.9861
1341848050.7669 0.1680 -0.9386 0.8426 -0.0935 -0.1729 -0.0531 0.9791
1341848051.1387 0.0982 -0.9317 0.8071 -0.0848 -0.2125 -0.0741 0.9707
1341848051.4709 0.0663 -0.9344 0.7830 -0.0660 -0.2440 -0.0837 0.9639
1341848051.7067 0.0575 -0.9226 0.7696 -0.0437 -0.2819 -0.1134 0.9517
1341848052.0749 0.0884 -0.9176 0.7393 -0.0345 -0.3087 -0.1690 0.9354
1341848052.3111 0.1274 -0.9090 0.7290 -0.0346 -0.2942 -0.1943 0.9352
1341848052.5433 0.1833 -0.9088 0.7098 -0.0269 -0.2858 -0.2042 0.9359
1341848052.6787 0.2274 -0.9173 0.6860 -0.0219 -0.2826 -0.2227 0.9328
1341848052.8788 0.2715 -0.9227 0.6713 -0.0257 -0.2687 -0.2281 0.9355
1341848053.0467 0.3022 -0.9358 0.6531 -0.0309 -0.2449 -0.2252 0.9425
1341848053.2480 0.3393 -0.9419 0.6440 -0.0334 -0.2126 -0.2189 0.9517
1341848053.4857 0.3857 -0.9410 0.6180 -0.0355 -0.1801 -0.1963 0.9632
1341848053.6897 0.4229 -0.9415 0.6018 -0.0547 -0.1454 -0.1736 0.9725
1341848053.9511 0.4485 -0.9527 0.5752 -0.0629 -0.0954 -0.1314 0.9847
1341848054.4547 0.4344 -0.9602 0.4675 -0.0835 -0.0709 -0.0822 0.9906
1341848054.9228 0.4651 -0.9787 0.3771 -0.0744 -0.0476 -0.0485 0.9949
1341848055.2589 0.4757 -0.9670 0.2739 -0.0579 -0.0304 -0.0246 0.9976
1341848055.5626 0.4590 -0.9472 0.1659 -0.0560 -0.0141 -0.0215 0.9981
1341848055.8628 0.4319 -0.9274 0.0912 -0.0574 0.0172 -0.0060 0.9982
1341848056.2639 0.3175 -0.8993 0.0260 -0.0543 0.0293 0.0095 0.9980
1341848056.4989 0.2271 -0.8769 -0.0031 -0.0722 0.0159 0.0258 0.9969
1341848056.8029 0.1257 -0.8622 -0.0309 -0.0904 -0.0054 0.0258 0.9956
1341848057.2708 -0.0116 -0.8392 -0.0571 -0.1060 0.0083 0.0105 0.9943
1341848057.5711 -0.1198 -0.8086 -0.0929 -0.1222 0.0274 0.0196 0.9919
1341848057.9388 -0.2614 -0.7679 -0.1430 -0.1249 0.0581 0.0508 0.9892
1341848058.2747 -0.3928 -0.7530 -0.1468 -0.1136 0.0344 0.0442 0.9919
1341848058.9468 -0.5643 -0.7463 -0.1086 -0.0987 0.0619 0.0713 0.9906
1341848059.3147 -0.5874 -0.7477 -0.0952 -0.0828 0.0952 0.0745 0.9892
1341848060.0187 -0.6128 -0.7413 -0.1136 -0.0537 0.1224 0.0770 0.9880
1341848060.6561 -0.5802 -0.7229 -0.1268 -0.0250 0.1327 0.0397 0.9901
1341848061.1979 -0.4853 -0.7500 -0.1469 -0.0038 0.0997 0.0461 0.9939
1341848061.6949 -0.4257 -0.7518 -0.1156 0.0174 0.1076 0.0524 0.9927
1341848062.7349 -0.3253 -0.7522 -0.0559 0.0027 0.0616 0.0415 0.9972
1341848063.6097 -0.1472 -0.7696 -0.0094 -0.0169 0.0269 0.0071 0.9995
1341848064.2139 -0.0375 -0.8161 0.1231 -0.0229 0.0018 0.0017 0.9997
1341848064.5180 0.0510 -0.8510 0.2099 -0.0185 0.0071 -0.0092 0.9998
1341848065.2787 0.2355 -0.8802 0.2856 -0.0173 -0.0209 0.0064 0.9996
1341848066.1187 0.3889 -0.8840 0.3136 -0.0255 -0.0862 -0.0390 0.9952
1341848066.9050 0.5289 -0.9401 0.4272 -0.0105 -0.1240 -0.0802 0.9890
1341848067.7948 0.6499 -0.9647 0.4611 -0.0025 -0.1122 -0.0639 0.9916
