1305031453.4237 0.0032 0.0034 -0.0062 0.0016 0.0044 0.0096 0.9999
1305031453.4597 0.0066 0.0087 -0.0165 0.0058 0.0109 0.0182 0.9998
1305031453.4917 0.0093 0.0148 -0.0261 0.0106 0.0173 0.0289 0.9994
1305031453.5237 0.0087 0.0216 -0.0372 0.0181 0.0228 0.0381 0.9989
1305031453.5598 0.0098 0.0272 -0.0497 0.0254 0.0254 0.0448 0.9984
1305031453.5916 0.0096 0.0350 -0.0652 0.0331 0.0281 0.0492 0.9978
1305031453.6277 0.0055 0.0395 -0.0796 0.0394 0.0295 0.0536 0.9973
1305031453.6596 0.0023 0.0465 -0.0941 0.0470 0.0253 0.0521 0.9972
1305031453.6917 -0.0019 0.0554 -0.1105 0.0535 0.0200 0.0473 0.9972
1305031453.7277 -0.0098 0.0645 -0.1245 0.0581 0.0154 0.0427 0.9973
1305031453.7597 -0.0191 0.0695 -0.1374 0.0620 0.0072 0.0351 0.9974
1305031453.7917 -0.0228 0.0797 -0.1510 0.0669 -0.0028 0.0271 0.9974
1305031453.8278 -0.0328 0.0854 -0.1635 0.0690 -0.0098 0.0209 0.9973
1305031453.8597 -0.0449 0.0928 -0.1735 0.0709 -0.0220 0.0134 0.9972
1305031453.8917 -0.0824 0.1116 -0.1697 0.0759 -0.0275 0.0071 0.9967
1305031453.9277 -0.0633 0.1077 -0.1909 0.0684 -0.0572 0.0031 0.9960
1305031453.9596 -0.0698 0.1140 -0.1980 0.0665 -0.0737 -0.0061 0.9950
1305031453.9916 -0.0808 0.1164 -0.1987 0.0655 -0.0849 -0.0177 0.9941
1305031454.0277 -0.0905 0.1182 -0.2022 0.0675 -0.0970 -0.0273 0.9926
1305031454.0597 -0.0951 0.1203 -0.1998 0.0682 -0.1090 -0.0357 0.9911
1305031454.0917 -0.1013 0.1193 -0.1956 0.0686 -0.1219 -0.0482 0.9890
1305031454.1277 -0.1075 0.1179 -0.1943 0.0712 -0.1374 -0.0617 0.9860
1305031454.1597 -0.1057 0.1221 -0.1926 0.0722 -0.1561 -0.0721 0.9825
1305031454.1917 -0.1015 0.1340 -0.1752 0.0761 -0.1670 -0.0712 0.9804
1305031454.2277 -0.1135 0.1312 -0.1699 0.0789 -0.1835 -0.0899 0.9757
1305031454.2596 -0.1155 0.1337 -0.1655 0.0863 -0.1996 -0.1066 0.9702
1305031454.2916 -0.1213 0.1385 -0.1662 0.0858 -0.2077 -0.1183 0.9672
1305031454.3277 -0.1210 0.1407 -0.1729 0.0860 -0.2121 -0.1238 0.9656
1305031454.3596 -0.1263 0.1438 -0.1705 0.0941 -0.2247 -0.1395 0.9598
1305031454.3917 -0.1308 0.1487 -0.1743 0.0962 -0.2325 -0.1515 0.9559
1305031454.4275 -0.1430 0.1533 -0.1780 0.0986 -0.2425 -0.1658 0.9508
1305031454.4599 -0.1386 0.1527 -0.1768 0.1012 -0.2556 -0.1814 0.9442
1305031454.4916 -0.1441 0.1587 -0.1793 0.1042 -0.2595 -0.1977 0.9395
1305031454.5277 -0.1464 0.1639 -0.1802 0.1048 -0.2662 -0.2142 0.9340
1305031454.5596 -0.1510 0.1700 -0.1836 0.1025 -0.2715 -0.2276 0.9295
1305031454.5916 -0.1581 0.1752 -0.1867 0.1000 -0.2802 -0.2441 0.9230
1305031454.6276 -0.1609 0.1777 -0.1849 0.0985 -0.2940 -0.2588 0.9148
1305031454.6595 -0.1594 0.1850 -0.1848 0.0942 -0.3072 -0.2667 0.9086
1305031454.6919 -0.1627 0.1879 -0.1845 0.0866 -0.3203 -0.2744 0.9025
1305031454.7277 -0.1611 0.1885 -0.1790 0.0815 -0.3348 -0.2801 0.8960
1305031454.7597 -0.1570 0.1919 -0.1761 0.0755 -0.3420 -0.2778 0.8945
1305031454.7916 -0.1522 0.1955 -0.1752 0.0693 -0.3455 -0.2709 0.8958
1305031454.8276 -0.1447 0.2045 -0.1737 0.0653 -0.3475 -0.2648 0.8971
1305031454.8596 -0.1411 0.2097 -0.1719 0.0588 -0.3451 -0.2584 0.9004
1305031454.8918 -0.1377 0.2162 -0.1729 0.0544 -0.3405 -0.2515 0.9044
1305031454.9276 -0.1351 0.2237 -0.1745 0.0498 -0.3352 -0.2458 0.9081
1305031454.9596 -0.1354 0.2311 -0.1782 0.0457 -0.3299 -0.2401 0.9118
1305031454.9919 -0.1391 0.2386 -0.1840 0.0422 -0.3261 -0.2347 0.9148
1305031455.0278 -0.1397 0.2506 -0.1879 0.0423 -0.3251 -0.2316 0.9159
1305031455.0596 -0.1429 0.2567 -0.1901 0.0401 -0.3225 -0.2298 0.9174
1305031455.0917 -0.1477 0.2643 -0.1948 0.0422 -0.3189 -0.2293 0.9187
1305031455.1277 -0.1523 0.2756 -0.2008 0.0437 -0.3139 -0.2276 0.9208
1305031455.1597 -0.1617 0.2854 -0.2081 0.0424 -0.3082 -0.2234 0.9237
1305031455.1917 -0.1713 0.2931 -0.2120 0.0383 -0.3045 -0.2180 0.9264
1305031455.2276 -0.1810 0.2994 -0.2176 0.0372 -0.3009 -0.2127 0.9289
1305031455.2596 -0.1870 0.3132 -0.2237 0.0359 -0.2961 -0.2066 0.9319
1305031455.2918 -0.2005 0.3171 -0.2294 0.0261 -0.2896 -0.1978 0.9361
1305031455.3278 -0.2119 0.3266 -0.2387 0.0204 -0.2860 -0.1876 0.9395
1305031455.3596 -0.2181 0.3366 -0.2406 0.0127 -0.2849 -0.1815 0.9411
1305031455.3917 -0.2288 0.3369 -0.2435 0.0008 -0.2782 -0.1741 0.9446
1305031455.4276 -0.2429 0.3414 -0.2519 -0.0071 -0.2703 -0.1646 0.9486
1305031455.4596 -0.2568 0.3417 -0.2594 -0.0133 -0.2662 -0.1561 0.9511
1305031455.4916 -0.2681 0.3460 -0.2686 -0.0183 -0.2623 -0.1453 0.9538
1305031455.5276 -0.2848 0.3432 -0.2780 -0.0256 -0.2581 -0.1325 0.9567
1305031455.5597 -0.3010 0.3439 -0.2904 -0.0291 -0.2577 -0.1194 0.9584
1305031455.5916 -0.3122 0.3490 -0.3033 -0.0316 -0.2584 -0.1053 0.9598
1305031455.6276 -0.3268 0.3443 -0.3074 -0.0384 -0.2575 -0.0930 0.9610
1305031455.6596 -0.3422 0.3410 -0.3193 -0.0367 -0.2548 -0.0869 0.9624
1305031455.6916 -0.3552 0.3427 -0.3324 -0.0322 -0.2529 -0.0877 0.9630
1305031455.7276 -0.3675 0.3405 -0.3437 -0.0296 -0.2499 -0.0923 0.9634
1305031455.7597 -0.3805 0.3383 -0.3563 -0.0281 -0.2443 -0.0954 0.9646
1305031455.7917 -0.3948 0.3297 -0.3693 -0.0278 -0.2387 -0.0943 0.9661
1305031455.8276 -0.4069 0.3279 -0.3857 -0.0247 -0.2352 -0.0937 0.9671
1305031455.8595 -0.4170 0.3226 -0.3980 -0.0248 -0.2337 -0.0950 0.9673
1305031455.8917 -0.4261 0.3195 -0.4105 -0.0242 -0.2312 -0.0952 0.9679
1305031455.9280 -0.4360 0.3147 -0.4203 -0.0250 -0.2278 -0.0959 0.9687
1305031455.9597 -0.4442 0.3141 -0.4335 -0.0234 -0.2241 -0.0983 0.9693
1305031455.9917 -0.4514 0.3111 -0.4425 -0.0252 -0.2199 -0.1005 0.9700
1305031456.0278 -0.4591 0.3160 -0.4563 -0.0274 -0.2131 -0.1054 0.9709
1305031456.0597 -0.4712 0.3087 -0.4619 -0.0367 -0.2076 -0.1134 0.9709
1305031456.0917 -0.4820 0.2993 -0.4659 -0.0427 -0.2035 -0.1187 0.9709
1305031456.1276 -0.4911 0.2937 -0.4710 -0.0440 -0.1995 -0.1200 0.9715
1305031456.1597 -0.4996 0.2836 -0.4719 -0.0459 -0.1947 -0.1203 0.9724
1305031456.1917 -0.5079 0.2753 -0.4759 -0.0416 -0.1871 -0.1176 0.9744
1305031456.2277 -0.5150 0.2810 -0.4822 -0.0362 -0.1770 -0.1138 0.9770
1305031456.2917 -0.5399 0.2640 -0.4827 -0.0373 -0.1538 -0.1065 0.9816
1305031456.3277 -0.5510 0.2583 -0.4815 -0.0338 -0.1433 -0.0996 0.9841
1305031456.3916 -0.5732 0.2519 -0.4769 -0.0300 -0.1187 -0.0901 0.9884
1305031456.4277 -0.5919 0.2552 -0.4762 -0.0226 -0.1059 -0.0826 0.9907
1305031456.4917 -0.6312 0.2707 -0.4723 -0.0255 -0.0953 -0.0716 0.9925
1305031456.5276 -0.6445 0.2703 -0.4638 -0.0320 -0.0967 -0.0666 0.9926
1305031456.5917 -0.6661 0.2739 -0.4498 -0.0345 -0.0922 -0.0548 0.9936
1305031456.6276 -0.6791 0.2849 -0.4433 -0.0451 -0.0859 -0.0499 0.9940
1305031456.6916 -0.7164 0.2664 -0.4222 -0.0619 -0.0731 -0.0350 0.9948
1305031456.7277 -0.7350 0.2806 -0.4184 -0.0640 -0.0698 -0.0260 0.9952
1305031456.7916 -0.7069 0.2254 -0.4379 -0.0869 -0.0923 -0.0172 0.9918
1305031456.8276 -0.7133 0.2415 -0.4326 -0.0857 -0.0966 -0.0082 0.9916
1305031456.8917 -0.7350 0.2366 -0.4084 -0.0976 -0.0933 0.0019 0.9908
1305031456.9277 -0.7477 0.2433 -0.4040 -0.0922 -0.0869 0.0088 0.9919
1305031456.9597 -0.7617 0.2583 -0.4036 -0.0911 -0.0800 0.0141 0.9925
1305031456.9917 -0.7759 0.2544 -0.3966 -0.1009 -0.0745 0.0151 0.9920
1305031457.0276 -0.7894 0.2544 -0.3944 -0.1031 -0.0694 0.0187 0.9921
1305031457.0917 -0.8120 0.2587 -0.3936 -0.1162 -0.0585 0.0269 0.9911
1305031457.1276 -0.8231 0.2506 -0.3927 -0.1214 -0.0520 0.0309 0.9908
1305031457.1917 -0.8482 0.2522 -0.4067 -0.1190 -0.0355 0.0436 0.9913
1305031457.2275 -0.8614 0.2475 -0.4109 -0.1241 -0.0278 0.0488 0.9907
1305031457.2917 -0.8835 0.2341 -0.4266 -0.1176 -0.0123 0.0612 0.9911
1305031457.3275 -0.8953 0.2361 -0.4385 -0.1143 -0.0020 0.0664 0.9912
1305031457.3917 -0.9248 0.2191 -0.4564 -0.1129 0.0232 0.0787 0.9902
1305031457.4276 -0.9444 0.2186 -0.4694 -0.1091 0.0338 0.0857 0.9898
1305031457.4917 -0.9700 0.1986 -0.4887 -0.1112 0.0396 0.0941 0.9885
1305031457.5276 -0.9815 0.1903 -0.4998 -0.1081 0.0434 0.0970 0.9884
1305031457.5597 -0.9935 0.1848 -0.5113 -0.1046 0.0487 0.1013 0.9881
1305031457.5917 -1.0099 0.1825 -0.5230 -0.1009 0.0543 0.1048 0.9879
1305031457.6275 -1.0225 0.1703 -0.5284 -0.1025 0.0570 0.1075 0.9873
1305031457.6596 -1.0402 0.1728 -0.5419 -0.0970 0.0609 0.1116 0.9871
1305031457.6916 -1.0530 0.1645 -0.5470 -0.1032 0.0615 0.1134 0.9863
1305031457.7277 -1.0625 0.1454 -0.5503 -0.1074 0.0625 0.1126 0.9858
1305031457.7596 -1.0735 0.1327 -0.5566 -0.1056 0.0645 0.1110 0.9861
1305031457.7916 -1.0798 0.1147 -0.5612 -0.1005 0.0684 0.1107 0.9864
1305031457.8277 -1.0920 0.1157 -0.5739 -0.0887 0.0761 0.1118 0.9868
1305031457.8596 -1.1031 0.1060 -0.5790 -0.0868 0.0840 0.1120 0.9863
1305031457.8916 -1.1180 0.0840 -0.5778 -0.0825 0.0931 0.1122 0.9859
1305031457.9276 -1.1379 0.0812 -0.5836 -0.0685 0.0996 0.1165 0.9858
1305031457.9916 -1.1595 0.0652 -0.5865 -0.0577 0.1013 0.1223 0.9856
1305031458.0278 -1.1684 0.0554 -0.5848 -0.0492 0.1045 0.1239 0.9855
1305031458.0597 -1.1845 0.0627 -0.5871 -0.0382 0.1100 0.1267 0.9851
1305031458.0917 -1.1997 0.0619 -0.5834 -0.0378 0.1149 0.1285 0.9843
1305031458.1276 -1.2131 0.0527 -0.5743 -0.0398 0.1189 0.1288 0.9837
1305031458.1596 -1.2280 0.0447 -0.5661 -0.0386 0.1217 0.1313 0.9831
1305031458.1916 -1.2407 0.0475 -0.5598 -0.0375 0.1203 0.1367 0.9826
1305031458.2276 -1.2515 0.0404 -0.5488 -0.0453 0.1167 0.1377 0.9825
1305031458.2599 -1.2629 0.0154 -0.5255 -0.0510 0.1147 0.1343 0.9830
1305031458.2917 -1.2806 0.0136 -0.5179 -0.0412 0.1108 0.1352 0.9837
1305031458.3276 -1.2884 0.0092 -0.5048 -0.0394 0.1034 0.1383 0.9842
1305031458.3596 -1.2956 -0.0061 -0.4822 -0.0343 0.0990 0.1391 0.9847
1305031458.3916 -1.3070 -0.0025 -0.4719 -0.0205 0.0960 0.1433 0.9848
1305031458.4276 -1.3103 -0.0040 -0.4580 -0.0132 0.0944 0.1521 0.9838
1305031458.4596 -1.3071 -0.0137 -0.4399 -0.0039 0.0973 0.1605 0.9822
1305031458.4917 -1.3232 0.0400 -0.4330 0.0206 0.1024 0.1633 0.9810
1305031458.5277 -1.3380 0.0575 -0.4177 0.0417 0.1139 0.1609 0.9795
1305031458.5596 -1.3480 0.0615 -0.3984 0.0495 0.1240 0.1586 0.9783
1305031458.5916 -1.3592 0.0627 -0.3782 0.0589 0.1309 0.1530 0.9778
1305031458.6277 -1.3772 0.0848 -0.3602 0.0653 0.1330 0.1487 0.9777
1305031458.6596 -1.3877 0.0830 -0.3426 0.0579 0.1289 0.1499 0.9785
1305031458.6917 -1.3912 0.0827 -0.3197 0.0519 0.1130 0.1445 0.9817
1305031458.7276 -1.3771 0.0728 -0.2948 0.0468 0.0939 0.1364 0.9851
1305031458.7599 -1.3879 0.0727 -0.2798 0.0523 0.0807 0.1268 0.9873
1305031458.7916 -1.3899 0.0818 -0.2691 0.0527 0.0636 0.1181 0.9896
1305031458.8276 -1.3865 0.0797 -0.2520 0.0458 0.0539 0.1159 0.9907
1305031458.8917 -1.3845 0.0763 -0.2271 0.0530 0.0498 0.1056 0.9918
1305031458.9276 -1.3970 0.0805 -0.2235 0.0515 0.0582 0.1116 0.9907
1305031458.9596 -1.4010 0.0734 -0.2160 0.0426 0.0632 0.1242 0.9893
1305031458.9916 -1.4019 0.0547 -0.2062 0.0416 0.0649 0.1287 0.9887
1305031459.0277 -1.4208 0.0490 -0.2003 0.0525 0.0639 0.1292 0.9882
1305031459.0596 -1.4398 0.0404 -0.1893 0.0604 0.0585 0.1388 0.9868
1305031459.1276 -1.4925 0.0953 -0.1856 0.0836 0.0750 0.1221 0.9861
1305031459.1596 -1.5030 0.0953 -0.2760 0.0860 0.0534 0.1247 0.9870
1305031459.1917 -1.5111 0.0946 -0.2658 0.0920 0.0338 0.1326 0.9863
1305031459.2276 -1.5167 0.0947 -0.2559 0.0942 0.0202 0.1446 0.9848
1305031459.2598 -1.5184 0.1009 -0.2427 0.0947 0.0163 0.1544 0.9833
1305031459.3276 -1.4961 0.1323 -0.2198 0.1031 0.0094 0.1569 0.9822
1305031459.3597 -1.5075 0.1413 -0.2107 0.1076 0.0343 0.1769 0.9777
1305031459.3917 -1.4941 0.1822 -0.1594 0.1220 0.0307 0.1700 0.9774
1305031459.4276 -1.4745 0.2612 -0.1134 0.1468 0.0283 0.1446 0.9781
1305031459.4597 -1.4327 0.3252 -0.0591 0.1698 0.0164 0.1367 0.9758
1305031459.5276 -1.4112 0.3590 -0.0019 0.1862 0.0104 0.1387 0.9726
1305031459.5596 -1.4271 0.3596 -0.0125 0.1780 0.0249 0.1674 0.9694
1305031459.5917 -1.4449 0.3677 -0.0136 0.1745 0.0321 0.1864 0.9663
1305031459.6276 -1.4552 0.3682 -0.0126 0.1689 0.0337 0.1967 0.9652
1305031459.6596 -1.4671 0.3758 -0.0107 0.1709 0.0403 0.1980 0.9643
1305031459.6916 -1.4858 0.3769 -0.0123 0.1660 0.0539 0.2047 0.9631
1305031459.7276 -1.5029 0.3679 -0.0180 0.1596 0.0633 0.2095 0.9626
1305031459.7917 -1.5483 0.3574 -0.0272 0.1626 0.0765 0.2051 0.9621
1305031459.8277 -1.5681 0.3545 -0.0286 0.1625 0.0778 0.2025 0.9626
1305031459.8597 -1.5898 0.3503 -0.0292 0.1588 0.0786 0.2009 0.9635
1305031459.8916 -1.6054 0.3415 -0.0285 0.1526 0.0752 0.2027 0.9644
1305031459.9276 -1.6199 0.3325 -0.0284 0.1505 0.0725 0.2057 0.9642
1305031459.9917 -1.6510 0.3183 -0.0273 0.1442 0.0711 0.2121 0.9639
1305031460.0276 -1.6634 0.3070 -0.0262 0.1421 0.0713 0.2152 0.9635
1305031460.0597 -1.6809 0.2975 -0.0275 0.1422 0.0723 0.2176 0.9629
1305031460.0917 -1.6988 0.2859 -0.0293 0.1413 0.0680 0.2246 0.9618
1305031460.1277 -1.7082 0.2744 -0.0260 0.1429 0.0573 0.2338 0.9600
1305031460.1597 -1.7202 0.2687 -0.0247 0.1464 0.0480 0.2413 0.9581
1305031460.1916 -1.7266 0.2619 -0.0172 0.1444 0.0405 0.2473 0.9573
1305031460.2278 -1.7248 0.2488 -0.0093 0.1430 0.0382 0.2514 0.9565
1305031460.2917 -1.7378 0.2301 -0.0053 0.1476 0.0541 0.2537 0.9544
1305031460.3275 -1.7454 0.2203 -0.0039 0.1497 0.0625 0.2571 0.9527
1305031460.3916 -1.7562 0.2021 0.0027 0.1472 0.0820 0.2661 0.9491
1305031460.4275 -1.7624 0.1921 0.0048 0.1470 0.0928 0.2724 0.9464
1305031460.4596 -1.7656 0.1862 0.0086 0.1470 0.1051 0.2781 0.9434
1305031460.4915 -1.7756 0.1797 0.0095 0.1424 0.1212 0.2863 0.9397
1305031460.5276 -1.7805 0.1688 0.0106 0.1353 0.1326 0.2979 0.9356
1305031460.5596 -1.7837 0.1573 0.0119 0.1296 0.1427 0.3031 0.9333
1305031460.5919 -1.7917 0.1484 0.0128 0.1272 0.1530 0.3049 0.9314
1305031460.6276 -1.7958 0.1376 0.0141 0.1248 0.1614 0.3086 0.9291
1305031460.6598 -1.8060 0.1280 0.0143 0.1241 0.1705 0.3091 0.9273
1305031460.6917 -1.8177 0.1198 0.0165 0.1217 0.1767 0.3106 0.9260
1305031460.7277 -1.8217 0.1100 0.0204 0.1169 0.1794 0.3110 0.9260
1305031460.7597 -1.8272 0.0990 0.0240 0.1147 0.1853 0.3096 0.9255
1305031460.7917 -1.8380 0.0890 0.0272 0.1125 0.1909 0.3091 0.9249
1305031460.8277 -1.8440 0.0819 0.0337 0.1092 0.1934 0.3059 0.9258
1305031460.8597 -1.8476 0.0738 0.0396 0.1044 0.1980 0.3033 0.9262
1305031460.8918 -1.8541 0.0615 0.0453 0.0984 0.2048 0.3007 0.9263
1305031460.9276 -1.8617 0.0486 0.0516 0.0930 0.2087 0.3002 0.9261
1305031460.9917 -1.8622 0.0210 0.0629 0.0894 0.2129 0.3033 0.9245
1305031461.0276 -1.8660 0.0086 0.0688 0.0908 0.2152 0.3048 0.9234
1305031461.0917 -1.8736 -0.0055 0.0802 0.0940 0.2133 0.3039 0.9237
1305031461.1276 -1.8712 -0.0175 0.0865 0.0924 0.2135 0.3017 0.9246
1305031461.1597 -1.8711 -0.0316 0.0915 0.0938 0.2146 0.3007 0.9245
1305031461.1920 -1.8725 -0.0357 0.0971 0.0984 0.2146 0.2963 0.9255
1305031461.2276 -1.8737 -0.0422 0.1029 0.0999 0.2161 0.2941 0.9257
1305031461.2596 -1.8732 -0.0515 0.1080 0.1016 0.2160 0.2910 0.9265
1305031461.2917 -1.8726 -0.0555 0.1142 0.1055 0.2162 0.2848 0.9279
1305031461.3278 -1.8682 -0.0573 0.1205 0.1085 0.2174 0.2803 0.9286
1305031461.3597 -1.8715 -0.0573 0.1277 0.1065 0.2227 0.2761 0.9289
1305031461.3917 -1.8677 -0.0711 0.1349 0.0976 0.2241 0.2769 0.9293
1305031461.4276 -1.8635 -0.0770 0.1392 0.0973 0.2247 0.2748 0.9298
1305031461.4598 -1.8631 -0.0759 0.1446 0.0944 0.2256 0.2756 0.9296
1305031461.4917 -1.8530 -0.0909 0.1454 0.0885 0.2250 0.2778 0.9297
1305031461.5277 -1.8515 -0.0897 0.1459 0.0950 0.2258 0.2757 0.9295
1305031461.5597 -1.8413 -0.0861 0.1445 0.0955 0.2259 0.2720 0.9305
1305031461.5917 -1.8366 -0.0840 0.1433 0.0976 0.2336 0.2690 0.9293
1305031461.6275 -1.8328 -0.0815 0.1432 0.0961 0.2398 0.2693 0.9277
1305031461.6596 -1.8287 -0.0795 0.1434 0.0948 0.2451 0.2698 0.9264
1305031461.6916 -1.8265 -0.0733 0.1441 0.0939 0.2481 0.2753 0.9240
1305031461.7276 -1.8173 -0.0717 0.1436 0.0899 0.2480 0.2814 0.9226
1305031461.7597 -1.8110 -0.0624 0.1411 0.0901 0.2491 0.2838 0.9216
1305031461.7916 -1.8037 -0.0546 0.1401 0.0857 0.2515 0.2881 0.9200
1305031461.8276 -1.7960 -0.0485 0.1378 0.0833 0.2555 0.2935 0.9174
1305031461.8598 -1.7941 -0.0345 0.1384 0.0830 0.2606 0.3000 0.9139
1305031461.8917 -1.7941 -0.0241 0.1391 0.0771 0.2638 0.3113 0.9097
1305031461.9278 -1.7850 -0.0156 0.1396 0.0684 0.2619 0.3206 0.9077
1305031461.9597 -1.7738 -0.0003 0.1376 0.0651 0.2649 0.3232 0.9061
1305031461.9916 -1.7823 0.0162 0.1408 0.0603 0.2764 0.3296 0.9007
1305031462.0277 -1.7843 0.0161 0.1435 0.0468 0.2791 0.3411 0.8964
1305031462.0598 -1.7856 0.0198 0.1457 0.0395 0.2759 0.3533 0.8930
1305031462.0918 -1.7816 0.0300 0.1443 0.0351 0.2690 0.3641 0.8910
1305031462.1277 -1.7791 0.0400 0.1435 0.0304 0.2654 0.3729 0.8886
1305031462.1596 -1.7773 0.0451 0.1413 0.0242 0.2632 0.3794 0.8867
1305031462.1916 -1.7788 0.0579 0.1406 0.0224 0.2627 0.3779 0.8875
1305031462.2276 -1.7828 0.0672 0.1414 0.0168 0.2650 0.3774 0.8872
1305031462.2598 -1.7866 0.0739 0.1414 0.0100 0.2653 0.3754 0.8880
1305031462.2916 -1.7901 0.0825 0.1416 0.0040 0.2635 0.3707 0.8906
1305031462.3275 -1.7904 0.0941 0.1411 -0.0022 0.2611 0.3641 0.8940
1305031462.3597 -1.8002 0.1025 0.1456 -0.0086 0.2647 0.3559 0.8962
1305031462.3917 -1.8066 0.1061 0.1518 -0.0174 0.2646 0.3523 0.8975
1305031462.4276 -1.8218 0.0846 0.1744 -0.0360 0.2760 0.3483 0.8951
1305031462.4599 -1.8231 0.0834 0.1847 -0.0377 0.2783 0.3469 0.8949
1305031462.4920 -1.8268 0.0876 0.1952 -0.0347 0.2819 0.3453 0.8945
1305031462.5277 -1.8298 0.0890 0.2072 -0.0331 0.2857 0.3443 0.8937
1305031462.5599 -1.8115 0.1477 0.2460 0.0036 0.2718 0.3475 0.8974
1305031462.5919 -1.8180 0.1512 0.2493 0.0010 0.2728 0.3391 0.9003
1305031462.6279 -1.8235 0.1577 0.2476 -0.0010 0.2729 0.3271 0.9047
1305031462.6597 -1.8247 0.1582 0.2462 -0.0033 0.2728 0.3206 0.9071
1305031462.6925 -1.8317 0.1578 0.2375 -0.0075 0.2733 0.3076 0.9114
1305031462.7277 -1.8393 0.1610 0.2314 -0.0098 0.2708 0.2982 0.9152
1305031462.7598 -1.8431 0.1670 0.2242 -0.0122 0.2660 0.2858 0.9206
1305031462.7919 -1.8469 0.1677 0.2180 -0.0166 0.2644 0.2791 0.9230
1305031462.8278 -1.8526 0.1709 0.2055 -0.0223 0.2625 0.2706 0.9259
1305031462.8598 -1.8552 0.1726 0.2001 -0.0273 0.2629 0.2630 0.9279
1305031462.8918 -1.8523 0.1746 0.1964 -0.0311 0.2630 0.2569 0.9294
1305031462.9276 -1.8499 0.1788 0.1854 -0.0330 0.2626 0.2528 0.9306
1305031462.9597 -1.8478 0.1805 0.1807 -0.0335 0.2612 0.2519 0.9312
1305031462.9955 -1.8427 0.1927 0.1721 -0.0289 0.2569 0.2479 0.9337
1305031463.0277 -1.8393 0.2010 0.1617 -0.0245 0.2531 0.2446 0.9357
1305031463.0598 -1.8380 0.2043 0.1434 -0.0233 0.2481 0.2358 0.9393
1305031463.0958 -1.8345 0.2105 0.1383 -0.0227 0.2456 0.2286 0.9418
1305031463.1275 -1.8305 0.2189 0.1331 -0.0194 0.2439 0.2214 0.9440
1305031463.1598 -1.8303 0.2209 0.1120 -0.0169 0.2439 0.2093 0.9468
1305031463.1957 -1.8268 0.2196 0.0977 -0.0219 0.2435 0.2027 0.9482
1305031463.2278 -1.8190 0.2282 0.0957 -0.0197 0.2413 0.1992 0.9496
1305031463.2600 -1.8156 0.2318 0.0928 -0.0171 0.2408 0.1981 0.9500
1305031463.2957 -1.8137 0.2234 0.0646 -0.0203 0.2430 0.1931 0.9504
1305031463.3277 -1.8059 0.2275 0.0589 -0.0203 0.2397 0.1914 0.9516
1305031463.3598 -1.8003 0.2350 0.0515 -0.0143 0.2357 0.1895 0.9531
1305031463.3956 -1.7897 0.2383 0.0339 -0.0129 0.2301 0.1837 0.9556
1305031463.4277 -1.7819 0.2446 0.0271 -0.0127 0.2289 0.1802 0.9565
1305031463.4598 -1.7738 0.2493 0.0153 -0.0128 0.2290 0.1785 0.9568
1305031463.4956 -1.7568 0.2599 0.0020 -0.0125 0.2274 0.1752 0.9578
1305031463.5277 -1.7409 0.2640 -0.0047 -0.0102 0.2314 0.1738 0.9572
1305031463.5598 -1.7308 0.2672 -0.0165 -0.0073 0.2332 0.1751 0.9565
1305031463.5956 -1.7172 0.2726 -0.0258 -0.0071 0.2303 0.1747 0.9573
1305031463.6276 -1.6992 0.2711 -0.0357 -0.0069 0.2280 0.1718 0.9584
1305031463.6598 -1.6839 0.2699 -0.0529 0.0000 0.2264 0.1703 0.9590
1305031463.6956 -1.6740 0.2799 -0.0651 0.0068 0.2263 0.1655 0.9599
1305031463.7276 -1.6504 0.2732 -0.0814 0.0031 0.2220 0.1630 0.9613
1305031463.7597 -1.6345 0.2667 -0.0963 0.0076 0.2245 0.1568 0.9617
1305031463.7956 -1.6232 0.2673 -0.1129 0.0137 0.2266 0.1459 0.9629
1305031463.8278 -1.6060 0.2631 -0.1294 0.0137 0.2258 0.1357 0.9646
1305031463.8599 -1.5908 0.2529 -0.1471 0.0144 0.2269 0.1258 0.9656
1305031463.8956 -1.5793 0.2504 -0.1645 0.0189 0.2277 0.1166 0.9665
1305031463.9277 -1.5700 0.2444 -0.1800 0.0194 0.2267 0.1105 0.9675
1305031463.9597 -1.5571 0.2335 -0.1967 0.0192 0.2217 0.1045 0.9693
1305031463.9958 -1.5458 0.2268 -0.2142 0.0228 0.2178 0.0973 0.9709
1305031464.0277 -1.5359 0.2244 -0.2317 0.0251 0.2143 0.0884 0.9724
1305031464.0597 -1.5238 0.2118 -0.2483 0.0240 0.2132 0.0792 0.9735
1305031464.0956 -1.5181 0.2056 -0.2645 0.0286 0.2148 0.0699 0.9737
1305031464.1277 -1.5183 0.2011 -0.2773 0.0321 0.2155 0.0645 0.9738
1305031464.1598 -1.5160 0.1896 -0.2887 0.0357 0.2118 0.0626 0.9746
1305031464.1956 -1.5134 0.1815 -0.3018 0.0448 0.2041 0.0582 0.9762
1305031464.2276 -1.5140 0.1843 -0.3137 0.0558 0.1941 0.0532 0.9779
1305031464.2596 -1.5118 0.1876 -0.3259 0.0621 0.1792 0.0502 0.9806
1305031464.2957 -1.5009 0.1876 -0.3372 0.0640 0.1610 0.0437 0.9839
1305031464.3279 -1.4856 0.1849 -0.3497 0.0650 0.1456 0.0362 0.9865
1305031464.3597 -1.4737 0.1759 -0.3628 0.0669 0.1354 0.0298 0.9881
1305031464.3956 -1.4554 0.1767 -0.3762 0.0724 0.1277 0.0204 0.9890
1305031464.4276 -1.4446 0.1758 -0.3888 0.0746 0.1272 0.0100 0.9890
1305031464.4597 -1.4375 0.1680 -0.4034 0.0760 0.1252 0.0014 0.9892
1305031464.4956 -1.4215 0.1660 -0.4172 0.0785 0.1219 -0.0059 0.9894
1305031464.5276 -1.4132 0.1664 -0.4335 0.0807 0.1225 -0.0145 0.9891
1305031464.5597 -1.3997 0.1587 -0.4487 0.0776 0.1209 -0.0270 0.9893
1305031464.5957 -1.3828 0.1347 -0.4691 0.0773 0.1238 -0.0378 0.9886
1305031464.6277 -1.3700 0.1261 -0.4876 0.0880 0.1332 -0.0461 0.9861
1305031464.6597 -1.3592 0.1175 -0.5018 0.0985 0.1435 -0.0582 0.9830
1305031464.6957 -1.3530 0.0953 -0.5122 0.1095 0.1528 -0.0735 0.9794
1305031464.7277 -1.3523 0.0946 -0.5179 0.1292 0.1579 -0.0897 0.9749
1305031464.7597 -1.3458 0.1022 -0.5239 0.1432 0.1562 -0.1085 0.9713
1305031464.7960 -1.3481 0.0921 -0.5237 0.1485 0.1523 -0.1267 0.9689
1305031464.8278 -1.3494 0.0884 -0.5205 0.1573 0.1404 -0.1416 0.9672
1305031464.8597 -1.3345 0.0951 -0.5196 0.1628 0.1223 -0.1584 0.9662
1305031464.8958 -1.3168 0.0914 -0.5191 0.1586 0.1060 -0.1798 0.9650
1305031464.9278 -1.3067 0.0643 -0.5203 0.1504 0.0949 -0.2019 0.9631
1305031464.9598 -1.2934 0.0444 -0.5169 0.1509 0.0886 -0.2206 0.9595
1305031464.9957 -1.2771 0.0379 -0.5100 0.1566 0.0858 -0.2389 0.9545
1305031465.0278 -1.2701 0.0325 -0.4943 0.1602 0.0868 -0.2599 0.9483
1305031465.0597 -1.2644 0.0463 -0.4708 0.1679 0.0829 -0.2788 0.9419
1305031465.0957 -1.2347 0.0777 -0.4471 0.1668 0.0716 -0.2957 0.9379
1305031465.1277 -1.2142 0.0796 -0.4284 0.1479 0.0624 -0.3119 0.9365
1305031465.1598 -1.2040 0.0733 -0.4081 0.1285 0.0557 -0.3221 0.9363
1305031465.1956 -1.1892 0.0688 -0.3887 0.1140 0.0482 -0.3304 0.9357
1305031465.2279 -1.1690 0.0729 -0.3698 0.1020 0.0417 -0.3363 0.9353
1305031465.2598 -1.1601 0.0667 -0.3496 0.0879 0.0368 -0.3380 0.9363
1305031465.2956 -1.1442 0.0729 -0.3333 0.0825 0.0287 -0.3301 0.9399
1305031465.3277 -1.1268 0.0784 -0.3176 0.0740 0.0175 -0.3191 0.9447
1305031465.3599 -1.1179 0.0743 -0.3036 0.0653 0.0043 -0.3094 0.9487
1305031465.3956 -1.0958 0.0673 -0.2974 0.0613 -0.0140 -0.3005 0.9517
1305031465.4277 -1.0686 0.0634 -0.2945 0.0604 -0.0296 -0.2906 0.9545
1305031465.4601 -1.0439 0.0689 -0.2924 0.0615 -0.0418 -0.2783 0.9576
1305031465.4957 -1.0164 0.0742 -0.2901 0.0580 -0.0528 -0.2700 0.9597
1305031465.5276 -0.9995 0.0630 -0.2875 0.0515 -0.0615 -0.2672 0.9603
1305031465.5598 -0.9754 0.0607 -0.2901 0.0544 -0.0718 -0.2621 0.9608
1305031465.5956 -0.9466 0.0644 -0.2925 0.0588 -0.0788 -0.2538 0.9622
1305031465.6277 -0.9283 0.0724 -0.2957 0.0627 -0.0829 -0.2453 0.9639
1305031465.6601 -0.9073 0.0757 -0.2983 0.0638 -0.0930 -0.2376 0.9648
1305031465.6957 -0.8747 0.0755 -0.2998 0.0670 -0.1039 -0.2312 0.9650
1305031465.7277 -0.8486 0.0810 -0.3015 0.0730 -0.1095 -0.2222 0.9661
1305031465.7598 -0.8204 0.0902 -0.3039 0.0792 -0.1163 -0.2137 0.9667
1305031465.7959 -0.7918 0.0950 -0.3029 0.0832 -0.1216 -0.2077 0.9670
1305031465.8280 -0.7675 0.0958 -0.3037 0.0893 -0.1268 -0.2021 0.9670
1305031465.8599 -0.7338 0.1120 -0.3044 0.1016 -0.1319 -0.1981 0.9659
1305031465.8955 -0.7018 0.1208 -0.3023 0.1057 -0.1294 -0.1957 0.9663
1305031465.9275 -0.6775 0.1208 -0.3024 0.1112 -0.1241 -0.1941 0.9667
1305031465.9597 -0.6508 0.1318 -0.3045 0.1241 -0.1188 -0.1949 0.9657
1305031465.9958 -0.6313 0.1468 -0.3085 0.1334 -0.1122 -0.1982 0.9645
1305031466.0276 -0.6079 0.1616 -0.3113 0.1403 -0.1109 -0.1998 0.9634
1305031466.0598 -0.5862 0.1787 -0.3140 0.1401 -0.1080 -0.1993 0.9638
1305031466.0958 -0.5688 0.1898 -0.3189 0.1352 -0.1077 -0.1995 0.9645
1305031466.1276 -0.5493 0.1992 -0.3240 0.1286 -0.1107 -0.2005 0.9649
1305031466.1604 -0.5318 0.2095 -0.3326 0.1225 -0.1141 -0.1992 0.9656
1305031466.1958 -0.5135 0.2217 -0.3416 0.1136 -0.1203 -0.1999 0.9657
1305031466.2280 -0.4924 0.2223 -0.3473 0.1006 -0.1272 -0.2056 0.9651
1305031466.2598 -0.4691 0.2120 -0.3538 0.0950 -0.1310 -0.2128 0.9636
1305031466.2957 -0.4449 0.2152 -0.3630 0.0997 -0.1272 -0.2241 0.9611
1305031466.3277 -0.4254 0.2207 -0.3759 0.1031 -0.1168 -0.2330 0.9599
1305031466.3598 -0.4105 0.2223 -0.3883 0.0997 -0.1064 -0.2385 0.9601
1305031466.3958 -0.4021 0.2123 -0.4007 0.0975 -0.1021 -0.2419 0.9600
1305031466.4278 -0.3862 0.2198 -0.4142 0.1044 -0.1044 -0.2460 0.9579
1305031466.4598 -0.3649 0.2246 -0.4238 0.1038 -0.1094 -0.2506 0.9563
1305031466.4958 -0.3411 0.2217 -0.4280 0.0989 -0.1136 -0.2521 0.9559
1305031466.5275 -0.3171 0.2132 -0.4295 0.0962 -0.1133 -0.2524 0.9561
1305031466.5604 -0.2953 0.2182 -0.4366 0.0966 -0.1091 -0.2544 0.9561
1305031466.5959 -0.2731 0.2191 -0.4397 0.0895 -0.1070 -0.2579 0.9560
1305031466.6275 -0.2554 0.2008 -0.4352 0.0817 -0.1050 -0.2621 0.9558
1305031466.6597 -0.2355 0.1963 -0.4384 0.0886 -0.1036 -0.2667 0.9541
1305031466.6958 -0.2126 0.2039 -0.4456 0.0912 -0.1038 -0.2741 0.9517
1305031466.7281 -0.1932 0.1970 -0.4426 0.0848 -0.1049 -0.2834 0.9495
1305031466.7596 -0.1780 0.1850 -0.4391 0.0866 -0.1054 -0.2915 0.9468
1305031466.7956 -0.1563 0.1858 -0.4448 0.0933 -0.1086 -0.2962 0.9443
1305031466.8279 -0.1371 0.1838 -0.4480 0.0896 -0.1126 -0.2988 0.9434
1305031466.8597 -0.1275 0.1765 -0.4456 0.0859 -0.1176 -0.2990 0.9431
1305031466.8957 -0.1109 0.1727 -0.4515 0.0863 -0.1302 -0.3002 0.9410
1305031466.9278 -0.0928 0.1682 -0.4554 0.0835 -0.1443 -0.3029 0.9383
1305031466.9597 -0.0775 0.1600 -0.4574 0.0817 -0.1535 -0.3054 0.9362
1305031466.9957 -0.0594 0.1529 -0.4607 0.0814 -0.1589 -0.3084 0.9343
1305031467.0278 -0.0451 0.1473 -0.4628 0.0811 -0.1624 -0.3122 0.9325
1305031467.0597 -0.0282 0.1398 -0.4667 0.0804 -0.1650 -0.3152 0.9311
1305031467.0957 -0.0129 0.1347 -0.4675 0.0786 -0.1657 -0.3208 0.9292
1305031467.1290 -0.0016 0.1290 -0.4664 0.0794 -0.1681 -0.3309 0.9252
1305031467.1597 0.0111 0.1237 -0.4673 0.0807 -0.1712 -0.3382 0.9219
1305031467.1957 0.0234 0.1191 -0.4682 0.0808 -0.1760 -0.3424 0.9194
1305031467.2277 0.0358 0.1144 -0.4693 0.0805 -0.1823 -0.3478 0.9162
1305031467.2597 0.0486 0.1088 -0.4698 0.0814 -0.1877 -0.3529 0.9130
1305031467.2958 0.0608 0.1038 -0.4717 0.0825 -0.1928 -0.3590 0.9095
1305031467.3280 0.0747 0.1003 -0.4748 0.0827 -0.1980 -0.3632 0.9066
1305031467.3597 0.0900 0.0962 -0.4788 0.0780 -0.2038 -0.3652 0.9050
1305031467.3958 0.1020 0.0925 -0.4795 0.0719 -0.2087 -0.3706 0.9022
1305031467.4278 0.1145 0.0867 -0.4785 0.0698 -0.2142 -0.3745 0.8995
1305031467.4597 0.1289 0.0817 -0.4839 0.0680 -0.2206 -0.3762 0.8973
1305031467.4961 0.1454 0.0763 -0.4886 0.0622 -0.2258 -0.3819 0.8940
1305031467.5277 0.1572 0.0710 -0.4864 0.0583 -0.2273 -0.3885 0.8911
1305031467.5598 0.1681 0.0627 -0.4861 0.0584 -0.2284 -0.3903 0.8900
1305031467.5960 0.1800 0.0549 -0.4862 0.0572 -0.2308 -0.3887 0.8902
1305031467.6275 0.1860 0.0452 -0.4818 0.0571 -0.2361 -0.3860 0.8899
1305031467.6596 0.1920 0.0342 -0.4817 0.0608 -0.2423 -0.3833 0.8892
1305031467.6959 0.2017 0.0262 -0.4811 0.0631 -0.2461 -0.3862 0.8868
1305031467.7275 0.2043 0.0149 -0.4709 0.0670 -0.2489 -0.3907 0.8837
1305031467.7599 0.2072 0.0037 -0.4647 0.0720 -0.2521 -0.3925 0.8816
1305031467.7961 0.2108 -0.0056 -0.4570 0.0753 -0.2557 -0.3945 0.8794
1305031467.8278 0.2072 -0.0178 -0.4418 0.0791 -0.2593 -0.3948 0.8779
1305031467.8597 0.2054 -0.0294 -0.4290 0.0843 -0.2657 -0.3914 0.8770
1305031467.8959 0.2074 -0.0365 -0.4204 0.0875 -0.2735 -0.3903 0.8748
1305031467.9278 0.2050 -0.0492 -0.4043 0.0888 -0.2815 -0.3931 0.8708
1305031467.9598 0.2020 -0.0639 -0.3887 0.0934 -0.2884 -0.3937 0.8678
1305031467.9958 0.2089 -0.0692 -0.3764 0.0983 -0.2916 -0.3961 0.8651
1305031468.0281 0.2003 -0.0839 -0.3562 0.0963 -0.2916 -0.3993 0.8639
1305031468.0598 0.1907 -0.0984 -0.3411 0.1001 -0.2942 -0.4012 0.8617
1305031468.0959 0.1925 -0.1056 -0.3285 0.1032 -0.2979 -0.4029 0.8592
1305031468.1278 0.1844 -0.1191 -0.3104 0.1015 -0.2993 -0.4043 0.8583
1305031468.1599 0.1789 -0.1310 -0.2946 0.1039 -0.3010 -0.4070 0.8562
1305031468.1960 0.1754 -0.1431 -0.2789 0.1048 -0.3012 -0.4105 0.8543
1305031468.2282 0.1671 -0.1583 -0.2637 0.1039 -0.2996 -0.4109 0.8548
1305031468.2598 0.1605 -0.1729 -0.2500 0.1047 -0.2976 -0.4101 0.8557
1305031468.2958 0.1526 -0.1867 -0.2376 0.1056 -0.2945 -0.4110 0.8563
1305031468.3278 0.1416 -0.2068 -0.2263 0.1070 -0.2925 -0.4093 0.8576
1305031468.3598 0.1392 -0.2185 -0.2176 0.1119 -0.2910 -0.4046 0.8597
1305031468.3959 0.1371 -0.2271 -0.2115 0.1117 -0.2887 -0.4045 0.8605
1305031468.4280 0.1254 -0.2490 -0.2065 0.1063 -0.2872 -0.4050 0.8615
1305031468.4598 0.1206 -0.2697 -0.2016 0.1038 -0.2885 -0.4028 0.8624
1305031468.4958 0.1164 -0.2838 -0.1962 0.1023 -0.2867 -0.4032 0.8630
1305031468.5278 0.1017 -0.3046 -0.1959 0.1016 -0.2836 -0.4087 0.8615
1305031468.5597 0.0896 -0.3194 -0.1960 0.1078 -0.2839 -0.4154 0.8574
1305031468.5958 0.0875 -0.3258 -0.1972 0.1123 -0.2850 -0.4203 0.8541
1305031468.6276 0.0759 -0.3375 -0.1956 0.1063 -0.2844 -0.4219 0.8543
1305031468.6596 0.0531 -0.3563 -0.1988 0.1011 -0.2855 -0.4233 0.8539
1305031468.6958 0.0399 -0.3681 -0.1997 0.1039 -0.2919 -0.4259 0.8501
1305031468.7278 0.0328 -0.3768 -0.1981 0.1072 -0.2994 -0.4263 0.8469
1305031468.7596 0.0234 -0.3865 -0.1960 0.1076 -0.3041 -0.4266 0.8449
1305031468.7958 0.0067 -0.4014 -0.1939 0.1097 -0.3067 -0.4305 0.8418
1305031468.8292 -0.0031 -0.4102 -0.1933 0.1176 -0.3102 -0.4348 0.8372
1305031468.8597 -0.0029 -0.4163 -0.1881 0.1215 -0.3115 -0.4380 0.8345
1305031468.8959 -0.0131 -0.4255 -0.1836 0.1200 -0.3065 -0.4398 0.8356
1305031468.9281 -0.0211 -0.4334 -0.1818 0.1173 -0.3008 -0.4377 0.8391
1305031468.9596 -0.0240 -0.4318 -0.1816 0.1142 -0.2938 -0.4356 0.8431
1305031468.9957 -0.0235 -0.4201 -0.1798 0.1063 -0.2861 -0.4406 0.8442
1305031469.0277 -0.0355 -0.4271 -0.1731 0.0887 -0.2781 -0.4481 0.8450
1305031469.0598 -0.0495 -0.4330 -0.1708 0.0757 -0.2718 -0.4550 0.8446
1305031469.0957 -0.0502 -0.4390 -0.1585 0.0663 -0.2693 -0.4649 0.8408
1305031469.1277 -0.0572 -0.4505 -0.1461 0.0554 -0.2604 -0.4753 0.8386
1305031469.1597 -0.0657 -0.4556 -0.1359 0.0484 -0.2490 -0.4824 0.8384
1305031469.1955 -0.0779 -0.4608 -0.1275 0.0427 -0.2370 -0.4875 0.8392
1305031469.2278 -0.0894 -0.4600 -0.1230 0.0401 -0.2280 -0.4906 0.8401
1305031469.2596 -0.0950 -0.4602 -0.1118 0.0366 -0.2240 -0.4944 0.8391
1305031469.2968 -0.1015 -0.4629 -0.1006 0.0327 -0.2182 -0.4969 0.8393
1305031469.3276 -0.1062 -0.4601 -0.0901 0.0291 -0.2134 -0.4989 0.8394
1305031469.3596 -0.1066 -0.4687 -0.0711 0.0225 -0.2096 -0.5033 0.8380
1305031469.3957 -0.1118 -0.4734 -0.0568 0.0231 -0.1987 -0.5081 0.8378
1305031469.4277 -0.1127 -0.4658 -0.0448 0.0290 -0.1869 -0.5125 0.8376
1305031469.4597 -0.1163 -0.4583 -0.0320 0.0322 -0.1763 -0.5185 0.8361
1305031469.4957 -0.1241 -0.4454 -0.0197 0.0348 -0.1685 -0.5215 0.8357
1305031469.5276 -0.1226 -0.4336 -0.0065 0.0342 -0.1677 -0.5216 0.8358
1305031469.5596 -0.1203 -0.4270 0.0083 0.0289 -0.1674 -0.5221 0.8358
1305031469.5958 -0.1182 -0.4195 0.0233 0.0222 -0.1663 -0.5219 0.8363
1305031469.6278 -0.1184 -0.4144 0.0378 0.0128 -0.1625 -0.5221 0.8371
1305031469.6596 -0.1231 -0.4082 0.0534 0.0070 -0.1568 -0.5225 0.8381
1305031469.6956 -0.1216 -0.3988 0.0670 0.0045 -0.1525 -0.5216 0.8395
1305031469.7277 -0.1230 -0.3890 0.0809 0.0005 -0.1464 -0.5205 0.8412
1305031469.7596 -0.1235 -0.3752 0.0924 -0.0033 -0.1401 -0.5182 0.8437
1305031469.7956 -0.1250 -0.3571 0.1075 -0.0072 -0.1365 -0.5153 0.8460
1305031469.8275 -0.1264 -0.3452 0.1179 -0.0135 -0.1364 -0.5137 0.8470
1305031469.8596 -0.1279 -0.3281 0.1298 -0.0196 -0.1356 -0.5116 0.8482
1305031469.8958 -0.1295 -0.3115 0.1406 -0.0241 -0.1353 -0.5092 0.8496
1305031469.9279 -0.1308 -0.2923 0.1520 -0.0269 -0.1362 -0.5052 0.8518
1305031469.9598 -0.1342 -0.2751 0.1603 -0.0295 -0.1383 -0.5034 0.8524
1305031469.9956 -0.1371 -0.2573 0.1674 -0.0316 -0.1394 -0.5014 0.8533
1305031470.0277 -0.1406 -0.2398 0.1723 -0.0345 -0.1404 -0.5010 0.8532
1305031470.0596 -0.1445 -0.2207 0.1775 -0.0362 -0.1400 -0.5006 0.8535
1305031470.0959 -0.1481 -0.2032 0.1797 -0.0375 -0.1392 -0.4987 0.8547
1305031470.1276 -0.1521 -0.1854 0.1807 -0.0416 -0.1377 -0.4969 0.8558
1305031470.1596 -0.1564 -0.1643 0.1841 -0.0437 -0.1373 -0.4934 0.8578
1305031470.1961 -0.1613 -0.1478 0.1832 -0.0466 -0.1378 -0.4911 0.8589
1305031470.2276 -0.1662 -0.1316 0.1820 -0.0511 -0.1365 -0.4886 0.8603
1305031470.2600 -0.1715 -0.1154 0.1816 -0.0560 -0.1349 -0.4862 0.8616
1305031470.2957 -0.1767 -0.0990 0.1802 -0.0617 -0.1323 -0.4842 0.8627
1305031470.3276 -0.1823 -0.0809 0.1804 -0.0676 -0.1301 -0.4811 0.8643
1305031470.3596 -0.1882 -0.0628 0.1795 -0.0724 -0.1295 -0.4766 0.8665
1305031470.3958 -0.1939 -0.0447 0.1779 -0.0753 -0.1293 -0.4729 0.8683
1305031470.4276 -0.2007 -0.0275 0.1770 -0.0758 -0.1299 -0.4732 0.8680
1305031470.4597 -0.2080 -0.0130 0.1753 -0.0757 -0.1311 -0.4729 0.8680
1305031470.4957 -0.2155 -0.0003 0.1721 -0.0760 -0.1327 -0.4718 0.8683
1305031470.5277 -0.2230 0.0109 0.1687 -0.0768 -0.1328 -0.4723 0.8680
1305031470.5597 -0.2298 0.0242 0.1671 -0.0772 -0.1312 -0.4715 0.8686
1305031470.5958 -0.2374 0.0347 0.1650 -0.0788 -0.1302 -0.4688 0.8701
1305031470.6277 -0.2435 0.0455 0.1633 -0.0813 -0.1292 -0.4646 0.8723
1305031470.6597 -0.2509 0.0551 0.1621 -0.0837 -0.1284 -0.4611 0.8740
1305031470.6956 -0.2576 0.0663 0.1619 -0.0860 -0.1282 -0.4581 0.8754
1305031470.7277 -0.2655 0.0747 0.1620 -0.0865 -0.1284 -0.4567 0.8761
1305031470.7597 -0.2726 0.0778 0.1574 -0.0895 -0.1245 -0.4549 0.8772
1305031470.7956 -0.2774 0.0894 0.1596 -0.0880 -0.1201 -0.4495 0.8808
1305031470.8278 -0.2838 0.0987 0.1601 -0.0834 -0.1210 -0.4447 0.8835
1305031470.8596 -0.2917 0.1052 0.1580 -0.0794 -0.1223 -0.4405 0.8858
1305031470.8957 -0.2988 0.1131 0.1552 -0.0754 -0.1238 -0.4356 0.8884
1305031470.9277 -0.3055 0.1214 0.1547 -0.0702 -0.1280 -0.4310 0.8905
1305031470.9596 -0.3160 0.1254 0.1515 -0.0631 -0.1324 -0.4287 0.8915
1305031470.9960 -0.3221 0.1282 0.1463 -0.0563 -0.1356 -0.4260 0.8927
1305031471.0276 -0.3299 0.1314 0.1436 -0.0476 -0.1364 -0.4234 0.8943
1305031471.0596 -0.3390 0.1351 0.1391 -0.0383 -0.1353 -0.4189 0.8971
1305031471.0958 -0.3454 0.1406 0.1348 -0.0296 -0.1366 -0.4123 0.9003
1305031471.1277 -0.3536 0.1433 0.1311 -0.0251 -0.1380 -0.4059 0.9031
1305031471.1596 -0.3576 0.1449 0.1269 -0.0204 -0.1403 -0.3997 0.9056
1305031471.1957 -0.3622 0.1482 0.1234 -0.0174 -0.1385 -0.3939 0.9085
1305031471.2276 -0.3681 0.1529 0.1218 -0.0158 -0.1355 -0.3887 0.9112
1305031471.2597 -0.3753 0.1544 0.1204 -0.0170 -0.1333 -0.3856 0.9128
1305031471.2961 -0.3824 0.1539 0.1189 -0.0174 -0.1315 -0.3814 0.9149
1305031471.3276 -0.3853 0.1540 0.1153 -0.0137 -0.1293 -0.3782 0.9166
1305031471.3596 -0.3873 0.1568 0.1126 -0.0104 -0.1226 -0.3756 0.9186
1305031471.3957 -0.3966 0.1571 0.1115 -0.0097 -0.1146 -0.3704 0.9217
1305031471.4277 -0.4018 0.1629 0.1079 -0.0038 -0.1125 -0.3631 0.9249
1305031471.4596 -0.4047 0.1660 0.1041 -0.0030 -0.1133 -0.3585 0.9266
1305031471.4965 -0.4093 0.1675 0.1017 -0.0046 -0.1122 -0.3547 0.9282
1305031471.5276 -0.4126 0.1698 0.0985 -0.0046 -0.1116 -0.3505 0.9299
1305031471.5597 -0.4146 0.1705 0.0948 -0.0052 -0.1101 -0.3486 0.9308
1305031471.5957 -0.4177 0.1711 0.0915 -0.0052 -0.1053 -0.3459 0.9323
1305031471.6276 -0.4207 0.1716 0.0882 -0.0047 -0.1006 -0.3437 0.9337
1305031471.6596 -0.4220 0.1718 0.0862 -0.0028 -0.0973 -0.3396 0.9355
1305031471.6956 -0.4229 0.1720 0.0807 -0.0018 -0.0944 -0.3338 0.9379
1305031471.7275 -0.4240 0.1737 0.0762 -0.0022 -0.0904 -0.3304 0.9395
1305031471.7597 -0.4238 0.1755 0.0767 -0.0013 -0.0872 -0.3245 0.9419
1305031471.7958 -0.4235 0.1766 0.0709 -0.0000 -0.0814 -0.3166 0.9451
1305031471.8276 -0.4230 0.1804 0.0684 -0.0015 -0.0773 -0.3111 0.9472
1305031471.8597 -0.4242 0.1828 0.0694 -0.0049 -0.0731 -0.3038 0.9499
1305031471.8956 -0.4247 0.1863 0.0664 -0.0072 -0.0683 -0.2982 0.9520
1305031471.9277 -0.4267 0.1911 0.0678 -0.0103 -0.0612 -0.2951 0.9534
1305031471.9596 -0.4289 0.1938 0.0725 -0.0096 -0.0543 -0.2922 0.9548
1305031471.9956 -0.4303 0.1978 0.0655 -0.0087 -0.0462 -0.2891 0.9562
1305031472.0276 -0.4323 0.2032 0.0670 -0.0128 -0.0396 -0.2857 0.9574
1305031472.0597 -0.4353 0.2073 0.0734 -0.0135 -0.0349 -0.2823 0.9586
1305031472.0956 -0.4374 0.2116 0.0693 -0.0127 -0.0298 -0.2764 0.9605
1305031472.1276 -0.4395 0.2165 0.0699 -0.0172 -0.0264 -0.2729 0.9615
1305031472.1596 -0.4439 0.2181 0.0774 -0.0192 -0.0255 -0.2720 0.9618
1305031472.1957 -0.4487 0.2184 0.0773 -0.0176 -0.0245 -0.2676 0.9631
1305031472.2276 -0.4527 0.2166 0.0733 -0.0192 -0.0229 -0.2659 0.9635
1305031472.2638 -0.4658 0.1940 0.0669 -0.0373 -0.0181 -0.2653 0.9633
1305031472.2957 -0.4753 0.1493 0.0527 -0.0681 -0.0199 -0.2602 0.9629
1305031472.3277 -0.4798 0.0857 0.0393 -0.1129 -0.0284 -0.2533 0.9603
1305031472.3636 -0.4811 0.0870 0.0381 -0.1123 -0.0281 -0.2519 0.9608
1305031472.3956 -0.4831 0.0849 0.0397 -0.1139 -0.0302 -0.2500 0.9610
1305031472.4277 -0.4854 0.0820 0.0396 -0.1138 -0.0331 -0.2497 0.9610
1305031472.4636 -0.4865 0.0783 0.0385 -0.1136 -0.0345 -0.2510 0.9607
1305031472.4956 -0.4872 0.0764 0.0377 -0.1133 -0.0322 -0.2517 0.9606
1305031472.5276 -0.4891 0.0715 0.0403 -0.1141 -0.0309 -0.2510 0.9608
1305031472.5636 -0.4905 0.0675 0.0404 -0.1101 -0.0328 -0.2492 0.9616
1305031472.5957 -0.4889 0.0671 0.0380 -0.1054 -0.0351 -0.2461 0.9629
1305031472.6277 -0.4889 0.0632 0.0390 -0.1067 -0.0360 -0.2444 0.9631
1305031472.6636 -0.4890 0.0587 0.0408 -0.1072 -0.0371 -0.2431 0.9634
1305031472.6958 -0.4892 0.0545 0.0420 -0.1065 -0.0384 -0.2415 0.9638
1305031472.7276 -0.4890 0.0508 0.0433 -0.1047 -0.0400 -0.2416 0.9639
1305031472.7636 -0.4879 0.0474 0.0438 -0.1029 -0.0410 -0.2428 0.9637
1305031472.7956 -0.4894 0.0442 0.0453 -0.1013 -0.0398 -0.2444 0.9636
1305031472.8276 -0.4899 0.0430 0.0467 -0.0982 -0.0394 -0.2444 0.9639
1305031472.8636 -0.4903 0.0426 0.0472 -0.0957 -0.0399 -0.2430 0.9645
1305031472.8957 -0.4907 0.0431 0.0480 -0.0952 -0.0408 -0.2410 0.9650
1305031472.9277 -0.4907 0.0403 0.0502 -0.0968 -0.0420 -0.2393 0.9652
1305031472.9638 -0.4900 0.0409 0.0510 -0.0954 -0.0421 -0.2379 0.9657
1305031472.9957 -0.4912 0.0403 0.0518 -0.0968 -0.0422 -0.2369 0.9658
1305031473.0276 -0.4908 0.0390 0.0527 -0.0984 -0.0440 -0.2368 0.9656
1305031473.0637 -0.4913 0.0369 0.0540 -0.1000 -0.0444 -0.2384 0.9650
1305031473.0957 -0.4906 0.0371 0.0549 -0.0985 -0.0440 -0.2402 0.9647
1305031473.1277 -0.4921 0.0362 0.0556 -0.0990 -0.0425 -0.2415 0.9644
1305031473.1671 -0.4937 0.0358 0.0559 -0.0983 -0.0427 -0.2417 0.9644
1305031473.1961 -0.4936 0.0350 0.0555 -0.0973 -0.0438 -0.2419 0.9644
