1305031453.3917 0.0000 0.0000 0.0000 0.0000 0.0000 0.0000 1.0000
1305031453.5237 0.0084 0.0209 -0.0367 0.0177 0.0234 0.0361 0.9989
1305031453.6277 0.0056 0.0355 -0.0755 0.0373 0.0295 0.0497 0.9976
1305031453.7277 -0.0017 0.0591 -0.1183 0.0549 0.0129 0.0398 0.9976
1305031453.8597 -0.0287 0.0808 -0.1655 0.0653 -0.0270 0.0101 0.9974
1305031453.9277 -0.0362 0.1014 -0.1826 0.0651 -0.0660 -0.0014 0.9957
1305031453.9596 -0.0378 0.1080 -0.1877 0.0643 -0.0828 -0.0102 0.9944
1305031453.9916 -0.0436 0.1111 -0.1868 0.0640 -0.0956 -0.0200 0.9932
1305031454.0277 -0.0573 0.1151 -0.1846 0.0663 -0.1073 -0.0278 0.9916
1305031454.0597 -0.0660 0.1233 -0.1876 0.0687 -0.1192 -0.0362 0.9898
1305031454.0917 -0.0845 0.1249 -0.1845 0.0692 -0.1282 -0.0454 0.9883
1305031454.1277 -0.1066 0.1356 -0.1764 0.0752 -0.1387 -0.0556 0.9859
1305031454.1597 -0.1253 0.1426 -0.1796 0.0762 -0.1505 -0.0662 0.9834
1305031454.1917 -0.1387 0.1496 -0.1764 0.0771 -0.1653 -0.0777 0.9802
1305031454.2277 -0.1753 0.1612 -0.1641 0.0827 -0.1741 -0.0924 0.9769
1305031454.2596 -0.1815 0.1544 -0.1626 0.0841 -0.1887 -0.1073 0.9725
1305031454.2916 -0.1947 0.1576 -0.1643 0.0827 -0.1960 -0.1172 0.9700
1305031454.3277 -0.1991 0.1586 -0.1615 0.0840 -0.2088 -0.1277 0.9659
1305031454.3596 -0.2097 0.1583 -0.1652 0.0865 -0.2196 -0.1387 0.9618
1305031454.3917 -0.2141 0.1644 -0.1603 0.0889 -0.2294 -0.1485 0.9578
1305031454.4275 -0.2203 0.1617 -0.1613 0.0874 -0.2425 -0.1585 0.9531
1305031454.4599 -0.2274 0.1667 -0.1649 0.0896 -0.2518 -0.1721 0.9481
1305031454.4916 -0.2259 0.1672 -0.1581 0.0907 -0.2609 -0.1865 0.9428
1305031454.5277 -0.2267 0.1827 -0.1544 0.0945 -0.2697 -0.1977 0.9377
1305031454.5596 -0.2252 0.1854 -0.1524 0.0919 -0.2788 -0.2081 0.9330
1305031454.5916 -0.2318 0.1950 -0.1520 0.0925 -0.2887 -0.2215 0.9269
1305031454.6276 -0.2373 0.2043 -0.1460 0.0930 -0.3022 -0.2311 0.9201
1305031454.6595 -0.2371 0.2193 -0.1400 0.0923 -0.3154 -0.2370 0.9142
1305031454.6919 -0.2456 0.2346 -0.1354 0.0907 -0.3274 -0.2406 0.9092
1305031454.7277 -0.2529 0.2385 -0.1390 0.0874 -0.3372 -0.2500 0.9034
1305031454.7597 -0.2541 0.2352 -0.1360 0.0785 -0.3430 -0.2471 0.9029
1305031454.7916 -0.2554 0.2378 -0.1348 0.0732 -0.3444 -0.2418 0.9042
1305031454.8276 -0.2529 0.2399 -0.1321 0.0669 -0.3459 -0.2358 0.9057
1305031454.8596 -0.2542 0.2382 -0.1214 0.0559 -0.3465 -0.2291 0.9079
1305031454.8918 -0.2579 0.2401 -0.1198 0.0497 -0.3425 -0.2236 0.9112
1305031454.9276 -0.2569 0.2445 -0.1145 0.0432 -0.3404 -0.2150 0.9144
1305031454.9596 -0.2590 0.2491 -0.1149 0.0397 -0.3370 -0.2102 0.9169
1305031454.9919 -0.2614 0.2466 -0.1135 0.0335 -0.3366 -0.2062 0.9182
1305031455.0278 -0.2617 0.2542 -0.1141 0.0331 -0.3364 -0.2027 0.9191
1305031455.0596 -0.2631 0.2583 -0.1142 0.0320 -0.3353 -0.2015 0.9197
1305031455.0917 -0.2644 0.2602 -0.1157 0.0322 -0.3342 -0.2011 0.9202
1305031455.1277 -0.2662 0.2676 -0.1201 0.0339 -0.3313 -0.2003 0.9214
1305031455.1597 -0.2718 0.2746 -0.1253 0.0339 -0.3277 -0.1976 0.9233
1305031455.1917 -0.2782 0.2799 -0.1248 0.0299 -0.3262 -0.1918 0.9252
1305031455.2276 -0.2833 0.2816 -0.1268 0.0281 -0.3250 -0.1883 0.9264
1305031455.2596 -0.2869 0.2887 -0.1286 0.0257 -0.3223 -0.1826 0.9285
1305031455.2918 -0.2942 0.2821 -0.1269 0.0118 -0.3210 -0.1732 0.9310
1305031455.3278 -0.3053 0.2878 -0.1449 0.0061 -0.3152 -0.1645 0.9346
1305031455.3596 -0.3042 0.2981 -0.1342 -0.0019 -0.3186 -0.1544 0.9352
1305031455.3917 -0.3109 0.2917 -0.1331 -0.0161 -0.3153 -0.1479 0.9373
1305031455.4276 -0.3194 0.2949 -0.1388 -0.0234 -0.3104 -0.1390 0.9401
1305031455.4596 -0.3309 0.2949 -0.1483 -0.0272 -0.3061 -0.1338 0.9422
1305031455.4916 -0.3412 0.2940 -0.1631 -0.0333 -0.3008 -0.1259 0.9447
1305031455.5276 -0.3552 0.2923 -0.1739 -0.0390 -0.2971 -0.1149 0.9471
1305031455.5597 -0.3729 0.2931 -0.1924 -0.0419 -0.2945 -0.1044 0.9490
1305031455.5916 -0.3846 0.2974 -0.2083 -0.0447 -0.2945 -0.0910 0.9503
1305031455.6276 -0.4011 0.2930 -0.2194 -0.0502 -0.2915 -0.0816 0.9518
1305031455.6596 -0.4125 0.2934 -0.2298 -0.0485 -0.2896 -0.0746 0.9530
1305031455.6916 -0.4232 0.2925 -0.2409 -0.0462 -0.2881 -0.0751 0.9535
1305031455.7276 -0.4298 0.2901 -0.2488 -0.0450 -0.2863 -0.0773 0.9539
1305031455.7597 -0.4350 0.2871 -0.2552 -0.0448 -0.2842 -0.0787 0.9545
1305031455.7917 -0.4428 0.2760 -0.2611 -0.0463 -0.2820 -0.0778 0.9551
1305031455.8276 -0.4494 0.2719 -0.2726 -0.0458 -0.2796 -0.0770 0.9559
1305031455.8595 -0.4549 0.2659 -0.2831 -0.0469 -0.2785 -0.0772 0.9562
1305031455.8917 -0.4574 0.2632 -0.2903 -0.0472 -0.2776 -0.0768 0.9565
1305031455.9280 -0.4617 0.2572 -0.2961 -0.0489 -0.2760 -0.0762 0.9569
1305031455.9597 -0.4647 0.2558 -0.3015 -0.0485 -0.2748 -0.0767 0.9572
1305031455.9917 -0.4688 0.2532 -0.3054 -0.0499 -0.2726 -0.0778 0.9577
1305031456.0278 -0.4732 0.2562 -0.3168 -0.0507 -0.2682 -0.0828 0.9585
1305031456.0597 -0.4843 0.2397 -0.3238 -0.0617 -0.2633 -0.0922 0.9583
1305031456.0917 -0.4900 0.2323 -0.3266 -0.0656 -0.2611 -0.0954 0.9583
1305031456.1276 -0.4943 0.2277 -0.3289 -0.0668 -0.2592 -0.0955 0.9588
1305031456.1597 -0.4996 0.2232 -0.3266 -0.0676 -0.2567 -0.0958 0.9594
1305031456.1917 -0.5056 0.2170 -0.3268 -0.0638 -0.2516 -0.0923 0.9613
1305031456.2277 -0.5135 0.2163 -0.3332 -0.0625 -0.2423 -0.0893 0.9641
1305031456.2917 -0.5311 0.1937 -0.3302 -0.0672 -0.2218 -0.0831 0.9692
1305031456.3277 -0.5393 0.1858 -0.3246 -0.0666 -0.2132 -0.0746 0.9719
1305031456.3916 -0.5497 0.1638 -0.3166 -0.0706 -0.1936 -0.0646 0.9764
1305031456.4277 -0.5568 0.1611 -0.3115 -0.0673 -0.1870 -0.0555 0.9785
1305031456.4917 -0.6022 0.1750 -0.3170 -0.0702 -0.1746 -0.0455 0.9811
1305031456.5276 -0.6240 0.1839 -0.3128 -0.0715 -0.1722 -0.0416 0.9816
1305031456.5917 -0.6451 0.1888 -0.3061 -0.0728 -0.1674 -0.0340 0.9826
1305031456.6276 -0.6535 0.1983 -0.3020 -0.0849 -0.1633 -0.0297 0.9825
1305031456.6916 -0.6924 0.1865 -0.2829 -0.0998 -0.1515 -0.0170 0.9833
1305031456.8276 -0.7565 0.2072 -0.2620 -0.1075 -0.1601 0.0110 0.9812
1305031457.0917 -0.8521 0.2232 -0.2356 -0.1391 -0.1253 0.0424 0.9814
1305031457.2917 -0.9172 0.2033 -0.2759 -0.1392 -0.0794 0.0750 0.9842
1305031457.3917 -0.9520 0.1868 -0.3097 -0.1352 -0.0440 0.0923 0.9855
1305031457.4917 -0.9948 0.1634 -0.3412 -0.1358 -0.0256 0.1054 0.9848
1305031457.5597 -1.0076 0.1530 -0.3682 -0.1277 -0.0191 0.1142 0.9850
1305031457.6596 -1.0445 0.1481 -0.4044 -0.1169 -0.0085 0.1266 0.9850
1305031457.7277 -1.0694 0.1167 -0.4153 -0.1271 -0.0040 0.1255 0.9839
1305031457.7916 -1.0833 0.0913 -0.4264 -0.1177 0.0030 0.1252 0.9851
1305031457.8277 -1.0932 0.0987 -0.4407 -0.1030 0.0101 0.1271 0.9865
1305031457.8916 -1.1163 0.0703 -0.4448 -0.0952 0.0249 0.1251 0.9873
1305031457.9276 -1.1279 0.0659 -0.4493 -0.0822 0.0304 0.1304 0.9876
1305031457.9916 -1.1515 0.0384 -0.4601 -0.0740 0.0342 0.1369 0.9872
1305031458.0278 -1.1557 0.0264 -0.4619 -0.0653 0.0375 0.1388 0.9875
1305031458.0597 -1.1675 0.0368 -0.4672 -0.0541 0.0420 0.1431 0.9873
1305031458.1276 -1.1858 0.0252 -0.4630 -0.0566 0.0475 0.1434 0.9869
1305031458.1596 -1.2037 0.0215 -0.4544 -0.0555 0.0512 0.1434 0.9868
1305031458.1916 -1.2143 0.0147 -0.4528 -0.0567 0.0510 0.1471 0.9862
1305031458.2276 -1.2293 0.0073 -0.4323 -0.0637 0.0492 0.1487 0.9856
1305031458.2599 -1.2447 -0.0169 -0.4204 -0.0684 0.0470 0.1457 0.9858
1305031458.2917 -1.2622 -0.0208 -0.4173 -0.0595 0.0436 0.1436 0.9869
1305031458.3276 -1.2861 -0.0192 -0.4010 -0.0562 0.0397 0.1445 0.9871
1305031458.3596 -1.2995 -0.0515 -0.3809 -0.0573 0.0373 0.1476 0.9867
1305031458.3916 -1.3235 -0.0451 -0.3667 -0.0430 0.0378 0.1504 0.9870
1305031458.4276 -1.3370 -0.0359 -0.3517 -0.0325 0.0398 0.1626 0.9853
1305031458.4596 -1.3304 -0.0350 -0.3368 -0.0209 0.0405 0.1687 0.9846
1305031458.4917 -1.3291 -0.0432 -0.3262 -0.0041 0.0477 0.1698 0.9843
1305031458.5277 -1.3429 -0.0391 -0.3191 0.0126 0.0572 0.1664 0.9843
1305031458.5596 -1.3504 -0.0372 -0.3027 0.0182 0.0644 0.1638 0.9842
1305031458.5916 -1.3572 -0.0548 -0.2931 0.0197 0.0686 0.1561 0.9852
1305031458.6277 -1.3637 -0.0361 -0.2817 0.0250 0.0676 0.1548 0.9853
1305031458.6596 -1.3799 -0.0393 -0.2641 0.0184 0.0640 0.1547 0.9857
1305031458.6917 -1.3899 -0.0329 -0.2419 0.0165 0.0494 0.1471 0.9878
1305031458.7276 -1.3921 -0.0432 -0.2306 0.0134 0.0347 0.1413 0.9893
1305031458.7599 -1.4056 -0.0452 -0.2186 0.0177 0.0220 0.1347 0.9905
1305031458.7916 -1.4133 -0.0304 -0.2035 0.0211 0.0072 0.1250 0.9919
1305031458.8276 -1.4157 -0.0320 -0.1825 0.0159 -0.0002 0.1226 0.9923
1305031458.8917 -1.4088 -0.0466 -0.1650 0.0178 -0.0064 0.1129 0.9934
1305031458.9276 -1.4214 -0.0386 -0.1613 0.0190 0.0007 0.1153 0.9932
1305031458.9596 -1.4256 -0.0415 -0.1495 0.0113 0.0053 0.1260 0.9919
1305031458.9916 -1.4267 -0.0712 -0.1460 0.0050 0.0071 0.1318 0.9912
1305031459.0277 -1.4551 -0.0705 -0.1351 0.0198 0.0100 0.1286 0.9914
1305031459.0596 -1.4718 -0.0812 -0.1332 0.0244 0.0028 0.1386 0.9900
1305031459.1276 -1.5213 -0.0700 -0.1964 0.0400 0.0161 0.1118 0.9928
1305031459.1596 -1.5290 -0.0731 -0.1859 0.0466 -0.0113 0.1131 0.9924
1305031459.1917 -1.5379 -0.0674 -0.1686 0.0534 -0.0302 0.1193 0.9910
1305031459.2276 -1.5447 -0.0641 -0.1554 0.0555 -0.0436 0.1280 0.9893
1305031459.2598 -1.5488 -0.0595 -0.1364 0.0564 -0.0463 0.1338 0.9883
1305031459.3276 -1.5645 -0.0481 -0.1059 0.0532 -0.0130 0.1555 0.9863
1305031459.3597 -1.5758 -0.0421 -0.1001 0.0557 0.0125 0.1738 0.9831
1305031459.3917 -1.5938 -0.0215 -0.0984 0.0537 0.0419 0.1927 0.9789
1305031459.4276 -1.5905 -0.0122 -0.0812 0.0413 0.0748 0.2217 0.9714
1305031459.4597 -1.6018 -0.0204 -0.0779 0.0338 0.1122 0.2608 0.9583
1305031459.5276 -1.7843 0.0144 0.0279 0.0618 0.2061 0.2039 0.9550
1305031459.5596 -1.7939 0.0061 0.0267 0.0559 0.2212 0.2320 0.9456
1305031459.5917 -1.8070 0.0026 0.0250 0.0522 0.2277 0.2531 0.9388
1305031459.6276 -1.8125 0.0069 0.0330 0.0508 0.2285 0.2633 0.9359
1305031459.6596 -1.8185 0.0115 0.0371 0.0524 0.2324 0.2629 0.9349
1305031459.6916 -1.8332 0.0098 0.0444 0.0487 0.2457 0.2694 0.9299
1305031459.7276 -1.8420 0.0019 0.0470 0.0449 0.2509 0.2726 0.9278
1305031459.7917 -1.8781 -0.0185 0.0557 0.0445 0.2607 0.2677 0.9265
1305031459.8277 -1.8966 -0.0289 0.0637 0.0434 0.2632 0.2664 0.9262
1305031459.8597 -1.9136 -0.0416 0.0710 0.0388 0.2632 0.2670 0.9262
1305031459.8916 -1.9218 -0.0574 0.0785 0.0329 0.2590 0.2727 0.9260
1305031459.9276 -1.9355 -0.0699 0.0855 0.0319 0.2576 0.2751 0.9257
1305031459.9917 -1.9523 -0.0913 0.0993 0.0265 0.2532 0.2873 0.9234
1305031460.0276 -1.9607 -0.1037 0.1075 0.0249 0.2540 0.2909 0.9221
1305031460.0597 -1.9744 -0.1218 0.1138 0.0229 0.2557 0.2952 0.9203
1305031460.0917 -1.9872 -0.1379 0.1173 0.0229 0.2509 0.3010 0.9197
1305031460.1277 -1.9952 -0.1436 0.1262 0.0286 0.2419 0.3059 0.9204
1305031460.1597 -2.0056 -0.1490 0.1346 0.0341 0.2344 0.3105 0.9206
1305031460.1916 -2.0027 -0.1549 0.1456 0.0339 0.2251 0.3191 0.9200
1305031460.2278 -2.0002 -0.1551 0.1542 0.0358 0.2248 0.3190 0.9200
1305031460.2917 -2.0114 -0.1635 0.1699 0.0445 0.2414 0.3158 0.9165
1305031460.3275 -2.0080 -0.1728 0.1746 0.0450 0.2459 0.3177 0.9146
1305031460.3916 -2.0091 -0.1790 0.1853 0.0453 0.2628 0.3237 0.9078
1305031460.4275 -2.0094 -0.1789 0.1979 0.0477 0.2714 0.3264 0.9042
1305031460.4596 -2.0119 -0.1831 0.2028 0.0466 0.2846 0.3311 0.8984
1305031460.4915 -2.0100 -0.1888 0.2031 0.0413 0.2970 0.3376 0.8923
1305031460.5276 -2.0135 -0.2041 0.2073 0.0335 0.3096 0.3471 0.8846
1305031460.5596 -2.0137 -0.2117 0.2166 0.0295 0.3196 0.3501 0.8800
1305031460.5919 -2.0151 -0.2155 0.2251 0.0278 0.3265 0.3502 0.8775
1305031460.6276 -2.0163 -0.2184 0.2313 0.0278 0.3327 0.3512 0.8748
1305031460.6598 -2.0190 -0.2218 0.2355 0.0278 0.3370 0.3502 0.8735
1305031460.6917 -2.0207 -0.2256 0.2384 0.0264 0.3385 0.3517 0.8724
1305031460.7277 -2.0225 -0.2314 0.2420 0.0234 0.3402 0.3519 0.8717
1305031460.7597 -2.0211 -0.2372 0.2454 0.0212 0.3421 0.3516 0.8712
1305031460.7917 -2.0243 -0.2422 0.2502 0.0201 0.3445 0.3506 0.8707
1305031460.8277 -2.0270 -0.2473 0.2555 0.0171 0.3463 0.3486 0.8708
1305031460.8597 -2.0271 -0.2524 0.2609 0.0133 0.3488 0.3475 0.8703
1305031460.8918 -2.0263 -0.2577 0.2649 0.0097 0.3506 0.3465 0.8700
1305031460.9276 -2.0295 -0.2651 0.2702 0.0067 0.3529 0.3465 0.8691
1305031460.9917 -2.0261 -0.2809 0.2848 0.0061 0.3570 0.3459 0.8677
1305031461.0276 -2.0242 -0.2911 0.2936 0.0064 0.3589 0.3487 0.8658
1305031461.0917 -2.0300 -0.3073 0.3159 0.0063 0.3602 0.3474 0.8657
1305031461.1276 -2.0271 -0.3140 0.3239 0.0054 0.3613 0.3456 0.8660
1305031461.1597 -2.0183 -0.3261 0.3296 0.0052 0.3612 0.3449 0.8664
1305031461.1920 -2.0220 -0.3291 0.3403 0.0074 0.3641 0.3394 0.8673
1305031461.2276 -2.0217 -0.3351 0.3458 0.0069 0.3659 0.3378 0.8671
1305031461.2596 -2.0212 -0.3427 0.3528 0.0074 0.3680 0.3346 0.8675
1305031461.2917 -2.0167 -0.3419 0.3626 0.0098 0.3678 0.3287 0.8698
1305031461.3278 -2.0151 -0.3399 0.3694 0.0123 0.3702 0.3232 0.8708
1305031461.3597 -2.0159 -0.3380 0.3751 0.0104 0.3733 0.3203 0.8706
1305031461.3917 -2.0082 -0.3461 0.3803 0.0037 0.3730 0.3219 0.8702
1305031461.4276 -2.0042 -0.3490 0.3834 0.0030 0.3734 0.3203 0.8706
1305031461.4598 -2.0060 -0.3479 0.3862 0.0020 0.3748 0.3211 0.8697
1305031461.4917 -1.9989 -0.3556 0.3896 -0.0015 0.3752 0.3219 0.8693
1305031461.5277 -1.9987 -0.3528 0.3890 0.0034 0.3758 0.3188 0.8701
1305031461.5597 -1.9922 -0.3459 0.3851 0.0040 0.3752 0.3151 0.8717
1305031461.5917 -1.9845 -0.3392 0.3781 0.0050 0.3793 0.3127 0.8708
1305031461.6275 -1.9828 -0.3335 0.3816 0.0047 0.3872 0.3118 0.8676
1305031461.6596 -1.9774 -0.3297 0.3770 0.0033 0.3893 0.3111 0.8670
1305031461.6916 -1.9794 -0.3225 0.3810 0.0043 0.3947 0.3141 0.8635
1305031461.7276 -1.9721 -0.3237 0.3779 0.0010 0.3946 0.3196 0.8615
1305031461.7597 -1.9699 -0.3169 0.3688 0.0014 0.3949 0.3216 0.8606
1305031461.7916 -1.9616 -0.3079 0.3576 -0.0011 0.3948 0.3268 0.8586
1305031461.8276 -1.9579 -0.3003 0.3521 -0.0024 0.4002 0.3294 0.8552
1305031461.8598 -1.9609 -0.2846 0.3487 0.0010 0.4057 0.3361 0.8500
1305031461.8917 -1.9619 -0.2744 0.3481 -0.0030 0.4103 0.3488 0.8426
1305031461.9278 -1.9510 -0.2644 0.3389 -0.0102 0.4039 0.3616 0.8403
1305031461.9597 -1.9382 -0.2505 0.3241 -0.0155 0.4031 0.3644 0.8394
1305031461.9916 -1.9452 -0.2402 0.3265 -0.0243 0.4135 0.3703 0.8315
1305031462.0277 -1.9402 -0.2365 0.3342 -0.0355 0.4145 0.3830 0.8248
1305031462.0598 -1.9358 -0.2254 0.3301 -0.0387 0.4062 0.3971 0.8221
1305031462.0918 -1.9333 -0.2159 0.3275 -0.0412 0.3995 0.4099 0.8189
1305031462.1277 -1.9344 -0.2051 0.3260 -0.0425 0.3963 0.4200 0.8153
1305031462.1596 -1.9331 -0.1955 0.3210 -0.0448 0.3910 0.4280 0.8136
1305031462.1916 -1.9341 -0.1875 0.3217 -0.0477 0.3907 0.4277 0.8137
1305031462.2276 -1.9372 -0.1805 0.3199 -0.0551 0.3895 0.4285 0.8134
1305031462.2598 -1.9417 -0.1820 0.3260 -0.0644 0.3920 0.4270 0.8123
1305031462.2916 -1.9429 -0.1900 0.3302 -0.0806 0.3915 0.4246 0.8124
1305031462.3597 -1.9530 -0.1653 0.3297 -0.0915 0.3874 0.4130 0.8191
1305031462.4920 -1.9953 -0.1007 0.3934 -0.1022 0.3883 0.3886 0.8293
1305031462.7277 -2.0226 -0.0830 0.3859 -0.1334 0.3595 0.3335 0.8612
1305031462.8918 -2.0287 -0.0737 0.3662 -0.1633 0.3443 0.2981 0.8752
1305031463.0277 -2.0161 -0.0551 0.3363 -0.1595 0.3331 0.2841 0.8848
1305031463.0958 -2.0105 -0.0529 0.3155 -0.1610 0.3234 0.2672 0.8934
1305031463.1598 -2.0090 -0.0506 0.2895 -0.1567 0.3200 0.2490 0.9006
1305031463.2600 -1.9965 -0.0299 0.2580 -0.1497 0.3162 0.2299 0.9082
1305031463.3956 -1.9743 -0.0111 0.2272 -0.1403 0.3050 0.2139 0.9174
1305031463.4956 -1.9473 0.0282 0.2023 -0.1311 0.3052 0.1988 0.9220
1305031463.5598 -1.9305 0.0543 0.1794 -0.1170 0.3125 0.1888 0.9236
1305031463.6598 -1.8951 0.0631 0.1433 -0.1048 0.3106 0.1806 0.9273
1305031463.7276 -1.8796 0.0622 0.1144 -0.1026 0.3120 0.1684 0.9294
1305031463.7597 -1.8621 0.0504 0.0946 -0.0997 0.3127 0.1616 0.9307
1305031463.8278 -1.8410 0.0419 0.0550 -0.0943 0.3115 0.1426 0.9347
1305031463.8599 -1.8238 0.0244 0.0331 -0.0975 0.3086 0.1310 0.9371
1305031463.8956 -1.8150 0.0199 0.0095 -0.0931 0.3063 0.1198 0.9398
1305031463.9597 -1.7978 0.0001 -0.0241 -0.0930 0.2983 0.1064 0.9440
1305031463.9958 -1.7918 -0.0145 -0.0349 -0.0932 0.2953 0.0981 0.9458
1305031464.0277 -1.7965 -0.0186 -0.0479 -0.0916 0.2956 0.0870 0.9469
1305031464.0597 -1.7861 -0.0429 -0.0646 -0.0984 0.2924 0.0769 0.9481
1305031464.0956 -1.7948 -0.0533 -0.0744 -0.0954 0.2966 0.0633 0.9481
1305031464.1277 -1.8011 -0.0642 -0.0810 -0.0961 0.2981 0.0564 0.9480
1305031464.1598 -1.7974 -0.0746 -0.0864 -0.0907 0.2953 0.0549 0.9495
1305031464.1956 -1.7935 -0.0942 -0.1034 -0.0847 0.2863 0.0508 0.9530
1305031464.2276 -1.8011 -0.0944 -0.1168 -0.0743 0.2767 0.0422 0.9571
1305031464.2596 -1.8025 -0.0928 -0.1259 -0.0688 0.2623 0.0435 0.9615
1305031464.2957 -1.8012 -0.1009 -0.1309 -0.0706 0.2467 0.0400 0.9657
1305031464.3279 -1.7819 -0.1100 -0.1457 -0.0722 0.2285 0.0351 0.9702
1305031464.3597 -1.7726 -0.1232 -0.1587 -0.0726 0.2182 0.0291 0.9728
1305031464.3956 -1.7681 -0.1250 -0.1681 -0.0678 0.2140 0.0212 0.9742
1305031464.4276 -1.7654 -0.1239 -0.1788 -0.0657 0.2136 0.0099 0.9747
1305031464.4597 -1.7697 -0.1328 -0.1854 -0.0656 0.2140 0.0024 0.9746
1305031464.4956 -1.7629 -0.1297 -0.1961 -0.0622 0.2115 -0.0047 0.9754
1305031464.5276 -1.7600 -0.1384 -0.2124 -0.0628 0.2112 -0.0120 0.9753
1305031464.5597 -1.7507 -0.1481 -0.2233 -0.0664 0.2084 -0.0198 0.9756
1305031464.5957 -1.7282 -0.1741 -0.2441 -0.0673 0.2075 -0.0332 0.9753
1305031464.6277 -1.7216 -0.1810 -0.2561 -0.0546 0.2181 -0.0429 0.9735
1305031464.6597 -1.7138 -0.1960 -0.2703 -0.0449 0.2269 -0.0541 0.9714
1305031464.6957 -1.6967 -0.2312 -0.2822 -0.0375 0.2301 -0.0698 0.9699
1305031464.7277 -1.6900 -0.2332 -0.2887 -0.0190 0.2308 -0.0878 0.9688
1305031464.7597 -1.6930 -0.2232 -0.2938 -0.0055 0.2286 -0.1069 0.9676
1305031464.7960 -1.7013 -0.2308 -0.2911 -0.0016 0.2251 -0.1256 0.9662
1305031464.8278 -1.6969 -0.2170 -0.2830 0.0108 0.2104 -0.1397 0.9675
1305031464.8597 -1.6940 -0.1982 -0.2762 0.0179 0.1933 -0.1553 0.9686
1305031464.8958 -1.6730 -0.2096 -0.2818 0.0110 0.1724 -0.1711 0.9700
1305031464.9278 -1.6593 -0.2374 -0.2833 0.0019 0.1577 -0.1892 0.9692
1305031464.9598 -1.6520 -0.2540 -0.2739 0.0013 0.1513 -0.2056 0.9669
1305031464.9957 -1.6409 -0.2402 -0.2659 0.0089 0.1480 -0.2253 0.9629
1305031465.0278 -1.6371 -0.2407 -0.2578 0.0113 0.1473 -0.2435 0.9586
1305031465.0597 -1.6417 -0.2081 -0.2379 0.0207 0.1447 -0.2649 0.9531
1305031465.0957 -1.6206 -0.1693 -0.2176 0.0191 0.1333 -0.2839 0.9493
1305031465.1277 -1.5994 -0.1695 -0.1971 -0.0017 0.1218 -0.2961 0.9474
1305031465.1598 -1.5872 -0.1739 -0.1737 -0.0224 0.1129 -0.3018 0.9464
1305031465.1956 -1.5608 -0.1824 -0.1511 -0.0399 0.1011 -0.3064 0.9457
1305031465.2279 -1.5353 -0.1795 -0.1337 -0.0537 0.0932 -0.3104 0.9445
1305031465.2956 -1.5165 -0.1703 -0.1030 -0.0739 0.0838 -0.3026 0.9466
1305031465.3277 -1.5004 -0.1531 -0.0876 -0.0788 0.0765 -0.2874 0.9515
1305031465.4277 -1.4479 -0.1648 -0.0677 -0.0912 0.0362 -0.2524 0.9626
1305031465.4601 -1.4378 -0.1564 -0.0709 -0.0881 0.0316 -0.2446 0.9651
1305031465.4957 -1.4208 -0.1510 -0.0744 -0.0909 0.0264 -0.2356 0.9672
1305031465.5276 -1.4068 -0.1590 -0.0732 -0.0949 0.0198 -0.2322 0.9678
1305031465.5598 -1.3898 -0.1628 -0.0768 -0.0929 0.0128 -0.2276 0.9692
1305031465.5956 -1.3779 -0.1623 -0.0834 -0.0902 0.0106 -0.2238 0.9704
1305031465.6277 -1.3657 -0.1586 -0.0872 -0.0875 0.0081 -0.2171 0.9722
1305031465.6601 -1.3510 -0.1567 -0.0934 -0.0856 0.0019 -0.2110 0.9737
1305031465.6957 -1.3308 -0.1559 -0.0985 -0.0824 -0.0044 -0.2055 0.9752
1305031465.7277 -1.3147 -0.1473 -0.1030 -0.0757 -0.0072 -0.1998 0.9769
1305031465.7598 -1.2950 -0.1424 -0.1081 -0.0714 -0.0118 -0.1929 0.9786
1305031465.7959 -1.2774 -0.1400 -0.1150 -0.0680 -0.0142 -0.1891 0.9795
1305031465.8280 -1.2612 -0.1438 -0.1206 -0.0648 -0.0177 -0.1841 0.9806
1305031465.8599 -1.2362 -0.1352 -0.1361 -0.0546 -0.0213 -0.1828 0.9814
1305031465.8955 -1.2099 -0.1336 -0.1403 -0.0511 -0.0168 -0.1838 0.9815
1305031465.9275 -1.1862 -0.1382 -0.1410 -0.0480 -0.0115 -0.1829 0.9819
1305031465.9597 -1.1640 -0.1262 -0.1495 -0.0353 -0.0051 -0.1856 0.9820
1305031465.9958 -1.1410 -0.1280 -0.1573 -0.0311 -0.0016 -0.1874 0.9818
1305031466.0276 -1.1174 -0.1362 -0.1701 -0.0308 -0.0025 -0.1867 0.9819
1305031466.0598 -1.0895 -0.1250 -0.1810 -0.0313 -0.0030 -0.1837 0.9825
1305031466.0958 -1.0764 -0.1101 -0.1889 -0.0344 -0.0025 -0.1823 0.9826
1305031466.1276 -1.0610 -0.0954 -0.1936 -0.0395 -0.0046 -0.1817 0.9825
1305031466.1604 -1.0491 -0.0803 -0.2049 -0.0423 -0.0060 -0.1782 0.9831
1305031466.1958 -1.0366 -0.0686 -0.2153 -0.0500 -0.0105 -0.1762 0.9830
1305031466.2280 -1.0198 -0.0700 -0.2196 -0.0647 -0.0164 -0.1772 0.9819
1305031466.2598 -1.0038 -0.0879 -0.2325 -0.0717 -0.0199 -0.1818 0.9805
1305031466.2957 -0.9805 -0.0949 -0.2452 -0.0710 -0.0200 -0.1915 0.9787
1305031466.3277 -0.9641 -0.0970 -0.2597 -0.0698 -0.0123 -0.2000 0.9772
1305031466.3598 -0.9524 -0.0938 -0.2744 -0.0717 -0.0024 -0.2079 0.9755
1305031466.3958 -0.9406 -0.1064 -0.2819 -0.0734 -0.0016 -0.2112 0.9747
1305031466.4278 -0.9331 -0.1090 -0.2930 -0.0713 -0.0042 -0.2142 0.9742
1305031466.4598 -0.9227 -0.1053 -0.3092 -0.0711 -0.0071 -0.2163 0.9737
1305031466.4958 -0.9050 -0.1033 -0.3211 -0.0725 -0.0100 -0.2180 0.9732
1305031466.5275 -0.8795 -0.1183 -0.3327 -0.0753 -0.0114 -0.2185 0.9729
1305031466.5604 -0.8587 -0.1146 -0.3424 -0.0740 -0.0082 -0.2212 0.9724
1305031466.5959 -0.8331 -0.1168 -0.3506 -0.0831 -0.0091 -0.2224 0.9714
1305031466.6275 -0.8101 -0.1373 -0.3481 -0.0905 -0.0098 -0.2265 0.9697
1305031466.6597 -0.7891 -0.1463 -0.3565 -0.0865 -0.0098 -0.2314 0.9690
1305031466.6958 -0.7713 -0.1370 -0.3624 -0.0838 -0.0115 -0.2394 0.9672
1305031466.7281 -0.7561 -0.1465 -0.3663 -0.0924 -0.0130 -0.2493 0.9639
1305031466.7596 -0.7352 -0.1584 -0.3616 -0.0919 -0.0165 -0.2553 0.9623
1305031466.7956 -0.7223 -0.1598 -0.3697 -0.0883 -0.0194 -0.2589 0.9617
1305031466.8279 -0.7078 -0.1603 -0.3814 -0.0897 -0.0223 -0.2597 0.9613
1305031466.8597 -0.7027 -0.1680 -0.3838 -0.0926 -0.0251 -0.2589 0.9611
1305031466.8957 -0.6830 -0.1756 -0.3866 -0.0939 -0.0391 -0.2566 0.9611
1305031466.9278 -0.6646 -0.1862 -0.3914 -0.0971 -0.0545 -0.2562 0.9602
1305031466.9597 -0.6527 -0.1986 -0.3976 -0.0995 -0.0627 -0.2580 0.9590
1305031466.9957 -0.6410 -0.2014 -0.4011 -0.0991 -0.0666 -0.2591 0.9584
1305031467.0278 -0.6313 -0.2047 -0.4039 -0.0992 -0.0696 -0.2613 0.9576
1305031467.0597 -0.6178 -0.2079 -0.4081 -0.0988 -0.0723 -0.2628 0.9570
1305031467.0957 -0.6032 -0.2104 -0.4085 -0.0996 -0.0747 -0.2665 0.9558
1305031467.1290 -0.5959 -0.2169 -0.4071 -0.1008 -0.0772 -0.2721 0.9538
1305031467.1597 -0.5846 -0.2231 -0.4105 -0.1009 -0.0810 -0.2762 0.9523
1305031467.1957 -0.5793 -0.2243 -0.4141 -0.1005 -0.0836 -0.2793 0.9513
1305031467.2277 -0.5720 -0.2275 -0.4179 -0.1005 -0.0884 -0.2840 0.9494
1305031467.2597 -0.5655 -0.2311 -0.4184 -0.1006 -0.0921 -0.2871 0.9481
1305031467.2958 -0.5560 -0.2338 -0.4193 -0.1001 -0.0970 -0.2905 0.9467
1305031467.3280 -0.5478 -0.2342 -0.4231 -0.0997 -0.1008 -0.2931 0.9455
1305031467.3597 -0.5339 -0.2357 -0.4306 -0.1017 -0.1072 -0.2953 0.9439
1305031467.3958 -0.5224 -0.2399 -0.4308 -0.1071 -0.1129 -0.2972 0.9420
1305031467.4278 -0.5151 -0.2450 -0.4334 -0.1088 -0.1163 -0.2993 0.9408
1305031467.4597 -0.5044 -0.2487 -0.4375 -0.1093 -0.1216 -0.3001 0.9398
1305031467.4961 -0.4851 -0.2458 -0.4430 -0.1112 -0.1289 -0.3018 0.9381
1305031467.5277 -0.4689 -0.2394 -0.4415 -0.1116 -0.1327 -0.3053 0.9363
1305031467.5598 -0.4616 -0.2435 -0.4390 -0.1123 -0.1339 -0.3056 0.9360
1305031467.5960 -0.4562 -0.2498 -0.4400 -0.1135 -0.1345 -0.3047 0.9360
1305031467.6275 -0.4491 -0.2521 -0.4356 -0.1123 -0.1381 -0.3025 0.9364
1305031467.6596 -0.4454 -0.2615 -0.4301 -0.1094 -0.1428 -0.3006 0.9366
1305031467.6959 -0.4387 -0.2649 -0.4270 -0.1081 -0.1459 -0.3022 0.9358
1305031467.7275 -0.4404 -0.2720 -0.4189 -0.1069 -0.1474 -0.3067 0.9342
1305031467.7599 -0.4433 -0.2795 -0.4082 -0.1044 -0.1491 -0.3094 0.9333
1305031467.7961 -0.4393 -0.2849 -0.4010 -0.1016 -0.1521 -0.3113 0.9325
1305031467.8278 -0.4496 -0.2973 -0.3912 -0.1020 -0.1519 -0.3125 0.9321
1305031467.8597 -0.4498 -0.3046 -0.3799 -0.0972 -0.1557 -0.3088 0.9333
1305031467.8959 -0.4512 -0.3171 -0.3742 -0.0963 -0.1607 -0.3088 0.9325
1305031467.9278 -0.4516 -0.3159 -0.3558 -0.0939 -0.1662 -0.3127 0.9305
1305031467.9598 -0.4549 -0.3243 -0.3440 -0.0884 -0.1703 -0.3146 0.9296
1305031467.9958 -0.4497 -0.3254 -0.3338 -0.0865 -0.1726 -0.3161 0.9289
1305031468.0281 -0.4461 -0.3280 -0.3113 -0.0872 -0.1736 -0.3185 0.9278
1305031468.0598 -0.4530 -0.3384 -0.2912 -0.0850 -0.1755 -0.3208 0.9269
1305031468.0959 -0.4473 -0.3416 -0.2846 -0.0836 -0.1782 -0.3213 0.9263
1305031468.1278 -0.4455 -0.3446 -0.2700 -0.0840 -0.1796 -0.3214 0.9260
1305031468.1599 -0.4428 -0.3514 -0.2517 -0.0837 -0.1821 -0.3227 0.9250
1305031468.1960 -0.4360 -0.3569 -0.2367 -0.0835 -0.1839 -0.3251 0.9239
1305031468.2282 -0.4275 -0.3643 -0.2190 -0.0834 -0.1849 -0.3263 0.9233
1305031468.2598 -0.4158 -0.3709 -0.1908 -0.0822 -0.1871 -0.3243 0.9236
1305031468.2958 -0.4065 -0.3864 -0.1720 -0.0830 -0.1879 -0.3253 0.9230
1305031468.3278 -0.4022 -0.4046 -0.1418 -0.0831 -0.1896 -0.3231 0.9235
1305031468.3598 -0.3954 -0.4188 -0.1246 -0.0818 -0.1893 -0.3183 0.9253
1305031468.4280 -0.3902 -0.4424 -0.0927 -0.0864 -0.1897 -0.3169 0.9253
1305031468.4958 -0.3809 -0.4669 -0.0592 -0.0898 -0.1927 -0.3130 0.9257
1305031468.5278 -0.3888 -0.4808 -0.0438 -0.0902 -0.1924 -0.3175 0.9241
1305031468.5597 -0.4064 -0.4985 -0.0389 -0.0861 -0.1922 -0.3269 0.9213
1305031468.6596 -0.4376 -0.5310 -0.0262 -0.0901 -0.1938 -0.3341 0.9180
1305031468.6958 -0.4575 -0.5553 -0.0136 -0.0916 -0.1989 -0.3375 0.9155
1305031468.7278 -0.4720 -0.5655 -0.0110 -0.0880 -0.2026 -0.3393 0.9144
1305031468.7596 -0.4822 -0.5772 -0.0008 -0.0891 -0.2054 -0.3389 0.9138
1305031468.7958 -0.5005 -0.5977 0.0079 -0.0898 -0.2070 -0.3431 0.9118
1305031468.8292 -0.5205 -0.6105 0.0048 -0.0832 -0.2079 -0.3514 0.9091
1305031468.9596 -0.5282 -0.6198 0.0226 -0.0850 -0.1913 -0.3532 0.9118
1305031469.0277 -0.5276 -0.6186 0.0401 -0.1156 -0.1824 -0.3603 0.9075
1305031469.1277 -0.5335 -0.6318 0.0776 -0.1520 -0.1729 -0.3826 0.8948
1305031469.1955 -0.5437 -0.6527 0.1035 -0.1723 -0.1543 -0.3940 0.8895
1305031469.2596 -0.5546 -0.6497 0.1370 -0.1826 -0.1449 -0.4005 0.8862
1305031469.2968 -0.5584 -0.6499 0.1512 -0.1873 -0.1405 -0.4029 0.8848
1305031469.3276 -0.5571 -0.6445 0.1593 -0.1897 -0.1383 -0.4038 0.8842
1305031469.3596 -0.5443 -0.6479 0.1812 -0.1974 -0.1378 -0.4047 0.8822
1305031469.3957 -0.5441 -0.6422 0.1960 -0.1951 -0.1271 -0.4129 0.8805
1305031469.4277 -0.5478 -0.6317 0.2056 -0.1910 -0.1144 -0.4217 0.8790
1305031469.4597 -0.5427 -0.6288 0.2230 -0.1913 -0.1091 -0.4299 0.8756
1305031469.4957 -0.5481 -0.6115 0.2327 -0.1891 -0.1024 -0.4328 0.8754
1305031469.5276 -0.5398 -0.6002 0.2378 -0.1886 -0.1037 -0.4314 0.8761
1305031469.5596 -0.5329 -0.5876 0.2465 -0.1922 -0.1040 -0.4312 0.8754
1305031469.6596 -0.5174 -0.5448 0.2787 -0.2091 -0.0962 -0.4296 0.8732
1305031469.7956 -0.5117 -0.4792 0.3066 -0.2239 -0.0735 -0.4216 0.8756
1305031469.9598 -0.5196 -0.3771 0.3359 -0.2420 -0.0726 -0.4064 0.8781
1305031470.1596 -0.5477 -0.2697 0.3377 -0.2564 -0.0738 -0.3950 0.8791
1305031470.3276 -0.5850 -0.1819 0.3196 -0.2710 -0.0634 -0.3804 0.8819
1305031470.4957 -0.6250 -0.1051 0.3025 -0.2729 -0.0687 -0.3724 0.8844
1305031470.6597 -0.6628 -0.0557 0.2890 -0.2752 -0.0674 -0.3573 0.8900
1305031470.6956 -0.6726 -0.0431 0.2876 -0.2754 -0.0661 -0.3549 0.8910
1305031470.7277 -0.6823 -0.0314 0.2850 -0.2724 -0.0640 -0.3533 0.8927
1305031470.7597 -0.6872 -0.0267 0.2824 -0.2718 -0.0610 -0.3520 0.8936
1305031470.7956 -0.6909 -0.0169 0.2808 -0.2689 -0.0567 -0.3484 0.8962
1305031470.8278 -0.6966 -0.0071 0.2788 -0.2628 -0.0563 -0.3435 0.8999
1305031470.8596 -0.7053 -0.0001 0.2759 -0.2570 -0.0549 -0.3371 0.9041
1305031470.8957 -0.7124 0.0072 0.2729 -0.2521 -0.0553 -0.3304 0.9078
1305031470.9277 -0.7189 0.0122 0.2731 -0.2483 -0.0604 -0.3260 0.9102
1305031470.9596 -0.7308 0.0176 0.2689 -0.2370 -0.0624 -0.3253 0.9133
1305031470.9960 -0.7382 0.0182 0.2648 -0.2285 -0.0642 -0.3254 0.9153
1305031471.0276 -0.7463 0.0175 0.2634 -0.2203 -0.0638 -0.3241 0.9178
1305031471.0596 -0.7523 0.0166 0.2615 -0.2102 -0.0646 -0.3208 0.9213
1305031471.0958 -0.7601 0.0217 0.2555 -0.1984 -0.0627 -0.3145 0.9262
1305031471.1277 -0.7645 0.0252 0.2519 -0.1904 -0.0641 -0.3085 0.9298
1305031471.1596 -0.7680 0.0257 0.2506 -0.1845 -0.0649 -0.3017 0.9331
1305031471.1957 -0.7724 0.0247 0.2483 -0.1838 -0.0630 -0.2978 0.9346
1305031471.2276 -0.7768 0.0255 0.2481 -0.1841 -0.0605 -0.2937 0.9360
1305031471.2597 -0.7826 0.0243 0.2485 -0.1861 -0.0583 -0.2915 0.9365
1305031471.2961 -0.7867 0.0242 0.2489 -0.1851 -0.0565 -0.2881 0.9379
1305031471.3276 -0.7870 0.0268 0.2464 -0.1794 -0.0552 -0.2856 0.9398
1305031471.3596 -0.7887 0.0284 0.2461 -0.1774 -0.0497 -0.2835 0.9411
1305031471.3957 -0.7956 0.0254 0.2479 -0.1793 -0.0438 -0.2796 0.9422
1305031471.4277 -0.7984 0.0246 0.2460 -0.1770 -0.0430 -0.2737 0.9444
1305031471.4965 -0.8121 0.0245 0.2404 -0.1796 -0.0377 -0.2667 0.9462
1305031471.5276 -0.8162 0.0258 0.2393 -0.1795 -0.0357 -0.2647 0.9468
1305031471.5597 -0.8169 0.0265 0.2376 -0.1788 -0.0351 -0.2636 0.9473
1305031471.5957 -0.8182 0.0282 0.2365 -0.1772 -0.0326 -0.2629 0.9479
1305031471.6276 -0.8191 0.0305 0.2332 -0.1740 -0.0302 -0.2621 0.9488
1305031471.6596 -0.8198 0.0308 0.2278 -0.1705 -0.0276 -0.2608 0.9498
1305031471.7958 -0.8253 0.0264 0.2155 -0.1711 -0.0085 -0.2422 0.9550
1305031471.9956 -0.8297 0.0449 0.2067 -0.1786 0.0262 -0.2144 0.9599
1305031472.5957 -0.8375 0.0425 0.2240 -0.1634 0.0303 -0.1713 0.9711
1305031472.8276 -0.8355 0.0211 0.2350 -0.1550 0.0270 -0.1721 0.9724
