1305031453.4237 0.0049 0.0035 -0.0081 0.0016 0.0038 0.0095 0.9999
1305031453.4597 0.0106 0.0077 -0.0179 0.0054 0.0093 0.0184 0.9998
1305031453.4917 0.0125 0.0121 -0.0285 0.0095 0.0161 0.0285 0.9994
1305031453.5237 0.0132 0.0177 -0.0424 0.0163 0.0211 0.0374 0.9989
1305031453.5598 0.0150 0.0228 -0.0560 0.0233 0.0234 0.0440 0.9985
1305031453.5916 0.0148 0.0310 -0.0710 0.0312 0.0262 0.0484 0.9980
1305031453.6277 0.0083 0.0368 -0.0864 0.0380 0.0283 0.0522 0.9975
1305031453.6596 0.0027 0.0457 -0.1024 0.0462 0.0249 0.0502 0.9974
1305031453.6917 -0.0018 0.0572 -0.1177 0.0538 0.0197 0.0459 0.9973
1305031453.7277 -0.0101 0.0662 -0.1321 0.0582 0.0152 0.0408 0.9974
1305031453.7597 -0.0210 0.0715 -0.1461 0.0622 0.0077 0.0326 0.9975
1305031453.7917 -0.0252 0.0824 -0.1586 0.0674 -0.0023 0.0249 0.9974
1305031453.8278 -0.0367 0.0888 -0.1719 0.0697 -0.0086 0.0183 0.9974
1305031453.8597 -0.0507 0.0967 -0.1859 0.0714 -0.0199 0.0104 0.9972
1305031453.8917 -0.0626 0.1041 -0.1979 0.0709 -0.0355 0.0029 0.9968
1305031453.9277 -0.0734 0.1093 -0.2069 0.0679 -0.0539 -0.0018 0.9962
1305031453.9596 -0.0784 0.1152 -0.2142 0.0657 -0.0712 -0.0106 0.9952
1305031453.9916 -0.0895 0.1159 -0.2136 0.0640 -0.0826 -0.0221 0.9943
1305031454.0277 -0.0988 0.1172 -0.2202 0.0655 -0.0952 -0.0322 0.9928
1305031454.0597 -0.1075 0.1219 -0.2279 0.0664 -0.1069 -0.0437 0.9911
1305031454.0917 -0.1202 0.1225 -0.2242 0.0669 -0.1183 -0.0577 0.9890
1305031454.1277 -0.1256 0.1223 -0.2247 0.0697 -0.1344 -0.0714 0.9859
1305031454.1597 -0.1310 0.1239 -0.2301 0.0691 -0.1512 -0.0839 0.9825
1305031454.1917 -0.1440 0.1254 -0.2329 0.0669 -0.1667 -0.0991 0.9787
1305031454.2277 -0.1735 0.1403 -0.2378 0.0730 -0.1729 -0.1113 0.9759
1305031454.2596 -0.1739 0.1401 -0.2399 0.0776 -0.1875 -0.1267 0.9710
1305031454.2916 -0.1850 0.1404 -0.2419 0.0755 -0.1934 -0.1393 0.9682
1305031454.3277 -0.2030 0.1400 -0.2462 0.0756 -0.2001 -0.1554 0.9644
1305031454.3596 -0.2079 0.1422 -0.2455 0.0824 -0.2121 -0.1709 0.9587
1305031454.3917 -0.2189 0.1471 -0.2475 0.0839 -0.2181 -0.1826 0.9550
1305031454.4275 -0.2358 0.1511 -0.2497 0.0854 -0.2275 -0.1985 0.9495
1305031454.4599 -0.2375 0.1529 -0.2483 0.0882 -0.2384 -0.2140 0.9432
1305031454.4916 -0.2444 0.1562 -0.2511 0.0895 -0.2422 -0.2302 0.9382
1305031454.5277 -0.2496 0.1627 -0.2528 0.0895 -0.2476 -0.2462 0.9328
1305031454.5596 -0.2566 0.1670 -0.2553 0.0860 -0.2524 -0.2600 0.9281
1305031454.5916 -0.2702 0.1718 -0.2576 0.0826 -0.2596 -0.2777 0.9212
1305031454.6276 -0.2755 0.1720 -0.2582 0.0794 -0.2719 -0.2928 0.9132
1305031454.6595 -0.2781 0.1785 -0.2579 0.0737 -0.2835 -0.3011 0.9075
1305031454.6919 -0.2827 0.1801 -0.2606 0.0646 -0.2956 -0.3098 0.9013
1305031454.7277 -0.2834 0.1804 -0.2595 0.0585 -0.3078 -0.3159 0.8956
1305031454.7597 -0.2810 0.1826 -0.2559 0.0520 -0.3143 -0.3141 0.8943
1305031454.7916 -0.2771 0.1875 -0.2544 0.0464 -0.3175 -0.3073 0.8959
1305031454.8276 -0.2697 0.1968 -0.2523 0.0427 -0.3192 -0.3012 0.8975
1305031454.8596 -0.2666 0.2029 -0.2501 0.0365 -0.3164 -0.2946 0.9010
1305031454.8918 -0.2628 0.2104 -0.2506 0.0327 -0.3114 -0.2875 0.9052
1305031454.9276 -0.2599 0.2200 -0.2527 0.0293 -0.3053 -0.2811 0.9094
1305031454.9596 -0.2606 0.2291 -0.2569 0.0261 -0.2991 -0.2753 0.9133
1305031454.9919 -0.2647 0.2380 -0.2629 0.0235 -0.2948 -0.2699 0.9163
1305031455.0278 -0.2645 0.2494 -0.2660 0.0235 -0.2941 -0.2669 0.9174
1305031455.0596 -0.2683 0.2566 -0.2687 0.0219 -0.2909 -0.2652 0.9190
1305031455.0917 -0.2736 0.2664 -0.2735 0.0245 -0.2868 -0.2649 0.9203
1305031455.1277 -0.2787 0.2780 -0.2792 0.0261 -0.2815 -0.2635 0.9223
1305031455.1597 -0.2878 0.2885 -0.2860 0.0252 -0.2758 -0.2596 0.9252
1305031455.1917 -0.2971 0.2968 -0.2899 0.0214 -0.2717 -0.2542 0.9279
1305031455.2276 -0.3064 0.3037 -0.2946 0.0205 -0.2681 -0.2488 0.9305
1305031455.2596 -0.3119 0.3175 -0.3001 0.0192 -0.2632 -0.2425 0.9336
1305031455.2918 -0.3253 0.3222 -0.3050 0.0101 -0.2564 -0.2337 0.9378
1305031455.3278 -0.3369 0.3335 -0.3133 0.0051 -0.2525 -0.2233 0.9415
1305031455.3596 -0.3419 0.3439 -0.3151 -0.0023 -0.2512 -0.2171 0.9433
1305031455.3917 -0.3528 0.3444 -0.3181 -0.0138 -0.2438 -0.2097 0.9468
1305031455.4276 -0.3675 0.3498 -0.3260 -0.0210 -0.2354 -0.2000 0.9509
1305031455.4596 -0.3820 0.3507 -0.3335 -0.0267 -0.2308 -0.1918 0.9536
1305031455.4916 -0.3934 0.3558 -0.3419 -0.0313 -0.2267 -0.1808 0.9565
1305031455.5276 -0.4119 0.3536 -0.3518 -0.0380 -0.2216 -0.1682 0.9598
1305031455.5597 -0.4292 0.3556 -0.3640 -0.0408 -0.2208 -0.1551 0.9621
1305031455.5916 -0.4410 0.3614 -0.3756 -0.0431 -0.2214 -0.1406 0.9640
1305031455.6276 -0.4571 0.3581 -0.3796 -0.0492 -0.2199 -0.1286 0.9658
1305031455.6596 -0.4732 0.3556 -0.3906 -0.0470 -0.2176 -0.1233 0.9671
1305031455.6916 -0.4873 0.3577 -0.4033 -0.0428 -0.2156 -0.1243 0.9676
1305031455.7276 -0.5012 0.3565 -0.4144 -0.0404 -0.2122 -0.1289 0.9678
1305031455.7597 -0.5148 0.3552 -0.4266 -0.0389 -0.2066 -0.1317 0.9687
1305031455.7917 -0.5310 0.3471 -0.4392 -0.0384 -0.2008 -0.1310 0.9701
1305031455.8276 -0.5456 0.3467 -0.4558 -0.0350 -0.1967 -0.1306 0.9711
1305031455.8595 -0.5574 0.3430 -0.4676 -0.0349 -0.1950 -0.1317 0.9713
1305031455.8917 -0.5678 0.3403 -0.4796 -0.0345 -0.1922 -0.1318 0.9718
1305031455.9280 -0.5786 0.3361 -0.4894 -0.0351 -0.1888 -0.1326 0.9724
1305031455.9597 -0.5879 0.3360 -0.5019 -0.0336 -0.1850 -0.1346 0.9729
1305031455.9917 -0.5968 0.3342 -0.5110 -0.0352 -0.1804 -0.1369 0.9734
1305031456.0278 -0.6054 0.3406 -0.5229 -0.0372 -0.1733 -0.1411 0.9740
1305031456.0597 -0.6189 0.3328 -0.5282 -0.0471 -0.1673 -0.1495 0.9734
1305031456.0917 -0.6309 0.3241 -0.5321 -0.0532 -0.1630 -0.1547 0.9730
1305031456.1276 -0.6421 0.3186 -0.5378 -0.0545 -0.1583 -0.1560 0.9735
1305031456.1597 -0.6507 0.3082 -0.5379 -0.0567 -0.1537 -0.1565 0.9740
1305031456.1917 -0.6602 0.3010 -0.5410 -0.0520 -0.1460 -0.1536 0.9759
1305031456.2277 -0.6660 0.3062 -0.5462 -0.0466 -0.1365 -0.1496 0.9782
1305031456.2917 -0.6927 0.2910 -0.5444 -0.0466 -0.1131 -0.1428 0.9822
1305031456.3277 -0.7039 0.2854 -0.5424 -0.0427 -0.1027 -0.1360 0.9844
1305031456.3916 -0.7266 0.2809 -0.5357 -0.0376 -0.0781 -0.1267 0.9882
1305031456.4277 -0.7457 0.2854 -0.5342 -0.0293 -0.0652 -0.1199 0.9902
1305031456.4917 -0.7832 0.3045 -0.5258 -0.0313 -0.0547 -0.1083 0.9921
1305031456.5276 -0.7957 0.3053 -0.5161 -0.0375 -0.0560 -0.1029 0.9924
1305031456.5917 -0.8164 0.3118 -0.5002 -0.0388 -0.0512 -0.0908 0.9938
1305031456.6276 -0.8272 0.3225 -0.4919 -0.0497 -0.0449 -0.0848 0.9941
1305031456.6916 -0.8635 0.3089 -0.4696 -0.0636 -0.0319 -0.0701 0.9950
1305031456.7277 -0.8789 0.3259 -0.4629 -0.0648 -0.0295 -0.0602 0.9956
1305031456.7916 -0.9134 0.3162 -0.4420 -0.0710 -0.0371 -0.0467 0.9957
1305031456.8276 -0.9182 0.3335 -0.4353 -0.0691 -0.0416 -0.0377 0.9960
1305031456.8917 -0.9363 0.3238 -0.4105 -0.0826 -0.0388 -0.0270 0.9955
1305031456.9277 -0.9491 0.3329 -0.4050 -0.0757 -0.0320 -0.0203 0.9964
1305031456.9597 -0.9627 0.3494 -0.4020 -0.0739 -0.0247 -0.0152 0.9968
1305031456.9917 -0.9771 0.3455 -0.3938 -0.0836 -0.0188 -0.0139 0.9962
1305031457.0276 -0.9898 0.3463 -0.3900 -0.0853 -0.0139 -0.0100 0.9962
1305031457.0917 -1.0130 0.3527 -0.3877 -0.0971 -0.0022 -0.0007 0.9953
1305031457.1276 -1.0248 0.3445 -0.3861 -0.1021 0.0043 0.0034 0.9948
1305031457.1917 -1.0502 0.3488 -0.3969 -0.0983 0.0197 0.0164 0.9948
1305031457.2275 -1.0643 0.3439 -0.4008 -0.1034 0.0273 0.0219 0.9940
1305031457.2917 -1.0897 0.3340 -0.4142 -0.0949 0.0426 0.0342 0.9940
1305031457.3275 -1.1033 0.3370 -0.4248 -0.0913 0.0529 0.0394 0.9936
1305031457.3917 -1.1352 0.3227 -0.4410 -0.0882 0.0770 0.0520 0.9918
1305031457.4276 -1.1562 0.3226 -0.4526 -0.0843 0.0872 0.0591 0.9909
1305031457.4917 -1.1859 0.3062 -0.4702 -0.0852 0.0930 0.0674 0.9897
1305031457.5276 -1.1983 0.2996 -0.4805 -0.0816 0.0963 0.0706 0.9895
1305031457.5597 -1.2122 0.2947 -0.4906 -0.0780 0.1015 0.0745 0.9890
1305031457.5917 -1.2305 0.2939 -0.5006 -0.0740 0.1071 0.0780 0.9884
1305031457.6275 -1.2454 0.2823 -0.5056 -0.0754 0.1101 0.0805 0.9878
1305031457.6596 -1.2606 0.2875 -0.5177 -0.0693 0.1120 0.0852 0.9876
1305031457.6916 -1.2751 0.2801 -0.5231 -0.0753 0.1128 0.0873 0.9869
1305031457.7277 -1.2865 0.2616 -0.5259 -0.0796 0.1138 0.0862 0.9865
1305031457.7596 -1.2995 0.2498 -0.5310 -0.0779 0.1161 0.0846 0.9866
1305031457.7916 -1.3069 0.2328 -0.5353 -0.0726 0.1195 0.0840 0.9866
1305031457.8277 -1.3191 0.2362 -0.5463 -0.0602 0.1265 0.0853 0.9865
1305031457.8596 -1.3323 0.2270 -0.5503 -0.0582 0.1347 0.0857 0.9855
1305031457.8916 -1.3484 0.2042 -0.5497 -0.0543 0.1432 0.0856 0.9845
1305031457.9276 -1.3666 0.2033 -0.5549 -0.0396 0.1480 0.0902 0.9841
1305031457.9916 -1.3897 0.1889 -0.5561 -0.0283 0.1491 0.0958 0.9838
1305031458.0278 -1.3994 0.1788 -0.5529 -0.0200 0.1522 0.0967 0.9834
1305031458.0597 -1.4144 0.1866 -0.5531 -0.0088 0.1570 0.0996 0.9825
1305031458.0917 -1.4283 0.1879 -0.5479 -0.0077 0.1615 0.1019 0.9816
1305031458.1276 -1.4421 0.1781 -0.5380 -0.0100 0.1655 0.1025 0.9808
1305031458.1596 -1.4567 0.1711 -0.5278 -0.0083 0.1680 0.1050 0.9802
1305031458.1916 -1.4702 0.1776 -0.5197 -0.0059 0.1666 0.1102 0.9798
1305031458.2276 -1.4810 0.1728 -0.5065 -0.0130 0.1631 0.1117 0.9802
1305031458.2599 -1.4923 0.1469 -0.4845 -0.0193 0.1611 0.1085 0.9808
1305031458.2917 -1.5048 0.1461 -0.4736 -0.0096 0.1559 0.1095 0.9816
1305031458.3276 -1.5124 0.1432 -0.4604 -0.0074 0.1484 0.1119 0.9825
1305031458.3596 -1.5181 0.1278 -0.4395 -0.0024 0.1434 0.1122 0.9833
1305031458.3916 -1.5265 0.1303 -0.4288 0.0110 0.1395 0.1160 0.9833
1305031458.4276 -1.5267 0.1299 -0.4141 0.0191 0.1368 0.1246 0.9825
1305031458.4596 -1.5171 0.1201 -0.3952 0.0284 0.1372 0.1332 0.9811
1305031458.4917 -1.5147 0.1117 -0.3783 0.0473 0.1451 0.1331 0.9793
1305031458.5277 -1.5335 0.1340 -0.3590 0.0724 0.1585 0.1301 0.9761
1305031458.5596 -1.5391 0.1386 -0.3386 0.0804 0.1674 0.1278 0.9743
1305031458.5916 -1.5492 0.1389 -0.3175 0.0896 0.1743 0.1217 0.9730
1305031458.6277 -1.5586 0.1613 -0.3004 0.0956 0.1740 0.1175 0.9730
1305031458.6596 -1.5644 0.1596 -0.2797 0.0880 0.1692 0.1183 0.9745
1305031458.6917 -1.5651 0.1590 -0.2554 0.0815 0.1536 0.1125 0.9783
1305031458.7276 -1.5525 0.1469 -0.2339 0.0760 0.1358 0.1047 0.9823
1305031458.7599 -1.5586 0.1473 -0.2181 0.0808 0.1218 0.0948 0.9847
1305031458.7916 -1.5568 0.1553 -0.2052 0.0800 0.1053 0.0867 0.9874
1305031458.8276 -1.5511 0.1518 -0.1883 0.0726 0.0960 0.0843 0.9891
1305031458.8917 -1.5475 0.1466 -0.1655 0.0792 0.0922 0.0737 0.9898
1305031458.9276 -1.5580 0.1510 -0.1584 0.0780 0.1001 0.0800 0.9887
1305031458.9596 -1.5630 0.1434 -0.1509 0.0695 0.1056 0.0930 0.9876
1305031458.9916 -1.5670 0.1234 -0.1461 0.0675 0.1079 0.0979 0.9870
1305031459.0277 -1.5874 0.1173 -0.1411 0.0777 0.1072 0.0977 0.9864
1305031459.0596 -1.6073 0.1069 -0.1314 0.0849 0.1015 0.1073 0.9854
1305031459.1276 -1.6469 0.0871 -0.1193 0.1071 0.0617 0.1221 0.9848
1305031459.1596 -1.6575 0.0844 -0.1131 0.1159 0.0361 0.1242 0.9848
1305031459.1917 -1.6675 0.0848 -0.1063 0.1217 0.0174 0.1310 0.9837
1305031459.2276 -1.6740 0.0861 -0.0970 0.1239 0.0039 0.1422 0.9820
1305031459.2598 -1.6726 0.0939 -0.0804 0.1248 -0.0014 0.1520 0.9805
1305031459.3276 -1.6811 0.0987 -0.0597 0.1194 0.0276 0.1820 0.9756
1305031459.3597 -1.6914 0.1070 -0.0469 0.1239 0.0518 0.2023 0.9701
1305031459.3917 -1.7048 0.1314 -0.0345 0.1238 0.0777 0.2273 0.9628
1305031459.4276 -1.7039 0.1359 -0.0232 0.1102 0.1083 0.2630 0.9523
1305031459.4597 -1.7215 0.1330 -0.0218 0.1057 0.1450 0.3010 0.9366
1305031459.5276 -1.7057 0.1802 0.0399 0.1157 0.1559 0.3133 0.9296
1305031459.5596 -1.7234 0.1708 0.0325 0.1073 0.1708 0.3401 0.9185
1305031459.5917 -1.7440 0.1712 0.0339 0.1047 0.1783 0.3574 0.9108
1305031459.6276 -1.7542 0.1675 0.0363 0.1001 0.1793 0.3673 0.9071
1305031459.6596 -1.7676 0.1696 0.0401 0.1008 0.1863 0.3680 0.9054
1305031459.6916 -1.7855 0.1644 0.0429 0.0946 0.1989 0.3731 0.9013
1305031459.7276 -1.7987 0.1494 0.0428 0.0874 0.2071 0.3769 0.8986
1305031459.7917 -1.8371 0.1208 0.0455 0.0871 0.2202 0.3707 0.8980
1305031459.8277 -1.8543 0.1096 0.0484 0.0862 0.2213 0.3685 0.8988
1305031459.8597 -1.8733 0.0971 0.0525 0.0820 0.2215 0.3670 0.8997
1305031459.8916 -1.8843 0.0827 0.0572 0.0763 0.2173 0.3695 0.9002
1305031459.9276 -1.8946 0.0693 0.0614 0.0752 0.2147 0.3723 0.8998
1305031459.9917 -1.9166 0.0452 0.0709 0.0702 0.2123 0.3795 0.8977
1305031460.0276 -1.9222 0.0298 0.0753 0.0682 0.2119 0.3831 0.8965
1305031460.0597 -1.9344 0.0137 0.0787 0.0682 0.2133 0.3850 0.8953
1305031460.0917 -1.9475 -0.0044 0.0833 0.0691 0.2102 0.3915 0.8932
1305031460.1277 -1.9513 -0.0181 0.0892 0.0739 0.2006 0.4008 0.8909
1305031460.1597 -1.9605 -0.0270 0.0945 0.0805 0.1934 0.4079 0.8887
1305031460.1916 -1.9625 -0.0322 0.1049 0.0813 0.1862 0.4139 0.8873
1305031460.2278 -1.9530 -0.0416 0.1126 0.0807 0.1832 0.4182 0.8860
1305031460.2917 -1.9556 -0.0623 0.1223 0.0825 0.1993 0.4187 0.8821
1305031460.3275 -1.9592 -0.0749 0.1259 0.0832 0.2086 0.4206 0.8790
1305031460.3916 -1.9603 -0.0945 0.1373 0.0781 0.2275 0.4277 0.8713
1305031460.4275 -1.9608 -0.1060 0.1418 0.0765 0.2379 0.4330 0.8661
1305031460.4596 -1.9605 -0.1117 0.1471 0.0748 0.2501 0.4373 0.8606
1305031460.4915 -1.9677 -0.1211 0.1519 0.0686 0.2654 0.4437 0.8532
1305031460.5276 -1.9681 -0.1340 0.1549 0.0605 0.2759 0.4537 0.8452
1305031460.5596 -1.9651 -0.1457 0.1584 0.0535 0.2845 0.4580 0.8405
1305031460.5919 -1.9688 -0.1571 0.1627 0.0495 0.2943 0.4589 0.8368
1305031460.6276 -1.9684 -0.1685 0.1665 0.0460 0.3023 0.4615 0.8328
1305031460.6598 -1.9747 -0.1807 0.1720 0.0441 0.3116 0.4609 0.8298
1305031460.6917 -1.9824 -0.1923 0.1791 0.0409 0.3175 0.4618 0.8272
1305031460.7277 -1.9816 -0.2005 0.1852 0.0362 0.3189 0.4621 0.8267
1305031460.7597 -1.9813 -0.2126 0.1909 0.0325 0.3240 0.4610 0.8255
1305031460.7917 -1.9870 -0.2252 0.1993 0.0295 0.3295 0.4598 0.8241
1305031460.8277 -1.9878 -0.2328 0.2064 0.0252 0.3307 0.4574 0.8251
1305031460.8597 -1.9865 -0.2406 0.2128 0.0189 0.3338 0.4551 0.8253
1305031460.8918 -1.9862 -0.2543 0.2206 0.0110 0.3390 0.4528 0.8246
1305031460.9276 -1.9874 -0.2659 0.2301 0.0055 0.3416 0.4524 0.8238
1305031460.9917 -1.9732 -0.2921 0.2422 0.0003 0.3444 0.4557 0.8208
1305031461.0276 -1.9697 -0.3039 0.2506 0.0012 0.3468 0.4567 0.8193
1305031461.0917 -1.9684 -0.3184 0.2658 0.0041 0.3457 0.4559 0.8201
1305031461.1276 -1.9584 -0.3285 0.2706 0.0012 0.3445 0.4547 0.8213
1305031461.1597 -1.9530 -0.3408 0.2777 0.0023 0.3463 0.4530 0.8215
1305031461.1920 -1.9516 -0.3440 0.2843 0.0062 0.3471 0.4484 0.8236
1305031461.2276 -1.9487 -0.3500 0.2902 0.0065 0.3485 0.4462 0.8243
1305031461.2596 -1.9433 -0.3580 0.2966 0.0074 0.3489 0.4429 0.8259
1305031461.2917 -1.9398 -0.3608 0.3030 0.0099 0.3496 0.4370 0.8287
1305031461.3278 -1.9344 -0.3603 0.3084 0.0117 0.3514 0.4325 0.8302
1305031461.3597 -1.9378 -0.3584 0.3166 0.0094 0.3563 0.4282 0.8304
1305031461.3917 -1.9264 -0.3688 0.3240 -0.0000 0.3555 0.4298 0.8300
1305031461.4276 -1.9191 -0.3713 0.3273 -0.0006 0.3556 0.4282 0.8308
1305031461.4598 -1.9185 -0.3681 0.3314 -0.0028 0.3558 0.4295 0.8300
1305031461.4917 -1.9007 -0.3805 0.3308 -0.0098 0.3536 0.4324 0.8294
1305031461.5277 -1.9002 -0.3774 0.3309 -0.0032 0.3556 0.4297 0.8300
1305031461.5597 -1.8921 -0.3700 0.3263 -0.0030 0.3552 0.4269 0.8316
1305031461.5917 -1.8884 -0.3672 0.3225 -0.0029 0.3623 0.4232 0.8304
1305031461.6275 -1.8858 -0.3624 0.3215 -0.0052 0.3679 0.4230 0.8281
1305031461.6596 -1.8824 -0.3596 0.3210 -0.0076 0.3727 0.4229 0.8260
1305031461.6916 -1.8831 -0.3524 0.3206 -0.0082 0.3758 0.4278 0.8220
1305031461.7276 -1.8746 -0.3479 0.3166 -0.0116 0.3747 0.4339 0.8192
1305031461.7597 -1.8744 -0.3377 0.3117 -0.0109 0.3763 0.4362 0.8173
1305031461.7916 -1.8713 -0.3272 0.3076 -0.0147 0.3776 0.4405 0.8144
1305031461.8276 -1.8672 -0.3192 0.3032 -0.0171 0.3814 0.4450 0.8101
1305031461.8598 -1.8716 -0.3055 0.3012 -0.0170 0.3863 0.4509 0.8044
1305031461.8917 -1.8761 -0.2950 0.3002 -0.0211 0.3886 0.4619 0.7970
1305031461.9278 -1.8713 -0.2862 0.2985 -0.0289 0.3860 0.4715 0.7924
1305031461.9597 -1.8671 -0.2701 0.2907 -0.0330 0.3877 0.4745 0.7896
1305031461.9916 -1.8810 -0.2586 0.2926 -0.0391 0.3973 0.4797 0.7813
1305031462.0277 -1.8833 -0.2579 0.2949 -0.0504 0.3974 0.4911 0.7735
1305031462.0598 -1.8863 -0.2532 0.2958 -0.0545 0.3930 0.5031 0.7678
1305031462.0918 -1.8866 -0.2435 0.2916 -0.0563 0.3857 0.5145 0.7638
1305031462.1277 -1.8891 -0.2336 0.2877 -0.0588 0.3813 0.5236 0.7596
1305031462.1596 -1.8906 -0.2283 0.2841 -0.0631 0.3780 0.5303 0.7563
1305031462.1916 -1.8964 -0.2183 0.2815 -0.0654 0.3766 0.5299 0.7570
1305031462.2276 -1.9039 -0.2116 0.2812 -0.0714 0.3773 0.5302 0.7560
1305031462.2598 -1.9107 -0.2070 0.2811 -0.0783 0.3760 0.5288 0.7569
1305031462.2916 -1.9186 -0.2001 0.2814 -0.0841 0.3731 0.5250 0.7603
1305031462.3275 -1.9237 -0.1923 0.2799 -0.0913 0.3695 0.5210 0.7640
1305031462.3597 -1.9357 -0.1845 0.2826 -0.0975 0.3695 0.5145 0.7676
1305031462.3917 -1.9466 -0.1793 0.2872 -0.1057 0.3661 0.5111 0.7705
1305031462.4276 -1.9543 -0.1755 0.2923 -0.1144 0.3609 0.5083 0.7735
1305031462.4599 -1.9704 -0.1823 0.3115 -0.1262 0.3635 0.5022 0.7744
1305031462.4920 -1.9478 -0.1576 0.3012 -0.1322 0.3374 0.5041 0.7840
1305031462.5277 -1.8915 -0.1158 0.2752 -0.1316 0.2909 0.5110 0.7981
1305031462.5599 -1.9083 -0.1041 0.2816 -0.1297 0.2888 0.5007 0.8056
1305031462.5919 -1.9132 -0.1040 0.2839 -0.1348 0.2878 0.4922 0.8104
1305031462.6279 -1.9257 -0.1032 0.2835 -0.1378 0.2909 0.4752 0.8189
1305031462.6597 -1.9291 -0.1079 0.2809 -0.1434 0.2916 0.4646 0.8238
1305031462.6925 -1.9337 -0.0915 0.2680 -0.1368 0.2831 0.4601 0.8303
1305031462.7277 -1.9416 -0.0885 0.2599 -0.1377 0.2779 0.4502 0.8373
1305031462.7598 -1.9451 -0.0847 0.2540 -0.1405 0.2709 0.4390 0.8451
1305031462.7919 -1.9483 -0.0835 0.2457 -0.1440 0.2663 0.4320 0.8495
1305031462.8278 -1.9532 -0.0848 0.2360 -0.1491 0.2626 0.4255 0.8531
1305031462.8598 -1.9554 -0.0814 0.2328 -0.1535 0.2601 0.4171 0.8572
1305031462.8918 -1.9551 -0.0723 0.2219 -0.1547 0.2584 0.4110 0.8604
1305031462.9276 -1.9547 -0.0706 0.2090 -0.1560 0.2578 0.4078 0.8619
1305031462.9597 -1.9562 -0.0674 0.2010 -0.1552 0.2565 0.4061 0.8633
1305031462.9955 -1.9564 -0.0533 0.1881 -0.1482 0.2525 0.4001 0.8685
1305031463.0277 -1.9602 -0.0518 0.1721 -0.1432 0.2519 0.3946 0.8720
1305031463.0598 -1.9639 -0.0517 0.1510 -0.1410 0.2483 0.3891 0.8758
1305031463.0958 -1.9666 -0.0418 0.1423 -0.1378 0.2459 0.3784 0.8817
1305031463.1275 -1.9649 -0.0331 0.1326 -0.1333 0.2439 0.3700 0.8865
1305031463.1598 -1.9669 -0.0320 0.1138 -0.1306 0.2439 0.3609 0.8906
1305031463.1957 -1.9663 -0.0296 0.0966 -0.1327 0.2427 0.3538 0.8935
1305031463.2278 -1.9608 -0.0145 0.0919 -0.1291 0.2398 0.3487 0.8968
1305031463.2600 -1.9553 -0.0078 0.0780 -0.1236 0.2393 0.3444 0.8994
1305031463.2957 -1.9546 -0.0069 0.0554 -0.1238 0.2393 0.3393 0.9013
1305031463.3277 -1.9516 0.0009 0.0487 -0.1221 0.2366 0.3368 0.9031
1305031463.3598 -1.9504 0.0050 0.0412 -0.1171 0.2352 0.3353 0.9047
1305031463.3956 -1.9397 0.0154 0.0196 -0.1128 0.2281 0.3305 0.9088
1305031463.4277 -1.9341 0.0284 0.0099 -0.1105 0.2257 0.3265 0.9112
1305031463.4598 -1.9258 0.0368 -0.0012 -0.1096 0.2254 0.3246 0.9120
1305031463.4956 -1.9098 0.0471 -0.0144 -0.1105 0.2232 0.3240 0.9127
1305031463.5277 -1.8952 0.0555 -0.0223 -0.1093 0.2272 0.3222 0.9125
1305031463.5598 -1.8875 0.0649 -0.0336 -0.1051 0.2304 0.3211 0.9126
1305031463.5956 -1.8770 0.0735 -0.0434 -0.1044 0.2281 0.3210 0.9133
1305031463.6276 -1.8585 0.0792 -0.0498 -0.1034 0.2262 0.3181 0.9149
1305031463.6598 -1.8451 0.0784 -0.0675 -0.0975 0.2271 0.3166 0.9158
1305031463.6956 -1.8401 0.0897 -0.0805 -0.0908 0.2286 0.3115 0.9179
1305031463.7276 -1.8152 0.0902 -0.0950 -0.0933 0.2239 0.3098 0.9193
1305031463.7597 -1.7977 0.0871 -0.1091 -0.0899 0.2270 0.3035 0.9210
1305031463.7956 -1.7875 0.0887 -0.1258 -0.0845 0.2299 0.2932 0.9241
1305031463.8278 -1.7691 0.0873 -0.1428 -0.0853 0.2284 0.2833 0.9276
1305031463.8599 -1.7506 0.0798 -0.1598 -0.0853 0.2289 0.2738 0.9302
1305031463.8956 -1.7391 0.0798 -0.1771 -0.0806 0.2302 0.2648 0.9329
1305031463.9277 -1.7275 0.0756 -0.1925 -0.0801 0.2286 0.2593 0.9350
1305031463.9597 -1.7116 0.0675 -0.2077 -0.0796 0.2236 0.2539 0.9377
1305031463.9958 -1.6985 0.0631 -0.2254 -0.0753 0.2199 0.2473 0.9407
1305031464.0277 -1.6881 0.0619 -0.2426 -0.0727 0.2164 0.2391 0.9438
1305031464.0597 -1.6710 0.0526 -0.2581 -0.0735 0.2141 0.2307 0.9463
1305031464.0956 -1.6628 0.0464 -0.2745 -0.0695 0.2157 0.2214 0.9485
1305031464.1277 -1.6597 0.0405 -0.2873 -0.0663 0.2161 0.2166 0.9497
1305031464.1598 -1.6525 0.0269 -0.2978 -0.0631 0.2127 0.2152 0.9510
1305031464.1956 -1.6471 0.0177 -0.3099 -0.0534 0.2063 0.2111 0.9539
1305031464.2276 -1.6471 0.0194 -0.3235 -0.0404 0.1974 0.2073 0.9573
1305031464.2596 -1.6463 0.0219 -0.3358 -0.0317 0.1837 0.2053 0.9608
1305031464.2957 -1.6351 0.0234 -0.3477 -0.0275 0.1654 0.2005 0.9652
1305031464.3279 -1.6189 0.0239 -0.3602 -0.0244 0.1501 0.1948 0.9690
1305031464.3597 -1.6030 0.0191 -0.3718 -0.0205 0.1396 0.1897 0.9716
1305031464.3956 -1.5845 0.0246 -0.3867 -0.0136 0.1318 0.1815 0.9744
1305031464.4276 -1.5720 0.0262 -0.3998 -0.0112 0.1306 0.1716 0.9764
1305031464.4597 -1.5623 0.0200 -0.4125 -0.0095 0.1285 0.1630 0.9782
1305031464.4956 -1.5443 0.0216 -0.4276 -0.0064 0.1246 0.1568 0.9797
1305031464.5276 -1.5355 0.0220 -0.4439 -0.0044 0.1249 0.1486 0.9810
1305031464.5597 -1.5182 0.0186 -0.4587 -0.0069 0.1214 0.1368 0.9831
1305031464.5957 -1.4915 0.0000 -0.4766 -0.0074 0.1229 0.1262 0.9843
1305031464.6277 -1.4757 -0.0052 -0.4937 0.0020 0.1337 0.1175 0.9840
1305031464.6597 -1.4636 -0.0102 -0.5067 0.0108 0.1452 0.1046 0.9838
1305031464.6957 -1.4511 -0.0340 -0.5163 0.0192 0.1558 0.0881 0.9837
1305031464.7277 -1.4518 -0.0331 -0.5200 0.0384 0.1637 0.0714 0.9832
1305031464.7597 -1.4479 -0.0224 -0.5261 0.0532 0.1632 0.0526 0.9837
1305031464.7960 -1.4478 -0.0332 -0.5241 0.0590 0.1596 0.0345 0.9848
1305031464.8278 -1.4477 -0.0349 -0.5207 0.0702 0.1483 0.0202 0.9862
1305031464.8597 -1.4349 -0.0219 -0.5224 0.0794 0.1299 0.0047 0.9883
1305031464.8958 -1.4154 -0.0181 -0.5221 0.0785 0.1114 -0.0158 0.9905
1305031464.9278 -1.3962 -0.0402 -0.5174 0.0726 0.0980 -0.0371 0.9918
1305031464.9598 -1.3765 -0.0569 -0.5115 0.0739 0.0908 -0.0553 0.9916
1305031464.9957 -1.3561 -0.0566 -0.5056 0.0805 0.0872 -0.0736 0.9902
1305031465.0278 -1.3480 -0.0564 -0.4898 0.0845 0.0875 -0.0951 0.9880
1305031465.0597 -1.3494 -0.0341 -0.4654 0.0945 0.0841 -0.1143 0.9854
1305031465.0957 -1.3303 0.0106 -0.4484 0.0961 0.0710 -0.1307 0.9842
1305031465.1277 -1.3125 0.0210 -0.4286 0.0793 0.0580 -0.1460 0.9844
1305031465.1598 -1.3014 0.0231 -0.4055 0.0621 0.0476 -0.1554 0.9848
1305031465.1956 -1.2862 0.0271 -0.3844 0.0497 0.0372 -0.1630 0.9847
1305031465.2279 -1.2689 0.0422 -0.3656 0.0397 0.0285 -0.1687 0.9845
1305031465.2598 -1.2605 0.0426 -0.3431 0.0269 0.0214 -0.1700 0.9848
1305031465.2956 -1.2471 0.0562 -0.3270 0.0231 0.0126 -0.1611 0.9866
1305031465.3277 -1.2351 0.0692 -0.3113 0.0162 0.0013 -0.1496 0.9886
1305031465.3599 -1.2254 0.0705 -0.2972 0.0098 -0.0130 -0.1389 0.9902
1305031465.3956 -1.2017 0.0727 -0.2911 0.0090 -0.0318 -0.1285 0.9912
1305031465.4277 -1.1732 0.0791 -0.2870 0.0108 -0.0474 -0.1171 0.9919
1305031465.4601 -1.1494 0.0931 -0.2855 0.0139 -0.0595 -0.1034 0.9928
1305031465.4957 -1.1236 0.1077 -0.2841 0.0122 -0.0709 -0.0939 0.9930
1305031465.5276 -1.1054 0.1034 -0.2805 0.0072 -0.0801 -0.0911 0.9926
1305031465.5598 -1.0807 0.1112 -0.2809 0.0126 -0.0897 -0.0849 0.9923
1305031465.5956 -1.0535 0.1251 -0.2823 0.0183 -0.0960 -0.0758 0.9923
1305031465.6277 -1.0376 0.1383 -0.2871 0.0224 -0.0992 -0.0665 0.9926
1305031465.6601 -1.0176 0.1499 -0.2898 0.0258 -0.1089 -0.0582 0.9920
1305031465.6957 -0.9857 0.1618 -0.2890 0.0310 -0.1191 -0.0506 0.9911
1305031465.7277 -0.9621 0.1763 -0.2915 0.0378 -0.1233 -0.0410 0.9908
1305031465.7598 -0.9376 0.1953 -0.2933 0.0452 -0.1288 -0.0318 0.9901
1305031465.7959 -0.9114 0.2104 -0.2920 0.0502 -0.1333 -0.0253 0.9895
1305031465.8280 -0.8879 0.2204 -0.2918 0.0574 -0.1373 -0.0194 0.9887
1305031465.8599 -0.8604 0.2477 -0.2909 0.0703 -0.1407 -0.0140 0.9875
1305031465.8955 -0.8317 0.2699 -0.2852 0.0747 -0.1384 -0.0110 0.9875
1305031465.9275 -0.8082 0.2785 -0.2833 0.0790 -0.1322 -0.0092 0.9880
1305031465.9597 -0.7855 0.2981 -0.2842 0.0907 -0.1254 -0.0094 0.9879
1305031465.9958 -0.7707 0.3200 -0.2891 0.0992 -0.1179 -0.0128 0.9880
1305031466.0276 -0.7531 0.3431 -0.2915 0.1062 -0.1160 -0.0141 0.9875
1305031466.0598 -0.7369 0.3690 -0.2939 0.1064 -0.1139 -0.0132 0.9877
1305031466.0958 -0.7242 0.3861 -0.2993 0.1018 -0.1143 -0.0134 0.9881
1305031466.1276 -0.7079 0.4023 -0.3039 0.0961 -0.1189 -0.0140 0.9881
1305031466.1604 -0.6950 0.4177 -0.3132 0.0907 -0.1230 -0.0128 0.9882
1305031466.1958 -0.6822 0.4361 -0.3229 0.0837 -0.1305 -0.0132 0.9878
1305031466.2280 -0.6628 0.4443 -0.3288 0.0725 -0.1397 -0.0188 0.9874
1305031466.2598 -0.6380 0.4425 -0.3340 0.0681 -0.1444 -0.0262 0.9868
1305031466.2957 -0.6155 0.4532 -0.3419 0.0723 -0.1405 -0.0376 0.9867
1305031466.3277 -0.5979 0.4648 -0.3545 0.0743 -0.1304 -0.0466 0.9876
1305031466.3598 -0.5833 0.4711 -0.3666 0.0693 -0.1210 -0.0528 0.9888
1305031466.3958 -0.5710 0.4636 -0.3787 0.0667 -0.1171 -0.0575 0.9892
1305031466.4278 -0.5575 0.4754 -0.3922 0.0742 -0.1185 -0.0614 0.9883
1305031466.4598 -0.5387 0.4871 -0.4007 0.0748 -0.1237 -0.0655 0.9873
1305031466.4958 -0.5148 0.4923 -0.4039 0.0705 -0.1289 -0.0664 0.9869
1305031466.5275 -0.4889 0.4933 -0.4046 0.0679 -0.1293 -0.0666 0.9870
1305031466.5604 -0.4698 0.5054 -0.4112 0.0678 -0.1250 -0.0682 0.9875
1305031466.5959 -0.4487 0.5138 -0.4133 0.0603 -0.1246 -0.0718 0.9878
1305031466.6275 -0.4230 0.5027 -0.4086 0.0520 -0.1250 -0.0760 0.9879
1305031466.6597 -0.4026 0.5051 -0.4128 0.0585 -0.1221 -0.0808 0.9875
1305031466.6958 -0.3841 0.5214 -0.4188 0.0622 -0.1219 -0.0881 0.9867
1305031466.7281 -0.3624 0.5223 -0.4151 0.0562 -0.1249 -0.0981 0.9857
1305031466.7596 -0.3426 0.5137 -0.4125 0.0570 -0.1256 -0.1063 0.9847
1305031466.7956 -0.3248 0.5235 -0.4191 0.0650 -0.1266 -0.1111 0.9836
1305031466.8279 -0.3057 0.5296 -0.4217 0.0629 -0.1311 -0.1142 0.9828
1305031466.8597 -0.2936 0.5252 -0.4206 0.0596 -0.1364 -0.1146 0.9822
1305031466.8957 -0.2772 0.5273 -0.4265 0.0625 -0.1484 -0.1155 0.9802
1305031466.9278 -0.2589 0.5293 -0.4292 0.0626 -0.1626 -0.1179 0.9776
1305031466.9597 -0.2416 0.5295 -0.4281 0.0636 -0.1721 -0.1203 0.9756
1305031466.9957 -0.2224 0.5302 -0.4308 0.0647 -0.1773 -0.1236 0.9742
1305031467.0278 -0.2061 0.5303 -0.4333 0.0653 -0.1812 -0.1279 0.9729
1305031467.0597 -0.1885 0.5315 -0.4341 0.0660 -0.1840 -0.1316 0.9718
1305031467.0957 -0.1727 0.5317 -0.4378 0.0642 -0.1847 -0.1366 0.9711
1305031467.1290 -0.1595 0.5314 -0.4371 0.0658 -0.1873 -0.1471 0.9690
1305031467.1597 -0.1448 0.5316 -0.4382 0.0682 -0.1904 -0.1544 0.9671
1305031467.1957 -0.1306 0.5320 -0.4421 0.0694 -0.1952 -0.1589 0.9653
1305031467.2277 -0.1165 0.5331 -0.4436 0.0708 -0.2017 -0.1643 0.9630
1305031467.2597 -0.1023 0.5333 -0.4445 0.0731 -0.2068 -0.1696 0.9608
1305031467.2958 -0.0880 0.5350 -0.4478 0.0759 -0.2117 -0.1758 0.9584
1305031467.3280 -0.0729 0.5366 -0.4521 0.0773 -0.2171 -0.1803 0.9562
1305031467.3597 -0.0567 0.5394 -0.4563 0.0742 -0.2236 -0.1821 0.9547
1305031467.3958 -0.0429 0.5412 -0.4578 0.0697 -0.2297 -0.1878 0.9524
1305031467.4278 -0.0292 0.5413 -0.4572 0.0690 -0.2354 -0.1917 0.9503
1305031467.4597 -0.0137 0.5426 -0.4625 0.0689 -0.2419 -0.1931 0.9484
1305031467.4961 0.0029 0.5439 -0.4667 0.0645 -0.2481 -0.1989 0.9459
1305031467.5277 0.0170 0.5457 -0.4637 0.0619 -0.2506 -0.2063 0.9438
1305031467.5598 0.0300 0.5437 -0.4614 0.0628 -0.2518 -0.2084 0.9430
1305031467.5960 0.0432 0.5420 -0.4634 0.0621 -0.2535 -0.2068 0.9429
1305031467.6275 0.0509 0.5346 -0.4588 0.0627 -0.2583 -0.2049 0.9420
1305031467.6596 0.0634 0.5309 -0.4561 0.0686 -0.2642 -0.2016 0.9407
1305031467.6959 0.0761 0.5271 -0.4543 0.0718 -0.2677 -0.2040 0.9389
1305031467.7275 0.0811 0.5195 -0.4425 0.0767 -0.2697 -0.2089 0.9369
1305031467.7599 0.0891 0.5120 -0.4351 0.0828 -0.2723 -0.2104 0.9353
1305031467.7961 0.0956 0.5055 -0.4268 0.0870 -0.2750 -0.2130 0.9335
1305031467.8278 0.0965 0.4923 -0.4110 0.0911 -0.2781 -0.2137 0.9320
1305031467.8597 0.0998 0.4824 -0.3999 0.0973 -0.2832 -0.2098 0.9308
1305031467.8959 0.1045 0.4779 -0.3904 0.1025 -0.2903 -0.2090 0.9282
1305031467.9278 0.1053 0.4666 -0.3714 0.1055 -0.2982 -0.2122 0.9246
1305031467.9598 0.1074 0.4533 -0.3539 0.1117 -0.3041 -0.2131 0.9218
1305031467.9958 0.1143 0.4529 -0.3364 0.1173 -0.3072 -0.2147 0.9197
1305031468.0281 0.1095 0.4375 -0.3153 0.1153 -0.3074 -0.2183 0.9190
1305031468.0598 0.1067 0.4216 -0.3009 0.1196 -0.3093 -0.2207 0.9172
1305031468.0959 0.1100 0.4165 -0.2843 0.1233 -0.3131 -0.2220 0.9152
1305031468.1278 0.1078 0.4002 -0.2652 0.1214 -0.3154 -0.2237 0.9142
1305031468.1599 0.1081 0.3869 -0.2491 0.1238 -0.3173 -0.2268 0.9125
1305031468.1960 0.1101 0.3743 -0.2319 0.1244 -0.3181 -0.2305 0.9112
1305031468.2282 0.1089 0.3557 -0.2159 0.1223 -0.3174 -0.2307 0.9116
1305031468.2598 0.1099 0.3398 -0.2009 0.1223 -0.3161 -0.2294 0.9124
1305031468.2958 0.1088 0.3233 -0.1876 0.1217 -0.3135 -0.2298 0.9133
1305031468.3278 0.1067 0.2997 -0.1756 0.1219 -0.3116 -0.2279 0.9144
1305031468.3598 0.1102 0.2883 -0.1668 0.1261 -0.3094 -0.2230 0.9158
1305031468.3959 0.1109 0.2776 -0.1598 0.1247 -0.3073 -0.2230 0.9167
1305031468.4280 0.1092 0.2506 -0.1536 0.1181 -0.3073 -0.2238 0.9174
1305031468.4598 0.1118 0.2305 -0.1475 0.1159 -0.3086 -0.2215 0.9177
1305031468.4958 0.1125 0.2145 -0.1410 0.1137 -0.3073 -0.2223 0.9183
1305031468.5278 0.1053 0.1902 -0.1379 0.1124 -0.3047 -0.2279 0.9179
1305031468.5597 0.0998 0.1708 -0.1375 0.1188 -0.3042 -0.2355 0.9154
1305031468.5958 0.1001 0.1630 -0.1378 0.1229 -0.3047 -0.2401 0.9135
1305031468.6276 0.0929 0.1463 -0.1352 0.1165 -0.3052 -0.2420 0.9136
1305031468.6596 0.0801 0.1207 -0.1375 0.1123 -0.3076 -0.2441 0.9128
1305031468.6958 0.0723 0.1031 -0.1377 0.1160 -0.3136 -0.2472 0.9095
1305031468.7278 0.0677 0.0907 -0.1351 0.1199 -0.3201 -0.2476 0.9065
1305031468.7596 0.0622 0.0766 -0.1321 0.1207 -0.3249 -0.2479 0.9047
1305031468.7958 0.0533 0.0548 -0.1307 0.1232 -0.3272 -0.2526 0.9022
1305031468.8292 0.0471 0.0435 -0.1300 0.1320 -0.3291 -0.2573 0.8989
1305031468.8597 0.0492 0.0384 -0.1222 0.1359 -0.3301 -0.2601 0.8972
1305031468.8959 0.0437 0.0255 -0.1186 0.1333 -0.3255 -0.2621 0.8987
1305031468.9281 0.0370 0.0172 -0.1158 0.1294 -0.3198 -0.2593 0.9021
1305031468.9596 0.0328 0.0174 -0.1156 0.1244 -0.3134 -0.2565 0.9058
1305031468.9957 0.0286 0.0260 -0.1142 0.1130 -0.3077 -0.2614 0.9079
1305031469.0277 0.0201 0.0133 -0.1094 0.0940 -0.3033 -0.2699 0.9090
1305031469.0598 0.0096 0.0032 -0.1073 0.0806 -0.3000 -0.2777 0.9091
1305031469.0957 0.0113 -0.0009 -0.0953 0.0714 -0.2996 -0.2885 0.9066
1305031469.1277 0.0079 -0.0129 -0.0827 0.0593 -0.2930 -0.2997 0.9060
1305031469.1597 0.0025 -0.0202 -0.0727 0.0505 -0.2838 -0.3075 0.9068
1305031469.1955 -0.0077 -0.0292 -0.0643 0.0428 -0.2734 -0.3134 0.9084
1305031469.2278 -0.0192 -0.0309 -0.0599 0.0391 -0.2651 -0.3167 0.9099
1305031469.2596 -0.0235 -0.0319 -0.0484 0.0352 -0.2625 -0.3209 0.9093
1305031469.2968 -0.0298 -0.0344 -0.0375 0.0307 -0.2574 -0.3235 0.9100
1305031469.3276 -0.0347 -0.0304 -0.0280 0.0268 -0.2533 -0.3252 0.9107
1305031469.3596 -0.0342 -0.0370 -0.0101 0.0195 -0.2503 -0.3303 0.9099
1305031469.3957 -0.0388 -0.0419 0.0038 0.0182 -0.2395 -0.3357 0.9108
1305031469.4277 -0.0433 -0.0347 0.0139 0.0216 -0.2269 -0.3410 0.9120
1305031469.4597 -0.0518 -0.0285 0.0251 0.0227 -0.2157 -0.3479 0.9121
1305031469.4957 -0.0643 -0.0196 0.0342 0.0231 -0.2077 -0.3513 0.9126
1305031469.5276 -0.0670 -0.0079 0.0461 0.0213 -0.2075 -0.3512 0.9128
1305031469.5596 -0.0690 -0.0010 0.0600 0.0152 -0.2082 -0.3520 0.9124
1305031469.5958 -0.0698 0.0085 0.0736 0.0080 -0.2085 -0.3515 0.9126
1305031469.6278 -0.0726 0.0134 0.0894 -0.0022 -0.2072 -0.3522 0.9127
1305031469.6596 -0.0811 0.0189 0.1026 -0.0091 -0.2019 -0.3530 0.9135
1305031469.6956 -0.0833 0.0289 0.1153 -0.0129 -0.1986 -0.3521 0.9146
1305031469.7277 -0.0883 0.0394 0.1274 -0.0180 -0.1934 -0.3508 0.9161
1305031469.7596 -0.0930 0.0535 0.1375 -0.0230 -0.1885 -0.3480 0.9180
1305031469.7956 -0.1047 0.0675 0.1478 -0.0300 -0.1843 -0.3466 0.9192
1305031469.8275 -0.1108 0.0806 0.1564 -0.0356 -0.1851 -0.3447 0.9196
1305031469.8596 -0.1189 0.0959 0.1653 -0.0426 -0.1855 -0.3429 0.9199
1305031469.8958 -0.1293 0.1088 0.1724 -0.0492 -0.1848 -0.3416 0.9202
1305031469.9279 -0.1447 0.1206 0.1767 -0.0564 -0.1825 -0.3408 0.9205
1305031469.9598 -0.1546 0.1361 0.1822 -0.0591 -0.1847 -0.3389 0.9206
1305031469.9956 -0.1633 0.1519 0.1865 -0.0613 -0.1862 -0.3369 0.9209
1305031470.0277 -0.1726 0.1669 0.1891 -0.0644 -0.1880 -0.3365 0.9205
1305031470.0596 -0.1823 0.1827 0.1920 -0.0667 -0.1883 -0.3361 0.9204
1305031470.0959 -0.1912 0.1991 0.1922 -0.0677 -0.1880 -0.3339 0.9212
1305031470.1276 -0.2000 0.2146 0.1905 -0.0719 -0.1877 -0.3318 0.9217
1305031470.1596 -0.2128 0.2304 0.1895 -0.0758 -0.1865 -0.3295 0.9224
1305031470.1961 -0.2226 0.2450 0.1866 -0.0783 -0.1876 -0.3264 0.9231
1305031470.2276 -0.2323 0.2588 0.1836 -0.0827 -0.1873 -0.3236 0.9238
1305031470.2600 -0.2430 0.2726 0.1803 -0.0877 -0.1860 -0.3212 0.9244
1305031470.2957 -0.2533 0.2864 0.1766 -0.0935 -0.1844 -0.3194 0.9248
1305031470.3276 -0.2649 0.3006 0.1742 -0.1002 -0.1830 -0.3167 0.9253
1305031470.3596 -0.2770 0.3142 0.1707 -0.1060 -0.1828 -0.3126 0.9261
1305031470.3958 -0.2889 0.3279 0.1667 -0.1098 -0.1829 -0.3093 0.9267
1305031470.4276 -0.3011 0.3408 0.1634 -0.1106 -0.1838 -0.3103 0.9261
1305031470.4597 -0.3130 0.3508 0.1593 -0.1107 -0.1850 -0.3106 0.9257
1305031470.4957 -0.3238 0.3601 0.1544 -0.1106 -0.1866 -0.3090 0.9260
1305031470.5277 -0.3346 0.3689 0.1498 -0.1109 -0.1869 -0.3092 0.9258
1305031470.5597 -0.3453 0.3780 0.1460 -0.1119 -0.1855 -0.3086 0.9262
1305031470.5958 -0.3537 0.3860 0.1431 -0.1127 -0.1861 -0.3052 0.9271
1305031470.6277 -0.3660 0.3933 0.1392 -0.1166 -0.1831 -0.3015 0.9284
1305031470.6597 -0.3757 0.3997 0.1364 -0.1192 -0.1828 -0.2976 0.9294
1305031470.6956 -0.3858 0.4073 0.1346 -0.1219 -0.1828 -0.2949 0.9299
1305031470.7277 -0.3968 0.4125 0.1338 -0.1227 -0.1827 -0.2933 0.9304
1305031470.7597 -0.4028 0.4148 0.1300 -0.1253 -0.1804 -0.2892 0.9317
1305031470.7956 -0.4140 0.4221 0.1290 -0.1266 -0.1734 -0.2856 0.9340
1305031470.8278 -0.4240 0.4263 0.1282 -0.1236 -0.1732 -0.2818 0.9356
1305031470.8596 -0.4330 0.4291 0.1251 -0.1199 -0.1739 -0.2772 0.9373
1305031470.8957 -0.4420 0.4323 0.1205 -0.1168 -0.1748 -0.2720 0.9391
1305031470.9277 -0.4513 0.4348 0.1187 -0.1132 -0.1782 -0.2682 0.9399
1305031470.9596 -0.4601 0.4351 0.1157 -0.1049 -0.1830 -0.2649 0.9409
1305031470.9960 -0.4652 0.4377 0.1123 -0.0956 -0.1862 -0.2614 0.9423
1305031471.0276 -0.4730 0.4366 0.1095 -0.0879 -0.1860 -0.2587 0.9438
1305031471.0596 -0.4815 0.4369 0.1046 -0.0786 -0.1838 -0.2535 0.9465
1305031471.0958 -0.4893 0.4396 0.0992 -0.0701 -0.1829 -0.2458 0.9493
1305031471.1277 -0.4963 0.4391 0.0958 -0.0652 -0.1844 -0.2388 0.9512
1305031471.1596 -0.5004 0.4397 0.0917 -0.0599 -0.1854 -0.2317 0.9531
1305031471.1957 -0.5055 0.4409 0.0882 -0.0574 -0.1830 -0.2251 0.9553
1305031471.2276 -0.5127 0.4421 0.0852 -0.0574 -0.1792 -0.2201 0.9572
1305031471.2597 -0.5199 0.4407 0.0836 -0.0592 -0.1772 -0.2170 0.9581
1305031471.2961 -0.5253 0.4387 0.0828 -0.0593 -0.1760 -0.2126 0.9593
1305031471.3276 -0.5270 0.4388 0.0805 -0.0551 -0.1738 -0.2087 0.9608
1305031471.3596 -0.5298 0.4401 0.0772 -0.0534 -0.1664 -0.2058 0.9629
1305031471.3957 -0.5396 0.4362 0.0751 -0.0550 -0.1574 -0.2013 0.9652
1305031471.4277 -0.5467 0.4376 0.0692 -0.0512 -0.1534 -0.1938 0.9676
1305031471.4596 -0.5502 0.4392 0.0650 -0.0507 -0.1537 -0.1884 0.9687
1305031471.4965 -0.5545 0.4392 0.0626 -0.0521 -0.1528 -0.1843 0.9695
1305031471.5276 -0.5587 0.4393 0.0590 -0.0528 -0.1518 -0.1798 0.9705
1305031471.5597 -0.5600 0.4408 0.0564 -0.0523 -0.1508 -0.1774 0.9711
1305031471.5957 -0.5624 0.4411 0.0530 -0.0521 -0.1463 -0.1751 0.9722
1305031471.6276 -0.5647 0.4416 0.0490 -0.0512 -0.1414 -0.1733 0.9733
1305031471.6596 -0.5673 0.4414 0.0455 -0.0497 -0.1364 -0.1696 0.9748
1305031471.6956 -0.5691 0.4403 0.0388 -0.0495 -0.1321 -0.1646 0.9762
1305031471.7275 -0.5703 0.4413 0.0345 -0.0506 -0.1282 -0.1603 0.9774
1305031471.7597 -0.5707 0.4449 0.0357 -0.0494 -0.1244 -0.1543 0.9789
1305031471.7958 -0.5709 0.4444 0.0305 -0.0502 -0.1179 -0.1467 0.9808
1305031471.8276 -0.5719 0.4455 0.0265 -0.0551 -0.1132 -0.1396 0.9822
1305031471.8597 -0.5741 0.4482 0.0272 -0.0584 -0.1092 -0.1331 0.9833
1305031471.8956 -0.5760 0.4510 0.0238 -0.0618 -0.1042 -0.1279 0.9844
1305031471.9277 -0.5788 0.4543 0.0241 -0.0666 -0.0981 -0.1251 0.9850
1305031471.9596 -0.5814 0.4577 0.0283 -0.0661 -0.0914 -0.1232 0.9860
1305031471.9956 -0.5842 0.4602 0.0210 -0.0671 -0.0827 -0.1196 0.9871
1305031472.0276 -0.5880 0.4635 0.0213 -0.0736 -0.0766 -0.1165 0.9875
1305031472.0597 -0.5920 0.4674 0.0253 -0.0745 -0.0721 -0.1132 0.9882
1305031472.0956 -0.5946 0.4693 0.0213 -0.0754 -0.0672 -0.1072 0.9891
1305031472.1276 -0.5982 0.4717 0.0211 -0.0819 -0.0644 -0.1036 0.9891
1305031472.1596 -0.6049 0.4720 0.0266 -0.0855 -0.0620 -0.1009 0.9893
1305031472.1957 -0.6109 0.4623 0.0229 -0.0907 -0.0592 -0.0970 0.9894
1305031472.2276 -0.6108 0.4549 0.0186 -0.0955 -0.0603 -0.0928 0.9893
1305031472.2638 -0.5938 0.4348 0.0250 -0.1088 -0.0760 -0.0846 0.9875
1305031472.2957 -0.5812 0.4184 0.0260 -0.1149 -0.0859 -0.0773 0.9866
1305031472.3277 -0.5775 0.4028 0.0227 -0.1230 -0.0887 -0.0756 0.9855
1305031472.3636 -0.5705 0.3845 0.0272 -0.1370 -0.0967 -0.0723 0.9832
1305031472.3956 -0.5729 0.3814 0.0284 -0.1384 -0.0982 -0.0713 0.9829
1305031472.4277 -0.5732 0.3778 0.0291 -0.1378 -0.1017 -0.0705 0.9827
1305031472.4636 -0.5723 0.3753 0.0288 -0.1365 -0.1033 -0.0711 0.9827
1305031472.4956 -0.5709 0.3733 0.0290 -0.1366 -0.1024 -0.0714 0.9827
1305031472.5276 -0.5727 0.3668 0.0311 -0.1386 -0.0998 -0.0716 0.9827
1305031472.5636 -0.5731 0.3618 0.0312 -0.1350 -0.1005 -0.0697 0.9833
1305031472.5957 -0.5708 0.3627 0.0292 -0.1295 -0.1022 -0.0660 0.9841
1305031472.6277 -0.5691 0.3594 0.0304 -0.1303 -0.1035 -0.0642 0.9840
1305031472.6636 -0.5680 0.3546 0.0329 -0.1312 -0.1044 -0.0628 0.9838
1305031472.6958 -0.5670 0.3511 0.0344 -0.1300 -0.1053 -0.0614 0.9840
1305031472.7276 -0.5653 0.3473 0.0361 -0.1284 -0.1068 -0.0612 0.9841
1305031472.7636 -0.5634 0.3449 0.0374 -0.1263 -0.1075 -0.0622 0.9842
1305031472.7956 -0.5630 0.3414 0.0393 -0.1249 -0.1067 -0.0639 0.9843
1305031472.8276 -0.5629 0.3390 0.0407 -0.1226 -0.1059 -0.0638 0.9847
1305031472.8636 -0.5639 0.3393 0.0410 -0.1196 -0.1054 -0.0621 0.9852
1305031472.8957 -0.5640 0.3393 0.0418 -0.1194 -0.1064 -0.0595 0.9853
1305031472.9277 -0.5627 0.3364 0.0444 -0.1210 -0.1083 -0.0581 0.9850
1305031472.9638 -0.5626 0.3369 0.0450 -0.1200 -0.1079 -0.0567 0.9853
1305031472.9957 -0.5639 0.3368 0.0459 -0.1207 -0.1080 -0.0560 0.9852
1305031473.0276 -0.5630 0.3364 0.0469 -0.1214 -0.1100 -0.0557 0.9849
1305031473.0637 -0.5624 0.3343 0.0487 -0.1230 -0.1111 -0.0571 0.9845
1305031473.0957 -0.5620 0.3344 0.0492 -0.1218 -0.1104 -0.0590 0.9846
1305031473.1277 -0.5638 0.3334 0.0496 -0.1221 -0.1086 -0.0607 0.9847
1305031473.1671 -0.5650 0.3320 0.0498 -0.1217 -0.1088 -0.0609 0.9847
1305031473.1961 -0.5643 0.3313 0.0497 -0.1207 -0.1099 -0.0609 0.9847
