1305031453.4237 0.0014 0.0049 -0.0072 0.0021 0.0043 0.0072 1.0000
1305031453.4597 0.0075 0.0075 -0.0192 0.0049 0.0106 0.0168 0.9998
1305031453.4917 0.0083 0.0175 -0.0274 0.0121 0.0178 0.0279 0.9994
1305031453.5237 0.0057 0.0238 -0.0403 0.0194 0.0245 0.0363 0.9989
1305031453.5598 0.0153 0.0268 -0.0584 0.0238 0.0229 0.0422 0.9986
1305031453.5916 0.0087 0.0361 -0.0752 0.0335 0.0291 0.0483 0.9978
1305031453.6277 0.0031 0.0391 -0.0858 0.0391 0.0305 0.0508 0.9975
1305031453.6596 -0.0023 0.0481 -0.1003 0.0460 0.0280 0.0499 0.9973
1305031453.6917 -0.0094 0.0632 -0.1175 0.0560 0.0231 0.0459 0.9971
1305031453.7277 -0.0168 0.0635 -0.1295 0.0565 0.0190 0.0426 0.9973
1305031453.7597 -0.0266 0.0617 -0.1362 0.0579 0.0110 0.0368 0.9976
1305031453.7917 -0.0287 0.0750 -0.1566 0.0643 -0.0005 0.0265 0.9976
1305031453.8278 -0.0303 0.0815 -0.1731 0.0664 -0.0103 0.0220 0.9975
1305031453.8597 -0.0436 0.0856 -0.1758 0.0679 -0.0216 0.0177 0.9973
1305031453.8917 -0.0531 0.0887 -0.1905 0.0666 -0.0374 0.0112 0.9970
1305031453.9277 -0.0715 0.1025 -0.1923 0.0665 -0.0541 0.0054 0.9963
1305031453.9596 -0.0671 0.1018 -0.1940 0.0640 -0.0738 -0.0010 0.9952
1305031453.9916 -0.0773 0.1044 -0.1941 0.0639 -0.0851 -0.0103 0.9943
1305031454.0277 -0.0912 0.1098 -0.1921 0.0666 -0.0971 -0.0161 0.9929
1305031454.0597 -0.1035 0.1157 -0.1943 0.0690 -0.1066 -0.0244 0.9916
1305031454.0917 -0.1211 0.1290 -0.1794 0.0744 -0.1166 -0.0328 0.9898
1305031454.1277 -0.1368 0.1383 -0.1743 0.0806 -0.1287 -0.0423 0.9875
1305031454.1597 -0.1590 0.1462 -0.1760 0.0830 -0.1379 -0.0503 0.9857
1305031454.1917 -0.1728 0.1496 -0.1687 0.0835 -0.1530 -0.0611 0.9828
1305031454.2277 -0.1887 0.1550 -0.1579 0.0889 -0.1680 -0.0772 0.9787
1305031454.2596 -0.1966 0.1505 -0.1704 0.0902 -0.1797 -0.0901 0.9754
1305031454.2916 -0.2030 0.1544 -0.1692 0.0904 -0.1879 -0.0993 0.9730
1305031454.3277 -0.2103 0.1545 -0.1689 0.0907 -0.1991 -0.1100 0.9695
1305031454.3596 -0.2201 0.1585 -0.1754 0.0963 -0.2082 -0.1229 0.9655
1305031454.3917 -0.2316 0.1642 -0.1792 0.0980 -0.2149 -0.1318 0.9627
1305031454.4275 -0.2428 0.1663 -0.1850 0.0987 -0.2247 -0.1435 0.9587
1305031454.4599 -0.2530 0.1694 -0.1843 0.1014 -0.2334 -0.1565 0.9543
1305031454.4916 -0.2609 0.1763 -0.1812 0.1045 -0.2377 -0.1696 0.9507
1305031454.5277 -0.2704 0.1842 -0.1796 0.1062 -0.2432 -0.1840 0.9464
1305031454.5596 -0.2777 0.1910 -0.1709 0.1054 -0.2503 -0.1939 0.9427
1305031454.5916 -0.2898 0.1978 -0.1730 0.1041 -0.2581 -0.2085 0.9376
1305031454.6276 -0.2996 0.2001 -0.1704 0.1019 -0.2696 -0.2198 0.9320
1305031454.6595 -0.3111 0.2186 -0.1615 0.1026 -0.2795 -0.2238 0.9280
1305031454.6919 -0.3244 0.2287 -0.1559 0.0994 -0.2905 -0.2302 0.9234
1305031454.7277 -0.3313 0.2381 -0.1561 0.0985 -0.3009 -0.2338 0.9193
1305031454.7597 -0.3310 0.2431 -0.1447 0.0957 -0.3088 -0.2296 0.9180
1305031454.7916 -0.3306 0.2451 -0.1357 0.0906 -0.3133 -0.2231 0.9186
1305031454.8276 -0.3299 0.2510 -0.1317 0.0873 -0.3147 -0.2176 0.9198
1305031454.8596 -0.3309 0.2473 -0.1243 0.0793 -0.3153 -0.2135 0.9213
1305031454.8918 -0.3311 0.2499 -0.1238 0.0746 -0.3121 -0.2080 0.9240
1305031454.9276 -0.3339 0.2608 -0.1182 0.0726 -0.3091 -0.2010 0.9267
1305031454.9596 -0.3345 0.2649 -0.1171 0.0686 -0.3067 -0.1953 0.9290
1305031454.9919 -0.3387 0.2686 -0.1206 0.0660 -0.3040 -0.1914 0.9309
1305031455.0278 -0.3398 0.2748 -0.1215 0.0656 -0.3038 -0.1891 0.9315
1305031455.0596 -0.3432 0.2789 -0.1226 0.0643 -0.3018 -0.1870 0.9326
1305031455.0917 -0.3469 0.2827 -0.1276 0.0650 -0.2989 -0.1868 0.9336
1305031455.1277 -0.3502 0.2908 -0.1305 0.0668 -0.2959 -0.1860 0.9345
1305031455.1597 -0.3575 0.2966 -0.1365 0.0660 -0.2917 -0.1834 0.9364
1305031455.1917 -0.3645 0.3005 -0.1359 0.0625 -0.2904 -0.1781 0.9381
1305031455.2276 -0.3698 0.3030 -0.1378 0.0610 -0.2890 -0.1743 0.9394
1305031455.2596 -0.3751 0.3136 -0.1392 0.0596 -0.2862 -0.1677 0.9415
1305031455.2918 -0.3828 0.3090 -0.1396 0.0473 -0.2842 -0.1583 0.9444
1305031455.3278 -0.3946 0.3180 -0.1461 0.0430 -0.2810 -0.1492 0.9471
1305031455.3596 -0.4021 0.3287 -0.1370 0.0369 -0.2823 -0.1398 0.9484
1305031455.3917 -0.4087 0.3264 -0.1345 0.0237 -0.2794 -0.1308 0.9509
1305031455.4276 -0.4213 0.3291 -0.1399 0.0166 -0.2737 -0.1219 0.9539
1305031455.4596 -0.4330 0.3286 -0.1462 0.0122 -0.2706 -0.1160 0.9556
1305031455.4916 -0.4456 0.3322 -0.1542 0.0089 -0.2669 -0.1084 0.9576
1305031455.5276 -0.4602 0.3294 -0.1630 0.0032 -0.2643 -0.0992 0.9593
1305031455.5597 -0.4783 0.3352 -0.1761 0.0025 -0.2635 -0.0876 0.9607
1305031455.5916 -0.4922 0.3380 -0.1895 -0.0001 -0.2640 -0.0772 0.9614
1305031455.6276 -0.5113 0.3364 -0.1987 -0.0041 -0.2613 -0.0695 0.9627
1305031455.6596 -0.5173 0.3390 -0.2050 -0.0002 -0.2628 -0.0582 0.9631
1305031455.6916 -0.5304 0.3413 -0.2186 0.0032 -0.2600 -0.0592 0.9638
1305031455.7276 -0.5382 0.3405 -0.2255 0.0047 -0.2584 -0.0620 0.9640
1305031455.7597 -0.5440 0.3389 -0.2327 0.0053 -0.2555 -0.0634 0.9647
1305031455.7917 -0.5481 0.3335 -0.2400 0.0056 -0.2539 -0.0625 0.9652
1305031455.8276 -0.5537 0.3314 -0.2529 0.0069 -0.2524 -0.0613 0.9656
1305031455.8595 -0.5609 0.3287 -0.2611 0.0069 -0.2511 -0.0623 0.9659
1305031455.8917 -0.5637 0.3258 -0.2707 0.0066 -0.2500 -0.0622 0.9662
1305031455.9280 -0.5690 0.3214 -0.2781 0.0052 -0.2481 -0.0625 0.9667
1305031455.9597 -0.5726 0.3210 -0.2849 0.0061 -0.2463 -0.0637 0.9671
1305031455.9917 -0.5757 0.3187 -0.2896 0.0047 -0.2444 -0.0647 0.9675
1305031456.0278 -0.5798 0.3221 -0.2965 0.0022 -0.2405 -0.0677 0.9683
1305031456.0597 -0.5891 0.3048 -0.2999 -0.0091 -0.2373 -0.0756 0.9685
1305031456.0917 -0.5968 0.2980 -0.3029 -0.0130 -0.2343 -0.0791 0.9689
1305031456.1276 -0.6009 0.2951 -0.3077 -0.0136 -0.2317 -0.0793 0.9695
1305031456.1597 -0.6039 0.2935 -0.3079 -0.0131 -0.2292 -0.0793 0.9701
1305031456.1917 -0.6095 0.2798 -0.3151 -0.0117 -0.2227 -0.0775 0.9717
1305031456.2277 -0.6160 0.2832 -0.3211 -0.0090 -0.2140 -0.0740 0.9740
1305031456.2917 -0.6285 0.2642 -0.3192 -0.0124 -0.1956 -0.0679 0.9783
1305031456.3277 -0.6331 0.2548 -0.3178 -0.0118 -0.1876 -0.0598 0.9804
1305031456.3916 -0.6406 0.2427 -0.3105 -0.0121 -0.1694 -0.0487 0.9843
1305031456.4277 -0.6440 0.2317 -0.3033 -0.0115 -0.1651 -0.0406 0.9854
1305031456.4917 -0.6871 0.2489 -0.3002 -0.0132 -0.1546 -0.0279 0.9875
1305031456.5276 -0.7073 0.2549 -0.2925 -0.0149 -0.1536 -0.0235 0.9877
1305031456.5917 -0.7263 0.2655 -0.2788 -0.0134 -0.1510 -0.0151 0.9883
1305031456.6276 -0.7347 0.2786 -0.2704 -0.0242 -0.1480 -0.0101 0.9886
1305031456.6916 -0.7705 0.2620 -0.2505 -0.0384 -0.1388 0.0013 0.9896
1305031456.7277 -0.7902 0.2767 -0.2472 -0.0399 -0.1356 0.0121 0.9899
1305031456.7916 -0.8269 0.2613 -0.2323 -0.0474 -0.1445 0.0230 0.9881
1305031456.8276 -0.8410 0.2785 -0.2234 -0.0439 -0.1466 0.0309 0.9877
1305031456.8917 -0.8591 0.2748 -0.1969 -0.0553 -0.1472 0.0423 0.9867
1305031456.9277 -0.8688 0.2779 -0.1967 -0.0513 -0.1423 0.0476 0.9873
1305031456.9597 -0.8851 0.2905 -0.1976 -0.0508 -0.1346 0.0521 0.9882
1305031456.9917 -0.8937 0.2816 -0.1870 -0.0631 -0.1335 0.0560 0.9875
1305031457.0276 -0.9111 0.2828 -0.1868 -0.0641 -0.1269 0.0583 0.9881
1305031457.0917 -0.9274 0.2901 -0.1836 -0.0761 -0.1206 0.0659 0.9876
1305031457.1276 -0.9420 0.2793 -0.1844 -0.0821 -0.1124 0.0693 0.9878
1305031457.1917 -0.9675 0.2803 -0.2026 -0.0805 -0.0954 0.0841 0.9886
1305031457.2275 -0.9749 0.2789 -0.2059 -0.0829 -0.0914 0.0874 0.9885
1305031457.2917 -0.9958 0.2664 -0.2246 -0.0787 -0.0744 0.1032 0.9887
1305031457.3275 -1.0089 0.2714 -0.2340 -0.0747 -0.0647 0.1062 0.9894
1305031457.3917 -1.0342 0.2609 -0.2578 -0.0717 -0.0395 0.1222 0.9891
1305031457.4276 -1.0466 0.2574 -0.2683 -0.0711 -0.0323 0.1268 0.9888
1305031457.4917 -1.0686 0.2419 -0.2936 -0.0714 -0.0259 0.1389 0.9874
1305031457.5276 -1.0725 0.2380 -0.3046 -0.0686 -0.0243 0.1429 0.9871
1305031457.5597 -1.0866 0.2366 -0.3203 -0.0624 -0.0175 0.1483 0.9868
1305031457.5917 -1.0972 0.2315 -0.3298 -0.0621 -0.0134 0.1513 0.9864
1305031457.6275 -1.1068 0.2160 -0.3433 -0.0647 -0.0108 0.1553 0.9857
1305031457.6596 -1.1240 0.2327 -0.3577 -0.0527 -0.0076 0.1611 0.9855
1305031457.6916 -1.1313 0.2180 -0.3633 -0.0604 -0.0074 0.1638 0.9846
1305031457.7277 -1.1451 0.1966 -0.3713 -0.0653 -0.0044 0.1609 0.9848
1305031457.7596 -1.1530 0.1907 -0.3780 -0.0631 -0.0019 0.1606 0.9850
1305031457.7916 -1.1508 0.1754 -0.3843 -0.0554 -0.0004 0.1611 0.9854
1305031457.8277 -1.1611 0.1835 -0.3998 -0.0417 0.0064 0.1623 0.9858
1305031457.8596 -1.1684 0.1810 -0.4054 -0.0385 0.0120 0.1631 0.9858
1305031457.8916 -1.1825 0.1634 -0.4094 -0.0311 0.0221 0.1632 0.9859
1305031457.9276 -1.1998 0.1609 -0.4190 -0.0168 0.0291 0.1675 0.9853
1305031457.9916 -1.2233 0.1405 -0.4255 -0.0064 0.0331 0.1745 0.9841
1305031458.0278 -1.2246 0.1304 -0.4278 0.0025 0.0356 0.1779 0.9834
1305031458.0597 -1.2408 0.1393 -0.4337 0.0130 0.0412 0.1796 0.9828
1305031458.0917 -1.2471 0.1383 -0.4325 0.0129 0.0430 0.1806 0.9825
1305031458.1276 -1.2582 0.1274 -0.4318 0.0104 0.0465 0.1811 0.9823
1305031458.1596 -1.2685 0.1228 -0.4313 0.0114 0.0485 0.1826 0.9819
1305031458.1916 -1.2863 0.1185 -0.4225 0.0118 0.0493 0.1858 0.9813
1305031458.2276 -1.3019 0.1046 -0.4032 0.0035 0.0482 0.1855 0.9815
1305031458.2599 -1.3185 0.0831 -0.3915 0.0006 0.0472 0.1817 0.9822
1305031458.2917 -1.3471 0.0748 -0.3885 0.0090 0.0466 0.1830 0.9820
1305031458.3276 -1.3622 0.0661 -0.3778 0.0100 0.0401 0.1840 0.9821
1305031458.3596 -1.3688 0.0411 -0.3601 0.0131 0.0364 0.1871 0.9816
1305031458.3916 -1.3875 0.0509 -0.3459 0.0289 0.0358 0.1935 0.9800
1305031458.4276 -1.3938 0.0514 -0.3249 0.0366 0.0350 0.2049 0.9775
1305031458.4596 -1.3851 0.0412 -0.3183 0.0456 0.0350 0.2112 0.9758
1305031458.4917 -1.3798 0.0295 -0.3092 0.0605 0.0414 0.2125 0.9744
1305031458.5277 -1.3898 0.0280 -0.3092 0.0754 0.0504 0.2133 0.9728
1305031458.5596 -1.3992 0.0276 -0.3041 0.0796 0.0571 0.2112 0.9725
1305031458.5916 -1.4138 0.0228 -0.2982 0.0867 0.0641 0.2040 0.9730
1305031458.6277 -1.4262 0.0361 -0.2815 0.0920 0.0651 0.2017 0.9729
1305031458.6596 -1.4456 0.0308 -0.2620 0.0870 0.0636 0.2014 0.9736
1305031458.6917 -1.4569 0.0301 -0.2355 0.0844 0.0503 0.1916 0.9765
1305031458.7276 -1.4590 0.0289 -0.2137 0.0867 0.0363 0.1869 0.9779
1305031458.7599 -1.4683 0.0269 -0.2028 0.0921 0.0231 0.1775 0.9795
1305031458.7916 -1.4649 0.0336 -0.1811 0.0953 0.0058 0.1706 0.9807
1305031458.8276 -1.4538 0.0260 -0.1544 0.0884 -0.0074 0.1704 0.9814
1305031458.8917 -1.4532 0.0152 -0.1386 0.0931 -0.0105 0.1593 0.9828
1305031458.9276 -1.4625 0.0194 -0.1336 0.0938 -0.0050 0.1609 0.9825
1305031458.9596 -1.4608 0.0061 -0.1290 0.0813 -0.0037 0.1711 0.9819
1305031458.9916 -1.4672 -0.0150 -0.1273 0.0782 0.0002 0.1742 0.9816
1305031459.0277 -1.4975 -0.0147 -0.1263 0.0916 0.0035 0.1725 0.9807
1305031459.0596 -1.5131 -0.0242 -0.1265 0.0968 -0.0043 0.1827 0.9784
1305031459.1276 -1.4988 -0.0193 -0.0652 0.1019 -0.0112 0.1696 0.9802
1305031459.1596 -1.5046 -0.0138 -0.0597 0.1130 -0.0394 0.1700 0.9781
1305031459.1917 -1.5169 -0.0134 -0.0493 0.1198 -0.0570 0.1736 0.9758
1305031459.2276 -1.5219 -0.0124 -0.0392 0.1224 -0.0714 0.1817 0.9731
1305031459.2598 -1.5249 -0.0119 -0.0217 0.1217 -0.0751 0.1889 0.9715
1305031459.3276 -1.5357 -0.0074 0.0013 0.1143 -0.0467 0.2139 0.9690
1305031459.3597 -1.5438 -0.0054 0.0020 0.1133 -0.0238 0.2345 0.9652
1305031459.3917 -1.5563 0.0089 0.0071 0.1069 0.0015 0.2593 0.9599
1305031459.4276 -1.5496 0.0112 0.0210 0.0885 0.0298 0.2922 0.9518
1305031459.4597 -1.5606 0.0068 0.0229 0.0784 0.0655 0.3304 0.9383
1305031459.5276 -1.5924 0.0240 0.0380 0.0565 0.1097 0.3910 0.9121
1305031459.5596 -1.6026 0.0075 0.0338 0.0425 0.1252 0.4151 0.9001
1305031459.5917 -1.6167 0.0023 0.0345 0.0364 0.1320 0.4341 0.8904
1305031459.6276 -1.6199 0.0003 0.0392 0.0320 0.1307 0.4460 0.8849
1305031459.6596 -1.6262 0.0014 0.0421 0.0323 0.1350 0.4464 0.8840
1305031459.6916 -1.6406 -0.0058 0.0437 0.0265 0.1458 0.4516 0.8799
1305031459.7276 -1.6452 -0.0214 0.0424 0.0186 0.1511 0.4540 0.8779
1305031459.7917 -1.6692 -0.0554 0.0375 0.0158 0.1588 0.4508 0.8782
1305031459.8277 -1.6806 -0.0757 0.0371 0.0128 0.1599 0.4514 0.8778
1305031459.8597 -1.6994 -0.0912 0.0413 0.0105 0.1614 0.4489 0.8788
1305031459.8916 -1.7001 -0.1135 0.0440 0.0034 0.1553 0.4553 0.8767
1305031459.9276 -1.7075 -0.1333 0.0477 0.0006 0.1536 0.4575 0.8758
1305031459.9917 -1.7191 -0.1629 0.0567 -0.0054 0.1493 0.4669 0.8716
1305031460.0276 -1.7257 -0.1769 0.0631 -0.0065 0.1506 0.4690 0.8702
1305031460.0597 -1.7348 -0.1985 0.0653 -0.0089 0.1526 0.4715 0.8685
1305031460.0917 -1.7441 -0.2211 0.0651 -0.0090 0.1494 0.4772 0.8659
1305031460.1277 -1.7485 -0.2305 0.0709 -0.0030 0.1407 0.4829 0.8643
1305031460.1597 -1.7576 -0.2419 0.0752 0.0028 0.1344 0.4875 0.8627
1305031460.1916 -1.7560 -0.2539 0.0839 0.0013 0.1276 0.4956 0.8591
1305031460.2278 -1.7563 -0.2548 0.0921 0.0033 0.1278 0.4953 0.8592
1305031460.2917 -1.7585 -0.2730 0.0990 0.0054 0.1437 0.4958 0.8565
1305031460.3275 -1.7619 -0.2762 0.1009 0.0079 0.1500 0.4962 0.8551
1305031460.3916 -1.7657 -0.2847 0.1135 0.0036 0.1686 0.5003 0.8493
1305031460.4275 -1.7648 -0.2916 0.1164 0.0012 0.1764 0.5048 0.8450
1305031460.4596 -1.7620 -0.2889 0.1180 -0.0014 0.1858 0.5080 0.8411
1305031460.4915 -1.7622 -0.2957 0.1188 -0.0098 0.1980 0.5123 0.8356
1305031460.5276 -1.7619 -0.3110 0.1217 -0.0207 0.2099 0.5182 0.8289
1305031460.5596 -1.7627 -0.3191 0.1269 -0.0270 0.2191 0.5197 0.8253
1305031460.5919 -1.7646 -0.3237 0.1338 -0.0298 0.2264 0.5192 0.8236
1305031460.6276 -1.7664 -0.3300 0.1383 -0.0321 0.2331 0.5201 0.8211
1305031460.6598 -1.7695 -0.3352 0.1420 -0.0331 0.2384 0.5184 0.8206
1305031460.6917 -1.7716 -0.3429 0.1441 -0.0358 0.2407 0.5192 0.8192
1305031460.7277 -1.7716 -0.3480 0.1487 -0.0385 0.2419 0.5191 0.8189
1305031460.7597 -1.7716 -0.3525 0.1520 -0.0400 0.2443 0.5173 0.8192
1305031460.7917 -1.7745 -0.3609 0.1557 -0.0421 0.2472 0.5171 0.8184
1305031460.8277 -1.7753 -0.3654 0.1604 -0.0444 0.2476 0.5154 0.8192
1305031460.8597 -1.7747 -0.3699 0.1656 -0.0479 0.2495 0.5139 0.8194
1305031460.8918 -1.7737 -0.3765 0.1697 -0.0520 0.2515 0.5122 0.8196
1305031460.9276 -1.7734 -0.3847 0.1752 -0.0559 0.2527 0.5120 0.8191
1305031460.9917 -1.7625 -0.4009 0.1874 -0.0588 0.2546 0.5147 0.8166
1305031461.0276 -1.7629 -0.4067 0.1959 -0.0573 0.2571 0.5148 0.8158
1305031461.0917 -1.7705 -0.4174 0.2136 -0.0522 0.2577 0.5128 0.8173
1305031461.1276 -1.7669 -0.4205 0.2220 -0.0527 0.2579 0.5111 0.8182
1305031461.1597 -1.7630 -0.4277 0.2278 -0.0513 0.2596 0.5103 0.8183
1305031461.1920 -1.7641 -0.4334 0.2347 -0.0501 0.2619 0.5062 0.8201
1305031461.2276 -1.7629 -0.4358 0.2403 -0.0495 0.2629 0.5048 0.8207
1305031461.2596 -1.7624 -0.4396 0.2450 -0.0480 0.2640 0.5017 0.8224
1305031461.2917 -1.7614 -0.4430 0.2503 -0.0464 0.2654 0.4973 0.8247
1305031461.3278 -1.7614 -0.4424 0.2534 -0.0444 0.2674 0.4934 0.8265
1305031461.3597 -1.7633 -0.4393 0.2588 -0.0454 0.2701 0.4907 0.8272
1305031461.3917 -1.7560 -0.4461 0.2655 -0.0520 0.2694 0.4909 0.8269
1305031461.4276 -1.7525 -0.4451 0.2682 -0.0514 0.2693 0.4895 0.8278
1305031461.4598 -1.7533 -0.4461 0.2727 -0.0538 0.2702 0.4899 0.8271
1305031461.4917 -1.7448 -0.4480 0.2754 -0.0559 0.2694 0.4912 0.8264
1305031461.5277 -1.7502 -0.4390 0.2769 -0.0468 0.2722 0.4874 0.8283
1305031461.5597 -1.7466 -0.4307 0.2767 -0.0454 0.2725 0.4845 0.8301
1305031461.5917 -1.7445 -0.4258 0.2671 -0.0456 0.2783 0.4807 0.8303
1305031461.6275 -1.7424 -0.4171 0.2677 -0.0470 0.2832 0.4799 0.8290
1305031461.6596 -1.7426 -0.4125 0.2675 -0.0484 0.2884 0.4783 0.8281
1305031461.6916 -1.7440 -0.4080 0.2714 -0.0501 0.2928 0.4813 0.8247
1305031461.7276 -1.7389 -0.4005 0.2737 -0.0513 0.2928 0.4846 0.8227
1305031461.7597 -1.7398 -0.3936 0.2701 -0.0515 0.2951 0.4851 0.8216
1305031461.7916 -1.7355 -0.3862 0.2681 -0.0564 0.2978 0.4892 0.8178
1305031461.8276 -1.7324 -0.3751 0.2639 -0.0581 0.3019 0.4917 0.8147
1305031461.8598 -1.7369 -0.3622 0.2616 -0.0584 0.3079 0.4966 0.8095
1305031461.8917 -1.7414 -0.3459 0.2671 -0.0618 0.3115 0.5085 0.8003
1305031461.9278 -1.7332 -0.3354 0.2712 -0.0693 0.3079 0.5192 0.7943
1305031461.9597 -1.7288 -0.3158 0.2617 -0.0721 0.3091 0.5203 0.7928
1305031461.9916 -1.7416 -0.3030 0.2659 -0.0805 0.3190 0.5251 0.7849
1305031462.0277 -1.7424 -0.3048 0.2757 -0.0955 0.3203 0.5331 0.7772
1305031462.0598 -1.7428 -0.2947 0.2750 -0.0993 0.3127 0.5452 0.7715
1305031462.0918 -1.7384 -0.2855 0.2727 -0.1031 0.3044 0.5584 0.7648
1305031462.1277 -1.7330 -0.2796 0.2748 -0.1100 0.2997 0.5695 0.7574
1305031462.1596 -1.7352 -0.2610 0.2673 -0.1079 0.2919 0.5766 0.7554
1305031462.1916 -1.7384 -0.2562 0.2707 -0.1117 0.2924 0.5748 0.7561
1305031462.2276 -1.7495 -0.2412 0.2695 -0.1128 0.2912 0.5734 0.7574
1305031462.2598 -1.7499 -0.2473 0.2744 -0.1257 0.2907 0.5700 0.7581
1305031462.2916 -1.7556 -0.2424 0.2757 -0.1325 0.2871 0.5654 0.7618
1305031462.3275 -1.7452 -0.2450 0.2781 -0.1487 0.2794 0.5627 0.7637
1305031462.3597 -1.7649 -0.2271 0.2778 -0.1447 0.2790 0.5564 0.7692
1305031462.3917 -1.7910 -0.1946 0.2863 -0.1366 0.2755 0.5507 0.7760
1305031462.4276 -1.7951 -0.1961 0.2953 -0.1496 0.2711 0.5471 0.7777
1305031462.4599 -1.8169 -0.2011 0.3188 -0.1587 0.2758 0.5389 0.7799
1305031462.4920 -1.8348 -0.1953 0.3388 -0.1630 0.2777 0.5346 0.7814
1305031462.5277 -1.8513 -0.1737 0.3525 -0.1557 0.2707 0.5331 0.7863
1305031462.5599 -1.8626 -0.1699 0.3604 -0.1579 0.2681 0.5219 0.7942
1305031462.5919 -1.8664 -0.1723 0.3617 -0.1629 0.2651 0.5125 0.8003
1305031462.6279 -1.8711 -0.1644 0.3572 -0.1633 0.2607 0.5052 0.8063
1305031462.6597 -1.8724 -0.1662 0.3484 -0.1668 0.2580 0.5008 0.8092
1305031462.6925 -1.8791 -0.1672 0.3442 -0.1682 0.2559 0.4857 0.8187
1305031462.7277 -1.8823 -0.1744 0.3403 -0.1752 0.2509 0.4762 0.8243
1305031462.7598 -1.8824 -0.1805 0.3412 -0.1831 0.2459 0.4666 0.8296
1305031462.7919 -1.8828 -0.1842 0.3400 -0.1897 0.2413 0.4584 0.8341
1305031462.8278 -1.8848 -0.1600 0.3327 -0.1856 0.2287 0.4532 0.8413
1305031462.8598 -1.8824 -0.1666 0.3208 -0.1947 0.2260 0.4472 0.8432
1305031462.8918 -1.8808 -0.1647 0.3177 -0.1967 0.2262 0.4443 0.8443
1305031462.9276 -1.8764 -0.1611 0.3098 -0.1997 0.2240 0.4395 0.8466
1305031462.9597 -1.8718 -0.1584 0.3021 -0.2013 0.2196 0.4351 0.8497
1305031462.9955 -1.8718 -0.1404 0.2957 -0.1933 0.2151 0.4317 0.8544
1305031463.0277 -1.8713 -0.1405 0.2779 -0.1890 0.2145 0.4272 0.8578
1305031463.0598 -1.8705 -0.1492 0.2616 -0.1899 0.2124 0.4192 0.8621
1305031463.0958 -1.8680 -0.1293 0.2530 -0.1827 0.2058 0.4121 0.8686
1305031463.1275 -1.8661 -0.1088 0.2457 -0.1734 0.2015 0.4069 0.8740
1305031463.1598 -1.8700 -0.1182 0.2256 -0.1733 0.2059 0.3911 0.8801
1305031463.1957 -1.8662 -0.1156 0.2195 -0.1748 0.2047 0.3854 0.8826
1305031463.2278 -1.8598 -0.0986 0.2118 -0.1708 0.2019 0.3808 0.8860
1305031463.2600 -1.8565 -0.0875 0.1971 -0.1639 0.2017 0.3760 0.8894
1305031463.2957 -1.8512 -0.0833 0.1844 -0.1622 0.2003 0.3721 0.8917
1305031463.3277 -1.8447 -0.0649 0.1805 -0.1562 0.1949 0.3692 0.8952
1305031463.3598 -1.8415 -0.0599 0.1664 -0.1506 0.1929 0.3653 0.8982
1305031463.3956 -1.8367 -0.0598 0.1561 -0.1496 0.1914 0.3634 0.8994
1305031463.4277 -1.8253 -0.0403 0.1453 -0.1435 0.1860 0.3597 0.9030
1305031463.4598 -1.8193 -0.0328 0.1370 -0.1429 0.1886 0.3561 0.9040
1305031463.4956 -1.8096 -0.0206 0.1282 -0.1426 0.1906 0.3527 0.9050
1305031463.5277 -1.8022 -0.0100 0.1212 -0.1414 0.1965 0.3486 0.9055
1305031463.5598 -1.7855 0.0041 0.1106 -0.1374 0.1954 0.3501 0.9058
1305031463.5956 -1.7759 0.0115 0.1017 -0.1368 0.1934 0.3505 0.9061
1305031463.6276 -1.7593 0.0109 0.0868 -0.1369 0.1907 0.3462 0.9083
1305031463.6598 -1.7496 0.0136 0.0704 -0.1292 0.1938 0.3418 0.9105
1305031463.6956 -1.7352 0.0163 0.0543 -0.1278 0.1920 0.3411 0.9113
1305031463.7276 -1.7236 0.0210 0.0454 -0.1280 0.1931 0.3351 0.9132
1305031463.7597 -1.6994 0.0192 0.0296 -0.1233 0.1932 0.3330 0.9146
1305031463.7956 -1.6812 0.0164 0.0047 -0.1201 0.1922 0.3233 0.9188
1305031463.8278 -1.6560 0.0079 -0.0130 -0.1257 0.1874 0.3130 0.9226
1305031463.8599 -1.6473 0.0078 -0.0227 -0.1206 0.1933 0.3022 0.9256
1305031463.8956 -1.6385 0.0057 -0.0447 -0.1151 0.1949 0.2920 0.9292
1305031463.9277 -1.6252 -0.0018 -0.0593 -0.1169 0.1917 0.2872 0.9312
1305031463.9597 -1.6073 -0.0058 -0.0754 -0.1135 0.1867 0.2808 0.9346
1305031463.9958 -1.6021 -0.0074 -0.0891 -0.1066 0.1866 0.2731 0.9377
1305031464.0277 -1.5948 -0.0121 -0.1011 -0.1062 0.1854 0.2638 0.9406
1305031464.0597 -1.5701 -0.0211 -0.1195 -0.1063 0.1799 0.2558 0.9439
1305031464.0956 -1.5618 -0.0334 -0.1403 -0.1034 0.1810 0.2447 0.9469
1305031464.1277 -1.5657 -0.0404 -0.1479 -0.1010 0.1841 0.2378 0.9483
1305031464.1598 -1.5545 -0.0519 -0.1579 -0.0971 0.1807 0.2374 0.9495
1305031464.1956 -1.5470 -0.0588 -0.1748 -0.0849 0.1741 0.2339 0.9528
1305031464.2276 -1.5464 -0.0415 -0.1946 -0.0655 0.1636 0.2270 0.9578
1305031464.2596 -1.5487 -0.0460 -0.2002 -0.0602 0.1515 0.2272 0.9601
1305031464.2957 -1.5452 -0.0444 -0.2033 -0.0555 0.1364 0.2235 0.9635
1305031464.3279 -1.5244 -0.0405 -0.2121 -0.0524 0.1199 0.2202 0.9666
1305031464.3597 -1.5090 -0.0457 -0.2255 -0.0498 0.1099 0.2166 0.9688
1305031464.3956 -1.4998 -0.0472 -0.2319 -0.0458 0.1063 0.2067 0.9715
1305031464.4276 -1.4919 -0.0477 -0.2495 -0.0443 0.1056 0.1996 0.9732
1305031464.4597 -1.4889 -0.0570 -0.2625 -0.0436 0.1057 0.1913 0.9749
1305031464.4956 -1.4797 -0.0593 -0.2754 -0.0421 0.1042 0.1855 0.9762
1305031464.5276 -1.4725 -0.0653 -0.2979 -0.0423 0.1042 0.1783 0.9775
1305031464.5597 -1.4548 -0.0638 -0.3076 -0.0432 0.1004 0.1705 0.9793
1305031464.5957 -1.4296 -0.0781 -0.3343 -0.0423 0.1010 0.1576 0.9814
1305031464.6277 -1.4143 -0.0849 -0.3545 -0.0322 0.1124 0.1507 0.9816
1305031464.6597 -1.4029 -0.0969 -0.3700 -0.0248 0.1248 0.1390 0.9821
1305031464.6957 -1.3767 -0.1113 -0.3925 -0.0137 0.1314 0.1255 0.9833
1305031464.7277 -1.3769 -0.1145 -0.3976 0.0046 0.1385 0.1093 0.9843
1305031464.7597 -1.3787 -0.1085 -0.4004 0.0190 0.1400 0.0912 0.9858
1305031464.7960 -1.3784 -0.1161 -0.4080 0.0256 0.1358 0.0725 0.9878
1305031464.8278 -1.3792 -0.1085 -0.4031 0.0410 0.1243 0.0592 0.9896
1305031464.8597 -1.3771 -0.0849 -0.3962 0.0536 0.1082 0.0431 0.9917
1305031464.8958 -1.3584 -0.0897 -0.3866 0.0519 0.0900 0.0261 0.9942
1305031464.9278 -1.3283 -0.1084 -0.3853 0.0478 0.0735 0.0071 0.9961
1305031464.9598 -1.3098 -0.1216 -0.3809 0.0496 0.0662 -0.0097 0.9965
1305031464.9957 -1.3036 -0.1093 -0.3664 0.0587 0.0658 -0.0284 0.9957
1305031465.0278 -1.3075 -0.1055 -0.3569 0.0634 0.0682 -0.0478 0.9945
1305031465.0597 -1.3130 -0.0883 -0.3388 0.0723 0.0656 -0.0675 0.9929
1305031465.0957 -1.2987 -0.0534 -0.3228 0.0729 0.0522 -0.0831 0.9925
1305031465.1277 -1.2853 -0.0417 -0.2884 0.0575 0.0387 -0.0978 0.9928
1305031465.1598 -1.2718 -0.0408 -0.2662 0.0405 0.0254 -0.1054 0.9933
1305031465.1956 -1.2537 -0.0477 -0.2426 0.0256 0.0130 -0.1155 0.9929
1305031465.2279 -1.2382 -0.0420 -0.2222 0.0131 0.0037 -0.1229 0.9923
1305031465.2598 -1.2321 -0.0462 -0.1949 -0.0016 -0.0035 -0.1239 0.9923
1305031465.2956 -1.2293 -0.0320 -0.1870 -0.0046 -0.0100 -0.1189 0.9928
1305031465.3277 -1.2253 -0.0170 -0.1686 -0.0114 -0.0189 -0.1027 0.9945
1305031465.3599 -1.2119 -0.0165 -0.1560 -0.0176 -0.0349 -0.0935 0.9948
1305031465.3956 -1.1920 -0.0112 -0.1487 -0.0172 -0.0532 -0.0841 0.9949
1305031465.4277 -1.1665 -0.0130 -0.1473 -0.0180 -0.0664 -0.0753 0.9948
1305031465.4601 -1.1511 -0.0024 -0.1472 -0.0156 -0.0744 -0.0648 0.9950
1305031465.4957 -1.1329 0.0075 -0.1467 -0.0181 -0.0825 -0.0548 0.9949
1305031465.5276 -1.1170 0.0049 -0.1428 -0.0211 -0.0903 -0.0513 0.9944
1305031465.5598 -1.0981 0.0117 -0.1439 -0.0167 -0.0974 -0.0466 0.9940
1305031465.5956 -1.0804 0.0189 -0.1454 -0.0138 -0.1013 -0.0399 0.9940
1305031465.6277 -1.0704 0.0285 -0.1453 -0.0109 -0.1038 -0.0334 0.9940
1305031465.6601 -1.0578 0.0329 -0.1470 -0.0094 -0.1101 -0.0283 0.9935
1305031465.6957 -1.0340 0.0435 -0.1455 -0.0048 -0.1182 -0.0223 0.9927
1305031465.7277 -1.0208 0.0559 -0.1466 0.0007 -0.1202 -0.0153 0.9926
1305031465.7598 -1.0053 0.0668 -0.1506 0.0054 -0.1235 -0.0087 0.9923
1305031465.7959 -0.9879 0.0762 -0.1526 0.0084 -0.1260 -0.0046 0.9920
1305031465.8280 -0.9720 0.0850 -0.1525 0.0141 -0.1289 -0.0001 0.9916
1305031465.8599 -0.9468 0.1058 -0.1607 0.0246 -0.1316 0.0042 0.9910
1305031465.8955 -0.9234 0.1210 -0.1613 0.0277 -0.1264 0.0054 0.9916
1305031465.9275 -0.9017 0.1266 -0.1550 0.0301 -0.1202 0.0073 0.9923
1305031465.9597 -0.8778 0.1437 -0.1604 0.0400 -0.1139 0.0067 0.9927
1305031465.9958 -0.8578 0.1559 -0.1602 0.0452 -0.1088 0.0053 0.9930
1305031466.0276 -0.8371 0.1659 -0.1681 0.0479 -0.1088 0.0046 0.9929
1305031466.0598 -0.8163 0.1949 -0.1642 0.0495 -0.1092 0.0066 0.9928
1305031466.0958 -0.8092 0.2159 -0.1714 0.0469 -0.1090 0.0066 0.9929
1305031466.1276 -0.7972 0.2358 -0.1732 0.0424 -0.1130 0.0068 0.9927
1305031466.1604 -0.7891 0.2568 -0.1786 0.0395 -0.1159 0.0085 0.9924
1305031466.1958 -0.7780 0.2713 -0.1869 0.0313 -0.1230 0.0112 0.9919
1305031466.2280 -0.7591 0.2729 -0.1857 0.0165 -0.1333 0.0080 0.9909
1305031466.2598 -0.7414 0.2708 -0.1896 0.0137 -0.1369 0.0024 0.9905
1305031466.2957 -0.7160 0.2805 -0.1944 0.0176 -0.1363 -0.0078 0.9905
1305031466.3277 -0.6984 0.2892 -0.2057 0.0189 -0.1277 -0.0163 0.9915
1305031466.3598 -0.6892 0.2983 -0.2139 0.0165 -0.1177 -0.0253 0.9926
1305031466.3958 -0.6737 0.2868 -0.2250 0.0128 -0.1161 -0.0271 0.9928
1305031466.4278 -0.6631 0.2934 -0.2350 0.0177 -0.1178 -0.0295 0.9924
1305031466.4598 -0.6535 0.3004 -0.2463 0.0181 -0.1203 -0.0321 0.9921
1305031466.4958 -0.6348 0.3064 -0.2491 0.0157 -0.1244 -0.0330 0.9916
1305031466.5275 -0.6085 0.3024 -0.2562 0.0123 -0.1251 -0.0324 0.9915
1305031466.5604 -0.5883 0.3140 -0.2667 0.0136 -0.1213 -0.0343 0.9919
1305031466.5959 -0.5650 0.3217 -0.2689 0.0048 -0.1226 -0.0389 0.9917
1305031466.6275 -0.5444 0.3079 -0.2677 -0.0030 -0.1203 -0.0440 0.9918
1305031466.6597 -0.5214 0.3093 -0.2707 0.0015 -0.1190 -0.0481 0.9917
1305031466.6958 -0.5053 0.3234 -0.2765 0.0046 -0.1197 -0.0530 0.9914
1305031466.7281 -0.4893 0.3301 -0.2747 0.0011 -0.1216 -0.0660 0.9904
1305031466.7596 -0.4664 0.3217 -0.2702 0.0010 -0.1240 -0.0708 0.9898
1305031466.7956 -0.4527 0.3243 -0.2780 0.0046 -0.1252 -0.0738 0.9894
1305031466.8279 -0.4401 0.3323 -0.2801 0.0045 -0.1283 -0.0758 0.9888
1305031466.8597 -0.4355 0.3293 -0.2793 0.0025 -0.1308 -0.0761 0.9885
1305031466.8957 -0.4176 0.3256 -0.2828 0.0024 -0.1426 -0.0740 0.9870
1305031466.9278 -0.4035 0.3232 -0.2856 0.0016 -0.1563 -0.0759 0.9848
1305031466.9597 -0.3919 0.3189 -0.2856 0.0008 -0.1627 -0.0778 0.9836
1305031466.9957 -0.3795 0.3162 -0.2904 0.0005 -0.1656 -0.0800 0.9829
1305031467.0278 -0.3697 0.3135 -0.2942 0.0000 -0.1677 -0.0828 0.9824
1305031467.0597 -0.3536 0.3128 -0.2972 0.0001 -0.1704 -0.0839 0.9818
1305031467.0957 -0.3429 0.3190 -0.2971 0.0006 -0.1712 -0.0868 0.9814
1305031467.1290 -0.3371 0.3172 -0.2969 0.0004 -0.1723 -0.0944 0.9805
1305031467.1597 -0.3290 0.3168 -0.2973 0.0015 -0.1740 -0.0993 0.9797
1305031467.1957 -0.3233 0.3180 -0.2995 0.0024 -0.1760 -0.1026 0.9790
1305031467.2277 -0.3141 0.3179 -0.3010 0.0032 -0.1806 -0.1059 0.9778
1305031467.2597 -0.3069 0.3197 -0.3011 0.0048 -0.1835 -0.1084 0.9770
1305031467.2958 -0.2996 0.3203 -0.3042 0.0063 -0.1862 -0.1136 0.9759
1305031467.3280 -0.2895 0.3214 -0.3077 0.0074 -0.1898 -0.1172 0.9748
1305031467.3597 -0.2770 0.3269 -0.3135 0.0070 -0.1945 -0.1186 0.9737
1305031467.3958 -0.2646 0.3342 -0.3098 0.0050 -0.2011 -0.1235 0.9717
1305031467.4278 -0.2573 0.3323 -0.3137 0.0042 -0.2038 -0.1265 0.9708
1305031467.4597 -0.2428 0.3304 -0.3160 0.0035 -0.2096 -0.1266 0.9695
1305031467.4961 -0.2274 0.3479 -0.3234 0.0056 -0.2150 -0.1315 0.9677
1305031467.5277 -0.2119 0.3434 -0.3226 0.0024 -0.2188 -0.1366 0.9662
1305031467.5598 -0.2042 0.3439 -0.3208 0.0030 -0.2192 -0.1380 0.9659
1305031467.5960 -0.1942 0.3404 -0.3240 0.0017 -0.2207 -0.1359 0.9658
1305031467.6275 -0.1890 0.3448 -0.3167 0.0044 -0.2234 -0.1336 0.9655
1305031467.6596 -0.1824 0.3421 -0.3183 0.0091 -0.2260 -0.1323 0.9651
1305031467.6959 -0.1783 0.3349 -0.3214 0.0092 -0.2268 -0.1345 0.9646
1305031467.7275 -0.1739 0.3319 -0.3167 0.0130 -0.2275 -0.1397 0.9636
1305031467.7599 -0.1745 0.3346 -0.3127 0.0205 -0.2271 -0.1430 0.9631
1305031467.7961 -0.1749 0.3354 -0.3116 0.0241 -0.2267 -0.1456 0.9627
1305031467.8278 -0.1779 0.3303 -0.3023 0.0278 -0.2266 -0.1462 0.9626
1305031467.8597 -0.1721 0.3352 -0.2953 0.0384 -0.2301 -0.1426 0.9619
1305031467.8959 -0.1692 0.3256 -0.2938 0.0405 -0.2339 -0.1425 0.9609
1305031467.9278 -0.1694 0.3185 -0.2760 0.0429 -0.2391 -0.1455 0.9591
1305031467.9598 -0.1645 0.3047 -0.2691 0.0484 -0.2432 -0.1484 0.9573
1305031467.9958 -0.1593 0.3046 -0.2660 0.0507 -0.2439 -0.1498 0.9568
1305031468.0281 -0.1560 0.3009 -0.2482 0.0511 -0.2447 -0.1524 0.9562
1305031468.0598 -0.1566 0.2840 -0.2371 0.0530 -0.2461 -0.1549 0.9553
1305031468.0959 -0.1542 0.2807 -0.2300 0.0549 -0.2477 -0.1568 0.9545
1305031468.1278 -0.1497 0.2741 -0.2155 0.0542 -0.2500 -0.1572 0.9539
1305031468.1599 -0.1470 0.2651 -0.2004 0.0555 -0.2519 -0.1590 0.9530
1305031468.1960 -0.1421 0.2616 -0.1857 0.0565 -0.2529 -0.1617 0.9522
1305031468.2282 -0.1341 0.2518 -0.1664 0.0555 -0.2539 -0.1620 0.9520
1305031468.2598 -0.1235 0.2397 -0.1453 0.0548 -0.2556 -0.1601 0.9519
1305031468.2958 -0.1172 0.2304 -0.1272 0.0551 -0.2545 -0.1612 0.9519
1305031468.3278 -0.1081 0.2091 -0.1045 0.0545 -0.2559 -0.1600 0.9518
1305031468.3598 -0.0982 0.1983 -0.0865 0.0581 -0.2561 -0.1561 0.9522
1305031468.3959 -0.0938 0.1934 -0.0782 0.0578 -0.2553 -0.1563 0.9524
1305031468.4280 -0.0884 0.1768 -0.0629 0.0543 -0.2562 -0.1549 0.9526
1305031468.4598 -0.0850 0.1494 -0.0491 0.0494 -0.2579 -0.1508 0.9530
1305031468.4958 -0.0793 0.1425 -0.0362 0.0491 -0.2585 -0.1509 0.9529
1305031468.5278 -0.0845 0.1217 -0.0222 0.0490 -0.2566 -0.1566 0.9525
1305031468.5597 -0.0929 0.1016 -0.0283 0.0550 -0.2540 -0.1671 0.9511
1305031468.5958 -0.0968 0.0979 -0.0342 0.0593 -0.2525 -0.1730 0.9502
1305031468.6276 -0.1012 0.0903 -0.0285 0.0557 -0.2531 -0.1733 0.9502
1305031468.6596 -0.1122 0.0666 -0.0199 0.0538 -0.2557 -0.1755 0.9492
1305031468.6958 -0.1235 0.0481 -0.0133 0.0577 -0.2600 -0.1809 0.9468
1305031468.7278 -0.1298 0.0433 -0.0120 0.0647 -0.2637 -0.1819 0.9451
1305031468.7596 -0.1319 0.0306 -0.0060 0.0650 -0.2677 -0.1811 0.9441
1305031468.7958 -0.1443 0.0192 -0.0025 0.0721 -0.2687 -0.1863 0.9423
1305031468.8292 -0.1526 0.0048 -0.0097 0.0802 -0.2684 -0.1929 0.9404
1305031468.8597 -0.1502 0.0010 -0.0100 0.0824 -0.2685 -0.1961 0.9395
1305031468.8959 -0.1422 -0.0082 0.0076 0.0818 -0.2677 -0.1969 0.9396
1305031468.9281 -0.1476 -0.0095 0.0055 0.0804 -0.2596 -0.1953 0.9423
1305031468.9596 -0.1588 -0.0173 0.0015 0.0737 -0.2525 -0.1938 0.9451
1305031468.9957 -0.1629 -0.0117 0.0064 0.0614 -0.2483 -0.1994 0.9459
1305031469.0277 -0.1679 -0.0167 0.0129 0.0435 -0.2452 -0.2059 0.9464
1305031469.0598 -0.1798 -0.0325 0.0204 0.0282 -0.2430 -0.2136 0.9458
1305031469.0957 -0.1781 -0.0382 0.0295 0.0173 -0.2432 -0.2231 0.9438
1305031469.1277 -0.1740 -0.0429 0.0511 0.0067 -0.2402 -0.2340 0.9421
1305031469.1597 -0.1737 -0.0493 0.0713 -0.0029 -0.2346 -0.2424 0.9414
1305031469.1955 -0.1801 -0.0569 0.0736 -0.0108 -0.2237 -0.2447 0.9434
1305031469.2278 -0.1874 -0.0612 0.0854 -0.0146 -0.2196 -0.2474 0.9436
1305031469.2596 -0.1937 -0.0594 0.1040 -0.0196 -0.2159 -0.2524 0.9430
1305031469.2968 -0.1993 -0.0597 0.1180 -0.0232 -0.2118 -0.2544 0.9433
1305031469.3276 -0.2043 -0.0585 0.1292 -0.0271 -0.2089 -0.2560 0.9435
1305031469.3596 -0.2021 -0.0617 0.1484 -0.0337 -0.2069 -0.2615 0.9421
1305031469.3957 -0.2009 -0.0658 0.1651 -0.0344 -0.1976 -0.2675 0.9425
1305031469.4277 -0.2024 -0.0614 0.1809 -0.0318 -0.1872 -0.2736 0.9429
1305031469.4597 -0.2042 -0.0697 0.1969 -0.0357 -0.1807 -0.2813 0.9418
1305031469.4957 -0.2126 -0.0602 0.2039 -0.0344 -0.1754 -0.2832 0.9423
1305031469.5276 -0.2113 -0.0491 0.2162 -0.0349 -0.1770 -0.2811 0.9426
1305031469.5596 -0.2208 -0.0442 0.2290 -0.0420 -0.1750 -0.2824 0.9423
1305031469.5958 -0.2230 -0.0216 0.2389 -0.0454 -0.1725 -0.2797 0.9434
1305031469.6278 -0.2219 -0.0252 0.2581 -0.0578 -0.1752 -0.2798 0.9422
1305031469.6596 -0.2362 -0.0151 0.2690 -0.0645 -0.1671 -0.2824 0.9424
1305031469.6956 -0.2396 0.0032 0.2774 -0.0648 -0.1625 -0.2800 0.9439
1305031469.7277 -0.2389 0.0146 0.2870 -0.0697 -0.1589 -0.2784 0.9447
1305031469.7596 -0.2537 0.0332 0.2990 -0.0754 -0.1495 -0.2746 0.9469
1305031469.7956 -0.2690 0.0556 0.3118 -0.0781 -0.1438 -0.2719 0.9483
1305031469.8275 -0.2748 0.0733 0.3176 -0.0816 -0.1449 -0.2694 0.9486
1305031469.8596 -0.2877 0.0860 0.3305 -0.0901 -0.1442 -0.2683 0.9482
1305031469.8958 -0.2944 0.1029 0.3350 -0.0933 -0.1452 -0.2645 0.9488
1305031469.9279 -0.3022 0.1126 0.3475 -0.0996 -0.1487 -0.2624 0.9482
1305031469.9598 -0.3167 0.1286 0.3523 -0.1005 -0.1489 -0.2593 0.9490
1305031469.9956 -0.3261 0.1487 0.3599 -0.1016 -0.1511 -0.2552 0.9496
1305031470.0277 -0.3373 0.1664 0.3610 -0.1019 -0.1519 -0.2548 0.9495
1305031470.0596 -0.3468 0.1755 0.3645 -0.1063 -0.1544 -0.2543 0.9488
1305031470.0959 -0.3644 0.1958 0.3662 -0.1064 -0.1499 -0.2508 0.9504
1305031470.1276 -0.3800 0.2119 0.3680 -0.1099 -0.1484 -0.2487 0.9508
1305031470.1596 -0.3907 0.2291 0.3679 -0.1122 -0.1487 -0.2445 0.9516
1305031470.1961 -0.4001 0.2338 0.3616 -0.1169 -0.1520 -0.2431 0.9509
1305031470.2276 -0.4150 0.2484 0.3654 -0.1213 -0.1517 -0.2382 0.9516
1305031470.2600 -0.4250 0.2633 0.3604 -0.1241 -0.1515 -0.2354 0.9520
1305031470.2957 -0.4421 0.2824 0.3596 -0.1259 -0.1475 -0.2327 0.9530
1305031470.3276 -0.4520 0.2924 0.3560 -0.1334 -0.1481 -0.2291 0.9528
1305031470.3596 -0.4634 0.3049 0.3568 -0.1373 -0.1509 -0.2220 0.9535
1305031470.3958 -0.4777 0.3192 0.3547 -0.1396 -0.1510 -0.2177 0.9541
1305031470.4276 -0.4923 0.3299 0.3554 -0.1402 -0.1527 -0.2198 0.9533
1305031470.4597 -0.5065 0.3385 0.3512 -0.1394 -0.1538 -0.2201 0.9531
1305031470.4957 -0.5173 0.3451 0.3479 -0.1392 -0.1561 -0.2171 0.9535
1305031470.5277 -0.5292 0.3501 0.3449 -0.1399 -0.1566 -0.2183 0.9530
1305031470.5597 -0.5403 0.3582 0.3427 -0.1396 -0.1569 -0.2176 0.9532
1305031470.5958 -0.5516 0.3654 0.3390 -0.1395 -0.1561 -0.2135 0.9543
1305031470.6277 -0.5619 0.3727 0.3374 -0.1399 -0.1561 -0.2103 0.9549
1305031470.6597 -0.5680 0.3779 0.3372 -0.1411 -0.1592 -0.2052 0.9553
1305031470.6956 -0.5817 0.3887 0.3348 -0.1404 -0.1570 -0.2005 0.9568
1305031470.7277 -0.5916 0.3894 0.3360 -0.1430 -0.1590 -0.1985 0.9565
1305031470.7597 -0.5976 0.3935 0.3330 -0.1433 -0.1562 -0.1940 0.9578
1305031470.7956 -0.6097 0.4005 0.3325 -0.1433 -0.1496 -0.1893 0.9598
1305031470.8278 -0.6231 0.4042 0.3329 -0.1402 -0.1471 -0.1860 0.9613
1305031470.8596 -0.6334 0.4025 0.3298 -0.1388 -0.1456 -0.1814 0.9626
1305031470.8957 -0.6410 0.4061 0.3264 -0.1350 -0.1472 -0.1753 0.9641
1305031470.9277 -0.6487 0.4074 0.3256 -0.1308 -0.1521 -0.1695 0.9649
1305031470.9596 -0.6591 0.4107 0.3222 -0.1177 -0.1543 -0.1661 0.9668
1305031470.9960 -0.6613 0.4085 0.3177 -0.1093 -0.1576 -0.1649 0.9675
1305031471.0276 -0.6646 0.4085 0.3150 -0.0981 -0.1586 -0.1617 0.9691
1305031471.0596 -0.6685 0.4053 0.3126 -0.0892 -0.1589 -0.1564 0.9707
1305031471.0958 -0.6794 0.4130 0.3051 -0.0742 -0.1537 -0.1505 0.9738
1305031471.1277 -0.6822 0.4148 0.3025 -0.0667 -0.1566 -0.1405 0.9753
1305031471.1596 -0.6844 0.4205 0.2993 -0.0571 -0.1569 -0.1331 0.9769
1305031471.1957 -0.6851 0.4217 0.2984 -0.0546 -0.1573 -0.1291 0.9776
1305031471.2276 -0.6872 0.4225 0.2971 -0.0538 -0.1568 -0.1257 0.9781
1305031471.2597 -0.6911 0.4224 0.2964 -0.0538 -0.1557 -0.1239 0.9785
1305031471.2961 -0.6933 0.4219 0.2972 -0.0527 -0.1556 -0.1214 0.9789
1305031471.3276 -0.6926 0.4250 0.2967 -0.0476 -0.1548 -0.1177 0.9797
1305031471.3596 -0.6946 0.4253 0.2946 -0.0471 -0.1496 -0.1155 0.9808
1305031471.3957 -0.6978 0.4215 0.2947 -0.0486 -0.1461 -0.1119 0.9817
1305031471.4277 -0.6996 0.4235 0.2909 -0.0446 -0.1451 -0.1058 0.9827
1305031471.4596 -0.7026 0.4245 0.2884 -0.0438 -0.1455 -0.1028 0.9830
1305031471.4965 -0.7094 0.4225 0.2843 -0.0465 -0.1432 -0.0990 0.9836
1305031471.5276 -0.7113 0.4225 0.2825 -0.0468 -0.1428 -0.0967 0.9839
1305031471.5597 -0.7121 0.4232 0.2805 -0.0465 -0.1419 -0.0956 0.9841
1305031471.5957 -0.7135 0.4221 0.2796 -0.0476 -0.1395 -0.0944 0.9846
1305031471.6276 -0.7152 0.4228 0.2770 -0.0468 -0.1361 -0.0937 0.9851
1305031471.6596 -0.7167 0.4232 0.2739 -0.0453 -0.1330 -0.0918 0.9858
1305031471.6956 -0.7158 0.4234 0.2700 -0.0445 -0.1315 -0.0897 0.9862
1305031471.7275 -0.7166 0.4214 0.2673 -0.0477 -0.1284 -0.0863 0.9868
1305031471.7597 -0.7181 0.4203 0.2635 -0.0490 -0.1225 -0.0801 0.9880
1305031471.7958 -0.7170 0.4196 0.2575 -0.0502 -0.1171 -0.0733 0.9891
1305031471.8276 -0.7183 0.4207 0.2549 -0.0529 -0.1139 -0.0699 0.9896
1305031471.8597 -0.7176 0.4249 0.2554 -0.0566 -0.1126 -0.0598 0.9902
1305031471.8956 -0.7189 0.4279 0.2532 -0.0604 -0.1085 -0.0551 0.9907
1305031471.9277 -0.7215 0.4261 0.2546 -0.0692 -0.1034 -0.0489 0.9910
1305031471.9596 -0.7254 0.4275 0.2569 -0.0703 -0.0954 -0.0436 0.9920
1305031471.9956 -0.7274 0.4342 0.2512 -0.0679 -0.0881 -0.0447 0.9928
1305031472.0276 -0.7274 0.4426 0.2476 -0.0687 -0.0855 -0.0395 0.9932
1305031472.0597 -0.7321 0.4410 0.2513 -0.0738 -0.0808 -0.0356 0.9934
1305031472.0956 -0.7335 0.4432 0.2499 -0.0754 -0.0774 -0.0298 0.9937
1305031472.1276 -0.7362 0.4487 0.2485 -0.0773 -0.0764 -0.0282 0.9937
1305031472.1596 -0.7445 0.4482 0.2538 -0.0810 -0.0738 -0.0244 0.9937
1305031472.1957 -0.7504 0.4553 0.2564 -0.0737 -0.0710 -0.0181 0.9946
1305031472.2276 -0.7533 0.4693 0.2537 -0.0598 -0.0702 -0.0200 0.9955
1305031472.2638 -0.7532 0.4693 0.2530 -0.0556 -0.0703 -0.0217 0.9957
1305031472.2957 -0.7526 0.4711 0.2498 -0.0470 -0.0703 -0.0198 0.9962
1305031472.3277 -0.7539 0.4766 0.2446 -0.0387 -0.0686 -0.0176 0.9967
1305031472.3636 -0.7548 0.4755 0.2438 -0.0396 -0.0685 -0.0170 0.9967
1305031472.3956 -0.7556 0.4745 0.2434 -0.0396 -0.0699 -0.0162 0.9966
1305031472.4277 -0.7554 0.4710 0.2443 -0.0396 -0.0738 -0.0153 0.9964
1305031472.4636 -0.7566 0.4658 0.2438 -0.0396 -0.0739 -0.0163 0.9963
1305031472.4956 -0.7537 0.4607 0.2420 -0.0412 -0.0735 -0.0177 0.9963
1305031472.5276 -0.7555 0.4581 0.2429 -0.0395 -0.0706 -0.0168 0.9966
1305031472.5636 -0.7537 0.4580 0.2442 -0.0342 -0.0719 -0.0150 0.9967
1305031472.5957 -0.7508 0.4520 0.2412 -0.0335 -0.0746 -0.0118 0.9966
1305031472.6277 -0.7494 0.4510 0.2422 -0.0335 -0.0755 -0.0109 0.9965
1305031472.6636 -0.7489 0.4494 0.2427 -0.0328 -0.0755 -0.0092 0.9966
1305031472.6958 -0.7472 0.4395 0.2429 -0.0348 -0.0768 -0.0066 0.9964
1305031472.7276 -0.7452 0.4365 0.2428 -0.0311 -0.0781 -0.0076 0.9964
1305031472.7636 -0.7462 0.4381 0.2428 -0.0269 -0.0765 -0.0088 0.9967
1305031472.7956 -0.7457 0.4337 0.2461 -0.0271 -0.0756 -0.0099 0.9967
1305031472.8276 -0.7447 0.4281 0.2489 -0.0270 -0.0748 -0.0094 0.9968
1305031472.8636 -0.7452 0.4295 0.2486 -0.0245 -0.0744 -0.0081 0.9969
1305031472.8957 -0.7456 0.4305 0.2491 -0.0233 -0.0749 -0.0066 0.9969
1305031472.9277 -0.7444 0.4284 0.2504 -0.0243 -0.0763 -0.0058 0.9968
1305031472.9638 -0.7442 0.4270 0.2510 -0.0245 -0.0760 -0.0038 0.9968
1305031472.9957 -0.7449 0.4274 0.2525 -0.0245 -0.0767 -0.0029 0.9967
1305031473.0276 -0.7466 0.4286 0.2533 -0.0240 -0.0766 -0.0030 0.9968
1305031473.0637 -0.7461 0.4268 0.2549 -0.0253 -0.0773 -0.0045 0.9967
1305031473.0957 -0.7443 0.4235 0.2534 -0.0265 -0.0772 -0.0059 0.9966
1305031473.1277 -0.7440 0.4216 0.2542 -0.0275 -0.0770 -0.0071 0.9966
1305031473.1671 -0.7455 0.4190 0.2551 -0.0273 -0.0768 -0.0075 0.9966
1305031473.1961 -0.7438 0.4132 0.2551 -0.0293 -0.0782 -0.0072 0.9965
