1305031453.3917 0.0000 0.0000 0.0000 0.0000 0.0000 0.0000 1.0000
1305031453.5237 0.0107 0.0183 -0.0404 0.0166 0.0224 0.0372 0.9989
1305031453.6277 0.0058 0.0362 -0.0829 0.0380 0.0299 0.0522 0.9975
1305031453.7277 -0.0118 0.0636 -0.1285 0.0577 0.0166 0.0411 0.9974
1305031453.8278 -0.0365 0.0855 -0.1674 0.0689 -0.0080 0.0187 0.9974
1305031453.9277 -0.0712 0.1060 -0.1983 0.0674 -0.0535 -0.0005 0.9963
1305031453.9596 -0.0771 0.1110 -0.2067 0.0650 -0.0706 -0.0093 0.9953
1305031453.9916 -0.0885 0.1108 -0.2067 0.0630 -0.0821 -0.0205 0.9944
1305031454.0277 -0.0968 0.1125 -0.2113 0.0650 -0.0948 -0.0303 0.9929
1305031454.0597 -0.1034 0.1166 -0.2172 0.0659 -0.1070 -0.0417 0.9912
1305031454.0917 -0.1084 0.1172 -0.2119 0.0664 -0.1194 -0.0522 0.9892
1305031454.1277 -0.1114 0.1189 -0.2154 0.0672 -0.1195 -0.0520 0.9892
1305031454.1597 -0.1075 0.1193 -0.2167 0.0676 -0.1216 -0.0518 0.9889
1305031454.1917 -0.1070 0.1209 -0.2154 0.0683 -0.1228 -0.0517 0.9887
1305031454.2277 -0.1067 0.1230 -0.2146 0.0693 -0.1236 -0.0515 0.9886
1305031454.2596 -0.1082 0.1257 -0.2141 0.0707 -0.1235 -0.0516 0.9885
1305031454.2916 -0.1107 0.1270 -0.2129 0.0710 -0.1231 -0.0523 0.9885
1305031454.3277 -0.1144 0.1287 -0.2134 0.0717 -0.1223 -0.0528 0.9885
1305031454.3596 -0.1159 0.1315 -0.2142 0.0733 -0.1220 -0.0530 0.9884
1305031454.3917 -0.1207 0.1336 -0.2140 0.0743 -0.1209 -0.0541 0.9884
1305031454.4275 -0.1271 0.1369 -0.2144 0.0757 -0.1194 -0.0551 0.9884
1305031454.4599 -0.1506 0.1451 -0.2235 0.0798 -0.1150 -0.0629 0.9882
1305031454.4916 -0.1578 0.1476 -0.2217 0.0808 -0.1136 -0.0654 0.9881
1305031454.5277 -0.1626 0.1498 -0.2194 0.0814 -0.1128 -0.0666 0.9880
1305031454.5596 -0.1654 0.1493 -0.2160 0.0806 -0.1128 -0.0672 0.9881
1305031454.5916 -0.1691 0.1494 -0.2146 0.0803 -0.1122 -0.0679 0.9881
1305031454.6276 -0.1707 0.1506 -0.2136 0.0806 -0.1120 -0.0681 0.9881
1305031454.6595 -0.1708 0.1506 -0.2132 0.0806 -0.1120 -0.0681 0.9881
1305031454.6919 -0.1713 0.1511 -0.2119 0.0807 -0.1122 -0.0679 0.9881
1305031454.7277 -0.1728 0.1511 -0.2088 0.0802 -0.1127 -0.0680 0.9881
1305031454.7597 -0.1697 0.1492 -0.1982 0.0764 -0.1200 -0.0665 0.9876
1305031454.7916 -0.1683 0.1513 -0.1970 0.0726 -0.1240 -0.0601 0.9878
1305031454.8276 -0.1677 0.1601 -0.1960 0.0698 -0.1261 -0.0538 0.9881
1305031454.8596 -0.1687 0.1650 -0.1941 0.0640 -0.1241 -0.0461 0.9891
1305031454.8918 -0.1699 0.1724 -0.1948 0.0601 -0.1197 -0.0379 0.9903
1305031454.9276 -0.1735 0.1796 -0.1963 0.0556 -0.1142 -0.0305 0.9914
1305031454.9596 -0.1799 0.1858 -0.1987 0.0518 -0.1087 -0.0236 0.9924
1305031454.9919 -0.1893 0.1903 -0.2017 0.0490 -0.1049 -0.0174 0.9931
1305031455.0278 -0.1959 0.1994 -0.2039 0.0492 -0.1041 -0.0142 0.9933
1305031455.0596 -0.2031 0.2032 -0.2039 0.0470 -0.1013 -0.0117 0.9937
1305031455.0917 -0.2129 0.2076 -0.2059 0.0483 -0.0969 -0.0115 0.9941
1305031455.1277 -0.2245 0.2146 -0.2083 0.0488 -0.0912 -0.0100 0.9946
1305031455.1597 -0.2392 0.2183 -0.2104 0.0471 -0.0855 -0.0054 0.9952
1305031455.1917 -0.2524 0.2208 -0.2098 0.0436 -0.0820 0.0011 0.9957
1305031455.2276 -0.2648 0.2215 -0.2103 0.0428 -0.0783 0.0069 0.9960
1305031455.2596 -0.2779 0.2298 -0.2124 0.0413 -0.0734 0.0137 0.9963
1305031455.2918 -0.2928 0.2275 -0.2111 0.0329 -0.0685 0.0249 0.9968
1305031455.3278 -0.3098 0.2300 -0.2134 0.0288 -0.0656 0.0366 0.9968
1305031455.3596 -0.3192 0.2355 -0.2122 0.0222 -0.0663 0.0443 0.9966
1305031455.3917 -0.3298 0.2312 -0.2101 0.0112 -0.0614 0.0544 0.9966
1305031455.4276 -0.3470 0.2283 -0.2114 0.0041 -0.0545 0.0660 0.9963
1305031455.4596 -0.3609 0.2216 -0.2130 -0.0009 -0.0513 0.0756 0.9958
1305031455.4916 -0.3755 0.2199 -0.2159 -0.0040 -0.0481 0.0873 0.9950
1305031455.5276 -0.3914 0.2092 -0.2185 -0.0090 -0.0449 0.1014 0.9938
1305031455.5597 -0.4095 0.2012 -0.2235 -0.0095 -0.0447 0.1149 0.9923
1305031455.5916 -0.4255 0.1994 -0.2294 -0.0087 -0.0457 0.1292 0.9905
1305031455.6596 -0.4505 0.1754 -0.2326 -0.0115 -0.0436 0.1483 0.9879
1305031455.6916 -0.4672 0.1695 -0.2394 -0.0079 -0.0405 0.1467 0.9883
1305031455.7276 -0.4800 0.1601 -0.2448 -0.0076 -0.0374 0.1421 0.9891
1305031455.7597 -0.4942 0.1508 -0.2513 -0.0082 -0.0316 0.1391 0.9897
1305031455.7917 -0.5066 0.1344 -0.2583 -0.0094 -0.0261 0.1402 0.9897
1305031455.8276 -0.5231 0.1254 -0.2689 -0.0071 -0.0213 0.1402 0.9899
1305031455.8595 -0.5340 0.1150 -0.2761 -0.0077 -0.0199 0.1391 0.9901
1305031455.8917 -0.5444 0.1069 -0.2838 -0.0077 -0.0174 0.1390 0.9901
1305031455.9280 -0.5540 0.0967 -0.2896 -0.0096 -0.0143 0.1386 0.9902
1305031455.9597 -0.5657 0.0914 -0.2976 -0.0093 -0.0103 0.1363 0.9906
1305031455.9917 -0.5743 0.0848 -0.3029 -0.0121 -0.0065 0.1345 0.9908
1305031456.0278 -0.5882 0.0840 -0.3108 -0.0169 -0.0004 0.1307 0.9913
1305031456.0597 -0.5962 0.0717 -0.3114 -0.0287 0.0022 0.1248 0.9918
1305031456.0917 -0.6024 0.0584 -0.3109 -0.0363 0.0045 0.1209 0.9920
1305031456.1276 -0.6096 0.0482 -0.3128 -0.0389 0.0082 0.1199 0.9920
1305031456.1597 -0.6112 0.0354 -0.3105 -0.0421 0.0121 0.1201 0.9918
1305031456.1917 -0.6157 0.0246 -0.3110 -0.0389 0.0207 0.1222 0.9915
1305031456.2277 -0.6244 0.0257 -0.3135 -0.0356 0.0313 0.1255 0.9910
1305031456.2917 -0.6368 -0.0001 -0.3041 -0.0405 0.0540 0.1330 0.9888
1305031456.3277 -0.6421 -0.0096 -0.2989 -0.0380 0.0653 0.1394 0.9873
1305031456.3916 -0.6549 -0.0236 -0.2855 -0.0379 0.0904 0.1483 0.9841
1305031456.4277 -0.6711 -0.0296 -0.2777 -0.0326 0.1048 0.1537 0.9820
1305031456.4917 -0.7077 -0.0314 -0.2555 -0.0353 0.1146 0.1653 0.9789
1305031456.5276 -0.7148 -0.0362 -0.2419 -0.0401 0.1118 0.1715 0.9780
1305031456.5917 -0.7289 -0.0400 -0.2197 -0.0408 0.1161 0.1833 0.9753
1305031456.6276 -0.7413 -0.0334 -0.2070 -0.0506 0.1196 0.1907 0.9730
1305031456.6916 -0.7542 -0.0628 -0.1746 -0.0662 0.1280 0.2079 0.9675
1305031456.8276 -0.7991 -0.0681 -0.1218 -0.0644 0.1182 0.2398 0.9614
1305031457.0917 -0.8678 -0.0919 -0.0431 -0.0943 0.1475 0.2796 0.9440
1305031457.2275 -0.9082 -0.1257 -0.0386 -0.1039 0.1735 0.3015 0.9318
1305031457.3275 -0.9437 -0.1533 -0.0489 -0.0961 0.2010 0.3156 0.9224
1305031457.3917 -0.9659 -0.1836 -0.0546 -0.0979 0.2240 0.3266 0.9130
1305031457.4917 -1.0078 -0.2249 -0.0658 -0.0961 0.2399 0.3402 0.9041
1305031457.5597 -1.0296 -0.2501 -0.0771 -0.0904 0.2497 0.3454 0.9001
1305031457.6275 -1.0541 -0.2784 -0.0812 -0.0892 0.2582 0.3505 0.8959
1305031457.6916 -1.0825 -0.2968 -0.0868 -0.0886 0.2610 0.3565 0.8927
1305031457.7596 -1.0886 -0.3355 -0.0890 -0.0923 0.2630 0.3545 0.8925
1305031457.7916 -1.0868 -0.3557 -0.0923 -0.0891 0.2676 0.3529 0.8922
1305031457.8277 -1.1027 -0.3606 -0.0980 -0.0791 0.2777 0.3513 0.8906
1305031457.8916 -1.1102 -0.4030 -0.0934 -0.0782 0.2948 0.3501 0.8857
1305031457.9276 -1.1268 -0.4143 -0.0908 -0.0653 0.3038 0.3513 0.8832
1305031457.9916 -1.1382 -0.4374 -0.0851 -0.0538 0.3079 0.3544 0.8813
1305031458.0278 -1.1393 -0.4514 -0.0807 -0.0470 0.3126 0.3537 0.8803
1305031458.0597 -1.1560 -0.4521 -0.0744 -0.0370 0.3204 0.3537 0.8780
1305031458.0917 -1.1662 -0.4564 -0.0637 -0.0365 0.3249 0.3551 0.8758
1305031458.1276 -1.1685 -0.4690 -0.0510 -0.0393 0.3279 0.3559 0.8742
1305031458.1596 -1.1730 -0.4803 -0.0370 -0.0380 0.3307 0.3575 0.8726
1305031458.1916 -1.1834 -0.4800 -0.0234 -0.0346 0.3303 0.3615 0.8712
1305031458.2276 -1.1842 -0.4865 -0.0072 -0.0400 0.3253 0.3640 0.8718
1305031458.2599 -1.1714 -0.5065 0.0167 -0.0451 0.3219 0.3616 0.8738
1305031458.2917 -1.1809 -0.5129 0.0309 -0.0345 0.3204 0.3604 0.8754
1305031458.3276 -1.1799 -0.5166 0.0459 -0.0300 0.3139 0.3625 0.8770
1305031458.3596 -1.1682 -0.5227 0.0673 -0.0224 0.3099 0.3615 0.8791
1305031458.3916 -1.1701 -0.5244 0.0798 -0.0086 0.3088 0.3625 0.8793
1305031458.4276 -1.1659 -0.5228 0.0935 0.0014 0.3083 0.3688 0.8769
1305031458.4596 -1.1483 -0.5241 0.1069 0.0118 0.3113 0.3743 0.8734
1305031458.4917 -1.1402 -0.5279 0.1224 0.0281 0.3245 0.3696 0.8702
1305031458.5277 -1.1581 -0.5156 0.1483 0.0469 0.3420 0.3611 0.8663
1305031458.5596 -1.1585 -0.5131 0.1691 0.0517 0.3522 0.3571 0.8636
1305031458.5916 -1.1583 -0.5152 0.1890 0.0572 0.3597 0.3500 0.8630
1305031458.6277 -1.1712 -0.4983 0.2131 0.0622 0.3616 0.3444 0.8642
1305031458.6596 -1.1648 -0.4969 0.2373 0.0571 0.3562 0.3462 0.8660
1305031458.6917 -1.1564 -0.4939 0.2614 0.0544 0.3411 0.3427 0.8736
1305031458.7276 -1.1315 -0.4921 0.2763 0.0532 0.3227 0.3373 0.8827
1305031458.7599 -1.1333 -0.4936 0.2939 0.0598 0.3120 0.3276 0.8898
1305031458.7916 -1.1335 -0.4863 0.3032 0.0618 0.2968 0.3216 0.8970
1305031458.8276 -1.1207 -0.4855 0.3161 0.0568 0.2858 0.3219 0.9008
1305031458.8917 -1.1082 -0.4858 0.3360 0.0623 0.2841 0.3108 0.9049
1305031458.9276 -1.1160 -0.4881 0.3448 0.0597 0.2908 0.3168 0.9008
1305031458.9596 -1.1128 -0.4964 0.3522 0.0527 0.2931 0.3300 0.8958
1305031458.9916 -1.1021 -0.5145 0.3601 0.0516 0.2948 0.3346 0.8936
1305031459.0277 -1.1126 -0.5270 0.3709 0.0620 0.2958 0.3322 0.8935
1305031459.0596 -1.1195 -0.5443 0.3872 0.0721 0.2921 0.3395 0.8912
1305031459.1276 -1.1295 -0.4279 0.4163 0.1187 0.2738 0.3133 0.9015
1305031459.1596 -1.1328 -0.4342 0.4262 0.1335 0.2503 0.3137 0.9062
1305031459.1917 -1.1390 -0.4383 0.4357 0.1446 0.2328 0.3185 0.9074
1305031459.2276 -1.1416 -0.4412 0.4459 0.1514 0.2197 0.3285 0.9060
1305031459.2598 -1.1396 -0.4358 0.4588 0.1546 0.2149 0.3377 0.9033
1305031459.3276 -1.1411 -0.4343 0.4826 0.1484 0.2411 0.3660 0.8865
1305031459.3597 -1.1504 -0.4317 0.4968 0.1508 0.2645 0.3833 0.8720
1305031459.3917 -1.1676 -0.4173 0.5172 0.1493 0.2889 0.4059 0.8541
1305031459.4276 -1.1637 -0.4115 0.5287 0.1364 0.3134 0.4408 0.8300
1305031459.4597 -1.1761 -0.4198 0.5383 0.1317 0.3446 0.4740 0.7995
1305031459.5276 -1.1726 -0.3990 0.5696 0.1319 0.3514 0.4721 0.7977
1305031459.5596 -1.1860 -0.4139 0.5717 0.1258 0.3630 0.4957 0.7789
1305031459.5917 -1.2023 -0.4214 0.5789 0.1249 0.3678 0.5115 0.7665
1305031459.6276 -1.2075 -0.4297 0.5843 0.1218 0.3672 0.5218 0.7603
1305031459.6596 -1.2179 -0.4318 0.5932 0.1213 0.3737 0.5216 0.7573
1305031459.6916 -1.2292 -0.4429 0.6023 0.1137 0.3837 0.5267 0.7500
1305031459.7276 -1.2344 -0.4627 0.6062 0.1053 0.3899 0.5310 0.7449
1305031459.7917 -1.2538 -0.5025 0.6215 0.1013 0.4023 0.5247 0.7434
1305031459.8277 -1.2625 -0.5189 0.6301 0.0997 0.4034 0.5226 0.7445
1305031459.8597 -1.2714 -0.5368 0.6404 0.0954 0.4028 0.5220 0.7457
1305031459.8916 -1.2725 -0.5535 0.6475 0.0915 0.3975 0.5259 0.7463
1305031459.9276 -1.2732 -0.5692 0.6537 0.0915 0.3942 0.5291 0.7458
1305031459.9917 -1.2782 -0.5987 0.6689 0.0885 0.3904 0.5366 0.7428
1305031460.0276 -1.2752 -0.6147 0.6735 0.0873 0.3892 0.5402 0.7410
1305031460.0597 -1.2778 -0.6333 0.6806 0.0874 0.3904 0.5417 0.7393
1305031460.0917 -1.2792 -0.6542 0.6874 0.0900 0.3869 0.5475 0.7365
1305031460.1277 -1.2748 -0.6685 0.6922 0.0980 0.3781 0.5554 0.7341
1305031460.1597 -1.2768 -0.6801 0.7004 0.1072 0.3722 0.5606 0.7319
1305031460.1916 -1.2719 -0.6865 0.7085 0.1101 0.3646 0.5668 0.7305
1305031460.2278 -1.2578 -0.6910 0.7115 0.1110 0.3616 0.5709 0.7287
1305031460.2917 -1.2487 -0.7105 0.7195 0.1093 0.3766 0.5700 0.7220
1305031460.3275 -1.2446 -0.7224 0.7226 0.1084 0.3845 0.5712 0.7170
1305031460.3916 -1.2340 -0.7397 0.7321 0.1010 0.4002 0.5772 0.7046
1305031460.4275 -1.2283 -0.7498 0.7356 0.0983 0.4089 0.5812 0.6967
1305031460.4596 -1.2239 -0.7543 0.7400 0.0949 0.4192 0.5843 0.6884
1305031460.4915 -1.2241 -0.7637 0.7456 0.0872 0.4308 0.5897 0.6775
1305031460.5276 -1.2176 -0.7747 0.7474 0.0791 0.4375 0.5992 0.6658
1305031460.5596 -1.2091 -0.7842 0.7486 0.0713 0.4434 0.6037 0.6587
1305031460.5919 -1.2059 -0.7956 0.7524 0.0655 0.4510 0.6046 0.6532
1305031460.6276 -1.1996 -0.8056 0.7549 0.0609 0.4572 0.6069 0.6473
1305031460.6598 -1.1976 -0.8186 0.7603 0.0568 0.4647 0.6060 0.6431
1305031460.6917 -1.1968 -0.8311 0.7678 0.0527 0.4688 0.6069 0.6396
1305031460.7277 -1.1905 -0.8385 0.7729 0.0476 0.4693 0.6080 0.6386
1305031460.7597 -1.1833 -0.8483 0.7770 0.0429 0.4730 0.6072 0.6369
1305031460.7917 -1.1802 -0.8613 0.7847 0.0387 0.4769 0.6063 0.6351
1305031460.8277 -1.1751 -0.8679 0.7924 0.0338 0.4777 0.6049 0.6362
1305031460.8597 -1.1687 -0.8736 0.7984 0.0269 0.4797 0.6037 0.6362
1305031460.8918 -1.1604 -0.8843 0.8050 0.0181 0.4829 0.6026 0.6352
1305031460.9276 -1.1531 -0.8949 0.8135 0.0122 0.4841 0.6030 0.6339
1305031460.9917 -1.1275 -0.9105 0.8198 0.0078 0.4858 0.6059 0.6299
1305031461.0276 -1.1172 -0.9191 0.8254 0.0083 0.4879 0.6063 0.6279
1305031461.0917 -1.1060 -0.9297 0.8380 0.0116 0.4877 0.6049 0.6294
1305031461.1276 -1.0925 -0.9339 0.8390 0.0092 0.4865 0.6043 0.6309
1305031461.1597 -1.0813 -0.9410 0.8432 0.0099 0.4884 0.6021 0.6315
1305031461.1920 -1.0765 -0.9429 0.8470 0.0126 0.4897 0.5978 0.6345
1305031461.2276 -1.0695 -0.9467 0.8508 0.0121 0.4911 0.5957 0.6355
1305031461.2596 -1.0600 -0.9503 0.8538 0.0127 0.4915 0.5929 0.6378
1305031461.2917 -1.0540 -0.9512 0.8581 0.0139 0.4932 0.5873 0.6416
1305031461.3278 -1.0478 -0.9481 0.8604 0.0147 0.4953 0.5830 0.6438
1305031461.3597 -1.0479 -0.9481 0.8676 0.0101 0.4988 0.5797 0.6442
1305031461.3917 -1.0321 -0.9516 0.8718 0.0018 0.4969 0.5824 0.6433
1305031461.4276 -1.0243 -0.9511 0.8727 0.0010 0.4973 0.5809 0.6444
1305031461.4598 -1.0229 -0.9483 0.8761 -0.0014 0.4967 0.5827 0.6432
1305031461.4917 -1.0048 -0.9511 0.8705 -0.0063 0.4940 0.5860 0.6423
1305031461.5277 -1.0053 -0.9486 0.8699 -0.0012 0.4970 0.5824 0.6432
1305031461.5597 -1.0031 -0.9399 0.8632 -0.0018 0.4971 0.5800 0.6454
1305031461.5917 -1.0023 -0.9370 0.8581 -0.0041 0.5035 0.5763 0.6438
1305031461.6275 -1.0018 -0.9328 0.8558 -0.0078 0.5076 0.5762 0.6405
1305031461.6596 -1.0004 -0.9291 0.8539 -0.0112 0.5113 0.5761 0.6376
1305031461.6916 -1.0034 -0.9243 0.8531 -0.0119 0.5131 0.5805 0.6321
1305031461.7276 -0.9996 -0.9163 0.8485 -0.0137 0.5115 0.5859 0.6284
1305031461.7597 -1.0047 -0.9087 0.8436 -0.0135 0.5125 0.5879 0.6257
1305031461.7916 -1.0066 -0.8993 0.8394 -0.0174 0.5125 0.5921 0.6217
1305031461.8276 -1.0078 -0.8911 0.8350 -0.0200 0.5151 0.5959 0.6158
1305031461.8598 -1.0167 -0.8818 0.8344 -0.0208 0.5185 0.6004 0.6085
1305031461.8917 -1.0239 -0.8744 0.8350 -0.0239 0.5181 0.6102 0.5988
1305031461.9278 -1.0233 -0.8641 0.8328 -0.0291 0.5134 0.6199 0.5927
1305031461.9597 -1.0287 -0.8483 0.8236 -0.0332 0.5132 0.6229 0.5895
1305031461.9916 -1.0430 -0.8434 0.8298 -0.0410 0.5191 0.6273 0.5791
1305031462.0277 -1.0420 -0.8448 0.8345 -0.0515 0.5160 0.6386 0.5685
1305031462.0598 -1.0445 -0.8425 0.8372 -0.0534 0.5102 0.6498 0.5609
1305031462.0918 -1.0496 -0.8340 0.8348 -0.0518 0.5024 0.6603 0.5559
1305031462.1277 -1.0569 -0.8259 0.8338 -0.0514 0.4974 0.6684 0.5506
1305031462.1596 -1.0610 -0.8219 0.8325 -0.0540 0.4934 0.6747 0.5463
1305031462.1916 -1.0704 -0.8152 0.8340 -0.0566 0.4923 0.6744 0.5474
1305031462.2276 -1.0790 -0.8116 0.8373 -0.0626 0.4916 0.6754 0.5462
1305031462.2598 -1.0855 -0.8094 0.8405 -0.0694 0.4892 0.6755 0.5473
1305031462.2916 -1.0935 -0.8064 0.8449 -0.0758 0.4861 0.6737 0.5515
1305031462.3597 -1.1079 -0.8001 0.8578 -0.0936 0.4831 0.6662 0.5604
1305031463.4598 -1.1036 -0.8013 0.9477 -0.1221 0.5213 0.6392 0.5521
1305031463.5277 -1.1170 -0.7867 0.9258 -0.1256 0.5277 0.6352 0.5498
1305031463.6276 -1.1340 -0.7590 0.8856 -0.1200 0.5302 0.6309 0.5536
1305031463.6956 -1.1533 -0.7474 0.8564 -0.1110 0.5390 0.6198 0.5595
1305031463.7597 -1.1495 -0.7376 0.8003 -0.1124 0.5359 0.6159 0.5665
1305031463.8278 -1.1584 -0.7329 0.7573 -0.1160 0.5398 0.5991 0.5798
1305031463.8599 -1.1556 -0.7345 0.7303 -0.1199 0.5401 0.5924 0.5856
1305031463.8956 -1.1606 -0.7349 0.7112 -0.1202 0.5436 0.5838 0.5910
1305031463.9597 -1.1583 -0.7393 0.6694 -0.1212 0.5395 0.5763 0.6017
1305031463.9958 -1.1601 -0.7422 0.6470 -0.1188 0.5385 0.5706 0.6085
1305031464.0277 -1.1651 -0.7438 0.6271 -0.1185 0.5370 0.5643 0.6158
1305031464.0597 -1.1602 -0.7478 0.6024 -0.1220 0.5349 0.5587 0.6220
1305031464.0956 -1.1626 -0.7533 0.5851 -0.1226 0.5381 0.5500 0.6269
1305031464.1277 -1.1654 -0.7598 0.5750 -0.1218 0.5403 0.5445 0.6299
1305031464.1598 -1.1600 -0.7684 0.5612 -0.1182 0.5393 0.5423 0.6333
1305031464.1956 -1.1586 -0.7761 0.5480 -0.1092 0.5385 0.5369 0.6402
1305031464.2276 -1.1672 -0.7802 0.5401 -0.0970 0.5371 0.5303 0.6487
1305031464.2596 -1.1756 -0.7825 0.5299 -0.0853 0.5296 0.5281 0.6583
1305031464.2957 -1.1790 -0.7812 0.5147 -0.0771 0.5176 0.5255 0.6708
1305031464.3279 -1.1803 -0.7775 0.4946 -0.0712 0.5069 0.5219 0.6823
1305031464.3597 -1.1773 -0.7779 0.4743 -0.0664 0.5002 0.5179 0.6908
1305031464.3956 -1.1824 -0.7713 0.4514 -0.0615 0.4967 0.5100 0.6996
1305031464.4276 -1.1865 -0.7686 0.4350 -0.0629 0.4970 0.5014 0.7055
1305031464.4597 -1.1858 -0.7738 0.4181 -0.0642 0.4959 0.4945 0.7109
1305031464.4956 -1.1888 -0.7698 0.3963 -0.0630 0.4943 0.4886 0.7162
1305031464.5276 -1.1948 -0.7705 0.3795 -0.0645 0.4952 0.4814 0.7203
1305031464.5597 -1.1936 -0.7700 0.3569 -0.0703 0.4915 0.4734 0.7276
1305031464.5957 -1.1812 -0.7771 0.3237 -0.0757 0.4930 0.4646 0.7317
1305031464.6277 -1.1817 -0.7800 0.3003 -0.0753 0.5049 0.4525 0.7312
1305031464.6597 -1.1804 -0.7822 0.2822 -0.0773 0.5168 0.4371 0.7320
1305031464.6957 -1.1659 -0.7936 0.2625 -0.0795 0.5275 0.4189 0.7348
1305031464.7277 -1.1686 -0.7964 0.2586 -0.0731 0.5394 0.3967 0.7391
1305031464.7597 -1.1781 -0.7892 0.2544 -0.0680 0.5435 0.3749 0.7480
1305031464.7960 -1.1696 -0.7954 0.2540 -0.0687 0.5416 0.3579 0.7576
1305031464.8278 -1.1663 -0.7954 0.2566 -0.0609 0.5358 0.3427 0.7693
1305031464.8597 -1.1708 -0.7790 0.2494 -0.0525 0.5235 0.3281 0.7845
1305031464.8958 -1.1651 -0.7664 0.2363 -0.0547 0.5070 0.3136 0.8010
1305031464.9278 -1.1387 -0.7712 0.2191 -0.0633 0.4918 0.2998 0.8150
1305031464.9598 -1.1161 -0.7708 0.2056 -0.0667 0.4845 0.2845 0.8245
1305031464.9957 -1.1045 -0.7578 0.1956 -0.0671 0.4821 0.2663 0.8320
1305031465.0278 -1.0919 -0.7471 0.2013 -0.0721 0.4814 0.2456 0.8383
1305031465.0597 -1.0939 -0.7240 0.2216 -0.0702 0.4798 0.2249 0.8451
1305031465.0957 -1.1080 -0.6780 0.2276 -0.0703 0.4684 0.2113 0.8550
1305031465.1277 -1.0966 -0.6540 0.2300 -0.0861 0.4502 0.2056 0.8647
1305031465.1598 -1.0796 -0.6388 0.2379 -0.1011 0.4342 0.2052 0.8713
1305031465.1956 -1.0630 -0.6206 0.2415 -0.1113 0.4199 0.2044 0.8772
1305031465.2279 -1.0555 -0.5938 0.2459 -0.1192 0.4087 0.2038 0.8816
1305031465.2598 -1.0384 -0.5811 0.2562 -0.1288 0.3982 0.2084 0.8840
1305031465.3277 -1.0288 -0.5364 0.2668 -0.1234 0.3817 0.2324 0.8860
1305031465.3956 -1.0049 -0.5091 0.2586 -0.1100 0.3544 0.2569 0.8924
1305031465.4277 -0.9949 -0.4875 0.2418 -0.0984 0.3431 0.2673 0.8951
1305031465.4601 -0.9937 -0.4645 0.2282 -0.0864 0.3358 0.2787 0.8956
1305031465.4957 -0.9930 -0.4401 0.2139 -0.0801 0.3268 0.2881 0.8966
1305031465.5276 -0.9799 -0.4322 0.2028 -0.0799 0.3174 0.2933 0.8982
1305031465.5598 -0.9754 -0.4151 0.1860 -0.0700 0.3118 0.2970 0.8998
1305031465.5956 -0.9747 -0.3923 0.1669 -0.0597 0.3096 0.3030 0.8993
1305031465.6277 -0.9800 -0.3766 0.1553 -0.0516 0.3096 0.3095 0.8976
1305031465.6601 -0.9816 -0.3608 0.1413 -0.0425 0.3035 0.3158 0.8980
1305031465.6957 -0.9762 -0.3356 0.1195 -0.0316 0.2970 0.3207 0.8989
1305031465.7277 -0.9779 -0.3143 0.1032 -0.0208 0.2969 0.3261 0.8972
1305031465.7598 -0.9821 -0.2889 0.0869 -0.0091 0.2957 0.3312 0.8960
1305031465.7959 -0.9803 -0.2635 0.0710 -0.0006 0.2939 0.3350 0.8952
1305031465.8280 -0.9773 -0.2448 0.0554 0.0088 0.2935 0.3373 0.8944
1305031465.8599 -0.9852 -0.2123 0.0381 0.0226 0.2955 0.3367 0.8938
1305031465.8955 -0.9854 -0.1802 0.0236 0.0261 0.2995 0.3374 0.8921
1305031465.9275 -0.9805 -0.1612 0.0091 0.0279 0.3067 0.3366 0.8898
1305031465.9597 -0.9866 -0.1374 -0.0050 0.0346 0.3173 0.3308 0.8881
1305031465.9958 -0.9988 -0.1167 -0.0142 0.0375 0.3270 0.3238 0.8870
1305031466.0276 -1.0104 -0.0935 -0.0243 0.0416 0.3317 0.3194 0.8867
1305031466.0598 -1.0224 -0.0697 -0.0335 0.0405 0.3340 0.3200 0.8857
1305031466.0958 -1.0314 -0.0530 -0.0436 0.0368 0.3319 0.3220 0.8859
1305031466.1276 -1.0387 -0.0359 -0.0561 0.0332 0.3263 0.3241 0.8874
1305031466.1604 -1.0493 -0.0224 -0.0692 0.0306 0.3210 0.3276 0.8881
1305031466.1958 -1.0619 -0.0072 -0.0826 0.0272 0.3120 0.3307 0.8902
1305031466.2280 -1.0622 0.0061 -0.0992 0.0188 0.2993 0.3312 0.8946
1305031466.2598 -1.0533 0.0159 -0.1220 0.0138 0.2924 0.3272 0.8985
1305031466.2957 -1.0564 0.0310 -0.1426 0.0111 0.2963 0.3155 0.9014
1305031466.3277 -1.0649 0.0424 -0.1614 0.0050 0.3055 0.3063 0.9016
1305031466.3598 -1.0702 0.0490 -0.1785 -0.0052 0.3115 0.3028 0.9007
1305031466.3958 -1.0664 0.0457 -0.1961 -0.0104 0.3134 0.3004 0.9008
1305031466.4278 -1.0775 0.0548 -0.2129 -0.0052 0.3146 0.2937 0.9026
1305031466.4598 -1.0829 0.0698 -0.2300 -0.0042 0.3097 0.2900 0.9055
1305031466.4958 -1.0783 0.0846 -0.2484 -0.0065 0.3036 0.2909 0.9073
1305031466.5275 -1.0686 0.0986 -0.2670 -0.0087 0.3025 0.2919 0.9073
1305031466.5604 -1.0729 0.1149 -0.2823 -0.0111 0.3062 0.2900 0.9066
1305031466.5959 -1.0712 0.1312 -0.2968 -0.0189 0.3038 0.2898 0.9074
1305031466.6275 -1.0495 0.1392 -0.3127 -0.0275 0.3000 0.2897 0.9085
1305031466.6597 -1.0453 0.1501 -0.3301 -0.0250 0.3042 0.2829 0.9093
1305031466.6958 -1.0529 0.1695 -0.3431 -0.0248 0.3053 0.2743 0.9116
1305031466.7281 -1.0418 0.1827 -0.3558 -0.0326 0.2992 0.2686 0.9150
1305031466.7596 -1.0258 0.1900 -0.3680 -0.0343 0.2979 0.2616 0.9174
1305031466.7956 -1.0301 0.2038 -0.3843 -0.0289 0.2994 0.2535 0.9194
1305031466.8279 -1.0284 0.2165 -0.3978 -0.0304 0.2947 0.2519 0.9213
1305031466.8597 -1.0192 0.2206 -0.4057 -0.0311 0.2888 0.2536 0.9227
1305031466.8957 -1.0166 0.2281 -0.4206 -0.0249 0.2795 0.2521 0.9261
1305031466.9278 -1.0107 0.2358 -0.4387 -0.0211 0.2658 0.2506 0.9307
1305031466.9597 -1.0003 0.2452 -0.4522 -0.0177 0.2561 0.2492 0.9338
1305031466.9957 -0.9940 0.2545 -0.4688 -0.0160 0.2511 0.2462 0.9360
1305031467.0278 -0.9883 0.2618 -0.4823 -0.0159 0.2471 0.2422 0.9381
1305031467.0597 -0.9828 0.2703 -0.4970 -0.0159 0.2445 0.2390 0.9396
1305031467.0957 -0.9778 0.2798 -0.5092 -0.0184 0.2423 0.2350 0.9411
1305031467.1290 -0.9715 0.2876 -0.5164 -0.0199 0.2392 0.2257 0.9442
1305031467.1597 -0.9671 0.2947 -0.5281 -0.0195 0.2364 0.2179 0.9467
1305031467.1957 -0.9640 0.3013 -0.5398 -0.0183 0.2321 0.2134 0.9488
1305031467.2277 -0.9597 0.3079 -0.5507 -0.0170 0.2259 0.2080 0.9515
1305031467.2597 -0.9543 0.3152 -0.5608 -0.0152 0.2212 0.2026 0.9538
1305031467.2958 -0.9509 0.3226 -0.5733 -0.0133 0.2166 0.1959 0.9563
1305031467.3280 -0.9488 0.3303 -0.5866 -0.0116 0.2116 0.1911 0.9584
1305031467.3597 -0.9471 0.3393 -0.6008 -0.0121 0.2047 0.1906 0.9600
1305031467.3958 -0.9436 0.3466 -0.6117 -0.0157 0.1965 0.1877 0.9622
1305031467.4278 -0.9376 0.3533 -0.6199 -0.0160 0.1906 0.1845 0.9640
1305031467.4597 -0.9356 0.3614 -0.6343 -0.0137 0.1844 0.1828 0.9656
1305031467.4961 -0.9336 0.3705 -0.6506 -0.0163 0.1766 0.1798 0.9676
1305031467.5277 -0.9272 0.3801 -0.6572 -0.0203 0.1723 0.1752 0.9691
1305031467.5598 -0.9187 0.3862 -0.6640 -0.0201 0.1711 0.1731 0.9697
1305031467.5960 -0.9142 0.3915 -0.6748 -0.0193 0.1699 0.1745 0.9697
1305031467.6275 -0.9026 0.3927 -0.6766 -0.0164 0.1659 0.1768 0.9700
1305031467.6596 -0.8930 0.3938 -0.6842 -0.0090 0.1631 0.1777 0.9704
1305031467.6959 -0.8866 0.3972 -0.6936 -0.0062 0.1612 0.1740 0.9714
1305031467.7275 -0.8723 0.4007 -0.6891 -0.0030 0.1601 0.1678 0.9727
1305031467.7599 -0.8615 0.4025 -0.6909 0.0023 0.1600 0.1633 0.9735
1305031467.7961 -0.8507 0.4070 -0.6910 0.0067 0.1587 0.1585 0.9745
1305031467.8278 -0.8326 0.4072 -0.6798 0.0116 0.1574 0.1562 0.9750
1305031467.8597 -0.8182 0.4069 -0.6736 0.0203 0.1558 0.1562 0.9752
1305031467.8959 -0.8082 0.4102 -0.6696 0.0280 0.1512 0.1538 0.9761
1305031467.9278 -0.7878 0.4107 -0.6593 0.0323 0.1437 0.1500 0.9776
1305031467.9598 -0.7672 0.4086 -0.6498 0.0390 0.1399 0.1467 0.9785
1305031467.9958 -0.7546 0.4185 -0.6445 0.0442 0.1388 0.1421 0.9791
1305031468.0281 -0.7342 0.4153 -0.6281 0.0416 0.1377 0.1399 0.9797
1305031468.0598 -0.7169 0.4092 -0.6156 0.0453 0.1373 0.1356 0.9802
1305031468.0959 -0.7038 0.4140 -0.6086 0.0493 0.1352 0.1321 0.9807
1305031468.1278 -0.6824 0.4105 -0.5953 0.0483 0.1324 0.1317 0.9812
1305031468.1599 -0.6645 0.4088 -0.5855 0.0501 0.1312 0.1278 0.9818
1305031468.1960 -0.6458 0.4078 -0.5772 0.0494 0.1303 0.1242 0.9824
1305031468.2282 -0.6259 0.4019 -0.5662 0.0477 0.1311 0.1251 0.9823
1305031468.2598 -0.6062 0.3985 -0.5577 0.0479 0.1330 0.1265 0.9818
1305031468.2958 -0.5879 0.3926 -0.5496 0.0464 0.1354 0.1266 0.9816
1305031468.3278 -0.5657 0.3811 -0.5417 0.0468 0.1379 0.1284 0.9810
1305031468.3598 -0.5518 0.3786 -0.5396 0.0514 0.1425 0.1312 0.9797
1305031468.4598 -0.5022 0.3492 -0.5343 0.0438 0.1410 0.1370 0.9795
1305031468.5278 -0.4713 0.3236 -0.5279 0.0375 0.1425 0.1334 0.9801
1305031468.5597 -0.4603 0.3081 -0.5261 0.0400 0.1437 0.1236 0.9811
1305031468.6596 -0.4351 0.2622 -0.5190 0.0327 0.1371 0.1178 0.9830
1305031468.6958 -0.4264 0.2452 -0.5162 0.0368 0.1320 0.1132 0.9841
1305031468.7278 -0.4193 0.2353 -0.5133 0.0429 0.1271 0.1102 0.9848
1305031468.7596 -0.4106 0.2246 -0.5086 0.0458 0.1228 0.1093 0.9853
1305031468.7958 -0.3986 0.2052 -0.5039 0.0472 0.1204 0.1038 0.9862
1305031468.8292 -0.3927 0.1946 -0.5008 0.0536 0.1203 0.0952 0.9867
1305031468.9281 -0.3711 0.1774 -0.4879 0.0474 0.1284 0.0940 0.9861
1305031468.9957 -0.3808 0.1823 -0.4793 0.0298 0.1348 0.0991 0.9855
1305031469.0598 -0.3690 0.1582 -0.4623 -0.0071 0.1285 0.0985 0.9868
1305031469.1597 -0.3342 0.1534 -0.4358 -0.0498 0.1273 0.0837 0.9871
1305031469.2278 -0.3278 0.1388 -0.4124 -0.0705 0.1392 0.0802 0.9845
1305031469.2968 -0.3158 0.1409 -0.3898 -0.0828 0.1419 0.0773 0.9834
1305031469.3276 -0.3146 0.1452 -0.3787 -0.0882 0.1439 0.0770 0.9826
1305031469.3596 -0.2989 0.1506 -0.3678 -0.0966 0.1430 0.0751 0.9821
1305031469.3957 -0.2885 0.1517 -0.3554 -0.1036 0.1512 0.0706 0.9805
1305031469.4277 -0.2891 0.1613 -0.3436 -0.1067 0.1630 0.0641 0.9787
1305031469.4597 -0.2901 0.1684 -0.3282 -0.1117 0.1724 0.0569 0.9770
1305031469.4957 -0.2966 0.1762 -0.3094 -0.1140 0.1797 0.0531 0.9756
1305031469.5276 -0.2996 0.1890 -0.2965 -0.1150 0.1799 0.0535 0.9755
1305031469.5596 -0.2973 0.2011 -0.2841 -0.1192 0.1772 0.0550 0.9754
1305031469.6596 -0.2903 0.2299 -0.2438 -0.1405 0.1741 0.0639 0.9725
1305031469.7596 -0.2989 0.2667 -0.2041 -0.1534 0.1835 0.0738 0.9682
1305031469.9279 -0.3409 0.3200 -0.1257 -0.1706 0.1783 0.0954 0.9644
1305031470.1276 -0.4181 0.3654 -0.0570 -0.1750 0.1699 0.1100 0.9635
1305031470.2957 -0.4966 0.3899 -0.0113 -0.1827 0.1671 0.1307 0.9600
1305031470.4597 -0.5751 0.4016 0.0351 -0.1880 0.1619 0.1460 0.9577
1305031470.6597 -0.6472 0.3944 0.0758 -0.1876 0.1630 0.1609 0.9552
1305031470.6956 -0.6584 0.3946 0.0837 -0.1875 0.1631 0.1646 0.9545
1305031470.7277 -0.6652 0.3912 0.0919 -0.1879 0.1619 0.1668 0.9543
1305031470.7597 -0.6720 0.3885 0.0946 -0.1888 0.1640 0.1703 0.9531
1305031470.7956 -0.6810 0.3897 0.1029 -0.1887 0.1692 0.1749 0.9514
1305031470.8278 -0.6889 0.3873 0.1100 -0.1840 0.1717 0.1787 0.9512
1305031470.8596 -0.6963 0.3827 0.1153 -0.1789 0.1737 0.1816 0.9512
1305031470.8957 -0.7056 0.3784 0.1197 -0.1735 0.1756 0.1853 0.9512
1305031470.9277 -0.7123 0.3744 0.1260 -0.1672 0.1750 0.1880 0.9519
1305031470.9596 -0.7176 0.3667 0.1308 -0.1585 0.1749 0.1883 0.9533
1305031470.9960 -0.7234 0.3635 0.1322 -0.1486 0.1764 0.1884 0.9546
1305031471.0276 -0.7274 0.3566 0.1357 -0.1414 0.1802 0.1882 0.9550
1305031471.0596 -0.7342 0.3493 0.1388 -0.1330 0.1872 0.1898 0.9546
1305031471.0958 -0.7426 0.3449 0.1412 -0.1231 0.1927 0.1935 0.9541
1305031471.1277 -0.7472 0.3382 0.1439 -0.1164 0.1946 0.1983 0.9536
1305031471.1596 -0.7519 0.3336 0.1439 -0.1095 0.1970 0.2026 0.9530
1305031471.1957 -0.7571 0.3305 0.1453 -0.1056 0.2011 0.2075 0.9515
1305031471.2276 -0.7630 0.3264 0.1487 -0.1046 0.2054 0.2121 0.9497
1305031471.2597 -0.7658 0.3204 0.1524 -0.1058 0.2069 0.2157 0.9484
1305031471.2961 -0.7672 0.3148 0.1553 -0.1049 0.2088 0.2200 0.9471
1305031471.3276 -0.7691 0.3121 0.1544 -0.1014 0.2128 0.2222 0.9461
1305031471.3596 -0.7730 0.3109 0.1545 -0.1012 0.2204 0.2242 0.9439
1305031471.3957 -0.7754 0.3017 0.1586 -0.1042 0.2282 0.2292 0.9405
1305031471.4277 -0.7828 0.2965 0.1602 -0.0996 0.2343 0.2343 0.9382
1305031471.4596 -0.7878 0.2941 0.1599 -0.0968 0.2348 0.2388 0.9373
1305031471.5276 -0.7948 0.2872 0.1617 -0.0959 0.2364 0.2473 0.9348
1305031471.5597 -0.7976 0.2856 0.1608 -0.0957 0.2376 0.2492 0.9340
1305031471.5957 -0.8007 0.2826 0.1602 -0.0967 0.2420 0.2514 0.9321
1305031471.6276 -0.8026 0.2790 0.1585 -0.0982 0.2456 0.2537 0.9304
1305031471.6596 -0.8042 0.2752 0.1567 -0.0992 0.2489 0.2560 0.9288
1305031472.1596 -0.8113 0.2228 0.1554 -0.1407 0.2630 0.2649 0.9170
1305031472.3277 -0.8199 0.2220 0.1601 -0.1170 0.2745 0.2703 0.9154
1305031472.5957 -0.8109 0.2048 0.1570 -0.1044 0.2731 0.2741 0.9162
1305031472.8276 -0.7881 0.1918 0.1539 -0.0959 0.2727 0.2735 0.9174
