1305031453.3917 0.0000 0.0000 0.0000 0.0000 0.0000 0.0000 1.0000
1305031453.5237 0.0126 0.0226 -0.0470 0.0179 0.0221 0.0365 0.9989
1305031453.6277 0.0083 0.0401 -0.0849 0.0380 0.0287 0.0537 0.9974
1305031453.7277 -0.0013 0.0652 -0.1210 0.0570 0.0132 0.0450 0.9973
1305031453.8597 -0.0274 0.0857 -0.1632 0.0668 -0.0264 0.0174 0.9973
1305031453.9277 -0.0425 0.1048 -0.1805 0.0671 -0.0617 0.0063 0.9958
1305031453.9596 -0.0484 0.1126 -0.1792 0.0673 -0.0775 -0.0024 0.9947
1305031453.9916 -0.0479 0.1152 -0.1816 0.0666 -0.0921 -0.0125 0.9934
1305031454.0277 -0.0593 0.1169 -0.1815 0.0678 -0.1041 -0.0186 0.9921
1305031454.0597 -0.0716 0.1283 -0.1859 0.0714 -0.1143 -0.0271 0.9905
1305031454.0917 -0.0831 0.1310 -0.1836 0.0724 -0.1254 -0.0355 0.9888
1305031454.1277 -0.1032 0.1399 -0.1802 0.0781 -0.1362 -0.0444 0.9866
1305031454.1597 -0.1318 0.1501 -0.1827 0.0810 -0.1444 -0.0558 0.9846
1305031454.1917 -0.1510 0.1628 -0.1806 0.0839 -0.1568 -0.0672 0.9818
1305031454.2277 -0.1952 0.1727 -0.1690 0.0899 -0.1625 -0.0814 0.9792
1305031454.2596 -0.2056 0.1645 -0.1726 0.0912 -0.1748 -0.0969 0.9756
1305031454.2916 -0.2191 0.1733 -0.1717 0.0918 -0.1825 -0.1053 0.9732
1305031454.3277 -0.2299 0.1725 -0.1729 0.0923 -0.1917 -0.1172 0.9700
1305031454.3596 -0.2403 0.1675 -0.1740 0.0932 -0.2035 -0.1269 0.9663
1305031454.3917 -0.2519 0.1787 -0.1660 0.0982 -0.2107 -0.1387 0.9627
1305031454.4275 -0.2655 0.1831 -0.1671 0.0994 -0.2205 -0.1474 0.9590
1305031454.4599 -0.2716 0.1873 -0.1706 0.1020 -0.2311 -0.1575 0.9547
1305031454.4916 -0.2688 0.1928 -0.1568 0.1049 -0.2412 -0.1689 0.9499
1305031454.5277 -0.2761 0.2112 -0.1567 0.1109 -0.2460 -0.1828 0.9454
1305031454.5596 -0.2701 0.2210 -0.1623 0.1102 -0.2542 -0.1941 0.9410
1305031454.5916 -0.2757 0.2341 -0.1587 0.1120 -0.2645 -0.2039 0.9359
1305031454.6276 -0.2879 0.2458 -0.1517 0.1142 -0.2763 -0.2148 0.9298
1305031454.6595 -0.2942 0.2624 -0.1359 0.1140 -0.2905 -0.2184 0.9246
1305031454.6919 -0.3015 0.2844 -0.1353 0.1160 -0.3002 -0.2274 0.9191
1305031454.7277 -0.3051 0.2893 -0.1314 0.1143 -0.3136 -0.2324 0.9136
1305031454.7597 -0.3116 0.2934 -0.1158 0.1093 -0.3216 -0.2268 0.9128
1305031454.7916 -0.3139 0.2991 -0.1168 0.1062 -0.3222 -0.2216 0.9142
1305031454.8276 -0.3061 0.3012 -0.1110 0.0990 -0.3264 -0.2133 0.9155
1305031454.8596 -0.3068 0.2986 -0.0954 0.0899 -0.3296 -0.2052 0.9172
1305031454.8918 -0.3089 0.3009 -0.0962 0.0851 -0.3259 -0.2005 0.9200
1305031454.9276 -0.3051 0.3065 -0.0891 0.0792 -0.3259 -0.1928 0.9222
1305031454.9596 -0.3054 0.3067 -0.0867 0.0734 -0.3245 -0.1872 0.9243
1305031454.9919 -0.3072 0.3044 -0.0845 0.0679 -0.3248 -0.1829 0.9254
1305031455.0278 -0.3099 0.3140 -0.0890 0.0690 -0.3229 -0.1805 0.9265
1305031455.0596 -0.3103 0.3187 -0.0895 0.0685 -0.3220 -0.1786 0.9272
1305031455.0917 -0.3131 0.3248 -0.0912 0.0702 -0.3202 -0.1778 0.9279
1305031455.1277 -0.3158 0.3297 -0.0950 0.0708 -0.3175 -0.1780 0.9287
1305031455.1597 -0.3209 0.3321 -0.1005 0.0686 -0.3144 -0.1751 0.9305
1305031455.1917 -0.3257 0.3360 -0.1036 0.0657 -0.3123 -0.1716 0.9321
1305031455.2276 -0.3308 0.3404 -0.1031 0.0659 -0.3114 -0.1679 0.9330
1305031455.2596 -0.3326 0.3452 -0.1070 0.0627 -0.3093 -0.1628 0.9348
1305031455.2918 -0.3394 0.3378 -0.1083 0.0501 -0.3081 -0.1553 0.9372
1305031455.3278 -0.3496 0.3438 -0.1211 0.0449 -0.3037 -0.1456 0.9405
1305031455.3596 -0.3558 0.3560 -0.1151 0.0404 -0.3038 -0.1394 0.9416
1305031455.3917 -0.3567 0.3496 -0.1137 0.0261 -0.3033 -0.1320 0.9434
1305031455.4276 -0.3650 0.3481 -0.1178 0.0183 -0.2995 -0.1250 0.9457
1305031455.4596 -0.3772 0.3504 -0.1266 0.0155 -0.2952 -0.1200 0.9477
1305031455.4916 -0.3894 0.3510 -0.1406 0.0097 -0.2902 -0.1116 0.9504
1305031455.5276 -0.3982 0.3405 -0.1488 0.0005 -0.2895 -0.1001 0.9519
1305031455.5597 -0.4176 0.3495 -0.1643 0.0009 -0.2872 -0.0883 0.9538
1305031455.5916 -0.4328 0.3543 -0.1813 -0.0021 -0.2859 -0.0754 0.9553
1305031455.6276 -0.4425 0.3419 -0.1912 -0.0113 -0.2855 -0.0650 0.9561
1305031455.6596 -0.4557 0.3424 -0.2019 -0.0089 -0.2833 -0.0591 0.9572
1305031455.6916 -0.4694 0.3436 -0.2129 -0.0063 -0.2808 -0.0593 0.9579
1305031455.7276 -0.4771 0.3409 -0.2242 -0.0048 -0.2783 -0.0622 0.9585
1305031455.7597 -0.4831 0.3388 -0.2314 -0.0046 -0.2758 -0.0636 0.9591
1305031455.7917 -0.4895 0.3301 -0.2378 -0.0053 -0.2736 -0.0624 0.9598
1305031455.8276 -0.5010 0.3282 -0.2531 -0.0041 -0.2694 -0.0616 0.9610
1305031455.8595 -0.5057 0.3241 -0.2609 -0.0048 -0.2691 -0.0618 0.9611
1305031455.8917 -0.5094 0.3223 -0.2713 -0.0043 -0.2672 -0.0619 0.9616
1305031455.9280 -0.5142 0.3185 -0.2784 -0.0051 -0.2653 -0.0620 0.9622
1305031455.9597 -0.5183 0.3175 -0.2866 -0.0045 -0.2631 -0.0631 0.9627
1305031455.9917 -0.5202 0.3151 -0.2911 -0.0060 -0.2617 -0.0638 0.9630
1305031456.0278 -0.5246 0.3148 -0.3014 -0.0085 -0.2573 -0.0690 0.9638
1305031456.0597 -0.5356 0.2961 -0.3047 -0.0211 -0.2534 -0.0760 0.9641
1305031456.0917 -0.5398 0.2903 -0.3082 -0.0241 -0.2515 -0.0786 0.9644
1305031456.1276 -0.5445 0.2854 -0.3126 -0.0255 -0.2492 -0.0792 0.9649
1305031456.1597 -0.5479 0.2830 -0.3099 -0.0249 -0.2474 -0.0798 0.9653
1305031456.1917 -0.5530 0.2744 -0.3096 -0.0226 -0.2426 -0.0772 0.9668
1305031456.2277 -0.5594 0.2777 -0.3150 -0.0203 -0.2345 -0.0747 0.9690
1305031456.2917 -0.5754 0.2541 -0.3138 -0.0249 -0.2146 -0.0652 0.9742
1305031456.3277 -0.5856 0.2469 -0.3090 -0.0240 -0.2048 -0.0566 0.9769
1305031456.3916 -0.5999 0.2310 -0.3048 -0.0253 -0.1835 -0.0461 0.9816
1305031456.4277 -0.6036 0.2319 -0.2999 -0.0215 -0.1777 -0.0343 0.9832
1305031456.4917 -0.6428 0.2443 -0.2998 -0.0254 -0.1687 -0.0218 0.9851
1305031456.5276 -0.6669 0.2515 -0.2929 -0.0265 -0.1660 -0.0195 0.9856
1305031456.5917 -0.6843 0.2526 -0.2852 -0.0284 -0.1630 -0.0112 0.9862
1305031456.6276 -0.6898 0.2560 -0.2813 -0.0431 -0.1606 -0.0077 0.9860
1305031456.6916 -0.7296 0.2532 -0.2627 -0.0528 -0.1490 0.0063 0.9874
1305031456.8276 -0.7916 0.2669 -0.2380 -0.0610 -0.1604 0.0351 0.9845
1305031457.0917 -0.8826 0.2760 -0.2100 -0.0951 -0.1308 0.0728 0.9842
1305031457.2917 -0.9417 0.2381 -0.2524 -0.1044 -0.0881 0.1050 0.9850
1305031457.3917 -0.9735 0.2257 -0.2872 -0.0998 -0.0554 0.1241 0.9857
1305031457.4917 -1.0165 0.2168 -0.3212 -0.0936 -0.0371 0.1410 0.9849
1305031457.5597 -1.0360 0.2039 -0.3467 -0.0875 -0.0267 0.1495 0.9845
1305031457.6596 -1.0695 0.1976 -0.3846 -0.0777 -0.0171 0.1640 0.9832
1305031457.7596 -1.1064 0.1674 -0.4014 -0.0824 -0.0108 0.1623 0.9832
1305031457.7916 -1.1065 0.1472 -0.4073 -0.0768 -0.0071 0.1629 0.9836
1305031457.8596 -1.1251 0.1339 -0.4256 -0.0653 0.0088 0.1648 0.9841
1305031457.8916 -1.1298 0.1056 -0.4252 -0.0635 0.0149 0.1639 0.9843
1305031457.9276 -1.1349 0.0985 -0.4342 -0.0520 0.0185 0.1705 0.9838
1305031457.9916 -1.1625 0.0742 -0.4419 -0.0425 0.0240 0.1771 0.9830
1305031458.0278 -1.1669 0.0616 -0.4441 -0.0340 0.0278 0.1795 0.9828
1305031458.0597 -1.1747 0.0681 -0.4525 -0.0247 0.0313 0.1848 0.9820
1305031458.1276 -1.1984 0.0605 -0.4449 -0.0255 0.0385 0.1867 0.9813
1305031458.1596 -1.2080 0.0471 -0.4421 -0.0271 0.0404 0.1880 0.9810
1305031458.1916 -1.2252 0.0403 -0.4369 -0.0271 0.0416 0.1920 0.9801
1305031458.2276 -1.2504 0.0260 -0.4142 -0.0356 0.0424 0.1885 0.9805
1305031458.2599 -1.2571 -0.0054 -0.3959 -0.0422 0.0400 0.1869 0.9807
1305031458.2917 -1.2806 -0.0043 -0.3864 -0.0301 0.0385 0.1900 0.9806
1305031458.3276 -1.3013 -0.0066 -0.3740 -0.0274 0.0337 0.1917 0.9805
1305031458.3596 -1.3182 -0.0420 -0.3535 -0.0291 0.0324 0.1892 0.9810
1305031458.3916 -1.3402 -0.0457 -0.3296 -0.0174 0.0343 0.1969 0.9797
1305031458.4276 -1.3450 -0.0411 -0.3151 -0.0096 0.0329 0.2101 0.9771
1305031458.4596 -1.3368 -0.0501 -0.3027 -0.0007 0.0344 0.2189 0.9751
1305031458.4917 -1.3289 -0.0746 -0.2936 0.0106 0.0415 0.2209 0.9743
1305031458.5277 -1.3455 -0.0710 -0.2842 0.0291 0.0538 0.2239 0.9727
1305031458.5596 -1.3604 -0.0583 -0.2727 0.0400 0.0623 0.2203 0.9726
1305031458.5916 -1.3629 -0.0750 -0.2607 0.0422 0.0666 0.2165 0.9731
1305031458.6277 -1.3790 -0.0565 -0.2429 0.0483 0.0679 0.2149 0.9731
1305031458.6596 -1.3879 -0.0679 -0.2315 0.0430 0.0632 0.2160 0.9734
1305031458.6917 -1.4100 -0.0533 -0.1951 0.0463 0.0517 0.2051 0.9763
1305031458.7276 -1.4074 -0.0562 -0.1803 0.0475 0.0366 0.1994 0.9781
1305031458.7599 -1.4239 -0.0556 -0.1590 0.0539 0.0250 0.1905 0.9799
1305031458.7916 -1.4340 -0.0426 -0.1377 0.0597 0.0115 0.1841 0.9810
1305031458.8276 -1.4295 -0.0458 -0.1141 0.0547 0.0012 0.1786 0.9824
1305031458.8917 -1.4261 -0.0571 -0.0901 0.0589 -0.0034 0.1698 0.9837
1305031458.9276 -1.4420 -0.0471 -0.0840 0.0619 0.0041 0.1708 0.9833
1305031458.9596 -1.4497 -0.0595 -0.0765 0.0522 0.0104 0.1802 0.9822
1305031458.9916 -1.4517 -0.0873 -0.0769 0.0475 0.0127 0.1833 0.9818
1305031459.0277 -1.4713 -0.0952 -0.0753 0.0583 0.0132 0.1882 0.9803
1305031459.0596 -1.4917 -0.1147 -0.0756 0.0623 0.0083 0.1986 0.9781
1305031459.1276 -1.4734 -0.1180 -0.0511 0.0651 0.0047 0.2007 0.9775
1305031459.1596 -1.4832 -0.1179 -0.0366 0.0758 -0.0210 0.2035 0.9759
1305031459.1917 -1.4885 -0.1157 -0.0177 0.0829 -0.0415 0.2113 0.9730
1305031459.2276 -1.5007 -0.1101 0.0026 0.0895 -0.0547 0.2171 0.9705
1305031459.2598 -1.5069 -0.1082 0.0257 0.0906 -0.0577 0.2232 0.9688
1305031459.3276 -1.5287 -0.1012 0.0475 0.0843 -0.0236 0.2447 0.9656
1305031459.3597 -1.5382 -0.1001 0.0544 0.0835 0.0004 0.2639 0.9609
1305031459.3917 -1.5652 -0.0896 0.0601 0.0776 0.0319 0.2819 0.9558
1305031459.4276 -1.5572 -0.0845 0.0785 0.0591 0.0601 0.3138 0.9457
1305031459.4597 -1.5640 -0.0921 0.0720 0.0475 0.0942 0.3576 0.9279
1305031459.5276 -1.6082 -0.0406 0.1096 0.0667 0.1297 0.3032 0.9417
1305031459.5596 -1.6163 -0.0537 0.1021 0.0553 0.1437 0.3298 0.9314
1305031459.5917 -1.6259 -0.0532 0.1009 0.0510 0.1481 0.3483 0.9242
1305031459.6276 -1.6348 -0.0508 0.1065 0.0493 0.1479 0.3572 0.9209
1305031459.6596 -1.6434 -0.0454 0.1112 0.0511 0.1527 0.3568 0.9202
1305031459.6916 -1.6608 -0.0510 0.1150 0.0453 0.1658 0.3620 0.9162
1305031459.7276 -1.6665 -0.0631 0.1132 0.0393 0.1702 0.3650 0.9145
1305031459.7917 -1.7005 -0.0887 0.1132 0.0390 0.1810 0.3597 0.9145
1305031459.8277 -1.7152 -0.1040 0.1179 0.0372 0.1818 0.3597 0.9144
1305031459.8597 -1.7345 -0.1194 0.1235 0.0334 0.1839 0.3593 0.9143
1305031459.8916 -1.7482 -0.1342 0.1295 0.0290 0.1817 0.3611 0.9142
1305031459.9276 -1.7563 -0.1492 0.1343 0.0272 0.1784 0.3643 0.9136
1305031459.9917 -1.7703 -0.1808 0.1403 0.0183 0.1734 0.3754 0.9103
1305031460.0276 -1.7752 -0.1931 0.1479 0.0165 0.1732 0.3790 0.9089
1305031460.0597 -1.7884 -0.2176 0.1494 0.0130 0.1762 0.3835 0.9065
1305031460.0917 -1.7963 -0.2368 0.1473 0.0127 0.1697 0.3912 0.9044
1305031460.1277 -1.8021 -0.2401 0.1580 0.0206 0.1599 0.3982 0.9030
1305031460.1597 -1.8144 -0.2541 0.1602 0.0239 0.1547 0.4023 0.9020
1305031460.1916 -1.8165 -0.2552 0.1714 0.0259 0.1466 0.4077 0.9009
1305031460.2278 -1.8171 -0.2566 0.1838 0.0282 0.1471 0.4078 0.9007
1305031460.2917 -1.8294 -0.2713 0.1935 0.0339 0.1654 0.4046 0.8988
1305031460.3275 -1.8267 -0.2798 0.1976 0.0338 0.1698 0.4075 0.8967
1305031460.3916 -1.8294 -0.2906 0.2100 0.0301 0.1874 0.4136 0.8905
1305031460.4275 -1.8245 -0.2962 0.2184 0.0289 0.1942 0.4197 0.8862
1305031460.4596 -1.8251 -0.2964 0.2273 0.0277 0.2060 0.4232 0.8819
1305031460.4915 -1.8297 -0.3085 0.2266 0.0197 0.2203 0.4288 0.8759
1305031460.5276 -1.8251 -0.3244 0.2272 0.0089 0.2308 0.4382 0.8687
1305031460.5596 -1.8303 -0.3394 0.2349 0.0022 0.2426 0.4408 0.8642
1305031460.5919 -1.8267 -0.3440 0.2416 -0.0013 0.2476 0.4433 0.8615
1305031460.6276 -1.8259 -0.3478 0.2460 -0.0027 0.2532 0.4459 0.8585
1305031460.6598 -1.8289 -0.3537 0.2497 -0.0040 0.2576 0.4452 0.8575
1305031460.6917 -1.8291 -0.3596 0.2519 -0.0064 0.2591 0.4464 0.8565
1305031460.7277 -1.8283 -0.3644 0.2564 -0.0095 0.2601 0.4467 0.8560
1305031460.7597 -1.8307 -0.3714 0.2606 -0.0114 0.2636 0.4453 0.8556
1305031460.7917 -1.8326 -0.3799 0.2644 -0.0139 0.2661 0.4449 0.8551
1305031460.8277 -1.8349 -0.3875 0.2691 -0.0176 0.2681 0.4431 0.8553
1305031460.8597 -1.8364 -0.3925 0.2742 -0.0210 0.2707 0.4411 0.8554
1305031460.8918 -1.8357 -0.3995 0.2810 -0.0260 0.2734 0.4391 0.8554
1305031460.9276 -1.8382 -0.4093 0.2849 -0.0299 0.2757 0.4390 0.8546
1305031460.9917 -1.8350 -0.4305 0.2988 -0.0322 0.2803 0.4396 0.8527
1305031461.0276 -1.8366 -0.4394 0.3090 -0.0314 0.2840 0.4401 0.8513
1305031461.0917 -1.8363 -0.4580 0.3303 -0.0325 0.2837 0.4387 0.8521
1305031461.1276 -1.8366 -0.4641 0.3395 -0.0326 0.2854 0.4368 0.8525
1305031461.1597 -1.8316 -0.4747 0.3517 -0.0324 0.2879 0.4349 0.8526
1305031461.1920 -1.8331 -0.4813 0.3599 -0.0317 0.2904 0.4295 0.8545
1305031461.2276 -1.8294 -0.4861 0.3660 -0.0320 0.2910 0.4283 0.8549
1305031461.2596 -1.8312 -0.4878 0.3754 -0.0285 0.2935 0.4249 0.8559
1305031461.2917 -1.8367 -0.4880 0.3862 -0.0248 0.2970 0.4178 0.8582
1305031461.3278 -1.8345 -0.4893 0.3924 -0.0238 0.2992 0.4136 0.8596
1305031461.3597 -1.8352 -0.4886 0.3981 -0.0258 0.3020 0.4112 0.8597
1305031461.3917 -1.8303 -0.4980 0.4062 -0.0335 0.3032 0.4107 0.8593
1305031461.4276 -1.8247 -0.4990 0.4102 -0.0339 0.3027 0.4097 0.8599
1305031461.4598 -1.8279 -0.5018 0.4159 -0.0370 0.3057 0.4095 0.8588
1305031461.4917 -1.8169 -0.5087 0.4173 -0.0408 0.3047 0.4116 0.8580
1305031461.5277 -1.8169 -0.5081 0.4179 -0.0373 0.3059 0.4095 0.8587
1305031461.5597 -1.8074 -0.5022 0.4188 -0.0373 0.3053 0.4074 0.8599
1305031461.5917 -1.7961 -0.4931 0.4061 -0.0375 0.3058 0.4043 0.8612
1305031461.6275 -1.7969 -0.4875 0.4081 -0.0380 0.3133 0.4028 0.8592
1305031461.6596 -1.7922 -0.4809 0.4077 -0.0389 0.3161 0.4023 0.8583
1305031461.6916 -1.7939 -0.4791 0.4092 -0.0402 0.3207 0.4064 0.8546
1305031461.7276 -1.7837 -0.4718 0.4054 -0.0419 0.3187 0.4122 0.8525
1305031461.7597 -1.7794 -0.4672 0.3975 -0.0435 0.3190 0.4145 0.8512
1305031461.7916 -1.7712 -0.4557 0.3861 -0.0456 0.3177 0.4209 0.8484
1305031461.8276 -1.7687 -0.4485 0.3812 -0.0479 0.3228 0.4225 0.8456
1305031461.8598 -1.7694 -0.4325 0.3748 -0.0458 0.3266 0.4313 0.8398
1305031461.8917 -1.7797 -0.4150 0.3820 -0.0459 0.3344 0.4398 0.8323
1305031461.9278 -1.7694 -0.4104 0.3719 -0.0572 0.3275 0.4509 0.8283
1305031461.9597 -1.7566 -0.3884 0.3603 -0.0598 0.3254 0.4558 0.8263
1305031461.9916 -1.7636 -0.3797 0.3581 -0.0696 0.3331 0.4615 0.8193
1305031462.0277 -1.7609 -0.3776 0.3697 -0.0830 0.3342 0.4724 0.8113
1305031462.0598 -1.7599 -0.3677 0.3692 -0.0866 0.3277 0.4858 0.8057
1305031462.0918 -1.7593 -0.3638 0.3711 -0.0930 0.3227 0.4973 0.7999
1305031462.1277 -1.7577 -0.3510 0.3646 -0.0935 0.3158 0.5082 0.7958
1305031462.1596 -1.7524 -0.3343 0.3543 -0.0945 0.3060 0.5170 0.7938
1305031462.1916 -1.7514 -0.3389 0.3599 -0.1046 0.3075 0.5163 0.7924
1305031462.2276 -1.7554 -0.3403 0.3591 -0.1148 0.3083 0.5177 0.7898
1305031462.2598 -1.7605 -0.3384 0.3643 -0.1217 0.3093 0.5146 0.7904
1305031462.2916 -1.7696 -0.3330 0.3680 -0.1279 0.3083 0.5105 0.7925
1305031462.3597 -1.7885 -0.3171 0.3732 -0.1389 0.3075 0.4991 0.7981
1305031462.4599 -1.8000 -0.2932 0.3921 -0.1657 0.2835 0.4957 0.8040
1305031462.7277 -1.8676 -0.2697 0.4199 -0.1809 0.2729 0.4320 0.8403
1305031462.9597 -1.8840 -0.2457 0.4079 -0.1958 0.2630 0.3950 0.8582
1305031463.0598 -1.8844 -0.2368 0.3749 -0.1846 0.2558 0.3790 0.8700
1305031463.1598 -1.8851 -0.2208 0.3379 -0.1747 0.2504 0.3521 0.8848
1305031463.2600 -1.8805 -0.1949 0.3114 -0.1648 0.2505 0.3333 0.8939
1305031463.4277 -1.8659 -0.1491 0.2987 -0.1475 0.2487 0.3183 0.9028
1305031463.5277 -1.8506 -0.1004 0.2787 -0.1329 0.2611 0.3058 0.9059
1305031463.6276 -1.8390 -0.0700 0.2602 -0.1193 0.2735 0.2924 0.9086
1305031463.6956 -1.8198 -0.0656 0.2278 -0.1086 0.2746 0.2871 0.9112
1305031463.7597 -1.7864 -0.0670 0.2011 -0.1048 0.2762 0.2761 0.9146
1305031463.8278 -1.7574 -0.0777 0.1583 -0.1045 0.2730 0.2580 0.9208
1305031463.8599 -1.7373 -0.0908 0.1388 -0.1065 0.2722 0.2468 0.9239
1305031463.8956 -1.7352 -0.0942 0.1163 -0.1028 0.2735 0.2358 0.9268
1305031463.9597 -1.7058 -0.1162 0.0796 -0.1043 0.2640 0.2266 0.9317
1305031463.9958 -1.7037 -0.1188 0.0684 -0.0988 0.2634 0.2142 0.9354
1305031464.0277 -1.7041 -0.1195 0.0552 -0.0952 0.2638 0.2061 0.9375
1305031464.0597 -1.6890 -0.1393 0.0391 -0.1006 0.2603 0.1964 0.9400
1305031464.0956 -1.6863 -0.1483 0.0231 -0.0973 0.2619 0.1835 0.9425
1305031464.1277 -1.6881 -0.1626 0.0171 -0.0986 0.2636 0.1770 0.9431
1305031464.1598 -1.6855 -0.1701 0.0123 -0.0927 0.2624 0.1750 0.9444
1305031464.1956 -1.6803 -0.1772 -0.0012 -0.0813 0.2562 0.1711 0.9479
1305031464.2276 -1.6901 -0.1793 -0.0083 -0.0700 0.2505 0.1629 0.9518
1305031464.2596 -1.6848 -0.1851 -0.0146 -0.0669 0.2349 0.1638 0.9558
1305031464.2957 -1.6869 -0.1974 -0.0166 -0.0686 0.2221 0.1579 0.9597
1305031464.3279 -1.6648 -0.1963 -0.0314 -0.0673 0.2036 0.1524 0.9648
1305031464.3597 -1.6536 -0.2078 -0.0427 -0.0663 0.1946 0.1462 0.9677
1305031464.3956 -1.6439 -0.2016 -0.0500 -0.0598 0.1897 0.1369 0.9704
1305031464.4276 -1.6397 -0.2024 -0.0613 -0.0585 0.1894 0.1277 0.9718
1305031464.4597 -1.6424 -0.2125 -0.0706 -0.0579 0.1899 0.1202 0.9727
1305031464.4956 -1.6322 -0.2115 -0.0833 -0.0561 0.1869 0.1135 0.9742
1305031464.5276 -1.6249 -0.2211 -0.1043 -0.0576 0.1861 0.1071 0.9750
1305031464.5597 -1.6089 -0.2277 -0.1134 -0.0607 0.1821 0.0984 0.9765
1305031464.5957 -1.5788 -0.2506 -0.1375 -0.0622 0.1810 0.0871 0.9776
1305031464.6277 -1.5694 -0.2571 -0.1505 -0.0515 0.1928 0.0776 0.9768
1305031464.6597 -1.5586 -0.2677 -0.1652 -0.0422 0.2028 0.0660 0.9761
1305031464.6957 -1.5301 -0.3098 -0.1802 -0.0380 0.2066 0.0516 0.9763
1305031464.7277 -1.5310 -0.3134 -0.1906 -0.0209 0.2105 0.0344 0.9768
1305031464.7597 -1.5255 -0.3135 -0.2090 -0.0075 0.2073 0.0196 0.9781
1305031464.7960 -1.5279 -0.3312 -0.2151 -0.0042 0.2026 -0.0002 0.9792
1305031464.8278 -1.5280 -0.3125 -0.1952 0.0118 0.1917 -0.0139 0.9813
1305031464.8597 -1.5185 -0.2975 -0.1873 0.0206 0.1735 -0.0308 0.9841
1305031464.8958 -1.4995 -0.3042 -0.1901 0.0165 0.1530 -0.0479 0.9869
1305031464.9278 -1.4704 -0.3173 -0.1953 0.0121 0.1356 -0.0654 0.9885
1305031464.9598 -1.4603 -0.3503 -0.1859 0.0082 0.1301 -0.0824 0.9880
1305031464.9957 -1.4471 -0.3425 -0.1745 0.0155 0.1271 -0.1003 0.9867
1305031465.0278 -1.4493 -0.3424 -0.1672 0.0186 0.1277 -0.1219 0.9841
1305031465.0597 -1.4664 -0.3161 -0.1515 0.0276 0.1274 -0.1456 0.9807
1305031465.0957 -1.4403 -0.2939 -0.1358 0.0245 0.1116 -0.1625 0.9801
1305031465.1277 -1.4190 -0.2984 -0.1135 0.0043 0.0973 -0.1751 0.9797
1305031465.1598 -1.4074 -0.3056 -0.0950 -0.0166 0.0856 -0.1805 0.9797
1305031465.1956 -1.3837 -0.3212 -0.0805 -0.0356 0.0718 -0.1856 0.9794
1305031465.2279 -1.3666 -0.3132 -0.0626 -0.0483 0.0630 -0.1924 0.9781
1305031465.2598 -1.3500 -0.3109 -0.0343 -0.0625 0.0558 -0.1907 0.9781
1305031465.3277 -1.3347 -0.2824 -0.0121 -0.0735 0.0419 -0.1710 0.9816
1305031465.3956 -1.3023 -0.2814 0.0095 -0.0826 0.0136 -0.1459 0.9857
1305031465.4277 -1.2770 -0.2704 0.0211 -0.0795 0.0010 -0.1355 0.9876
1305031465.4601 -1.2619 -0.2640 0.0196 -0.0779 -0.0061 -0.1251 0.9891
1305031465.4957 -1.2463 -0.2557 0.0157 -0.0792 -0.0120 -0.1164 0.9900
1305031465.5276 -1.2280 -0.2640 0.0194 -0.0838 -0.0200 -0.1116 0.9900
1305031465.5598 -1.2132 -0.2622 0.0160 -0.0811 -0.0255 -0.1073 0.9906
1305031465.5956 -1.1994 -0.2542 0.0110 -0.0767 -0.0280 -0.1035 0.9913
1305031465.6277 -1.1885 -0.2447 0.0078 -0.0727 -0.0302 -0.0966 0.9922
1305031465.6601 -1.1727 -0.2470 0.0027 -0.0731 -0.0369 -0.0892 0.9926
1305031465.6957 -1.1512 -0.2437 -0.0003 -0.0707 -0.0434 -0.0829 0.9931
1305031465.7277 -1.1362 -0.2306 -0.0047 -0.0633 -0.0459 -0.0773 0.9939
1305031465.7598 -1.1214 -0.2219 -0.0100 -0.0587 -0.0487 -0.0721 0.9945
1305031465.7959 -1.0999 -0.2123 -0.0123 -0.0546 -0.0522 -0.0679 0.9948
1305031465.8280 -1.0836 -0.2146 -0.0195 -0.0513 -0.0547 -0.0630 0.9952
1305031465.8599 -1.0571 -0.2000 -0.0283 -0.0416 -0.0576 -0.0584 0.9958
1305031465.8955 -1.0343 -0.1901 -0.0322 -0.0392 -0.0520 -0.0574 0.9962
1305031465.9275 -1.0096 -0.1859 -0.0330 -0.0355 -0.0466 -0.0566 0.9967
1305031465.9597 -0.9923 -0.1668 -0.0423 -0.0227 -0.0380 -0.0594 0.9973
1305031465.9958 -0.9715 -0.1610 -0.0457 -0.0185 -0.0336 -0.0612 0.9974
1305031466.0276 -0.9423 -0.1568 -0.0478 -0.0163 -0.0367 -0.0623 0.9972
1305031466.0598 -0.9194 -0.1430 -0.0608 -0.0183 -0.0365 -0.0593 0.9974
1305031466.0958 -0.9077 -0.1278 -0.0623 -0.0224 -0.0373 -0.0582 0.9974
1305031466.1276 -0.9004 -0.1068 -0.0762 -0.0240 -0.0385 -0.0602 0.9972
1305031466.1604 -0.8882 -0.0954 -0.0854 -0.0301 -0.0417 -0.0546 0.9972
1305031466.1958 -0.8754 -0.0730 -0.0897 -0.0344 -0.0482 -0.0523 0.9969
1305031466.2280 -0.8545 -0.0684 -0.0872 -0.0479 -0.0579 -0.0545 0.9957
1305031466.2598 -0.8306 -0.0788 -0.0955 -0.0525 -0.0636 -0.0605 0.9948
1305031466.2957 -0.8063 -0.0777 -0.1108 -0.0506 -0.0631 -0.0714 0.9942
1305031466.3277 -0.7864 -0.0804 -0.1271 -0.0527 -0.0556 -0.0769 0.9941
1305031466.3598 -0.7752 -0.0750 -0.1378 -0.0555 -0.0473 -0.0888 0.9934
1305031466.3958 -0.7552 -0.0878 -0.1467 -0.0586 -0.0479 -0.0896 0.9931
1305031466.4278 -0.7488 -0.0865 -0.1574 -0.0552 -0.0493 -0.0929 0.9929
1305031466.4598 -0.7383 -0.0751 -0.1700 -0.0533 -0.0526 -0.0960 0.9926
1305031466.4958 -0.7180 -0.0704 -0.1790 -0.0554 -0.0566 -0.0964 0.9922
1305031466.5275 -0.6898 -0.0757 -0.1880 -0.0574 -0.0573 -0.0970 0.9920
1305031466.5604 -0.6667 -0.0712 -0.1976 -0.0584 -0.0561 -0.1009 0.9916
1305031466.5959 -0.6453 -0.0592 -0.2044 -0.0634 -0.0564 -0.1045 0.9909
1305031466.6275 -0.6203 -0.0779 -0.2013 -0.0725 -0.0571 -0.1081 0.9898
1305031466.6597 -0.5967 -0.0774 -0.2063 -0.0672 -0.0565 -0.1133 0.9897
1305031466.6958 -0.5811 -0.0729 -0.2134 -0.0663 -0.0583 -0.1193 0.9889
1305031466.7281 -0.5644 -0.0710 -0.2166 -0.0722 -0.0599 -0.1305 0.9870
1305031466.7596 -0.5356 -0.0809 -0.2132 -0.0716 -0.0647 -0.1357 0.9860
1305031466.7956 -0.5246 -0.0809 -0.2237 -0.0674 -0.0662 -0.1395 0.9857
1305031466.8279 -0.5046 -0.0672 -0.2307 -0.0666 -0.0703 -0.1394 0.9855
1305031466.8597 -0.4958 -0.0680 -0.2310 -0.0673 -0.0733 -0.1381 0.9854
1305031466.8957 -0.4857 -0.0662 -0.2300 -0.0656 -0.0832 -0.1376 0.9848
1305031466.9278 -0.4620 -0.0739 -0.2392 -0.0677 -0.0993 -0.1378 0.9831
1305031466.9597 -0.4498 -0.0811 -0.2470 -0.0689 -0.1061 -0.1400 0.9820
1305031466.9957 -0.4389 -0.0816 -0.2505 -0.0680 -0.1093 -0.1414 0.9815
1305031467.0278 -0.4305 -0.0817 -0.2534 -0.0675 -0.1114 -0.1443 0.9809
1305031467.0597 -0.4136 -0.0831 -0.2562 -0.0672 -0.1148 -0.1462 0.9803
1305031467.0957 -0.4004 -0.0765 -0.2551 -0.0660 -0.1165 -0.1487 0.9798
1305031467.1290 -0.4003 -0.0763 -0.2523 -0.0662 -0.1161 -0.1555 0.9787
1305031467.1597 -0.3911 -0.0766 -0.2522 -0.0649 -0.1190 -0.1598 0.9778
1305031467.1957 -0.3815 -0.0751 -0.2581 -0.0632 -0.1222 -0.1614 0.9773
1305031467.2277 -0.3759 -0.0770 -0.2614 -0.0634 -0.1257 -0.1658 0.9761
1305031467.2597 -0.3709 -0.0775 -0.2605 -0.0628 -0.1287 -0.1692 0.9751
1305031467.2958 -0.3627 -0.0767 -0.2616 -0.0613 -0.1327 -0.1740 0.9738
1305031467.3280 -0.3553 -0.0757 -0.2683 -0.0603 -0.1356 -0.1773 0.9729
1305031467.3597 -0.3384 -0.0719 -0.2774 -0.0610 -0.1418 -0.1771 0.9720
1305031467.3958 -0.3247 -0.0652 -0.2795 -0.0624 -0.1483 -0.1802 0.9704
1305031467.4278 -0.3197 -0.0675 -0.2812 -0.0634 -0.1505 -0.1819 0.9697
1305031467.4597 -0.3097 -0.0640 -0.2848 -0.0625 -0.1549 -0.1827 0.9689
1305031467.4961 -0.2861 -0.0573 -0.2901 -0.0630 -0.1648 -0.1876 0.9663
1305031467.5277 -0.2746 -0.0519 -0.2885 -0.0638 -0.1678 -0.1917 0.9649
1305031467.5598 -0.2663 -0.0492 -0.2850 -0.0628 -0.1682 -0.1911 0.9650
1305031467.5960 -0.2585 -0.0525 -0.2858 -0.0631 -0.1694 -0.1900 0.9650
1305031467.6275 -0.2509 -0.0486 -0.2793 -0.0604 -0.1734 -0.1885 0.9648
1305031467.6596 -0.2452 -0.0531 -0.2698 -0.0570 -0.1780 -0.1870 0.9644
1305031467.6959 -0.2391 -0.0531 -0.2625 -0.0543 -0.1806 -0.1885 0.9638
1305031467.7275 -0.2340 -0.0560 -0.2557 -0.0502 -0.1831 -0.1945 0.9623
1305031467.7599 -0.2294 -0.0576 -0.2499 -0.0447 -0.1852 -0.1961 0.9619
1305031467.7961 -0.2246 -0.0613 -0.2413 -0.0416 -0.1881 -0.1975 0.9612
1305031467.8278 -0.2288 -0.0751 -0.2253 -0.0399 -0.1895 -0.1987 0.9607
1305031467.8597 -0.2291 -0.0786 -0.2177 -0.0324 -0.1925 -0.1961 0.9610
1305031467.8959 -0.2319 -0.0816 -0.2085 -0.0280 -0.1964 -0.1973 0.9601
1305031467.9278 -0.2341 -0.0773 -0.1907 -0.0232 -0.2007 -0.1995 0.9588
1305031467.9598 -0.2314 -0.0742 -0.1817 -0.0132 -0.2039 -0.2020 0.9578
1305031467.9958 -0.2290 -0.0719 -0.1711 -0.0109 -0.2053 -0.2023 0.9575
1305031468.0281 -0.2228 -0.0756 -0.1438 -0.0107 -0.2073 -0.2056 0.9564
1305031468.0598 -0.2305 -0.0761 -0.1221 -0.0049 -0.2081 -0.2082 0.9557
1305031468.0959 -0.2254 -0.0779 -0.1151 -0.0033 -0.2105 -0.2081 0.9552
1305031468.1278 -0.2257 -0.0815 -0.0977 -0.0033 -0.2116 -0.2085 0.9549
1305031468.1599 -0.2227 -0.0864 -0.0873 -0.0018 -0.2132 -0.2104 0.9541
1305031468.1960 -0.2149 -0.0892 -0.0690 -0.0010 -0.2148 -0.2123 0.9533
1305031468.2282 -0.2087 -0.0943 -0.0482 -0.0005 -0.2159 -0.2130 0.9529
1305031468.2598 -0.1986 -0.1044 -0.0220 -0.0006 -0.2172 -0.2115 0.9530
1305031468.2958 -0.1874 -0.1148 -0.0012 -0.0001 -0.2181 -0.2122 0.9526
1305031468.3278 -0.1802 -0.1400 0.0273 -0.0016 -0.2201 -0.2082 0.9530
1305031468.3959 -0.1654 -0.1688 0.0420 -0.0021 -0.2162 -0.2019 0.9552
1305031468.4598 -0.1604 -0.1967 0.0672 -0.0062 -0.2183 -0.1995 0.9552
1305031468.5278 -0.1642 -0.2247 0.1030 -0.0086 -0.2184 -0.2042 0.9542
1305031468.5597 -0.1745 -0.2439 0.1049 -0.0031 -0.2170 -0.2133 0.9526
1305031468.6596 -0.1999 -0.2863 0.1177 -0.0078 -0.2184 -0.2187 0.9510
1305031468.6958 -0.2137 -0.3075 0.1183 -0.0048 -0.2217 -0.2250 0.9488
1305031468.7278 -0.2292 -0.3233 0.1215 -0.0011 -0.2242 -0.2272 0.9477
1305031468.7958 -0.2419 -0.3503 0.1324 0.0044 -0.2302 -0.2323 0.9450
1305031468.8292 -0.2497 -0.3530 0.1286 0.0147 -0.2305 -0.2389 0.9432
1305031468.9596 -0.2599 -0.3625 0.1379 0.0131 -0.2123 -0.2424 0.9466
1305031469.0277 -0.2668 -0.3684 0.1562 -0.0192 -0.2059 -0.2525 0.9452
1305031469.1277 -0.2721 -0.3983 0.1858 -0.0591 -0.1990 -0.2780 0.9379
1305031469.1955 -0.2818 -0.4109 0.2048 -0.0777 -0.1801 -0.2904 0.9366
1305031469.2596 -0.2904 -0.4135 0.2405 -0.0871 -0.1735 -0.2990 0.9343
1305031469.2968 -0.2912 -0.4167 0.2477 -0.0916 -0.1703 -0.3007 0.9339
1305031469.3276 -0.2903 -0.4083 0.2602 -0.0927 -0.1689 -0.3022 0.9336
1305031469.3596 -0.2853 -0.4073 0.2755 -0.0987 -0.1660 -0.3053 0.9325
1305031469.3957 -0.2815 -0.4107 0.2935 -0.0994 -0.1575 -0.3110 0.9320
1305031469.4277 -0.2855 -0.4049 0.3064 -0.0970 -0.1455 -0.3175 0.9320
1305031469.4597 -0.2866 -0.3904 0.3239 -0.0938 -0.1374 -0.3262 0.9306
1305031469.4957 -0.2939 -0.3746 0.3338 -0.0908 -0.1310 -0.3283 0.9310
1305031469.5276 -0.2897 -0.3699 0.3443 -0.0935 -0.1335 -0.3266 0.9310
1305031469.5596 -0.2862 -0.3534 0.3568 -0.0953 -0.1346 -0.3271 0.9305
1305031469.6596 -0.2820 -0.3085 0.3988 -0.1111 -0.1302 -0.3235 0.9306
1305031469.7596 -0.2903 -0.2579 0.4260 -0.1206 -0.1123 -0.3148 0.9347
1305031469.9279 -0.3243 -0.1661 0.4745 -0.1422 -0.1101 -0.2997 0.9369
1305031470.0959 -0.3799 -0.0908 0.4947 -0.1563 -0.1117 -0.2952 0.9359
1305031470.2600 -0.4334 -0.0134 0.4935 -0.1713 -0.1096 -0.2786 0.9386
1305031470.4276 -0.4989 0.0603 0.4792 -0.1858 -0.1032 -0.2661 0.9402
1305031470.6277 -0.5684 0.1093 0.4680 -0.1893 -0.1033 -0.2586 0.9416
1305031470.8278 -0.6231 0.1498 0.4631 -0.1841 -0.0924 -0.2322 0.9506
1305031470.8596 -0.6357 0.1534 0.4592 -0.1797 -0.0888 -0.2275 0.9529
1305031470.8957 -0.6457 0.1587 0.4565 -0.1751 -0.0878 -0.2177 0.9561
1305031470.9277 -0.6524 0.1606 0.4575 -0.1713 -0.0933 -0.2128 0.9574
1305031470.9596 -0.6668 0.1683 0.4527 -0.1555 -0.0926 -0.2113 0.9605
1305031470.9960 -0.6741 0.1689 0.4483 -0.1465 -0.0929 -0.2086 0.9625
1305031471.0276 -0.6821 0.1629 0.4481 -0.1411 -0.0922 -0.2063 0.9639
1305031471.0596 -0.6898 0.1642 0.4447 -0.1281 -0.0901 -0.2029 0.9666
1305031471.0958 -0.6968 0.1659 0.4397 -0.1193 -0.0888 -0.1954 0.9694
1305031471.1277 -0.7008 0.1637 0.4369 -0.1139 -0.0913 -0.1869 0.9715
1305031471.1596 -0.7040 0.1653 0.4328 -0.1064 -0.0918 -0.1806 0.9735
1305031471.1957 -0.7068 0.1622 0.4309 -0.1067 -0.0912 -0.1779 0.9740
1305031471.2276 -0.7104 0.1611 0.4311 -0.1075 -0.0898 -0.1745 0.9746
1305031471.2597 -0.7161 0.1583 0.4305 -0.1100 -0.0879 -0.1711 0.9751
1305031471.2961 -0.7179 0.1591 0.4303 -0.1080 -0.0875 -0.1676 0.9760
1305031471.3276 -0.7193 0.1609 0.4287 -0.1033 -0.0855 -0.1650 0.9771
1305031471.3596 -0.7199 0.1614 0.4291 -0.1023 -0.0818 -0.1633 0.9778
1305031471.3957 -0.7246 0.1573 0.4292 -0.1042 -0.0772 -0.1585 0.9788
1305031471.4277 -0.7238 0.1587 0.4266 -0.0993 -0.0787 -0.1509 0.9804
1305031471.4965 -0.7362 0.1582 0.4200 -0.1008 -0.0750 -0.1434 0.9817
1305031471.5276 -0.7407 0.1581 0.4176 -0.1010 -0.0733 -0.1402 0.9822
1305031471.5597 -0.7426 0.1563 0.4160 -0.1024 -0.0722 -0.1392 0.9823
1305031471.5957 -0.7435 0.1595 0.4137 -0.0999 -0.0697 -0.1379 0.9829
1305031471.6276 -0.7452 0.1585 0.4115 -0.1000 -0.0668 -0.1374 0.9832
1305031471.6596 -0.7458 0.1569 0.4072 -0.0991 -0.0638 -0.1342 0.9839
1305031471.7958 -0.7455 0.1563 0.3925 -0.0997 -0.0487 -0.1132 0.9874
1305031471.9956 -0.7514 0.1638 0.3821 -0.1193 -0.0208 -0.0853 0.9890
1305031472.3956 -0.7743 0.2105 0.3755 -0.0843 -0.0024 -0.0499 0.9952
1305031472.6277 -0.7722 0.1863 0.3772 -0.0778 -0.0062 -0.0459 0.9959
1305031472.7956 -0.7647 0.1712 0.3802 -0.0697 -0.0099 -0.0462 0.9964
