1305031453.4237 0.0054 0.0029 -0.0083 0.0013 0.0037 0.0094 0.9999
1305031453.4597 0.0109 0.0077 -0.0187 0.0053 0.0093 0.0184 0.9998
1305031453.4917 0.0127 0.0115 -0.0283 0.0093 0.0162 0.0284 0.9994
1305031453.5237 0.0125 0.0165 -0.0407 0.0159 0.0216 0.0371 0.9990
1305031453.5598 0.0146 0.0213 -0.0541 0.0228 0.0238 0.0439 0.9985
1305031453.5916 0.0136 0.0296 -0.0688 0.0309 0.0269 0.0482 0.9980
1305031453.6277 0.0067 0.0339 -0.0813 0.0373 0.0294 0.0522 0.9975
1305031453.6596 0.0015 0.0422 -0.0965 0.0453 0.0259 0.0504 0.9974
1305031453.6917 -0.0027 0.0528 -0.1114 0.0526 0.0207 0.0460 0.9973
1305031453.7277 -0.0121 0.0615 -0.1249 0.0571 0.0167 0.0411 0.9974
1305031453.7597 -0.0232 0.0664 -0.1358 0.0611 0.0093 0.0331 0.9975
1305031453.7917 -0.0267 0.0773 -0.1511 0.0661 -0.0011 0.0252 0.9975
1305031453.8278 -0.0389 0.0837 -0.1622 0.0685 -0.0072 0.0188 0.9974
1305031453.8597 -0.0523 0.0897 -0.1722 0.0699 -0.0187 0.0114 0.9973
1305031453.8917 -0.0671 0.0988 -0.1821 0.0702 -0.0332 0.0040 0.9970
1305031453.9277 -0.0798 0.1032 -0.1897 0.0672 -0.0508 -0.0005 0.9964
1305031453.9596 -0.0825 0.1063 -0.1956 0.0644 -0.0691 -0.0094 0.9955
1305031453.9916 -0.0916 0.1053 -0.1928 0.0624 -0.0814 -0.0204 0.9945
1305031454.0277 -0.0989 0.1076 -0.1939 0.0648 -0.0944 -0.0299 0.9930
1305031454.0597 -0.1032 0.1089 -0.1926 0.0656 -0.1072 -0.0399 0.9913
1305031454.0917 -0.1089 0.1091 -0.1810 0.0668 -0.1204 -0.0519 0.9891
1305031454.1277 -0.1091 0.1076 -0.1684 0.0703 -0.1378 -0.0646 0.9858
1305031454.1597 -0.0940 0.1048 -0.1461 0.0710 -0.1590 -0.0722 0.9821
1305031454.1917 -0.1268 0.1222 -0.1110 0.0771 -0.1658 -0.0827 0.9797
1305031454.2277 -0.1415 0.1412 -0.0963 0.0877 -0.1716 -0.0907 0.9771
1305031454.2596 -0.1419 0.1569 -0.0877 0.0979 -0.1785 -0.0965 0.9743
1305031454.2916 -0.1533 0.1577 -0.0742 0.0974 -0.1856 -0.1078 0.9718
1305031454.3277 -0.1932 0.1735 -0.0650 0.1050 -0.1814 -0.1201 0.9704
1305031454.3596 -0.2034 0.1793 -0.0559 0.1141 -0.1916 -0.1358 0.9653
1305031454.3917 -0.2183 0.1853 -0.0464 0.1178 -0.1968 -0.1481 0.9620
1305031454.4275 -0.2438 0.1944 -0.0285 0.1240 -0.2032 -0.1651 0.9571
1305031454.4599 -0.2610 0.2027 -0.0185 0.1296 -0.2081 -0.1799 0.9526
1305031454.4916 -0.2799 0.2096 -0.0102 0.1332 -0.2076 -0.1957 0.9491
1305031454.5277 -0.3132 0.2257 0.0028 0.1371 -0.2025 -0.2067 0.9474
1305031454.5596 -0.3446 0.2339 0.0180 0.1364 -0.1981 -0.2148 0.9466
1305031454.5916 -0.3499 0.2355 0.0204 0.1361 -0.1975 -0.2154 0.9466
1305031454.6276 -0.3637 0.2486 0.0299 0.1392 -0.1957 -0.2158 0.9464
1305031454.6595 -0.3680 0.2484 0.0340 0.1380 -0.1957 -0.2161 0.9465
1305031454.6919 -0.3704 0.2446 0.0361 0.1355 -0.1960 -0.2166 0.9467
1305031454.7277 -0.3762 0.2426 0.0418 0.1329 -0.1965 -0.2171 0.9469
1305031454.7597 -0.3877 0.2447 0.0609 0.1295 -0.1998 -0.2169 0.9467
1305031454.7916 -0.3902 0.2454 0.0759 0.1265 -0.2041 -0.2124 0.9472
1305031454.8276 -0.3878 0.2473 0.0884 0.1234 -0.2079 -0.2080 0.9478
1305031454.8596 -0.3867 0.2494 0.0925 0.1167 -0.2064 -0.2011 0.9504
1305031454.8918 -0.3856 0.2544 0.0930 0.1123 -0.2024 -0.1936 0.9534
1305031454.9276 -0.3866 0.2613 0.0925 0.1080 -0.1970 -0.1870 0.9563
1305031454.9596 -0.3911 0.2693 0.0915 0.1047 -0.1916 -0.1803 0.9591
1305031454.9919 -0.3987 0.2766 0.0889 0.1021 -0.1878 -0.1742 0.9612
1305031455.0278 -0.4028 0.2886 0.0878 0.1028 -0.1868 -0.1712 0.9619
1305031455.0596 -0.4076 0.2928 0.0883 0.1003 -0.1846 -0.1691 0.9629
1305031455.0917 -0.4142 0.2990 0.0863 0.1019 -0.1810 -0.1688 0.9635
1305031455.1277 -0.4228 0.3096 0.0839 0.1033 -0.1756 -0.1667 0.9647
1305031455.1597 -0.4353 0.3181 0.0812 0.1024 -0.1702 -0.1619 0.9666
1305031455.1917 -0.4472 0.3244 0.0815 0.0990 -0.1669 -0.1554 0.9686
1305031455.2276 -0.4582 0.3286 0.0794 0.0981 -0.1638 -0.1497 0.9701
1305031455.2596 -0.4683 0.3415 0.0774 0.0974 -0.1590 -0.1428 0.9720
1305031455.2918 -0.4834 0.3434 0.0769 0.0888 -0.1538 -0.1320 0.9752
1305031455.3278 -0.4985 0.3515 0.0726 0.0845 -0.1510 -0.1210 0.9774
1305031455.3596 -0.5059 0.3599 0.0723 0.0776 -0.1508 -0.1140 0.9789
1305031455.3917 -0.5169 0.3584 0.0722 0.0664 -0.1454 -0.1043 0.9816
1305031455.4276 -0.5337 0.3609 0.0681 0.0594 -0.1384 -0.0930 0.9842
1305031455.4596 -0.5487 0.3591 0.0639 0.0542 -0.1352 -0.0837 0.9858
1305031455.4916 -0.5626 0.3627 0.0584 0.0507 -0.1322 -0.0719 0.9873
1305031455.5276 -0.5807 0.3581 0.0533 0.0453 -0.1293 -0.0579 0.9889
1305031455.5597 -0.5993 0.3569 0.0449 0.0437 -0.1299 -0.0443 0.9896
1305031455.5916 -0.6142 0.3606 0.0357 0.0429 -0.1315 -0.0300 0.9899
1305031455.6276 -0.6279 0.3530 0.0343 0.0374 -0.1323 -0.0167 0.9904
1305031455.6596 -0.6442 0.3472 0.0257 0.0393 -0.1302 -0.0109 0.9907
1305031455.6916 -0.6606 0.3473 0.0161 0.0434 -0.1276 -0.0119 0.9908
1305031455.7276 -0.6747 0.3432 0.0076 0.0446 -0.1242 -0.0166 0.9911
1305031455.7597 -0.6903 0.3401 -0.0030 0.0453 -0.1178 -0.0194 0.9918
1305031455.7917 -0.7058 0.3298 -0.0136 0.0452 -0.1123 -0.0180 0.9925
1305031455.8276 -0.7213 0.3278 -0.0272 0.0482 -0.1083 -0.0175 0.9928
1305031455.8595 -0.7331 0.3221 -0.0377 0.0478 -0.1068 -0.0188 0.9929
1305031455.8917 -0.7448 0.3189 -0.0489 0.0482 -0.1039 -0.0190 0.9932
1305031455.9280 -0.7560 0.3135 -0.0579 0.0471 -0.1005 -0.0194 0.9936
1305031455.9597 -0.7672 0.3132 -0.0687 0.0483 -0.0965 -0.0215 0.9939
1305031455.9917 -0.7759 0.3105 -0.0751 0.0464 -0.0924 -0.0234 0.9944
1305031456.0278 -0.7886 0.3167 -0.0847 0.0436 -0.0851 -0.0273 0.9950
1305031456.0597 -0.8000 0.3076 -0.0872 0.0329 -0.0802 -0.0340 0.9957
1305031456.0917 -0.8099 0.2965 -0.0896 0.0260 -0.0764 -0.0383 0.9960
1305031456.1276 -0.8176 0.2892 -0.0935 0.0238 -0.0731 -0.0390 0.9963
1305031456.1597 -0.8243 0.2777 -0.0934 0.0214 -0.0684 -0.0389 0.9967
1305031456.1917 -0.8318 0.2685 -0.0967 0.0256 -0.0604 -0.0360 0.9972
1305031456.2277 -0.8410 0.2735 -0.1009 0.0306 -0.0497 -0.0318 0.9978
1305031456.2917 -0.8620 0.2523 -0.0970 0.0288 -0.0271 -0.0227 0.9990
1305031456.3277 -0.8705 0.2441 -0.0942 0.0322 -0.0169 -0.0152 0.9992
1305031456.3916 -0.8893 0.2333 -0.0846 0.0353 0.0075 -0.0042 0.9993
1305031456.4277 -0.9071 0.2325 -0.0796 0.0425 0.0204 0.0031 0.9989
1305031456.4917 -0.9452 0.2392 -0.0626 0.0400 0.0296 0.0154 0.9986
1305031456.5276 -0.9547 0.2355 -0.0505 0.0345 0.0268 0.0211 0.9988
1305031456.5917 -0.9720 0.2335 -0.0321 0.0333 0.0302 0.0336 0.9984
1305031456.6276 -0.9836 0.2420 -0.0205 0.0234 0.0348 0.0407 0.9983
1305031456.6916 -1.0087 0.2163 0.0060 0.0086 0.0439 0.0581 0.9973
1305031456.7277 -1.0266 0.2266 0.0171 0.0074 0.0457 0.0678 0.9966
1305031456.7916 -1.0525 0.2070 0.0417 0.0037 0.0359 0.0817 0.9960
1305031456.8276 -1.0603 0.2202 0.0505 0.0064 0.0314 0.0896 0.9955
1305031456.8917 -1.0698 0.2050 0.0769 -0.0058 0.0311 0.1018 0.9943
1305031456.9277 -1.0831 0.2088 0.0850 0.0003 0.0381 0.1082 0.9934
1305031456.9597 -1.0995 0.2199 0.0921 0.0013 0.0453 0.1134 0.9925
1305031456.9917 -1.1093 0.2122 0.1022 -0.0087 0.0490 0.1162 0.9920
1305031457.0276 -1.1210 0.2094 0.1077 -0.0108 0.0533 0.1204 0.9912
1305031457.0917 -1.1447 0.2096 0.1147 -0.0229 0.0629 0.1312 0.9891
1305031457.1276 -1.1530 0.1992 0.1168 -0.0281 0.0680 0.1363 0.9879
1305031457.1917 -1.1799 0.1979 0.1104 -0.0254 0.0826 0.1495 0.9850
1305031457.2275 -1.1920 0.1910 0.1087 -0.0305 0.0885 0.1561 0.9833
1305031457.2917 -1.2150 0.1767 0.0959 -0.0232 0.1031 0.1688 0.9800
1305031457.3275 -1.2309 0.1778 0.0880 -0.0201 0.1136 0.1742 0.9779
1305031457.3917 -1.2593 0.1572 0.0744 -0.0199 0.1365 0.1883 0.9724
1305031457.4276 -1.2814 0.1541 0.0669 -0.0165 0.1465 0.1953 0.9696
1305031457.4917 -1.3088 0.1334 0.0517 -0.0173 0.1516 0.2040 0.9670
1305031457.5276 -1.3209 0.1253 0.0420 -0.0139 0.1551 0.2071 0.9659
1305031457.5597 -1.3348 0.1185 0.0332 -0.0107 0.1603 0.2110 0.9642
1305031457.5917 -1.3534 0.1144 0.0261 -0.0072 0.1659 0.2142 0.9626
1305031457.6275 -1.3655 0.1004 0.0214 -0.0087 0.1684 0.2172 0.9615
1305031457.6596 -1.3838 0.1027 0.0132 -0.0028 0.1709 0.2210 0.9602
1305031457.6916 -1.3959 0.0925 0.0088 -0.0087 0.1705 0.2239 0.9596
1305031457.7277 -1.4025 0.0721 0.0048 -0.0133 0.1708 0.2231 0.9596
1305031457.7596 -1.4128 0.0593 -0.0003 -0.0113 0.1734 0.2218 0.9595
1305031457.7916 -1.4167 0.0419 -0.0067 -0.0064 0.1776 0.2212 0.9589
1305031457.8277 -1.4322 0.0427 -0.0151 0.0048 0.1864 0.2214 0.9572
1305031457.8596 -1.4437 0.0310 -0.0190 0.0058 0.1947 0.2221 0.9554
1305031457.8916 -1.4515 0.0053 -0.0203 0.0085 0.2028 0.2224 0.9536
1305031457.9276 -1.4700 -0.0002 -0.0228 0.0224 0.2092 0.2256 0.9512
1305031457.9916 -1.4889 -0.0186 -0.0229 0.0342 0.2113 0.2299 0.9494
1305031458.0278 -1.4955 -0.0312 -0.0209 0.0421 0.2152 0.2304 0.9481
1305031458.0597 -1.5125 -0.0274 -0.0170 0.0526 0.2214 0.2318 0.9458
1305031458.0917 -1.5253 -0.0299 -0.0086 0.0533 0.2259 0.2336 0.9442
1305031458.1276 -1.5341 -0.0408 0.0013 0.0514 0.2292 0.2341 0.9434
1305031458.1596 -1.5440 -0.0509 0.0123 0.0532 0.2316 0.2363 0.9422
1305031458.1916 -1.5532 -0.0466 0.0285 0.0569 0.2308 0.2388 0.9415
1305031458.2276 -1.5532 -0.0485 0.0549 0.0534 0.2267 0.2405 0.9423
1305031458.2599 -1.5496 -0.0640 0.0838 0.0513 0.2242 0.2355 0.9443
1305031458.2917 -1.5545 -0.0521 0.1135 0.0662 0.2212 0.2315 0.9450
1305031458.3276 -1.5528 -0.0435 0.1363 0.0735 0.2130 0.2300 0.9467
1305031458.3596 -1.5469 -0.0422 0.1705 0.0867 0.2090 0.2269 0.9473
1305031458.3916 -1.5487 -0.0394 0.1847 0.1014 0.2048 0.2274 0.9466
1305031458.4276 -1.5448 -0.0400 0.2005 0.1110 0.2018 0.2346 0.9444
1305031458.4596 -1.5425 -0.0479 0.2136 0.1217 0.2053 0.2404 0.9409
1305031458.4917 -1.5406 -0.0574 0.2277 0.1400 0.2163 0.2385 0.9363
1305031458.5277 -1.5477 -0.0491 0.2483 0.1584 0.2277 0.2352 0.9315
1305031458.5596 -1.5508 -0.0492 0.2688 0.1648 0.2373 0.2331 0.9285
1305031458.5916 -1.5548 -0.0535 0.2907 0.1727 0.2449 0.2266 0.9267
1305031458.6277 -1.5605 -0.0419 0.3145 0.1768 0.2452 0.2222 0.9270
1305031458.6596 -1.5480 -0.0503 0.3453 0.1705 0.2393 0.2240 0.9292
1305031458.6917 -1.5234 -0.0440 0.3947 0.1708 0.2238 0.2176 0.9345
1305031458.7276 -1.4939 -0.0479 0.4262 0.1701 0.2062 0.2071 0.9411
1305031458.7599 -1.4902 -0.0426 0.4559 0.1795 0.1944 0.1928 0.9449
1305031458.7916 -1.4808 -0.0332 0.4826 0.1828 0.1792 0.1826 0.9493
1305031458.8276 -1.4656 -0.0402 0.5014 0.1763 0.1686 0.1808 0.9528
1305031458.8917 -1.4578 -0.0503 0.5192 0.1815 0.1665 0.1699 0.9542
1305031458.9276 -1.4672 -0.0526 0.5253 0.1790 0.1732 0.1755 0.9524
1305031458.9596 -1.4679 -0.0636 0.5299 0.1705 0.1757 0.1893 0.9509
1305031458.9916 -1.4668 -0.0828 0.5329 0.1697 0.1770 0.1941 0.9498
1305031459.0277 -1.4760 -0.0886 0.5469 0.1816 0.1752 0.1922 0.9484
1305031459.0596 -1.4869 -0.1036 0.5587 0.1901 0.1677 0.2005 0.9463
1305031459.1276 -1.5139 -0.1319 0.5692 0.2162 0.1263 0.2097 0.9452
1305031459.1596 -1.5215 -0.1380 0.5755 0.2272 0.1007 0.2078 0.9461
1305031459.1917 -1.5318 -0.1401 0.5793 0.2347 0.0817 0.2109 0.9454
1305031459.2276 -1.5371 -0.1425 0.5879 0.2384 0.0671 0.2199 0.9435
1305031459.2598 -1.5349 -0.1403 0.6039 0.2396 0.0607 0.2291 0.9415
1305031459.3276 -1.5401 -0.1420 0.6281 0.2333 0.0858 0.2618 0.9326
1305031459.3597 -1.5505 -0.1388 0.6421 0.2362 0.1079 0.2837 0.9231
1305031459.3917 -1.5649 -0.1236 0.6639 0.2346 0.1306 0.3108 0.9118
1305031459.4276 -1.5605 -0.1220 0.6778 0.2197 0.1548 0.3501 0.8973
1305031459.4597 -1.5751 -0.1284 0.6818 0.2129 0.1850 0.3904 0.8764
1305031459.5276 -1.6029 -0.1194 0.7028 0.1936 0.2147 0.4539 0.8428
1305031459.5596 -1.6145 -0.1314 0.6984 0.1841 0.2241 0.4801 0.8279
1305031459.5917 -1.6304 -0.1371 0.7014 0.1808 0.2276 0.4977 0.8172
1305031459.6276 -1.6354 -0.1436 0.7058 0.1765 0.2263 0.5079 0.8122
1305031459.6596 -1.6472 -0.1453 0.7126 0.1762 0.2330 0.5086 0.8099
1305031459.6916 -1.6608 -0.1556 0.7178 0.1685 0.2435 0.5146 0.8047
1305031459.7276 -1.6669 -0.1732 0.7180 0.1603 0.2496 0.5194 0.8014
1305031459.7917 -1.6929 -0.2112 0.7203 0.1578 0.2623 0.5147 0.8009
1305031459.8277 -1.7044 -0.2272 0.7231 0.1566 0.2633 0.5129 0.8019
1305031459.8597 -1.7164 -0.2447 0.7273 0.1527 0.2626 0.5122 0.8033
1305031459.8916 -1.7201 -0.2622 0.7297 0.1480 0.2569 0.5155 0.8039
1305031459.9276 -1.7234 -0.2782 0.7321 0.1476 0.2532 0.5186 0.8032
1305031459.9917 -1.7345 -0.3085 0.7391 0.1435 0.2489 0.5256 0.8008
1305031460.0276 -1.7360 -0.3257 0.7402 0.1417 0.2480 0.5289 0.7992
1305031460.0597 -1.7428 -0.3438 0.7429 0.1419 0.2492 0.5303 0.7978
1305031460.0917 -1.7480 -0.3655 0.7447 0.1434 0.2452 0.5364 0.7947
1305031460.1277 -1.7475 -0.3818 0.7463 0.1494 0.2357 0.5440 0.7913
1305031460.1597 -1.7523 -0.3938 0.7516 0.1574 0.2289 0.5494 0.7881
1305031460.1916 -1.7491 -0.4016 0.7590 0.1589 0.2204 0.5551 0.7862
1305031460.2278 -1.7356 -0.4095 0.7631 0.1587 0.2168 0.5592 0.7842
1305031460.2917 -1.7295 -0.4311 0.7674 0.1573 0.2320 0.5606 0.7792
1305031460.3275 -1.7275 -0.4439 0.7678 0.1561 0.2399 0.5630 0.7753
1305031460.3916 -1.7214 -0.4649 0.7755 0.1479 0.2569 0.5707 0.7658
1305031460.4275 -1.7184 -0.4770 0.7766 0.1443 0.2661 0.5760 0.7594
1305031460.4596 -1.7162 -0.4838 0.7801 0.1403 0.2774 0.5803 0.7527
1305031460.4915 -1.7185 -0.4944 0.7833 0.1317 0.2900 0.5870 0.7443
1305031460.5276 -1.7136 -0.5060 0.7838 0.1223 0.2970 0.5973 0.7349
1305031460.5596 -1.7072 -0.5173 0.7844 0.1138 0.3039 0.6021 0.7295
1305031460.5919 -1.7071 -0.5305 0.7865 0.1078 0.3127 0.6035 0.7255
1305031460.6276 -1.7021 -0.5416 0.7873 0.1028 0.3192 0.6065 0.7209
1305031460.6598 -1.7028 -0.5551 0.7896 0.0991 0.3273 0.6063 0.7179
1305031460.6917 -1.7046 -0.5688 0.7944 0.0949 0.3319 0.6076 0.7153
1305031460.7277 -1.7004 -0.5776 0.7981 0.0897 0.3327 0.6083 0.7150
1305031460.7597 -1.6951 -0.5890 0.8006 0.0852 0.3367 0.6077 0.7142
1305031460.7917 -1.6954 -0.6037 0.8065 0.0812 0.3414 0.6071 0.7129
1305031460.8277 -1.6929 -0.6118 0.8134 0.0769 0.3425 0.6050 0.7147
1305031460.8597 -1.6888 -0.6199 0.8191 0.0703 0.3452 0.6034 0.7154
1305031460.8918 -1.6836 -0.6328 0.8251 0.0620 0.3493 0.6019 0.7155
1305031460.9276 -1.6794 -0.6466 0.8328 0.0558 0.3514 0.6019 0.7150
1305031460.9917 -1.6572 -0.6668 0.8389 0.0510 0.3531 0.6050 0.7118
1305031461.0276 -1.6503 -0.6780 0.8449 0.0517 0.3557 0.6056 0.7099
1305031461.0917 -1.6436 -0.6934 0.8578 0.0551 0.3559 0.6043 0.7107
1305031461.1276 -1.6312 -0.7010 0.8594 0.0527 0.3548 0.6036 0.7120
1305031461.1597 -1.6213 -0.7107 0.8629 0.0536 0.3565 0.6019 0.7125
1305031461.1920 -1.6185 -0.7145 0.8684 0.0572 0.3586 0.5977 0.7148
1305031461.2276 -1.6133 -0.7201 0.8729 0.0575 0.3603 0.5956 0.7156
1305031461.2596 -1.6052 -0.7259 0.8762 0.0586 0.3608 0.5927 0.7176
1305031461.2917 -1.6004 -0.7286 0.8817 0.0609 0.3628 0.5872 0.7210
1305031461.3278 -1.5946 -0.7273 0.8862 0.0622 0.3654 0.5831 0.7229
1305031461.3597 -1.5958 -0.7265 0.8943 0.0590 0.3694 0.5797 0.7239
1305031461.3917 -1.5817 -0.7340 0.8979 0.0501 0.3673 0.5818 0.7239
1305031461.4276 -1.5739 -0.7355 0.8994 0.0492 0.3677 0.5803 0.7250
1305031461.4598 -1.5734 -0.7329 0.9050 0.0470 0.3675 0.5815 0.7243
1305031461.4917 -1.5543 -0.7392 0.9004 0.0408 0.3644 0.5847 0.7237
1305031461.5277 -1.5553 -0.7373 0.9006 0.0464 0.3680 0.5815 0.7241
1305031461.5597 -1.5519 -0.7289 0.8970 0.0462 0.3688 0.5785 0.7261
1305031461.5917 -1.5509 -0.7256 0.8949 0.0448 0.3768 0.5753 0.7246
1305031461.6275 -1.5501 -0.7207 0.8945 0.0414 0.3818 0.5754 0.7221
1305031461.6596 -1.5485 -0.7167 0.8940 0.0383 0.3861 0.5755 0.7199
1305031461.6916 -1.5505 -0.7104 0.8945 0.0372 0.3882 0.5801 0.7151
1305031461.7276 -1.5438 -0.7023 0.8916 0.0343 0.3859 0.5860 0.7118
1305031461.7597 -1.5468 -0.6924 0.8878 0.0344 0.3869 0.5882 0.7094
1305031461.7916 -1.5467 -0.6817 0.8853 0.0301 0.3869 0.5923 0.7061
1305031461.8276 -1.5454 -0.6721 0.8822 0.0269 0.3894 0.5966 0.7012
1305031461.8598 -1.5527 -0.6603 0.8836 0.0257 0.3932 0.6016 0.6948
1305031461.8917 -1.5582 -0.6518 0.8853 0.0206 0.3931 0.6114 0.6864
1305031461.9278 -1.5550 -0.6415 0.8855 0.0133 0.3882 0.6208 0.6810
1305031461.9597 -1.5555 -0.6239 0.8813 0.0085 0.3889 0.6235 0.6782
1305031461.9916 -1.5694 -0.6172 0.8891 0.0000 0.3967 0.6283 0.6693
1305031462.0277 -1.5682 -0.6192 0.8945 -0.0128 0.3943 0.6391 0.6603
1305031462.0598 -1.5704 -0.6163 0.8982 -0.0167 0.3884 0.6499 0.6531
1305031462.0918 -1.5730 -0.6070 0.8977 -0.0175 0.3801 0.6600 0.6477
1305031462.1277 -1.5775 -0.5980 0.8978 -0.0194 0.3749 0.6679 0.6426
1305031462.1596 -1.5793 -0.5940 0.8980 -0.0242 0.3711 0.6738 0.6385
1305031462.1916 -1.5855 -0.5873 0.9010 -0.0278 0.3705 0.6734 0.6391
1305031462.2276 -1.5926 -0.5834 0.9049 -0.0345 0.3706 0.6739 0.6382
1305031462.2598 -1.5971 -0.5816 0.9094 -0.0424 0.3691 0.6733 0.6392
1305031462.2916 -1.6027 -0.5789 0.9146 -0.0496 0.3664 0.6705 0.6432
1305031462.3275 -1.6033 -0.5753 0.9203 -0.0594 0.3633 0.6675 0.6472
1305031462.3597 -1.6040 -0.5755 0.9371 -0.0707 0.3656 0.6629 0.6495
1305031462.3917 -1.5887 -0.5962 0.9734 -0.0967 0.3724 0.6585 0.6468
1305031462.4276 -1.5772 -0.6083 0.9842 -0.1094 0.3729 0.6583 0.6446
1305031462.4599 -1.5760 -0.6094 0.9854 -0.1107 0.3730 0.6583 0.6444
1305031462.4920 -1.5759 -0.6096 0.9856 -0.1109 0.3730 0.6583 0.6444
1305031462.5277 -1.5753 -0.6098 0.9860 -0.1114 0.3729 0.6584 0.6443
1305031462.5599 -1.5751 -0.6099 0.9860 -0.1115 0.3729 0.6584 0.6442
1305031462.5919 -1.5749 -0.6101 0.9865 -0.1119 0.3729 0.6584 0.6442
1305031462.6279 -1.5748 -0.6100 0.9866 -0.1119 0.3729 0.6584 0.6442
1305031462.6597 -1.5747 -0.6102 0.9875 -0.1122 0.3731 0.6583 0.6441
1305031462.6925 -1.5743 -0.6108 0.9885 -0.1129 0.3734 0.6581 0.6440
1305031462.7277 -1.5740 -0.6114 0.9895 -0.1135 0.3737 0.6579 0.6439
1305031462.7598 -1.5725 -0.6136 0.9913 -0.1155 0.3742 0.6576 0.6435
1305031462.7919 -1.5726 -0.6143 0.9938 -0.1161 0.3752 0.6571 0.6434
1305031462.8278 -1.5719 -0.6164 0.9969 -0.1179 0.3764 0.6565 0.6430
1305031462.8598 -1.5710 -0.6185 0.9996 -0.1197 0.3774 0.6560 0.6426
1305031462.8918 -1.5704 -0.6201 1.0020 -0.1212 0.3783 0.6554 0.6423
1305031462.9276 -1.5699 -0.6219 1.0051 -0.1229 0.3796 0.6547 0.6420
1305031462.9597 -1.5695 -0.6232 1.0083 -0.1242 0.3807 0.6541 0.6417
1305031462.9955 -1.5691 -0.6246 1.0105 -0.1254 0.3816 0.6535 0.6415
1305031463.0277 -1.5688 -0.6257 1.0129 -0.1266 0.3825 0.6530 0.6413
1305031463.0598 -1.5677 -0.6276 1.0153 -0.1284 0.3831 0.6526 0.6410
1305031463.0958 -1.5678 -0.6283 1.0175 -0.1291 0.3841 0.6520 0.6408
1305031463.1275 -1.5682 -0.6288 1.0193 -0.1295 0.3850 0.6515 0.6407
1305031463.1598 -1.5687 -0.6292 1.0215 -0.1299 0.3861 0.6509 0.6407
1305031463.1957 -1.5693 -0.6295 1.0236 -0.1302 0.3871 0.6503 0.6406
1305031463.2278 -1.5692 -0.6298 1.0243 -0.1306 0.3874 0.6501 0.6405
1305031463.2600 -1.5692 -0.6300 1.0253 -0.1309 0.3877 0.6498 0.6405
1305031463.2957 -1.5698 -0.6303 1.0270 -0.1312 0.3885 0.6493 0.6405
1305031463.3277 -1.5700 -0.6306 1.0282 -0.1315 0.3890 0.6489 0.6406
1305031463.3598 -1.5709 -0.6303 1.0298 -0.1314 0.3899 0.6482 0.6407
1305031463.3956 -1.5718 -0.6308 1.0322 -0.1318 0.3911 0.6473 0.6408
1305031463.4277 -1.5738 -0.6303 1.0344 -0.1312 0.3924 0.6462 0.6412
1305031463.4598 -1.5739 -0.6322 1.0374 -0.1325 0.3939 0.6453 0.6410
1305031463.4956 -1.5768 -0.6316 1.0430 -0.1322 0.3969 0.6435 0.6410
1305031463.5277 -1.5808 -0.6272 1.0339 -0.1347 0.4041 0.6401 0.6394
1305031463.5598 -1.5829 -0.6193 1.0209 -0.1336 0.4076 0.6396 0.6379
1305031463.5956 -1.5862 -0.6081 1.0085 -0.1319 0.4059 0.6398 0.6392
1305031463.6276 -1.5825 -0.5967 0.9939 -0.1311 0.4053 0.6381 0.6415
1305031463.6598 -1.5817 -0.5906 0.9727 -0.1256 0.4085 0.6354 0.6432
1305031463.6956 -1.5920 -0.5841 0.9598 -0.1217 0.4127 0.6299 0.6466
1305031463.7276 -1.5827 -0.5697 0.9345 -0.1221 0.4071 0.6303 0.6497
1305031463.7597 -1.5760 -0.5641 0.9133 -0.1212 0.4114 0.6245 0.6527
1305031463.7956 -1.5783 -0.5596 0.8934 -0.1197 0.4159 0.6150 0.6592
1305031463.8278 -1.5730 -0.5527 0.8698 -0.1223 0.4146 0.6078 0.6662
1305031463.8599 -1.5642 -0.5497 0.8450 -0.1245 0.4151 0.6004 0.6721
1305031463.8956 -1.5643 -0.5476 0.8245 -0.1236 0.4184 0.5920 0.6777
1305031463.9277 -1.5610 -0.5471 0.8059 -0.1241 0.4177 0.5873 0.6821
1305031463.9597 -1.5522 -0.5454 0.7847 -0.1227 0.4139 0.5838 0.6876
1305031463.9958 -1.5484 -0.5453 0.7621 -0.1195 0.4124 0.5782 0.6938
1305031464.0277 -1.5480 -0.5447 0.7413 -0.1184 0.4105 0.5716 0.7006
1305031464.0597 -1.5384 -0.5449 0.7187 -0.1205 0.4086 0.5651 0.7065
1305031464.0956 -1.5365 -0.5480 0.7008 -0.1198 0.4120 0.5564 0.7115
1305031464.1277 -1.5358 -0.5544 0.6877 -0.1188 0.4137 0.5514 0.7146
1305031464.1598 -1.5278 -0.5600 0.6758 -0.1145 0.4129 0.5493 0.7173
1305031464.1956 -1.5236 -0.5654 0.6638 -0.1046 0.4120 0.5444 0.7232
1305031464.2276 -1.5307 -0.5677 0.6540 -0.0911 0.4099 0.5389 0.7303
1305031464.2596 -1.5369 -0.5680 0.6435 -0.0790 0.4017 0.5367 0.7378
1305031464.2957 -1.5365 -0.5632 0.6283 -0.0696 0.3881 0.5339 0.7480
1305031464.3279 -1.5326 -0.5561 0.6099 -0.0627 0.3764 0.5301 0.7572
1305031464.3597 -1.5245 -0.5535 0.5907 -0.0570 0.3688 0.5260 0.7642
1305031464.3956 -1.5241 -0.5427 0.5696 -0.0505 0.3650 0.5180 0.7720
1305031464.4276 -1.5233 -0.5376 0.5532 -0.0506 0.3651 0.5093 0.7776
1305031464.4597 -1.5191 -0.5400 0.5362 -0.0506 0.3641 0.5020 0.7829
1305031464.4956 -1.5167 -0.5323 0.5151 -0.0482 0.3623 0.4963 0.7875
1305031464.5276 -1.5181 -0.5295 0.4976 -0.0484 0.3633 0.4890 0.7916
1305031464.5597 -1.5112 -0.5257 0.4757 -0.0526 0.3595 0.4802 0.7984
1305031464.5957 -1.4911 -0.5281 0.4442 -0.0564 0.3610 0.4713 0.8027
1305031464.6277 -1.4858 -0.5268 0.4212 -0.0542 0.3739 0.4604 0.8033
1305031464.6597 -1.4792 -0.5257 0.4030 -0.0540 0.3865 0.4460 0.8055
1305031464.6957 -1.4594 -0.5356 0.3858 -0.0538 0.3983 0.4289 0.8091
1305031464.7277 -1.4615 -0.5380 0.3814 -0.0442 0.4112 0.4085 0.8137
1305031464.7597 -1.4683 -0.5299 0.3754 -0.0358 0.4155 0.3879 0.8219
1305031464.7960 -1.4597 -0.5358 0.3762 -0.0336 0.4138 0.3709 0.8307
1305031464.8278 -1.4569 -0.5347 0.3806 -0.0229 0.4078 0.3559 0.8405
1305031464.8597 -1.4585 -0.5179 0.3757 -0.0122 0.3948 0.3411 0.8530
1305031464.8958 -1.4496 -0.5040 0.3671 -0.0118 0.3779 0.3245 0.8670
1305031464.9278 -1.4204 -0.5083 0.3561 -0.0177 0.3627 0.3083 0.8792
1305031464.9598 -1.3960 -0.5068 0.3485 -0.0184 0.3560 0.2919 0.8876
1305031464.9957 -1.3821 -0.4932 0.3442 -0.0161 0.3543 0.2733 0.8942
1305031465.0278 -1.3711 -0.4849 0.3553 -0.0182 0.3550 0.2521 0.9001
1305031465.0597 -1.3765 -0.4647 0.3796 -0.0132 0.3542 0.2314 0.9060
1305031465.0957 -1.3878 -0.4196 0.3913 -0.0117 0.3426 0.2163 0.9142
1305031465.1277 -1.3773 -0.3978 0.4002 -0.0264 0.3243 0.2071 0.9226
1305031465.1598 -1.3629 -0.3852 0.4149 -0.0410 0.3085 0.2034 0.9283
1305031465.1956 -1.3472 -0.3692 0.4252 -0.0508 0.2941 0.2001 0.9332
1305031465.2279 -1.3392 -0.3443 0.4341 -0.0585 0.2825 0.1979 0.9368
1305031465.2598 -1.3250 -0.3348 0.4502 -0.0685 0.2718 0.2001 0.9388
1305031465.2956 -1.3203 -0.3148 0.4600 -0.0675 0.2638 0.2094 0.9391
1305031465.3277 -1.3168 -0.2944 0.4705 -0.0670 0.2530 0.2226 0.9391
1305031465.3599 -1.3062 -0.2829 0.4790 -0.0645 0.2392 0.2353 0.9398
1305031465.3956 -1.2911 -0.2655 0.4731 -0.0559 0.2230 0.2459 0.9416
1305031465.4277 -1.2765 -0.2417 0.4633 -0.0457 0.2104 0.2565 0.9423
1305031465.4601 -1.2711 -0.2162 0.4549 -0.0350 0.2017 0.2686 0.9412
1305031465.4957 -1.2658 -0.1894 0.4459 -0.0300 0.1917 0.2782 0.9407
1305031465.5276 -1.2503 -0.1794 0.4408 -0.0302 0.1819 0.2825 0.9414
1305031465.5598 -1.2418 -0.1601 0.4281 -0.0208 0.1758 0.2867 0.9415
1305031465.5956 -1.2360 -0.1348 0.4137 -0.0114 0.1731 0.2937 0.9400
1305031465.6277 -1.2395 -0.1172 0.4050 -0.0043 0.1732 0.3009 0.9378
1305031465.6601 -1.2380 -0.0980 0.3953 0.0044 0.1670 0.3077 0.9367
1305031465.6957 -1.2267 -0.0703 0.3805 0.0144 0.1600 0.3132 0.9360
1305031465.7277 -1.2238 -0.0462 0.3684 0.0244 0.1594 0.3200 0.9336
1305031465.7598 -1.2231 -0.0190 0.3563 0.0350 0.1578 0.3262 0.9314
1305031465.7959 -1.2170 0.0082 0.3463 0.0427 0.1559 0.3309 0.9297
1305031465.8280 -1.2107 0.0291 0.3351 0.0520 0.1554 0.3343 0.9281
1305031465.8599 -1.2130 0.0644 0.3230 0.0655 0.1573 0.3353 0.9266
1305031465.8955 -1.2088 0.0990 0.3154 0.0691 0.1615 0.3368 0.9250
1305031465.9275 -1.2004 0.1197 0.3062 0.0709 0.1691 0.3371 0.9234
1305031465.9597 -1.2013 0.1467 0.2952 0.0784 0.1798 0.3333 0.9222
1305031465.9958 -1.2095 0.1697 0.2873 0.0822 0.1897 0.3278 0.9219
1305031466.0276 -1.2170 0.1947 0.2788 0.0869 0.1947 0.3245 0.9215
1305031466.0598 -1.2259 0.2215 0.2719 0.0861 0.1971 0.3253 0.9208
1305031466.0958 -1.2313 0.2394 0.2627 0.0817 0.1949 0.3267 0.9212
1305031466.1276 -1.2346 0.2592 0.2530 0.0779 0.1892 0.3280 0.9223
1305031466.1604 -1.2411 0.2753 0.2410 0.0748 0.1837 0.3309 0.9226
1305031466.1958 -1.2495 0.2934 0.2287 0.0710 0.1745 0.3328 0.9240
1305031466.2280 -1.2457 0.3096 0.2152 0.0628 0.1616 0.3312 0.9275
1305031466.2598 -1.2319 0.3220 0.1978 0.0584 0.1552 0.3259 0.9308
1305031466.2957 -1.2289 0.3410 0.1802 0.0575 0.1594 0.3145 0.9340
1305031466.3277 -1.2324 0.3563 0.1623 0.0530 0.1693 0.3054 0.9355
1305031466.3598 -1.2334 0.3661 0.1465 0.0435 0.1761 0.3014 0.9361
1305031466.3958 -1.2261 0.3646 0.1305 0.0383 0.1786 0.2985 0.9368
1305031466.4278 -1.2327 0.3772 0.1138 0.0445 0.1800 0.2925 0.9381
1305031466.4598 -1.2338 0.3947 0.0984 0.0458 0.1754 0.2884 0.9402
1305031466.4958 -1.2246 0.4119 0.0836 0.0435 0.1691 0.2888 0.9413
1305031466.5275 -1.2097 0.4278 0.0697 0.0409 0.1677 0.2895 0.9415
1305031466.5604 -1.2100 0.4458 0.0573 0.0385 0.1719 0.2876 0.9414
1305031466.5959 -1.2042 0.4646 0.0466 0.0310 0.1695 0.2863 0.9425
1305031466.6275 -1.1789 0.4724 0.0368 0.0219 0.1661 0.2850 0.9438
1305031466.6597 -1.1717 0.4857 0.0238 0.0255 0.1710 0.2784 0.9448
1305031466.6958 -1.1749 0.5070 0.0137 0.0269 0.1724 0.2700 0.9469
1305031466.7281 -1.1600 0.5220 0.0053 0.0200 0.1663 0.2628 0.9502
1305031466.7596 -1.1404 0.5293 -0.0026 0.0189 0.1650 0.2557 0.9524
1305031466.7956 -1.1406 0.5461 -0.0139 0.0256 0.1671 0.2479 0.9539
1305031466.8279 -1.1350 0.5603 -0.0237 0.0243 0.1624 0.2455 0.9554
1305031466.8597 -1.1243 0.5639 -0.0284 0.0230 0.1565 0.2471 0.9560
1305031466.8957 -1.1190 0.5712 -0.0395 0.0289 0.1475 0.2457 0.9576
1305031466.9278 -1.1072 0.5792 -0.0563 0.0320 0.1331 0.2436 0.9602
1305031466.9597 -1.0928 0.5872 -0.0685 0.0345 0.1232 0.2422 0.9618
1305031466.9957 -1.0820 0.5963 -0.0830 0.0356 0.1183 0.2393 0.9631
1305031467.0278 -1.0734 0.6045 -0.0942 0.0361 0.1146 0.2354 0.9644
1305031467.0597 -1.0645 0.6151 -0.1053 0.0366 0.1120 0.2320 0.9655
1305031467.0957 -1.0569 0.6258 -0.1153 0.0347 0.1100 0.2278 0.9669
1305031467.1290 -1.0485 0.6342 -0.1203 0.0343 0.1072 0.2182 0.9694
1305031467.1597 -1.0411 0.6430 -0.1295 0.0356 0.1046 0.2106 0.9713
1305031467.1957 -1.0355 0.6507 -0.1386 0.0373 0.1006 0.2061 0.9726
1305031467.2277 -1.0287 0.6585 -0.1472 0.0390 0.0946 0.2008 0.9743
1305031467.2597 -1.0215 0.6667 -0.1553 0.0415 0.0903 0.1954 0.9757
1305031467.2958 -1.0157 0.6753 -0.1650 0.0440 0.0861 0.1887 0.9773
1305031467.3280 -1.0098 0.6843 -0.1762 0.0460 0.0811 0.1840 0.9785
1305031467.3597 -1.0050 0.6962 -0.1869 0.0460 0.0741 0.1825 0.9793
1305031467.3958 -1.0003 0.7072 -0.1936 0.0436 0.0665 0.1788 0.9807
1305031467.4278 -0.9927 0.7163 -0.1988 0.0442 0.0605 0.1757 0.9816
1305031467.4597 -0.9869 0.7262 -0.2095 0.0465 0.0542 0.1737 0.9822
1305031467.4961 -0.9817 0.7379 -0.2222 0.0447 0.0467 0.1692 0.9835
1305031467.5277 -0.9741 0.7498 -0.2242 0.0418 0.0427 0.1642 0.9846
1305031467.5598 -0.9634 0.7573 -0.2281 0.0425 0.0414 0.1623 0.9850
1305031467.5960 -0.9546 0.7648 -0.2350 0.0433 0.0395 0.1636 0.9848
1305031467.6275 -0.9422 0.7612 -0.2385 0.0444 0.0352 0.1666 0.9844
1305031467.6596 -0.9311 0.7672 -0.2437 0.0529 0.0319 0.1680 0.9838
1305031467.6959 -0.9244 0.7718 -0.2514 0.0560 0.0307 0.1643 0.9843
1305031467.7275 -0.9125 0.7734 -0.2438 0.0601 0.0303 0.1581 0.9851
1305031467.7599 -0.9024 0.7773 -0.2414 0.0668 0.0307 0.1542 0.9853
1305031467.7961 -0.8937 0.7821 -0.2383 0.0719 0.0303 0.1492 0.9857
1305031467.8278 -0.8807 0.7808 -0.2230 0.0776 0.0297 0.1471 0.9856
1305031467.8597 -0.8698 0.7801 -0.2143 0.0866 0.0283 0.1481 0.9848
1305031467.8959 -0.8623 0.7829 -0.2088 0.0944 0.0242 0.1459 0.9845
1305031467.9278 -0.8463 0.7816 -0.1939 0.0995 0.0174 0.1422 0.9847
1305031467.9598 -0.8290 0.7781 -0.1818 0.1069 0.0139 0.1391 0.9844
1305031467.9958 -0.8182 0.7857 -0.1755 0.1120 0.0135 0.1348 0.9844
1305031468.0281 -0.8013 0.7779 -0.1575 0.1093 0.0124 0.1325 0.9851
1305031468.0598 -0.7862 0.7688 -0.1451 0.1133 0.0120 0.1289 0.9851
1305031468.0959 -0.7747 0.7716 -0.1366 0.1174 0.0101 0.1257 0.9850
1305031468.1278 -0.7571 0.7648 -0.1205 0.1165 0.0073 0.1250 0.9853
1305031468.1599 -0.7411 0.7603 -0.1083 0.1186 0.0062 0.1212 0.9855
1305031468.1960 -0.7254 0.7581 -0.0959 0.1187 0.0056 0.1178 0.9859
1305031468.2282 -0.7082 0.7493 -0.0831 0.1168 0.0063 0.1186 0.9860
1305031468.2598 -0.6900 0.7427 -0.0733 0.1165 0.0077 0.1202 0.9859
1305031468.2958 -0.6752 0.7347 -0.0620 0.1153 0.0106 0.1202 0.9860
1305031468.3278 -0.6567 0.7213 -0.0522 0.1157 0.0133 0.1224 0.9856
1305031468.3598 -0.6441 0.7178 -0.0472 0.1199 0.0178 0.1263 0.9846
1305031468.3959 -0.6358 0.7143 -0.0421 0.1186 0.0199 0.1269 0.9846
1305031468.4280 -0.6177 0.6962 -0.0376 0.1130 0.0185 0.1281 0.9851
1305031468.4598 -0.5984 0.6854 -0.0363 0.1120 0.0163 0.1310 0.9849
1305031468.4958 -0.5856 0.6773 -0.0321 0.1097 0.0171 0.1310 0.9851
1305031468.5278 -0.5720 0.6570 -0.0252 0.1067 0.0185 0.1266 0.9860
1305031468.5597 -0.5628 0.6413 -0.0233 0.1107 0.0205 0.1172 0.9867
1305031468.5958 -0.5580 0.6349 -0.0255 0.1131 0.0212 0.1108 0.9872
1305031468.6276 -0.5506 0.6202 -0.0201 0.1076 0.0185 0.1108 0.9878
1305031468.6596 -0.5416 0.5938 -0.0185 0.1044 0.0146 0.1102 0.9883
1305031468.6958 -0.5353 0.5772 -0.0161 0.1097 0.0100 0.1054 0.9883
1305031468.7278 -0.5302 0.5669 -0.0138 0.1161 0.0055 0.1030 0.9879
1305031468.7596 -0.5225 0.5549 -0.0089 0.1188 0.0011 0.1020 0.9877
1305031468.7958 -0.5121 0.5349 -0.0038 0.1211 -0.0011 0.0964 0.9880
1305031468.8292 -0.5076 0.5232 -0.0009 0.1284 -0.0007 0.0886 0.9878
1305031468.8597 -0.5001 0.5227 0.0021 0.1313 -0.0003 0.0839 0.9878
1305031468.8959 -0.4930 0.5114 0.0087 0.1268 0.0031 0.0836 0.9884
1305031468.9281 -0.4888 0.5023 0.0124 0.1220 0.0075 0.0880 0.9886
1305031468.9596 -0.4901 0.4998 0.0151 0.1159 0.0121 0.0926 0.9889
1305031468.9957 -0.4970 0.5052 0.0196 0.1037 0.0131 0.0917 0.9903
1305031469.0277 -0.4920 0.4907 0.0288 0.0824 0.0100 0.0897 0.9925
1305031469.0598 -0.4896 0.4765 0.0351 0.0669 0.0076 0.0862 0.9940
1305031469.0957 -0.4802 0.4779 0.0439 0.0558 0.0033 0.0784 0.9954
1305031469.1277 -0.4671 0.4712 0.0549 0.0397 0.0036 0.0714 0.9967
1305031469.1597 -0.4618 0.4650 0.0658 0.0261 0.0087 0.0667 0.9974
1305031469.1955 -0.4579 0.4540 0.0782 0.0135 0.0153 0.0637 0.9978
1305031469.2278 -0.4612 0.4464 0.0884 0.0060 0.0214 0.0619 0.9978
1305031469.2596 -0.4583 0.4459 0.1002 0.0004 0.0223 0.0593 0.9980
1305031469.2968 -0.4552 0.4437 0.1123 -0.0061 0.0252 0.0582 0.9980
1305031469.3276 -0.4558 0.4460 0.1238 -0.0116 0.0272 0.0577 0.9979
1305031469.3596 -0.4443 0.4491 0.1386 -0.0195 0.0272 0.0549 0.9979
1305031469.3957 -0.4378 0.4478 0.1526 -0.0259 0.0365 0.0507 0.9977
1305031469.4277 -0.4410 0.4543 0.1653 -0.0286 0.0491 0.0450 0.9974
1305031469.4597 -0.4448 0.4586 0.1813 -0.0328 0.0590 0.0382 0.9970
1305031469.4957 -0.4533 0.4617 0.1987 -0.0356 0.0661 0.0348 0.9966
1305031469.5276 -0.4567 0.4720 0.2109 -0.0369 0.0655 0.0351 0.9965
1305031469.5596 -0.4576 0.4820 0.2254 -0.0412 0.0631 0.0361 0.9965
1305031469.5958 -0.4590 0.4941 0.2384 -0.0462 0.0606 0.0385 0.9963
1305031469.6278 -0.4577 0.5001 0.2535 -0.0560 0.0584 0.0410 0.9959
1305031469.6596 -0.4599 0.5026 0.2705 -0.0642 0.0604 0.0424 0.9952
1305031469.6956 -0.4630 0.5142 0.2842 -0.0673 0.0627 0.0447 0.9948
1305031469.7277 -0.4675 0.5229 0.2990 -0.0729 0.0660 0.0475 0.9940
1305031469.7596 -0.4760 0.5326 0.3124 -0.0785 0.0696 0.0516 0.9931
1305031469.7956 -0.4886 0.5410 0.3311 -0.0842 0.0717 0.0551 0.9923
1305031469.8275 -0.4966 0.5495 0.3439 -0.0880 0.0688 0.0585 0.9920
1305031469.8596 -0.5084 0.5577 0.3585 -0.0934 0.0667 0.0621 0.9915
1305031469.8958 -0.5199 0.5650 0.3722 -0.0975 0.0650 0.0660 0.9909
1305031469.9279 -0.5336 0.5711 0.3868 -0.1007 0.0637 0.0698 0.9904
1305031469.9598 -0.5477 0.5784 0.3993 -0.1009 0.0612 0.0723 0.9904
1305031469.9956 -0.5615 0.5850 0.4106 -0.1017 0.0592 0.0748 0.9902
1305031470.0277 -0.5757 0.5915 0.4197 -0.1029 0.0565 0.0761 0.9902
1305031470.0596 -0.5912 0.5978 0.4296 -0.1042 0.0555 0.0773 0.9900
1305031470.0959 -0.6076 0.6028 0.4370 -0.1051 0.0560 0.0794 0.9897
1305031470.1276 -0.6240 0.6083 0.4431 -0.1079 0.0552 0.0828 0.9892
1305031470.1596 -0.6415 0.6135 0.4532 -0.1095 0.0542 0.0870 0.9887
1305031470.1961 -0.6597 0.6164 0.4577 -0.1105 0.0537 0.0902 0.9883
1305031470.2276 -0.6746 0.6188 0.4624 -0.1138 0.0518 0.0942 0.9877
1305031470.2600 -0.6916 0.6212 0.4676 -0.1178 0.0513 0.0979 0.9869
1305031470.2957 -0.7074 0.6233 0.4721 -0.1230 0.0500 0.1013 0.9860
1305031470.3276 -0.7251 0.6255 0.4787 -0.1285 0.0492 0.1054 0.9849
1305031470.3596 -0.7426 0.6268 0.4849 -0.1321 0.0475 0.1114 0.9838
1305031470.3958 -0.7585 0.6271 0.4903 -0.1352 0.0450 0.1159 0.9830
1305031470.4276 -0.7726 0.6257 0.4960 -0.1374 0.0417 0.1157 0.9829
1305031470.4597 -0.7874 0.6218 0.4999 -0.1389 0.0401 0.1154 0.9828
1305031470.4957 -0.8018 0.6197 0.5029 -0.1379 0.0388 0.1166 0.9828
1305031470.5277 -0.8146 0.6175 0.5052 -0.1382 0.0374 0.1164 0.9828
1305031470.5597 -0.8301 0.6172 0.5096 -0.1387 0.0394 0.1173 0.9826
1305031470.5958 -0.8429 0.6141 0.5125 -0.1399 0.0400 0.1205 0.9820
1305031470.6277 -0.8552 0.6126 0.5166 -0.1416 0.0405 0.1255 0.9811
1305031470.6597 -0.8674 0.6106 0.5209 -0.1425 0.0412 0.1296 0.9804
1305031470.6956 -0.8803 0.6106 0.5261 -0.1428 0.0411 0.1334 0.9799
1305031470.7277 -0.8893 0.6075 0.5319 -0.1428 0.0403 0.1357 0.9796
1305031470.7597 -0.8977 0.6062 0.5324 -0.1430 0.0432 0.1390 0.9790
1305031470.7956 -0.9080 0.6063 0.5384 -0.1438 0.0480 0.1441 0.9779
1305031470.8278 -0.9187 0.6041 0.5441 -0.1390 0.0513 0.1487 0.9777
1305031470.8596 -0.9285 0.6006 0.5471 -0.1330 0.0538 0.1528 0.9778
1305031470.8957 -0.9397 0.5978 0.5493 -0.1267 0.0562 0.1568 0.9779
1305031470.9277 -0.9483 0.5941 0.5539 -0.1200 0.0556 0.1604 0.9781
1305031470.9596 -0.9549 0.5894 0.5562 -0.1085 0.0547 0.1619 0.9793
1305031470.9960 -0.9617 0.5886 0.5564 -0.0968 0.0564 0.1631 0.9802
1305031471.0276 -0.9671 0.5842 0.5585 -0.0874 0.0600 0.1640 0.9807
1305031471.0596 -0.9754 0.5805 0.5596 -0.0762 0.0670 0.1667 0.9808
1305031471.0958 -0.9845 0.5786 0.5602 -0.0649 0.0720 0.1717 0.9804
1305031471.1277 -0.9898 0.5741 0.5611 -0.0571 0.0732 0.1771 0.9798
1305031471.1596 -0.9953 0.5716 0.5599 -0.0493 0.0756 0.1823 0.9791
1305031471.1957 -1.0009 0.5692 0.5597 -0.0456 0.0794 0.1877 0.9780
1305031471.2276 -1.0076 0.5652 0.5611 -0.0450 0.0836 0.1927 0.9767
1305031471.2597 -1.0117 0.5596 0.5633 -0.0461 0.0852 0.1963 0.9757
1305031471.2961 -1.0138 0.5538 0.5646 -0.0457 0.0869 0.2008 0.9747
1305031471.3276 -1.0157 0.5516 0.5626 -0.0423 0.0906 0.2035 0.9740
1305031471.3596 -1.0194 0.5503 0.5614 -0.0428 0.0980 0.2059 0.9727
1305031471.3957 -1.0228 0.5408 0.5639 -0.0462 0.1057 0.2115 0.9705
1305031471.4277 -1.0308 0.5358 0.5632 -0.0422 0.1117 0.2176 0.9687
1305031471.4596 -1.0360 0.5346 0.5617 -0.0394 0.1119 0.2222 0.9678
1305031471.4965 -1.0394 0.5310 0.5615 -0.0401 0.1122 0.2265 0.9667
1305031471.5276 -1.0434 0.5280 0.5607 -0.0396 0.1131 0.2307 0.9656
1305031471.5597 -1.0456 0.5266 0.5588 -0.0398 0.1140 0.2326 0.9650
1305031471.5957 -1.0477 0.5233 0.5561 -0.0417 0.1177 0.2352 0.9639
1305031471.6276 -1.0495 0.5185 0.5520 -0.0443 0.1215 0.2374 0.9628
1305031471.6596 -1.0497 0.5117 0.5462 -0.0474 0.1246 0.2408 0.9614
1305031471.6956 -1.0479 0.5076 0.5420 -0.0494 0.1249 0.2447 0.9602
1305031471.7275 -1.0476 0.5066 0.5413 -0.0502 0.1251 0.2455 0.9600
1305031471.7597 -1.0434 0.5018 0.5380 -0.0544 0.1245 0.2506 0.9585
1305031471.7958 -1.0424 0.5005 0.5354 -0.0555 0.1248 0.2514 0.9582
1305031471.8276 -1.0404 0.4927 0.5322 -0.0623 0.1266 0.2550 0.9566
1305031471.8597 -1.0300 0.4722 0.5318 -0.0833 0.1294 0.2757 0.9489
1305031471.8956 -1.0293 0.4719 0.5323 -0.0840 0.1290 0.2759 0.9488
1305031471.9277 -1.0289 0.4710 0.5327 -0.0850 0.1290 0.2758 0.9487
1305031471.9596 -1.0286 0.4718 0.5333 -0.0850 0.1289 0.2759 0.9487
1305031471.9956 -1.0278 0.4717 0.5333 -0.0854 0.1285 0.2760 0.9487
1305031472.0276 -1.0266 0.4715 0.5326 -0.0857 0.1277 0.2764 0.9487
1305031472.0597 -1.0233 0.4661 0.5263 -0.0914 0.1280 0.2792 0.9473
1305031472.0956 -1.0216 0.4656 0.5252 -0.0925 0.1273 0.2801 0.9470
1305031472.1276 -1.0257 0.4382 0.5162 -0.1130 0.1361 0.2777 0.9442
1305031472.1596 -1.0338 0.4366 0.5156 -0.1130 0.1419 0.2782 0.9432
1305031472.1957 -1.0435 0.4401 0.5177 -0.1048 0.1486 0.2794 0.9428
1305031472.2276 -1.0507 0.4423 0.5203 -0.0997 0.1534 0.2802 0.9424
1305031472.2638 -1.0462 0.4398 0.5231 -0.0986 0.1519 0.2821 0.9421
1305031472.2957 -1.0455 0.4377 0.5222 -0.0928 0.1544 0.2840 0.9418
1305031472.3277 -1.0521 0.4353 0.5217 -0.0889 0.1609 0.2827 0.9414
1305031472.3636 -1.0552 0.4348 0.5224 -0.0881 0.1624 0.2834 0.9410
1305031472.3956 -1.0546 0.4323 0.5239 -0.0878 0.1603 0.2850 0.9409
1305031472.4277 -1.0531 0.4297 0.5246 -0.0856 0.1580 0.2853 0.9414
1305031472.4636 -1.0500 0.4278 0.5224 -0.0844 0.1557 0.2842 0.9423
1305031472.4956 -1.0488 0.4264 0.5211 -0.0854 0.1577 0.2836 0.9420
1305031472.5276 -1.0445 0.4223 0.5230 -0.0867 0.1583 0.2849 0.9414
1305031472.5636 -1.0419 0.4187 0.5225 -0.0823 0.1591 0.2856 0.9415
1305031472.5957 -1.0425 0.4195 0.5195 -0.0762 0.1598 0.2872 0.9414
1305031472.6277 -1.0390 0.4180 0.5188 -0.0760 0.1583 0.2890 0.9411
1305031472.6636 -1.0342 0.4153 0.5191 -0.0761 0.1569 0.2904 0.9409
1305031472.6958 -1.0302 0.4133 0.5189 -0.0744 0.1561 0.2916 0.9408
1305031472.7276 -1.0261 0.4114 0.5185 -0.0724 0.1552 0.2912 0.9412
1305031472.7636 -1.0220 0.4110 0.5176 -0.0707 0.1548 0.2899 0.9418
1305031472.7956 -1.0209 0.4083 0.5187 -0.0699 0.1577 0.2877 0.9421
1305031472.8276 -1.0193 0.4071 0.5195 -0.0676 0.1595 0.2872 0.9421
1305031472.8636 -1.0183 0.4060 0.5197 -0.0656 0.1600 0.2881 0.9419
1305031472.8957 -1.0200 0.4063 0.5210 -0.0636 0.1607 0.2896 0.9414
1305031472.9277 -1.0169 0.4058 0.5221 -0.0636 0.1588 0.2915 0.9412
1305031472.9638 -1.0166 0.4066 0.5226 -0.0621 0.1593 0.2924 0.9409
1305031472.9957 -1.0165 0.4055 0.5241 -0.0629 0.1588 0.2936 0.9406
1305031473.0276 -1.0142 0.4056 0.5244 -0.0633 0.1560 0.2939 0.9409
1305031473.0637 -1.0120 0.4045 0.5249 -0.0647 0.1547 0.2928 0.9414
1305031473.0957 -1.0108 0.4049 0.5251 -0.0645 0.1552 0.2911 0.9418
1305031473.1277 -1.0105 0.4028 0.5257 -0.0662 0.1563 0.2899 0.9419
1305031473.1671 -1.0108 0.4015 0.5266 -0.0654 0.1566 0.2895 0.9420
1305031473.1961 -1.0107 0.4014 0.5260 -0.0639 0.1564 0.2891 0.9423
