1305031453.4237 0.0044 0.0028 -0.0083 0.0013 0.0041 0.0095 0.9999
1305031453.4597 0.0104 0.0071 -0.0191 0.0051 0.0096 0.0183 0.9998
1305031453.4917 0.0122 0.0119 -0.0293 0.0094 0.0166 0.0284 0.9994
1305031453.5237 0.0122 0.0170 -0.0418 0.0160 0.0219 0.0373 0.9989
1305031453.5598 0.0139 0.0220 -0.0552 0.0230 0.0243 0.0440 0.9985
1305031453.5916 0.0140 0.0298 -0.0701 0.0309 0.0270 0.0484 0.9980
1305031453.6277 0.0086 0.0329 -0.0829 0.0367 0.0291 0.0525 0.9975
1305031453.6596 0.0052 0.0406 -0.0970 0.0446 0.0250 0.0512 0.9974
1305031453.6917 0.0018 0.0509 -0.1132 0.0517 0.0194 0.0468 0.9974
1305031453.7277 -0.0066 0.0590 -0.1261 0.0561 0.0151 0.0418 0.9974
1305031453.7597 -0.0150 0.0665 -0.1384 0.0609 0.0066 0.0341 0.9975
1305031453.7917 -0.0207 0.0753 -0.1529 0.0653 -0.0029 0.0262 0.9975
1305031453.8278 -0.0299 0.0826 -0.1642 0.0680 -0.0100 0.0200 0.9974
1305031453.8597 -0.0397 0.0887 -0.1750 0.0694 -0.0227 0.0128 0.9972
1305031453.8917 -0.0503 0.0989 -0.1876 0.0699 -0.0384 0.0051 0.9968
1305031453.9277 -0.0596 0.1016 -0.1958 0.0663 -0.0569 0.0007 0.9962
1305031453.9596 -0.0656 0.1056 -0.2047 0.0634 -0.0742 -0.0082 0.9952
1305031453.9916 -0.0776 0.1069 -0.2057 0.0617 -0.0858 -0.0193 0.9942
1305031454.0277 -0.0867 0.1098 -0.2100 0.0641 -0.0985 -0.0291 0.9926
1305031454.0597 -0.0932 0.1151 -0.2160 0.0653 -0.1109 -0.0405 0.9909
1305031454.0917 -0.0998 0.1135 -0.2134 0.0651 -0.1242 -0.0538 0.9887
1305031454.1277 -0.1028 0.1108 -0.2127 0.0674 -0.1409 -0.0677 0.9854
1305031454.1597 -0.1050 0.1110 -0.2155 0.0667 -0.1589 -0.0798 0.9818
1305031454.1917 -0.1206 0.1185 -0.2116 0.0675 -0.1729 -0.0918 0.9783
1305031454.2277 -0.1223 0.1221 -0.2101 0.0690 -0.1734 -0.0915 0.9782
1305031454.2596 -0.1217 0.1241 -0.2050 0.0756 -0.1908 -0.1070 0.9728
1305031454.2916 -0.1394 0.1388 -0.2032 0.0792 -0.1885 -0.1094 0.9728
1305031454.3277 -0.1429 0.1409 -0.2043 0.0799 -0.1877 -0.1098 0.9728
1305031454.3596 -0.1512 0.1478 -0.2043 0.0883 -0.1983 -0.1230 0.9684
1305031454.3917 -0.1576 0.1531 -0.2009 0.0910 -0.1991 -0.1262 0.9675
1305031454.4275 -0.1995 0.1719 -0.2131 0.0964 -0.1923 -0.1341 0.9673
1305031454.4599 -0.1975 0.1739 -0.2102 0.0999 -0.2055 -0.1495 0.9620
1305031454.4916 -0.2171 0.1836 -0.2067 0.1035 -0.2019 -0.1569 0.9612
1305031454.5277 -0.2201 0.1867 -0.2047 0.1044 -0.2017 -0.1570 0.9611
1305031454.5596 -0.2240 0.1904 -0.2010 0.1053 -0.2015 -0.1570 0.9611
1305031454.5916 -0.2264 0.1922 -0.1990 0.1057 -0.2015 -0.1570 0.9610
1305031454.6276 -0.2276 0.1935 -0.1983 0.1061 -0.2013 -0.1571 0.9610
1305031454.6595 -0.2297 0.1951 -0.1963 0.1064 -0.2013 -0.1571 0.9610
1305031454.6919 -0.2307 0.1956 -0.1948 0.1063 -0.2014 -0.1569 0.9610
1305031454.7277 -0.2328 0.1947 -0.1916 0.1054 -0.2020 -0.1570 0.9610
1305031454.7597 -0.2267 0.1995 -0.1826 0.1019 -0.2124 -0.1532 0.9597
1305031454.7916 -0.2262 0.2000 -0.1826 0.0957 -0.2161 -0.1465 0.9606
1305031454.8276 -0.2244 0.2103 -0.1808 0.0931 -0.2180 -0.1399 0.9614
1305031454.8596 -0.2247 0.2163 -0.1796 0.0871 -0.2154 -0.1323 0.9636
1305031454.8918 -0.2240 0.2235 -0.1798 0.0827 -0.2112 -0.1241 0.9660
1305031454.9276 -0.2249 0.2312 -0.1819 0.0781 -0.2059 -0.1171 0.9684
1305031454.9596 -0.2296 0.2376 -0.1852 0.0738 -0.2004 -0.1107 0.9706
1305031454.9919 -0.2364 0.2440 -0.1885 0.0708 -0.1972 -0.1039 0.9723
1305031455.0278 -0.2411 0.2559 -0.1911 0.0715 -0.1963 -0.1005 0.9728
1305031455.0596 -0.2473 0.2610 -0.1925 0.0693 -0.1935 -0.0982 0.9737
1305031455.0917 -0.2557 0.2665 -0.1959 0.0707 -0.1892 -0.0977 0.9745
1305031455.1277 -0.2656 0.2776 -0.2002 0.0725 -0.1833 -0.0957 0.9757
1305031455.1597 -0.2782 0.2851 -0.2035 0.0714 -0.1780 -0.0904 0.9773
1305031455.1917 -0.2902 0.2895 -0.2047 0.0674 -0.1748 -0.0837 0.9787
1305031455.2276 -0.3032 0.2929 -0.2081 0.0667 -0.1706 -0.0786 0.9799
1305031455.2596 -0.3137 0.3038 -0.2114 0.0654 -0.1661 -0.0716 0.9813
1305031455.2918 -0.3287 0.3038 -0.2132 0.0562 -0.1608 -0.0610 0.9835
1305031455.3278 -0.3446 0.3094 -0.2179 0.0514 -0.1579 -0.0498 0.9849
1305031455.3596 -0.3530 0.3164 -0.2185 0.0442 -0.1581 -0.0428 0.9855
1305031455.3917 -0.3642 0.3141 -0.2192 0.0327 -0.1526 -0.0335 0.9872
1305031455.4276 -0.3812 0.3144 -0.2239 0.0253 -0.1453 -0.0224 0.9888
1305031455.4596 -0.3958 0.3103 -0.2283 0.0198 -0.1420 -0.0132 0.9896
1305031455.4916 -0.4091 0.3113 -0.2338 0.0158 -0.1391 -0.0015 0.9901
1305031455.5276 -0.4250 0.3030 -0.2395 0.0094 -0.1363 0.0128 0.9905
1305031455.5597 -0.4416 0.2976 -0.2478 0.0072 -0.1370 0.0265 0.9902
1305031455.5916 -0.4559 0.2985 -0.2562 0.0063 -0.1386 0.0409 0.9895
1305031455.6276 -0.4686 0.2886 -0.2587 0.0005 -0.1388 0.0542 0.9888
1305031455.6596 -0.4837 0.2793 -0.2667 0.0017 -0.1363 0.0601 0.9888
1305031455.6916 -0.4987 0.2763 -0.2756 0.0055 -0.1341 0.0595 0.9892
1305031455.7276 -0.5114 0.2693 -0.2839 0.0065 -0.1310 0.0548 0.9898
1305031455.7597 -0.5260 0.2627 -0.2937 0.0066 -0.1250 0.0516 0.9908
1305031455.7917 -0.5390 0.2500 -0.3037 0.0061 -0.1197 0.0532 0.9914
1305031455.8276 -0.5538 0.2444 -0.3165 0.0087 -0.1156 0.0536 0.9918
1305031455.8595 -0.5650 0.2368 -0.3266 0.0086 -0.1140 0.0522 0.9921
1305031455.8917 -0.5754 0.2309 -0.3369 0.0088 -0.1113 0.0519 0.9924
1305031455.9280 -0.5854 0.2237 -0.3450 0.0075 -0.1081 0.0515 0.9928
1305031455.9597 -0.5965 0.2213 -0.3554 0.0085 -0.1041 0.0490 0.9933
1305031455.9917 -0.6044 0.2159 -0.3628 0.0059 -0.1003 0.0474 0.9938
1305031456.0278 -0.6158 0.2171 -0.3728 0.0017 -0.0941 0.0435 0.9946
1305031456.0597 -0.6251 0.2051 -0.3763 -0.0098 -0.0904 0.0369 0.9952
1305031456.0917 -0.6323 0.1926 -0.3778 -0.0171 -0.0878 0.0325 0.9955
1305031456.1276 -0.6400 0.1849 -0.3809 -0.0191 -0.0842 0.0316 0.9958
1305031456.1597 -0.6439 0.1722 -0.3794 -0.0220 -0.0803 0.0318 0.9960
1305031456.1917 -0.6497 0.1626 -0.3815 -0.0182 -0.0721 0.0343 0.9966
1305031456.2277 -0.6589 0.1660 -0.3855 -0.0139 -0.0613 0.0379 0.9973
1305031456.2917 -0.6767 0.1429 -0.3807 -0.0173 -0.0385 0.0460 0.9980
1305031456.3277 -0.6845 0.1348 -0.3771 -0.0143 -0.0275 0.0530 0.9981
1305031456.3916 -0.7017 0.1229 -0.3671 -0.0129 -0.0027 0.0629 0.9979
1305031456.4277 -0.7193 0.1200 -0.3623 -0.0068 0.0110 0.0696 0.9975
1305031456.4917 -0.7588 0.1246 -0.3455 -0.0095 0.0207 0.0817 0.9964
1305031456.5276 -0.7683 0.1204 -0.3339 -0.0151 0.0180 0.0875 0.9959
1305031456.5917 -0.7862 0.1178 -0.3147 -0.0166 0.0220 0.0991 0.9947
1305031456.6276 -0.7985 0.1250 -0.3042 -0.0272 0.0259 0.1059 0.9937
1305031456.6916 -0.8213 0.0999 -0.2769 -0.0424 0.0351 0.1229 0.9909
1305031456.7277 -0.8404 0.1085 -0.2669 -0.0439 0.0373 0.1327 0.9895
1305031456.7916 -0.8649 0.0878 -0.2416 -0.0472 0.0283 0.1469 0.9876
1305031456.8276 -0.8750 0.1006 -0.2336 -0.0443 0.0245 0.1549 0.9866
1305031456.8917 -0.8856 0.0871 -0.2073 -0.0561 0.0251 0.1670 0.9840
1305031456.9277 -0.8990 0.0902 -0.1991 -0.0504 0.0325 0.1727 0.9832
1305031456.9597 -0.9159 0.0992 -0.1931 -0.0502 0.0395 0.1776 0.9820
1305031456.9917 -0.9263 0.0909 -0.1834 -0.0606 0.0434 0.1802 0.9808
1305031457.0276 -0.9374 0.0868 -0.1777 -0.0631 0.0477 0.1840 0.9797
1305031457.0917 -0.9606 0.0845 -0.1714 -0.0759 0.0567 0.1941 0.9764
1305031457.1276 -0.9677 0.0735 -0.1689 -0.0813 0.0618 0.1987 0.9747
1305031457.1917 -0.9943 0.0674 -0.1752 -0.0800 0.0774 0.2108 0.9712
1305031457.2275 -1.0062 0.0579 -0.1767 -0.0857 0.0839 0.2169 0.9688
1305031457.2917 -1.0273 0.0399 -0.1876 -0.0793 0.1000 0.2287 0.9651
1305031457.3275 -1.0432 0.0376 -0.1957 -0.0772 0.1110 0.2333 0.9630
1305031457.3917 -1.0672 0.0120 -0.2082 -0.0785 0.1338 0.2460 0.9568
1305031457.4276 -1.0882 0.0051 -0.2157 -0.0757 0.1445 0.2528 0.9537
1305031457.4917 -1.1121 -0.0212 -0.2298 -0.0771 0.1500 0.2613 0.9504
1305031457.5276 -1.1224 -0.0322 -0.2386 -0.0742 0.1537 0.2639 0.9493
1305031457.5597 -1.1349 -0.0417 -0.2470 -0.0712 0.1594 0.2677 0.9476
1305031457.5917 -1.1527 -0.0486 -0.2540 -0.0679 0.1655 0.2708 0.9459
1305031457.6275 -1.1619 -0.0646 -0.2580 -0.0696 0.1677 0.2737 0.9445
1305031457.6596 -1.1813 -0.0675 -0.2653 -0.0645 0.1720 0.2772 0.9431
1305031457.6916 -1.1922 -0.0792 -0.2684 -0.0703 0.1714 0.2796 0.9421
1305031457.7277 -1.1946 -0.1003 -0.2721 -0.0746 0.1710 0.2799 0.9417
1305031457.7596 -1.2021 -0.1154 -0.2760 -0.0734 0.1731 0.2784 0.9419
1305031457.7916 -1.2029 -0.1357 -0.2815 -0.0695 0.1774 0.2771 0.9418
1305031457.8277 -1.2180 -0.1375 -0.2902 -0.0587 0.1869 0.2767 0.9408
1305031457.8596 -1.2279 -0.1509 -0.2924 -0.0584 0.1955 0.2768 0.9390
1305031457.8916 -1.2329 -0.1774 -0.2912 -0.0559 0.2042 0.2770 0.9372
1305031457.9276 -1.2505 -0.1859 -0.2929 -0.0427 0.2121 0.2797 0.9354
1305031457.9916 -1.2662 -0.2070 -0.2915 -0.0312 0.2152 0.2844 0.9337
1305031458.0278 -1.2703 -0.2209 -0.2884 -0.0241 0.2194 0.2843 0.9330
1305031458.0597 -1.2865 -0.2195 -0.2850 -0.0139 0.2262 0.2856 0.9312
1305031458.0917 -1.2991 -0.2246 -0.2766 -0.0141 0.2309 0.2869 0.9296
1305031458.1276 -1.3076 -0.2345 -0.2651 -0.0157 0.2344 0.2874 0.9286
1305031458.1596 -1.3155 -0.2469 -0.2541 -0.0148 0.2368 0.2900 0.9271
1305031458.1916 -1.3307 -0.2483 -0.2417 -0.0126 0.2372 0.2940 0.9258
1305031458.2276 -1.3373 -0.2502 -0.2235 -0.0159 0.2337 0.2957 0.9261
1305031458.2599 -1.3316 -0.2679 -0.2025 -0.0205 0.2297 0.2914 0.9284
1305031458.2917 -1.3425 -0.2768 -0.1897 -0.0108 0.2273 0.2901 0.9295
1305031458.3276 -1.3435 -0.2795 -0.1726 -0.0066 0.2200 0.2915 0.9309
1305031458.3596 -1.3445 -0.2811 -0.1452 0.0035 0.2181 0.2888 0.9322
1305031458.3916 -1.3453 -0.2821 -0.1315 0.0171 0.2148 0.2906 0.9323
1305031458.4276 -1.3428 -0.2826 -0.1164 0.0262 0.2131 0.2979 0.9301
1305031458.4596 -1.3320 -0.2883 -0.1024 0.0358 0.2158 0.3032 0.9275
1305031458.4917 -1.3282 -0.2935 -0.0859 0.0538 0.2279 0.3008 0.9245
1305031458.5277 -1.3312 -0.2919 -0.0681 0.0681 0.2393 0.2971 0.9218
1305031458.5596 -1.3333 -0.2926 -0.0479 0.0729 0.2490 0.2943 0.9198
1305031458.5916 -1.3363 -0.2949 -0.0269 0.0800 0.2562 0.2884 0.9191
1305031458.6277 -1.3431 -0.2819 -0.0075 0.0841 0.2562 0.2841 0.9201
1305031458.6596 -1.3451 -0.2843 0.0143 0.0782 0.2511 0.2859 0.9215
1305031458.6917 -1.3492 -0.2822 0.0423 0.0763 0.2388 0.2812 0.9263
1305031458.7276 -1.3307 -0.2870 0.0607 0.0742 0.2209 0.2742 0.9330
1305031458.7599 -1.3362 -0.2897 0.0772 0.0805 0.2093 0.2644 0.9380
1305031458.7916 -1.3351 -0.2813 0.0904 0.0832 0.1931 0.2574 0.9432
1305031458.8276 -1.3245 -0.2834 0.1048 0.0770 0.1818 0.2555 0.9464
1305031458.8917 -1.3165 -0.2869 0.1261 0.0832 0.1792 0.2444 0.9493
1305031458.9276 -1.3276 -0.2877 0.1334 0.0807 0.1869 0.2507 0.9464
1305031458.9596 -1.3270 -0.2966 0.1406 0.0725 0.1899 0.2644 0.9428
1305031458.9916 -1.3233 -0.3133 0.1472 0.0722 0.1919 0.2695 0.9409
1305031459.0277 -1.3359 -0.3230 0.1565 0.0828 0.1919 0.2677 0.9406
1305031459.0596 -1.3476 -0.3381 0.1703 0.0921 0.1870 0.2762 0.9382
1305031459.1276 -1.5841 -0.5093 -0.0031 0.0804 0.2236 0.2665 0.9341
1305031459.1596 -1.5894 -0.5137 0.0086 0.0941 0.1993 0.2677 0.9379
1305031459.1917 -1.5963 -0.5154 0.0173 0.1042 0.1810 0.2734 0.9389
1305031459.2276 -1.6012 -0.5176 0.0269 0.1097 0.1682 0.2837 0.9376
1305031459.2598 -1.6029 -0.5126 0.0390 0.1119 0.1645 0.2927 0.9353
1305031459.3276 -1.6076 -0.5081 0.0634 0.1063 0.1931 0.3203 0.9213
1305031459.3597 -1.6183 -0.5033 0.0769 0.1094 0.2180 0.3372 0.9093
1305031459.3917 -1.6388 -0.4857 0.0966 0.1087 0.2457 0.3574 0.8945
1305031459.4276 -1.6368 -0.4804 0.1081 0.0958 0.2742 0.3919 0.8730
1305031459.4597 -1.6492 -0.4868 0.1138 0.0916 0.3074 0.4262 0.8459
1305031459.5276 -1.6779 -0.4765 0.1347 0.0783 0.3423 0.4824 0.8025
1305031459.5596 -1.6870 -0.4914 0.1268 0.0717 0.3508 0.5082 0.7833
1305031459.5917 -1.7012 -0.4992 0.1296 0.0707 0.3547 0.5255 0.7701
1305031459.6276 -1.7070 -0.5077 0.1354 0.0674 0.3548 0.5356 0.7634
1305031459.6596 -1.7184 -0.5103 0.1427 0.0667 0.3612 0.5351 0.7608
1305031459.6916 -1.7292 -0.5218 0.1509 0.0588 0.3710 0.5399 0.7532
1305031459.7276 -1.7334 -0.5416 0.1554 0.0499 0.3771 0.5438 0.7481
1305031459.7917 -1.7515 -0.5810 0.1709 0.0460 0.3888 0.5371 0.7472
1305031459.8277 -1.7601 -0.5971 0.1794 0.0448 0.3896 0.5349 0.7484
1305031459.8597 -1.7686 -0.6142 0.1900 0.0408 0.3886 0.5345 0.7494
1305031459.8916 -1.7686 -0.6303 0.1971 0.0370 0.3828 0.5388 0.7496
1305031459.9276 -1.7684 -0.6453 0.2037 0.0371 0.3794 0.5422 0.7488
1305031459.9917 -1.7731 -0.6738 0.2196 0.0341 0.3755 0.5496 0.7455
1305031460.0276 -1.7708 -0.6892 0.2259 0.0330 0.3748 0.5525 0.7437
1305031460.0597 -1.7728 -0.7055 0.2345 0.0335 0.3758 0.5539 0.7422
1305031460.0917 -1.7719 -0.7245 0.2410 0.0363 0.3714 0.5606 0.7392
1305031460.1277 -1.7673 -0.7382 0.2466 0.0444 0.3631 0.5691 0.7365
1305031460.1597 -1.7681 -0.7488 0.2549 0.0537 0.3572 0.5750 0.7341
1305031460.1916 -1.7637 -0.7546 0.2633 0.0564 0.3498 0.5815 0.7323
1305031460.2278 -1.7491 -0.7579 0.2674 0.0572 0.3466 0.5859 0.7303
1305031460.2917 -1.7390 -0.7769 0.2761 0.0549 0.3615 0.5844 0.7244
1305031460.3275 -1.7346 -0.7882 0.2797 0.0537 0.3693 0.5853 0.7198
1305031460.3916 -1.7242 -0.8041 0.2915 0.0459 0.3855 0.5900 0.7080
1305031460.4275 -1.7181 -0.8138 0.2954 0.0428 0.3945 0.5933 0.7004
1305031460.4596 -1.7144 -0.8181 0.3007 0.0392 0.4054 0.5955 0.6925
1305031460.4915 -1.7139 -0.8266 0.3063 0.0312 0.4170 0.6001 0.6819
1305031460.5276 -1.7065 -0.8367 0.3089 0.0230 0.4240 0.6090 0.6700
1305031460.5596 -1.6987 -0.8461 0.3122 0.0151 0.4306 0.6126 0.6626
1305031460.5919 -1.6955 -0.8571 0.3171 0.0091 0.4383 0.6129 0.6574
1305031460.6276 -1.6883 -0.8668 0.3199 0.0042 0.4444 0.6147 0.6516
1305031460.6598 -1.6849 -0.8789 0.3253 -0.0000 0.4515 0.6136 0.6478
1305031460.6917 -1.6834 -0.8908 0.3333 -0.0042 0.4556 0.6142 0.6443
1305031460.7277 -1.6771 -0.8985 0.3390 -0.0096 0.4562 0.6149 0.6432
1305031460.7597 -1.6693 -0.9077 0.3441 -0.0145 0.4597 0.6137 0.6417
1305031460.7917 -1.6669 -0.9192 0.3534 -0.0183 0.4638 0.6126 0.6397
1305031460.8277 -1.6621 -0.9255 0.3619 -0.0233 0.4643 0.6108 0.6409
1305031460.8597 -1.6563 -0.9309 0.3688 -0.0303 0.4661 0.6092 0.6409
1305031460.8918 -1.6481 -0.9409 0.3766 -0.0390 0.4690 0.6078 0.6396
1305031460.9276 -1.6404 -0.9512 0.3868 -0.0456 0.4704 0.6075 0.6384
1305031460.9917 -1.6139 -0.9663 0.3943 -0.0504 0.4715 0.6107 0.6341
1305031461.0276 -1.6043 -0.9744 0.4021 -0.0499 0.4742 0.6107 0.6322
1305031461.0917 -1.5948 -0.9832 0.4184 -0.0464 0.4748 0.6087 0.6339
1305031461.1276 -1.5818 -0.9872 0.4210 -0.0487 0.4736 0.6080 0.6354
1305031461.1597 -1.5698 -0.9934 0.4267 -0.0482 0.4755 0.6058 0.6361
1305031461.1920 -1.5655 -0.9939 0.4323 -0.0453 0.4769 0.6014 0.6394
1305031461.2276 -1.5591 -0.9972 0.4379 -0.0456 0.4786 0.5989 0.6405
1305031461.2596 -1.5503 -1.0001 0.4422 -0.0447 0.4792 0.5961 0.6427
1305031461.2917 -1.5443 -1.0002 0.4465 -0.0434 0.4802 0.5908 0.6469
1305031461.3278 -1.5381 -0.9963 0.4483 -0.0426 0.4817 0.5867 0.6496
1305031461.3597 -1.5385 -0.9943 0.4561 -0.0469 0.4848 0.5829 0.6504
1305031461.3917 -1.5227 -0.9972 0.4611 -0.0553 0.4825 0.5855 0.6491
1305031461.4276 -1.5144 -0.9965 0.4629 -0.0564 0.4828 0.5839 0.6502
1305031461.4598 -1.5151 -0.9916 0.4672 -0.0583 0.4824 0.5850 0.6494
1305031461.4917 -1.4956 -0.9947 0.4626 -0.0637 0.4793 0.5885 0.6480
1305031461.5277 -1.4969 -0.9916 0.4635 -0.0586 0.4829 0.5844 0.6495
1305031461.5597 -1.4947 -0.9843 0.4570 -0.0597 0.4831 0.5815 0.6519
1305031461.5917 -1.4949 -0.9810 0.4536 -0.0616 0.4901 0.5769 0.6505
1305031461.6275 -1.4951 -0.9760 0.4518 -0.0650 0.4946 0.5761 0.6475
1305031461.6596 -1.4940 -0.9716 0.4500 -0.0681 0.4982 0.5758 0.6446
1305031461.6916 -1.4972 -0.9659 0.4496 -0.0685 0.5008 0.5797 0.6391
1305031461.7276 -1.4932 -0.9590 0.4439 -0.0704 0.4992 0.5855 0.6349
1305031461.7597 -1.4980 -0.9518 0.4378 -0.0701 0.5003 0.5877 0.6320
1305031461.7916 -1.5007 -0.9428 0.4317 -0.0737 0.5002 0.5915 0.6281
1305031461.8276 -1.5021 -0.9349 0.4260 -0.0761 0.5028 0.5953 0.6222
1305031461.8598 -1.5120 -0.9250 0.4255 -0.0764 0.5072 0.5990 0.6149
1305031461.8917 -1.5201 -0.9173 0.4258 -0.0793 0.5078 0.6083 0.6049
1305031461.9278 -1.5215 -0.9070 0.4232 -0.0839 0.5037 0.6176 0.5982
1305031461.9597 -1.5272 -0.8921 0.4144 -0.0880 0.5044 0.6197 0.5949
1305031461.9916 -1.5431 -0.8863 0.4195 -0.0947 0.5109 0.6234 0.5842
1305031462.0277 -1.5417 -0.8883 0.4235 -0.1058 0.5080 0.6345 0.5728
1305031462.0598 -1.5449 -0.8858 0.4255 -0.1075 0.5026 0.6456 0.5648
1305031462.0918 -1.5504 -0.8779 0.4228 -0.1060 0.4957 0.6560 0.5592
1305031462.1277 -1.5574 -0.8711 0.4207 -0.1064 0.4912 0.6641 0.5535
1305031462.1596 -1.5619 -0.8680 0.4200 -0.1093 0.4880 0.6699 0.5487
1305031462.1916 -1.5721 -0.8624 0.4213 -0.1121 0.4872 0.6693 0.5497
1305031462.2276 -1.5812 -0.8589 0.4231 -0.1177 0.4863 0.6702 0.5481
1305031462.2598 -1.5880 -0.8574 0.4260 -0.1247 0.4839 0.6702 0.5488
1305031462.2916 -1.5972 -0.8541 0.4292 -0.1305 0.4802 0.6684 0.5527
1305031462.3275 -1.6072 -0.8478 0.4302 -0.1365 0.4761 0.6658 0.5580
1305031462.3597 -1.6200 -0.8462 0.4380 -0.1444 0.4758 0.6607 0.5624
1305031462.3917 -1.6431 -0.8358 0.4538 -0.1380 0.4813 0.6556 0.5652
1305031462.4276 -1.6442 -0.8349 0.4572 -0.1380 0.4828 0.6545 0.5652
1305031462.4599 -1.6439 -0.8349 0.4585 -0.1385 0.4832 0.6542 0.5651
1305031462.4920 -1.6438 -0.8351 0.4598 -0.1390 0.4838 0.6539 0.5648
1305031462.5277 -1.6436 -0.8354 0.4605 -0.1393 0.4841 0.6537 0.5646
1305031462.5599 -1.6434 -0.8355 0.4607 -0.1395 0.4842 0.6537 0.5646
1305031462.5919 -1.6433 -0.8356 0.4607 -0.1395 0.4842 0.6537 0.5645
1305031462.6279 -1.6433 -0.8356 0.4607 -0.1396 0.4842 0.6537 0.5645
1305031462.6597 -1.6433 -0.8356 0.4607 -0.1396 0.4842 0.6537 0.5645
1305031462.6925 -1.6433 -0.8356 0.4607 -0.1396 0.4842 0.6537 0.5645
1305031462.7277 -1.6433 -0.8356 0.4607 -0.1396 0.4842 0.6537 0.5645
1305031462.7598 -1.6433 -0.8356 0.4607 -0.1396 0.4842 0.6537 0.5645
1305031462.7919 -1.6427 -0.8360 0.4608 -0.1400 0.4842 0.6539 0.5643
1305031462.8278 -1.6423 -0.8364 0.4617 -0.1405 0.4846 0.6537 0.5640
1305031462.8598 -1.6422 -0.8366 0.4622 -0.1408 0.4848 0.6536 0.5639
1305031462.8918 -1.6419 -0.8369 0.4628 -0.1411 0.4850 0.6535 0.5637
1305031462.9276 -1.6419 -0.8371 0.4638 -0.1414 0.4856 0.6532 0.5635
1305031462.9597 -1.6419 -0.8373 0.4645 -0.1416 0.4860 0.6529 0.5634
1305031462.9955 -1.6417 -0.8376 0.4652 -0.1420 0.4863 0.6527 0.5633
1305031463.0277 -1.6417 -0.8378 0.4657 -0.1422 0.4866 0.6525 0.5632
1305031463.0598 -1.6415 -0.8379 0.4657 -0.1424 0.4866 0.6526 0.5631
1305031463.0958 -1.6412 -0.8381 0.4660 -0.1426 0.4866 0.6526 0.5630
1305031463.1275 -1.6412 -0.8382 0.4660 -0.1427 0.4867 0.6526 0.5629
1305031463.1598 -1.6411 -0.8382 0.4661 -0.1427 0.4867 0.6526 0.5629
1305031463.1957 -1.6411 -0.8382 0.4661 -0.1427 0.4867 0.6526 0.5629
1305031463.2278 -1.6411 -0.8382 0.4661 -0.1427 0.4867 0.6526 0.5629
1305031463.2600 -1.6411 -0.8382 0.4661 -0.1427 0.4867 0.6526 0.5629
1305031463.2957 -1.6411 -0.8382 0.4661 -0.1427 0.4867 0.6526 0.5629
1305031463.3277 -1.6411 -0.8382 0.4661 -0.1427 0.4867 0.6526 0.5629
1305031463.3598 -1.6411 -0.8382 0.4661 -0.1427 0.4867 0.6526 0.5629
1305031463.3956 -1.6411 -0.8382 0.4661 -0.1427 0.4867 0.6526 0.5629
1305031463.4277 -1.6411 -0.8382 0.4661 -0.1427 0.4867 0.6526 0.5629
1305031463.4598 -1.6411 -0.8382 0.4661 -0.1427 0.4867 0.6526 0.5629
1305031463.4956 -1.6407 -0.8392 0.4676 -0.1437 0.4874 0.6522 0.5626
1305031463.5277 -1.6727 -0.7181 0.7775 -0.1760 0.6129 0.5489 0.5404
1305031463.5598 -1.6800 -0.7159 0.7655 -0.1742 0.6171 0.5465 0.5388
1305031463.5956 -1.6875 -0.7084 0.7566 -0.1737 0.6180 0.5444 0.5399
1305031463.6276 -1.6895 -0.6986 0.7416 -0.1734 0.6188 0.5400 0.5435
1305031463.6598 -1.6971 -0.6977 0.7280 -0.1687 0.6250 0.5322 0.5456
1305031463.6956 -1.7098 -0.6911 0.7156 -0.1655 0.6280 0.5253 0.5498
1305031463.7276 -1.7091 -0.6905 0.6912 -0.1680 0.6256 0.5245 0.5525
1305031463.7597 -1.7055 -0.6983 0.6590 -0.1691 0.6241 0.5220 0.5563
1305031463.7956 -1.7137 -0.7008 0.6410 -0.1695 0.6277 0.5110 0.5622
1305031463.8278 -1.7154 -0.7049 0.6168 -0.1746 0.6261 0.5044 0.5685
1305031463.8599 -1.7143 -0.7132 0.5921 -0.1790 0.6261 0.4970 0.5736
1305031463.8956 -1.7194 -0.7193 0.5737 -0.1805 0.6282 0.4880 0.5785
1305031463.9277 -1.7206 -0.7266 0.5560 -0.1826 0.6269 0.4838 0.5827
1305031463.9597 -1.7180 -0.7353 0.5341 -0.1830 0.6230 0.4812 0.5889
1305031463.9958 -1.7200 -0.7444 0.5135 -0.1819 0.6212 0.4757 0.5956
1305031464.0277 -1.7248 -0.7525 0.4951 -0.1833 0.6188 0.4697 0.6024
1305031464.0597 -1.7214 -0.7626 0.4725 -0.1873 0.6162 0.4642 0.6080
1305031464.0956 -1.7238 -0.7737 0.4572 -0.1891 0.6181 0.4552 0.6124
1305031464.1277 -1.7271 -0.7830 0.4491 -0.1890 0.6195 0.4493 0.6154
1305031464.1598 -1.7230 -0.7943 0.4382 -0.1854 0.6183 0.4470 0.6192
1305031464.1956 -1.7224 -0.8051 0.4278 -0.1773 0.6169 0.4415 0.6270
1305031464.2276 -1.7311 -0.8113 0.4221 -0.1668 0.6145 0.4349 0.6367
1305031464.2596 -1.7392 -0.8152 0.4139 -0.1566 0.6069 0.4337 0.6473
1305031464.2957 -1.7428 -0.8188 0.3983 -0.1506 0.5943 0.4327 0.6610
1305031464.3279 -1.7460 -0.8198 0.3784 -0.1463 0.5834 0.4297 0.6735
1305031464.3597 -1.7432 -0.8272 0.3587 -0.1433 0.5760 0.4267 0.6823
1305031464.3956 -1.7491 -0.8264 0.3361 -0.1398 0.5717 0.4187 0.6916
1305031464.4276 -1.7534 -0.8290 0.3202 -0.1424 0.5710 0.4100 0.6968
1305031464.4597 -1.7541 -0.8392 0.3052 -0.1445 0.5692 0.4033 0.7018
1305031464.4956 -1.7577 -0.8411 0.2845 -0.1442 0.5671 0.3973 0.7069
1305031464.5276 -1.7643 -0.8462 0.2692 -0.1464 0.5673 0.3899 0.7104
1305031464.5597 -1.7644 -0.8527 0.2484 -0.1535 0.5630 0.3822 0.7165
1305031464.5957 -1.7543 -0.8709 0.2194 -0.1600 0.5636 0.3730 0.7195
1305031464.6277 -1.7558 -0.8804 0.1981 -0.1595 0.5738 0.3592 0.7186
1305031464.6597 -1.7554 -0.8882 0.1811 -0.1615 0.5834 0.3424 0.7186
1305031464.6957 -1.7421 -0.9045 0.1640 -0.1634 0.5914 0.3235 0.7203
1305031464.7277 -1.7441 -0.9085 0.1603 -0.1577 0.5998 0.2999 0.7249
1305031464.7597 -1.7521 -0.9042 0.1538 -0.1544 0.6006 0.2780 0.7336
1305031464.7960 -1.7440 -0.9113 0.1546 -0.1567 0.5964 0.2614 0.7426
1305031464.8278 -1.7406 -0.9106 0.1571 -0.1508 0.5885 0.2469 0.7549
1305031464.8597 -1.7442 -0.8973 0.1460 -0.1453 0.5743 0.2339 0.7710
1305031464.8958 -1.7381 -0.8894 0.1302 -0.1504 0.5563 0.2215 0.7867
1305031464.9278 -1.7135 -0.9007 0.1147 -0.1615 0.5396 0.2094 0.7993
1305031464.9598 -1.6922 -0.9051 0.1017 -0.1668 0.5305 0.1947 0.8080
1305031464.9957 -1.6807 -0.8963 0.0896 -0.1689 0.5258 0.1765 0.8148
1305031465.0278 -1.6668 -0.8859 0.0922 -0.1752 0.5224 0.1562 0.8198
1305031465.0597 -1.6661 -0.8578 0.1046 -0.1746 0.5175 0.1357 0.8266
1305031465.0957 -1.6752 -0.8120 0.0970 -0.1768 0.5040 0.1240 0.8362
1305031465.1277 -1.6629 -0.7886 0.0918 -0.1943 0.4854 0.1208 0.8438
1305031465.1598 -1.6453 -0.7728 0.0942 -0.2105 0.4698 0.1227 0.8485
1305031465.1956 -1.6279 -0.7556 0.0923 -0.2218 0.4558 0.1240 0.8530
1305031465.2279 -1.6190 -0.7293 0.0881 -0.2305 0.4447 0.1251 0.8564
1305031465.2598 -1.6012 -0.7151 0.0930 -0.2404 0.4348 0.1312 0.8578
1305031465.2956 -1.5942 -0.6938 0.0917 -0.2383 0.4293 0.1422 0.8595
1305031465.3277 -1.5894 -0.6694 0.0903 -0.2352 0.4218 0.1573 0.8614
1305031465.3599 -1.5769 -0.6581 0.0905 -0.2320 0.4113 0.1725 0.8644
1305031465.3956 -1.5648 -0.6462 0.0753 -0.2232 0.3983 0.1849 0.8703
1305031465.4277 -1.5548 -0.6308 0.0530 -0.2123 0.3885 0.1965 0.8749
1305031465.4601 -1.5528 -0.6122 0.0332 -0.2002 0.3825 0.2087 0.8775
1305031465.4957 -1.5516 -0.5923 0.0120 -0.1938 0.3748 0.2193 0.8797
1305031465.5276 -1.5392 -0.5880 -0.0010 -0.1940 0.3664 0.2256 0.8816
1305031465.5598 -1.5352 -0.5764 -0.0221 -0.1847 0.3612 0.2293 0.8848
1305031465.5956 -1.5343 -0.5601 -0.0474 -0.1742 0.3594 0.2354 0.8860
1305031465.6277 -1.5396 -0.5469 -0.0625 -0.1657 0.3602 0.2415 0.8857
1305031465.6601 -1.5419 -0.5353 -0.0799 -0.1566 0.3554 0.2481 0.8875
1305031465.6957 -1.5370 -0.5189 -0.1086 -0.1464 0.3494 0.2532 0.8902
1305031465.7277 -1.5376 -0.5025 -0.1304 -0.1353 0.3496 0.2587 0.8903
1305031465.7598 -1.5413 -0.4829 -0.1525 -0.1239 0.3489 0.2634 0.8908
1305031465.7959 -1.5390 -0.4641 -0.1753 -0.1156 0.3475 0.2675 0.8913
1305031465.8280 -1.5359 -0.4507 -0.1960 -0.1060 0.3472 0.2696 0.8919
1305031465.8599 -1.5441 -0.4253 -0.2212 -0.0927 0.3491 0.2679 0.8932
1305031465.8955 -1.5438 -0.4008 -0.2445 -0.0897 0.3531 0.2677 0.8920
1305031465.9275 -1.5395 -0.3860 -0.2636 -0.0871 0.3602 0.2655 0.8900
1305031465.9597 -1.5443 -0.3668 -0.2840 -0.0801 0.3694 0.2584 0.8890
1305031465.9958 -1.5557 -0.3493 -0.2991 -0.0770 0.3778 0.2502 0.8881
1305031466.0276 -1.5655 -0.3292 -0.3158 -0.0727 0.3814 0.2452 0.8883
1305031466.0598 -1.5767 -0.3089 -0.3315 -0.0738 0.3837 0.2454 0.8872
1305031466.0958 -1.5843 -0.2957 -0.3461 -0.0777 0.3818 0.2480 0.8870
1305031466.1276 -1.5910 -0.2827 -0.3629 -0.0818 0.3766 0.2509 0.8880
1305031466.1604 -1.6006 -0.2727 -0.3793 -0.0845 0.3718 0.2553 0.8885
1305031466.1958 -1.6134 -0.2615 -0.3958 -0.0885 0.3638 0.2595 0.8902
1305031466.2280 -1.6148 -0.2534 -0.4157 -0.0976 0.3517 0.2617 0.8935
1305031466.2598 -1.6065 -0.2509 -0.4404 -0.1033 0.3446 0.2585 0.8965
1305031466.2957 -1.6092 -0.2421 -0.4649 -0.1065 0.3466 0.2464 0.8988
1305031466.3277 -1.6178 -0.2365 -0.4867 -0.1125 0.3543 0.2360 0.8979
1305031466.3598 -1.6238 -0.2345 -0.5054 -0.1222 0.3601 0.2318 0.8954
1305031466.3958 -1.6209 -0.2437 -0.5213 -0.1275 0.3619 0.2296 0.8944
1305031466.4278 -1.6320 -0.2391 -0.5400 -0.1227 0.3620 0.2226 0.8968
1305031466.4598 -1.6375 -0.2295 -0.5607 -0.1223 0.3567 0.2193 0.8998
1305031466.4958 -1.6337 -0.2210 -0.5831 -0.1248 0.3510 0.2207 0.9014
1305031466.5275 -1.6232 -0.2146 -0.6051 -0.1277 0.3499 0.2220 0.9011
1305031466.5604 -1.6264 -0.2035 -0.6246 -0.1300 0.3531 0.2199 0.9000
1305031466.5959 -1.6246 -0.1924 -0.6437 -0.1379 0.3509 0.2201 0.8997
1305031466.6275 -1.6031 -0.1912 -0.6618 -0.1468 0.3476 0.2208 0.8994
1305031466.6597 -1.5995 -0.1851 -0.6809 -0.1442 0.3508 0.2130 0.9004
1305031466.6958 -1.6054 -0.1703 -0.6991 -0.1445 0.3503 0.2047 0.9025
1305031466.7281 -1.5948 -0.1622 -0.7159 -0.1530 0.3438 0.1998 0.9047
1305031466.7596 -1.5781 -0.1605 -0.7308 -0.1554 0.3413 0.1933 0.9067
1305031466.7956 -1.5819 -0.1505 -0.7486 -0.1502 0.3415 0.1848 0.9092
1305031466.8279 -1.5788 -0.1424 -0.7654 -0.1520 0.3362 0.1844 0.9110
1305031466.8597 -1.5695 -0.1406 -0.7756 -0.1524 0.3305 0.1881 0.9122
1305031466.8957 -1.5672 -0.1351 -0.7918 -0.1460 0.3209 0.1879 0.9168
1305031466.9278 -1.5605 -0.1379 -0.8120 -0.1449 0.3070 0.1882 0.9216
1305031466.9597 -1.5483 -0.1379 -0.8262 -0.1445 0.2967 0.1875 0.9252
1305031466.9957 -1.5408 -0.1371 -0.8436 -0.1447 0.2913 0.1852 0.9273
1305031467.0278 -1.5346 -0.1353 -0.8591 -0.1451 0.2867 0.1823 0.9292
1305031467.0597 -1.5294 -0.1313 -0.8734 -0.1453 0.2839 0.1799 0.9305
1305031467.0957 -1.5258 -0.1251 -0.8881 -0.1473 0.2816 0.1766 0.9316
1305031467.1290 -1.5198 -0.1195 -0.8976 -0.1487 0.2774 0.1688 0.9340
1305031467.1597 -1.5155 -0.1155 -0.9091 -0.1485 0.2739 0.1629 0.9361
1305031467.1957 -1.5126 -0.1137 -0.9203 -0.1481 0.2698 0.1600 0.9379
1305031467.2277 -1.5100 -0.1099 -0.9329 -0.1470 0.2636 0.1560 0.9405
1305031467.2597 -1.5051 -0.1065 -0.9437 -0.1461 0.2586 0.1518 0.9427
1305031467.2958 -1.5036 -0.1029 -0.9565 -0.1447 0.2541 0.1463 0.9450
1305031467.3280 -1.5011 -0.1004 -0.9707 -0.1440 0.2486 0.1423 0.9472
1305031467.3597 -1.4999 -0.0948 -0.9866 -0.1444 0.2420 0.1431 0.9487
1305031467.3958 -1.4995 -0.0886 -1.0009 -0.1471 0.2344 0.1413 0.9505
1305031467.4278 -1.4960 -0.0822 -1.0122 -0.1467 0.2284 0.1389 0.9524
1305031467.4597 -1.4935 -0.0797 -1.0274 -0.1452 0.2222 0.1387 0.9541
1305031467.4961 -1.4915 -0.0767 -1.0447 -0.1487 0.2142 0.1365 0.9557
1305031467.5277 -1.4878 -0.0682 -1.0570 -0.1522 0.2096 0.1322 0.9568
1305031467.5598 -1.4796 -0.0636 -1.0666 -0.1517 0.2080 0.1305 0.9574
1305031467.5960 -1.4754 -0.0623 -1.0779 -0.1511 0.2069 0.1322 0.9575
1305031467.6275 -1.4614 -0.0629 -1.0791 -0.1483 0.2028 0.1356 0.9584
1305031467.6596 -1.4530 -0.0603 -1.0881 -0.1397 0.2001 0.1367 0.9601
1305031467.6959 -1.4467 -0.0598 -1.0980 -0.1372 0.1976 0.1325 0.9615
1305031467.7275 -1.4330 -0.0553 -1.0947 -0.1341 0.1960 0.1265 0.9631
1305031467.7599 -1.4215 -0.0523 -1.0959 -0.1286 0.1951 0.1218 0.9646
1305031467.7961 -1.4099 -0.0492 -1.0951 -0.1247 0.1934 0.1176 0.9660
1305031467.8278 -1.3917 -0.0465 -1.0831 -0.1198 0.1921 0.1156 0.9671
1305031467.8597 -1.3773 -0.0439 -1.0768 -0.1108 0.1905 0.1154 0.9686
1305031467.8959 -1.3679 -0.0400 -1.0732 -0.1038 0.1859 0.1134 0.9705
1305031467.9278 -1.3498 -0.0351 -1.0638 -0.0990 0.1788 0.1102 0.9727
1305031467.9598 -1.3310 -0.0344 -1.0559 -0.0921 0.1749 0.1067 0.9744
1305031467.9958 -1.3205 -0.0282 -1.0553 -0.0886 0.1740 0.1014 0.9755
1305031468.0281 -1.3012 -0.0245 -1.0362 -0.0904 0.1733 0.0984 0.9758
1305031468.0598 -1.2849 -0.0241 -1.0209 -0.0858 0.1727 0.0934 0.9768
1305031468.0959 -1.2737 -0.0190 -1.0166 -0.0823 0.1710 0.0894 0.9778
1305031468.1278 -1.2549 -0.0157 -1.0001 -0.0822 0.1693 0.0885 0.9781
1305031468.1599 -1.2387 -0.0141 -0.9900 -0.0802 0.1682 0.0836 0.9789
1305031468.1960 -1.2225 -0.0106 -0.9790 -0.0803 0.1680 0.0795 0.9793
1305031468.2282 -1.2052 -0.0104 -0.9644 -0.0808 0.1700 0.0792 0.9789
1305031468.2598 -1.1866 -0.0112 -0.9536 -0.0801 0.1726 0.0796 0.9785
1305031468.2958 -1.1700 -0.0125 -0.9419 -0.0806 0.1756 0.0785 0.9780
1305031468.3278 -1.1510 -0.0176 -0.9279 -0.0783 0.1793 0.0790 0.9775
1305031468.3598 -1.1376 -0.0207 -0.9250 -0.0736 0.1843 0.0807 0.9768
1305031468.3959 -1.1285 -0.0199 -0.9209 -0.0739 0.1866 0.0808 0.9763
1305031468.4280 -1.1096 -0.0357 -0.9126 -0.0792 0.1857 0.0827 0.9759
1305031468.4598 -1.0907 -0.0468 -0.9121 -0.0797 0.1842 0.0864 0.9758
1305031468.4958 -1.0764 -0.0513 -0.9071 -0.0813 0.1849 0.0869 0.9755
1305031468.5278 -1.0613 -0.0685 -0.8977 -0.0851 0.1856 0.0829 0.9754
1305031468.5597 -1.0515 -0.0809 -0.8912 -0.0820 0.1856 0.0727 0.9765
1305031468.5958 -1.0466 -0.0909 -0.8920 -0.0816 0.1846 0.0659 0.9772
1305031468.6276 -1.0380 -0.0988 -0.8822 -0.0858 0.1823 0.0665 0.9772
1305031468.6596 -1.0276 -0.1248 -0.8728 -0.0900 0.1784 0.0679 0.9775
1305031468.6958 -1.0201 -0.1407 -0.8654 -0.0861 0.1727 0.0636 0.9791
1305031468.7278 -1.0122 -0.1504 -0.8600 -0.0807 0.1670 0.0615 0.9807
1305031468.7596 -1.0041 -0.1602 -0.8530 -0.0782 0.1627 0.0610 0.9817
1305031468.7958 -0.9928 -0.1787 -0.8437 -0.0774 0.1596 0.0563 0.9825
1305031468.8292 -0.9874 -0.1897 -0.8378 -0.0717 0.1582 0.0475 0.9837
1305031468.8597 -0.9794 -0.1896 -0.8356 -0.0695 0.1573 0.0419 0.9842
1305031468.8959 -0.9703 -0.1990 -0.8292 -0.0742 0.1605 0.0415 0.9834
1305031468.9281 -0.9651 -0.2069 -0.8233 -0.0785 0.1658 0.0448 0.9820
1305031468.9596 -0.9672 -0.2074 -0.8186 -0.0836 0.1719 0.0491 0.9803
1305031468.9957 -0.9736 -0.1995 -0.8140 -0.0956 0.1733 0.0497 0.9789
1305031469.0277 -0.9659 -0.2090 -0.8031 -0.1168 0.1706 0.0515 0.9770
1305031469.0598 -0.9623 -0.2196 -0.7928 -0.1327 0.1682 0.0510 0.9754
1305031469.0957 -0.9508 -0.2159 -0.7875 -0.1451 0.1627 0.0459 0.9749
1305031469.1277 -0.9358 -0.2191 -0.7783 -0.1620 0.1622 0.0411 0.9725
1305031469.1597 -0.9263 -0.2208 -0.7681 -0.1758 0.1661 0.0376 0.9696
1305031469.1955 -0.9184 -0.2265 -0.7547 -0.1884 0.1720 0.0351 0.9663
1305031469.2278 -0.9190 -0.2294 -0.7415 -0.1959 0.1779 0.0331 0.9638
1305031469.2596 -0.9123 -0.2256 -0.7322 -0.2017 0.1780 0.0312 0.9626
1305031469.2968 -0.9059 -0.2223 -0.7218 -0.2079 0.1806 0.0302 0.9609
1305031469.3276 -0.9032 -0.2156 -0.7124 -0.2132 0.1826 0.0300 0.9593
1305031469.3596 -0.8871 -0.2089 -0.7052 -0.2215 0.1817 0.0286 0.9577
1305031469.3957 -0.8765 -0.2054 -0.6945 -0.2281 0.1896 0.0235 0.9547
1305031469.4277 -0.8759 -0.1939 -0.6853 -0.2311 0.2005 0.0156 0.9519
1305031469.4597 -0.8757 -0.1826 -0.6727 -0.2357 0.2089 0.0076 0.9491
1305031469.4957 -0.8804 -0.1706 -0.6567 -0.2380 0.2157 0.0033 0.9470
1305031469.5276 -0.8803 -0.1573 -0.6476 -0.2400 0.2153 0.0041 0.9466
1305031469.5596 -0.8766 -0.1432 -0.6395 -0.2444 0.2129 0.0063 0.9460
1305031469.5958 -0.8735 -0.1286 -0.6320 -0.2499 0.2108 0.0100 0.9450
1305031469.6278 -0.8683 -0.1172 -0.6223 -0.2588 0.2093 0.0142 0.9429
1305031469.6596 -0.8662 -0.1070 -0.6086 -0.2658 0.2119 0.0162 0.9403
1305031469.6956 -0.8654 -0.0922 -0.6001 -0.2693 0.2145 0.0184 0.9387
1305031469.7277 -0.8653 -0.0794 -0.5898 -0.2748 0.2180 0.0213 0.9362
1305031469.7596 -0.8691 -0.0647 -0.5796 -0.2797 0.2221 0.0253 0.9337
1305031469.7956 -0.8761 -0.0490 -0.5638 -0.2848 0.2249 0.0293 0.9314
1305031469.8275 -0.8800 -0.0360 -0.5538 -0.2885 0.2229 0.0337 0.9306
1305031469.8596 -0.8869 -0.0215 -0.5418 -0.2931 0.2213 0.0386 0.9293
1305031469.8958 -0.8942 -0.0083 -0.5302 -0.2966 0.2204 0.0432 0.9282
1305031469.9279 -0.9037 0.0039 -0.5156 -0.2996 0.2203 0.0474 0.9271
1305031469.9598 -0.9132 0.0170 -0.5046 -0.2994 0.2181 0.0507 0.9275
1305031469.9956 -0.9236 0.0286 -0.4940 -0.3001 0.2168 0.0536 0.9274
1305031470.0277 -0.9340 0.0387 -0.4848 -0.3017 0.2140 0.0557 0.9274
1305031470.0596 -0.9460 0.0497 -0.4749 -0.3030 0.2131 0.0572 0.9271
1305031470.0959 -0.9594 0.0596 -0.4662 -0.3032 0.2139 0.0595 0.9267
1305031470.1276 -0.9740 0.0687 -0.4586 -0.3054 0.2141 0.0632 0.9257
1305031470.1596 -0.9888 0.0783 -0.4474 -0.3069 0.2144 0.0675 0.9248
1305031470.1961 -1.0036 0.0843 -0.4400 -0.3076 0.2136 0.0711 0.9245
1305031470.2276 -1.0172 0.0901 -0.4331 -0.3100 0.2130 0.0760 0.9235
1305031470.2600 -1.0314 0.0958 -0.4248 -0.3136 0.2129 0.0803 0.9219
1305031470.2957 -1.0453 0.1010 -0.4177 -0.3180 0.2125 0.0847 0.9201
1305031470.3276 -1.0606 0.1076 -0.4086 -0.3223 0.2126 0.0897 0.9181
1305031470.3596 -1.0758 0.1131 -0.3994 -0.3248 0.2122 0.0965 0.9166
1305031470.3958 -1.0907 0.1176 -0.3906 -0.3267 0.2113 0.1016 0.9156
1305031470.4276 -1.1040 0.1210 -0.3816 -0.3280 0.2090 0.1021 0.9156
1305031470.4597 -1.1179 0.1233 -0.3730 -0.3276 0.2080 0.1020 0.9160
1305031470.4957 -1.1314 0.1256 -0.3659 -0.3254 0.2073 0.1031 0.9168
1305031470.5277 -1.1427 0.1254 -0.3591 -0.3260 0.2059 0.1034 0.9169
1305031470.5597 -1.1561 0.1296 -0.3518 -0.3254 0.2077 0.1042 0.9166
1305031470.5958 -1.1688 0.1437 -0.3480 -0.3148 0.2093 0.1070 0.9196
1305031470.6277 -1.1800 0.1516 -0.3425 -0.3102 0.2106 0.1122 0.9202
1305031470.6597 -1.1896 0.1527 -0.3354 -0.3100 0.2113 0.1169 0.9196
1305031470.6956 -1.1999 0.1542 -0.3270 -0.3110 0.2115 0.1208 0.9187
1305031470.7277 -1.2085 0.1537 -0.3182 -0.3106 0.2122 0.1228 0.9184
1305031470.7597 -1.2140 0.1533 -0.3153 -0.3106 0.2136 0.1261 0.9176
1305031470.7956 -1.2242 0.1526 -0.3051 -0.3135 0.2215 0.1303 0.9142
1305031470.8278 -1.2313 0.1529 -0.2966 -0.3088 0.2244 0.1333 0.9146
1305031470.8596 -1.2395 0.1515 -0.2901 -0.3025 0.2272 0.1358 0.9157
1305031470.8957 -1.2491 0.1511 -0.2845 -0.2956 0.2298 0.1388 0.9168
1305031470.9277 -1.2565 0.1509 -0.2778 -0.2877 0.2299 0.1417 0.9189
1305031470.9596 -1.2628 0.1472 -0.2716 -0.2773 0.2300 0.1414 0.9221
1305031470.9960 -1.2696 0.1465 -0.2690 -0.2663 0.2319 0.1404 0.9250
1305031471.0276 -1.2744 0.1434 -0.2639 -0.2573 0.2357 0.1391 0.9268
1305031471.0596 -1.2815 0.1411 -0.2596 -0.2460 0.2422 0.1389 0.9282
1305031471.0958 -1.2898 0.1412 -0.2561 -0.2336 0.2476 0.1411 0.9296
1305031471.1277 -1.2948 0.1373 -0.2517 -0.2256 0.2500 0.1452 0.9303
1305031471.1596 -1.2998 0.1337 -0.2504 -0.2182 0.2526 0.1488 0.9308
1305031471.1957 -1.3053 0.1319 -0.2478 -0.2135 0.2572 0.1526 0.9300
1305031471.2276 -1.3105 0.1306 -0.2433 -0.2111 0.2617 0.1569 0.9286
1305031471.2597 -1.3129 0.1265 -0.2382 -0.2116 0.2633 0.1609 0.9274
1305031471.2961 -1.3149 0.1215 -0.2338 -0.2105 0.2660 0.1647 0.9262
1305031471.3276 -1.3172 0.1194 -0.2336 -0.2066 0.2702 0.1657 0.9257
1305031471.3596 -1.3209 0.1184 -0.2328 -0.2063 0.2777 0.1668 0.9233
1305031471.3957 -1.3227 0.1098 -0.2265 -0.2087 0.2858 0.1720 0.9193
1305031471.4277 -1.3292 0.1072 -0.2235 -0.2026 0.2916 0.1767 0.9180
1305031471.4596 -1.3344 0.1067 -0.2227 -0.1986 0.2926 0.1809 0.9177
1305031471.4965 -1.3379 0.1034 -0.2201 -0.1987 0.2939 0.1849 0.9165
1305031471.5276 -1.3417 0.1010 -0.2187 -0.1971 0.2954 0.1893 0.9155
1305031471.5597 -1.3449 0.0995 -0.2191 -0.1965 0.2969 0.1910 0.9148
1305031471.5957 -1.3476 0.0963 -0.2182 -0.1978 0.3013 0.1928 0.9126
1305031471.6276 -1.3500 0.0935 -0.2177 -0.1987 0.3059 0.1944 0.9106
1305031471.6596 -1.3535 0.0902 -0.2194 -0.1976 0.3108 0.1972 0.9086
1305031471.6956 -1.3530 0.0799 -0.2218 -0.2013 0.3126 0.2031 0.9058
1305031471.7275 -1.3549 0.0781 -0.2227 -0.2019 0.3148 0.2057 0.9043
1305031471.7597 -1.3580 0.0771 -0.2234 -0.2014 0.3201 0.2109 0.9014
1305031471.7958 -1.3587 0.0700 -0.2249 -0.2033 0.3268 0.2203 0.8963
1305031471.8276 -1.3612 0.0681 -0.2259 -0.2044 0.3286 0.2221 0.8949
1305031471.8597 -1.3615 0.0680 -0.2256 -0.2047 0.3289 0.2227 0.8946
1305031471.8956 -1.3617 0.0669 -0.2253 -0.2056 0.3292 0.2229 0.8942
1305031471.9277 -1.3618 0.0664 -0.2252 -0.2060 0.3293 0.2229 0.8941
1305031471.9596 -1.3617 0.0663 -0.2253 -0.2060 0.3293 0.2230 0.8941
1305031471.9956 -1.3616 0.0663 -0.2253 -0.2061 0.3293 0.2230 0.8941
1305031472.0276 -1.3616 0.0663 -0.2253 -0.2061 0.3293 0.2230 0.8941
1305031472.0597 -1.3610 0.0659 -0.2256 -0.2065 0.3290 0.2236 0.8939
1305031472.0956 -1.3606 0.0651 -0.2257 -0.2072 0.3288 0.2243 0.8937
1305031472.1276 -1.3605 0.0641 -0.2260 -0.2079 0.3287 0.2252 0.8933
1305031472.1596 -1.3638 0.0649 -0.2281 -0.2074 0.3300 0.2294 0.8919
1305031472.1957 -1.3761 0.0876 -0.2056 -0.2156 0.3593 0.2866 0.8615
1305031472.2276 -1.3785 0.0863 -0.2037 -0.2140 0.3612 0.2878 0.8608
1305031472.2638 -1.3769 0.0855 -0.2003 -0.2122 0.3631 0.2873 0.8606
1305031472.2957 -1.3767 0.0814 -0.2011 -0.2070 0.3660 0.2877 0.8605
1305031472.3277 -1.3776 0.0777 -0.2043 -0.2036 0.3669 0.2899 0.8602
1305031472.3636 -1.3703 0.0719 -0.2085 -0.2062 0.3611 0.2980 0.8592
1305031472.3956 -1.3464 0.0619 -0.2176 -0.2124 0.3438 0.3140 0.8591
1305031472.4277 -1.3323 0.0503 -0.2223 -0.2173 0.3338 0.3216 0.8590
1305031472.4636 -1.3309 0.0482 -0.2241 -0.2159 0.3327 0.3199 0.8604
1305031472.4956 -1.3290 0.0484 -0.2256 -0.2159 0.3331 0.3199 0.8603
1305031472.5276 -1.3237 0.0422 -0.2233 -0.2193 0.3348 0.3209 0.8584
1305031472.5636 -1.3210 0.0397 -0.2237 -0.2144 0.3358 0.3210 0.8592
1305031472.5957 -1.3222 0.0394 -0.2266 -0.2083 0.3368 0.3215 0.8601
1305031472.6277 -1.3187 0.0376 -0.2271 -0.2082 0.3359 0.3234 0.8598
1305031472.6636 -1.3139 0.0357 -0.2278 -0.2077 0.3349 0.3249 0.8597
1305031472.6958 -1.3107 0.0344 -0.2286 -0.2053 0.3347 0.3255 0.8602
1305031472.7276 -1.3068 0.0327 -0.2294 -0.2035 0.3342 0.3250 0.8610
1305031472.7636 -1.3032 0.0314 -0.2310 -0.2026 0.3340 0.3236 0.8618
1305031472.7956 -1.2990 0.0287 -0.2298 -0.2036 0.3352 0.3218 0.8618
1305031472.8276 -1.2971 0.0283 -0.2295 -0.2012 0.3368 0.3208 0.8621
1305031472.8636 -1.2967 0.0284 -0.2288 -0.1982 0.3382 0.3211 0.8621
1305031472.8957 -1.2966 0.0282 -0.2279 -0.1970 0.3380 0.3223 0.8620
1305031472.9277 -1.2928 0.0279 -0.2280 -0.1969 0.3361 0.3249 0.8618
1305031472.9638 -1.2926 0.0294 -0.2277 -0.1951 0.3369 0.3255 0.8617
1305031472.9957 -1.2916 0.0286 -0.2265 -0.1957 0.3363 0.3272 0.8612
1305031473.0276 -1.2905 0.0285 -0.2263 -0.1960 0.3345 0.3276 0.8616
1305031473.0637 -1.2883 0.0281 -0.2262 -0.1974 0.3330 0.3267 0.8622
1305031473.0957 -1.2874 0.0288 -0.2262 -0.1974 0.3335 0.3247 0.8628
1305031473.1277 -1.2872 0.0278 -0.2245 -0.1988 0.3349 0.3235 0.8623
1305031473.1671 -1.2866 0.0263 -0.2239 -0.1985 0.3347 0.3230 0.8627
1305031473.1961 -1.2855 0.0256 -0.2249 -0.1976 0.3337 0.3229 0.8633
