1305031453.4237 0.0007 0.0080 0.0008 0.0035 0.0048 0.0072 1.0000
1305031453.4597 0.0152 0.0161 -0.0087 0.0083 0.0085 0.0163 0.9998
1305031453.4917 0.0071 0.0281 -0.0272 0.0164 0.0187 0.0268 0.9993
1305031453.5237 0.0215 0.0358 -0.0499 0.0217 0.0176 0.0362 0.9990
1305031453.5598 0.0144 0.0355 -0.0532 0.0288 0.0237 0.0443 0.9983
1305031453.5916 0.0082 0.0333 -0.0720 0.0327 0.0301 0.0467 0.9979
1305031453.6277 0.0105 0.0441 -0.0804 0.0397 0.0286 0.0514 0.9975
1305031453.6596 -0.0125 0.0498 -0.1014 0.0478 0.0317 0.0508 0.9971
1305031453.6917 0.0092 0.0599 -0.1159 0.0548 0.0168 0.0463 0.9973
1305031453.7277 -0.0155 0.0603 -0.1227 0.0554 0.0197 0.0445 0.9973
1305031453.7597 -0.0214 0.0596 -0.1260 0.0568 0.0100 0.0373 0.9976
1305031453.7917 -0.0568 0.0822 -0.1203 0.0681 0.0111 0.0240 0.9973
1305031453.8278 -0.0432 0.1065 -0.1363 0.0770 -0.0044 0.0205 0.9968
1305031453.8597 -0.0599 0.1095 -0.1385 0.0784 -0.0145 0.0150 0.9967
1305031453.8917 -0.0720 0.1237 -0.1495 0.0804 -0.0283 0.0068 0.9963
1305031453.9277 -0.0663 0.1396 -0.1478 0.0801 -0.0525 0.0032 0.9954
1305031453.9596 -0.0684 0.1457 -0.1634 0.0792 -0.0693 -0.0042 0.9944
1305031453.9916 -0.0813 0.1542 -0.1592 0.0807 -0.0799 -0.0140 0.9934
1305031454.0277 -0.0813 0.1573 -0.1656 0.0820 -0.0948 -0.0203 0.9919
1305031454.0597 -0.0868 0.1699 -0.1633 0.0865 -0.1072 -0.0252 0.9901
1305031454.0917 -0.0979 0.1800 -0.1593 0.0904 -0.1193 -0.0329 0.9882
1305031454.1277 -0.1053 0.1916 -0.1510 0.0967 -0.1333 -0.0391 0.9856
1305031454.1597 -0.1094 0.2031 -0.1543 0.0993 -0.1495 -0.0478 0.9826
1305031454.1917 -0.1284 0.2064 -0.1602 0.0981 -0.1616 -0.0591 0.9802
1305031454.2277 -0.1538 0.2116 -0.1510 0.1036 -0.1726 -0.0722 0.9769
1305031454.2596 -0.1613 0.2134 -0.1546 0.1081 -0.1846 -0.0852 0.9731
1305031454.2916 -0.1695 0.2078 -0.1609 0.1031 -0.1925 -0.0964 0.9711
1305031454.3277 -0.1746 0.2120 -0.1547 0.1065 -0.2045 -0.1067 0.9672
1305031454.3596 -0.1854 0.2105 -0.1563 0.1093 -0.2138 -0.1191 0.9634
1305031454.3917 -0.1867 0.2109 -0.1502 0.1100 -0.2229 -0.1275 0.9602
1305031454.4275 -0.1913 0.2154 -0.1560 0.1112 -0.2348 -0.1351 0.9562
1305031454.4599 -0.1923 0.2177 -0.1552 0.1125 -0.2469 -0.1443 0.9516
1305031454.4916 -0.1905 0.2074 -0.1525 0.1099 -0.2550 -0.1573 0.9477
1305031454.5277 -0.1916 0.2250 -0.1395 0.1145 -0.2655 -0.1662 0.9428
1305031454.5596 -0.1902 0.2274 -0.1364 0.1117 -0.2743 -0.1792 0.9382
1305031454.5916 -0.1966 0.2373 -0.1389 0.1134 -0.2828 -0.1911 0.9331
1305031454.6276 -0.2026 0.2514 -0.1310 0.1173 -0.2955 -0.2006 0.9266
1305031454.6595 -0.2107 0.2684 -0.1254 0.1178 -0.3050 -0.2064 0.9222
1305031454.6919 -0.2238 0.2852 -0.1250 0.1172 -0.3150 -0.2123 0.9176
1305031454.7277 -0.2252 0.2885 -0.1301 0.1150 -0.3258 -0.2193 0.9124
1305031454.7597 -0.2332 0.2958 -0.1234 0.1096 -0.3293 -0.2133 0.9133
1305031454.7916 -0.2359 0.3018 -0.1233 0.1068 -0.3296 -0.2080 0.9147
1305031454.8276 -0.2411 0.3135 -0.1180 0.1043 -0.3294 -0.1999 0.9169
1305031454.8596 -0.2477 0.2971 -0.1039 0.0879 -0.3302 -0.1948 0.9194
1305031454.8918 -0.2530 0.2959 -0.1021 0.0822 -0.3266 -0.1907 0.9221
1305031454.9276 -0.2606 0.2961 -0.0935 0.0740 -0.3228 -0.1837 0.9255
1305031454.9596 -0.2595 0.2950 -0.0877 0.0680 -0.3234 -0.1776 0.9270
1305031454.9919 -0.2640 0.2947 -0.0864 0.0633 -0.3219 -0.1731 0.9287
1305031455.0278 -0.2653 0.2993 -0.0872 0.0624 -0.3215 -0.1705 0.9293
1305031455.0596 -0.2686 0.3005 -0.0874 0.0601 -0.3196 -0.1694 0.9303
1305031455.0917 -0.2700 0.3016 -0.0874 0.0600 -0.3191 -0.1688 0.9306
1305031455.1277 -0.2706 0.3011 -0.0886 0.0588 -0.3177 -0.1692 0.9311
1305031455.1597 -0.2779 0.3055 -0.0910 0.0580 -0.3147 -0.1670 0.9326
1305031455.1917 -0.2852 0.3092 -0.0947 0.0551 -0.3120 -0.1630 0.9344
1305031455.2276 -0.2912 0.3094 -0.1015 0.0538 -0.3090 -0.1615 0.9357
1305031455.2596 -0.2917 0.3114 -0.0942 0.0492 -0.3107 -0.1553 0.9364
1305031455.2918 -0.2965 0.3119 -0.0940 0.0394 -0.3089 -0.1437 0.9393
1305031455.3278 -0.3053 0.3111 -0.1100 0.0308 -0.3050 -0.1338 0.9424
1305031455.3596 -0.3092 0.3295 -0.1059 0.0265 -0.3053 -0.1241 0.9438
1305031455.3917 -0.3139 0.3194 -0.1070 0.0102 -0.3026 -0.1163 0.9459
1305031455.4276 -0.3176 0.3128 -0.1069 -0.0012 -0.3010 -0.1064 0.9477
1305031455.4596 -0.3272 0.3124 -0.1152 -0.0046 -0.2973 -0.1023 0.9493
1305031455.4916 -0.3370 0.3171 -0.1242 -0.0075 -0.2938 -0.0946 0.9511
1305031455.5276 -0.3529 0.3142 -0.1336 -0.0134 -0.2903 -0.0838 0.9532
1305031455.5597 -0.3707 0.3190 -0.1509 -0.0140 -0.2883 -0.0733 0.9546
1305031455.5916 -0.3834 0.3171 -0.1689 -0.0183 -0.2883 -0.0648 0.9552
1305031455.6276 -0.4003 0.3090 -0.1695 -0.0270 -0.2884 -0.0529 0.9557
1305031455.6596 -0.4122 0.3121 -0.1843 -0.0228 -0.2852 -0.0494 0.9569
1305031455.6916 -0.4210 0.3101 -0.2006 -0.0201 -0.2831 -0.0498 0.9576
1305031455.7276 -0.4265 0.3060 -0.2026 -0.0209 -0.2823 -0.0511 0.9577
1305031455.7597 -0.4295 0.3064 -0.2073 -0.0195 -0.2809 -0.0524 0.9581
1305031455.7917 -0.4390 0.2949 -0.2185 -0.0211 -0.2768 -0.0528 0.9592
1305031455.8276 -0.4413 0.2874 -0.2303 -0.0223 -0.2759 -0.0520 0.9595
1305031455.8595 -0.4462 0.2807 -0.2379 -0.0240 -0.2750 -0.0521 0.9597
1305031455.8917 -0.4477 0.2796 -0.2457 -0.0232 -0.2745 -0.0523 0.9599
1305031455.9280 -0.4515 0.2770 -0.2534 -0.0237 -0.2725 -0.0523 0.9604
1305031455.9597 -0.4548 0.2776 -0.2599 -0.0225 -0.2706 -0.0534 0.9610
1305031455.9917 -0.4589 0.2727 -0.2646 -0.0248 -0.2681 -0.0540 0.9615
1305031456.0278 -0.4651 0.2736 -0.2727 -0.0261 -0.2643 -0.0604 0.9622
1305031456.0597 -0.4747 0.2520 -0.2772 -0.0405 -0.2601 -0.0690 0.9623
1305031456.0917 -0.4810 0.2485 -0.2789 -0.0425 -0.2576 -0.0720 0.9626
1305031456.1276 -0.4847 0.2449 -0.2813 -0.0434 -0.2559 -0.0726 0.9630
1305031456.1597 -0.4909 0.2365 -0.2816 -0.0454 -0.2530 -0.0733 0.9636
1305031456.1917 -0.5031 0.2380 -0.2865 -0.0378 -0.2456 -0.0744 0.9658
1305031456.2277 -0.5156 0.2369 -0.2951 -0.0374 -0.2343 -0.0703 0.9689
1305031456.2917 -0.5249 0.2113 -0.2890 -0.0434 -0.2172 -0.0645 0.9730
1305031456.3277 -0.5359 0.2059 -0.2877 -0.0416 -0.2073 -0.0567 0.9758
1305031456.3916 -0.5420 0.1812 -0.2772 -0.0464 -0.1899 -0.0498 0.9795
1305031456.4277 -0.5464 0.1813 -0.2757 -0.0430 -0.1828 -0.0359 0.9815
1305031456.4917 -0.5915 0.2006 -0.2768 -0.0428 -0.1716 -0.0244 0.9839
1305031456.5276 -0.6075 0.2058 -0.2651 -0.0463 -0.1723 -0.0180 0.9838
1305031456.5917 -0.6349 0.2200 -0.2612 -0.0420 -0.1662 -0.0111 0.9851
1305031456.6276 -0.6411 0.2341 -0.2553 -0.0522 -0.1644 -0.0091 0.9850
1305031456.6916 -0.6804 0.2158 -0.2413 -0.0686 -0.1518 0.0051 0.9860
1305031456.7277 -0.6980 0.2465 -0.2325 -0.0640 -0.1497 0.0185 0.9865
1305031456.7916 -0.7396 0.2164 -0.2258 -0.0769 -0.1553 0.0247 0.9846
1305031456.8276 -0.7502 0.2357 -0.2114 -0.0745 -0.1583 0.0344 0.9840
1305031456.8917 -0.7772 0.2254 -0.1959 -0.0879 -0.1540 0.0424 0.9832
1305031456.9277 -0.7914 0.2365 -0.1976 -0.0805 -0.1465 0.0500 0.9847
1305031456.9597 -0.8016 0.2617 -0.1896 -0.0745 -0.1440 0.0573 0.9851
1305031456.9917 -0.8144 0.2320 -0.1882 -0.0970 -0.1374 0.0545 0.9842
1305031457.0276 -0.8282 0.2421 -0.1852 -0.0942 -0.1335 0.0595 0.9848
1305031457.0917 -0.8411 0.2473 -0.1825 -0.1080 -0.1287 0.0655 0.9836
1305031457.1276 -0.8658 0.2399 -0.1838 -0.1114 -0.1151 0.0686 0.9847
1305031457.1917 -0.8835 0.2456 -0.1967 -0.1080 -0.1024 0.0848 0.9852
1305031457.2275 -0.8961 0.2406 -0.2027 -0.1113 -0.0950 0.0873 0.9854
1305031457.2917 -0.9041 0.2269 -0.2139 -0.1096 -0.0842 0.1058 0.9847
1305031457.3275 -0.9186 0.2270 -0.2343 -0.1066 -0.0708 0.1090 0.9858
1305031457.3917 -0.9384 0.2020 -0.2504 -0.1106 -0.0480 0.1245 0.9849
1305031457.4276 -0.9587 0.2081 -0.2648 -0.1039 -0.0374 0.1282 0.9856
1305031457.4917 -0.9742 0.1926 -0.2886 -0.1048 -0.0340 0.1364 0.9845
1305031457.5276 -0.9825 0.1858 -0.3024 -0.0998 -0.0302 0.1436 0.9841
1305031457.5597 -0.9824 0.1826 -0.3091 -0.0986 -0.0295 0.1462 0.9839
1305031457.5917 -0.9923 0.1790 -0.3264 -0.0945 -0.0243 0.1538 0.9833
1305031457.6275 -1.0042 0.1512 -0.3391 -0.1007 -0.0199 0.1591 0.9819
1305031457.6596 -1.0155 0.1494 -0.3453 -0.0992 -0.0165 0.1606 0.9819
1305031457.6916 -1.0401 0.1379 -0.3580 -0.1033 -0.0112 0.1624 0.9812
1305031457.7277 -1.0394 0.1240 -0.3636 -0.1071 -0.0121 0.1626 0.9808
1305031457.7596 -1.0473 0.0976 -0.3667 -0.1106 -0.0100 0.1628 0.9804
1305031457.7916 -1.0536 0.0762 -0.3696 -0.1057 -0.0039 0.1611 0.9813
1305031457.8277 -1.0631 0.0948 -0.3841 -0.0872 0.0019 0.1622 0.9829
1305031457.8596 -1.0725 0.0915 -0.3854 -0.0855 0.0083 0.1645 0.9826
1305031457.8916 -1.0867 0.0608 -0.3856 -0.0820 0.0182 0.1601 0.9835
1305031457.9276 -1.0973 0.0576 -0.3950 -0.0685 0.0238 0.1668 0.9833
1305031457.9916 -1.1313 0.0392 -0.4007 -0.0557 0.0308 0.1691 0.9835
1305031458.0278 -1.1308 0.0422 -0.4089 -0.0442 0.0325 0.1753 0.9830
1305031458.0597 -1.1492 0.0536 -0.4199 -0.0312 0.0396 0.1764 0.9830
1305031458.0917 -1.1569 0.0508 -0.4189 -0.0321 0.0421 0.1776 0.9827
1305031458.1276 -1.1621 0.0457 -0.4217 -0.0327 0.0431 0.1784 0.9825
1305031458.1596 -1.1755 0.0332 -0.4206 -0.0345 0.0464 0.1778 0.9824
1305031458.1916 -1.1913 0.0423 -0.4121 -0.0312 0.0467 0.1796 0.9821
1305031458.2276 -1.1952 0.0122 -0.4019 -0.0462 0.0428 0.1809 0.9815
1305031458.2599 -1.2139 -0.0121 -0.3886 -0.0491 0.0427 0.1829 0.9810
1305031458.2917 -1.2346 -0.0037 -0.3857 -0.0349 0.0387 0.1783 0.9826
1305031458.3276 -1.2550 -0.0022 -0.3730 -0.0308 0.0334 0.1785 0.9829
1305031458.3596 -1.2605 -0.0388 -0.3516 -0.0330 0.0304 0.1846 0.9818
1305031458.3916 -1.2860 -0.0374 -0.3355 -0.0189 0.0335 0.1902 0.9810
1305031458.4276 -1.2895 -0.0312 -0.3223 -0.0117 0.0329 0.2005 0.9791
1305031458.4596 -1.2896 -0.0273 -0.3105 0.0028 0.0360 0.2028 0.9786
1305031458.4917 -1.2862 -0.0405 -0.2975 0.0174 0.0432 0.2025 0.9782
1305031458.5277 -1.3054 -0.0327 -0.2939 0.0337 0.0540 0.2005 0.9776
1305031458.5596 -1.3016 -0.0380 -0.2763 0.0362 0.0577 0.1993 0.9776
1305031458.5916 -1.3171 -0.0483 -0.2671 0.0414 0.0643 0.1910 0.9786
1305031458.6277 -1.3210 -0.0340 -0.2465 0.0461 0.0641 0.1908 0.9784
1305031458.6596 -1.3251 -0.0376 -0.2275 0.0372 0.0551 0.1876 0.9800
1305031458.6917 -1.3313 -0.0293 -0.2042 0.0375 0.0396 0.1811 0.9819
1305031458.7276 -1.3274 -0.0314 -0.1932 0.0377 0.0225 0.1749 0.9836
1305031458.7599 -1.3405 -0.0303 -0.1795 0.0430 0.0109 0.1690 0.9846
1305031458.7916 -1.3446 -0.0153 -0.1562 0.0486 -0.0047 0.1630 0.9854
1305031458.8276 -1.3380 -0.0146 -0.1241 0.0447 -0.0155 0.1640 0.9853
1305031458.8917 -1.3449 -0.0137 -0.0929 0.0557 -0.0166 0.1506 0.9869
1305031458.9276 -1.3571 -0.0103 -0.0910 0.0566 -0.0101 0.1503 0.9870
1305031458.9596 -1.3580 -0.0214 -0.0773 0.0450 -0.0071 0.1623 0.9857
1305031458.9916 -1.3620 -0.0425 -0.0591 0.0422 -0.0034 0.1651 0.9854
1305031459.0277 -1.3920 -0.0468 -0.0475 0.0561 0.0008 0.1579 0.9859
1305031459.0596 -1.4045 -0.0452 -0.0392 0.0657 -0.0086 0.1672 0.9837
1305031459.1276 -1.4631 -0.0104 -0.0540 0.0823 0.0167 0.1599 0.9835
1305031459.1596 -1.4762 -0.0125 -0.0361 0.0914 -0.0075 0.1602 0.9828
1305031459.1917 -1.4806 -0.0059 -0.0227 0.0989 -0.0266 0.1612 0.9816
1305031459.2276 -1.4814 -0.0022 -0.0132 0.1025 -0.0424 0.1663 0.9798
1305031459.2598 -1.4906 0.0027 0.0067 0.1045 -0.0434 0.1712 0.9787
1305031459.3276 -1.5149 0.0102 0.0415 0.1004 -0.0090 0.1944 0.9757
1305031459.3597 -1.5220 0.0179 0.0588 0.1033 0.0137 0.2110 0.9719
1305031459.3917 -1.5410 0.0399 0.0607 0.1015 0.0420 0.2308 0.9668
1305031459.4276 -1.5369 0.0477 0.0743 0.0881 0.0714 0.2626 0.9582
1305031459.4597 -1.5548 0.0507 0.0652 0.0844 0.1098 0.2978 0.9445
1305031459.5276 -1.6373 0.0044 0.0272 0.0733 0.1474 0.2917 0.9422
1305031459.5596 -1.6491 -0.0012 0.0247 0.0652 0.1636 0.3144 0.9328
1305031459.5917 -1.6712 -0.0080 0.0249 0.0610 0.1745 0.3334 0.9245
1305031459.6276 -1.6757 -0.0016 0.0342 0.0605 0.1735 0.3452 0.9204
1305031459.6596 -1.6863 -0.0037 0.0350 0.0599 0.1796 0.3444 0.9195
1305031459.6916 -1.7099 -0.0034 0.0450 0.0594 0.1957 0.3452 0.9160
1305031459.7276 -1.7150 -0.0085 0.0450 0.0565 0.1985 0.3482 0.9144
1305031459.7917 -1.7486 -0.0326 0.0508 0.0552 0.2083 0.3425 0.9145
1305031459.8277 -1.7676 -0.0461 0.0549 0.0539 0.2120 0.3410 0.9143
1305031459.8597 -1.7922 -0.0604 0.0626 0.0510 0.2152 0.3383 0.9147
1305031459.8916 -1.8073 -0.0744 0.0716 0.0468 0.2146 0.3381 0.9151
1305031459.9276 -1.8233 -0.0904 0.0745 0.0460 0.2144 0.3404 0.9143
1305031459.9917 -1.8372 -0.1086 0.0942 0.0421 0.2100 0.3501 0.9119
1305031460.0276 -1.8489 -0.1180 0.1047 0.0425 0.2127 0.3510 0.9109
1305031460.0597 -1.8652 -0.1414 0.1049 0.0387 0.2162 0.3545 0.9089
1305031460.0917 -1.8793 -0.1576 0.1072 0.0396 0.2125 0.3590 0.9079
1305031460.1277 -1.8892 -0.1661 0.1114 0.0447 0.2046 0.3629 0.9080
1305031460.1597 -1.9064 -0.1711 0.1208 0.0525 0.2007 0.3653 0.9075
1305031460.1916 -1.9022 -0.1777 0.1371 0.0522 0.1921 0.3735 0.9060
1305031460.2278 -1.8992 -0.1806 0.1493 0.0533 0.1917 0.3751 0.9054
1305031460.2917 -1.9084 -0.1884 0.1566 0.0621 0.2063 0.3737 0.9022
1305031460.3275 -1.9049 -0.1982 0.1633 0.0614 0.2109 0.3751 0.9006
1305031460.3916 -1.9109 -0.2066 0.1653 0.0588 0.2281 0.3800 0.8945
1305031460.4275 -1.9081 -0.2080 0.1788 0.0594 0.2352 0.3833 0.8912
1305031460.4596 -1.9109 -0.2119 0.1851 0.0571 0.2482 0.3870 0.8862
1305031460.4915 -1.9145 -0.2182 0.1888 0.0508 0.2629 0.3909 0.8806
1305031460.5276 -1.9257 -0.2295 0.1948 0.0452 0.2784 0.3963 0.8737
1305031460.5596 -1.9282 -0.2377 0.2046 0.0404 0.2901 0.3979 0.8694
1305031460.5919 -1.9301 -0.2415 0.2138 0.0390 0.2967 0.3983 0.8671
1305031460.6276 -1.9303 -0.2436 0.2175 0.0383 0.3017 0.3995 0.8648
1305031460.6598 -1.9312 -0.2423 0.2207 0.0395 0.3045 0.3993 0.8639
1305031460.6917 -1.9365 -0.2502 0.2252 0.0370 0.3084 0.4003 0.8621
1305031460.7277 -1.9390 -0.2573 0.2295 0.0338 0.3110 0.4002 0.8614
1305031460.7597 -1.9393 -0.2630 0.2307 0.0318 0.3127 0.3990 0.8614
1305031460.7917 -1.9415 -0.2674 0.2351 0.0307 0.3149 0.3983 0.8610
1305031460.8277 -1.9452 -0.2721 0.2399 0.0291 0.3171 0.3973 0.8607
1305031460.8597 -1.9469 -0.2758 0.2449 0.0267 0.3198 0.3959 0.8604
1305031460.8918 -1.9463 -0.2825 0.2501 0.0228 0.3223 0.3947 0.8601
1305031460.9276 -1.9504 -0.2895 0.2571 0.0202 0.3255 0.3945 0.8591
1305031460.9917 -1.9485 -0.3063 0.2725 0.0187 0.3306 0.3925 0.8581
1305031461.0276 -1.9492 -0.3187 0.2819 0.0177 0.3342 0.3958 0.8552
1305031461.0917 -1.9451 -0.3223 0.2992 0.0216 0.3298 0.3934 0.8579
1305031461.1276 -1.9419 -0.3233 0.3020 0.0226 0.3288 0.3928 0.8585
1305031461.1597 -1.9434 -0.3308 0.3135 0.0254 0.3321 0.3899 0.8585
1305031461.1920 -1.9404 -0.3316 0.3142 0.0269 0.3307 0.3876 0.8601
1305031461.2276 -1.9417 -0.3389 0.3210 0.0259 0.3338 0.3875 0.8589
1305031461.2596 -1.9419 -0.3415 0.3294 0.0276 0.3358 0.3823 0.8604
1305031461.2917 -1.9440 -0.3412 0.3356 0.0304 0.3375 0.3775 0.8617
1305031461.3278 -1.9398 -0.3415 0.3372 0.0312 0.3375 0.3746 0.8630
1305031461.3597 -1.9418 -0.3438 0.3500 0.0276 0.3435 0.3715 0.8621
1305031461.3917 -1.9348 -0.3509 0.3529 0.0217 0.3425 0.3722 0.8624
1305031461.4276 -1.9306 -0.3515 0.3565 0.0217 0.3427 0.3718 0.8625
1305031461.4598 -1.9335 -0.3515 0.3584 0.0205 0.3445 0.3713 0.8620
1305031461.4917 -1.9280 -0.3570 0.3656 0.0180 0.3466 0.3716 0.8611
1305031461.5277 -1.9265 -0.3461 0.3628 0.0263 0.3449 0.3707 0.8619
1305031461.5597 -1.9181 -0.3397 0.3550 0.0260 0.3420 0.3691 0.8638
1305031461.5917 -1.9123 -0.3326 0.3502 0.0261 0.3476 0.3672 0.8623
1305031461.6275 -1.9105 -0.3258 0.3538 0.0258 0.3546 0.3668 0.8597
1305031461.6596 -1.9071 -0.3229 0.3519 0.0242 0.3584 0.3665 0.8583
1305031461.6916 -1.9122 -0.3146 0.3599 0.0267 0.3646 0.3676 0.8551
1305031461.7276 -1.9021 -0.3102 0.3569 0.0253 0.3623 0.3730 0.8538
1305031461.7597 -1.9022 -0.3035 0.3537 0.0255 0.3655 0.3738 0.8521
1305031461.7916 -1.8970 -0.2875 0.3494 0.0252 0.3655 0.3732 0.8524
1305031461.8276 -1.8960 -0.2789 0.3501 0.0246 0.3732 0.3753 0.8481
1305031461.8598 -1.9009 -0.2685 0.3475 0.0263 0.3791 0.3819 0.8424
1305031461.8917 -1.9081 -0.2611 0.3455 0.0218 0.3842 0.3945 0.8344
1305031461.9278 -1.8971 -0.2564 0.3455 0.0113 0.3812 0.4067 0.8302
1305031461.9597 -1.8905 -0.2393 0.3360 0.0087 0.3827 0.4076 0.8290
1305031461.9916 -1.9034 -0.2309 0.3433 -0.0014 0.3957 0.4114 0.8211
1305031462.0277 -1.9050 -0.2309 0.3475 -0.0143 0.3975 0.4231 0.8141
1305031462.0598 -1.9032 -0.2207 0.3401 -0.0174 0.3881 0.4372 0.8111
1305031462.0918 -1.8978 -0.2161 0.3404 -0.0240 0.3815 0.4507 0.8067
1305031462.1277 -1.8961 -0.2057 0.3394 -0.0244 0.3763 0.4626 0.8024
1305031462.1596 -1.8951 -0.1996 0.3378 -0.0286 0.3728 0.4717 0.7985
1305031462.1916 -1.8948 -0.1944 0.3371 -0.0327 0.3720 0.4742 0.7973
1305031462.2276 -1.9065 -0.1826 0.3386 -0.0363 0.3738 0.4713 0.7981
1305031462.2598 -1.9143 -0.1931 0.3503 -0.0515 0.3801 0.4669 0.7968
1305031462.2916 -1.9188 -0.2014 0.3524 -0.0664 0.3802 0.4638 0.7974
1305031462.3275 -1.9223 -0.1812 0.3544 -0.0711 0.3759 0.4544 0.8044
1305031462.3597 -1.9319 -0.1597 0.3534 -0.0698 0.3731 0.4478 0.8096
1305031462.3917 -1.9400 -0.1504 0.3597 -0.0781 0.3701 0.4464 0.8110
1305031462.4276 -1.9713 -0.1515 0.3884 -0.0858 0.3857 0.4328 0.8103
1305031462.4599 -1.9783 -0.1343 0.3897 -0.0911 0.3768 0.4268 0.8171
1305031462.4920 -1.9832 -0.0961 0.3830 -0.0864 0.3616 0.4197 0.8281
1305031462.5277 -1.9841 -0.1544 0.3861 -0.1269 0.3632 0.4204 0.8217
1305031462.5599 -1.9879 -0.1272 0.3763 -0.1202 0.3483 0.4146 0.8321
1305031462.5919 -1.9894 -0.1058 0.3732 -0.1163 0.3392 0.4083 0.8394
1305031462.6279 -1.9959 -0.1146 0.3754 -0.1263 0.3428 0.3980 0.8415
1305031462.6597 -1.9970 -0.1202 0.3702 -0.1342 0.3417 0.3876 0.8456
1305031462.6925 -2.0008 -0.1266 0.3544 -0.1392 0.3371 0.3814 0.8494
1305031462.7277 -2.0122 -0.1066 0.3547 -0.1312 0.3329 0.3673 0.8585
1305031462.7598 -2.0113 -0.1199 0.3496 -0.1458 0.3252 0.3602 0.8621
1305031462.7919 -2.0092 -0.0970 0.3365 -0.1407 0.3145 0.3515 0.8705
1305031462.8278 -2.0076 -0.0954 0.3312 -0.1496 0.3073 0.3472 0.8733
1305031462.8598 -2.0091 -0.0952 0.3313 -0.1580 0.3081 0.3401 0.8744
1305031462.8918 -2.0089 -0.0897 0.3213 -0.1586 0.3077 0.3408 0.8740
1305031462.9276 -2.0071 -0.1102 0.3045 -0.1734 0.3083 0.3416 0.8707
1305031462.9597 -2.0039 -0.1042 0.2983 -0.1723 0.3057 0.3399 0.8726
1305031462.9955 -2.0021 -0.0982 0.2976 -0.1701 0.3034 0.3368 0.8750
1305031463.0277 -2.0003 -0.0951 0.2823 -0.1666 0.2994 0.3330 0.8785
1305031463.0598 -2.0033 -0.1032 0.2549 -0.1660 0.2945 0.3221 0.8843
1305031463.0958 -2.0018 -0.0925 0.2482 -0.1633 0.2911 0.3146 0.8886
1305031463.1275 -1.9934 -0.0805 0.2363 -0.1590 0.2843 0.3080 0.8939
1305031463.1598 -1.9979 -0.0827 0.2157 -0.1569 0.2843 0.2953 0.8985
1305031463.1957 -1.9927 -0.0846 0.2075 -0.1609 0.2825 0.2909 0.8998
1305031463.2278 -1.9888 -0.0657 0.2013 -0.1541 0.2814 0.2842 0.9035
1305031463.2600 -1.9884 -0.0683 0.1819 -0.1516 0.2832 0.2782 0.9052
1305031463.2957 -1.9840 -0.0643 0.1722 -0.1508 0.2814 0.2755 0.9067
1305031463.3277 -1.9754 -0.0480 0.1662 -0.1452 0.2763 0.2726 0.9101
1305031463.3598 -1.9721 -0.0435 0.1546 -0.1412 0.2743 0.2669 0.9130
1305031463.3956 -1.9633 -0.0353 0.1393 -0.1365 0.2684 0.2679 0.9152
1305031463.4277 -1.9477 -0.0200 0.1269 -0.1323 0.2608 0.2658 0.9186
1305031463.4598 -1.9437 -0.0064 0.1220 -0.1288 0.2633 0.2608 0.9198
1305031463.4956 -1.9421 0.0039 0.1161 -0.1278 0.2691 0.2568 0.9194
1305031463.5277 -1.9314 0.0136 0.0999 -0.1258 0.2716 0.2533 0.9199
1305031463.5598 -1.9113 0.0197 0.0870 -0.1218 0.2697 0.2523 0.9213
1305031463.5956 -1.8976 0.0240 0.0704 -0.1210 0.2640 0.2544 0.9225
1305031463.6276 -1.8885 0.0292 0.0664 -0.1205 0.2661 0.2491 0.9234
1305031463.6598 -1.8758 0.0193 0.0507 -0.1165 0.2695 0.2493 0.9228
1305031463.6956 -1.8687 0.0236 0.0354 -0.1138 0.2699 0.2443 0.9244
1305031463.7276 -1.8620 0.0134 0.0221 -0.1188 0.2732 0.2338 0.9255
1305031463.7597 -1.8407 0.0052 -0.0052 -0.1139 0.2704 0.2305 0.9278
1305031463.7956 -1.8326 -0.0027 -0.0243 -0.1115 0.2737 0.2213 0.9293
1305031463.8278 -1.8127 -0.0106 -0.0438 -0.1155 0.2685 0.2076 0.9335
1305031463.8599 -1.8056 -0.0129 -0.0607 -0.1106 0.2724 0.1975 0.9352
1305031463.8956 -1.7830 -0.0289 -0.0853 -0.1123 0.2665 0.1884 0.9385
1305031463.9277 -1.7795 -0.0243 -0.0916 -0.1091 0.2659 0.1788 0.9410
1305031463.9597 -1.7591 -0.0496 -0.1196 -0.1138 0.2571 0.1748 0.9436
1305031463.9958 -1.7621 -0.0633 -0.1235 -0.1131 0.2602 0.1643 0.9447
1305031464.0277 -1.7619 -0.0713 -0.1376 -0.1138 0.2587 0.1565 0.9464
1305031464.0597 -1.7463 -0.0966 -0.1541 -0.1210 0.2552 0.1440 0.9484
1305031464.0956 -1.7502 -0.1012 -0.1667 -0.1162 0.2585 0.1285 0.9504
1305031464.1277 -1.7530 -0.1016 -0.1733 -0.1114 0.2592 0.1240 0.9513
1305031464.1598 -1.7520 -0.1164 -0.1697 -0.1110 0.2590 0.1171 0.9523
1305031464.1956 -1.7396 -0.1434 -0.1904 -0.1062 0.2480 0.1172 0.9558
1305031464.2276 -1.7383 -0.1363 -0.2099 -0.0910 0.2355 0.1137 0.9609
1305031464.2596 -1.7485 -0.1408 -0.2183 -0.0874 0.2250 0.1137 0.9638
1305031464.2957 -1.7503 -0.1428 -0.2227 -0.0861 0.2107 0.1087 0.9677
1305031464.3279 -1.7322 -0.1548 -0.2392 -0.0885 0.1938 0.1029 0.9716
1305031464.3597 -1.7119 -0.1651 -0.2438 -0.0897 0.1813 0.0970 0.9745
1305031464.3956 -1.7175 -0.1734 -0.2487 -0.0880 0.1821 0.0857 0.9756
1305031464.4276 -1.7168 -0.1727 -0.2581 -0.0864 0.1818 0.0762 0.9766
1305031464.4597 -1.7157 -0.1809 -0.2626 -0.0860 0.1807 0.0667 0.9775
1305031464.4956 -1.7212 -0.1790 -0.2701 -0.0831 0.1818 0.0595 0.9780
1305031464.5276 -1.7134 -0.1885 -0.2895 -0.0843 0.1808 0.0528 0.9785
1305031464.5597 -1.7030 -0.1924 -0.3021 -0.0854 0.1778 0.0429 0.9794
1305031464.5957 -1.6943 -0.2153 -0.3165 -0.0875 0.1811 0.0286 0.9792
1305031464.6277 -1.6815 -0.2166 -0.3226 -0.0724 0.1933 0.0229 0.9782
1305031464.6597 -1.6693 -0.2399 -0.3409 -0.0662 0.2012 0.0102 0.9773
1305031464.6957 -1.6513 -0.2630 -0.3430 -0.0559 0.2075 -0.0090 0.9766
1305031464.7277 -1.6359 -0.2593 -0.3445 -0.0357 0.2072 -0.0268 0.9773
1305031464.7597 -1.6309 -0.2560 -0.3488 -0.0219 0.2045 -0.0421 0.9777
1305031464.7960 -1.6353 -0.2649 -0.3359 -0.0187 0.2001 -0.0640 0.9775
1305031464.8278 -1.6363 -0.2594 -0.3278 -0.0052 0.1859 -0.0746 0.9797
1305031464.8597 -1.6376 -0.2312 -0.3095 0.0045 0.1714 -0.0940 0.9807
1305031464.8958 -1.6157 -0.2339 -0.3099 0.0011 0.1513 -0.1065 0.9827
1305031464.9278 -1.6057 -0.2634 -0.3026 -0.0073 0.1379 -0.1287 0.9820
1305031464.9598 -1.6035 -0.2623 -0.2937 -0.0044 0.1340 -0.1461 0.9801
1305031464.9957 -1.5845 -0.2551 -0.2900 0.0029 0.1288 -0.1678 0.9774
1305031465.0278 -1.5871 -0.2516 -0.2686 0.0059 0.1305 -0.1875 0.9735
1305031465.0597 -1.5962 -0.2229 -0.2451 0.0146 0.1293 -0.2075 0.9695
1305031465.0957 -1.5314 -0.1769 -0.2340 0.0197 0.1084 -0.2184 0.9696
1305031465.1277 -1.5293 -0.1686 -0.2062 -0.0007 0.0995 -0.2350 0.9669
1305031465.1598 -1.4945 -0.1698 -0.1710 -0.0183 0.0860 -0.2420 0.9663
1305031465.1956 -1.4717 -0.1680 -0.1442 -0.0328 0.0744 -0.2472 0.9656
1305031465.2279 -1.4447 -0.1632 -0.1215 -0.0466 0.0654 -0.2522 0.9643
1305031465.2598 -1.4353 -0.1688 -0.0962 -0.0637 0.0607 -0.2534 0.9633
1305031465.2956 -1.4292 -0.1663 -0.0968 -0.0695 0.0536 -0.2450 0.9655
1305031465.3277 -1.4251 -0.1459 -0.0829 -0.0758 0.0498 -0.2287 0.9693
1305031465.3599 -1.4130 -0.1524 -0.0693 -0.0841 0.0354 -0.2154 0.9723
1305031465.3956 -1.3865 -0.1432 -0.0549 -0.0834 0.0195 -0.2044 0.9751
1305031465.4277 -1.3593 -0.1434 -0.0535 -0.0818 0.0074 -0.1938 0.9776
1305031465.4601 -1.3537 -0.1366 -0.0542 -0.0801 0.0043 -0.1876 0.9790
1305031465.4957 -1.3335 -0.1295 -0.0586 -0.0820 -0.0028 -0.1798 0.9803
1305031465.5276 -1.3206 -0.1340 -0.0550 -0.0854 -0.0085 -0.1770 0.9805
1305031465.5598 -1.3001 -0.1307 -0.0596 -0.0806 -0.0160 -0.1714 0.9818
1305031465.5956 -1.2843 -0.1267 -0.0632 -0.0773 -0.0194 -0.1664 0.9828
1305031465.6277 -1.2744 -0.1199 -0.0696 -0.0739 -0.0215 -0.1621 0.9838
1305031465.6601 -1.2608 -0.1185 -0.0742 -0.0723 -0.0269 -0.1555 0.9848
1305031465.6957 -1.2422 -0.1158 -0.0772 -0.0696 -0.0330 -0.1509 0.9855
1305031465.7277 -1.2246 -0.1067 -0.0808 -0.0634 -0.0361 -0.1446 0.9868
1305031465.7598 -1.2024 -0.0938 -0.0868 -0.0561 -0.0412 -0.1361 0.9882
1305031465.7959 -1.1879 -0.0892 -0.0874 -0.0537 -0.0434 -0.1333 0.9887
1305031465.8280 -1.1753 -0.0841 -0.0979 -0.0476 -0.0453 -0.1307 0.9892
1305031465.8599 -1.1463 -0.0627 -0.1068 -0.0332 -0.0494 -0.1279 0.9900
1305031465.8955 -1.1228 -0.0540 -0.1102 -0.0292 -0.0451 -0.1282 0.9903
1305031465.9275 -1.1090 -0.0571 -0.1174 -0.0272 -0.0343 -0.1268 0.9910
1305031465.9597 -1.0805 -0.0510 -0.1183 -0.0195 -0.0310 -0.1275 0.9912
1305031465.9958 -1.0574 -0.0405 -0.1235 -0.0115 -0.0267 -0.1308 0.9910
1305031466.0276 -1.0356 -0.0372 -0.1227 -0.0084 -0.0283 -0.1306 0.9910
1305031466.0598 -1.0183 -0.0123 -0.1287 -0.0049 -0.0271 -0.1332 0.9907
1305031466.0958 -1.0127 0.0103 -0.1350 -0.0051 -0.0248 -0.1359 0.9904
1305031466.1276 -0.9956 0.0353 -0.1417 -0.0059 -0.0278 -0.1361 0.9903
1305031466.1604 -0.9896 0.0543 -0.1482 -0.0086 -0.0276 -0.1344 0.9905
1305031466.1958 -0.9760 0.0676 -0.1569 -0.0165 -0.0337 -0.1341 0.9903
1305031466.2280 -0.9634 0.0674 -0.1646 -0.0314 -0.0383 -0.1338 0.9898
1305031466.2598 -0.9458 0.0643 -0.1774 -0.0346 -0.0423 -0.1401 0.9886
1305031466.2957 -0.9215 0.0674 -0.1911 -0.0305 -0.0417 -0.1493 0.9874
1305031466.3277 -0.9014 0.0653 -0.1987 -0.0297 -0.0360 -0.1565 0.9866
1305031466.3598 -0.8987 0.0811 -0.2142 -0.0290 -0.0225 -0.1665 0.9854
1305031466.3958 -0.8852 0.0713 -0.2218 -0.0302 -0.0213 -0.1688 0.9850
1305031466.4278 -0.8774 0.0749 -0.2343 -0.0262 -0.0228 -0.1719 0.9845
1305031466.4598 -0.8695 0.0781 -0.2462 -0.0260 -0.0252 -0.1759 0.9838
1305031466.4958 -0.8519 0.0877 -0.2547 -0.0272 -0.0278 -0.1764 0.9835
1305031466.5275 -0.8282 0.0765 -0.2704 -0.0298 -0.0282 -0.1775 0.9833
1305031466.5604 -0.8015 0.0845 -0.2733 -0.0263 -0.0282 -0.1790 0.9831
1305031466.5959 -0.7788 0.0725 -0.2893 -0.0414 -0.0287 -0.1799 0.9824
1305031466.6275 -0.7537 0.0647 -0.2848 -0.0455 -0.0286 -0.1893 0.9805
1305031466.6597 -0.7351 0.0561 -0.2985 -0.0424 -0.0275 -0.1939 0.9797
1305031466.6958 -0.7208 0.0627 -0.3081 -0.0419 -0.0270 -0.2030 0.9779
1305031466.7281 -0.7093 0.0535 -0.3062 -0.0502 -0.0277 -0.2153 0.9749
1305031466.7596 -0.6858 0.0461 -0.3056 -0.0479 -0.0299 -0.2209 0.9737
1305031466.7956 -0.6782 0.0412 -0.3142 -0.0468 -0.0302 -0.2230 0.9732
1305031466.8279 -0.6649 0.0393 -0.3274 -0.0489 -0.0334 -0.2253 0.9725
1305031466.8597 -0.6613 0.0330 -0.3284 -0.0517 -0.0360 -0.2259 0.9721
1305031466.8957 -0.6516 0.0274 -0.3456 -0.0520 -0.0441 -0.2261 0.9717
1305031466.9278 -0.6307 0.0130 -0.3537 -0.0566 -0.0605 -0.2288 0.9700
1305031466.9597 -0.6177 0.0064 -0.3591 -0.0578 -0.0678 -0.2275 0.9697
1305031466.9957 -0.6081 0.0056 -0.3608 -0.0573 -0.0711 -0.2285 0.9693
1305031467.0278 -0.5983 0.0042 -0.3639 -0.0572 -0.0736 -0.2299 0.9687
1305031467.0597 -0.5846 0.0018 -0.3670 -0.0567 -0.0765 -0.2317 0.9681
1305031467.0957 -0.5696 0.0006 -0.3666 -0.0572 -0.0784 -0.2337 0.9674
1305031467.1290 -0.5625 0.0019 -0.3663 -0.0566 -0.0803 -0.2390 0.9660
1305031467.1597 -0.5513 -0.0003 -0.3652 -0.0557 -0.0836 -0.2423 0.9650
1305031467.1957 -0.5468 0.0004 -0.3668 -0.0552 -0.0855 -0.2445 0.9643
1305031467.2277 -0.5386 -0.0010 -0.3686 -0.0551 -0.0902 -0.2466 0.9633
1305031467.2597 -0.5306 -0.0033 -0.3708 -0.0547 -0.0937 -0.2487 0.9625
1305031467.2958 -0.5207 -0.0036 -0.3699 -0.0538 -0.0984 -0.2511 0.9614
1305031467.3280 -0.5105 -0.0074 -0.3775 -0.0544 -0.1025 -0.2547 0.9600
1305031467.3597 -0.4970 0.0054 -0.3740 -0.0519 -0.1075 -0.2562 0.9592
1305031467.3958 -0.4870 0.0066 -0.3733 -0.0569 -0.1123 -0.2591 0.9576
1305031467.4278 -0.4753 -0.0036 -0.3740 -0.0597 -0.1178 -0.2600 0.9565
1305031467.4597 -0.4651 -0.0083 -0.3756 -0.0607 -0.1227 -0.2603 0.9558
1305031467.4961 -0.4418 -0.0140 -0.3935 -0.0641 -0.1306 -0.2619 0.9541
1305031467.5277 -0.4242 0.0001 -0.3904 -0.0627 -0.1336 -0.2620 0.9537
1305031467.5598 -0.4158 -0.0080 -0.3902 -0.0645 -0.1355 -0.2620 0.9533
1305031467.5960 -0.4131 -0.0101 -0.3913 -0.0650 -0.1356 -0.2610 0.9536
1305031467.6275 -0.4036 -0.0075 -0.3902 -0.0621 -0.1389 -0.2575 0.9542
1305031467.6596 -0.4018 -0.0181 -0.3841 -0.0611 -0.1424 -0.2571 0.9539
1305031467.6959 -0.3931 -0.0233 -0.3837 -0.0603 -0.1456 -0.2590 0.9529
1305031467.7275 -0.3941 -0.0341 -0.3786 -0.0596 -0.1469 -0.2638 0.9515
1305031467.7599 -0.3907 -0.0395 -0.3751 -0.0559 -0.1492 -0.2663 0.9506
1305031467.7961 -0.3910 -0.0451 -0.3713 -0.0541 -0.1503 -0.2702 0.9495
1305031467.8278 -0.4008 -0.0576 -0.3553 -0.0547 -0.1506 -0.2713 0.9491
1305031467.8597 -0.4000 -0.0559 -0.3485 -0.0445 -0.1542 -0.2709 0.9491
1305031467.8959 -0.3997 -0.0577 -0.3465 -0.0411 -0.1575 -0.2705 0.9488
1305031467.9278 -0.4005 -0.0657 -0.3330 -0.0398 -0.1633 -0.2755 0.9465
1305031467.9598 -0.4007 -0.0677 -0.3303 -0.0320 -0.1661 -0.2808 0.9447
1305031467.9958 -0.3966 -0.0772 -0.3261 -0.0328 -0.1674 -0.2811 0.9444
1305031468.0281 -0.3934 -0.0765 -0.3148 -0.0323 -0.1674 -0.2831 0.9438
1305031468.0598 -0.3955 -0.0936 -0.3073 -0.0316 -0.1693 -0.2848 0.9430
1305031468.0959 -0.3898 -0.0999 -0.3054 -0.0316 -0.1715 -0.2842 0.9428
1305031468.1278 -0.3862 -0.1056 -0.2934 -0.0324 -0.1733 -0.2838 0.9425
1305031468.1599 -0.3823 -0.1121 -0.2854 -0.0319 -0.1752 -0.2843 0.9421
1305031468.1960 -0.3789 -0.1173 -0.2771 -0.0311 -0.1751 -0.2881 0.9409
1305031468.2282 -0.3706 -0.1295 -0.2678 -0.0327 -0.1759 -0.2881 0.9407
1305031468.2598 -0.3562 -0.1407 -0.2468 -0.0325 -0.1775 -0.2855 0.9412
1305031468.2958 -0.3436 -0.1609 -0.2380 -0.0351 -0.1785 -0.2855 0.9410
1305031468.3278 -0.3413 -0.1840 -0.2064 -0.0363 -0.1797 -0.2830 0.9414
1305031468.3598 -0.3323 -0.2078 -0.2013 -0.0380 -0.1788 -0.2793 0.9426
1305031468.3959 -0.3379 -0.2130 -0.1927 -0.0366 -0.1738 -0.2803 0.9433
1305031468.4280 -0.3377 -0.2248 -0.1803 -0.0394 -0.1746 -0.2792 0.9434
1305031468.4598 -0.3333 -0.2502 -0.1577 -0.0426 -0.1769 -0.2766 0.9436
1305031468.4958 -0.3290 -0.2557 -0.1459 -0.0428 -0.1771 -0.2760 0.9437
1305031468.5278 -0.3366 -0.2768 -0.1219 -0.0436 -0.1754 -0.2807 0.9426
1305031468.5597 -0.3540 -0.2922 -0.1201 -0.0388 -0.1738 -0.2919 0.9397
1305031468.5958 -0.3628 -0.2951 -0.1261 -0.0355 -0.1724 -0.2992 0.9378
1305031468.6276 -0.3692 -0.3058 -0.1167 -0.0399 -0.1732 -0.3010 0.9369
1305031468.6596 -0.3860 -0.3355 -0.1084 -0.0464 -0.1748 -0.3006 0.9365
1305031468.6958 -0.4090 -0.3558 -0.0995 -0.0461 -0.1772 -0.3066 0.9340
1305031468.7278 -0.4245 -0.3827 -0.0970 -0.0491 -0.1800 -0.3073 0.9331
1305031468.7596 -0.4354 -0.3929 -0.0850 -0.0494 -0.1823 -0.3074 0.9327
1305031468.7958 -0.4396 -0.4068 -0.0803 -0.0453 -0.1872 -0.3093 0.9312
1305031468.8292 -0.4645 -0.4256 -0.0826 -0.0409 -0.1863 -0.3161 0.9294
1305031468.8597 -0.4648 -0.4291 -0.0837 -0.0397 -0.1860 -0.3191 0.9285
1305031468.8959 -0.4534 -0.4375 -0.0619 -0.0394 -0.1868 -0.3203 0.9279
1305031468.9281 -0.4663 -0.4353 -0.0709 -0.0393 -0.1749 -0.3195 0.9305
1305031468.9596 -0.4770 -0.4422 -0.0665 -0.0454 -0.1683 -0.3178 0.9320
1305031468.9957 -0.4670 -0.4400 -0.0637 -0.0582 -0.1658 -0.3189 0.9314
1305031469.0277 -0.4670 -0.4425 -0.0504 -0.0759 -0.1619 -0.3231 0.9293
1305031469.0598 -0.4883 -0.4495 -0.0289 -0.0920 -0.1575 -0.3314 0.9257
1305031469.0957 -0.5013 -0.4506 -0.0200 -0.1038 -0.1529 -0.3441 0.9206
1305031469.1277 -0.4868 -0.4680 0.0010 -0.1178 -0.1519 -0.3519 0.9161
1305031469.1597 -0.4907 -0.4757 0.0215 -0.1294 -0.1435 -0.3599 0.9128
1305031469.1955 -0.4876 -0.4879 0.0233 -0.1370 -0.1351 -0.3593 0.9132
1305031469.2278 -0.5094 -0.4855 0.0306 -0.1418 -0.1247 -0.3632 0.9124
1305031469.2596 -0.4980 -0.4818 0.0456 -0.1448 -0.1249 -0.3675 0.9101
1305031469.2968 -0.4940 -0.4782 0.0531 -0.1482 -0.1195 -0.3673 0.9104
1305031469.3276 -0.4896 -0.4745 0.0625 -0.1501 -0.1186 -0.3664 0.9106
1305031469.3596 -0.4705 -0.4632 0.0891 -0.1519 -0.1209 -0.3747 0.9066
1305031469.3957 -0.4631 -0.4745 0.1094 -0.1545 -0.1141 -0.3794 0.9051
1305031469.4277 -0.4773 -0.4649 0.1197 -0.1527 -0.0967 -0.3882 0.9037
1305031469.4597 -0.4788 -0.4702 0.1452 -0.1573 -0.0905 -0.3970 0.8997
1305031469.4957 -0.4836 -0.4501 0.1578 -0.1534 -0.0840 -0.4001 0.8996
1305031469.5276 -0.4749 -0.4442 0.1669 -0.1552 -0.0858 -0.3977 0.9002
1305031469.5596 -0.4704 -0.4361 0.1840 -0.1614 -0.0865 -0.3960 0.8998
1305031469.5958 -0.4528 -0.4242 0.1889 -0.1655 -0.0877 -0.3909 0.9012
1305031469.6278 -0.4529 -0.4059 0.2002 -0.1730 -0.0814 -0.3893 0.9010
1305031469.6596 -0.4502 -0.3906 0.2090 -0.1740 -0.0785 -0.3902 0.9007
1305031469.6956 -0.4561 -0.3848 0.2282 -0.1842 -0.0723 -0.3882 0.9001
1305031469.7277 -0.4636 -0.3627 0.2402 -0.1864 -0.0619 -0.3886 0.9002
1305031469.7596 -0.4496 -0.3560 0.2390 -0.1909 -0.0617 -0.3832 0.9016
1305031469.7956 -0.4571 -0.3224 0.2595 -0.1937 -0.0528 -0.3771 0.9041
1305031469.8275 -0.4639 -0.3029 0.2693 -0.1991 -0.0490 -0.3756 0.9038
1305031469.8596 -0.4584 -0.2871 0.2733 -0.2039 -0.0540 -0.3720 0.9039
1305031469.8958 -0.4682 -0.2691 0.2910 -0.2116 -0.0503 -0.3697 0.9033
1305031469.9279 -0.4637 -0.2557 0.2960 -0.2154 -0.0567 -0.3647 0.9041
1305031469.9598 -0.4752 -0.2274 0.3041 -0.2155 -0.0518 -0.3594 0.9065
1305031469.9956 -0.4793 -0.2116 0.3136 -0.2175 -0.0535 -0.3562 0.9072
1305031470.0277 -0.4798 -0.1922 0.3102 -0.2191 -0.0566 -0.3532 0.9078
1305031470.0596 -0.4907 -0.1748 0.3085 -0.2208 -0.0551 -0.3546 0.9069
1305031470.0959 -0.4968 -0.1632 0.3156 -0.2250 -0.0550 -0.3506 0.9074
1305031470.1276 -0.5096 -0.1392 0.3182 -0.2274 -0.0514 -0.3507 0.9070
1305031470.1596 -0.5168 -0.1145 0.3145 -0.2245 -0.0487 -0.3434 0.9107
1305031470.1961 -0.5217 -0.0942 0.3116 -0.2253 -0.0503 -0.3409 0.9113
1305031470.2276 -0.5375 -0.1043 0.3096 -0.2418 -0.0514 -0.3457 0.9052
1305031470.2600 -0.5432 -0.0788 0.3076 -0.2398 -0.0489 -0.3340 0.9102
1305031470.2957 -0.5571 -0.0619 0.3052 -0.2462 -0.0464 -0.3407 0.9062
1305031470.3276 -0.5585 -0.0415 0.3008 -0.2463 -0.0462 -0.3312 0.9097
1305031470.3596 -0.5731 -0.0341 0.3010 -0.2570 -0.0449 -0.3331 0.9061
1305031470.3958 -0.5788 -0.0247 0.2989 -0.2606 -0.0492 -0.3261 0.9074
1305031470.4276 -0.5864 0.0008 0.2974 -0.2540 -0.0491 -0.3230 0.9103
1305031470.4597 -0.5946 0.0124 0.2960 -0.2540 -0.0522 -0.3213 0.9108
1305031470.4957 -0.6063 0.0237 0.2945 -0.2536 -0.0543 -0.3204 0.9111
1305031470.5277 -0.6146 0.0308 0.2928 -0.2544 -0.0550 -0.3179 0.9117
1305031470.5597 -0.6260 0.0393 0.2904 -0.2546 -0.0547 -0.3209 0.9106
1305031470.5958 -0.6340 0.0542 0.2873 -0.2507 -0.0526 -0.3131 0.9145
1305031470.6277 -0.6425 0.0618 0.2863 -0.2528 -0.0527 -0.3102 0.9149
1305031470.6597 -0.6513 0.0724 0.2859 -0.2535 -0.0495 -0.3050 0.9167
1305031470.6956 -0.6647 0.0851 0.2835 -0.2523 -0.0467 -0.3041 0.9174
1305031470.7277 -0.6745 0.0953 0.2830 -0.2503 -0.0444 -0.3020 0.9188
1305031470.7597 -0.6816 0.1003 0.2814 -0.2494 -0.0403 -0.3014 0.9194
1305031470.7956 -0.6859 0.1125 0.2807 -0.2441 -0.0355 -0.2975 0.9223
1305031470.8278 -0.6952 0.1265 0.2789 -0.2352 -0.0304 -0.2935 0.9261
1305031470.8596 -0.7029 0.1357 0.2800 -0.2288 -0.0295 -0.2872 0.9297
1305031470.8957 -0.7158 0.1450 0.2765 -0.2225 -0.0239 -0.2793 0.9338
1305031470.9277 -0.7197 0.1606 0.2757 -0.2101 -0.0269 -0.2745 0.9380
1305031470.9596 -0.7291 0.1655 0.2723 -0.1968 -0.0314 -0.2764 0.9401
1305031470.9960 -0.7356 0.1731 0.2680 -0.1816 -0.0317 -0.2763 0.9432
1305031471.0276 -0.7396 0.1733 0.2660 -0.1713 -0.0335 -0.2749 0.9455
1305031471.0596 -0.7468 0.1749 0.2635 -0.1582 -0.0331 -0.2759 0.9475
1305031471.0958 -0.7504 0.1764 0.2585 -0.1476 -0.0351 -0.2653 0.9522
1305031471.1277 -0.7639 0.1784 0.2548 -0.1426 -0.0302 -0.2591 0.9548
1305031471.1596 -0.7590 0.1797 0.2521 -0.1334 -0.0363 -0.2504 0.9582
1305031471.1957 -0.7629 0.1774 0.2504 -0.1339 -0.0349 -0.2475 0.9590
1305031471.2276 -0.7679 0.1780 0.2503 -0.1344 -0.0321 -0.2444 0.9598
1305031471.2597 -0.7699 0.1771 0.2514 -0.1354 -0.0322 -0.2439 0.9598
1305031471.2961 -0.7726 0.1769 0.2520 -0.1347 -0.0312 -0.2400 0.9609
1305031471.3276 -0.7707 0.1815 0.2512 -0.1281 -0.0305 -0.2364 0.9627
1305031471.3596 -0.7713 0.1811 0.2506 -0.1272 -0.0262 -0.2342 0.9635
1305031471.3957 -0.7780 0.1806 0.2504 -0.1267 -0.0199 -0.2317 0.9643
1305031471.4277 -0.7804 0.1788 0.2487 -0.1251 -0.0197 -0.2258 0.9659
1305031471.4596 -0.7829 0.1745 0.2463 -0.1281 -0.0201 -0.2215 0.9665
1305031471.4965 -0.7947 0.1730 0.2416 -0.1311 -0.0142 -0.2182 0.9669
1305031471.5276 -0.7985 0.1735 0.2402 -0.1311 -0.0124 -0.2167 0.9673
1305031471.5597 -0.7990 0.1751 0.2385 -0.1300 -0.0122 -0.2164 0.9675
1305031471.5957 -0.7998 0.1746 0.2383 -0.1300 -0.0101 -0.2147 0.9680
1305031471.6276 -0.8016 0.1765 0.2380 -0.1284 -0.0069 -0.2144 0.9682
1305031471.6596 -0.7981 0.1824 0.2333 -0.1211 -0.0068 -0.2146 0.9691
1305031471.6956 -0.8008 0.1781 0.2271 -0.1230 -0.0037 -0.2125 0.9694
1305031471.7275 -0.8047 0.1772 0.2221 -0.1247 0.0020 -0.2076 0.9702
1305031471.7597 -0.8069 0.1732 0.2223 -0.1271 0.0083 -0.1987 0.9717
1305031471.7958 -0.8119 0.1724 0.2150 -0.1275 0.0179 -0.1971 0.9719
1305031471.8276 -0.8129 0.1784 0.2082 -0.1254 0.0224 -0.1948 0.9725
1305031471.8597 -0.8104 0.1873 0.2083 -0.1242 0.0247 -0.1857 0.9744
1305031471.8956 -0.8104 0.1893 0.2067 -0.1263 0.0283 -0.1827 0.9746
1305031471.9277 -0.8144 0.1949 0.2093 -0.1295 0.0377 -0.1729 0.9757
1305031471.9596 -0.8206 0.1964 0.2148 -0.1303 0.0471 -0.1747 0.9748
1305031471.9956 -0.8186 0.1983 0.2065 -0.1307 0.0521 -0.1704 0.9753
1305031472.0276 -0.8168 0.2031 0.2064 -0.1326 0.0553 -0.1648 0.9758
1305031472.0597 -0.8194 0.2080 0.2127 -0.1350 0.0617 -0.1597 0.9759
1305031472.0956 -0.8220 0.2103 0.2104 -0.1351 0.0659 -0.1570 0.9761
1305031472.1276 -0.8223 0.2128 0.2088 -0.1366 0.0668 -0.1518 0.9766
1305031472.1596 -0.8309 0.2160 0.2223 -0.1408 0.0712 -0.1544 0.9753
1305031472.1957 -0.8383 0.2164 0.2344 -0.1420 0.0748 -0.1454 0.9763
1305031472.2276 -0.8480 0.2222 0.2398 -0.1397 0.0815 -0.1436 0.9763
1305031472.2638 -0.8704 0.2276 0.2452 -0.1356 0.0994 -0.1544 0.9736
1305031472.2957 -0.8693 0.2295 0.2439 -0.1284 0.0994 -0.1488 0.9755
1305031472.3277 -0.8724 0.2248 0.2401 -0.1238 0.0997 -0.1486 0.9760
1305031472.3636 -0.8758 0.2282 0.2393 -0.1221 0.1017 -0.1487 0.9760
1305031472.3956 -0.8760 0.2294 0.2428 -0.1204 0.0998 -0.1483 0.9765
1305031472.4277 -0.8784 0.2317 0.2449 -0.1170 0.0980 -0.1497 0.9769
1305031472.4636 -0.8774 0.2277 0.2428 -0.1170 0.0968 -0.1480 0.9773
1305031472.4956 -0.8771 0.2276 0.2425 -0.1164 0.0975 -0.1486 0.9772
1305031472.5276 -0.8814 0.2269 0.2451 -0.1158 0.1024 -0.1495 0.9766
1305031472.5636 -0.8841 0.2166 0.2475 -0.1140 0.1017 -0.1473 0.9772
1305031472.5957 -0.8789 0.2186 0.2429 -0.1070 0.0965 -0.1462 0.9787
1305031472.6277 -0.8791 0.2176 0.2439 -0.1069 0.0965 -0.1464 0.9787
1305031472.6636 -0.8820 0.2161 0.2478 -0.1070 0.0995 -0.1446 0.9786
1305031472.6958 -0.8807 0.2029 0.2453 -0.1107 0.0969 -0.1394 0.9792
1305031472.7276 -0.8806 0.2022 0.2483 -0.1091 0.0975 -0.1394 0.9794
1305031472.7636 -0.8785 0.2004 0.2477 -0.1058 0.0955 -0.1405 0.9798
1305031472.7956 -0.8794 0.1913 0.2494 -0.1060 0.0953 -0.1427 0.9794
1305031472.8276 -0.8749 0.1970 0.2495 -0.0979 0.0933 -0.1432 0.9804
1305031472.8636 -0.8739 0.2004 0.2496 -0.0940 0.0938 -0.1423 0.9809
1305031472.8957 -0.8756 0.1977 0.2505 -0.0958 0.0937 -0.1406 0.9810
1305031472.9277 -0.8762 0.1948 0.2520 -0.0976 0.0934 -0.1395 0.9810
1305031472.9638 -0.8770 0.1942 0.2524 -0.0974 0.0945 -0.1389 0.9810
1305031472.9957 -0.8775 0.1934 0.2535 -0.0986 0.0939 -0.1385 0.9810
1305031473.0276 -0.8764 0.1934 0.2535 -0.0987 0.0925 -0.1388 0.9810
1305031473.0637 -0.8763 0.1921 0.2550 -0.0999 0.0924 -0.1392 0.9809
1305031473.0957 -0.8756 0.1888 0.2551 -0.1014 0.0924 -0.1393 0.9807
1305031473.1277 -0.8773 0.1905 0.2560 -0.1002 0.0942 -0.1397 0.9806
1305031473.1671 -0.8776 0.1912 0.2569 -0.0993 0.0939 -0.1408 0.9806
1305031473.1961 -0.8779 0.1897 0.2574 -0.0998 0.0936 -0.1410 0.9805
