1305031453.3917 0.0000 0.0000 0.0000 0.0000 0.0000 0.0000 1.0000
1305031453.5237 0.0115 0.0212 -0.0402 0.0179 0.0218 0.0376 0.9989
1305031453.6277 0.0108 0.0403 -0.0830 0.0394 0.0275 0.0529 0.9974
1305031453.7277 -0.0030 0.0652 -0.1285 0.0579 0.0128 0.0421 0.9974
1305031453.8278 -0.0254 0.0861 -0.1686 0.0688 -0.0125 0.0203 0.9973
1305031453.9277 -0.0560 0.1030 -0.1994 0.0667 -0.0599 0.0024 0.9960
1305031453.9596 -0.0623 0.1083 -0.2052 0.0646 -0.0768 -0.0070 0.9949
1305031453.9916 -0.0731 0.1094 -0.2032 0.0634 -0.0884 -0.0189 0.9939
1305031454.0277 -0.0797 0.1095 -0.2080 0.0648 -0.1015 -0.0283 0.9923
1305031454.0597 -0.0826 0.1097 -0.2114 0.0647 -0.1149 -0.0391 0.9905
1305031454.0917 -0.0913 0.1096 -0.2082 0.0652 -0.1272 -0.0517 0.9884
1305031454.1277 -0.0987 0.1097 -0.2075 0.0686 -0.1425 -0.0651 0.9853
1305031454.1597 -0.0980 0.1088 -0.2097 0.0679 -0.1610 -0.0769 0.9816
1305031454.1917 -0.1079 0.1078 -0.2112 0.0654 -0.1776 -0.0919 0.9776
1305031454.2277 -0.1236 0.1064 -0.2074 0.0682 -0.1933 -0.1104 0.9725
1305031454.2596 -0.1297 0.1096 -0.2031 0.0752 -0.2081 -0.1265 0.9670
1305031454.2916 -0.1365 0.1134 -0.2038 0.0741 -0.2159 -0.1381 0.9638
1305031454.3277 -0.1492 0.1098 -0.2102 0.0738 -0.2237 -0.1529 0.9598
1305031454.3596 -0.1519 0.1117 -0.2117 0.0805 -0.2359 -0.1669 0.9539
1305031454.3917 -0.1598 0.1182 -0.2137 0.0830 -0.2429 -0.1783 0.9499
1305031454.4275 -0.1710 0.1223 -0.2166 0.0854 -0.2537 -0.1934 0.9439
1305031454.4599 -0.1722 0.1226 -0.2150 0.0881 -0.2650 -0.2093 0.9371
1305031454.4916 -0.1756 0.1269 -0.2171 0.0905 -0.2700 -0.2245 0.9319
1305031454.5277 -0.1777 0.1322 -0.2188 0.0910 -0.2765 -0.2406 0.9259
1305031454.5596 -0.1840 0.1364 -0.2228 0.0878 -0.2812 -0.2538 0.9213
1305031454.5916 -0.1932 0.1398 -0.2266 0.0849 -0.2895 -0.2713 0.9140
1305031454.6276 -0.1977 0.1431 -0.2250 0.0831 -0.3024 -0.2851 0.9057
1305031454.6595 -0.1981 0.1496 -0.2225 0.0781 -0.3150 -0.2924 0.8996
1305031454.6919 -0.2058 0.1514 -0.2227 0.0700 -0.3269 -0.3014 0.8930
1305031454.7277 -0.2060 0.1517 -0.2165 0.0645 -0.3406 -0.3068 0.8864
1305031454.7597 -0.2002 0.1507 -0.2128 0.0567 -0.3484 -0.3041 0.8849
1305031454.7916 -0.1969 0.1563 -0.2119 0.0514 -0.3512 -0.2974 0.8863
1305031454.8276 -0.1897 0.1664 -0.2058 0.0474 -0.3541 -0.2901 0.8878
1305031454.8596 -0.1885 0.1725 -0.2023 0.0410 -0.3514 -0.2841 0.8912
1305031454.8918 -0.1867 0.1785 -0.2024 0.0364 -0.3464 -0.2780 0.8952
1305031454.9276 -0.1856 0.1871 -0.2029 0.0319 -0.3406 -0.2721 0.8994
1305031454.9596 -0.1873 0.1945 -0.2064 0.0279 -0.3347 -0.2669 0.9033
1305031454.9919 -0.1911 0.2031 -0.2127 0.0249 -0.3304 -0.2618 0.9065
1305031455.0278 -0.1911 0.2149 -0.2152 0.0249 -0.3298 -0.2586 0.9076
1305031455.0596 -0.1950 0.2210 -0.2169 0.0227 -0.3271 -0.2570 0.9091
1305031455.0917 -0.1992 0.2291 -0.2211 0.0248 -0.3238 -0.2564 0.9104
1305031455.1277 -0.2032 0.2401 -0.2269 0.0262 -0.3189 -0.2549 0.9125
1305031455.1597 -0.2116 0.2506 -0.2339 0.0253 -0.3135 -0.2509 0.9155
1305031455.1917 -0.2209 0.2589 -0.2377 0.0212 -0.3097 -0.2455 0.9184
1305031455.2276 -0.2295 0.2651 -0.2430 0.0200 -0.3064 -0.2403 0.9208
1305031455.2596 -0.2351 0.2795 -0.2494 0.0188 -0.3013 -0.2343 0.9241
1305031455.2918 -0.2485 0.2829 -0.2549 0.0086 -0.2946 -0.2257 0.9285
1305031455.3278 -0.2594 0.2935 -0.2645 0.0032 -0.2906 -0.2158 0.9322
1305031455.3596 -0.2639 0.3036 -0.2665 -0.0044 -0.2897 -0.2097 0.9339
1305031455.3917 -0.2750 0.3037 -0.2694 -0.0166 -0.2826 -0.2028 0.9374
1305031455.4276 -0.2897 0.3094 -0.2778 -0.0241 -0.2743 -0.1935 0.9417
1305031455.4596 -0.3029 0.3089 -0.2854 -0.0308 -0.2703 -0.1855 0.9442
1305031455.4916 -0.3132 0.3143 -0.2947 -0.0354 -0.2663 -0.1749 0.9472
1305031455.5276 -0.3303 0.3117 -0.3045 -0.0427 -0.2618 -0.1624 0.9504
1305031455.5597 -0.3456 0.3129 -0.3171 -0.0463 -0.2614 -0.1493 0.9525
1305031455.5916 -0.3564 0.3178 -0.3295 -0.0493 -0.2621 -0.1352 0.9543
1305031455.6276 -0.3711 0.3134 -0.3329 -0.0564 -0.2615 -0.1233 0.9556
1305031455.6596 -0.3853 0.3110 -0.3436 -0.0544 -0.2597 -0.1176 0.9570
1305031455.6916 -0.3982 0.3126 -0.3573 -0.0503 -0.2578 -0.1184 0.9576
1305031455.7276 -0.4106 0.3104 -0.3683 -0.0479 -0.2551 -0.1230 0.9579
1305031455.7597 -0.4235 0.3081 -0.3812 -0.0467 -0.2496 -0.1259 0.9590
1305031455.7917 -0.4381 0.3007 -0.3943 -0.0459 -0.2442 -0.1250 0.9605
1305031455.8276 -0.4496 0.2993 -0.4107 -0.0427 -0.2410 -0.1243 0.9616
1305031455.8595 -0.4603 0.2942 -0.4231 -0.0430 -0.2394 -0.1257 0.9618
1305031455.8917 -0.4690 0.2911 -0.4352 -0.0425 -0.2371 -0.1257 0.9624
1305031455.9280 -0.4792 0.2862 -0.4460 -0.0433 -0.2336 -0.1269 0.9631
1305031455.9597 -0.4868 0.2852 -0.4583 -0.0420 -0.2303 -0.1289 0.9636
1305031455.9917 -0.4938 0.2842 -0.4671 -0.0429 -0.2262 -0.1311 0.9643
1305031456.0278 -0.5005 0.2906 -0.4798 -0.0444 -0.2196 -0.1353 0.9651
1305031456.0597 -0.5135 0.2834 -0.4850 -0.0537 -0.2140 -0.1440 0.9647
1305031456.0917 -0.5259 0.2749 -0.4884 -0.0593 -0.2097 -0.1498 0.9644
1305031456.1276 -0.5351 0.2700 -0.4942 -0.0602 -0.2056 -0.1512 0.9650
1305031456.1597 -0.5458 0.2608 -0.4952 -0.0618 -0.2002 -0.1522 0.9659
1305031456.1917 -0.5545 0.2545 -0.4990 -0.0566 -0.1928 -0.1495 0.9681
1305031456.2277 -0.5593 0.2590 -0.5043 -0.0518 -0.1836 -0.1451 0.9709
1305031456.2917 -0.5857 0.2433 -0.5044 -0.0523 -0.1605 -0.1388 0.9758
1305031456.3277 -0.5967 0.2381 -0.5031 -0.0484 -0.1503 -0.1320 0.9786
1305031456.3916 -0.6191 0.2330 -0.4975 -0.0441 -0.1261 -0.1228 0.9834
1305031456.4277 -0.6359 0.2383 -0.4975 -0.0360 -0.1141 -0.1150 0.9861
1305031456.4917 -0.6734 0.2561 -0.4943 -0.0389 -0.1037 -0.1040 0.9884
1305031456.5276 -0.6867 0.2572 -0.4852 -0.0453 -0.1051 -0.0989 0.9885
1305031456.5917 -0.7068 0.2639 -0.4712 -0.0472 -0.1010 -0.0866 0.9900
1305031456.6276 -0.7184 0.2777 -0.4649 -0.0567 -0.0947 -0.0815 0.9905
1305031456.6916 -0.7551 0.2634 -0.4429 -0.0723 -0.0827 -0.0674 0.9917
1305031456.8276 -0.8135 0.2878 -0.4166 -0.0792 -0.0917 -0.0359 0.9920
1305031457.0917 -0.9095 0.3078 -0.3766 -0.1093 -0.0540 -0.0006 0.9925
1305031457.2275 -0.9581 0.2995 -0.3940 -0.1162 -0.0249 0.0213 0.9927
1305031457.3275 -0.9938 0.2924 -0.4224 -0.1046 0.0009 0.0391 0.9937
1305031457.3917 -1.0236 0.2790 -0.4417 -0.1015 0.0252 0.0519 0.9932
1305031457.4917 -1.0692 0.2613 -0.4747 -0.0995 0.0407 0.0669 0.9920
1305031457.5597 -1.0937 0.2498 -0.4977 -0.0923 0.0496 0.0744 0.9917
1305031457.6275 -1.1233 0.2367 -0.5157 -0.0902 0.0576 0.0804 0.9910
1305031457.6916 -1.1519 0.2338 -0.5358 -0.0903 0.0609 0.0870 0.9902
1305031457.7596 -1.1745 0.2035 -0.5454 -0.0925 0.0640 0.0843 0.9901
1305031457.7916 -1.1823 0.1874 -0.5504 -0.0866 0.0680 0.0839 0.9904
1305031457.8277 -1.1934 0.1905 -0.5631 -0.0742 0.0750 0.0857 0.9907
1305031457.8916 -1.2225 0.1585 -0.5697 -0.0677 0.0920 0.0860 0.9897
1305031457.9276 -1.2394 0.1569 -0.5774 -0.0534 0.0966 0.0916 0.9897
1305031457.9916 -1.2616 0.1414 -0.5822 -0.0425 0.0976 0.0977 0.9895
1305031458.0278 -1.2712 0.1303 -0.5806 -0.0345 0.1007 0.0992 0.9894
1305031458.0597 -1.2860 0.1382 -0.5835 -0.0234 0.1056 0.1027 0.9888
1305031458.0917 -1.3009 0.1390 -0.5791 -0.0226 0.1103 0.1047 0.9881
1305031458.1276 -1.3151 0.1302 -0.5712 -0.0246 0.1142 0.1052 0.9876
1305031458.1596 -1.3300 0.1218 -0.5644 -0.0233 0.1166 0.1079 0.9870
1305031458.1916 -1.3437 0.1263 -0.5586 -0.0218 0.1154 0.1133 0.9866
1305031458.2276 -1.3561 0.1205 -0.5456 -0.0292 0.1124 0.1148 0.9866
1305031458.2599 -1.3716 0.0906 -0.5256 -0.0362 0.1109 0.1112 0.9869
1305031458.2917 -1.3864 0.0895 -0.5193 -0.0265 0.1059 0.1123 0.9877
1305031458.3276 -1.3955 0.0849 -0.5066 -0.0253 0.0987 0.1153 0.9881
1305031458.3596 -1.4015 0.0673 -0.4875 -0.0207 0.0926 0.1167 0.9886
1305031458.3916 -1.4089 0.0734 -0.4772 -0.0066 0.0880 0.1211 0.9887
1305031458.4276 -1.4103 0.0724 -0.4613 0.0006 0.0858 0.1305 0.9877
1305031458.4596 -1.4058 0.0649 -0.4438 0.0102 0.0875 0.1376 0.9866
1305031458.4917 -1.4057 0.0594 -0.4264 0.0298 0.0959 0.1381 0.9853
1305031458.5277 -1.4212 0.0824 -0.4112 0.0542 0.1072 0.1374 0.9832
1305031458.5596 -1.4293 0.0891 -0.3924 0.0630 0.1162 0.1355 0.9819
1305031458.5916 -1.4419 0.0889 -0.3735 0.0723 0.1232 0.1307 0.9811
1305031458.6277 -1.4550 0.1125 -0.3588 0.0792 0.1235 0.1273 0.9810
1305031458.6596 -1.4618 0.1107 -0.3357 0.0720 0.1190 0.1286 0.9819
1305031458.6917 -1.4622 0.1097 -0.3139 0.0655 0.1018 0.1230 0.9850
1305031458.7276 -1.4481 0.1005 -0.2904 0.0612 0.0821 0.1158 0.9880
1305031458.7599 -1.4530 0.1024 -0.2777 0.0670 0.0665 0.1065 0.9898
1305031458.7916 -1.4503 0.1122 -0.2644 0.0677 0.0486 0.0987 0.9916
1305031458.8276 -1.4436 0.1080 -0.2472 0.0601 0.0375 0.0971 0.9927
1305031458.8917 -1.4421 0.1043 -0.2229 0.0677 0.0333 0.0867 0.9934
1305031458.9276 -1.4521 0.1090 -0.2180 0.0665 0.0405 0.0920 0.9927
1305031458.9596 -1.4574 0.0992 -0.2116 0.0563 0.0460 0.1049 0.9918
1305031458.9916 -1.4650 0.0723 -0.2071 0.0527 0.0497 0.1109 0.9912
1305031459.0277 -1.4853 0.0658 -0.2036 0.0624 0.0492 0.1117 0.9906
1305031459.0596 -1.5071 0.0543 -0.1982 0.0689 0.0439 0.1219 0.9892
1305031459.1276 -1.4168 0.1198 -0.1909 0.1027 -0.0090 0.1286 0.9863
1305031459.1596 -1.4247 0.1190 -0.1814 0.1119 -0.0359 0.1310 0.9844
1305031459.1917 -1.4331 0.1223 -0.1710 0.1181 -0.0558 0.1377 0.9818
1305031459.2276 -1.4381 0.1234 -0.1595 0.1194 -0.0705 0.1494 0.9790
1305031459.2598 -1.4406 0.1306 -0.1389 0.1199 -0.0754 0.1581 0.9772
1305031459.3276 -1.4518 0.1357 -0.1139 0.1129 -0.0460 0.1870 0.9748
1305031459.3597 -1.4631 0.1451 -0.1029 0.1162 -0.0218 0.2077 0.9710
1305031459.3917 -1.4785 0.1675 -0.0944 0.1138 0.0048 0.2337 0.9656
1305031459.4276 -1.4782 0.1724 -0.0802 0.0978 0.0360 0.2694 0.9574
1305031459.4597 -1.4968 0.1690 -0.0785 0.0905 0.0742 0.3072 0.9444
1305031459.5276 -1.4924 0.1875 -0.0601 0.0923 0.0796 0.3158 0.9410
1305031459.5596 -1.5077 0.1762 -0.0683 0.0811 0.0953 0.3423 0.9312
1305031459.5917 -1.5258 0.1748 -0.0722 0.0762 0.1024 0.3608 0.9239
1305031459.6276 -1.5334 0.1710 -0.0702 0.0705 0.1029 0.3716 0.9200
1305031459.6596 -1.5473 0.1733 -0.0684 0.0713 0.1102 0.3726 0.9187
1305031459.6916 -1.5640 0.1686 -0.0683 0.0649 0.1224 0.3777 0.9155
1305031459.7276 -1.5763 0.1529 -0.0712 0.0570 0.1306 0.3814 0.9133
1305031459.7917 -1.6143 0.1245 -0.0750 0.0572 0.1437 0.3757 0.9137
1305031459.8277 -1.6315 0.1132 -0.0748 0.0566 0.1449 0.3735 0.9145
1305031459.8597 -1.6495 0.1011 -0.0740 0.0526 0.1445 0.3720 0.9154
1305031459.8916 -1.6601 0.0868 -0.0709 0.0468 0.1400 0.3744 0.9155
1305031459.9276 -1.6699 0.0731 -0.0682 0.0454 0.1371 0.3774 0.9147
1305031459.9917 -1.6923 0.0483 -0.0632 0.0393 0.1344 0.3844 0.9125
1305031460.0276 -1.6996 0.0337 -0.0598 0.0374 0.1343 0.3873 0.9113
1305031460.0597 -1.7119 0.0183 -0.0586 0.0371 0.1356 0.3892 0.9104
1305031460.0917 -1.7248 -0.0000 -0.0568 0.0371 0.1328 0.3957 0.9080
1305031460.1277 -1.7296 -0.0134 -0.0516 0.0411 0.1233 0.4052 0.9050
1305031460.1597 -1.7394 -0.0220 -0.0474 0.0470 0.1162 0.4123 0.9024
1305031460.1916 -1.7429 -0.0284 -0.0369 0.0468 0.1092 0.4187 0.9003
1305031460.2278 -1.7368 -0.0365 -0.0262 0.0467 0.1072 0.4221 0.8990
1305031460.2917 -1.7413 -0.0583 -0.0186 0.0480 0.1236 0.4227 0.8965
1305031460.3275 -1.7444 -0.0699 -0.0156 0.0485 0.1324 0.4250 0.8941
1305031460.3916 -1.7470 -0.0892 -0.0050 0.0428 0.1517 0.4318 0.8881
1305031460.4275 -1.7491 -0.1008 -0.0012 0.0407 0.1627 0.4367 0.8838
1305031460.4596 -1.7500 -0.1064 0.0030 0.0386 0.1754 0.4408 0.8795
1305031460.4915 -1.7574 -0.1150 0.0073 0.0321 0.1911 0.4463 0.8737
1305031460.5276 -1.7573 -0.1274 0.0104 0.0232 0.2018 0.4559 0.8665
1305031460.5596 -1.7558 -0.1394 0.0137 0.0158 0.2110 0.4596 0.8625
1305031460.5919 -1.7603 -0.1516 0.0162 0.0114 0.2209 0.4605 0.8596
1305031460.6276 -1.7615 -0.1640 0.0195 0.0075 0.2295 0.4626 0.8563
1305031460.6598 -1.7683 -0.1768 0.0224 0.0054 0.2386 0.4621 0.8541
1305031460.6917 -1.7755 -0.1885 0.0272 0.0020 0.2441 0.4632 0.8520
1305031460.7277 -1.7754 -0.1974 0.0334 -0.0030 0.2457 0.4632 0.8515
1305031460.7597 -1.7765 -0.2094 0.0389 -0.0065 0.2510 0.4614 0.8509
1305031460.7917 -1.7828 -0.2212 0.0445 -0.0093 0.2559 0.4604 0.8500
1305031460.8277 -1.7852 -0.2285 0.0532 -0.0133 0.2575 0.4573 0.8511
1305031460.8597 -1.7853 -0.2363 0.0599 -0.0191 0.2607 0.4546 0.8515
1305031460.8918 -1.7869 -0.2496 0.0682 -0.0267 0.2662 0.4515 0.8513
1305031460.9276 -1.7896 -0.2621 0.0779 -0.0322 0.2691 0.4505 0.8506
1305031460.9917 -1.7783 -0.2864 0.0939 -0.0372 0.2725 0.4527 0.8482
1305031461.0276 -1.7768 -0.2976 0.1025 -0.0362 0.2751 0.4534 0.8470
1305031461.0917 -1.7781 -0.3131 0.1174 -0.0335 0.2742 0.4533 0.8475
1305031461.1276 -1.7701 -0.3225 0.1245 -0.0358 0.2733 0.4514 0.8487
1305031461.1597 -1.7646 -0.3351 0.1325 -0.0352 0.2748 0.4498 0.8491
1305031461.1920 -1.7636 -0.3386 0.1386 -0.0312 0.2750 0.4461 0.8511
1305031461.2276 -1.7627 -0.3438 0.1458 -0.0303 0.2767 0.4434 0.8520
1305031461.2596 -1.7584 -0.3521 0.1530 -0.0293 0.2769 0.4404 0.8535
1305031461.2917 -1.7560 -0.3547 0.1597 -0.0261 0.2772 0.4347 0.8565
1305031461.3278 -1.7513 -0.3543 0.1655 -0.0239 0.2787 0.4305 0.8581
1305031461.3597 -1.7546 -0.3525 0.1727 -0.0262 0.2830 0.4261 0.8589
1305031461.3917 -1.7452 -0.3633 0.1815 -0.0358 0.2825 0.4272 0.8581
1305031461.4276 -1.7393 -0.3670 0.1855 -0.0365 0.2828 0.4255 0.8588
1305031461.4598 -1.7392 -0.3639 0.1903 -0.0391 0.2830 0.4265 0.8582
1305031461.4917 -1.7236 -0.3756 0.1933 -0.0458 0.2816 0.4283 0.8574
1305031461.5277 -1.7231 -0.3721 0.1932 -0.0391 0.2833 0.4261 0.8583
1305031461.5597 -1.7152 -0.3655 0.1893 -0.0390 0.2830 0.4227 0.8600
1305031461.5917 -1.7122 -0.3628 0.1872 -0.0384 0.2907 0.4192 0.8592
1305031461.6275 -1.7098 -0.3576 0.1868 -0.0404 0.2965 0.4186 0.8575
1305031461.6596 -1.7068 -0.3544 0.1867 -0.0426 0.3014 0.4183 0.8558
1305031461.6916 -1.7069 -0.3473 0.1861 -0.0435 0.3046 0.4230 0.8523
1305031461.7276 -1.6981 -0.3429 0.1842 -0.0473 0.3040 0.4288 0.8494
1305031461.7597 -1.6968 -0.3321 0.1799 -0.0468 0.3056 0.4308 0.8478
1305031461.7916 -1.6923 -0.3221 0.1762 -0.0511 0.3070 0.4348 0.8450
1305031461.8276 -1.6875 -0.3142 0.1730 -0.0538 0.3113 0.4392 0.8410
1305031461.8598 -1.6912 -0.2990 0.1705 -0.0535 0.3165 0.4447 0.8362
1305031461.8917 -1.6950 -0.2871 0.1701 -0.0578 0.3194 0.4551 0.8292
1305031461.9278 -1.6877 -0.2795 0.1671 -0.0667 0.3163 0.4655 0.8239
1305031461.9597 -1.6806 -0.2646 0.1600 -0.0721 0.3181 0.4682 0.8212
1305031461.9916 -1.6932 -0.2511 0.1593 -0.0772 0.3276 0.4734 0.8140
1305031462.0277 -1.6946 -0.2513 0.1630 -0.0904 0.3288 0.4838 0.8060
1305031462.0598 -1.6974 -0.2464 0.1652 -0.0958 0.3255 0.4953 0.7998
1305031462.0918 -1.6961 -0.2384 0.1633 -0.0998 0.3192 0.5064 0.7948
1305031462.1277 -1.6967 -0.2290 0.1609 -0.1037 0.3154 0.5151 0.7902
1305031462.1596 -1.6966 -0.2253 0.1591 -0.1098 0.3132 0.5212 0.7863
1305031462.1916 -1.7011 -0.2163 0.1579 -0.1130 0.3126 0.5203 0.7867
1305031462.2276 -1.7079 -0.2093 0.1571 -0.1187 0.3135 0.5202 0.7855
1305031462.2598 -1.7132 -0.2052 0.1589 -0.1263 0.3130 0.5181 0.7859
1305031462.2916 -1.7204 -0.1969 0.1596 -0.1315 0.3103 0.5137 0.7890
1305031462.3597 -1.7345 -0.1801 0.1598 -0.1441 0.3058 0.5026 0.7957
1305031462.4920 -1.7551 -0.1632 0.1693 -0.1831 0.2762 0.4888 0.8070
1305031462.6925 -1.7920 -0.1512 0.1467 -0.2003 0.2517 0.4426 0.8370
1305031462.7598 -1.8014 -0.1418 0.1307 -0.2015 0.2363 0.4227 0.8514
1305031462.8278 -1.8052 -0.1389 0.1122 -0.2094 0.2247 0.4100 0.8588
1305031462.9597 -1.7951 -0.1264 0.0871 -0.2177 0.2136 0.3932 0.8674
1305031463.0277 -1.7918 -0.1149 0.0581 -0.2062 0.2072 0.3849 0.8754
1305031463.0958 -1.7839 -0.1025 0.0312 -0.2008 0.1951 0.3688 0.8863
1305031463.1598 -1.7809 -0.0967 0.0017 -0.1923 0.1924 0.3520 0.8956
1305031463.2600 -1.7692 -0.0773 -0.0324 -0.1845 0.1885 0.3373 0.9037
1305031463.3598 -1.7456 -0.0632 -0.0666 -0.1778 0.1780 0.3287 0.9103
1305031463.4598 -1.7218 -0.0569 -0.0941 -0.1787 0.1730 0.3227 0.9133
1305031463.5277 -1.6945 -0.0298 -0.1034 -0.1751 0.1789 0.3156 0.9153
1305031463.6276 -1.6574 -0.0042 -0.1228 -0.1677 0.1798 0.3107 0.9182
1305031463.6956 -1.6357 0.0087 -0.1471 -0.1537 0.1825 0.3030 0.9226
1305031463.7597 -1.5907 0.0033 -0.1704 -0.1529 0.1810 0.2949 0.9257
1305031463.8278 -1.5573 0.0026 -0.2000 -0.1468 0.1802 0.2745 0.9331
1305031463.8599 -1.5364 -0.0056 -0.2134 -0.1463 0.1802 0.2650 0.9359
1305031463.8956 -1.5222 -0.0077 -0.2287 -0.1417 0.1806 0.2562 0.9390
1305031463.9597 -1.4884 -0.0216 -0.2547 -0.1400 0.1719 0.2463 0.9435
1305031463.9958 -1.4731 -0.0272 -0.2699 -0.1353 0.1676 0.2401 0.9465
1305031464.0277 -1.4600 -0.0311 -0.2855 -0.1331 0.1635 0.2323 0.9495
1305031464.0597 -1.4417 -0.0414 -0.2980 -0.1333 0.1609 0.2236 0.9520
1305031464.0956 -1.4318 -0.0472 -0.3119 -0.1282 0.1620 0.2145 0.9546
1305031464.1277 -1.4271 -0.0539 -0.3237 -0.1245 0.1621 0.2096 0.9562
1305031464.1598 -1.4190 -0.0665 -0.3321 -0.1205 0.1587 0.2084 0.9575
1305031464.1956 -1.4128 -0.0766 -0.3414 -0.1107 0.1527 0.2053 0.9604
1305031464.2276 -1.4114 -0.0752 -0.3540 -0.0975 0.1436 0.2024 0.9638
1305031464.2596 -1.4093 -0.0743 -0.3657 -0.0892 0.1301 0.2016 0.9667
1305031464.2957 -1.3982 -0.0745 -0.3756 -0.0848 0.1122 0.1981 0.9700
1305031464.3279 -1.3805 -0.0757 -0.3861 -0.0816 0.0964 0.1933 0.9730
1305031464.3597 -1.3633 -0.0817 -0.3950 -0.0777 0.0857 0.1888 0.9752
1305031464.3956 -1.3450 -0.0784 -0.4082 -0.0709 0.0781 0.1805 0.9779
1305031464.4276 -1.3312 -0.0777 -0.4195 -0.0680 0.0763 0.1708 0.9800
1305031464.4597 -1.3197 -0.0855 -0.4304 -0.0659 0.0737 0.1626 0.9817
1305031464.4956 -1.3004 -0.0859 -0.4435 -0.0628 0.0696 0.1567 0.9832
1305031464.5276 -1.2895 -0.0865 -0.4583 -0.0604 0.0692 0.1485 0.9846
1305031464.5597 -1.2691 -0.0918 -0.4706 -0.0624 0.0648 0.1369 0.9865
1305031464.5957 -1.2382 -0.1120 -0.4838 -0.0627 0.0654 0.1267 0.9878
1305031464.6277 -1.2204 -0.1195 -0.4984 -0.0532 0.0757 0.1180 0.9887
1305031464.6597 -1.2070 -0.1269 -0.5104 -0.0438 0.0867 0.1049 0.9897
1305031464.6957 -1.1938 -0.1493 -0.5144 -0.0338 0.0967 0.0885 0.9908
1305031464.7277 -1.1940 -0.1505 -0.5198 -0.0140 0.1038 0.0727 0.9918
1305031464.7597 -1.1875 -0.1417 -0.5277 0.0016 0.1016 0.0552 0.9933
1305031464.7960 -1.1867 -0.1516 -0.5237 0.0087 0.0968 0.0381 0.9945
1305031464.8278 -1.1862 -0.1524 -0.5193 0.0211 0.0849 0.0254 0.9958
1305031464.8597 -1.1746 -0.1420 -0.5199 0.0306 0.0662 0.0117 0.9973
1305031464.8958 -1.1566 -0.1388 -0.5173 0.0308 0.0469 -0.0078 0.9984
1305031464.9278 -1.1384 -0.1607 -0.5090 0.0263 0.0323 -0.0288 0.9987
1305031464.9598 -1.1197 -0.1758 -0.4984 0.0289 0.0243 -0.0467 0.9982
1305031464.9957 -1.1019 -0.1734 -0.4894 0.0370 0.0203 -0.0647 0.9970
1305031465.0278 -1.0976 -0.1724 -0.4725 0.0423 0.0200 -0.0859 0.9952
1305031465.0597 -1.1012 -0.1496 -0.4512 0.0533 0.0156 -0.1040 0.9930
1305031465.0957 -1.0869 -0.1037 -0.4365 0.0569 0.0025 -0.1190 0.9913
1305031465.1277 -1.0733 -0.0917 -0.4164 0.0411 -0.0111 -0.1348 0.9900
1305031465.1598 -1.0658 -0.0875 -0.3917 0.0245 -0.0221 -0.1446 0.9889
1305031465.1956 -1.0531 -0.0824 -0.3693 0.0123 -0.0332 -0.1524 0.9877
1305031465.2279 -1.0387 -0.0660 -0.3500 0.0027 -0.0423 -0.1582 0.9865
1305031465.2598 -1.0342 -0.0639 -0.3261 -0.0103 -0.0493 -0.1603 0.9858
1305031465.3277 -1.0125 -0.0333 -0.2934 -0.0221 -0.0688 -0.1390 0.9877
1305031465.3956 -0.9811 -0.0272 -0.2669 -0.0308 -0.1011 -0.1160 0.9876
1305031465.4277 -0.9541 -0.0198 -0.2597 -0.0297 -0.1160 -0.1040 0.9873
1305031465.4601 -0.9319 -0.0052 -0.2561 -0.0275 -0.1270 -0.0899 0.9874
1305031465.4957 -0.9086 0.0098 -0.2525 -0.0298 -0.1373 -0.0801 0.9868
1305031465.5276 -0.8906 0.0071 -0.2450 -0.0347 -0.1464 -0.0770 0.9856
1305031465.5598 -0.8667 0.0148 -0.2433 -0.0300 -0.1553 -0.0702 0.9849
1305031465.5956 -0.8405 0.0283 -0.2432 -0.0251 -0.1607 -0.0609 0.9848
1305031465.6277 -0.8256 0.0414 -0.2471 -0.0215 -0.1630 -0.0516 0.9850
1305031465.6601 -0.8074 0.0527 -0.2470 -0.0189 -0.1717 -0.0426 0.9840
1305031465.6957 -0.7768 0.0644 -0.2439 -0.0144 -0.1811 -0.0346 0.9827
1305031465.7277 -0.7541 0.0784 -0.2456 -0.0083 -0.1844 -0.0248 0.9825
1305031465.7598 -0.7304 0.0961 -0.2461 -0.0021 -0.1890 -0.0150 0.9819
1305031465.7959 -0.7049 0.1111 -0.2430 0.0023 -0.1930 -0.0079 0.9812
1305031465.8280 -0.6822 0.1211 -0.2424 0.0091 -0.1963 -0.0016 0.9805
1305031465.8599 -0.6556 0.1480 -0.2408 0.0214 -0.1991 0.0045 0.9797
1305031465.8955 -0.6269 0.1697 -0.2350 0.0250 -0.1967 0.0079 0.9801
1305031465.9275 -0.6048 0.1796 -0.2315 0.0294 -0.1902 0.0093 0.9813
1305031465.9597 -0.5833 0.1995 -0.2317 0.0411 -0.1829 0.0091 0.9822
1305031465.9958 -0.5687 0.2205 -0.2368 0.0495 -0.1755 0.0061 0.9832
1305031466.0276 -0.5521 0.2412 -0.2409 0.0557 -0.1730 0.0053 0.9833
1305031466.0598 -0.5371 0.2659 -0.2440 0.0556 -0.1706 0.0057 0.9838
1305031466.0958 -0.5244 0.2813 -0.2498 0.0505 -0.1709 0.0050 0.9840
1305031466.1276 -0.5085 0.2967 -0.2539 0.0448 -0.1753 0.0045 0.9835
1305031466.1604 -0.4952 0.3109 -0.2632 0.0392 -0.1792 0.0057 0.9830
1305031466.1958 -0.4819 0.3279 -0.2728 0.0322 -0.1866 0.0052 0.9819
1305031466.2280 -0.4616 0.3347 -0.2758 0.0209 -0.1964 -0.0004 0.9803
1305031466.2598 -0.4360 0.3321 -0.2777 0.0166 -0.2016 -0.0080 0.9793
1305031466.2957 -0.4119 0.3427 -0.2844 0.0216 -0.1986 -0.0192 0.9797
1305031466.3277 -0.3935 0.3534 -0.2962 0.0241 -0.1889 -0.0286 0.9813
1305031466.3598 -0.3779 0.3583 -0.3064 0.0193 -0.1802 -0.0354 0.9828
1305031466.3958 -0.3666 0.3493 -0.3161 0.0167 -0.1758 -0.0405 0.9834
1305031466.4278 -0.3518 0.3594 -0.3282 0.0243 -0.1775 -0.0439 0.9828
1305031466.4598 -0.3326 0.3702 -0.3363 0.0252 -0.1826 -0.0476 0.9817
1305031466.4958 -0.3084 0.3749 -0.3378 0.0208 -0.1878 -0.0484 0.9808
1305031466.5275 -0.2833 0.3752 -0.3350 0.0177 -0.1881 -0.0490 0.9808
1305031466.5604 -0.2646 0.3863 -0.3401 0.0176 -0.1839 -0.0511 0.9815
1305031466.5959 -0.2442 0.3951 -0.3412 0.0106 -0.1834 -0.0551 0.9814
1305031466.6275 -0.2200 0.3842 -0.3310 0.0022 -0.1841 -0.0609 0.9810
1305031466.6597 -0.2009 0.3870 -0.3327 0.0092 -0.1811 -0.0654 0.9812
1305031466.6958 -0.1799 0.4010 -0.3373 0.0127 -0.1825 -0.0717 0.9805
1305031466.7281 -0.1591 0.4037 -0.3306 0.0076 -0.1860 -0.0812 0.9792
1305031466.7596 -0.1405 0.3982 -0.3248 0.0099 -0.1867 -0.0897 0.9783
1305031466.7956 -0.1214 0.4062 -0.3284 0.0175 -0.1884 -0.0933 0.9775
1305031466.8279 -0.1024 0.4127 -0.3290 0.0156 -0.1932 -0.0956 0.9764
1305031466.8597 -0.0908 0.4091 -0.3247 0.0125 -0.1987 -0.0956 0.9753
1305031466.8957 -0.0730 0.4097 -0.3289 0.0153 -0.2107 -0.0957 0.9727
1305031466.9278 -0.0572 0.4112 -0.3284 0.0155 -0.2245 -0.0974 0.9695
1305031466.9597 -0.0404 0.4096 -0.3251 0.0160 -0.2340 -0.0988 0.9671
1305031466.9957 -0.0229 0.4092 -0.3256 0.0169 -0.2388 -0.1016 0.9656
1305031467.0278 -0.0060 0.4081 -0.3257 0.0175 -0.2431 -0.1055 0.9641
1305031467.0597 0.0119 0.4096 -0.3244 0.0185 -0.2460 -0.1084 0.9630
1305031467.0957 0.0295 0.4094 -0.3249 0.0171 -0.2476 -0.1136 0.9620
1305031467.1290 0.0418 0.4092 -0.3222 0.0193 -0.2505 -0.1238 0.9600
1305031467.1597 0.0563 0.4089 -0.3215 0.0221 -0.2540 -0.1307 0.9581
1305031467.1957 0.0707 0.4088 -0.3234 0.0234 -0.2588 -0.1344 0.9562
1305031467.2277 0.0837 0.4090 -0.3215 0.0250 -0.2655 -0.1398 0.9536
1305031467.2597 0.0967 0.4083 -0.3208 0.0272 -0.2705 -0.1443 0.9515
1305031467.2958 0.1107 0.4087 -0.3229 0.0302 -0.2756 -0.1500 0.9490
1305031467.3280 0.1260 0.4091 -0.3248 0.0316 -0.2811 -0.1538 0.9467
1305031467.3597 0.1416 0.4103 -0.3268 0.0282 -0.2876 -0.1553 0.9446
1305031467.3958 0.1553 0.4130 -0.3261 0.0246 -0.2941 -0.1612 0.9418
1305031467.4278 0.1677 0.4127 -0.3241 0.0240 -0.2996 -0.1652 0.9393
1305031467.4597 0.1845 0.4122 -0.3275 0.0237 -0.3064 -0.1663 0.9370
1305031467.4961 0.2012 0.4136 -0.3300 0.0201 -0.3127 -0.1715 0.9340
1305031467.5277 0.2141 0.4174 -0.3224 0.0184 -0.3160 -0.1787 0.9316
1305031467.5598 0.2257 0.4153 -0.3189 0.0193 -0.3170 -0.1809 0.9308
1305031467.5960 0.2395 0.4125 -0.3177 0.0183 -0.3190 -0.1791 0.9305
1305031467.6275 0.2475 0.4053 -0.3115 0.0189 -0.3240 -0.1766 0.9293
1305031467.6596 0.2580 0.3995 -0.3081 0.0240 -0.3292 -0.1726 0.9281
1305031467.6959 0.2680 0.3943 -0.3041 0.0269 -0.3321 -0.1752 0.9264
1305031467.7275 0.2711 0.3880 -0.2906 0.0321 -0.3343 -0.1800 0.9246
1305031467.7599 0.2755 0.3805 -0.2815 0.0378 -0.3363 -0.1812 0.9234
1305031467.7961 0.2789 0.3766 -0.2714 0.0424 -0.3385 -0.1832 0.9220
1305031467.8278 0.2755 0.3678 -0.2520 0.0474 -0.3412 -0.1837 0.9206
1305031467.8597 0.2754 0.3598 -0.2410 0.0534 -0.3452 -0.1793 0.9197
1305031467.8959 0.2772 0.3554 -0.2331 0.0584 -0.3511 -0.1780 0.9174
1305031467.9278 0.2766 0.3472 -0.2145 0.0623 -0.3585 -0.1809 0.9137
1305031467.9598 0.2751 0.3383 -0.1947 0.0696 -0.3640 -0.1814 0.9109
1305031467.9958 0.2788 0.3403 -0.1775 0.0756 -0.3664 -0.1827 0.9092
1305031468.0281 0.2717 0.3280 -0.1559 0.0744 -0.3665 -0.1869 0.9084
1305031468.0598 0.2660 0.3159 -0.1398 0.0798 -0.3680 -0.1894 0.9068
1305031468.0959 0.2671 0.3129 -0.1230 0.0837 -0.3714 -0.1904 0.9049
1305031468.1278 0.2625 0.3001 -0.1027 0.0823 -0.3735 -0.1918 0.9039
1305031468.1599 0.2601 0.2897 -0.0858 0.0853 -0.3749 -0.1948 0.9024
1305031468.1960 0.2587 0.2807 -0.0665 0.0865 -0.3756 -0.1981 0.9012
1305031468.2282 0.2557 0.2652 -0.0495 0.0848 -0.3746 -0.1985 0.9017
1305031468.2598 0.2549 0.2504 -0.0329 0.0845 -0.3731 -0.1975 0.9026
1305031468.2958 0.2520 0.2366 -0.0174 0.0843 -0.3706 -0.1982 0.9034
1305031468.3278 0.2488 0.2139 -0.0038 0.0843 -0.3685 -0.1966 0.9047
1305031468.3598 0.2508 0.2036 0.0065 0.0879 -0.3660 -0.1916 0.9064
1305031468.4280 0.2485 0.1696 0.0237 0.0805 -0.3640 -0.1929 0.9076
1305031468.4598 0.2490 0.1528 0.0319 0.0792 -0.3648 -0.1907 0.9079
1305031468.5278 0.2425 0.1137 0.0434 0.0767 -0.3608 -0.1982 0.9081
1305031468.5597 0.2369 0.0956 0.0450 0.0839 -0.3603 -0.2055 0.9060
1305031468.6596 0.2152 0.0460 0.0480 0.0779 -0.3636 -0.2143 0.9032
1305031468.6958 0.2073 0.0290 0.0488 0.0822 -0.3695 -0.2171 0.8998
1305031468.7278 0.2036 0.0175 0.0522 0.0864 -0.3759 -0.2163 0.8969
1305031468.7596 0.1968 0.0044 0.0563 0.0876 -0.3804 -0.2166 0.8948
1305031468.7958 0.1882 -0.0160 0.0597 0.0912 -0.3828 -0.2210 0.8923
1305031468.8292 0.1814 -0.0263 0.0620 0.1004 -0.3848 -0.2250 0.8895
1305031468.9281 0.1708 -0.0502 0.0783 0.0979 -0.3760 -0.2275 0.8929
1305031468.9957 0.1649 -0.0398 0.0804 0.0833 -0.3655 -0.2306 0.8979
1305031469.0598 0.1414 -0.0616 0.0888 0.0513 -0.3584 -0.2492 0.8982
1305031469.1597 0.1284 -0.0806 0.1271 0.0229 -0.3442 -0.2813 0.8955
1305031469.2278 0.1056 -0.0906 0.1393 0.0116 -0.3265 -0.2919 0.8989
1305031469.2968 0.0915 -0.0915 0.1607 0.0037 -0.3189 -0.2997 0.8991
1305031469.3276 0.0848 -0.0865 0.1692 -0.0000 -0.3149 -0.3018 0.8999
1305031469.3596 0.0839 -0.0891 0.1886 -0.0060 -0.3124 -0.3073 0.8989
1305031469.3957 0.0770 -0.0918 0.2010 -0.0069 -0.3013 -0.3133 0.9006
1305031469.4277 0.0714 -0.0825 0.2104 -0.0031 -0.2891 -0.3187 0.9027
1305031469.4597 0.0626 -0.0739 0.2213 -0.0011 -0.2787 -0.3259 0.9034
1305031469.4957 0.0491 -0.0627 0.2285 0.0000 -0.2709 -0.3294 0.9045
1305031469.5276 0.0452 -0.0499 0.2390 -0.0014 -0.2708 -0.3292 0.9046
1305031469.5596 0.0424 -0.0405 0.2521 -0.0069 -0.2716 -0.3301 0.9040
1305031469.6596 0.0246 -0.0153 0.2908 -0.0305 -0.2652 -0.3329 0.9044
1305031469.7596 0.0075 0.0241 0.3202 -0.0439 -0.2512 -0.3291 0.9092
1305031469.9279 -0.0431 0.1039 0.3544 -0.0717 -0.2484 -0.3199 0.9115
1305031470.1276 -0.1037 0.2001 0.3546 -0.0859 -0.2524 -0.3111 0.9122
1305031470.2957 -0.1564 0.2704 0.3312 -0.1072 -0.2502 -0.2986 0.9148
1305031470.4597 -0.2153 0.3309 0.3028 -0.1246 -0.2513 -0.2905 0.9148
1305031470.6597 -0.2754 0.3782 0.2705 -0.1312 -0.2496 -0.2775 0.9184
1305031470.6956 -0.2851 0.3869 0.2672 -0.1329 -0.2497 -0.2743 0.9191
1305031470.7277 -0.2953 0.3899 0.2662 -0.1348 -0.2511 -0.2730 0.9188
1305031470.7597 -0.3004 0.3937 0.2621 -0.1358 -0.2491 -0.2694 0.9203
1305031470.7956 -0.3100 0.4016 0.2603 -0.1365 -0.2436 -0.2653 0.9228
1305031470.8278 -0.3209 0.4049 0.2577 -0.1346 -0.2424 -0.2612 0.9246
1305031470.8596 -0.3293 0.4086 0.2539 -0.1301 -0.2432 -0.2555 0.9266
1305031470.8957 -0.3386 0.4135 0.2479 -0.1256 -0.2430 -0.2498 0.9289
1305031470.9277 -0.3487 0.4169 0.2452 -0.1214 -0.2455 -0.2449 0.9301
1305031470.9596 -0.3558 0.4183 0.2415 -0.1115 -0.2508 -0.2408 0.9310
1305031470.9960 -0.3600 0.4218 0.2377 -0.1013 -0.2540 -0.2360 0.9325
1305031471.0276 -0.3668 0.4224 0.2346 -0.0918 -0.2540 -0.2326 0.9343
1305031471.0596 -0.3748 0.4239 0.2297 -0.0816 -0.2517 -0.2264 0.9374
1305031471.0958 -0.3808 0.4286 0.2251 -0.0716 -0.2517 -0.2176 0.9403
1305031471.1277 -0.3865 0.4296 0.2217 -0.0656 -0.2534 -0.2099 0.9420
1305031471.1596 -0.3904 0.4304 0.2172 -0.0603 -0.2539 -0.2024 0.9439
1305031471.1957 -0.3943 0.4325 0.2135 -0.0573 -0.2519 -0.1959 0.9460
1305031471.2276 -0.4003 0.4351 0.2103 -0.0562 -0.2486 -0.1906 0.9480
1305031471.2597 -0.4068 0.4345 0.2080 -0.0574 -0.2468 -0.1872 0.9491
1305031471.2961 -0.4120 0.4313 0.2062 -0.0582 -0.2454 -0.1830 0.9502
1305031471.3276 -0.4135 0.4304 0.2028 -0.0550 -0.2428 -0.1794 0.9518
1305031471.3596 -0.4152 0.4321 0.2001 -0.0533 -0.2361 -0.1764 0.9541
1305031471.3957 -0.4243 0.4272 0.1964 -0.0557 -0.2271 -0.1723 0.9569
1305031471.4277 -0.4299 0.4298 0.1909 -0.0512 -0.2238 -0.1644 0.9593
1305031471.4596 -0.4321 0.4324 0.1867 -0.0499 -0.2245 -0.1588 0.9601
1305031471.5597 -0.4398 0.4314 0.1766 -0.0536 -0.2223 -0.1479 0.9622
1305031471.5957 -0.4422 0.4309 0.1728 -0.0541 -0.2176 -0.1455 0.9636
1305031471.6276 -0.4440 0.4296 0.1689 -0.0548 -0.2131 -0.1433 0.9649
1305031471.6596 -0.4455 0.4288 0.1640 -0.0536 -0.2082 -0.1397 0.9666
1305031471.7958 -0.4441 0.4314 0.1499 -0.0562 -0.1921 -0.1162 0.9729
1305031471.9956 -0.4548 0.4493 0.1398 -0.0739 -0.1587 -0.0887 0.9805
1305031472.5636 -0.4853 0.4683 0.1369 -0.0524 -0.1404 -0.0574 0.9870
1305031472.7956 -0.4759 0.4478 0.1421 -0.0420 -0.1458 -0.0519 0.9871
