1305031453.3917 0.0000 0.0000 0.0000 0.0000 0.0000 0.0000 1.0000
1305031453.5237 0.0059 0.0237 -0.0407 0.0189 0.0242 0.0373 0.9988
1305031453.6277 0.0024 0.0390 -0.0840 0.0389 0.0307 0.0514 0.9974
1305031453.7277 -0.0068 0.0586 -0.1259 0.0550 0.0152 0.0419 0.9975
1305031453.8597 -0.0397 0.0754 -0.1727 0.0645 -0.0224 0.0139 0.9976
1305031453.9277 -0.0580 0.0857 -0.1829 0.0623 -0.0569 0.0021 0.9964
1305031453.9596 -0.0572 0.0856 -0.1872 0.0600 -0.0752 -0.0044 0.9954
1305031453.9916 -0.0676 0.0903 -0.1800 0.0608 -0.0869 -0.0129 0.9943
1305031454.0277 -0.0764 0.0923 -0.1801 0.0625 -0.1002 -0.0190 0.9928
1305031454.0597 -0.0915 0.1002 -0.1806 0.0657 -0.1085 -0.0270 0.9916
1305031454.0917 -0.1152 0.1124 -0.1691 0.0702 -0.1164 -0.0346 0.9901
1305031454.1277 -0.1393 0.1229 -0.1639 0.0766 -0.1255 -0.0434 0.9882
1305031454.1597 -0.1532 0.1300 -0.1631 0.0785 -0.1386 -0.0508 0.9859
1305031454.1917 -0.1697 0.1334 -0.1592 0.0787 -0.1531 -0.0614 0.9832
1305031454.2277 -0.1927 0.1380 -0.1514 0.0831 -0.1654 -0.0761 0.9798
1305031454.2596 -0.1971 0.1365 -0.1578 0.0846 -0.1792 -0.0883 0.9762
1305031454.2916 -0.2047 0.1414 -0.1564 0.0847 -0.1876 -0.0978 0.9737
1305031454.3277 -0.2125 0.1409 -0.1551 0.0852 -0.1984 -0.1074 0.9705
1305031454.3596 -0.2207 0.1436 -0.1637 0.0894 -0.2082 -0.1197 0.9666
1305031454.3917 -0.2302 0.1516 -0.1606 0.0921 -0.2161 -0.1285 0.9635
1305031454.4275 -0.2402 0.1524 -0.1685 0.0920 -0.2263 -0.1380 0.9598
1305031454.4599 -0.2485 0.1571 -0.1691 0.0942 -0.2358 -0.1496 0.9556
1305031454.4916 -0.2524 0.1613 -0.1665 0.0968 -0.2412 -0.1621 0.9519
1305031454.5277 -0.2550 0.1678 -0.1612 0.0979 -0.2498 -0.1756 0.9472
1305031454.5596 -0.2633 0.1721 -0.1568 0.0959 -0.2568 -0.1851 0.9437
1305031454.5916 -0.2740 0.1791 -0.1564 0.0950 -0.2654 -0.1968 0.9390
1305031454.6276 -0.2832 0.1818 -0.1555 0.0927 -0.2770 -0.2069 0.9337
1305031454.6595 -0.2929 0.2001 -0.1498 0.0936 -0.2869 -0.2119 0.9295
1305031454.6919 -0.3086 0.2118 -0.1473 0.0903 -0.2966 -0.2169 0.9257
1305031454.7277 -0.3118 0.2179 -0.1490 0.0883 -0.3085 -0.2215 0.9208
1305031454.7597 -0.3083 0.2220 -0.1460 0.0845 -0.3154 -0.2181 0.9197
1305031454.7916 -0.3081 0.2218 -0.1412 0.0787 -0.3189 -0.2124 0.9203
1305031454.8276 -0.3055 0.2287 -0.1384 0.0748 -0.3205 -0.2060 0.9215
1305031454.8596 -0.3038 0.2222 -0.1284 0.0647 -0.3221 -0.2009 0.9229
1305031454.8918 -0.3059 0.2236 -0.1280 0.0597 -0.3181 -0.1961 0.9256
1305031454.9276 -0.3085 0.2337 -0.1188 0.0566 -0.3158 -0.1882 0.9283
1305031454.9596 -0.3111 0.2393 -0.1183 0.0538 -0.3126 -0.1838 0.9304
1305031454.9919 -0.3150 0.2411 -0.1207 0.0501 -0.3100 -0.1796 0.9323
1305031455.0278 -0.3166 0.2476 -0.1207 0.0498 -0.3097 -0.1769 0.9329
1305031455.0596 -0.3214 0.2532 -0.1221 0.0495 -0.3070 -0.1757 0.9340
1305031455.0917 -0.3242 0.2560 -0.1255 0.0501 -0.3049 -0.1756 0.9347
1305031455.1277 -0.3281 0.2659 -0.1302 0.0528 -0.3011 -0.1753 0.9359
1305031455.1597 -0.3371 0.2716 -0.1372 0.0521 -0.2959 -0.1730 0.9380
1305031455.1917 -0.3442 0.2763 -0.1359 0.0487 -0.2945 -0.1670 0.9397
1305031455.2276 -0.3500 0.2787 -0.1381 0.0476 -0.2928 -0.1636 0.9409
1305031455.2596 -0.3546 0.2893 -0.1401 0.0469 -0.2898 -0.1582 0.9428
1305031455.2918 -0.3624 0.2867 -0.1370 0.0350 -0.2879 -0.1476 0.9456
1305031455.3278 -0.3758 0.2950 -0.1503 0.0301 -0.2831 -0.1379 0.9486
1305031455.3596 -0.3812 0.3085 -0.1459 0.0249 -0.2831 -0.1281 0.9502
1305031455.3917 -0.3875 0.3038 -0.1420 0.0107 -0.2808 -0.1186 0.9524
1305031455.4276 -0.3996 0.3064 -0.1491 0.0034 -0.2745 -0.1094 0.9553
1305031455.4596 -0.4147 0.3077 -0.1579 -0.0001 -0.2692 -0.1036 0.9575
1305031455.4916 -0.4262 0.3094 -0.1664 -0.0042 -0.2657 -0.0961 0.9593
1305031455.5276 -0.4416 0.3064 -0.1763 -0.0095 -0.2621 -0.0866 0.9611
1305031455.5597 -0.4621 0.3106 -0.1911 -0.0106 -0.2599 -0.0757 0.9626
1305031455.5916 -0.4759 0.3118 -0.2060 -0.0135 -0.2599 -0.0652 0.9633
1305031455.6596 -0.5040 0.3122 -0.2206 -0.0140 -0.2573 -0.0457 0.9651
1305031455.6916 -0.5199 0.3139 -0.2381 -0.0101 -0.2533 -0.0469 0.9662
1305031455.7276 -0.5276 0.3131 -0.2442 -0.0087 -0.2519 -0.0493 0.9665
1305031455.7597 -0.5346 0.3116 -0.2518 -0.0079 -0.2486 -0.0508 0.9672
1305031455.7917 -0.5392 0.3051 -0.2580 -0.0080 -0.2470 -0.0500 0.9677
1305031455.8276 -0.5452 0.3047 -0.2706 -0.0055 -0.2453 -0.0495 0.9682
1305031455.8595 -0.5516 0.3015 -0.2788 -0.0058 -0.2443 -0.0496 0.9684
1305031455.8917 -0.5540 0.2990 -0.2870 -0.0058 -0.2436 -0.0497 0.9686
1305031455.9280 -0.5591 0.2944 -0.2946 -0.0071 -0.2417 -0.0497 0.9690
1305031455.9597 -0.5631 0.2938 -0.3014 -0.0063 -0.2398 -0.0507 0.9695
1305031455.9917 -0.5678 0.2910 -0.3066 -0.0079 -0.2371 -0.0518 0.9701
1305031456.0278 -0.5754 0.2942 -0.3153 -0.0097 -0.2321 -0.0562 0.9710
1305031456.0597 -0.5872 0.2788 -0.3185 -0.0204 -0.2278 -0.0646 0.9713
1305031456.0917 -0.5952 0.2733 -0.3214 -0.0237 -0.2246 -0.0681 0.9718
1305031456.1276 -0.5996 0.2694 -0.3259 -0.0248 -0.2221 -0.0683 0.9723
1305031456.1597 -0.6025 0.2647 -0.3268 -0.0253 -0.2196 -0.0689 0.9728
1305031456.1917 -0.6063 0.2535 -0.3300 -0.0231 -0.2148 -0.0682 0.9740
1305031456.2277 -0.6136 0.2578 -0.3370 -0.0197 -0.2055 -0.0646 0.9763
1305031456.2917 -0.6218 0.2379 -0.3315 -0.0237 -0.1887 -0.0576 0.9801
1305031456.3277 -0.6258 0.2285 -0.3321 -0.0229 -0.1806 -0.0505 0.9820
1305031456.3916 -0.6275 0.2121 -0.3227 -0.0248 -0.1648 -0.0406 0.9852
1305031456.4277 -0.6313 0.2112 -0.3185 -0.0202 -0.1585 -0.0305 0.9867
1305031456.4917 -0.6748 0.2278 -0.3135 -0.0217 -0.1484 -0.0173 0.9885
1305031456.5276 -0.6966 0.2330 -0.3083 -0.0236 -0.1465 -0.0132 0.9888
1305031456.5917 -0.7196 0.2432 -0.2982 -0.0223 -0.1422 -0.0047 0.9896
1305031456.6276 -0.7257 0.2554 -0.2900 -0.0333 -0.1402 0.0006 0.9896
1305031456.6916 -0.7587 0.2393 -0.2704 -0.0469 -0.1314 0.0128 0.9901
1305031456.7916 -0.8176 0.2383 -0.2505 -0.0552 -0.1361 0.0351 0.9885
1305031457.0276 -0.9022 0.2624 -0.2055 -0.0701 -0.1180 0.0692 0.9881
1305031457.1917 -0.9611 0.2606 -0.2197 -0.0857 -0.0860 0.0949 0.9881
1305031457.2917 -0.9839 0.2433 -0.2435 -0.0854 -0.0675 0.1152 0.9874
1305031457.3917 -1.0196 0.2300 -0.2756 -0.0815 -0.0333 0.1337 0.9871
1305031457.4917 -1.0566 0.2114 -0.3118 -0.0802 -0.0183 0.1507 0.9852
1305031457.5597 -1.0726 0.2026 -0.3397 -0.0725 -0.0104 0.1602 0.9844
1305031457.6275 -1.0947 0.1810 -0.3632 -0.0743 -0.0029 0.1670 0.9832
1305031457.6916 -1.1236 0.1705 -0.3800 -0.0765 0.0024 0.1725 0.9820
1305031457.7596 -1.1401 0.1365 -0.3995 -0.0795 0.0061 0.1706 0.9821
1305031457.7916 -1.1398 0.1191 -0.4027 -0.0735 0.0091 0.1711 0.9825
1305031457.8277 -1.1519 0.1270 -0.4176 -0.0593 0.0169 0.1719 0.9832
1305031457.8916 -1.1755 0.1011 -0.4248 -0.0507 0.0338 0.1720 0.9832
1305031457.9276 -1.1894 0.0944 -0.4353 -0.0381 0.0398 0.1770 0.9827
1305031457.9916 -1.2142 0.0776 -0.4404 -0.0259 0.0441 0.1824 0.9819
1305031458.0278 -1.2184 0.0689 -0.4427 -0.0161 0.0474 0.1843 0.9816
1305031458.0597 -1.2326 0.0726 -0.4505 -0.0075 0.0526 0.1872 0.9809
1305031458.1276 -1.2481 0.0579 -0.4472 -0.0111 0.0574 0.1886 0.9803
1305031458.1596 -1.2591 0.0445 -0.4490 -0.0124 0.0596 0.1895 0.9800
1305031458.1916 -1.2771 0.0423 -0.4440 -0.0119 0.0611 0.1935 0.9791
1305031458.2276 -1.2882 0.0299 -0.4262 -0.0195 0.0586 0.1951 0.9788
1305031458.2599 -1.3026 0.0099 -0.4149 -0.0220 0.0569 0.1930 0.9793
1305031458.2917 -1.3231 0.0015 -0.4082 -0.0144 0.0542 0.1928 0.9796
1305031458.3276 -1.3369 -0.0041 -0.3936 -0.0127 0.0474 0.1937 0.9798
1305031458.3596 -1.3434 -0.0230 -0.3750 -0.0075 0.0446 0.1991 0.9789
1305031458.3916 -1.3615 -0.0142 -0.3599 0.0083 0.0434 0.2028 0.9782
1305031458.4276 -1.3681 -0.0052 -0.3409 0.0182 0.0426 0.2138 0.9758
1305031458.4596 -1.3679 -0.0080 -0.3325 0.0302 0.0453 0.2198 0.9740
1305031458.4917 -1.3646 -0.0203 -0.3213 0.0454 0.0534 0.2213 0.9727
1305031458.5277 -1.3766 -0.0180 -0.3218 0.0600 0.0623 0.2198 0.9717
1305031458.5596 -1.3866 -0.0174 -0.3111 0.0647 0.0700 0.2173 0.9714
1305031458.5916 -1.4055 -0.0207 -0.3002 0.0724 0.0777 0.2092 0.9721
1305031458.6277 -1.4201 -0.0048 -0.2814 0.0783 0.0794 0.2066 0.9721
1305031458.6596 -1.4357 -0.0088 -0.2607 0.0728 0.0761 0.2070 0.9727
1305031458.6917 -1.4427 -0.0129 -0.2415 0.0686 0.0613 0.1987 0.9757
1305031458.7276 -1.4428 -0.0134 -0.2208 0.0700 0.0467 0.1928 0.9776
1305031458.7599 -1.4550 -0.0154 -0.2079 0.0756 0.0348 0.1842 0.9794
1305031458.7916 -1.4510 -0.0052 -0.1915 0.0793 0.0165 0.1769 0.9809
1305031458.8276 -1.4456 -0.0059 -0.1615 0.0755 0.0056 0.1762 0.9814
1305031458.8917 -1.4446 -0.0094 -0.1417 0.0825 0.0013 0.1637 0.9831
1305031458.9276 -1.4530 -0.0067 -0.1408 0.0821 0.0073 0.1659 0.9827
1305031458.9596 -1.4543 -0.0138 -0.1302 0.0727 0.0096 0.1757 0.9817
1305031458.9916 -1.4526 -0.0309 -0.1295 0.0704 0.0104 0.1799 0.9811
1305031459.0277 -1.4784 -0.0275 -0.1216 0.0857 0.0115 0.1763 0.9805
1305031459.0596 -1.4943 -0.0358 -0.1179 0.0924 0.0037 0.1857 0.9782
1305031459.1276 -1.5305 0.0260 -0.0893 0.1093 0.0278 0.1448 0.9830
1305031459.1596 -1.5447 0.0266 -0.0816 0.1183 0.0024 0.1446 0.9824
1305031459.1917 -1.5522 0.0269 -0.0768 0.1240 -0.0168 0.1475 0.9811
1305031459.2276 -1.5551 0.0296 -0.0661 0.1272 -0.0323 0.1559 0.9790
1305031459.2598 -1.5574 0.0326 -0.0485 0.1275 -0.0355 0.1626 0.9778
1305031459.3276 -1.5719 0.0408 -0.0179 0.1232 -0.0059 0.1881 0.9744
1305031459.3597 -1.5781 0.0481 -0.0138 0.1251 0.0154 0.2083 0.9699
1305031459.3917 -1.5900 0.0622 -0.0123 0.1200 0.0408 0.2319 0.9644
1305031459.4276 -1.5807 0.0679 0.0025 0.1053 0.0687 0.2669 0.9555
1305031459.4597 -1.5893 0.0701 0.0113 0.1003 0.1020 0.3072 0.9408
1305031459.5276 -1.5876 0.1492 0.1795 0.1307 0.1182 0.2956 0.9389
1305031459.5596 -1.5970 0.1388 0.1695 0.1191 0.1308 0.3199 0.9308
1305031459.5917 -1.6078 0.1382 0.1713 0.1147 0.1349 0.3405 0.9234
1305031459.6276 -1.6131 0.1380 0.1779 0.1114 0.1344 0.3511 0.9199
1305031459.6596 -1.6205 0.1388 0.1807 0.1119 0.1389 0.3519 0.9189
1305031459.6916 -1.6358 0.1373 0.1861 0.1086 0.1505 0.3563 0.9158
1305031459.7276 -1.6426 0.1227 0.1846 0.1009 0.1563 0.3604 0.9141
1305031459.7917 -1.6751 0.0968 0.1793 0.0996 0.1647 0.3564 0.9143
1305031459.8277 -1.6923 0.0827 0.1816 0.0979 0.1678 0.3556 0.9142
1305031459.8597 -1.7145 0.0692 0.1839 0.0951 0.1696 0.3547 0.9145
1305031459.8916 -1.7218 0.0517 0.1889 0.0896 0.1652 0.3590 0.9142
1305031459.9276 -1.7345 0.0344 0.1916 0.0871 0.1644 0.3607 0.9139
1305031459.9917 -1.7550 0.0084 0.1999 0.0823 0.1617 0.3691 0.9115
1305031460.0276 -1.7635 -0.0039 0.2051 0.0811 0.1628 0.3714 0.9105
1305031460.0597 -1.7772 -0.0264 0.2044 0.0778 0.1650 0.3750 0.9089
1305031460.0917 -1.7917 -0.0438 0.2056 0.0782 0.1619 0.3797 0.9075
1305031460.1277 -1.8001 -0.0553 0.2105 0.0827 0.1535 0.3854 0.9061
1305031460.1597 -1.8113 -0.0632 0.2141 0.0884 0.1461 0.3900 0.9048
1305031460.1916 -1.8137 -0.0728 0.2245 0.0880 0.1397 0.3966 0.9030
1305031460.2278 -1.8132 -0.0745 0.2316 0.0898 0.1393 0.3974 0.9026
1305031460.2917 -1.8195 -0.0913 0.2355 0.0942 0.1541 0.3993 0.8988
1305031460.3275 -1.8219 -0.0960 0.2384 0.0965 0.1598 0.3996 0.8975
1305031460.3916 -1.8271 -0.1045 0.2478 0.0944 0.1781 0.4053 0.8917
1305031460.4275 -1.8277 -0.1092 0.2556 0.0945 0.1861 0.4100 0.8879
1305031460.4596 -1.8291 -0.1134 0.2591 0.0918 0.1982 0.4141 0.8836
1305031460.4915 -1.8344 -0.1203 0.2611 0.0856 0.2124 0.4190 0.8787
1305031460.5276 -1.8385 -0.1354 0.2629 0.0766 0.2251 0.4274 0.8723
1305031460.5596 -1.8381 -0.1441 0.2647 0.0708 0.2334 0.4312 0.8687
1305031460.5919 -1.8430 -0.1525 0.2700 0.0678 0.2419 0.4318 0.8663
1305031460.6276 -1.8462 -0.1573 0.2738 0.0667 0.2486 0.4331 0.8638
1305031460.6598 -1.8489 -0.1625 0.2766 0.0659 0.2532 0.4323 0.8629
1305031460.6917 -1.8537 -0.1699 0.2791 0.0636 0.2564 0.4336 0.8615
1305031460.7277 -1.8548 -0.1754 0.2813 0.0611 0.2575 0.4342 0.8611
1305031460.7597 -1.8550 -0.1829 0.2837 0.0585 0.2603 0.4326 0.8612
1305031460.7917 -1.8596 -0.1901 0.2863 0.0569 0.2634 0.4321 0.8606
1305031460.8277 -1.8617 -0.1955 0.2915 0.0545 0.2648 0.4304 0.8612
1305031460.8597 -1.8623 -0.2022 0.2961 0.0505 0.2675 0.4292 0.8612
1305031460.8918 -1.8616 -0.2093 0.2991 0.0463 0.2697 0.4281 0.8613
1305031460.9276 -1.8652 -0.2196 0.3059 0.0425 0.2728 0.4278 0.8607
1305031460.9917 -1.8596 -0.2383 0.3155 0.0402 0.2757 0.4300 0.8588
1305031461.0276 -1.8612 -0.2501 0.3230 0.0404 0.2787 0.4322 0.8567
1305031461.0917 -1.8647 -0.2609 0.3368 0.0444 0.2765 0.4303 0.8582
1305031461.1276 -1.8608 -0.2660 0.3439 0.0439 0.2765 0.4286 0.8590
1305031461.1597 -1.8599 -0.2765 0.3525 0.0459 0.2793 0.4282 0.8582
1305031461.1920 -1.8604 -0.2791 0.3560 0.0483 0.2801 0.4243 0.8597
1305031461.2276 -1.8582 -0.2834 0.3599 0.0485 0.2805 0.4234 0.8600
1305031461.2596 -1.8573 -0.2880 0.3642 0.0502 0.2811 0.4201 0.8614
1305031461.2917 -1.8560 -0.2950 0.3688 0.0504 0.2830 0.4154 0.8630
1305031461.3278 -1.8542 -0.2934 0.3720 0.0529 0.2840 0.4120 0.8642
1305031461.3597 -1.8557 -0.2927 0.3796 0.0510 0.2879 0.4088 0.8645
1305031461.3917 -1.8504 -0.3013 0.3847 0.0447 0.2883 0.4091 0.8646
1305031461.4276 -1.8449 -0.3026 0.3858 0.0446 0.2873 0.4084 0.8653
1305031461.4598 -1.8464 -0.3041 0.3895 0.0421 0.2889 0.4085 0.8648
1305031461.4917 -1.8378 -0.3103 0.3898 0.0387 0.2880 0.4097 0.8647
1305031461.5277 -1.8358 -0.3067 0.3868 0.0445 0.2875 0.4078 0.8655
1305031461.5597 -1.8292 -0.2998 0.3851 0.0452 0.2868 0.4049 0.8670
1305031461.5917 -1.8225 -0.2938 0.3755 0.0445 0.2904 0.4024 0.8670
1305031461.6275 -1.8212 -0.2856 0.3796 0.0446 0.2967 0.4015 0.8653
1305031461.6596 -1.8194 -0.2818 0.3798 0.0429 0.3018 0.4002 0.8642
1305031461.6916 -1.8219 -0.2788 0.3850 0.0420 0.3070 0.4041 0.8606
1305031461.7276 -1.8132 -0.2742 0.3833 0.0397 0.3057 0.4090 0.8589
1305031461.7597 -1.8121 -0.2658 0.3819 0.0398 0.3083 0.4093 0.8578
1305031461.7916 -1.8076 -0.2559 0.3809 0.0371 0.3109 0.4136 0.8549
1305031461.8276 -1.8025 -0.2458 0.3766 0.0354 0.3150 0.4172 0.8518
1305031461.8598 -1.8055 -0.2337 0.3778 0.0359 0.3215 0.4225 0.8467
1305031461.8917 -1.8055 -0.2256 0.3794 0.0295 0.3239 0.4370 0.8386
1305031461.9278 -1.7946 -0.2103 0.3803 0.0241 0.3185 0.4482 0.8349
1305031461.9597 -1.7883 -0.1931 0.3728 0.0201 0.3203 0.4488 0.8340
1305031461.9916 -1.7949 -0.1790 0.3702 0.0118 0.3263 0.4564 0.8277
1305031462.0277 -1.7971 -0.1808 0.3798 -0.0017 0.3298 0.4674 0.8203
1305031462.0598 -1.7948 -0.1702 0.3770 -0.0059 0.3205 0.4802 0.8165
1305031462.0918 -1.7900 -0.1623 0.3763 -0.0105 0.3124 0.4933 0.8118
1305031462.1277 -1.7899 -0.1556 0.3785 -0.0150 0.3094 0.5036 0.8065
1305031462.1596 -1.7890 -0.1385 0.3736 -0.0141 0.3017 0.5109 0.8049
1305031462.1916 -1.7920 -0.1298 0.3770 -0.0163 0.3022 0.5091 0.8057
1305031462.2276 -1.7989 -0.1166 0.3764 -0.0193 0.3004 0.5087 0.8066
1305031462.2598 -1.7997 -0.1248 0.3811 -0.0340 0.3021 0.5057 0.8074
1305031462.2916 -1.8007 -0.1244 0.3814 -0.0452 0.2984 0.5020 0.8105
1305031462.3597 -1.8179 -0.0929 0.3921 -0.0493 0.2967 0.4863 0.8204
1305031462.4599 -1.8812 -0.0689 0.4538 -0.0608 0.3115 0.4641 0.8270
1305031462.6597 -1.9159 -0.0480 0.4593 -0.0881 0.2909 0.4208 0.8547
1305031462.7919 -1.9271 -0.0584 0.4535 -0.1105 0.2773 0.3835 0.8740
1305031462.9276 -1.9262 -0.0397 0.4244 -0.1257 0.2689 0.3607 0.8842
1305031463.0277 -1.9161 -0.0153 0.3996 -0.1152 0.2580 0.3504 0.8930
1305031463.0958 -1.9117 -0.0016 0.3755 -0.1101 0.2487 0.3314 0.9034
1305031463.1598 -1.9102 0.0130 0.3468 -0.1006 0.2461 0.3121 0.9121
1305031463.2600 -1.8922 0.0408 0.3188 -0.0928 0.2419 0.2973 0.9190
1305031463.3598 -1.8728 0.0642 0.2886 -0.0824 0.2322 0.2878 0.9255
1305031463.4598 -1.8437 0.0922 0.2572 -0.0744 0.2237 0.2802 0.9305
1305031463.5277 -1.8157 0.1150 0.2340 -0.0718 0.2251 0.2769 0.9314
1305031463.6276 -1.7759 0.1339 0.2023 -0.0666 0.2216 0.2720 0.9341
1305031463.6598 -1.7659 0.1362 0.1829 -0.0582 0.2232 0.2691 0.9351
1305031463.7276 -1.7400 0.1366 0.1518 -0.0593 0.2227 0.2587 0.9381
1305031463.7597 -1.7155 0.1296 0.1291 -0.0569 0.2202 0.2522 0.9406
1305031463.7956 -1.7020 0.1279 0.1078 -0.0531 0.2208 0.2424 0.9432
1305031463.8599 -1.6678 0.1148 0.0726 -0.0545 0.2205 0.2221 0.9482
1305031463.8956 -1.6571 0.1104 0.0482 -0.0502 0.2200 0.2126 0.9507
1305031463.9597 -1.6293 0.0966 0.0164 -0.0501 0.2121 0.1993 0.9554
1305031463.9958 -1.6217 0.0885 -0.0000 -0.0463 0.2104 0.1927 0.9573
1305031464.0277 -1.6170 0.0811 -0.0148 -0.0470 0.2093 0.1829 0.9594
1305031464.0597 -1.6054 0.0698 -0.0275 -0.0488 0.2086 0.1703 0.9618
1305031464.0956 -1.6046 0.0605 -0.0445 -0.0441 0.2119 0.1603 0.9630
1305031464.1277 -1.6059 0.0536 -0.0567 -0.0425 0.2126 0.1545 0.9639
1305031464.1598 -1.6002 0.0391 -0.0642 -0.0395 0.2102 0.1514 0.9651
1305031464.1956 -1.5924 0.0267 -0.0840 -0.0304 0.2018 0.1483 0.9677
1305031464.2276 -1.5911 0.0380 -0.1008 -0.0141 0.1908 0.1422 0.9712
1305031464.2596 -1.5977 0.0422 -0.1050 -0.0073 0.1796 0.1403 0.9736
1305031464.2957 -1.5950 0.0437 -0.1081 -0.0040 0.1645 0.1350 0.9771
1305031464.3279 -1.5732 0.0409 -0.1219 -0.0037 0.1469 0.1306 0.9805
1305031464.3597 -1.5695 0.0365 -0.1299 -0.0007 0.1408 0.1246 0.9822
1305031464.3956 -1.5638 0.0290 -0.1381 0.0013 0.1383 0.1151 0.9837
1305031464.4276 -1.5584 0.0336 -0.1520 0.0043 0.1382 0.1057 0.9847
1305031464.4597 -1.5566 0.0247 -0.1650 0.0047 0.1380 0.0974 0.9856
1305031464.4956 -1.5476 0.0235 -0.1767 0.0063 0.1362 0.0919 0.9864
1305031464.5276 -1.5474 0.0208 -0.1988 0.0072 0.1378 0.0831 0.9869
1305031464.5597 -1.5319 0.0166 -0.2099 0.0050 0.1350 0.0753 0.9880
1305031464.5957 -1.5147 0.0074 -0.2296 0.0074 0.1376 0.0605 0.9886
1305031464.6277 -1.5034 0.0026 -0.2435 0.0194 0.1493 0.0536 0.9872
1305031464.6597 -1.4962 -0.0101 -0.2591 0.0281 0.1614 0.0434 0.9855
1305031464.6957 -1.4824 -0.0300 -0.2737 0.0387 0.1700 0.0278 0.9843
1305031464.7277 -1.4762 -0.0261 -0.2742 0.0589 0.1747 0.0094 0.9828
1305031464.7597 -1.4776 -0.0217 -0.2749 0.0722 0.1755 -0.0093 0.9818
1305031464.7960 -1.4792 -0.0281 -0.2766 0.0777 0.1719 -0.0289 0.9816
1305031464.8278 -1.4806 -0.0271 -0.2729 0.0901 0.1595 -0.0420 0.9822
1305031464.8597 -1.4820 -0.0083 -0.2508 0.0995 0.1463 -0.0615 0.9823
1305031464.8958 -1.4617 -0.0118 -0.2421 0.0967 0.1293 -0.0781 0.9838
1305031464.9278 -1.4416 -0.0424 -0.2530 0.0884 0.1155 -0.0976 0.9845
1305031464.9598 -1.4357 -0.0565 -0.2521 0.0892 0.1115 -0.1140 0.9832
1305031464.9957 -1.4274 -0.0464 -0.2422 0.0973 0.1110 -0.1337 0.9800
1305031465.0278 -1.4277 -0.0445 -0.2311 0.1006 0.1131 -0.1525 0.9766
1305031465.0597 -1.4326 -0.0233 -0.2068 0.1089 0.1118 -0.1735 0.9724
1305031465.0957 -1.4008 0.0008 -0.1987 0.1062 0.0974 -0.1898 0.9712
1305031465.1277 -1.3811 0.0089 -0.1704 0.0892 0.0861 -0.2028 0.9713
1305031465.1598 -1.3661 0.0100 -0.1459 0.0716 0.0756 -0.2095 0.9722
1305031465.1956 -1.3447 0.0009 -0.1225 0.0558 0.0647 -0.2181 0.9722
1305031465.2279 -1.3283 0.0031 -0.1002 0.0423 0.0580 -0.2232 0.9721
1305031465.2956 -1.3125 0.0082 -0.0680 0.0236 0.0454 -0.2175 0.9747
1305031465.3599 -1.2861 0.0155 -0.0356 0.0088 0.0200 -0.1924 0.9811
1305031465.4277 -1.2384 0.0143 -0.0275 0.0077 -0.0127 -0.1729 0.9848
1305031465.4601 -1.2249 0.0236 -0.0273 0.0101 -0.0200 -0.1640 0.9862
1305031465.4957 -1.2087 0.0330 -0.0288 0.0084 -0.0268 -0.1545 0.9876
1305031465.5276 -1.1928 0.0300 -0.0260 0.0057 -0.0343 -0.1522 0.9877
1305031465.5598 -1.1741 0.0360 -0.0286 0.0106 -0.0417 -0.1483 0.9880
1305031465.5956 -1.1550 0.0397 -0.0324 0.0134 -0.0463 -0.1427 0.9886
1305031465.6277 -1.1424 0.0473 -0.0348 0.0166 -0.0494 -0.1362 0.9893
1305031465.6601 -1.1303 0.0502 -0.0366 0.0181 -0.0556 -0.1307 0.9897
1305031465.6957 -1.1065 0.0565 -0.0360 0.0220 -0.0638 -0.1259 0.9897
1305031465.7277 -1.0909 0.0661 -0.0396 0.0276 -0.0666 -0.1197 0.9902
1305031465.7598 -1.0718 0.0747 -0.0446 0.0324 -0.0711 -0.1127 0.9905
1305031465.7959 -1.0541 0.0830 -0.0461 0.0361 -0.0737 -0.1091 0.9906
1305031465.8280 -1.0363 0.0874 -0.0487 0.0414 -0.0771 -0.1050 0.9906
1305031465.8599 -1.0120 0.1057 -0.0611 0.0526 -0.0800 -0.1020 0.9902
1305031465.8955 -0.9850 0.1155 -0.0697 0.0555 -0.0754 -0.1002 0.9906
1305031465.9275 -0.9648 0.1170 -0.0690 0.0589 -0.0681 -0.0986 0.9910
1305031465.9597 -0.9400 0.1310 -0.0744 0.0698 -0.0623 -0.0995 0.9906
1305031465.9958 -0.9169 0.1387 -0.0772 0.0753 -0.0583 -0.1007 0.9904
1305031466.0276 -0.8970 0.1486 -0.0857 0.0790 -0.0579 -0.1023 0.9899
1305031466.0598 -0.8689 0.1715 -0.0856 0.0803 -0.0591 -0.1001 0.9900
1305031466.0958 -0.8590 0.1900 -0.0946 0.0774 -0.0579 -0.1003 0.9902
1305031466.1276 -0.8431 0.2099 -0.0967 0.0736 -0.0611 -0.1005 0.9903
1305031466.1604 -0.8307 0.2273 -0.0986 0.0699 -0.0645 -0.0973 0.9907
1305031466.1958 -0.8176 0.2414 -0.1085 0.0615 -0.0708 -0.0960 0.9910
1305031466.2280 -0.8002 0.2398 -0.1138 0.0456 -0.0786 -0.0986 0.9910
1305031466.2598 -0.7820 0.2369 -0.1216 0.0428 -0.0819 -0.1052 0.9902
1305031466.2957 -0.7569 0.2423 -0.1299 0.0461 -0.0807 -0.1155 0.9890
1305031466.3277 -0.7362 0.2487 -0.1387 0.0480 -0.0733 -0.1236 0.9885
1305031466.3598 -0.7286 0.2618 -0.1510 0.0477 -0.0610 -0.1316 0.9883
1305031466.3958 -0.7159 0.2515 -0.1610 0.0453 -0.0592 -0.1335 0.9882
1305031466.4278 -0.7046 0.2594 -0.1710 0.0511 -0.0614 -0.1370 0.9873
1305031466.4598 -0.6943 0.2654 -0.1847 0.0508 -0.0638 -0.1399 0.9868
1305031466.4958 -0.6761 0.2721 -0.1918 0.0484 -0.0671 -0.1404 0.9866
1305031466.5275 -0.6516 0.2666 -0.2013 0.0462 -0.0672 -0.1411 0.9866
1305031466.5604 -0.6317 0.2785 -0.2096 0.0490 -0.0629 -0.1423 0.9866
1305031466.5959 -0.6080 0.2800 -0.2158 0.0387 -0.0634 -0.1458 0.9865
1305031466.6275 -0.5881 0.2655 -0.2149 0.0325 -0.0609 -0.1506 0.9862
1305031466.6597 -0.5669 0.2614 -0.2238 0.0360 -0.0596 -0.1549 0.9855
1305031466.6958 -0.5499 0.2719 -0.2323 0.0384 -0.0593 -0.1619 0.9843
1305031466.7281 -0.5354 0.2720 -0.2344 0.0330 -0.0594 -0.1745 0.9823
1305031466.7596 -0.5129 0.2588 -0.2342 0.0323 -0.0616 -0.1788 0.9814
1305031466.7956 -0.4996 0.2594 -0.2457 0.0360 -0.0630 -0.1836 0.9803
1305031466.8279 -0.4836 0.2676 -0.2483 0.0359 -0.0662 -0.1842 0.9800
1305031466.8597 -0.4789 0.2619 -0.2506 0.0330 -0.0684 -0.1845 0.9799
1305031466.8957 -0.4632 0.2582 -0.2558 0.0330 -0.0799 -0.1831 0.9793
1305031466.9278 -0.4448 0.2487 -0.2629 0.0294 -0.0948 -0.1859 0.9775
1305031466.9597 -0.4332 0.2396 -0.2684 0.0269 -0.1017 -0.1884 0.9764
1305031466.9957 -0.4255 0.2378 -0.2734 0.0267 -0.1038 -0.1899 0.9759
1305031467.0278 -0.4129 0.2334 -0.2768 0.0263 -0.1069 -0.1925 0.9751
1305031467.0597 -0.3990 0.2311 -0.2814 0.0263 -0.1094 -0.1935 0.9746
1305031467.0957 -0.3846 0.2353 -0.2801 0.0268 -0.1107 -0.1964 0.9739
1305031467.1290 -0.3769 0.2336 -0.2780 0.0266 -0.1126 -0.2026 0.9724
1305031467.1597 -0.3674 0.2299 -0.2809 0.0270 -0.1148 -0.2079 0.9710
1305031467.1957 -0.3624 0.2304 -0.2833 0.0275 -0.1168 -0.2117 0.9699
1305031467.2277 -0.3530 0.2282 -0.2868 0.0274 -0.1214 -0.2156 0.9685
1305031467.2597 -0.3455 0.2291 -0.2870 0.0287 -0.1245 -0.2185 0.9674
1305031467.2958 -0.3360 0.2288 -0.2886 0.0298 -0.1284 -0.2229 0.9659
1305031467.3280 -0.3251 0.2273 -0.2950 0.0300 -0.1321 -0.2264 0.9646
1305031467.3597 -0.3123 0.2324 -0.2979 0.0297 -0.1370 -0.2282 0.9635
1305031467.3958 -0.3013 0.2378 -0.2984 0.0268 -0.1413 -0.2320 0.9620
1305031467.4278 -0.2936 0.2353 -0.3023 0.0257 -0.1442 -0.2346 0.9610
1305031467.4597 -0.2819 0.2320 -0.3060 0.0248 -0.1492 -0.2353 0.9601
1305031467.4961 -0.2656 0.2446 -0.3131 0.0254 -0.1546 -0.2397 0.9581
1305031467.5277 -0.2496 0.2426 -0.3119 0.0230 -0.1580 -0.2443 0.9565
1305031467.5598 -0.2418 0.2389 -0.3107 0.0225 -0.1587 -0.2457 0.9560
1305031467.5960 -0.2348 0.2348 -0.3168 0.0216 -0.1592 -0.2446 0.9562
1305031467.6275 -0.2283 0.2361 -0.3094 0.0237 -0.1627 -0.2415 0.9564
1305031467.6596 -0.2260 0.2278 -0.3101 0.0263 -0.1653 -0.2417 0.9558
1305031467.6959 -0.2217 0.2208 -0.3154 0.0265 -0.1663 -0.2437 0.9551
1305031467.7275 -0.2180 0.2158 -0.3103 0.0300 -0.1674 -0.2492 0.9534
1305031467.7599 -0.2144 0.2121 -0.3101 0.0352 -0.1686 -0.2523 0.9522
1305031467.7961 -0.2135 0.2117 -0.3117 0.0384 -0.1687 -0.2545 0.9515
1305031467.8278 -0.2143 0.2046 -0.3045 0.0416 -0.1695 -0.2555 0.9509
1305031467.8597 -0.2086 0.2043 -0.3029 0.0513 -0.1734 -0.2524 0.9506
1305031467.8959 -0.2092 0.1946 -0.3019 0.0529 -0.1768 -0.2524 0.9499
1305031467.9278 -0.2101 0.1859 -0.2826 0.0545 -0.1826 -0.2561 0.9477
1305031467.9598 -0.2074 0.1739 -0.2771 0.0604 -0.1869 -0.2593 0.9456
1305031467.9958 -0.2019 0.1711 -0.2730 0.0621 -0.1883 -0.2605 0.9449
1305031468.0281 -0.2002 0.1665 -0.2567 0.0622 -0.1885 -0.2627 0.9442
1305031468.0598 -0.2047 0.1456 -0.2527 0.0637 -0.1892 -0.2675 0.9426
1305031468.0959 -0.2014 0.1391 -0.2488 0.0644 -0.1913 -0.2690 0.9418
1305031468.1278 -0.1996 0.1329 -0.2368 0.0638 -0.1927 -0.2695 0.9414
1305031468.1599 -0.1967 0.1214 -0.2285 0.0638 -0.1944 -0.2711 0.9406
1305031468.1960 -0.1917 0.1155 -0.2162 0.0645 -0.1951 -0.2740 0.9395
1305031468.2282 -0.1866 0.1055 -0.1997 0.0639 -0.1953 -0.2738 0.9396
1305031468.2598 -0.1750 0.0904 -0.1780 0.0638 -0.1973 -0.2727 0.9395
1305031468.2958 -0.1695 0.0766 -0.1663 0.0638 -0.1956 -0.2738 0.9395
1305031468.3278 -0.1635 0.0518 -0.1502 0.0636 -0.1962 -0.2730 0.9396
1305031468.3598 -0.1560 0.0348 -0.1355 0.0657 -0.1962 -0.2689 0.9407
1305031468.4280 -0.1506 0.0088 -0.1112 0.0620 -0.1966 -0.2677 0.9412
1305031468.4958 -0.1436 -0.0226 -0.0842 0.0593 -0.1987 -0.2637 0.9421
1305031468.5597 -0.1593 -0.0620 -0.0714 0.0638 -0.1966 -0.2766 0.9385
1305031468.6596 -0.1826 -0.0990 -0.0677 0.0610 -0.1982 -0.2853 0.9357
1305031468.6958 -0.1976 -0.1146 -0.0654 0.0643 -0.2016 -0.2911 0.9330
1305031468.7278 -0.2041 -0.1249 -0.0638 0.0692 -0.2067 -0.2918 0.9313
1305031468.7958 -0.2198 -0.1472 -0.0542 0.0758 -0.2128 -0.2960 0.9281
1305031468.8292 -0.2335 -0.1645 -0.0638 0.0817 -0.2125 -0.3028 0.9255
1305031468.9596 -0.2421 -0.1831 -0.0494 0.0780 -0.1960 -0.3031 0.9293
1305031469.0277 -0.2486 -0.1823 -0.0400 0.0478 -0.1848 -0.3124 0.9306
1305031469.1277 -0.2554 -0.2022 -0.0066 0.0123 -0.1751 -0.3374 0.9249
1305031469.1955 -0.2594 -0.2217 0.0138 -0.0056 -0.1571 -0.3453 0.9252
1305031469.2596 -0.2710 -0.2278 0.0401 -0.0154 -0.1472 -0.3508 0.9247
1305031469.2968 -0.2795 -0.2341 0.0512 -0.0215 -0.1416 -0.3531 0.9245
1305031469.3276 -0.2810 -0.2334 0.0631 -0.0248 -0.1390 -0.3535 0.9247
1305031469.3596 -0.2722 -0.2412 0.0850 -0.0323 -0.1387 -0.3584 0.9226
1305031469.3957 -0.2742 -0.2483 0.1025 -0.0338 -0.1278 -0.3640 0.9220
1305031469.4277 -0.2751 -0.2454 0.1145 -0.0309 -0.1158 -0.3702 0.9212
1305031469.4597 -0.2774 -0.2497 0.1301 -0.0328 -0.1074 -0.3773 0.9193
1305031469.4957 -0.2814 -0.2417 0.1414 -0.0318 -0.1027 -0.3791 0.9191
1305031469.5276 -0.2773 -0.2396 0.1537 -0.0351 -0.1051 -0.3783 0.9190
1305031469.5596 -0.2788 -0.2312 0.1670 -0.0400 -0.1039 -0.3774 0.9193
1305031469.6596 -0.2784 -0.2044 0.2127 -0.0611 -0.0964 -0.3760 0.9195
1305031469.7596 -0.2839 -0.1678 0.2451 -0.0750 -0.0791 -0.3680 0.9234
1305031469.9279 -0.3055 -0.0879 0.3078 -0.1006 -0.0799 -0.3549 0.9260
1305031470.0959 -0.3466 -0.0053 0.3346 -0.1109 -0.0823 -0.3449 0.9284
1305031470.2600 -0.3916 0.0721 0.3373 -0.1282 -0.0818 -0.3292 0.9319
1305031470.4276 -0.4417 0.1425 0.3401 -0.1484 -0.0843 -0.3151 0.9336
1305031470.6277 -0.5018 0.1990 0.3319 -0.1510 -0.0883 -0.3029 0.9368
1305031470.8278 -0.5542 0.2441 0.3351 -0.1464 -0.0798 -0.2805 0.9453
1305031470.8596 -0.5637 0.2458 0.3352 -0.1438 -0.0803 -0.2759 0.9470
1305031470.8957 -0.5705 0.2506 0.3326 -0.1400 -0.0821 -0.2687 0.9494
1305031470.9277 -0.5796 0.2612 0.3338 -0.1317 -0.0847 -0.2635 0.9519
1305031470.9596 -0.5908 0.2663 0.3311 -0.1188 -0.0870 -0.2640 0.9532
1305031470.9960 -0.5951 0.2674 0.3270 -0.1091 -0.0896 -0.2617 0.9548
1305031471.0276 -0.5989 0.2698 0.3245 -0.0966 -0.0912 -0.2596 0.9565
1305031471.0596 -0.6033 0.2704 0.3221 -0.0844 -0.0923 -0.2575 0.9581
1305031471.0958 -0.6089 0.2759 0.3171 -0.0721 -0.0927 -0.2506 0.9609
1305031471.1277 -0.6166 0.2785 0.3140 -0.0650 -0.0927 -0.2428 0.9635
1305031471.1596 -0.6162 0.2811 0.3109 -0.0576 -0.0956 -0.2358 0.9654
1305031471.1957 -0.6189 0.2814 0.3096 -0.0560 -0.0951 -0.2321 0.9664
1305031471.2276 -0.6227 0.2823 0.3091 -0.0556 -0.0938 -0.2286 0.9674
1305031471.2597 -0.6252 0.2827 0.3091 -0.0555 -0.0936 -0.2268 0.9678
1305031471.2961 -0.6293 0.2806 0.3092 -0.0560 -0.0925 -0.2236 0.9687
1305031471.3276 -0.6281 0.2853 0.3081 -0.0490 -0.0917 -0.2200 0.9699
1305031471.3596 -0.6294 0.2859 0.3066 -0.0479 -0.0870 -0.2182 0.9708
1305031471.3957 -0.6364 0.2826 0.3060 -0.0494 -0.0812 -0.2149 0.9720
1305031471.4277 -0.6405 0.2849 0.3029 -0.0454 -0.0795 -0.2089 0.9736
1305031471.4965 -0.6514 0.2825 0.2955 -0.0493 -0.0772 -0.2022 0.9750
1305031471.5276 -0.6536 0.2830 0.2941 -0.0493 -0.0769 -0.1998 0.9756
1305031471.5597 -0.6536 0.2844 0.2924 -0.0486 -0.0768 -0.1984 0.9759
1305031471.5957 -0.6560 0.2833 0.2911 -0.0494 -0.0737 -0.1975 0.9763
1305031471.6276 -0.6587 0.2861 0.2883 -0.0470 -0.0696 -0.1970 0.9768
1305031471.6596 -0.6608 0.2868 0.2845 -0.0453 -0.0666 -0.1959 0.9773
1305031471.7958 -0.6670 0.2827 0.2672 -0.0492 -0.0480 -0.1766 0.9819
1305031471.9956 -0.6729 0.3012 0.2612 -0.0597 -0.0182 -0.1470 0.9872
1305031472.3277 -0.7084 0.3375 0.2551 -0.0380 0.0090 -0.1263 0.9912
1305031472.5957 -0.7109 0.3172 0.2531 -0.0298 0.0025 -0.1182 0.9925
1305031472.8276 -0.7097 0.2919 0.2606 -0.0235 0.0016 -0.1181 0.9927
