1305031453.4237 0.0034 0.0050 -0.0091 0.0021 0.0034 0.0070 1.0000
1305031453.4597 0.0066 0.0070 -0.0182 0.0047 0.0106 0.0160 0.9998
1305031453.4917 0.0072 0.0153 -0.0279 0.0116 0.0182 0.0276 0.9994
1305031453.5237 0.0080 0.0195 -0.0457 0.0173 0.0233 0.0349 0.9990
1305031453.5598 0.0156 0.0219 -0.0614 0.0216 0.0227 0.0408 0.9987
1305031453.5916 0.0066 0.0300 -0.0760 0.0315 0.0300 0.0483 0.9979
1305031453.6277 0.0043 0.0351 -0.0861 0.0374 0.0298 0.0491 0.9976
1305031453.6596 0.0013 0.0465 -0.1039 0.0449 0.0265 0.0484 0.9975
1305031453.6917 -0.0081 0.0586 -0.1212 0.0539 0.0224 0.0443 0.9973
1305031453.7277 -0.0158 0.0581 -0.1342 0.0541 0.0189 0.0413 0.9975
1305031453.7597 -0.0219 0.0597 -0.1404 0.0567 0.0091 0.0354 0.9977
1305031453.7917 -0.0264 0.0692 -0.1573 0.0621 -0.0010 0.0256 0.9977
1305031453.8278 -0.0265 0.0784 -0.1721 0.0653 -0.0116 0.0200 0.9976
1305031453.8597 -0.0371 0.0844 -0.1760 0.0673 -0.0242 0.0158 0.9973
1305031453.8917 -0.0397 0.0884 -0.1922 0.0660 -0.0423 0.0101 0.9969
1305031453.9277 -0.0578 0.1003 -0.1990 0.0652 -0.0585 0.0052 0.9961
1305031453.9596 -0.0608 0.0997 -0.2035 0.0626 -0.0758 -0.0018 0.9952
1305031453.9916 -0.0710 0.1001 -0.2041 0.0619 -0.0875 -0.0111 0.9942
1305031454.0277 -0.0841 0.1060 -0.2010 0.0646 -0.0999 -0.0164 0.9928
1305031454.0597 -0.0927 0.1105 -0.2044 0.0664 -0.1110 -0.0240 0.9913
1305031454.0917 -0.1054 0.1184 -0.1901 0.0702 -0.1220 -0.0327 0.9895
1305031454.1277 -0.1192 0.1243 -0.1844 0.0754 -0.1350 -0.0429 0.9870
1305031454.1597 -0.1373 0.1313 -0.1854 0.0774 -0.1457 -0.0517 0.9849
1305031454.1917 -0.1518 0.1344 -0.1842 0.0770 -0.1602 -0.0616 0.9821
1305031454.2277 -0.1635 0.1401 -0.1758 0.0824 -0.1760 -0.0783 0.9778
1305031454.2596 -0.1681 0.1364 -0.1817 0.0846 -0.1891 -0.0923 0.9740
1305031454.2916 -0.1759 0.1413 -0.1805 0.0852 -0.1968 -0.1022 0.9714
1305031454.3277 -0.1835 0.1429 -0.1779 0.0859 -0.2081 -0.1122 0.9678
1305031454.3596 -0.1976 0.1460 -0.1867 0.0913 -0.2155 -0.1252 0.9641
1305031454.3917 -0.2058 0.1538 -0.1884 0.0946 -0.2236 -0.1354 0.9606
1305031454.4275 -0.2169 0.1551 -0.1935 0.0948 -0.2336 -0.1465 0.9565
1305031454.4599 -0.2254 0.1571 -0.1936 0.0969 -0.2436 -0.1587 0.9519
1305031454.4916 -0.2307 0.1629 -0.1881 0.1005 -0.2493 -0.1734 0.9475
1305031454.5277 -0.2359 0.1706 -0.1908 0.1019 -0.2556 -0.1874 0.9430
1305031454.5596 -0.2352 0.1741 -0.1868 0.1000 -0.2645 -0.2000 0.9381
1305031454.5916 -0.2407 0.1843 -0.1924 0.1003 -0.2733 -0.2152 0.9322
1305031454.6276 -0.2497 0.1850 -0.1946 0.0970 -0.2841 -0.2254 0.9269
1305031454.6595 -0.2531 0.2006 -0.1920 0.0966 -0.2948 -0.2297 0.9225
1305031454.6919 -0.2589 0.2080 -0.1882 0.0928 -0.3082 -0.2348 0.9172
1305031454.7277 -0.2578 0.2133 -0.1900 0.0911 -0.3213 -0.2396 0.9116
1305031454.7597 -0.2600 0.2203 -0.1780 0.0884 -0.3292 -0.2353 0.9102
1305031454.7916 -0.2588 0.2254 -0.1693 0.0837 -0.3333 -0.2277 0.9111
1305031454.8276 -0.2573 0.2315 -0.1663 0.0808 -0.3348 -0.2224 0.9121
1305031454.8596 -0.2567 0.2330 -0.1610 0.0737 -0.3343 -0.2160 0.9144
1305031454.8918 -0.2552 0.2363 -0.1631 0.0688 -0.3304 -0.2094 0.9177
1305031454.9276 -0.2537 0.2445 -0.1602 0.0647 -0.3279 -0.2014 0.9207
1305031454.9596 -0.2539 0.2490 -0.1612 0.0610 -0.3250 -0.1960 0.9232
1305031454.9919 -0.2552 0.2503 -0.1628 0.0570 -0.3238 -0.1916 0.9248
1305031455.0278 -0.2562 0.2556 -0.1629 0.0567 -0.3235 -0.1894 0.9253
1305031455.0596 -0.2586 0.2592 -0.1634 0.0551 -0.3221 -0.1871 0.9264
1305031455.0917 -0.2620 0.2629 -0.1677 0.0562 -0.3194 -0.1871 0.9273
1305031455.1277 -0.2661 0.2706 -0.1720 0.0579 -0.3157 -0.1865 0.9285
1305031455.1597 -0.2735 0.2768 -0.1781 0.0571 -0.3113 -0.1838 0.9306
1305031455.1917 -0.2784 0.2791 -0.1794 0.0531 -0.3103 -0.1790 0.9321
1305031455.2276 -0.2836 0.2807 -0.1825 0.0515 -0.3086 -0.1754 0.9334
1305031455.2596 -0.2864 0.2897 -0.1832 0.0497 -0.3069 -0.1693 0.9352
1305031455.2918 -0.2948 0.2851 -0.1855 0.0372 -0.3042 -0.1601 0.9383
1305031455.3278 -0.3050 0.2928 -0.1925 0.0326 -0.3014 -0.1513 0.9408
1305031455.3596 -0.3090 0.3014 -0.1850 0.0250 -0.3030 -0.1414 0.9421
1305031455.3917 -0.3156 0.2988 -0.1848 0.0116 -0.2997 -0.1329 0.9447
1305031455.4276 -0.3265 0.3017 -0.1906 0.0054 -0.2944 -0.1249 0.9475
1305031455.4596 -0.3407 0.3033 -0.2010 0.0020 -0.2889 -0.1199 0.9498
1305031455.4916 -0.3546 0.3056 -0.2123 -0.0023 -0.2840 -0.1121 0.9522
1305031455.5276 -0.3703 0.3046 -0.2242 -0.0068 -0.2796 -0.1039 0.9544
1305031455.5597 -0.3895 0.3112 -0.2382 -0.0075 -0.2783 -0.0928 0.9560
1305031455.5916 -0.4028 0.3139 -0.2516 -0.0107 -0.2791 -0.0818 0.9567
1305031455.6276 -0.4216 0.3132 -0.2630 -0.0142 -0.2749 -0.0737 0.9586
1305031455.6596 -0.4310 0.3115 -0.2739 -0.0131 -0.2738 -0.0680 0.9593
1305031455.6916 -0.4447 0.3142 -0.2897 -0.0096 -0.2698 -0.0690 0.9604
1305031455.7276 -0.4524 0.3124 -0.2962 -0.0085 -0.2682 -0.0713 0.9607
1305031455.7597 -0.4574 0.3104 -0.3003 -0.0082 -0.2664 -0.0725 0.9611
1305031455.7917 -0.4635 0.3025 -0.3098 -0.0093 -0.2636 -0.0713 0.9620
1305031455.8276 -0.4699 0.3016 -0.3235 -0.0070 -0.2614 -0.0714 0.9626
1305031455.8595 -0.4776 0.2998 -0.3313 -0.0067 -0.2599 -0.0718 0.9629
1305031455.8917 -0.4802 0.2970 -0.3396 -0.0068 -0.2590 -0.0720 0.9632
1305031455.9280 -0.4851 0.2928 -0.3469 -0.0081 -0.2570 -0.0721 0.9637
1305031455.9597 -0.4895 0.2917 -0.3545 -0.0074 -0.2550 -0.0735 0.9641
1305031455.9917 -0.4927 0.2898 -0.3596 -0.0087 -0.2528 -0.0745 0.9646
1305031456.0278 -0.4966 0.2922 -0.3650 -0.0113 -0.2495 -0.0779 0.9652
1305031456.0597 -0.5064 0.2743 -0.3694 -0.0227 -0.2455 -0.0861 0.9653
1305031456.0917 -0.5127 0.2685 -0.3726 -0.0260 -0.2429 -0.0891 0.9656
1305031456.1276 -0.5167 0.2664 -0.3763 -0.0262 -0.2407 -0.0895 0.9661
1305031456.1597 -0.5211 0.2646 -0.3769 -0.0260 -0.2378 -0.0897 0.9668
1305031456.1917 -0.5281 0.2488 -0.3880 -0.0258 -0.2307 -0.0872 0.9688
1305031456.2277 -0.5297 0.2510 -0.3944 -0.0233 -0.2242 -0.0851 0.9705
1305031456.2917 -0.5412 0.2324 -0.3930 -0.0267 -0.2063 -0.0785 0.9750
1305031456.3277 -0.5490 0.2254 -0.3947 -0.0256 -0.1974 -0.0714 0.9774
1305031456.3916 -0.5570 0.2061 -0.3880 -0.0285 -0.1792 -0.0608 0.9815
1305031456.4277 -0.5608 0.1962 -0.3854 -0.0279 -0.1737 -0.0502 0.9831
1305031456.4917 -0.6010 0.2127 -0.3851 -0.0302 -0.1637 -0.0378 0.9853
1305031456.5276 -0.6261 0.2234 -0.3791 -0.0305 -0.1604 -0.0330 0.9860
1305031456.5917 -0.6493 0.2361 -0.3713 -0.0282 -0.1552 -0.0251 0.9872
1305031456.6276 -0.6541 0.2482 -0.3642 -0.0397 -0.1534 -0.0220 0.9871
1305031456.6916 -0.6921 0.2300 -0.3478 -0.0552 -0.1423 -0.0103 0.9882
1305031456.7277 -0.7150 0.2493 -0.3462 -0.0548 -0.1378 0.0006 0.9889
1305031456.7916 -0.7510 0.2366 -0.3319 -0.0616 -0.1465 0.0109 0.9872
1305031456.8276 -0.7653 0.2576 -0.3240 -0.0567 -0.1479 0.0190 0.9872
1305031456.8917 -0.7831 0.2530 -0.3011 -0.0691 -0.1482 0.0299 0.9861
1305031456.9277 -0.7956 0.2653 -0.2986 -0.0606 -0.1424 0.0349 0.9873
1305031456.9597 -0.8101 0.2746 -0.2990 -0.0623 -0.1355 0.0412 0.9880
1305031456.9917 -0.8183 0.2626 -0.2897 -0.0764 -0.1339 0.0440 0.9871
1305031457.0276 -0.8327 0.2606 -0.2905 -0.0787 -0.1284 0.0459 0.9875
1305031457.0917 -0.8473 0.2678 -0.2871 -0.0915 -0.1229 0.0529 0.9868
1305031457.1276 -0.8637 0.2610 -0.2889 -0.0953 -0.1142 0.0558 0.9873
1305031457.1917 -0.8851 0.2595 -0.3055 -0.0950 -0.0991 0.0716 0.9879
1305031457.2275 -0.8932 0.2568 -0.3088 -0.0980 -0.0946 0.0745 0.9879
1305031457.2917 -0.9106 0.2481 -0.3268 -0.0925 -0.0794 0.0904 0.9884
1305031457.3275 -0.9220 0.2546 -0.3353 -0.0877 -0.0711 0.0933 0.9892
1305031457.3917 -0.9468 0.2409 -0.3615 -0.0860 -0.0452 0.1091 0.9893
1305031457.4276 -0.9572 0.2430 -0.3705 -0.0829 -0.0392 0.1135 0.9893
1305031457.4917 -0.9855 0.2285 -0.3952 -0.0828 -0.0297 0.1242 0.9884
1305031457.5276 -0.9897 0.2275 -0.4055 -0.0791 -0.0280 0.1279 0.9882
1305031457.5597 -0.9996 0.2271 -0.4212 -0.0726 -0.0227 0.1343 0.9880
1305031457.5917 -1.0097 0.2207 -0.4310 -0.0729 -0.0188 0.1367 0.9878
1305031457.6275 -1.0253 0.2062 -0.4443 -0.0750 -0.0141 0.1394 0.9873
1305031457.6596 -1.0356 0.2188 -0.4592 -0.0649 -0.0129 0.1469 0.9869
1305031457.6916 -1.0430 0.2105 -0.4662 -0.0697 -0.0130 0.1493 0.9863
1305031457.7277 -1.0612 0.1864 -0.4734 -0.0757 -0.0087 0.1465 0.9863
1305031457.7596 -1.0665 0.1813 -0.4788 -0.0732 -0.0073 0.1464 0.9865
1305031457.7916 -1.0665 0.1664 -0.4846 -0.0654 -0.0051 0.1462 0.9871
1305031457.8277 -1.0728 0.1721 -0.5012 -0.0522 0.0007 0.1497 0.9874
1305031457.8596 -1.0839 0.1727 -0.5069 -0.0478 0.0074 0.1494 0.9876
1305031457.8916 -1.0970 0.1499 -0.5112 -0.0423 0.0170 0.1492 0.9878
1305031457.9276 -1.1138 0.1456 -0.5195 -0.0284 0.0239 0.1528 0.9876
1305031457.9916 -1.1441 0.1346 -0.5208 -0.0144 0.0292 0.1589 0.9868
1305031458.0278 -1.1444 0.1252 -0.5230 -0.0057 0.0308 0.1632 0.9861
1305031458.0597 -1.1559 0.1289 -0.5287 0.0034 0.0352 0.1653 0.9856
1305031458.0917 -1.1636 0.1276 -0.5274 0.0032 0.0376 0.1658 0.9854
1305031458.1276 -1.1738 0.1211 -0.5245 0.0019 0.0407 0.1665 0.9852
1305031458.1596 -1.1838 0.1147 -0.5234 0.0021 0.0425 0.1677 0.9849
1305031458.1916 -1.2004 0.1109 -0.5146 0.0023 0.0437 0.1715 0.9842
1305031458.2276 -1.2142 0.0987 -0.4945 -0.0059 0.0423 0.1711 0.9843
1305031458.2599 -1.2375 0.0797 -0.4844 -0.0078 0.0424 0.1668 0.9850
1305031458.2917 -1.2596 0.0643 -0.4823 -0.0025 0.0402 0.1710 0.9845
1305031458.3276 -1.2772 0.0608 -0.4710 -0.0000 0.0346 0.1721 0.9845
1305031458.3596 -1.2853 0.0305 -0.4556 0.0006 0.0304 0.1736 0.9843
1305031458.3916 -1.3132 0.0375 -0.4424 0.0162 0.0319 0.1796 0.9831
1305031458.4276 -1.3217 0.0415 -0.4292 0.0247 0.0317 0.1899 0.9810
1305031458.4596 -1.3167 0.0350 -0.4208 0.0357 0.0334 0.1952 0.9795
1305031458.4917 -1.3135 0.0245 -0.4155 0.0506 0.0392 0.1947 0.9788
1305031458.5277 -1.3281 0.0369 -0.4088 0.0708 0.0494 0.1939 0.9772
1305031458.5596 -1.3397 0.0398 -0.3974 0.0765 0.0567 0.1915 0.9769
1305031458.5916 -1.3603 0.0400 -0.3895 0.0855 0.0654 0.1817 0.9774
1305031458.6277 -1.3698 0.0551 -0.3682 0.0914 0.0658 0.1799 0.9772
1305031458.6596 -1.3936 0.0557 -0.3617 0.0864 0.0637 0.1810 0.9776
1305031458.6917 -1.4125 0.0518 -0.3423 0.0824 0.0533 0.1710 0.9804
1305031458.7276 -1.4154 0.0496 -0.3275 0.0839 0.0391 0.1653 0.9819
1305031458.7599 -1.4241 0.0468 -0.3186 0.0882 0.0252 0.1575 0.9832
1305031458.7916 -1.4292 0.0563 -0.2975 0.0924 0.0109 0.1486 0.9845
1305031458.8276 -1.4279 0.0494 -0.2745 0.0860 0.0028 0.1465 0.9855
1305031458.8917 -1.4398 0.0470 -0.2537 0.0954 0.0040 0.1326 0.9866
1305031458.9276 -1.4467 0.0518 -0.2513 0.0959 0.0088 0.1339 0.9863
1305031458.9596 -1.4449 0.0414 -0.2421 0.0851 0.0096 0.1449 0.9857
1305031458.9916 -1.4539 0.0231 -0.2414 0.0826 0.0137 0.1485 0.9854
1305031459.0277 -1.4827 0.0265 -0.2325 0.0977 0.0174 0.1471 0.9841
1305031459.0596 -1.5033 0.0167 -0.2250 0.1043 0.0120 0.1578 0.9819
1305031459.1276 -1.5341 0.0986 -0.1585 0.1374 0.0229 0.1391 0.9804
1305031459.1596 -1.5412 0.1029 -0.1471 0.1477 -0.0047 0.1387 0.9793
1305031459.1917 -1.5559 0.1019 -0.1377 0.1534 -0.0216 0.1418 0.9777
1305031459.2276 -1.5628 0.1036 -0.1278 0.1566 -0.0352 0.1489 0.9757
1305031459.2598 -1.5668 0.1073 -0.1124 0.1572 -0.0378 0.1553 0.9746
1305031459.3276 -1.5800 0.1156 -0.0836 0.1532 -0.0088 0.1814 0.9714
1305031459.3597 -1.5868 0.1196 -0.0701 0.1556 0.0123 0.2006 0.9672
1305031459.3917 -1.6057 0.1368 -0.0644 0.1524 0.0389 0.2249 0.9616
1305031459.4276 -1.5970 0.1399 -0.0533 0.1367 0.0648 0.2590 0.9540
1305031459.4597 -1.6083 0.1394 -0.0595 0.1299 0.0973 0.2981 0.9406
1305031459.5276 -1.6366 0.1583 -0.0455 0.1106 0.1367 0.3594 0.9165
1305031459.5596 -1.6483 0.1451 -0.0449 0.0994 0.1512 0.3841 0.9054
1305031459.5917 -1.6609 0.1425 -0.0428 0.0946 0.1556 0.4046 0.8962
1305031459.6276 -1.6652 0.1413 -0.0382 0.0914 0.1543 0.4160 0.8915
1305031459.6596 -1.6720 0.1420 -0.0331 0.0918 0.1589 0.4160 0.8907
1305031459.6916 -1.6910 0.1350 -0.0341 0.0870 0.1712 0.4216 0.8862
1305031459.7276 -1.6971 0.1204 -0.0369 0.0796 0.1763 0.4241 0.8847
1305031459.7917 -1.7261 0.0894 -0.0384 0.0777 0.1858 0.4209 0.8845
1305031459.8277 -1.7407 0.0727 -0.0342 0.0759 0.1880 0.4199 0.8847
1305031459.8597 -1.7640 0.0578 -0.0288 0.0741 0.1913 0.4183 0.8848
1305031459.8916 -1.7711 0.0348 -0.0263 0.0679 0.1877 0.4230 0.8839
1305031459.9276 -1.7812 0.0170 -0.0223 0.0663 0.1867 0.4247 0.8834
1305031459.9917 -1.7974 -0.0080 -0.0093 0.0626 0.1829 0.4333 0.8803
1305031460.0276 -1.8046 -0.0223 -0.0034 0.0616 0.1842 0.4356 0.8789
1305031460.0597 -1.8141 -0.0428 -0.0011 0.0592 0.1860 0.4391 0.8770
1305031460.0917 -1.8264 -0.0681 -0.0007 0.0579 0.1837 0.4448 0.8747
1305031460.1277 -1.8312 -0.0784 0.0058 0.0636 0.1748 0.4496 0.8736
1305031460.1597 -1.8419 -0.0901 0.0111 0.0692 0.1686 0.4536 0.8724
1305031460.1916 -1.8443 -0.0989 0.0203 0.0697 0.1627 0.4589 0.8707
1305031460.2278 -1.8436 -0.1013 0.0289 0.0713 0.1631 0.4594 0.8702
1305031460.2917 -1.8487 -0.1192 0.0353 0.0749 0.1792 0.4592 0.8669
1305031460.3275 -1.8501 -0.1223 0.0397 0.0771 0.1847 0.4591 0.8655
1305031460.3916 -1.8540 -0.1310 0.0521 0.0743 0.2029 0.4646 0.8588
1305031460.4275 -1.8567 -0.1378 0.0579 0.0730 0.2123 0.4683 0.8546
1305031460.4596 -1.8532 -0.1330 0.0625 0.0720 0.2211 0.4706 0.8512
1305031460.4915 -1.8565 -0.1417 0.0621 0.0640 0.2345 0.4757 0.8454
1305031460.5276 -1.8611 -0.1574 0.0632 0.0542 0.2477 0.4825 0.8384
1305031460.5596 -1.8610 -0.1670 0.0688 0.0483 0.2564 0.4858 0.8342
1305031460.5919 -1.8633 -0.1720 0.0744 0.0459 0.2636 0.4857 0.8322
1305031460.6276 -1.8655 -0.1749 0.0808 0.0454 0.2700 0.4867 0.8295
1305031460.6598 -1.8704 -0.1824 0.0848 0.0440 0.2764 0.4858 0.8280
1305031460.6917 -1.8734 -0.1894 0.0879 0.0418 0.2793 0.4865 0.8268
1305031460.7277 -1.8737 -0.1941 0.0916 0.0395 0.2804 0.4864 0.8266
1305031460.7597 -1.8743 -0.1990 0.0944 0.0380 0.2831 0.4852 0.8264
1305031460.7917 -1.8776 -0.2082 0.0979 0.0357 0.2863 0.4849 0.8256
1305031460.8277 -1.8789 -0.2146 0.1030 0.0329 0.2876 0.4839 0.8259
1305031460.8597 -1.8788 -0.2185 0.1070 0.0299 0.2896 0.4824 0.8262
1305031460.8918 -1.8782 -0.2241 0.1112 0.0264 0.2919 0.4810 0.8263
1305031460.9276 -1.8791 -0.2331 0.1157 0.0229 0.2936 0.4812 0.8257
1305031460.9917 -1.8672 -0.2552 0.1254 0.0181 0.2961 0.4845 0.8230
1305031461.0276 -1.8675 -0.2626 0.1307 0.0193 0.2985 0.4843 0.8222
1305031461.0917 -1.8730 -0.2716 0.1515 0.0247 0.2994 0.4808 0.8238
1305031461.1276 -1.8666 -0.2748 0.1568 0.0240 0.2986 0.4798 0.8247
1305031461.1597 -1.8600 -0.2862 0.1633 0.0233 0.3005 0.4785 0.8247
1305031461.1920 -1.8623 -0.2929 0.1697 0.0244 0.3038 0.4733 0.8265
1305031461.2276 -1.8611 -0.2966 0.1742 0.0246 0.3050 0.4718 0.8269
1305031461.2596 -1.8585 -0.3015 0.1802 0.0254 0.3059 0.4688 0.8282
1305031461.2917 -1.8566 -0.3055 0.1868 0.0267 0.3081 0.4631 0.8306
1305031461.3278 -1.8562 -0.3044 0.1907 0.0289 0.3103 0.4594 0.8318
1305031461.3597 -1.8581 -0.3021 0.1988 0.0281 0.3142 0.4566 0.8319
1305031461.3917 -1.8511 -0.3095 0.2026 0.0218 0.3135 0.4570 0.8321
1305031461.4276 -1.8462 -0.3084 0.2045 0.0223 0.3129 0.4559 0.8329
1305031461.4598 -1.8475 -0.3090 0.2095 0.0205 0.3143 0.4559 0.8324
1305031461.4917 -1.8381 -0.3111 0.2089 0.0186 0.3125 0.4574 0.8324
1305031461.5277 -1.8389 -0.3078 0.2097 0.0240 0.3146 0.4538 0.8334
1305031461.5597 -1.8336 -0.3004 0.2095 0.0249 0.3144 0.4510 0.8349
1305031461.5917 -1.8297 -0.2921 0.1988 0.0252 0.3189 0.4471 0.8354
1305031461.6275 -1.8268 -0.2822 0.2008 0.0251 0.3234 0.4466 0.8339
1305031461.6596 -1.8263 -0.2763 0.1995 0.0241 0.3279 0.4449 0.8330
1305031461.6916 -1.8297 -0.2723 0.2052 0.0234 0.3337 0.4485 0.8288
1305031461.7276 -1.8244 -0.2651 0.2090 0.0226 0.3341 0.4514 0.8271
1305031461.7597 -1.8250 -0.2564 0.2063 0.0232 0.3360 0.4517 0.8262
1305031461.7916 -1.8219 -0.2528 0.2011 0.0179 0.3388 0.4574 0.8220
1305031461.8276 -1.8200 -0.2443 0.1954 0.0158 0.3435 0.4606 0.8183
1305031461.8598 -1.8252 -0.2293 0.1961 0.0172 0.3493 0.4653 0.8131
1305031461.8917 -1.8302 -0.2150 0.2036 0.0143 0.3534 0.4775 0.8043
1305031461.9278 -1.8248 -0.2065 0.2055 0.0078 0.3502 0.4897 0.7984
1305031461.9597 -1.8205 -0.1898 0.1976 0.0038 0.3528 0.4917 0.7961
1305031461.9916 -1.8324 -0.1729 0.2004 -0.0021 0.3605 0.4984 0.7885
1305031462.0277 -1.8366 -0.1760 0.2166 -0.0153 0.3658 0.5080 0.7797
1305031462.0598 -1.8366 -0.1663 0.2165 -0.0188 0.3576 0.5202 0.7753
1305031462.0918 -1.8336 -0.1507 0.2097 -0.0183 0.3459 0.5334 0.7717
1305031462.1277 -1.8310 -0.1400 0.2091 -0.0212 0.3395 0.5442 0.7669
1305031462.1596 -1.8360 -0.1172 0.2033 -0.0169 0.3316 0.5503 0.7661
1305031462.1916 -1.8394 -0.1085 0.2073 -0.0186 0.3315 0.5483 0.7675
1305031462.2276 -1.8493 -0.0921 0.2051 -0.0200 0.3289 0.5464 0.7700
1305031462.2598 -1.8559 -0.0959 0.2100 -0.0306 0.3313 0.5417 0.7719
1305031462.2916 -1.8632 -0.0881 0.2122 -0.0356 0.3287 0.5368 0.7762
1305031462.3275 -1.8624 -0.0841 0.2149 -0.0471 0.3249 0.5316 0.7807
1305031462.3597 -1.8762 -0.0669 0.2194 -0.0458 0.3244 0.5248 0.7856
1305031462.3917 -1.8849 -0.0516 0.2255 -0.0498 0.3186 0.5227 0.7892
1305031462.4276 -1.8990 -0.0331 0.2354 -0.0514 0.3167 0.5113 0.7973
1305031462.4599 -1.9088 -0.0144 0.2405 -0.0549 0.3084 0.5019 0.8062
1305031462.4920 -1.9062 -0.0115 0.2435 -0.0673 0.2975 0.5022 0.8092
1305031462.5277 -1.9096 -0.0251 0.2545 -0.0821 0.2948 0.4933 0.8142
1305031462.5599 -1.9145 -0.0207 0.2531 -0.0880 0.2873 0.4852 0.8211
1305031462.5919 -1.9262 -0.0071 0.2590 -0.0825 0.2875 0.4734 0.8285
1305031462.6279 -1.9244 -0.0125 0.2550 -0.0936 0.2834 0.4673 0.8322
1305031462.6597 -1.9287 -0.0114 0.2493 -0.0950 0.2825 0.4627 0.8349
1305031462.6925 -1.9357 -0.0041 0.2454 -0.0935 0.2797 0.4486 0.8437
1305031462.7277 -1.9443 0.0068 0.2472 -0.0907 0.2759 0.4352 0.8522
1305031462.7598 -1.9478 0.0055 0.2423 -0.0956 0.2709 0.4253 0.8583
1305031462.7919 -1.9463 -0.0008 0.2395 -0.1046 0.2668 0.4204 0.8609
1305031462.8278 -1.9553 0.0242 0.2304 -0.0970 0.2595 0.4137 0.8673
1305031462.8598 -1.9529 0.0263 0.2309 -0.1038 0.2566 0.4051 0.8714
1305031462.8918 -1.9540 0.0326 0.2252 -0.1050 0.2576 0.3979 0.8742
1305031462.9276 -1.9551 0.0367 0.2094 -0.1069 0.2581 0.3948 0.8753
1305031462.9597 -1.9518 0.0405 0.2036 -0.1068 0.2549 0.3925 0.8772
1305031462.9955 -1.9495 0.0542 0.1988 -0.1009 0.2515 0.3897 0.8802
1305031463.0277 -1.9490 0.0578 0.1858 -0.0972 0.2501 0.3857 0.8827
1305031463.0598 -1.9504 0.0548 0.1706 -0.0976 0.2482 0.3774 0.8868
1305031463.0958 -1.9468 0.0706 0.1606 -0.0926 0.2420 0.3657 0.8940
1305031463.1275 -1.9459 0.0796 0.1533 -0.0884 0.2414 0.3598 0.8969
1305031463.1598 -1.9475 0.0796 0.1336 -0.0861 0.2424 0.3472 0.9018
1305031463.1957 -1.9449 0.0823 0.1260 -0.0878 0.2420 0.3408 0.9042
1305031463.2278 -1.9391 0.0973 0.1235 -0.0847 0.2411 0.3345 0.9071
1305031463.2600 -1.9365 0.1071 0.1084 -0.0783 0.2417 0.3292 0.9094
1305031463.2957 -1.9304 0.1139 0.0964 -0.0766 0.2395 0.3264 0.9112
1305031463.3277 -1.9231 0.1274 0.0923 -0.0727 0.2356 0.3231 0.9137
1305031463.3598 -1.9244 0.1355 0.0775 -0.0660 0.2354 0.3157 0.9168
1305031463.3956 -1.9205 0.1413 0.0701 -0.0635 0.2334 0.3140 0.9181
1305031463.4277 -1.9128 0.1594 0.0638 -0.0574 0.2307 0.3104 0.9204
1305031463.4598 -1.9027 0.1757 0.0598 -0.0538 0.2313 0.3078 0.9213
1305031463.4956 -1.9020 0.1857 0.0596 -0.0535 0.2393 0.3022 0.9212
1305031463.5277 -1.8899 0.1954 0.0559 -0.0535 0.2458 0.2999 0.9202
1305031463.5598 -1.8871 0.2046 0.0512 -0.0484 0.2524 0.2962 0.9199
1305031463.5956 -1.8748 0.2150 0.0407 -0.0468 0.2488 0.2956 0.9212
1305031463.6276 -1.8629 0.2119 0.0302 -0.0493 0.2493 0.2950 0.9211
1305031463.6598 -1.8447 0.2216 0.0127 -0.0381 0.2473 0.2919 0.9232
1305031463.6956 -1.8362 0.2296 -0.0052 -0.0346 0.2458 0.2884 0.9248
1305031463.7276 -1.8276 0.2253 -0.0172 -0.0369 0.2510 0.2831 0.9249
1305031463.7597 -1.8111 0.2254 -0.0348 -0.0314 0.2533 0.2741 0.9272
1305031463.7956 -1.7967 0.2275 -0.0615 -0.0265 0.2523 0.2635 0.9307
1305031463.8278 -1.7761 0.2201 -0.0841 -0.0316 0.2486 0.2522 0.9347
1305031463.8599 -1.7670 0.2191 -0.0966 -0.0270 0.2538 0.2438 0.9356
1305031463.8956 -1.7613 0.2216 -0.1205 -0.0209 0.2556 0.2312 0.9385
1305031463.9277 -1.7525 0.2193 -0.1332 -0.0209 0.2536 0.2255 0.9404
1305031463.9597 -1.7340 0.2114 -0.1569 -0.0198 0.2472 0.2196 0.9435
1305031463.9958 -1.7336 0.2119 -0.1691 -0.0120 0.2484 0.2103 0.9455
1305031464.0277 -1.7307 0.2097 -0.1815 -0.0109 0.2483 0.2002 0.9477
1305031464.0597 -1.7078 0.2021 -0.2051 -0.0109 0.2421 0.1933 0.9507
1305031464.0956 -1.7056 0.1956 -0.2225 -0.0070 0.2450 0.1793 0.9528
1305031464.1277 -1.7124 0.1921 -0.2293 -0.0041 0.2486 0.1721 0.9532
1305031464.1598 -1.7047 0.1820 -0.2407 -0.0001 0.2448 0.1705 0.9545
1305031464.1956 -1.7005 0.1768 -0.2540 0.0113 0.2395 0.1653 0.9567
1305031464.2276 -1.7041 0.1917 -0.2696 0.0281 0.2301 0.1543 0.9604
1305031464.2596 -1.7089 0.1911 -0.2760 0.0336 0.2172 0.1532 0.9634
1305031464.2957 -1.7089 0.1918 -0.2786 0.0366 0.2033 0.1475 0.9672
1305031464.3279 -1.6879 0.1997 -0.2899 0.0401 0.1858 0.1415 0.9715
1305031464.3597 -1.6799 0.1986 -0.2997 0.0432 0.1785 0.1355 0.9736
1305031464.3956 -1.6723 0.2001 -0.3117 0.0474 0.1750 0.1230 0.9757
1305031464.4276 -1.6668 0.2016 -0.3265 0.0484 0.1746 0.1157 0.9766
1305031464.4597 -1.6682 0.1963 -0.3392 0.0493 0.1754 0.1072 0.9774
1305031464.4956 -1.6610 0.1963 -0.3491 0.0506 0.1740 0.1014 0.9782
1305031464.5276 -1.6609 0.1960 -0.3707 0.0509 0.1755 0.0931 0.9787
1305031464.5597 -1.6464 0.1946 -0.3809 0.0491 0.1725 0.0863 0.9800
1305031464.5957 -1.6266 0.1783 -0.4065 0.0489 0.1742 0.0722 0.9808
1305031464.6277 -1.6134 0.1735 -0.4269 0.0601 0.1849 0.0660 0.9787
1305031464.6597 -1.6053 0.1665 -0.4427 0.0697 0.1975 0.0564 0.9762
1305031464.6957 -1.5836 0.1554 -0.4719 0.0813 0.2033 0.0439 0.9748
1305031464.7277 -1.5782 0.1622 -0.4757 0.1011 0.2087 0.0254 0.9724
1305031464.7597 -1.5747 0.1651 -0.4795 0.1139 0.2090 0.0087 0.9712
1305031464.7960 -1.5830 0.1576 -0.4854 0.1183 0.2076 -0.0115 0.9710
1305031464.8278 -1.5783 0.1675 -0.4808 0.1323 0.1949 -0.0265 0.9715
1305031464.8597 -1.5786 0.1887 -0.4716 0.1419 0.1809 -0.0454 0.9721
1305031464.8958 -1.5601 0.1823 -0.4751 0.1372 0.1638 -0.0629 0.9749
1305031464.9278 -1.5300 0.1626 -0.4830 0.1309 0.1485 -0.0829 0.9767
1305031464.9598 -1.5206 0.1505 -0.4830 0.1320 0.1446 -0.1006 0.9755
1305031464.9957 -1.5164 0.1580 -0.4735 0.1389 0.1459 -0.1201 0.9721
1305031465.0278 -1.5144 0.1627 -0.4607 0.1427 0.1486 -0.1390 0.9686
1305031465.0597 -1.5124 0.1796 -0.4397 0.1500 0.1464 -0.1590 0.9648
1305031465.0957 -1.4828 0.2120 -0.4222 0.1493 0.1330 -0.1757 0.9639
1305031465.1277 -1.4651 0.2162 -0.3911 0.1319 0.1231 -0.1901 0.9651
1305031465.1598 -1.4468 0.2111 -0.3677 0.1139 0.1122 -0.1976 0.9672
1305031465.1956 -1.4274 0.1922 -0.3530 0.0956 0.1015 -0.2067 0.9684
1305031465.2279 -1.4094 0.1893 -0.3325 0.0811 0.0944 -0.2130 0.9691
1305031465.2598 -1.3942 0.1771 -0.3082 0.0657 0.0870 -0.2142 0.9707
1305031465.2956 -1.3833 0.1881 -0.2815 0.0644 0.0811 -0.2035 0.9736
1305031465.3277 -1.3721 0.1942 -0.2795 0.0542 0.0698 -0.1946 0.9769
1305031465.3599 -1.3628 0.1917 -0.2619 0.0485 0.0552 -0.1844 0.9801
1305031465.3956 -1.3307 0.1944 -0.2536 0.0493 0.0351 -0.1744 0.9828
1305031465.4277 -1.3068 0.1895 -0.2565 0.0487 0.0219 -0.1665 0.9846
1305031465.4601 -1.2916 0.1983 -0.2583 0.0513 0.0133 -0.1572 0.9861
1305031465.4957 -1.2698 0.2075 -0.2581 0.0499 0.0042 -0.1474 0.9878
1305031465.5276 -1.2567 0.2030 -0.2592 0.0470 -0.0026 -0.1447 0.9884
1305031465.5598 -1.2378 0.2086 -0.2615 0.0517 -0.0101 -0.1411 0.9886
1305031465.5956 -1.2197 0.2109 -0.2665 0.0541 -0.0149 -0.1355 0.9892
1305031465.6277 -1.2090 0.2175 -0.2659 0.0571 -0.0179 -0.1302 0.9897
1305031465.6601 -1.1971 0.2197 -0.2689 0.0582 -0.0246 -0.1257 0.9901
1305031465.6957 -1.1737 0.2246 -0.2706 0.0619 -0.0328 -0.1206 0.9902
1305031465.7277 -1.1584 0.2345 -0.2728 0.0677 -0.0360 -0.1145 0.9905
1305031465.7598 -1.1440 0.2489 -0.2739 0.0747 -0.0397 -0.1082 0.9905
1305031465.7959 -1.1258 0.2517 -0.2774 0.0764 -0.0430 -0.1045 0.9907
1305031465.8280 -1.1060 0.2595 -0.2778 0.0828 -0.0479 -0.1012 0.9903
1305031465.8599 -1.0807 0.2759 -0.2861 0.0932 -0.0514 -0.0980 0.9895
1305031465.8955 -1.0565 0.2856 -0.2889 0.0969 -0.0466 -0.0971 0.9895
1305031465.9275 -1.0318 0.2868 -0.2863 0.1003 -0.0414 -0.0950 0.9895
1305031465.9597 -1.0075 0.3022 -0.2914 0.1112 -0.0352 -0.0961 0.9885
1305031465.9958 -0.9832 0.3101 -0.2956 0.1166 -0.0316 -0.0975 0.9879
1305031466.0276 -0.9604 0.3179 -0.3031 0.1192 -0.0326 -0.0986 0.9874
1305031466.0598 -0.9349 0.3385 -0.3028 0.1200 -0.0335 -0.0954 0.9876
1305031466.0958 -0.9248 0.3567 -0.3080 0.1168 -0.0332 -0.0953 0.9880
1305031466.1276 -0.9113 0.3772 -0.3075 0.1132 -0.0361 -0.0959 0.9883
1305031466.1604 -0.9004 0.3988 -0.3099 0.1107 -0.0390 -0.0950 0.9885
1305031466.1958 -0.8891 0.4159 -0.3137 0.1038 -0.0442 -0.0926 0.9893
1305031466.2280 -0.8725 0.4178 -0.3154 0.0892 -0.0518 -0.0957 0.9901
1305031466.2598 -0.8590 0.4148 -0.3238 0.0861 -0.0534 -0.1019 0.9896
1305031466.2957 -0.8332 0.4203 -0.3315 0.0892 -0.0522 -0.1118 0.9883
1305031466.3277 -0.8129 0.4273 -0.3468 0.0906 -0.0441 -0.1191 0.9878
1305031466.3598 -0.8028 0.4386 -0.3598 0.0889 -0.0324 -0.1262 0.9875
1305031466.3958 -0.7874 0.4272 -0.3761 0.0855 -0.0317 -0.1274 0.9877
1305031466.4278 -0.7804 0.4334 -0.3881 0.0896 -0.0326 -0.1313 0.9867
1305031466.4598 -0.7703 0.4391 -0.3992 0.0894 -0.0352 -0.1338 0.9863
1305031466.4958 -0.7581 0.4489 -0.4036 0.0884 -0.0367 -0.1347 0.9863
1305031466.5275 -0.7332 0.4413 -0.4169 0.0852 -0.0374 -0.1347 0.9865
1305031466.5604 -0.7125 0.4503 -0.4291 0.0864 -0.0333 -0.1355 0.9864
1305031466.5959 -0.6891 0.4527 -0.4365 0.0760 -0.0335 -0.1398 0.9867
1305031466.6275 -0.6724 0.4343 -0.4477 0.0673 -0.0299 -0.1431 0.9870
1305031466.6597 -0.6487 0.4298 -0.4570 0.0704 -0.0293 -0.1477 0.9861
1305031466.6958 -0.6306 0.4397 -0.4666 0.0722 -0.0297 -0.1533 0.9851
1305031466.7281 -0.6170 0.4428 -0.4690 0.0669 -0.0293 -0.1661 0.9834
1305031466.7596 -0.5948 0.4307 -0.4726 0.0663 -0.0314 -0.1714 0.9825
1305031466.7956 -0.5836 0.4326 -0.4839 0.0695 -0.0323 -0.1751 0.9816
1305031466.8279 -0.5715 0.4364 -0.4889 0.0679 -0.0351 -0.1770 0.9812
1305031466.8597 -0.5672 0.4333 -0.4892 0.0661 -0.0372 -0.1768 0.9813
1305031466.8957 -0.5544 0.4318 -0.4913 0.0664 -0.0483 -0.1767 0.9808
1305031466.9278 -0.5405 0.4277 -0.4949 0.0643 -0.0619 -0.1800 0.9796
1305031466.9597 -0.5304 0.4222 -0.4982 0.0629 -0.0681 -0.1827 0.9788
1305031466.9957 -0.5210 0.4175 -0.5064 0.0618 -0.0707 -0.1846 0.9783
1305031467.0278 -0.5114 0.4153 -0.5084 0.0614 -0.0731 -0.1871 0.9777
1305031467.0597 -0.4974 0.4121 -0.5156 0.0611 -0.0757 -0.1888 0.9772
1305031467.0957 -0.4873 0.4178 -0.5128 0.0619 -0.0759 -0.1916 0.9766
1305031467.1290 -0.4826 0.4149 -0.5123 0.0609 -0.0762 -0.1989 0.9752
1305031467.1597 -0.4755 0.4131 -0.5143 0.0612 -0.0776 -0.2034 0.9741
1305031467.1957 -0.4694 0.4137 -0.5172 0.0618 -0.0798 -0.2071 0.9731
1305031467.2277 -0.4594 0.4135 -0.5184 0.0625 -0.0843 -0.2109 0.9719
1305031467.2597 -0.4543 0.4148 -0.5186 0.0636 -0.0867 -0.2136 0.9710
1305031467.2958 -0.4479 0.4155 -0.5218 0.0646 -0.0893 -0.2182 0.9697
1305031467.3280 -0.4391 0.4150 -0.5278 0.0647 -0.0926 -0.2224 0.9684
1305031467.3597 -0.4298 0.4198 -0.5361 0.0637 -0.0963 -0.2250 0.9675
1305031467.3958 -0.4163 0.4221 -0.5327 0.0607 -0.1022 -0.2287 0.9662
1305031467.4278 -0.4079 0.4199 -0.5353 0.0599 -0.1057 -0.2306 0.9654
1305031467.4597 -0.3948 0.4146 -0.5434 0.0581 -0.1115 -0.2312 0.9647
1305031467.4961 -0.3790 0.4285 -0.5501 0.0582 -0.1163 -0.2368 0.9628
1305031467.5277 -0.3689 0.4261 -0.5547 0.0554 -0.1180 -0.2404 0.9619
1305031467.5598 -0.3605 0.4233 -0.5525 0.0553 -0.1191 -0.2416 0.9614
1305031467.5960 -0.3540 0.4207 -0.5551 0.0545 -0.1202 -0.2395 0.9619
1305031467.6275 -0.3434 0.4223 -0.5495 0.0572 -0.1242 -0.2374 0.9617
1305031467.6596 -0.3405 0.4172 -0.5507 0.0604 -0.1272 -0.2369 0.9613
1305031467.6959 -0.3366 0.4137 -0.5538 0.0615 -0.1285 -0.2394 0.9604
1305031467.7275 -0.3310 0.4089 -0.5484 0.0650 -0.1296 -0.2456 0.9585
1305031467.7599 -0.3313 0.4115 -0.5420 0.0714 -0.1295 -0.2491 0.9571
1305031467.7961 -0.3314 0.4137 -0.5411 0.0753 -0.1294 -0.2522 0.9560
1305031467.8278 -0.3357 0.4077 -0.5336 0.0788 -0.1290 -0.2527 0.9557
1305031467.8597 -0.3282 0.4150 -0.5236 0.0906 -0.1337 -0.2501 0.9547
1305031467.8959 -0.3258 0.4078 -0.5212 0.0934 -0.1381 -0.2511 0.9535
1305031467.9278 -0.3218 0.3967 -0.5051 0.0948 -0.1440 -0.2544 0.9516
1305031467.9598 -0.3168 0.3837 -0.4985 0.0997 -0.1489 -0.2565 0.9498
1305031467.9958 -0.3128 0.3838 -0.4966 0.1019 -0.1496 -0.2578 0.9491
1305031468.0281 -0.3080 0.3764 -0.4825 0.1016 -0.1505 -0.2602 0.9483
1305031468.0598 -0.3102 0.3577 -0.4679 0.1038 -0.1521 -0.2638 0.9468
1305031468.0959 -0.3086 0.3563 -0.4635 0.1059 -0.1533 -0.2660 0.9458
1305031468.1278 -0.3062 0.3498 -0.4532 0.1054 -0.1545 -0.2664 0.9455
1305031468.1599 -0.3058 0.3403 -0.4390 0.1066 -0.1559 -0.2682 0.9447
1305031468.1960 -0.2964 0.3301 -0.4267 0.1066 -0.1577 -0.2711 0.9435
1305031468.2282 -0.2899 0.3189 -0.4108 0.1061 -0.1581 -0.2711 0.9435
1305031468.2598 -0.2769 0.3002 -0.3929 0.1052 -0.1607 -0.2697 0.9436
1305031468.2958 -0.2702 0.2864 -0.3786 0.1055 -0.1595 -0.2703 0.9436
1305031468.3278 -0.2603 0.2594 -0.3599 0.1046 -0.1618 -0.2689 0.9437
1305031468.3598 -0.2477 0.2430 -0.3461 0.1084 -0.1634 -0.2647 0.9442
1305031468.3959 -0.2432 0.2353 -0.3436 0.1073 -0.1628 -0.2644 0.9445
1305031468.4280 -0.2399 0.2200 -0.3271 0.1054 -0.1632 -0.2631 0.9450
1305031468.4598 -0.2404 0.1912 -0.3190 0.1013 -0.1641 -0.2590 0.9464
1305031468.4958 -0.2363 0.1830 -0.3108 0.1011 -0.1640 -0.2592 0.9464
1305031468.5278 -0.2426 0.1631 -0.2962 0.1015 -0.1618 -0.2645 0.9453
1305031468.5597 -0.2526 0.1445 -0.3024 0.1062 -0.1600 -0.2755 0.9419
1305031468.5958 -0.2562 0.1423 -0.3068 0.1094 -0.1590 -0.2801 0.9404
1305031468.6276 -0.2610 0.1346 -0.3036 0.1061 -0.1590 -0.2807 0.9406
1305031468.6596 -0.2741 0.1125 -0.2989 0.1037 -0.1611 -0.2829 0.9398
1305031468.6958 -0.2883 0.0934 -0.2963 0.1062 -0.1649 -0.2890 0.9370
1305031468.7278 -0.2961 0.0885 -0.2882 0.1124 -0.1699 -0.2897 0.9352
1305031468.7596 -0.2997 0.0772 -0.2847 0.1128 -0.1737 -0.2899 0.9344
1305031468.7958 -0.3108 0.0617 -0.2842 0.1174 -0.1753 -0.2946 0.9320
1305031468.8292 -0.3241 0.0489 -0.2957 0.1239 -0.1748 -0.3020 0.9289
1305031468.8597 -0.3227 0.0481 -0.2958 0.1265 -0.1746 -0.3051 0.9276
1305031468.8959 -0.3173 0.0362 -0.2849 0.1260 -0.1727 -0.3057 0.9278
1305031468.9281 -0.3184 0.0318 -0.2872 0.1247 -0.1656 -0.3033 0.9301
1305031468.9596 -0.3332 0.0299 -0.2887 0.1199 -0.1576 -0.3018 0.9326
1305031468.9957 -0.3351 0.0356 -0.2832 0.1079 -0.1521 -0.3057 0.9337
1305031469.0277 -0.3395 0.0303 -0.2770 0.0899 -0.1468 -0.3104 0.9349
1305031469.0598 -0.3488 0.0140 -0.2700 0.0737 -0.1439 -0.3159 0.9349
1305031469.0957 -0.3463 0.0081 -0.2623 0.0631 -0.1425 -0.3246 0.9329
1305031469.1277 -0.3412 -0.0038 -0.2473 0.0505 -0.1377 -0.3340 0.9311
1305031469.1597 -0.3379 -0.0148 -0.2249 0.0404 -0.1313 -0.3401 0.9303
1305031469.1955 -0.3460 -0.0185 -0.2268 0.0342 -0.1182 -0.3407 0.9321
1305031469.2278 -0.3522 -0.0233 -0.2164 0.0305 -0.1137 -0.3437 0.9317
1305031469.2596 -0.3525 -0.0280 -0.1959 0.0244 -0.1104 -0.3472 0.9309
1305031469.2968 -0.3543 -0.0377 -0.1828 0.0185 -0.1075 -0.3488 0.9308
1305031469.3276 -0.3588 -0.0365 -0.1736 0.0149 -0.1038 -0.3508 0.9306
1305031469.3596 -0.3576 -0.0453 -0.1558 0.0068 -0.1005 -0.3558 0.9291
1305031469.3957 -0.3600 -0.0447 -0.1428 0.0088 -0.0868 -0.3600 0.9289
1305031469.4277 -0.3541 -0.0468 -0.1282 0.0109 -0.0779 -0.3657 0.9274
1305031469.4597 -0.3490 -0.0582 -0.1141 0.0077 -0.0725 -0.3721 0.9253
1305031469.4957 -0.3536 -0.0503 -0.1050 0.0088 -0.0677 -0.3744 0.9247
1305031469.5276 -0.3479 -0.0452 -0.0895 0.0074 -0.0702 -0.3725 0.9253
1305031469.5596 -0.3470 -0.0435 -0.0758 0.0003 -0.0706 -0.3717 0.9257
1305031469.5958 -0.3451 -0.0255 -0.0632 -0.0034 -0.0677 -0.3682 0.9273
1305031469.6278 -0.3456 -0.0282 -0.0479 -0.0146 -0.0665 -0.3692 0.9268
1305031469.6596 -0.3528 -0.0206 -0.0287 -0.0218 -0.0600 -0.3694 0.9271
1305031469.6956 -0.3529 -0.0082 -0.0176 -0.0238 -0.0558 -0.3676 0.9280
1305031469.7277 -0.3497 -0.0001 -0.0068 -0.0290 -0.0513 -0.3658 0.9288
1305031469.7596 -0.3562 0.0252 0.0126 -0.0296 -0.0421 -0.3596 0.9317
1305031469.7956 -0.3643 0.0423 0.0309 -0.0336 -0.0372 -0.3566 0.9329
1305031469.8275 -0.3630 0.0532 0.0397 -0.0390 -0.0402 -0.3551 0.9331
1305031469.8596 -0.3770 0.0776 0.0575 -0.0429 -0.0345 -0.3520 0.9344
1305031469.8958 -0.3748 0.0850 0.0654 -0.0491 -0.0390 -0.3491 0.9350
1305031469.9279 -0.3809 0.0949 0.0777 -0.0552 -0.0410 -0.3469 0.9354
1305031469.9598 -0.3883 0.1100 0.0891 -0.0564 -0.0435 -0.3435 0.9364
1305031469.9956 -0.3956 0.1326 0.1007 -0.0563 -0.0436 -0.3398 0.9378
1305031470.0277 -0.4016 0.1470 0.1042 -0.0586 -0.0459 -0.3407 0.9372
1305031470.0596 -0.4095 0.1614 0.1095 -0.0607 -0.0457 -0.3376 0.9382
1305031470.0959 -0.4225 0.1797 0.1193 -0.0622 -0.0432 -0.3358 0.9389
1305031470.1276 -0.4342 0.1986 0.1254 -0.0644 -0.0409 -0.3328 0.9399
1305031470.1596 -0.4398 0.2173 0.1301 -0.0664 -0.0425 -0.3298 0.9407
1305031470.1961 -0.4498 0.2237 0.1263 -0.0715 -0.0453 -0.3285 0.9407
1305031470.2276 -0.4607 0.2417 0.1360 -0.0743 -0.0449 -0.3222 0.9427
1305031470.2600 -0.4668 0.2593 0.1367 -0.0763 -0.0452 -0.3201 0.9432
1305031470.2957 -0.4800 0.2813 0.1406 -0.0764 -0.0409 -0.3158 0.9449
1305031470.3276 -0.4880 0.2916 0.1420 -0.0852 -0.0419 -0.3132 0.9449
1305031470.3596 -0.4977 0.3090 0.1465 -0.0865 -0.0436 -0.3057 0.9472
1305031470.3958 -0.5099 0.3294 0.1509 -0.0858 -0.0428 -0.3012 0.9487
1305031470.4276 -0.5223 0.3408 0.1530 -0.0865 -0.0445 -0.3017 0.9484
1305031470.4597 -0.5313 0.3487 0.1529 -0.0874 -0.0477 -0.3001 0.9487
1305031470.4957 -0.5405 0.3580 0.1540 -0.0866 -0.0507 -0.2983 0.9492
1305031470.5277 -0.5483 0.3639 0.1535 -0.0880 -0.0547 -0.2989 0.9486
1305031470.5597 -0.5629 0.3800 0.1556 -0.0852 -0.0501 -0.2976 0.9496
1305031470.5958 -0.5723 0.3895 0.1556 -0.0842 -0.0502 -0.2938 0.9508
1305031470.6277 -0.5772 0.3940 0.1583 -0.0872 -0.0543 -0.2905 0.9513
1305031470.6597 -0.5910 0.4122 0.1593 -0.0818 -0.0485 -0.2825 0.9546
1305031470.6956 -0.5978 0.4206 0.1611 -0.0828 -0.0517 -0.2781 0.9556
1305031470.7277 -0.6070 0.4239 0.1632 -0.0835 -0.0531 -0.2781 0.9554
1305031470.7597 -0.6149 0.4310 0.1620 -0.0827 -0.0494 -0.2737 0.9570
1305031470.7956 -0.6210 0.4364 0.1635 -0.0818 -0.0467 -0.2712 0.9579
1305031470.8278 -0.6306 0.4434 0.1650 -0.0774 -0.0451 -0.2660 0.9598
1305031470.8596 -0.6379 0.4429 0.1628 -0.0754 -0.0471 -0.2601 0.9615
1305031470.8957 -0.6455 0.4502 0.1609 -0.0698 -0.0490 -0.2549 0.9632
1305031470.9277 -0.6520 0.4531 0.1617 -0.0652 -0.0554 -0.2504 0.9644
1305031470.9596 -0.6646 0.4578 0.1596 -0.0535 -0.0572 -0.2480 0.9656
1305031470.9960 -0.6670 0.4567 0.1529 -0.0448 -0.0615 -0.2451 0.9665
1305031471.0276 -0.6694 0.4569 0.1511 -0.0337 -0.0647 -0.2435 0.9672
1305031471.0596 -0.6748 0.4547 0.1486 -0.0245 -0.0655 -0.2385 0.9686
1305031471.0958 -0.6823 0.4639 0.1444 -0.0086 -0.0641 -0.2329 0.9703
1305031471.1277 -0.6852 0.4636 0.1423 -0.0022 -0.0685 -0.2228 0.9725
1305031471.1596 -0.6868 0.4663 0.1400 0.0049 -0.0710 -0.2156 0.9739
1305031471.1957 -0.6884 0.4660 0.1388 0.0064 -0.0715 -0.2120 0.9746
1305031471.2276 -0.6914 0.4670 0.1382 0.0070 -0.0705 -0.2086 0.9754
1305031471.2597 -0.6962 0.4675 0.1375 0.0068 -0.0688 -0.2068 0.9759
1305031471.2961 -0.7005 0.4659 0.1376 0.0067 -0.0675 -0.2038 0.9767
1305031471.3276 -0.6983 0.4687 0.1368 0.0123 -0.0686 -0.2011 0.9771
1305031471.3596 -0.6995 0.4711 0.1357 0.0145 -0.0640 -0.1982 0.9780
1305031471.3957 -0.7050 0.4675 0.1357 0.0129 -0.0594 -0.1939 0.9791
1305031471.4277 -0.7091 0.4663 0.1320 0.0143 -0.0579 -0.1896 0.9800
1305031471.4596 -0.7126 0.4688 0.1301 0.0158 -0.0579 -0.1871 0.9805
1305031471.4965 -0.7221 0.4682 0.1263 0.0130 -0.0543 -0.1827 0.9816
1305031471.5276 -0.7247 0.4686 0.1241 0.0129 -0.0535 -0.1803 0.9821
1305031471.5597 -0.7257 0.4691 0.1227 0.0128 -0.0529 -0.1793 0.9823
1305031471.5957 -0.7270 0.4684 0.1214 0.0121 -0.0507 -0.1779 0.9827
1305031471.6276 -0.7289 0.4715 0.1193 0.0146 -0.0473 -0.1775 0.9829
1305031471.6596 -0.7320 0.4719 0.1159 0.0154 -0.0434 -0.1767 0.9832
1305031471.6956 -0.7314 0.4719 0.1117 0.0160 -0.0421 -0.1733 0.9838
1305031471.7275 -0.7357 0.4723 0.1082 0.0144 -0.0370 -0.1695 0.9847
1305031471.7597 -0.7374 0.4735 0.1058 0.0150 -0.0322 -0.1633 0.9859
1305031471.7958 -0.7393 0.4731 0.1009 0.0144 -0.0255 -0.1564 0.9873
1305031471.8276 -0.7414 0.4770 0.0989 0.0134 -0.0214 -0.1527 0.9880
1305031471.8597 -0.7382 0.4832 0.1010 0.0123 -0.0213 -0.1423 0.9895
1305031471.8956 -0.7411 0.4849 0.0995 0.0084 -0.0164 -0.1380 0.9903
1305031471.9277 -0.7420 0.4832 0.0998 0.0009 -0.0123 -0.1301 0.9914
1305031471.9596 -0.7457 0.4855 0.1041 0.0011 -0.0050 -0.1252 0.9921
1305031471.9956 -0.7499 0.4955 0.0980 0.0060 0.0041 -0.1250 0.9921
1305031472.0276 -0.7486 0.5074 0.0964 0.0074 0.0067 -0.1194 0.9928
1305031472.0597 -0.7504 0.5072 0.1024 0.0033 0.0097 -0.1133 0.9935
1305031472.0956 -0.7508 0.5074 0.1024 0.0011 0.0115 -0.1076 0.9941
1305031472.1276 -0.7523 0.5148 0.1021 0.0017 0.0123 -0.1068 0.9942
1305031472.1596 -0.7584 0.5174 0.1097 0.0007 0.0147 -0.1020 0.9947
1305031472.1957 -0.7619 0.5244 0.1139 0.0081 0.0163 -0.0952 0.9953
1305031472.2276 -0.7648 0.5382 0.1136 0.0202 0.0179 -0.0916 0.9954
1305031472.2638 -0.7667 0.5398 0.1112 0.0259 0.0188 -0.0920 0.9952
1305031472.2957 -0.7674 0.5335 0.1108 0.0276 0.0189 -0.0883 0.9955
1305031472.3277 -0.7686 0.5401 0.1082 0.0362 0.0199 -0.0867 0.9954
1305031472.3636 -0.7688 0.5454 0.1056 0.0409 0.0197 -0.0851 0.9953
1305031472.3956 -0.7694 0.5457 0.1063 0.0416 0.0186 -0.0851 0.9953
1305031472.4277 -0.7706 0.5421 0.1077 0.0415 0.0158 -0.0843 0.9955
1305031472.4636 -0.7709 0.5364 0.1052 0.0411 0.0145 -0.0844 0.9955
1305031472.4956 -0.7706 0.5315 0.1035 0.0392 0.0163 -0.0859 0.9954
1305031472.5276 -0.7711 0.5280 0.1033 0.0406 0.0175 -0.0854 0.9954
1305031472.5636 -0.7709 0.5300 0.1039 0.0476 0.0171 -0.0845 0.9951
1305031472.5957 -0.7682 0.5249 0.1011 0.0488 0.0134 -0.0812 0.9954
1305031472.6277 -0.7667 0.5234 0.1010 0.0485 0.0123 -0.0804 0.9955
1305031472.6636 -0.7668 0.5217 0.1012 0.0492 0.0123 -0.0791 0.9956
1305031472.6958 -0.7665 0.5115 0.1000 0.0472 0.0112 -0.0773 0.9958
1305031472.7276 -0.7651 0.5088 0.0989 0.0511 0.0096 -0.0782 0.9956
1305031472.7636 -0.7658 0.5101 0.0994 0.0552 0.0109 -0.0798 0.9952
1305031472.7956 -0.7639 0.5050 0.1015 0.0545 0.0111 -0.0810 0.9952
1305031472.8276 -0.7640 0.4963 0.1038 0.0532 0.0121 -0.0814 0.9952
1305031472.8636 -0.7643 0.4976 0.1043 0.0556 0.0123 -0.0804 0.9951
1305031472.8957 -0.7636 0.4974 0.1046 0.0561 0.0108 -0.0791 0.9952
1305031472.9277 -0.7633 0.4943 0.1056 0.0549 0.0100 -0.0784 0.9954
1305031472.9638 -0.7628 0.4933 0.1059 0.0552 0.0098 -0.0768 0.9955
1305031472.9957 -0.7634 0.4939 0.1074 0.0554 0.0094 -0.0759 0.9955
1305031473.0276 -0.7636 0.4950 0.1090 0.0559 0.0086 -0.0757 0.9955
1305031473.0637 -0.7627 0.4928 0.1101 0.0545 0.0077 -0.0771 0.9955
1305031473.0957 -0.7627 0.4884 0.1083 0.0523 0.0087 -0.0794 0.9954
1305031473.1277 -0.7625 0.4866 0.1081 0.0514 0.0089 -0.0797 0.9954
1305031473.1671 -0.7634 0.4844 0.1094 0.0519 0.0088 -0.0806 0.9954
1305031473.1961 -0.7623 0.4790 0.1083 0.0501 0.0071 -0.0798 0.9955
