1305031453.3917 0.0000 0.0000 0.0000 0.0000 0.0000 0.0000 1.0000
1305031453.5237 0.0134 0.0180 -0.0418 0.0165 0.0212 0.0373 0.9989
1305031453.6277 0.0096 0.0371 -0.0858 0.0380 0.0280 0.0520 0.9975
1305031453.7277 -0.0087 0.0665 -0.1321 0.0582 0.0149 0.0404 0.9974
1305031453.8278 -0.0350 0.0895 -0.1711 0.0698 -0.0091 0.0179 0.9974
1305031453.9277 -0.0722 0.1116 -0.2015 0.0688 -0.0542 -0.0023 0.9962
1305031453.9596 -0.0752 0.1167 -0.2081 0.0665 -0.0722 -0.0110 0.9951
1305031453.9916 -0.0842 0.1162 -0.2094 0.0642 -0.0842 -0.0223 0.9941
1305031454.0277 -0.0955 0.1175 -0.2160 0.0659 -0.0962 -0.0327 0.9926
1305031454.0597 -0.1051 0.1239 -0.2214 0.0674 -0.1077 -0.0445 0.9909
1305031454.0917 -0.1195 0.1238 -0.2226 0.0672 -0.1183 -0.0586 0.9890
1305031454.1277 -0.1337 0.1250 -0.2271 0.0702 -0.1312 -0.0730 0.9862
1305031454.1597 -0.1451 0.1317 -0.2323 0.0714 -0.1459 -0.0859 0.9830
1305031454.1917 -0.1569 0.1341 -0.2331 0.0693 -0.1619 -0.1004 0.9792
1305031454.2277 -0.1686 0.1259 -0.2303 0.0691 -0.1792 -0.1189 0.9742
1305031454.2596 -0.1718 0.1311 -0.2308 0.0754 -0.1930 -0.1339 0.9691
1305031454.2916 -0.1801 0.1389 -0.2317 0.0753 -0.1999 -0.1456 0.9660
1305031454.3277 -0.1945 0.1310 -0.2341 0.0741 -0.2093 -0.1625 0.9614
1305031454.3596 -0.2000 0.1357 -0.2349 0.0809 -0.2206 -0.1764 0.9559
1305031454.3917 -0.2087 0.1437 -0.2382 0.0835 -0.2271 -0.1883 0.9519
1305031454.4275 -0.2203 0.1461 -0.2415 0.0848 -0.2382 -0.2041 0.9457
1305031454.4599 -0.2188 0.1490 -0.2393 0.0878 -0.2498 -0.2190 0.9391
1305031454.4916 -0.2254 0.1554 -0.2420 0.0903 -0.2535 -0.2352 0.9339
1305031454.5277 -0.2292 0.1648 -0.2444 0.0912 -0.2589 -0.2506 0.9284
1305031454.5596 -0.2358 0.1737 -0.2478 0.0892 -0.2632 -0.2638 0.9237
1305031454.5916 -0.2440 0.1803 -0.2503 0.0870 -0.2722 -0.2815 0.9160
1305031454.6276 -0.2456 0.1858 -0.2532 0.0853 -0.2844 -0.2946 0.9083
1305031454.6595 -0.2451 0.1954 -0.2555 0.0800 -0.2960 -0.3015 0.9028
1305031454.6919 -0.2464 0.1994 -0.2538 0.0727 -0.3104 -0.3093 0.8960
1305031454.7277 -0.2412 0.2007 -0.2524 0.0674 -0.3241 -0.3134 0.8901
1305031454.7597 -0.2341 0.2047 -0.2493 0.0609 -0.3313 -0.3091 0.8894
1305031454.7916 -0.2293 0.2096 -0.2485 0.0554 -0.3346 -0.3023 0.8909
1305031454.8276 -0.2214 0.2175 -0.2468 0.0509 -0.3365 -0.2958 0.8926
1305031454.8596 -0.2170 0.2227 -0.2451 0.0444 -0.3340 -0.2889 0.8961
1305031454.8918 -0.2132 0.2299 -0.2454 0.0404 -0.3292 -0.2819 0.9003
1305031454.9276 -0.2108 0.2390 -0.2472 0.0367 -0.3233 -0.2758 0.9045
1305031454.9596 -0.2117 0.2476 -0.2514 0.0332 -0.3171 -0.2701 0.9085
1305031454.9919 -0.2161 0.2565 -0.2576 0.0304 -0.3127 -0.2649 0.9117
1305031455.0278 -0.2157 0.2682 -0.2609 0.0305 -0.3120 -0.2619 0.9128
1305031455.0596 -0.2195 0.2752 -0.2637 0.0288 -0.3088 -0.2601 0.9144
1305031455.0917 -0.2244 0.2845 -0.2688 0.0313 -0.3048 -0.2597 0.9158
1305031455.1277 -0.2293 0.2962 -0.2747 0.0329 -0.2996 -0.2582 0.9179
1305031455.1597 -0.2382 0.3066 -0.2818 0.0319 -0.2939 -0.2543 0.9209
1305031455.1917 -0.2476 0.3152 -0.2862 0.0281 -0.2898 -0.2490 0.9237
1305031455.2276 -0.2565 0.3218 -0.2912 0.0271 -0.2863 -0.2435 0.9263
1305031455.2596 -0.2618 0.3357 -0.2969 0.0257 -0.2815 -0.2372 0.9294
1305031455.2918 -0.2752 0.3407 -0.3022 0.0164 -0.2747 -0.2285 0.9339
1305031455.3278 -0.2865 0.3515 -0.3109 0.0112 -0.2709 -0.2183 0.9375
1305031455.3596 -0.2914 0.3617 -0.3131 0.0037 -0.2697 -0.2122 0.9393
1305031455.3917 -0.3024 0.3624 -0.3161 -0.0080 -0.2624 -0.2048 0.9429
1305031455.4276 -0.3167 0.3678 -0.3243 -0.0154 -0.2541 -0.1953 0.9471
1305031455.4596 -0.3307 0.3686 -0.3324 -0.0214 -0.2496 -0.1871 0.9499
1305031455.4916 -0.3422 0.3739 -0.3412 -0.0260 -0.2454 -0.1764 0.9529
1305031455.5276 -0.3602 0.3723 -0.3509 -0.0326 -0.2405 -0.1639 0.9562
1305031455.5597 -0.3771 0.3745 -0.3639 -0.0355 -0.2396 -0.1509 0.9584
1305031455.5916 -0.3884 0.3796 -0.3762 -0.0383 -0.2403 -0.1366 0.9603
1305031455.6596 -0.4196 0.3731 -0.3915 -0.0429 -0.2368 -0.1190 0.9633
1305031455.6916 -0.4331 0.3753 -0.4049 -0.0385 -0.2349 -0.1201 0.9638
1305031455.7276 -0.4464 0.3737 -0.4163 -0.0362 -0.2315 -0.1247 0.9641
1305031455.7597 -0.4597 0.3723 -0.4291 -0.0346 -0.2259 -0.1276 0.9651
1305031455.7917 -0.4754 0.3642 -0.4423 -0.0342 -0.2201 -0.1269 0.9666
1305031455.8276 -0.4889 0.3637 -0.4597 -0.0307 -0.2161 -0.1265 0.9677
1305031455.8595 -0.5005 0.3595 -0.4720 -0.0307 -0.2142 -0.1277 0.9679
1305031455.8917 -0.5103 0.3564 -0.4844 -0.0304 -0.2115 -0.1278 0.9685
1305031455.9280 -0.5208 0.3519 -0.4943 -0.0311 -0.2081 -0.1288 0.9691
1305031455.9597 -0.5296 0.3517 -0.5073 -0.0296 -0.2044 -0.1308 0.9697
1305031455.9917 -0.5383 0.3495 -0.5170 -0.0313 -0.1997 -0.1332 0.9703
1305031456.0278 -0.5463 0.3542 -0.5296 -0.0340 -0.1928 -0.1373 0.9710
1305031456.0597 -0.5598 0.3470 -0.5354 -0.0434 -0.1866 -0.1459 0.9706
1305031456.0917 -0.5724 0.3391 -0.5393 -0.0491 -0.1819 -0.1512 0.9704
1305031456.1276 -0.5836 0.3338 -0.5454 -0.0504 -0.1771 -0.1526 0.9710
1305031456.1597 -0.5933 0.3262 -0.5449 -0.0514 -0.1721 -0.1531 0.9717
1305031456.1917 -0.6034 0.3196 -0.5491 -0.0465 -0.1640 -0.1503 0.9738
1305031456.2277 -0.6088 0.3238 -0.5551 -0.0416 -0.1546 -0.1463 0.9762
1305031456.2917 -0.6354 0.3096 -0.5534 -0.0414 -0.1313 -0.1394 0.9806
1305031456.3277 -0.6462 0.3039 -0.5515 -0.0376 -0.1212 -0.1324 0.9830
1305031456.3916 -0.6689 0.2993 -0.5455 -0.0327 -0.0966 -0.1228 0.9872
1305031456.4277 -0.6879 0.3035 -0.5451 -0.0247 -0.0838 -0.1159 0.9894
1305031456.4917 -0.7262 0.3215 -0.5396 -0.0272 -0.0729 -0.1044 0.9915
1305031456.5276 -0.7395 0.3222 -0.5306 -0.0335 -0.0740 -0.0992 0.9917
1305031456.5917 -0.7604 0.3276 -0.5157 -0.0352 -0.0694 -0.0872 0.9931
1305031456.6276 -0.7714 0.3402 -0.5083 -0.0452 -0.0631 -0.0813 0.9937
1305031456.6916 -0.8081 0.3253 -0.4866 -0.0601 -0.0503 -0.0666 0.9947
1305031456.8276 -0.8650 0.3490 -0.4549 -0.0660 -0.0594 -0.0347 0.9954
1305031457.0917 -0.9610 0.3674 -0.4101 -0.0950 -0.0204 0.0021 0.9953
1305031457.2275 -1.0115 0.3584 -0.4248 -0.1017 0.0090 0.0246 0.9945
1305031457.3275 -1.0494 0.3512 -0.4504 -0.0901 0.0348 0.0424 0.9944
1305031457.3917 -1.0802 0.3369 -0.4677 -0.0871 0.0588 0.0552 0.9929
1305031457.4917 -1.1290 0.3202 -0.4981 -0.0846 0.0746 0.0706 0.9911
1305031457.5597 -1.1546 0.3086 -0.5195 -0.0775 0.0832 0.0779 0.9905
1305031457.6275 -1.1868 0.2959 -0.5356 -0.0752 0.0917 0.0840 0.9894
1305031457.6916 -1.2159 0.2937 -0.5537 -0.0751 0.0945 0.0907 0.9885
1305031457.7596 -1.2398 0.2629 -0.5624 -0.0778 0.0978 0.0880 0.9882
1305031457.7916 -1.2468 0.2463 -0.5676 -0.0722 0.1012 0.0876 0.9884
1305031457.8277 -1.2590 0.2488 -0.5786 -0.0603 0.1085 0.0889 0.9883
1305031457.8916 -1.2873 0.2171 -0.5831 -0.0541 0.1249 0.0894 0.9867
1305031457.9276 -1.3045 0.2159 -0.5886 -0.0397 0.1295 0.0942 0.9863
1305031457.9916 -1.3278 0.2003 -0.5905 -0.0289 0.1309 0.0997 0.9860
1305031458.0278 -1.3378 0.1900 -0.5883 -0.0206 0.1342 0.1008 0.9856
1305031458.0597 -1.3527 0.1985 -0.5887 -0.0093 0.1391 0.1040 0.9848
1305031458.0917 -1.3676 0.1997 -0.5834 -0.0083 0.1440 0.1061 0.9838
1305031458.1276 -1.3831 0.1889 -0.5733 -0.0108 0.1487 0.1064 0.9831
1305031458.1596 -1.4008 0.1801 -0.5631 -0.0097 0.1522 0.1085 0.9823
1305031458.1916 -1.4204 0.1861 -0.5539 -0.0073 0.1533 0.1125 0.9817
1305031458.2276 -1.4339 0.1814 -0.5405 -0.0145 0.1506 0.1136 0.9819
1305031458.2599 -1.4480 0.1474 -0.5196 -0.0227 0.1494 0.1111 0.9822
1305031458.2917 -1.4669 0.1492 -0.5105 -0.0119 0.1461 0.1113 0.9829
1305031458.3276 -1.4798 0.1444 -0.4952 -0.0103 0.1408 0.1138 0.9834
1305031458.3596 -1.4897 0.1236 -0.4770 -0.0061 0.1370 0.1151 0.9838
1305031458.3916 -1.5013 0.1291 -0.4655 0.0080 0.1343 0.1190 0.9837
1305031458.4276 -1.5065 0.1275 -0.4498 0.0158 0.1339 0.1278 0.9826
1305031458.4596 -1.5004 0.1142 -0.4332 0.0248 0.1363 0.1352 0.9811
1305031458.4917 -1.5051 0.1099 -0.4153 0.0452 0.1468 0.1337 0.9790
1305031458.5277 -1.5223 0.1375 -0.3975 0.0699 0.1589 0.1305 0.9761
1305031458.5596 -1.5298 0.1427 -0.3773 0.0783 0.1686 0.1281 0.9742
1305031458.5916 -1.5439 0.1449 -0.3543 0.0883 0.1766 0.1216 0.9727
1305031458.6277 -1.5561 0.1752 -0.3322 0.0971 0.1777 0.1167 0.9723
1305031458.6596 -1.5701 0.1751 -0.3056 0.0906 0.1761 0.1162 0.9733
1305031458.6917 -1.5740 0.1780 -0.2826 0.0852 0.1612 0.1095 0.9771
1305031458.7276 -1.5664 0.1694 -0.2628 0.0814 0.1447 0.1012 0.9809
1305031458.7599 -1.5714 0.1760 -0.2471 0.0881 0.1302 0.0897 0.9835
1305031458.7916 -1.5680 0.1897 -0.2347 0.0891 0.1131 0.0805 0.9863
1305031458.8276 -1.5627 0.1880 -0.2197 0.0823 0.1033 0.0779 0.9882
1305031458.8917 -1.5567 0.1809 -0.2011 0.0880 0.0983 0.0679 0.9889
1305031458.9276 -1.5670 0.1881 -0.1925 0.0882 0.1061 0.0735 0.9877
1305031458.9596 -1.5727 0.1799 -0.1836 0.0798 0.1121 0.0867 0.9867
1305031458.9916 -1.5870 0.1490 -0.1755 0.0758 0.1182 0.0908 0.9859
1305031459.0277 -1.6096 0.1433 -0.1685 0.0861 0.1184 0.0905 0.9851
1305031459.0596 -1.6319 0.1314 -0.1590 0.0930 0.1134 0.0999 0.9841
1305031459.1276 -1.7235 0.0440 -0.3444 0.0805 0.1108 0.1311 0.9819
1305031459.1596 -1.7337 0.0420 -0.3372 0.0899 0.0859 0.1332 0.9833
1305031459.1917 -1.7434 0.0425 -0.3292 0.0962 0.0676 0.1401 0.9831
1305031459.2276 -1.7491 0.0442 -0.3192 0.0991 0.0545 0.1516 0.9819
1305031459.2598 -1.7474 0.0525 -0.3045 0.1004 0.0495 0.1616 0.9805
1305031459.3276 -1.7554 0.0575 -0.2837 0.0959 0.0800 0.1912 0.9736
1305031459.3597 -1.7670 0.0646 -0.2739 0.1005 0.1052 0.2105 0.9667
1305031459.3917 -1.7808 0.0875 -0.2628 0.1009 0.1315 0.2346 0.9578
1305031459.4276 -1.7787 0.0935 -0.2530 0.0888 0.1623 0.2699 0.9449
1305031459.4597 -1.7970 0.0906 -0.2477 0.0862 0.2002 0.3060 0.9268
1305031459.5276 -1.7856 0.1453 -0.1664 0.1024 0.2202 0.3104 0.9191
1305031459.5596 -1.8048 0.1348 -0.1686 0.0955 0.2364 0.3362 0.9066
1305031459.5917 -1.8251 0.1351 -0.1646 0.0942 0.2440 0.3531 0.8983
1305031459.6276 -1.8347 0.1315 -0.1615 0.0902 0.2450 0.3633 0.8944
1305031459.6596 -1.8474 0.1335 -0.1565 0.0909 0.2518 0.3639 0.8921
1305031459.6916 -1.8646 0.1287 -0.1510 0.0852 0.2642 0.3689 0.8870
1305031459.7276 -1.8779 0.1136 -0.1482 0.0782 0.2726 0.3723 0.8837
1305031459.7917 -1.9150 0.0847 -0.1390 0.0774 0.2855 0.3659 0.8824
1305031459.8277 -1.9315 0.0736 -0.1331 0.0763 0.2867 0.3635 0.8831
1305031459.8597 -1.9494 0.0612 -0.1260 0.0719 0.2868 0.3623 0.8839
1305031459.8916 -1.9594 0.0469 -0.1189 0.0665 0.2828 0.3654 0.8844
1305031459.9276 -1.9689 0.0332 -0.1129 0.0654 0.2804 0.3684 0.8840
1305031459.9917 -1.9892 0.0094 -0.0990 0.0608 0.2782 0.3758 0.8819
1305031460.0276 -1.9939 -0.0061 -0.0931 0.0589 0.2779 0.3796 0.8805
1305031460.0597 -2.0054 -0.0222 -0.0871 0.0590 0.2793 0.3814 0.8792
1305031460.0917 -2.0169 -0.0410 -0.0808 0.0600 0.2760 0.3883 0.8772
1305031460.1277 -2.0195 -0.0541 -0.0734 0.0654 0.2667 0.3975 0.8755
1305031460.1597 -2.0278 -0.0628 -0.0668 0.0725 0.2596 0.4044 0.8739
1305031460.1916 -2.0283 -0.0679 -0.0561 0.0735 0.2526 0.4109 0.8729
1305031460.2278 -2.0184 -0.0762 -0.0483 0.0735 0.2501 0.4150 0.8717
1305031460.2917 -2.0201 -0.0961 -0.0365 0.0753 0.2663 0.4144 0.8670
1305031460.3275 -2.0228 -0.1084 -0.0323 0.0759 0.2752 0.4160 0.8634
1305031460.3916 -2.0229 -0.1271 -0.0189 0.0714 0.2942 0.4223 0.8544
1305031460.4275 -2.0226 -0.1381 -0.0134 0.0702 0.3045 0.4272 0.8484
1305031460.4596 -2.0216 -0.1437 -0.0074 0.0687 0.3166 0.4309 0.8422
1305031460.4915 -2.0279 -0.1527 -0.0029 0.0630 0.3310 0.4372 0.8339
1305031460.5276 -2.0276 -0.1649 0.0015 0.0559 0.3414 0.4471 0.8249
1305031460.5596 -2.0242 -0.1755 0.0064 0.0496 0.3501 0.4512 0.8194
1305031460.5919 -2.0274 -0.1868 0.0116 0.0456 0.3597 0.4519 0.8150
1305031460.6276 -2.0263 -0.1977 0.0164 0.0424 0.3676 0.4543 0.8103
1305031460.6598 -2.0309 -0.2097 0.0222 0.0403 0.3761 0.4537 0.8069
1305031460.6917 -2.0374 -0.2209 0.0293 0.0371 0.3814 0.4547 0.8040
1305031460.7277 -2.0364 -0.2292 0.0368 0.0323 0.3834 0.4550 0.8031
1305031460.7597 -2.0351 -0.2410 0.0440 0.0285 0.3886 0.4539 0.8013
1305031460.7917 -2.0391 -0.2532 0.0525 0.0253 0.3934 0.4527 0.7998
1305031460.8277 -2.0394 -0.2606 0.0612 0.0208 0.3950 0.4505 0.8004
1305031460.8597 -2.0374 -0.2679 0.0687 0.0145 0.3983 0.4484 0.8001
1305031460.8918 -2.0356 -0.2807 0.0767 0.0064 0.4030 0.4463 0.7990
1305031460.9276 -2.0350 -0.2922 0.0863 0.0008 0.4052 0.4464 0.7978
1305031460.9917 -2.0193 -0.3174 0.0995 -0.0041 0.4084 0.4497 0.7943
1305031461.0276 -2.0144 -0.3294 0.1076 -0.0034 0.4106 0.4509 0.7925
1305031461.0917 -2.0107 -0.3437 0.1234 -0.0010 0.4096 0.4502 0.7934
1305031461.1276 -2.0001 -0.3532 0.1283 -0.0038 0.4087 0.4491 0.7945
1305031461.1597 -1.9933 -0.3648 0.1357 -0.0030 0.4103 0.4472 0.7948
1305031461.1920 -1.9906 -0.3679 0.1418 0.0003 0.4110 0.4427 0.7970
1305031461.2276 -1.9866 -0.3738 0.1477 0.0003 0.4123 0.4404 0.7975
1305031461.2596 -1.9804 -0.3812 0.1542 0.0010 0.4128 0.4370 0.7991
1305031461.2917 -1.9761 -0.3834 0.1603 0.0030 0.4134 0.4309 0.8021
1305031461.3278 -1.9702 -0.3828 0.1645 0.0045 0.4151 0.4264 0.8036
1305031461.3597 -1.9728 -0.3802 0.1722 0.0020 0.4196 0.4221 0.8036
1305031461.3917 -1.9603 -0.3897 0.1794 -0.0074 0.4190 0.4242 0.8028
1305031461.4276 -1.9527 -0.3924 0.1822 -0.0081 0.4192 0.4227 0.8035
1305031461.4598 -1.9519 -0.3884 0.1856 -0.0100 0.4192 0.4240 0.8027
1305031461.4917 -1.9341 -0.4001 0.1844 -0.0166 0.4173 0.4272 0.8019
1305031461.5277 -1.9337 -0.3973 0.1843 -0.0104 0.4192 0.4241 0.8026
1305031461.5597 -1.9263 -0.3902 0.1780 -0.0106 0.4187 0.4214 0.8044
1305031461.5917 -1.9237 -0.3884 0.1740 -0.0109 0.4260 0.4175 0.8026
1305031461.6275 -1.9214 -0.3837 0.1720 -0.0130 0.4312 0.4171 0.7999
1305031461.6596 -1.9182 -0.3811 0.1710 -0.0155 0.4359 0.4170 0.7974
1305031461.6916 -1.9194 -0.3743 0.1695 -0.0157 0.4387 0.4218 0.7933
1305031461.7276 -1.9117 -0.3695 0.1649 -0.0185 0.4379 0.4279 0.7904
1305031461.7597 -1.9125 -0.3606 0.1583 -0.0179 0.4392 0.4303 0.7885
1305031461.7916 -1.9105 -0.3500 0.1526 -0.0210 0.4403 0.4347 0.7853
1305031461.8276 -1.9072 -0.3423 0.1473 -0.0231 0.4440 0.4392 0.7807
1305031461.8598 -1.9124 -0.3287 0.1434 -0.0220 0.4483 0.4450 0.7750
1305031461.8917 -1.9175 -0.3180 0.1421 -0.0250 0.4504 0.4558 0.7673
1305031461.9278 -1.9126 -0.3112 0.1393 -0.0330 0.4479 0.4662 0.7622
1305031461.9597 -1.9098 -0.2961 0.1285 -0.0370 0.4492 0.4697 0.7591
1305031461.9916 -1.9231 -0.2847 0.1304 -0.0422 0.4580 0.4751 0.7502
1305031462.0277 -1.9250 -0.2838 0.1340 -0.0528 0.4583 0.4867 0.7418
1305031462.0598 -1.9278 -0.2790 0.1350 -0.0560 0.4540 0.4991 0.7360
1305031462.0918 -1.9287 -0.2698 0.1302 -0.0570 0.4468 0.5110 0.7321
1305031462.1277 -1.9319 -0.2599 0.1260 -0.0585 0.4425 0.5203 0.7280
1305031462.1596 -1.9340 -0.2547 0.1228 -0.0623 0.4395 0.5271 0.7246
1305031462.1916 -1.9404 -0.2450 0.1203 -0.0645 0.4382 0.5270 0.7253
1305031462.2276 -1.9479 -0.2382 0.1202 -0.0703 0.4386 0.5276 0.7241
1305031462.2598 -1.9542 -0.2339 0.1212 -0.0775 0.4374 0.5266 0.7248
1305031462.2916 -1.9616 -0.2273 0.1223 -0.0839 0.4346 0.5234 0.7281
1305031462.3597 -1.9775 -0.2134 0.1243 -0.0990 0.4307 0.5140 0.7352
1305031462.4599 -2.0072 -0.1935 0.1318 -0.1236 0.4129 0.5026 0.7494
1305031462.5919 -2.0291 -0.1696 0.1181 -0.1482 0.3782 0.4858 0.7740
1305031462.6925 -2.0514 -0.1571 0.1002 -0.1521 0.3706 0.4576 0.7938
1305031462.7598 -2.0669 -0.1418 0.0831 -0.1523 0.3558 0.4378 0.8115
1305031462.8278 -2.0798 -0.1251 0.0609 -0.1538 0.3434 0.4265 0.8225
1305031462.8918 -2.0832 -0.1026 0.0361 -0.1580 0.3363 0.4177 0.8292
1305031462.9597 -2.0856 -0.0867 0.0066 -0.1561 0.3306 0.4138 0.8337
1305031463.0277 -2.0850 -0.0722 -0.0240 -0.1460 0.3227 0.4023 0.8442
1305031463.0958 -2.0851 -0.0547 -0.0547 -0.1405 0.3110 0.3864 0.8569
1305031463.1598 -2.0832 -0.0428 -0.0863 -0.1334 0.3063 0.3685 0.8675
1305031463.2600 -2.0703 -0.0175 -0.1278 -0.1276 0.2993 0.3526 0.8774
1305031463.3598 -2.0526 0.0037 -0.1648 -0.1199 0.2883 0.3418 0.8864
1305031463.4598 -2.0262 0.0386 -0.2024 -0.1117 0.2763 0.3323 0.8948
1305031463.5277 -2.0023 0.0555 -0.2244 -0.1121 0.2809 0.3284 0.8948
1305031463.6276 -1.9696 0.0731 -0.2596 -0.1077 0.2794 0.3264 0.8966
1305031463.6956 -1.9544 0.0855 -0.2887 -0.0946 0.2828 0.3184 0.8998
1305031463.7597 -1.9151 0.0807 -0.3225 -0.0948 0.2810 0.3103 0.9032
1305031463.8278 -1.8897 0.0796 -0.3592 -0.0916 0.2819 0.2897 0.9100
1305031463.8599 -1.8734 0.0722 -0.3775 -0.0919 0.2825 0.2803 0.9128
1305031463.8956 -1.8635 0.0708 -0.3958 -0.0882 0.2838 0.2710 0.9156
1305031463.9597 -1.8385 0.0579 -0.4287 -0.0876 0.2768 0.2603 0.9209
1305031463.9958 -1.8269 0.0530 -0.4474 -0.0836 0.2729 0.2537 0.9242
1305031464.0277 -1.8180 0.0510 -0.4655 -0.0816 0.2694 0.2455 0.9276
1305031464.0597 -1.8027 0.0411 -0.4824 -0.0829 0.2671 0.2371 0.9304
1305031464.0956 -1.7963 0.0347 -0.4987 -0.0793 0.2687 0.2276 0.9326
1305031464.1277 -1.7946 0.0282 -0.5111 -0.0764 0.2692 0.2225 0.9339
1305031464.1598 -1.7883 0.0146 -0.5222 -0.0730 0.2658 0.2210 0.9355
1305031464.1956 -1.7842 0.0056 -0.5345 -0.0633 0.2595 0.2165 0.9390
1305031464.2276 -1.7859 0.0067 -0.5478 -0.0506 0.2509 0.2123 0.9431
1305031464.2596 -1.7860 0.0084 -0.5607 -0.0422 0.2373 0.2101 0.9475
1305031464.2957 -1.7764 0.0094 -0.5736 -0.0382 0.2193 0.2055 0.9530
1305031464.3279 -1.7621 0.0088 -0.5874 -0.0355 0.2044 0.2000 0.9576
1305031464.3597 -1.7477 0.0039 -0.6003 -0.0317 0.1940 0.1949 0.9609
1305031464.3956 -1.7315 0.0088 -0.6170 -0.0254 0.1864 0.1864 0.9643
1305031464.4276 -1.7207 0.0105 -0.6311 -0.0234 0.1851 0.1764 0.9665
1305031464.4597 -1.7118 0.0039 -0.6451 -0.0221 0.1828 0.1679 0.9685
1305031464.4956 -1.6963 0.0048 -0.6617 -0.0194 0.1791 0.1616 0.9703
1305031464.5276 -1.6893 0.0052 -0.6786 -0.0177 0.1792 0.1531 0.9717
1305031464.5597 -1.6737 0.0014 -0.6948 -0.0208 0.1756 0.1416 0.9740
1305031464.5957 -1.6490 -0.0180 -0.7151 -0.0218 0.1771 0.1314 0.9751
1305031464.6277 -1.6348 -0.0236 -0.7336 -0.0130 0.1875 0.1220 0.9746
1305031464.6597 -1.6223 -0.0285 -0.7466 -0.0048 0.1983 0.1082 0.9741
1305031464.6957 -1.6104 -0.0513 -0.7564 0.0030 0.2084 0.0912 0.9738
1305031464.7277 -1.6120 -0.0517 -0.7612 0.0210 0.2161 0.0732 0.9734
1305031464.7597 -1.6086 -0.0434 -0.7693 0.0343 0.2153 0.0539 0.9745
1305031464.7960 -1.6081 -0.0546 -0.7675 0.0390 0.2113 0.0357 0.9760
1305031464.8278 -1.6073 -0.0563 -0.7644 0.0495 0.1998 0.0211 0.9784
1305031464.8597 -1.5950 -0.0440 -0.7698 0.0577 0.1811 0.0057 0.9817
1305031464.8958 -1.5768 -0.0413 -0.7727 0.0556 0.1626 -0.0141 0.9850
1305031464.9278 -1.5567 -0.0626 -0.7693 0.0488 0.1487 -0.0348 0.9871
1305031464.9598 -1.5366 -0.0781 -0.7642 0.0493 0.1412 -0.0528 0.9873
1305031464.9957 -1.5169 -0.0768 -0.7603 0.0551 0.1374 -0.0715 0.9864
1305031465.0278 -1.5079 -0.0766 -0.7460 0.0579 0.1372 -0.0932 0.9844
1305031465.0597 -1.5076 -0.0551 -0.7265 0.0664 0.1332 -0.1129 0.9824
1305031465.0957 -1.4888 -0.0110 -0.7132 0.0674 0.1201 -0.1288 0.9821
1305031465.1277 -1.4709 0.0008 -0.6964 0.0499 0.1070 -0.1432 0.9826
1305031465.1598 -1.4580 0.0040 -0.6755 0.0323 0.0965 -0.1513 0.9832
1305031465.1956 -1.4413 0.0087 -0.6569 0.0194 0.0859 -0.1580 0.9835
1305031465.2279 -1.4233 0.0241 -0.6411 0.0090 0.0772 -0.1629 0.9836
1305031465.2598 -1.4122 0.0267 -0.6198 -0.0036 0.0701 -0.1632 0.9841
1305031465.3277 -1.3857 0.0552 -0.5927 -0.0130 0.0513 -0.1415 0.9885
1305031465.3956 -1.3510 0.0600 -0.5765 -0.0188 0.0191 -0.1192 0.9925
1305031465.4277 -1.3218 0.0671 -0.5760 -0.0163 0.0036 -0.1075 0.9941
1305031465.4601 -1.2978 0.0815 -0.5779 -0.0123 -0.0082 -0.0937 0.9955
1305031465.4957 -1.2723 0.0973 -0.5797 -0.0131 -0.0195 -0.0838 0.9962
1305031465.5276 -1.2530 0.0935 -0.5776 -0.0178 -0.0289 -0.0805 0.9962
1305031465.5598 -1.2281 0.1012 -0.5813 -0.0120 -0.0386 -0.0743 0.9964
1305031465.5956 -1.2013 0.1154 -0.5860 -0.0058 -0.0447 -0.0652 0.9969
1305031465.6277 -1.1860 0.1289 -0.5924 -0.0011 -0.0477 -0.0562 0.9973
1305031465.6601 -1.1667 0.1406 -0.5976 0.0029 -0.0572 -0.0480 0.9972
1305031465.6957 -1.1345 0.1531 -0.6006 0.0086 -0.0675 -0.0402 0.9969
1305031465.7277 -1.1116 0.1680 -0.6060 0.0160 -0.0714 -0.0309 0.9968
1305031465.7598 -1.0879 0.1870 -0.6110 0.0239 -0.0766 -0.0220 0.9965
1305031465.7959 -1.0617 0.2027 -0.6127 0.0293 -0.0812 -0.0156 0.9962
1305031465.8280 -1.0383 0.2131 -0.6154 0.0368 -0.0851 -0.0099 0.9956
1305031465.8599 -1.0116 0.2399 -0.6194 0.0497 -0.0882 -0.0049 0.9949
1305031465.8955 -0.9827 0.2627 -0.6180 0.0542 -0.0858 -0.0021 0.9948
1305031465.9275 -0.9587 0.2719 -0.6189 0.0585 -0.0798 -0.0005 0.9951
1305031465.9597 -0.9366 0.2916 -0.6235 0.0700 -0.0728 -0.0015 0.9949
1305031465.9958 -0.9229 0.3138 -0.6301 0.0784 -0.0655 -0.0056 0.9948
1305031466.0276 -0.9073 0.3366 -0.6361 0.0852 -0.0631 -0.0072 0.9943
1305031466.0598 -0.8925 0.3626 -0.6413 0.0855 -0.0609 -0.0064 0.9945
1305031466.0958 -0.8808 0.3798 -0.6484 0.0810 -0.0614 -0.0065 0.9948
1305031466.1276 -0.8655 0.3960 -0.6554 0.0753 -0.0659 -0.0065 0.9950
1305031466.1604 -0.8541 0.4111 -0.6669 0.0700 -0.0701 -0.0049 0.9951
1305031466.1958 -0.8427 0.4292 -0.6785 0.0632 -0.0777 -0.0047 0.9950
1305031466.2280 -0.8237 0.4370 -0.6870 0.0515 -0.0873 -0.0094 0.9948
1305031466.2598 -0.7989 0.4352 -0.6947 0.0466 -0.0924 -0.0165 0.9945
1305031466.2957 -0.7775 0.4456 -0.7061 0.0501 -0.0888 -0.0280 0.9944
1305031466.3277 -0.7623 0.4567 -0.7211 0.0514 -0.0785 -0.0373 0.9949
1305031466.3598 -0.7494 0.4627 -0.7346 0.0461 -0.0693 -0.0435 0.9956
1305031466.3958 -0.7382 0.4547 -0.7476 0.0430 -0.0656 -0.0481 0.9958
1305031466.4278 -0.7266 0.4658 -0.7628 0.0503 -0.0670 -0.0523 0.9951
1305031466.4598 -0.7095 0.4774 -0.7738 0.0507 -0.0722 -0.0564 0.9945
1305031466.4958 -0.6867 0.4828 -0.7796 0.0464 -0.0774 -0.0570 0.9943
1305031466.5275 -0.6612 0.4841 -0.7832 0.0438 -0.0777 -0.0570 0.9944
1305031466.5604 -0.6437 0.4958 -0.7921 0.0433 -0.0733 -0.0588 0.9946
1305031466.5959 -0.6234 0.5044 -0.7968 0.0357 -0.0731 -0.0620 0.9948
1305031466.6275 -0.5976 0.4935 -0.7945 0.0269 -0.0734 -0.0660 0.9947
1305031466.6597 -0.5782 0.4962 -0.8005 0.0332 -0.0705 -0.0713 0.9944
1305031466.6958 -0.5616 0.5119 -0.8087 0.0364 -0.0704 -0.0789 0.9937
1305031466.7281 -0.5392 0.5132 -0.8070 0.0300 -0.0740 -0.0883 0.9929
1305031466.7596 -0.5192 0.5048 -0.8065 0.0302 -0.0748 -0.0966 0.9921
1305031466.7956 -0.5039 0.5156 -0.8143 0.0386 -0.0752 -0.1023 0.9912
1305031466.8279 -0.4860 0.5228 -0.8184 0.0369 -0.0796 -0.1055 0.9905
1305031466.8597 -0.4739 0.5170 -0.8193 0.0329 -0.0848 -0.1053 0.9903
1305031466.8957 -0.4607 0.5199 -0.8264 0.0363 -0.0955 -0.1064 0.9891
1305031466.9278 -0.4428 0.5217 -0.8304 0.0364 -0.1103 -0.1088 0.9873
1305031466.9597 -0.4211 0.5190 -0.8320 0.0362 -0.1221 -0.1097 0.9858
1305031466.9957 -0.4017 0.5198 -0.8351 0.0372 -0.1280 -0.1124 0.9847
1305031467.0278 -0.3855 0.5194 -0.8383 0.0375 -0.1322 -0.1168 0.9836
1305031467.0597 -0.3668 0.5203 -0.8406 0.0380 -0.1356 -0.1198 0.9828
1305031467.0957 -0.3517 0.5215 -0.8432 0.0363 -0.1366 -0.1253 0.9820
1305031467.1290 -0.3384 0.5194 -0.8430 0.0367 -0.1395 -0.1359 0.9802
1305031467.1597 -0.3246 0.5194 -0.8454 0.0387 -0.1426 -0.1437 0.9785
1305031467.1957 -0.3132 0.5200 -0.8493 0.0398 -0.1466 -0.1483 0.9772
1305031467.2277 -0.2996 0.5200 -0.8509 0.0405 -0.1535 -0.1537 0.9753
1305031467.2597 -0.2852 0.5195 -0.8524 0.0424 -0.1592 -0.1585 0.9735
1305031467.2958 -0.2714 0.5204 -0.8560 0.0448 -0.1645 -0.1649 0.9715
1305031467.3280 -0.2569 0.5217 -0.8612 0.0462 -0.1701 -0.1698 0.9696
1305031467.3597 -0.2427 0.5263 -0.8681 0.0442 -0.1758 -0.1719 0.9683
1305031467.3958 -0.2280 0.5260 -0.8688 0.0386 -0.1832 -0.1769 0.9663
1305031467.4278 -0.2146 0.5234 -0.8691 0.0365 -0.1891 -0.1809 0.9645
1305031467.4597 -0.2001 0.5247 -0.8762 0.0367 -0.1953 -0.1826 0.9629
1305031467.4961 -0.1823 0.5284 -0.8819 0.0334 -0.2025 -0.1875 0.9606
1305031467.5277 -0.1665 0.5260 -0.8784 0.0285 -0.2065 -0.1943 0.9585
1305031467.5598 -0.1530 0.5216 -0.8772 0.0283 -0.2079 -0.1971 0.9577
1305031467.5960 -0.1400 0.5200 -0.8790 0.0280 -0.2094 -0.1957 0.9576
1305031467.6275 -0.1329 0.5112 -0.8752 0.0276 -0.2137 -0.1939 0.9571
1305031467.6596 -0.1205 0.5045 -0.8741 0.0331 -0.2198 -0.1902 0.9563
1305031467.6959 -0.1066 0.5027 -0.8727 0.0370 -0.2240 -0.1918 0.9548
1305031467.7275 -0.0994 0.4930 -0.8615 0.0407 -0.2266 -0.1968 0.9530
1305031467.7599 -0.0914 0.4852 -0.8551 0.0466 -0.2290 -0.1988 0.9518
1305031467.7961 -0.0834 0.4798 -0.8465 0.0510 -0.2321 -0.2014 0.9502
1305031467.8278 -0.0802 0.4671 -0.8321 0.0548 -0.2351 -0.2022 0.9491
1305031467.8597 -0.0763 0.4580 -0.8214 0.0615 -0.2397 -0.1989 0.9483
1305031467.8959 -0.0712 0.4540 -0.8111 0.0668 -0.2469 -0.1981 0.9462
1305031467.9278 -0.0678 0.4432 -0.7928 0.0695 -0.2550 -0.2011 0.9432
1305031467.9598 -0.0633 0.4303 -0.7756 0.0754 -0.2611 -0.2019 0.9409
1305031467.9958 -0.0540 0.4301 -0.7609 0.0806 -0.2642 -0.2036 0.9393
1305031468.0281 -0.0563 0.4162 -0.7381 0.0785 -0.2647 -0.2070 0.9386
1305031468.0598 -0.0574 0.4015 -0.7227 0.0828 -0.2667 -0.2096 0.9371
1305031468.0959 -0.0517 0.3967 -0.7075 0.0862 -0.2705 -0.2110 0.9353
1305031468.1278 -0.0516 0.3814 -0.6864 0.0842 -0.2732 -0.2122 0.9345
1305031468.1599 -0.0493 0.3690 -0.6700 0.0864 -0.2752 -0.2153 0.9330
1305031468.1960 -0.0454 0.3573 -0.6524 0.0867 -0.2762 -0.2188 0.9318
1305031468.2282 -0.0445 0.3396 -0.6350 0.0846 -0.2757 -0.2188 0.9322
1305031468.2598 -0.0410 0.3242 -0.6188 0.0844 -0.2746 -0.2173 0.9329
1305031468.2958 -0.0406 0.3087 -0.6039 0.0838 -0.2721 -0.2176 0.9336
1305031468.3278 -0.0412 0.2859 -0.5899 0.0840 -0.2701 -0.2158 0.9346
1305031468.3598 -0.0363 0.2750 -0.5810 0.0884 -0.2676 -0.2110 0.9360
1305031468.4598 -0.0320 0.2192 -0.5581 0.0783 -0.2668 -0.2090 0.9376
1305031468.5278 -0.0368 0.1796 -0.5459 0.0748 -0.2629 -0.2157 0.9374
1305031468.5597 -0.0421 0.1602 -0.5434 0.0807 -0.2627 -0.2236 0.9351
1305031468.6596 -0.0618 0.1106 -0.5382 0.0741 -0.2664 -0.2320 0.9326
1305031468.6958 -0.0693 0.0927 -0.5364 0.0777 -0.2726 -0.2352 0.9297
1305031468.7278 -0.0734 0.0806 -0.5327 0.0818 -0.2793 -0.2355 0.9273
1305031468.7596 -0.0783 0.0669 -0.5283 0.0827 -0.2841 -0.2358 0.9256
1305031468.7958 -0.0867 0.0459 -0.5242 0.0854 -0.2867 -0.2406 0.9234
1305031468.8292 -0.0925 0.0348 -0.5218 0.0940 -0.2889 -0.2457 0.9205
1305031468.9281 -0.1012 0.0098 -0.5055 0.0914 -0.2794 -0.2481 0.9231
1305031468.9957 -0.1065 0.0213 -0.5030 0.0764 -0.2681 -0.2487 0.9276
1305031469.0598 -0.1253 0.0000 -0.4926 0.0433 -0.2607 -0.2639 0.9276
1305031469.1597 -0.1292 -0.0204 -0.4552 0.0120 -0.2460 -0.2927 0.9239
1305031469.2278 -0.1494 -0.0307 -0.4395 -0.0002 -0.2275 -0.3019 0.9258
1305031469.2968 -0.1574 -0.0334 -0.4162 -0.0091 -0.2200 -0.3085 0.9254
1305031469.3276 -0.1615 -0.0296 -0.4067 -0.0133 -0.2160 -0.3100 0.9258
1305031469.3596 -0.1598 -0.0343 -0.3894 -0.0207 -0.2128 -0.3149 0.9247
1305031469.3957 -0.1633 -0.0372 -0.3744 -0.0220 -0.2020 -0.3206 0.9252
1305031469.4277 -0.1661 -0.0305 -0.3643 -0.0193 -0.1898 -0.3263 0.9258
1305031469.4597 -0.1721 -0.0234 -0.3519 -0.0184 -0.1795 -0.3334 0.9254
1305031469.4957 -0.1824 -0.0132 -0.3404 -0.0176 -0.1721 -0.3370 0.9255
1305031469.5276 -0.1844 -0.0031 -0.3299 -0.0202 -0.1719 -0.3369 0.9255
1305031469.5596 -0.1852 0.0036 -0.3168 -0.0268 -0.1727 -0.3374 0.9250
1305031469.6596 -0.1938 0.0281 -0.2750 -0.0500 -0.1661 -0.3374 0.9253
1305031469.7956 -0.2115 0.0785 -0.2302 -0.0703 -0.1492 -0.3305 0.9293
1305031469.9598 -0.2485 0.1594 -0.1899 -0.0914 -0.1544 -0.3168 0.9314
1305031470.1596 -0.3096 0.2551 -0.1814 -0.1059 -0.1552 -0.3064 0.9332
1305031470.3276 -0.3654 0.3205 -0.1961 -0.1309 -0.1511 -0.2934 0.9349
1305031470.4957 -0.4272 0.3793 -0.2120 -0.1396 -0.1549 -0.2844 0.9358
1305031470.6277 -0.4712 0.4102 -0.2246 -0.1453 -0.1515 -0.2766 0.9378
1305031470.8278 -0.5310 0.4412 -0.2313 -0.1516 -0.1409 -0.2565 0.9441
1305031470.8596 -0.5404 0.4435 -0.2337 -0.1477 -0.1414 -0.2522 0.9458
1305031470.8957 -0.5501 0.4464 -0.2375 -0.1443 -0.1418 -0.2471 0.9476
1305031470.9277 -0.5598 0.4490 -0.2382 -0.1403 -0.1449 -0.2434 0.9487
1305031470.9596 -0.5697 0.4483 -0.2407 -0.1324 -0.1489 -0.2405 0.9500
1305031470.9960 -0.5760 0.4492 -0.2443 -0.1241 -0.1511 -0.2374 0.9515
1305031471.0276 -0.5845 0.4476 -0.2463 -0.1166 -0.1503 -0.2351 0.9532
1305031471.0596 -0.5940 0.4467 -0.2507 -0.1078 -0.1473 -0.2305 0.9558
1305031471.0958 -0.6027 0.4487 -0.2554 -0.0993 -0.1457 -0.2233 0.9587
1305031471.1277 -0.6105 0.4474 -0.2584 -0.0946 -0.1464 -0.2166 0.9606
1305031471.1596 -0.6153 0.4474 -0.2625 -0.0892 -0.1467 -0.2099 0.9625
1305031471.1957 -0.6204 0.4483 -0.2656 -0.0864 -0.1443 -0.2036 0.9645
1305031471.2276 -0.6281 0.4494 -0.2680 -0.0861 -0.1401 -0.1988 0.9662
1305031471.2597 -0.6353 0.4478 -0.2687 -0.0878 -0.1380 -0.1956 0.9669
1305031471.2961 -0.6409 0.4456 -0.2690 -0.0877 -0.1365 -0.1911 0.9681
1305031471.3276 -0.6430 0.4454 -0.2715 -0.0835 -0.1338 -0.1875 0.9695
1305031471.3596 -0.6461 0.4466 -0.2745 -0.0817 -0.1263 -0.1848 0.9712
1305031471.3957 -0.6553 0.4426 -0.2751 -0.0831 -0.1175 -0.1803 0.9730
1305031471.4277 -0.6632 0.4435 -0.2802 -0.0791 -0.1130 -0.1733 0.9752
1305031471.4596 -0.6668 0.4449 -0.2841 -0.0781 -0.1133 -0.1680 0.9761
1305031471.5597 -0.6765 0.4442 -0.2919 -0.0804 -0.1107 -0.1570 0.9781
1305031471.5957 -0.6791 0.4439 -0.2948 -0.0804 -0.1063 -0.1548 0.9789
1305031471.6276 -0.6816 0.4439 -0.2980 -0.0797 -0.1015 -0.1531 0.9797
1305031471.6596 -0.6842 0.4435 -0.3010 -0.0782 -0.0964 -0.1499 0.9809
1305031471.7958 -0.6884 0.4489 -0.3132 -0.0760 -0.0774 -0.1258 0.9861
1305031471.9956 -0.7021 0.4689 -0.3198 -0.0889 -0.0419 -0.0969 0.9904
1305031472.5636 -0.7426 0.4550 -0.3195 -0.0867 -0.0153 -0.0660 0.9939
1305031472.7956 -0.7316 0.4343 -0.3153 -0.0758 -0.0217 -0.0614 0.9950
