1305031453.4237 0.0043 0.0029 -0.0092 0.0013 0.0042 0.0093 0.9999
1305031453.4597 0.0095 0.0080 -0.0189 0.0053 0.0099 0.0182 0.9998
1305031453.4917 0.0114 0.0119 -0.0295 0.0092 0.0168 0.0285 0.9994
1305031453.5237 0.0114 0.0167 -0.0422 0.0158 0.0222 0.0374 0.9989
1305031453.5598 0.0125 0.0213 -0.0557 0.0225 0.0247 0.0441 0.9985
1305031453.5916 0.0126 0.0288 -0.0701 0.0302 0.0274 0.0485 0.9980
1305031453.6277 0.0050 0.0330 -0.0832 0.0366 0.0302 0.0527 0.9975
1305031453.6596 0.0009 0.0391 -0.0971 0.0439 0.0264 0.0512 0.9974
1305031453.6917 -0.0027 0.0503 -0.1124 0.0514 0.0208 0.0468 0.9974
1305031453.7277 -0.0108 0.0579 -0.1265 0.0555 0.0164 0.0420 0.9974
1305031453.7597 -0.0200 0.0627 -0.1387 0.0595 0.0082 0.0345 0.9976
1305031453.7917 -0.0241 0.0734 -0.1530 0.0646 -0.0019 0.0263 0.9976
1305031453.8278 -0.0351 0.0787 -0.1647 0.0668 -0.0084 0.0202 0.9975
1305031453.8597 -0.0472 0.0845 -0.1741 0.0682 -0.0206 0.0132 0.9974
1305031453.8917 -0.0599 0.0932 -0.1845 0.0683 -0.0362 0.0062 0.9970
1305031453.9277 -0.0727 0.0986 -0.1921 0.0657 -0.0542 0.0019 0.9964
1305031453.9596 -0.0796 0.1039 -0.2018 0.0635 -0.0708 -0.0079 0.9954
1305031453.9916 -0.0906 0.1054 -0.2034 0.0624 -0.0827 -0.0196 0.9944
1305031454.0277 -0.0993 0.1087 -0.2092 0.0651 -0.0957 -0.0292 0.9929
1305031454.0597 -0.1093 0.1130 -0.2158 0.0662 -0.1072 -0.0410 0.9912
1305031454.0917 -0.1243 0.1149 -0.2106 0.0678 -0.1183 -0.0554 0.9891
1305031454.1277 -0.1332 0.1178 -0.2068 0.0722 -0.1333 -0.0693 0.9860
1305031454.1597 -0.1381 0.1193 -0.2095 0.0719 -0.1501 -0.0811 0.9827
1305031454.1917 -0.1497 0.1199 -0.2106 0.0698 -0.1662 -0.0962 0.9789
1305031454.2277 -0.1627 0.1188 -0.2072 0.0729 -0.1825 -0.1151 0.9737
1305031454.2596 -0.1651 0.1205 -0.2055 0.0787 -0.1973 -0.1304 0.9684
1305031454.2916 -0.1731 0.1257 -0.2061 0.0778 -0.2046 -0.1410 0.9655
1305031454.3277 -0.1879 0.1242 -0.2124 0.0786 -0.2121 -0.1582 0.9611
1305031454.3596 -0.1941 0.1279 -0.2113 0.0860 -0.2237 -0.1730 0.9553
1305031454.3917 -0.2023 0.1331 -0.2147 0.0876 -0.2305 -0.1841 0.9515
1305031454.4275 -0.2162 0.1389 -0.2178 0.0901 -0.2402 -0.1994 0.9458
1305031454.4599 -0.2174 0.1406 -0.2190 0.0929 -0.2507 -0.2146 0.9394
1305031454.4916 -0.2243 0.1448 -0.2215 0.0949 -0.2546 -0.2306 0.9344
1305031454.5277 -0.2287 0.1514 -0.2248 0.0953 -0.2599 -0.2462 0.9289
1305031454.5596 -0.2359 0.1559 -0.2274 0.0920 -0.2646 -0.2592 0.9243
1305031454.5916 -0.2470 0.1603 -0.2300 0.0890 -0.2726 -0.2772 0.9170
1305031454.6276 -0.2512 0.1615 -0.2318 0.0862 -0.2847 -0.2918 0.9090
1305031454.6595 -0.2543 0.1695 -0.2309 0.0813 -0.2957 -0.2998 0.9034
1305031454.6919 -0.2646 0.1691 -0.2337 0.0722 -0.3061 -0.3101 0.8972
1305031454.7277 -0.2678 0.1680 -0.2269 0.0658 -0.3193 -0.3162 0.8909
1305031454.7597 -0.2658 0.1695 -0.2243 0.0588 -0.3256 -0.3146 0.8897
1305031454.7916 -0.2642 0.1739 -0.2241 0.0530 -0.3279 -0.3086 0.8913
1305031454.8276 -0.2591 0.1828 -0.2218 0.0490 -0.3293 -0.3028 0.8930
1305031454.8596 -0.2595 0.1851 -0.2208 0.0415 -0.3255 -0.2978 0.8964
1305031454.8918 -0.2569 0.1920 -0.2216 0.0376 -0.3202 -0.2915 0.9006
1305031454.9276 -0.2556 0.1994 -0.2234 0.0330 -0.3138 -0.2854 0.9050
1305031454.9596 -0.2567 0.2070 -0.2275 0.0292 -0.3075 -0.2794 0.9091
1305031454.9919 -0.2605 0.2144 -0.2343 0.0256 -0.3029 -0.2738 0.9125
1305031455.0278 -0.2608 0.2268 -0.2373 0.0261 -0.3019 -0.2709 0.9137
1305031455.0596 -0.2647 0.2337 -0.2395 0.0244 -0.2988 -0.2691 0.9153
1305031455.0917 -0.2691 0.2430 -0.2442 0.0270 -0.2950 -0.2686 0.9166
1305031455.1277 -0.2734 0.2540 -0.2493 0.0283 -0.2902 -0.2669 0.9186
1305031455.1597 -0.2816 0.2636 -0.2553 0.0268 -0.2849 -0.2625 0.9215
1305031455.1917 -0.2906 0.2715 -0.2596 0.0228 -0.2809 -0.2570 0.9244
1305031455.2276 -0.2998 0.2786 -0.2643 0.0219 -0.2772 -0.2516 0.9270
1305031455.2596 -0.3049 0.2929 -0.2688 0.0206 -0.2726 -0.2451 0.9302
1305031455.2918 -0.3179 0.2964 -0.2738 0.0107 -0.2659 -0.2359 0.9346
1305031455.3278 -0.3290 0.3070 -0.2826 0.0053 -0.2618 -0.2256 0.9384
1305031455.3596 -0.3344 0.3180 -0.2839 -0.0019 -0.2605 -0.2197 0.9402
1305031455.3917 -0.3450 0.3187 -0.2867 -0.0135 -0.2532 -0.2120 0.9438
1305031455.4276 -0.3595 0.3230 -0.2949 -0.0215 -0.2447 -0.2021 0.9481
1305031455.4596 -0.3735 0.3234 -0.3019 -0.0278 -0.2403 -0.1935 0.9508
1305031455.4916 -0.3844 0.3279 -0.3095 -0.0329 -0.2365 -0.1821 0.9538
1305031455.5276 -0.4018 0.3245 -0.3183 -0.0407 -0.2320 -0.1686 0.9571
1305031455.5597 -0.4179 0.3249 -0.3295 -0.0446 -0.2317 -0.1548 0.9594
1305031455.5916 -0.4290 0.3302 -0.3401 -0.0475 -0.2327 -0.1401 0.9612
1305031455.6276 -0.4440 0.3246 -0.3440 -0.0550 -0.2315 -0.1273 0.9629
1305031455.6596 -0.4599 0.3218 -0.3545 -0.0533 -0.2292 -0.1216 0.9643
1305031455.6916 -0.4735 0.3240 -0.3664 -0.0491 -0.2275 -0.1221 0.9648
1305031455.7276 -0.4870 0.3224 -0.3768 -0.0468 -0.2245 -0.1265 0.9651
1305031455.7597 -0.5006 0.3207 -0.3882 -0.0455 -0.2191 -0.1293 0.9660
1305031455.7917 -0.5158 0.3116 -0.4004 -0.0455 -0.2136 -0.1280 0.9674
1305031455.8276 -0.5290 0.3106 -0.4163 -0.0423 -0.2100 -0.1273 0.9685
1305031455.8595 -0.5405 0.3063 -0.4280 -0.0424 -0.2083 -0.1283 0.9687
1305031455.8917 -0.5505 0.3036 -0.4392 -0.0418 -0.2058 -0.1283 0.9692
1305031455.9280 -0.5613 0.2988 -0.4491 -0.0427 -0.2022 -0.1289 0.9699
1305031455.9597 -0.5706 0.2993 -0.4608 -0.0409 -0.1985 -0.1311 0.9704
1305031455.9917 -0.5786 0.2971 -0.4692 -0.0425 -0.1943 -0.1334 0.9709
1305031456.0278 -0.5873 0.3043 -0.4806 -0.0440 -0.1871 -0.1378 0.9716
1305031456.0597 -0.6003 0.2955 -0.4863 -0.0543 -0.1813 -0.1456 0.9711
1305031456.0917 -0.6117 0.2861 -0.4901 -0.0605 -0.1770 -0.1507 0.9707
1305031456.1276 -0.6216 0.2813 -0.4951 -0.0615 -0.1728 -0.1519 0.9712
1305031456.1597 -0.6305 0.2718 -0.4958 -0.0632 -0.1679 -0.1526 0.9719
1305031456.1917 -0.6387 0.2650 -0.4983 -0.0582 -0.1607 -0.1498 0.9738
1305031456.2277 -0.6441 0.2697 -0.5022 -0.0531 -0.1515 -0.1459 0.9762
1305031456.2917 -0.6693 0.2542 -0.5002 -0.0534 -0.1286 -0.1390 0.9805
1305031456.3277 -0.6800 0.2496 -0.4985 -0.0492 -0.1182 -0.1322 0.9829
1305031456.3916 -0.7018 0.2446 -0.4919 -0.0445 -0.0939 -0.1228 0.9870
1305031456.4277 -0.7193 0.2491 -0.4896 -0.0366 -0.0817 -0.1157 0.9892
1305031456.4917 -0.7568 0.2676 -0.4817 -0.0391 -0.0711 -0.1039 0.9913
1305031456.5276 -0.7686 0.2681 -0.4721 -0.0456 -0.0727 -0.0985 0.9914
1305031456.5917 -0.7888 0.2750 -0.4561 -0.0471 -0.0682 -0.0866 0.9928
1305031456.6276 -0.7992 0.2880 -0.4481 -0.0571 -0.0622 -0.0806 0.9932
1305031456.6916 -0.8345 0.2739 -0.4267 -0.0720 -0.0495 -0.0653 0.9940
1305031456.7277 -0.8496 0.2903 -0.4203 -0.0738 -0.0471 -0.0550 0.9946
1305031456.7916 -0.8823 0.2813 -0.4004 -0.0801 -0.0555 -0.0406 0.9944
1305031456.8276 -0.8879 0.2954 -0.3939 -0.0799 -0.0599 -0.0324 0.9945
1305031456.8917 -0.9071 0.2888 -0.3704 -0.0923 -0.0566 -0.0216 0.9939
1305031456.9277 -0.9197 0.2970 -0.3653 -0.0860 -0.0501 -0.0154 0.9949
1305031456.9597 -0.9335 0.3117 -0.3627 -0.0853 -0.0429 -0.0104 0.9954
1305031456.9917 -0.9472 0.3077 -0.3553 -0.0952 -0.0372 -0.0086 0.9947
1305031457.0276 -0.9600 0.3085 -0.3519 -0.0971 -0.0323 -0.0050 0.9947
1305031457.0917 -0.9838 0.3148 -0.3505 -0.1090 -0.0202 0.0037 0.9938
1305031457.1276 -0.9945 0.3070 -0.3495 -0.1138 -0.0141 0.0079 0.9934
1305031457.1917 -1.0203 0.3108 -0.3610 -0.1105 0.0019 0.0203 0.9937
1305031457.2275 -1.0339 0.3057 -0.3656 -0.1155 0.0094 0.0258 0.9929
1305031457.2917 -1.0585 0.2955 -0.3804 -0.1071 0.0249 0.0377 0.9932
1305031457.3275 -1.0725 0.2979 -0.3914 -0.1037 0.0357 0.0424 0.9931
1305031457.3917 -1.1025 0.2828 -0.4088 -0.1009 0.0596 0.0551 0.9916
1305031457.4276 -1.1233 0.2823 -0.4199 -0.0972 0.0702 0.0624 0.9908
1305031457.4917 -1.1524 0.2653 -0.4382 -0.0981 0.0765 0.0711 0.9897
1305031457.5276 -1.1642 0.2581 -0.4489 -0.0947 0.0798 0.0741 0.9895
1305031457.5597 -1.1781 0.2529 -0.4593 -0.0911 0.0852 0.0779 0.9891
1305031457.5917 -1.1956 0.2517 -0.4693 -0.0872 0.0909 0.0816 0.9887
1305031457.6275 -1.2099 0.2399 -0.4753 -0.0886 0.0938 0.0843 0.9881
1305031457.6596 -1.2244 0.2439 -0.4864 -0.0830 0.0958 0.0890 0.9879
1305031457.6916 -1.2384 0.2357 -0.4922 -0.0892 0.0967 0.0913 0.9871
1305031457.7277 -1.2491 0.2179 -0.4960 -0.0930 0.0975 0.0902 0.9868
1305031457.7596 -1.2610 0.2060 -0.5017 -0.0909 0.0994 0.0888 0.9869
1305031457.7916 -1.2680 0.1887 -0.5068 -0.0856 0.1027 0.0878 0.9871
1305031457.8277 -1.2805 0.1907 -0.5173 -0.0738 0.1099 0.0884 0.9872
1305031457.8596 -1.2922 0.1812 -0.5222 -0.0717 0.1178 0.0894 0.9864
1305031457.8916 -1.3048 0.1594 -0.5230 -0.0671 0.1251 0.0908 0.9857
1305031457.9276 -1.3206 0.1579 -0.5287 -0.0528 0.1295 0.0962 0.9855
1305031457.9916 -1.3404 0.1421 -0.5311 -0.0418 0.1298 0.1027 0.9853
1305031458.0278 -1.3495 0.1328 -0.5292 -0.0333 0.1325 0.1036 0.9852
1305031458.0597 -1.3639 0.1405 -0.5283 -0.0221 0.1375 0.1063 0.9845
1305031458.0917 -1.3778 0.1411 -0.5232 -0.0212 0.1421 0.1086 0.9836
1305031458.1276 -1.3892 0.1322 -0.5135 -0.0232 0.1454 0.1099 0.9830
1305031458.1596 -1.4002 0.1264 -0.5045 -0.0211 0.1467 0.1132 0.9824
1305031458.1916 -1.4100 0.1310 -0.4969 -0.0192 0.1445 0.1193 0.9821
1305031458.2276 -1.4197 0.1248 -0.4848 -0.0268 0.1406 0.1214 0.9822
1305031458.2599 -1.4315 0.0948 -0.4652 -0.0339 0.1386 0.1186 0.9826
1305031458.2917 -1.4430 0.0931 -0.4563 -0.0246 0.1329 0.1202 0.9835
1305031458.3276 -1.4510 0.0878 -0.4442 -0.0234 0.1255 0.1231 0.9841
1305031458.3596 -1.4584 0.0752 -0.4241 -0.0167 0.1211 0.1241 0.9847
1305031458.3916 -1.4648 0.0774 -0.4130 -0.0039 0.1167 0.1280 0.9849
1305031458.4276 -1.4672 0.0771 -0.3977 0.0041 0.1151 0.1366 0.9839
1305031458.4596 -1.4665 0.0699 -0.3823 0.0141 0.1181 0.1429 0.9826
1305031458.4917 -1.4687 0.0650 -0.3655 0.0341 0.1276 0.1422 0.9810
1305031458.5277 -1.4805 0.0801 -0.3484 0.0547 0.1385 0.1396 0.9790
1305031458.5596 -1.4885 0.0865 -0.3281 0.0634 0.1479 0.1374 0.9774
1305031458.5916 -1.5000 0.0890 -0.3054 0.0736 0.1553 0.1318 0.9763
1305031458.6277 -1.5120 0.1109 -0.2868 0.0797 0.1560 0.1283 0.9761
1305031458.6596 -1.5254 0.1084 -0.2719 0.0720 0.1525 0.1293 0.9772
1305031458.6917 -1.5288 0.1096 -0.2482 0.0664 0.1372 0.1235 0.9806
1305031458.7276 -1.5151 0.0962 -0.2274 0.0601 0.1183 0.1164 0.9843
1305031458.7599 -1.5226 0.0997 -0.2130 0.0663 0.1039 0.1064 0.9867
1305031458.7916 -1.5228 0.1117 -0.1984 0.0677 0.0880 0.0979 0.9890
1305031458.8276 -1.5162 0.1061 -0.1820 0.0595 0.0780 0.0965 0.9905
1305031458.8917 -1.5149 0.1007 -0.1600 0.0660 0.0748 0.0857 0.9913
1305031458.9276 -1.5267 0.1041 -0.1534 0.0649 0.0833 0.0908 0.9903
1305031458.9596 -1.5319 0.0958 -0.1471 0.0557 0.0891 0.1043 0.9890
1305031458.9916 -1.5389 0.0699 -0.1408 0.0526 0.0927 0.1114 0.9880
1305031459.0277 -1.5567 0.0617 -0.1367 0.0617 0.0912 0.1130 0.9875
1305031459.0596 -1.5743 0.0533 -0.1269 0.0692 0.0851 0.1234 0.9863
1305031459.1276 -1.7223 0.1324 -0.0812 0.1017 0.1603 0.0982 0.9769
1305031459.1596 -1.7229 0.1267 -0.0666 0.1096 0.1325 0.1015 0.9799
1305031459.1917 -1.7234 0.1249 -0.0529 0.1153 0.1113 0.1097 0.9810
1305031459.2276 -1.7254 0.1239 -0.0408 0.1176 0.0972 0.1214 0.9808
1305031459.2598 -1.7210 0.1316 -0.0235 0.1192 0.0925 0.1301 0.9800
1305031459.3276 -1.7261 0.1370 -0.0001 0.1166 0.1229 0.1590 0.9726
1305031459.3597 -1.7312 0.1476 0.0160 0.1236 0.1465 0.1778 0.9652
1305031459.3917 -1.7434 0.1745 0.0329 0.1269 0.1738 0.2004 0.9558
1305031459.4276 -1.7388 0.1800 0.0440 0.1171 0.2043 0.2366 0.9426
1305031459.4597 -1.7534 0.1768 0.0487 0.1164 0.2393 0.2755 0.9237
1305031459.5276 -1.7226 0.3597 0.2193 0.1838 0.2582 0.2358 0.9187
1305031459.5596 -1.7379 0.3518 0.2176 0.1791 0.2707 0.2668 0.9075
1305031459.5917 -1.7546 0.3538 0.2240 0.1789 0.2762 0.2866 0.8998
1305031459.6276 -1.7624 0.3491 0.2263 0.1744 0.2760 0.2989 0.8967
1305031459.6596 -1.7739 0.3531 0.2337 0.1757 0.2827 0.2993 0.8942
1305031459.6916 -1.7907 0.3502 0.2409 0.1711 0.2947 0.3057 0.8890
1305031459.7276 -1.8055 0.3357 0.2422 0.1645 0.3028 0.3119 0.8854
1305031459.7917 -1.8454 0.3120 0.2525 0.1645 0.3155 0.3068 0.8828
1305031459.8277 -1.8627 0.3030 0.2591 0.1635 0.3167 0.3046 0.8833
1305031459.8597 -1.8806 0.2932 0.2678 0.1595 0.3172 0.3036 0.8842
1305031459.8916 -1.8920 0.2796 0.2739 0.1541 0.3132 0.3072 0.8853
1305031459.9276 -1.9022 0.2672 0.2798 0.1532 0.3104 0.3102 0.8854
1305031459.9917 -1.9237 0.2447 0.2926 0.1485 0.3075 0.3183 0.8843
1305031460.0276 -1.9300 0.2301 0.2973 0.1469 0.3068 0.3222 0.8835
1305031460.0597 -1.9416 0.2165 0.3035 0.1474 0.3076 0.3241 0.8824
1305031460.0917 -1.9533 0.2013 0.3100 0.1493 0.3033 0.3309 0.8810
1305031460.1277 -1.9573 0.1870 0.3147 0.1540 0.2927 0.3399 0.8804
1305031460.1597 -1.9647 0.1795 0.3234 0.1611 0.2847 0.3457 0.8795
1305031460.1916 -1.9657 0.1721 0.3314 0.1613 0.2770 0.3520 0.8794
1305031460.2278 -1.9560 0.1617 0.3356 0.1611 0.2738 0.3563 0.8787
1305031460.2917 -1.9580 0.1401 0.3429 0.1631 0.2886 0.3574 0.8731
1305031460.3275 -1.9592 0.1281 0.3454 0.1641 0.2960 0.3600 0.8694
1305031460.3916 -1.9597 0.1082 0.3550 0.1605 0.3138 0.3684 0.8603
1305031460.4275 -1.9600 0.0971 0.3585 0.1598 0.3231 0.3741 0.8545
1305031460.4596 -1.9589 0.0918 0.3631 0.1591 0.3344 0.3786 0.8483
1305031460.4915 -1.9630 0.0847 0.3687 0.1546 0.3480 0.3863 0.8401
1305031460.5276 -1.9633 0.0718 0.3709 0.1480 0.3573 0.3982 0.8318
1305031460.5596 -1.9625 0.0581 0.3728 0.1414 0.3661 0.4041 0.8262
1305031460.5919 -1.9656 0.0473 0.3771 0.1380 0.3752 0.4061 0.8218
1305031460.6276 -1.9661 0.0353 0.3797 0.1350 0.3827 0.4096 0.8170
1305031460.6598 -1.9711 0.0241 0.3858 0.1335 0.3913 0.4097 0.8131
1305031460.6917 -1.9769 0.0136 0.3935 0.1308 0.3965 0.4116 0.8101
1305031460.7277 -1.9777 0.0034 0.3988 0.1258 0.3988 0.4125 0.8093
1305031460.7597 -1.9775 -0.0085 0.4035 0.1223 0.4037 0.4119 0.8077
1305031460.7917 -1.9820 -0.0208 0.4119 0.1195 0.4088 0.4116 0.8057
1305031460.8277 -1.9827 -0.0293 0.4197 0.1149 0.4109 0.4095 0.8064
1305031460.8597 -1.9815 -0.0377 0.4259 0.1086 0.4147 0.4078 0.8062
1305031460.8918 -1.9807 -0.0509 0.4329 0.1012 0.4200 0.4067 0.8049
1305031460.9276 -1.9810 -0.0627 0.4407 0.0959 0.4224 0.4073 0.8041
1305031460.9917 -1.9703 -0.0907 0.4483 0.0914 0.4254 0.4109 0.8012
1305031461.0276 -1.9676 -0.1035 0.4548 0.0927 0.4275 0.4120 0.7993
1305031461.0917 -1.9652 -0.1190 0.4696 0.0955 0.4268 0.4107 0.8000
1305031461.1276 -1.9576 -0.1300 0.4715 0.0927 0.4261 0.4093 0.8015
1305031461.1597 -1.9538 -0.1422 0.4769 0.0943 0.4280 0.4073 0.8013
1305031461.1920 -1.9518 -0.1458 0.4830 0.0977 0.4290 0.4019 0.8031
1305031461.2276 -1.9487 -0.1526 0.4881 0.0979 0.4305 0.3996 0.8034
1305031461.2596 -1.9440 -0.1620 0.4932 0.0985 0.4314 0.3963 0.8044
1305031461.2917 -1.9398 -0.1658 0.4982 0.1002 0.4324 0.3897 0.8069
1305031461.3278 -1.9343 -0.1667 0.5030 0.1016 0.4350 0.3844 0.8079
1305031461.3597 -1.9337 -0.1651 0.5125 0.0988 0.4400 0.3806 0.8073
1305031461.3917 -1.9222 -0.1771 0.5151 0.0896 0.4392 0.3839 0.8073
1305031461.4276 -1.9149 -0.1811 0.5177 0.0888 0.4399 0.3821 0.8078
1305031461.4598 -1.9125 -0.1780 0.5218 0.0866 0.4400 0.3835 0.8073
1305031461.4917 -1.8977 -0.1916 0.5167 0.0804 0.4383 0.3874 0.8071
1305031461.5277 -1.8964 -0.1893 0.5181 0.0864 0.4404 0.3838 0.8071
1305031461.5597 -1.8912 -0.1846 0.5132 0.0857 0.4415 0.3800 0.8083
1305031461.5917 -1.8881 -0.1819 0.5103 0.0858 0.4488 0.3762 0.8060
1305031461.6275 -1.8852 -0.1773 0.5098 0.0840 0.4546 0.3764 0.8029
1305031461.6596 -1.8810 -0.1740 0.5087 0.0822 0.4590 0.3769 0.8003
1305031461.6916 -1.8794 -0.1659 0.5085 0.0827 0.4612 0.3823 0.7965
1305031461.7276 -1.8722 -0.1624 0.5041 0.0800 0.4605 0.3889 0.7939
1305031461.7597 -1.8714 -0.1520 0.5003 0.0809 0.4619 0.3910 0.7920
1305031461.7916 -1.8681 -0.1423 0.4961 0.0773 0.4632 0.3956 0.7893
1305031461.8276 -1.8641 -0.1344 0.4917 0.0756 0.4666 0.4006 0.7849
1305031461.8598 -1.8657 -0.1185 0.4921 0.0771 0.4708 0.4067 0.7791
1305031461.8917 -1.8666 -0.1063 0.4947 0.0748 0.4725 0.4187 0.7719
1305031461.9278 -1.8609 -0.1002 0.4923 0.0669 0.4702 0.4297 0.7680
1305031461.9597 -1.8564 -0.0842 0.4836 0.0624 0.4717 0.4326 0.7658
1305031461.9916 -1.8641 -0.0698 0.4890 0.0578 0.4799 0.4398 0.7570
1305031462.0277 -1.8643 -0.0683 0.4927 0.0480 0.4797 0.4534 0.7497
1305031462.0598 -1.8649 -0.0633 0.4941 0.0447 0.4744 0.4664 0.7453
1305031462.0918 -1.8650 -0.0552 0.4920 0.0425 0.4674 0.4777 0.7426
1305031462.1277 -1.8672 -0.0454 0.4901 0.0406 0.4631 0.4868 0.7395
1305031462.1596 -1.8683 -0.0416 0.4902 0.0360 0.4611 0.4940 0.7363
1305031462.1916 -1.8731 -0.0318 0.4914 0.0328 0.4611 0.4931 0.7370
1305031462.2276 -1.8791 -0.0229 0.4933 0.0276 0.4618 0.4940 0.7362
1305031462.2598 -1.8828 -0.0192 0.4969 0.0194 0.4617 0.4936 0.7367
1305031462.2916 -1.8886 -0.0111 0.5004 0.0128 0.4600 0.4899 0.7404
1305031462.3275 -1.8934 -0.0011 0.5028 0.0052 0.4584 0.4846 0.7450
1305031462.3597 -1.9038 0.0136 0.5112 -0.0006 0.4596 0.4762 0.7497
1305031462.3917 -1.9023 0.0086 0.5184 -0.0102 0.4612 0.4738 0.7502
1305031462.4276 -1.9016 0.0038 0.5243 -0.0146 0.4638 0.4725 0.7493
1305031462.4599 -1.9040 -0.0051 0.5782 -0.0299 0.4875 0.4565 0.7437
1305031462.4920 -1.8941 -0.0210 0.6290 -0.0504 0.5054 0.4483 0.7356
1305031462.5277 -1.8911 -0.0205 0.6226 -0.0523 0.5010 0.4496 0.7376
1305031462.5599 -1.8896 -0.0200 0.6177 -0.0533 0.4984 0.4503 0.7389
1305031462.5919 -1.8873 -0.0198 0.6116 -0.0549 0.4951 0.4512 0.7405
1305031462.6279 -1.8840 -0.0211 0.6045 -0.0575 0.4911 0.4531 0.7418
1305031462.6597 -1.8810 -0.0245 0.5964 -0.0611 0.4872 0.4546 0.7431
1305031462.6925 -1.8777 -0.0265 0.5872 -0.0644 0.4823 0.4558 0.7453
1305031462.7277 -1.8721 -0.0340 0.5768 -0.0705 0.4768 0.4594 0.7461
1305031462.7598 -1.8680 -0.0382 0.5663 -0.0760 0.4713 0.4602 0.7485
1305031462.7919 -1.8648 -0.0451 0.5623 -0.0831 0.4683 0.4602 0.7497
1305031462.8278 -1.8636 -0.0481 0.5611 -0.0865 0.4674 0.4596 0.7503
1305031462.8598 -1.8592 -0.0578 0.5570 -0.0940 0.4650 0.4612 0.7498
1305031462.8918 -1.8568 -0.0630 0.5546 -0.0981 0.4636 0.4620 0.7497
1305031462.9276 -1.8547 -0.0680 0.5533 -0.1018 0.4628 0.4628 0.7492
1305031462.9597 -1.8538 -0.0695 0.5512 -0.1032 0.4620 0.4630 0.7494
1305031462.9955 -1.8537 -0.0672 0.5486 -0.1028 0.4609 0.4623 0.7505
1305031463.0277 -1.8536 -0.0629 0.5441 -0.1022 0.4587 0.4609 0.7528
1305031463.0598 -1.8532 -0.0577 0.5395 -0.1015 0.4561 0.4592 0.7555
1305031463.0958 -1.8530 -0.0589 0.5355 -0.1032 0.4544 0.4576 0.7573
1305031463.1275 -1.8532 -0.0570 0.5335 -0.1035 0.4532 0.4557 0.7591
1305031463.1598 -1.8535 -0.0543 0.5311 -0.1032 0.4519 0.4539 0.7610
1305031463.1957 -1.8536 -0.0523 0.5285 -0.1033 0.4505 0.4524 0.7627
1305031463.2278 -1.8533 -0.0490 0.5273 -0.1030 0.4494 0.4510 0.7643
1305031463.2600 -1.8547 -0.0454 0.5280 -0.1016 0.4498 0.4492 0.7653
1305031463.2957 -1.8563 -0.0459 0.5275 -0.1016 0.4508 0.4480 0.7654
1305031463.3277 -1.8584 -0.0449 0.5274 -0.1010 0.4516 0.4459 0.7662
1305031463.3598 -1.8608 -0.0407 0.5269 -0.0995 0.4520 0.4430 0.7678
1305031463.3956 -1.8633 -0.0405 0.5208 -0.0988 0.4516 0.4407 0.7695
1305031463.4277 -1.8644 -0.0403 0.5167 -0.0993 0.4513 0.4387 0.7707
1305031463.4598 -1.8628 -0.0170 0.4892 -0.0984 0.4474 0.4307 0.7776
1305031463.4956 -1.8658 -0.0131 0.4825 -0.1003 0.4527 0.4286 0.7754
1305031463.5277 -1.8681 0.0057 0.4750 -0.0983 0.4618 0.4192 0.7754
1305031463.5598 -1.8696 0.0138 0.4604 -0.0936 0.4653 0.4184 0.7744
1305031463.5956 -1.8702 0.0277 0.4513 -0.0910 0.4660 0.4155 0.7758
1305031463.6276 -1.8648 0.0380 0.4449 -0.0907 0.4696 0.4073 0.7781
1305031463.6598 -1.8647 0.0426 0.4294 -0.0839 0.4741 0.4008 0.7795
1305031463.6956 -1.8695 0.0524 0.4166 -0.0795 0.4771 0.3935 0.7818
1305031463.7276 -1.8596 0.0548 0.3985 -0.0827 0.4768 0.3895 0.7836
1305031463.7597 -1.8477 0.0488 0.3706 -0.0822 0.4764 0.3855 0.7859
1305031463.7956 -1.8472 0.0507 0.3505 -0.0795 0.4794 0.3743 0.7898
1305031463.8278 -1.8400 0.0483 0.3268 -0.0833 0.4782 0.3655 0.7943
1305031463.8599 -1.8313 0.0405 0.3031 -0.0862 0.4786 0.3566 0.7977
1305031463.8956 -1.8292 0.0390 0.2827 -0.0848 0.4803 0.3469 0.8011
1305031463.9277 -1.8251 0.0341 0.2643 -0.0858 0.4789 0.3420 0.8040
1305031463.9597 -1.8176 0.0261 0.2434 -0.0863 0.4744 0.3375 0.8085
1305031463.9958 -1.8138 0.0201 0.2221 -0.0842 0.4714 0.3306 0.8133
1305031464.0277 -1.8128 0.0173 0.2020 -0.0840 0.4685 0.3226 0.8182
1305031464.0597 -1.8048 0.0069 0.1799 -0.0872 0.4661 0.3151 0.8221
1305031464.0956 -1.8040 0.0001 0.1621 -0.0859 0.4677 0.3055 0.8249
1305031464.1277 -1.8061 -0.0064 0.1507 -0.0839 0.4685 0.2999 0.8267
1305031464.1598 -1.8024 -0.0195 0.1388 -0.0804 0.4658 0.2981 0.8293
1305031464.1956 -1.8013 -0.0288 0.1266 -0.0714 0.4612 0.2926 0.8346
1305031464.2276 -1.8077 -0.0294 0.1161 -0.0596 0.4546 0.2864 0.8413
1305031464.2596 -1.8122 -0.0297 0.1056 -0.0512 0.4431 0.2838 0.8488
1305031464.2957 -1.8106 -0.0298 0.0901 -0.0472 0.4275 0.2794 0.8585
1305031464.3279 -1.8050 -0.0299 0.0706 -0.0447 0.4139 0.2738 0.8670
1305031464.3597 -1.7975 -0.0347 0.0525 -0.0416 0.4047 0.2685 0.8732
1305031464.3956 -1.7928 -0.0310 0.0306 -0.0373 0.3986 0.2586 0.8791
1305031464.4276 -1.7905 -0.0294 0.0139 -0.0376 0.3980 0.2482 0.8824
1305031464.4597 -1.7870 -0.0356 -0.0018 -0.0379 0.3960 0.2400 0.8856
1305031464.4956 -1.7816 -0.0353 -0.0232 -0.0369 0.3930 0.2329 0.8888
1305031464.5276 -1.7820 -0.0347 -0.0404 -0.0368 0.3933 0.2245 0.8908
1305031464.5597 -1.7754 -0.0399 -0.0624 -0.0426 0.3897 0.2139 0.8947
1305031464.5957 -1.7606 -0.0589 -0.0912 -0.0465 0.3912 0.2031 0.8964
1305031464.6277 -1.7561 -0.0647 -0.1132 -0.0408 0.4019 0.1911 0.8946
1305031464.6597 -1.7523 -0.0745 -0.1321 -0.0379 0.4126 0.1756 0.8930
1305031464.6957 -1.7432 -0.0948 -0.1450 -0.0337 0.4227 0.1569 0.8920
1305031464.7277 -1.7460 -0.0962 -0.1495 -0.0207 0.4305 0.1355 0.8921
1305031464.7597 -1.7474 -0.0874 -0.1584 -0.0117 0.4300 0.1138 0.8956
1305031464.7960 -1.7439 -0.0955 -0.1573 -0.0098 0.4258 0.0958 0.8997
1305031464.8278 -1.7410 -0.0946 -0.1551 -0.0012 0.4153 0.0805 0.9061
1305031464.8597 -1.7349 -0.0819 -0.1621 0.0044 0.3986 0.0642 0.9149
1305031464.8958 -1.7210 -0.0770 -0.1713 -0.0008 0.3806 0.0457 0.9236
1305031464.9278 -1.7000 -0.0954 -0.1773 -0.0111 0.3661 0.0274 0.9301
1305031464.9598 -1.6786 -0.1078 -0.1819 -0.0141 0.3582 0.0096 0.9335
1305031464.9957 -1.6607 -0.1040 -0.1857 -0.0126 0.3543 -0.0104 0.9350
1305031465.0278 -1.6460 -0.0999 -0.1765 -0.0143 0.3529 -0.0323 0.9350
1305031465.0597 -1.6382 -0.0756 -0.1593 -0.0096 0.3480 -0.0528 0.9360
1305031465.0957 -1.6230 -0.0288 -0.1565 -0.0112 0.3345 -0.0684 0.9398
1305031465.1277 -1.6005 -0.0120 -0.1509 -0.0302 0.3193 -0.0781 0.9439
1305031465.1598 -1.5798 -0.0049 -0.1381 -0.0485 0.3071 -0.0819 0.9469
1305031465.1956 -1.5575 0.0030 -0.1294 -0.0621 0.2952 -0.0852 0.9496
1305031465.2279 -1.5365 0.0223 -0.1240 -0.0727 0.2853 -0.0875 0.9517
1305031465.2598 -1.5179 0.0266 -0.1092 -0.0853 0.2774 -0.0848 0.9532
1305031465.2956 -1.5009 0.0435 -0.1031 -0.0863 0.2696 -0.0744 0.9562
1305031465.3277 -1.4851 0.0619 -0.0981 -0.0882 0.2593 -0.0601 0.9599
1305031465.3599 -1.4696 0.0672 -0.0911 -0.0902 0.2463 -0.0464 0.9639
1305031465.3956 -1.4475 0.0736 -0.0976 -0.0867 0.2293 -0.0352 0.9688
1305031465.4277 -1.4237 0.0839 -0.1084 -0.0811 0.2157 -0.0246 0.9728
1305031465.4601 -1.4065 0.1012 -0.1188 -0.0737 0.2060 -0.0122 0.9757
1305031465.4957 -1.3890 0.1193 -0.1308 -0.0718 0.1963 -0.0025 0.9779
1305031465.5276 -1.3706 0.1181 -0.1367 -0.0751 0.1871 0.0023 0.9795
1305031465.5598 -1.3518 0.1280 -0.1513 -0.0678 0.1783 0.0066 0.9816
1305031465.5956 -1.3343 0.1437 -0.1675 -0.0599 0.1740 0.0133 0.9828
1305031465.6277 -1.3260 0.1584 -0.1794 -0.0531 0.1722 0.0213 0.9834
1305031465.6601 -1.3143 0.1704 -0.1926 -0.0473 0.1642 0.0289 0.9849
1305031465.6957 -1.2917 0.1849 -0.2099 -0.0401 0.1556 0.0339 0.9864
1305031465.7277 -1.2764 0.2012 -0.2248 -0.0308 0.1529 0.0410 0.9869
1305031465.7598 -1.2620 0.2215 -0.2404 -0.0212 0.1493 0.0475 0.9874
1305031465.7959 -1.2438 0.2381 -0.2543 -0.0149 0.1462 0.0523 0.9878
1305031465.8280 -1.2264 0.2502 -0.2680 -0.0062 0.1431 0.0562 0.9881
1305031465.8599 -1.2104 0.2792 -0.2848 0.0074 0.1416 0.0568 0.9883
1305031465.8955 -1.1905 0.3031 -0.2989 0.0115 0.1451 0.0573 0.9877
1305031465.9275 -1.1733 0.3144 -0.3109 0.0156 0.1522 0.0570 0.9866
1305031465.9597 -1.1604 0.3358 -0.3262 0.0262 0.1602 0.0526 0.9853
1305031465.9958 -1.1552 0.3576 -0.3397 0.0328 0.1680 0.0468 0.9841
1305031466.0276 -1.1464 0.3810 -0.3536 0.0387 0.1703 0.0437 0.9837
1305031466.0598 -1.1393 0.4059 -0.3660 0.0384 0.1727 0.0443 0.9832
1305031466.0958 -1.1342 0.4219 -0.3787 0.0336 0.1719 0.0463 0.9835
1305031466.1276 -1.1266 0.4380 -0.3926 0.0282 0.1673 0.0476 0.9843
1305031466.1604 -1.1235 0.4524 -0.4084 0.0236 0.1630 0.0508 0.9850
1305031466.1958 -1.1213 0.4691 -0.4253 0.0172 0.1552 0.0532 0.9863
1305031466.2280 -1.1114 0.4776 -0.4419 0.0054 0.1453 0.0509 0.9881
1305031466.2598 -1.0946 0.4776 -0.4598 -0.0006 0.1401 0.0442 0.9892
1305031466.2957 -1.0826 0.4886 -0.4806 -0.0000 0.1432 0.0315 0.9892
1305031466.3277 -1.0764 0.5003 -0.5009 -0.0014 0.1526 0.0213 0.9881
1305031466.3598 -1.0726 0.5054 -0.5195 -0.0086 0.1614 0.0165 0.9867
1305031466.3958 -1.0684 0.4969 -0.5355 -0.0128 0.1653 0.0133 0.9861
1305031466.4278 -1.0662 0.5077 -0.5543 -0.0064 0.1641 0.0076 0.9864
1305031466.4598 -1.0575 0.5198 -0.5726 -0.0064 0.1586 0.0037 0.9873
1305031466.4958 -1.0406 0.5261 -0.5890 -0.0107 0.1531 0.0039 0.9882
1305031466.5275 -1.0198 0.5291 -0.6041 -0.0135 0.1525 0.0044 0.9882
1305031466.5604 -1.0096 0.5416 -0.6192 -0.0146 0.1567 0.0023 0.9875
1305031466.5959 -0.9952 0.5515 -0.6327 -0.0227 0.1566 0.0010 0.9874
1305031466.6275 -0.9713 0.5411 -0.6434 -0.0329 0.1559 -0.0003 0.9872
1305031466.6597 -0.9566 0.5468 -0.6556 -0.0277 0.1586 -0.0068 0.9869
1305031466.6958 -0.9468 0.5641 -0.6689 -0.0260 0.1584 -0.0154 0.9869
1305031466.7281 -0.9280 0.5664 -0.6790 -0.0345 0.1541 -0.0225 0.9872
1305031466.7596 -0.9084 0.5606 -0.6870 -0.0360 0.1526 -0.0300 0.9872
1305031466.7956 -0.8975 0.5709 -0.6998 -0.0296 0.1513 -0.0367 0.9874
1305031466.8279 -0.8839 0.5775 -0.7110 -0.0324 0.1462 -0.0390 0.9880
1305031466.8597 -0.8721 0.5736 -0.7162 -0.0354 0.1406 -0.0366 0.9888
1305031466.8957 -0.8626 0.5729 -0.7295 -0.0329 0.1291 -0.0372 0.9904
1305031466.9278 -0.8498 0.5728 -0.7432 -0.0333 0.1146 -0.0391 0.9921
1305031466.9597 -0.8348 0.5705 -0.7517 -0.0336 0.1048 -0.0406 0.9931
1305031466.9957 -0.8209 0.5708 -0.7639 -0.0335 0.0995 -0.0439 0.9935
1305031467.0278 -0.8076 0.5713 -0.7738 -0.0340 0.0948 -0.0478 0.9938
1305031467.0597 -0.7939 0.5721 -0.7843 -0.0347 0.0917 -0.0519 0.9938
1305031467.0957 -0.7804 0.5729 -0.7947 -0.0379 0.0897 -0.0560 0.9937
1305031467.1290 -0.7688 0.5732 -0.8011 -0.0394 0.0860 -0.0662 0.9933
1305031467.1597 -0.7565 0.5742 -0.8092 -0.0391 0.0819 -0.0739 0.9931
1305031467.1957 -0.7465 0.5744 -0.8178 -0.0390 0.0767 -0.0778 0.9932
1305031467.2277 -0.7356 0.5752 -0.8254 -0.0392 0.0695 -0.0831 0.9933
1305031467.2597 -0.7246 0.5766 -0.8325 -0.0380 0.0639 -0.0884 0.9933
1305031467.2958 -0.7143 0.5775 -0.8417 -0.0371 0.0581 -0.0949 0.9931
1305031467.3280 -0.7034 0.5789 -0.8514 -0.0368 0.0517 -0.0994 0.9930
1305031467.3597 -0.6922 0.5823 -0.8618 -0.0395 0.0446 -0.1001 0.9932
1305031467.3958 -0.6817 0.5844 -0.8707 -0.0451 0.0371 -0.1040 0.9929
1305031467.4278 -0.6707 0.5845 -0.8787 -0.0469 0.0310 -0.1072 0.9927
1305031467.4597 -0.6604 0.5851 -0.8900 -0.0472 0.0240 -0.1081 0.9927
1305031467.4961 -0.6490 0.5874 -0.9024 -0.0517 0.0164 -0.1125 0.9922
1305031467.5277 -0.6363 0.5911 -0.9083 -0.0561 0.0126 -0.1186 0.9913
1305031467.5598 -0.6232 0.5897 -0.9134 -0.0562 0.0109 -0.1207 0.9910
1305031467.5960 -0.6112 0.5879 -0.9204 -0.0566 0.0088 -0.1183 0.9913
1305031467.6275 -0.6003 0.5801 -0.9220 -0.0552 0.0040 -0.1150 0.9918
1305031467.6596 -0.5883 0.5771 -0.9258 -0.0482 -0.0012 -0.1131 0.9924
1305031467.6959 -0.5781 0.5752 -0.9294 -0.0458 -0.0043 -0.1166 0.9921
1305031467.7275 -0.5682 0.5696 -0.9230 -0.0424 -0.0063 -0.1230 0.9915
1305031467.7599 -0.5562 0.5670 -0.9192 -0.0361 -0.0086 -0.1262 0.9913
1305031467.7961 -0.5461 0.5672 -0.9145 -0.0312 -0.0112 -0.1306 0.9909
1305031467.8278 -0.5370 0.5615 -0.9012 -0.0259 -0.0133 -0.1325 0.9908
1305031467.8597 -0.5271 0.5560 -0.8915 -0.0180 -0.0173 -0.1306 0.9911
1305031467.8959 -0.5178 0.5547 -0.8836 -0.0120 -0.0242 -0.1314 0.9910
1305031467.9278 -0.5061 0.5481 -0.8682 -0.0090 -0.0322 -0.1353 0.9902
1305031467.9598 -0.4940 0.5394 -0.8539 -0.0028 -0.0377 -0.1382 0.9897
1305031467.9958 -0.4803 0.5440 -0.8429 0.0027 -0.0404 -0.1423 0.9890
1305031468.0281 -0.4710 0.5317 -0.8237 -0.0004 -0.0409 -0.1454 0.9885
1305031468.0598 -0.4635 0.5190 -0.8086 0.0034 -0.0427 -0.1489 0.9879
1305031468.0959 -0.4513 0.5182 -0.7962 0.0071 -0.0466 -0.1516 0.9873
1305031468.1278 -0.4399 0.5055 -0.7781 0.0050 -0.0494 -0.1526 0.9870
1305031468.1599 -0.4288 0.4967 -0.7635 0.0070 -0.0517 -0.1563 0.9863
1305031468.1960 -0.4162 0.4890 -0.7486 0.0070 -0.0531 -0.1604 0.9856
1305031468.2282 -0.4049 0.4739 -0.7332 0.0049 -0.0528 -0.1605 0.9856
1305031468.2598 -0.3926 0.4617 -0.7196 0.0051 -0.0515 -0.1594 0.9859
1305031468.2958 -0.3833 0.4475 -0.7071 0.0041 -0.0490 -0.1601 0.9859
1305031468.3278 -0.3729 0.4257 -0.6943 0.0044 -0.0473 -0.1586 0.9862
1305031468.3598 -0.3636 0.4174 -0.6872 0.0097 -0.0441 -0.1553 0.9868
1305031468.3959 -0.3575 0.4088 -0.6812 0.0083 -0.0418 -0.1550 0.9870
1305031468.4280 -0.3518 0.3837 -0.6723 0.0018 -0.0419 -0.1541 0.9872
1305031468.4598 -0.3435 0.3693 -0.6658 0.0018 -0.0427 -0.1514 0.9876
1305031468.4958 -0.3369 0.3559 -0.6585 -0.0004 -0.0414 -0.1516 0.9876
1305031468.5278 -0.3372 0.3313 -0.6510 -0.0035 -0.0392 -0.1567 0.9869
1305031468.5597 -0.3376 0.3133 -0.6462 0.0011 -0.0396 -0.1657 0.9854
1305031468.5958 -0.3372 0.3048 -0.6454 0.0038 -0.0404 -0.1720 0.9843
1305031468.6276 -0.3380 0.2890 -0.6376 -0.0025 -0.0418 -0.1720 0.9842
1305031468.6596 -0.3451 0.2621 -0.6311 -0.0070 -0.0446 -0.1722 0.9840
1305031468.6958 -0.3488 0.2451 -0.6251 -0.0034 -0.0510 -0.1760 0.9831
1305031468.7278 -0.3489 0.2338 -0.6199 0.0014 -0.0578 -0.1775 0.9824
1305031468.7596 -0.3501 0.2208 -0.6125 0.0028 -0.0625 -0.1781 0.9820
1305031468.7958 -0.3539 0.1998 -0.6052 0.0046 -0.0652 -0.1834 0.9809
1305031468.8292 -0.3566 0.1882 -0.6000 0.0119 -0.0676 -0.1906 0.9793
1305031468.8597 -0.3523 0.1853 -0.5930 0.0153 -0.0686 -0.1954 0.9782
1305031468.8959 -0.3526 0.1715 -0.5857 0.0114 -0.0641 -0.1970 0.9782
1305031468.9281 -0.3534 0.1629 -0.5796 0.0079 -0.0582 -0.1935 0.9793
1305031468.9596 -0.3569 0.1626 -0.5765 0.0030 -0.0511 -0.1893 0.9806
1305031468.9957 -0.3587 0.1720 -0.5742 -0.0084 -0.0471 -0.1902 0.9806
1305031469.0277 -0.3621 0.1585 -0.5637 -0.0300 -0.0444 -0.1934 0.9797
1305031469.0598 -0.3678 0.1476 -0.5549 -0.0454 -0.0427 -0.1970 0.9784
1305031469.0957 -0.3599 0.1463 -0.5445 -0.0569 -0.0446 -0.2052 0.9761
1305031469.1277 -0.3540 0.1374 -0.5304 -0.0717 -0.0403 -0.2132 0.9735
1305031469.1597 -0.3524 0.1312 -0.5180 -0.0833 -0.0325 -0.2192 0.9716
1305031469.1955 -0.3545 0.1226 -0.5045 -0.0933 -0.0231 -0.2232 0.9700
1305031469.2278 -0.3611 0.1198 -0.4939 -0.0989 -0.0154 -0.2252 0.9692
1305031469.2596 -0.3585 0.1198 -0.4828 -0.1041 -0.0135 -0.2284 0.9679
1305031469.2968 -0.3569 0.1188 -0.4698 -0.1095 -0.0091 -0.2299 0.9670
1305031469.3276 -0.3557 0.1242 -0.4591 -0.1140 -0.0058 -0.2303 0.9664
1305031469.3596 -0.3454 0.1238 -0.4446 -0.1213 -0.0038 -0.2343 0.9645
1305031469.3957 -0.3416 0.1230 -0.4305 -0.1241 0.0066 -0.2403 0.9627
1305031469.4277 -0.3405 0.1325 -0.4197 -0.1230 0.0187 -0.2468 0.9610
1305031469.4597 -0.3425 0.1411 -0.4059 -0.1242 0.0289 -0.2544 0.9586
1305031469.4957 -0.3490 0.1523 -0.3911 -0.1247 0.0365 -0.2581 0.9573
1305031469.5276 -0.3473 0.1657 -0.3804 -0.1264 0.0368 -0.2573 0.9573
1305031469.5596 -0.3421 0.1771 -0.3681 -0.1313 0.0354 -0.2565 0.9569
1305031469.5958 -0.3371 0.1909 -0.3561 -0.1371 0.0348 -0.2541 0.9568
1305031469.6278 -0.3328 0.1976 -0.3439 -0.1473 0.0357 -0.2522 0.9557
1305031469.6596 -0.3337 0.2041 -0.3287 -0.1547 0.0402 -0.2514 0.9546
1305031469.6956 -0.3304 0.2176 -0.3176 -0.1576 0.0436 -0.2495 0.9545
1305031469.7277 -0.3304 0.2293 -0.3050 -0.1628 0.0488 -0.2474 0.9539
1305031469.7596 -0.3309 0.2462 -0.2942 -0.1666 0.0539 -0.2431 0.9541
1305031469.7956 -0.3373 0.2621 -0.2800 -0.1724 0.0578 -0.2399 0.9536
1305031469.8275 -0.3400 0.2772 -0.2693 -0.1767 0.0570 -0.2363 0.9538
1305031469.8596 -0.3453 0.2927 -0.2585 -0.1829 0.0567 -0.2328 0.9535
1305031469.8958 -0.3508 0.3068 -0.2485 -0.1879 0.0564 -0.2292 0.9534
1305031469.9279 -0.3602 0.3211 -0.2371 -0.1923 0.0570 -0.2257 0.9533
1305031469.9598 -0.3679 0.3371 -0.2284 -0.1934 0.0549 -0.2229 0.9539
1305031469.9956 -0.3763 0.3531 -0.2211 -0.1945 0.0538 -0.2203 0.9543
1305031470.0277 -0.3878 0.3653 -0.2141 -0.1987 0.0532 -0.2202 0.9535
1305031470.0596 -0.3970 0.3802 -0.2081 -0.2006 0.0525 -0.2193 0.9534
1305031470.0959 -0.4061 0.3959 -0.2041 -0.2005 0.0525 -0.2165 0.9540
1305031470.1276 -0.4163 0.4107 -0.2015 -0.2035 0.0525 -0.2126 0.9543
1305031470.1596 -0.4289 0.4270 -0.1957 -0.2051 0.0531 -0.2091 0.9547
1305031470.1961 -0.4402 0.4421 -0.1930 -0.2050 0.0519 -0.2052 0.9556
1305031470.2276 -0.4518 0.4553 -0.1910 -0.2076 0.0520 -0.2011 0.9559
1305031470.2600 -0.4640 0.4689 -0.1881 -0.2105 0.0528 -0.1974 0.9560
1305031470.2957 -0.4748 0.4824 -0.1850 -0.2145 0.0531 -0.1937 0.9559
1305031470.3276 -0.4883 0.4948 -0.1814 -0.2202 0.0542 -0.1894 0.9554
1305031470.3596 -0.5028 0.5046 -0.1780 -0.2257 0.0543 -0.1839 0.9551
1305031470.3958 -0.5169 0.5137 -0.1749 -0.2301 0.0537 -0.1798 0.9549
1305031470.4276 -0.5310 0.5187 -0.1709 -0.2352 0.0517 -0.1804 0.9537
1305031470.4597 -0.5475 0.5169 -0.1670 -0.2427 0.0511 -0.1811 0.9517
1305031470.4957 -0.5602 0.5245 -0.1658 -0.2416 0.0495 -0.1796 0.9523
1305031470.5277 -0.5721 0.5315 -0.1647 -0.2414 0.0483 -0.1798 0.9524
1305031470.5597 -0.5844 0.5389 -0.1630 -0.2420 0.0495 -0.1791 0.9523
1305031470.5958 -0.5964 0.5439 -0.1613 -0.2431 0.0507 -0.1759 0.9526
1305031470.6277 -0.6075 0.5501 -0.1590 -0.2449 0.0521 -0.1713 0.9529
1305031470.6597 -0.6194 0.5539 -0.1564 -0.2472 0.0537 -0.1672 0.9529
1305031470.6956 -0.6299 0.5613 -0.1536 -0.2479 0.0538 -0.1634 0.9534
1305031470.7277 -0.6383 0.5642 -0.1490 -0.2485 0.0522 -0.1612 0.9537
1305031470.7597 -0.6461 0.5678 -0.1489 -0.2482 0.0553 -0.1586 0.9540
1305031470.7956 -0.6550 0.5736 -0.1448 -0.2485 0.0609 -0.1538 0.9544
1305031470.8278 -0.6647 0.5766 -0.1412 -0.2446 0.0624 -0.1491 0.9560
1305031470.8596 -0.6743 0.5784 -0.1394 -0.2392 0.0628 -0.1453 0.9580
1305031470.8957 -0.6850 0.5826 -0.1388 -0.2326 0.0637 -0.1408 0.9602
1305031470.9277 -0.6944 0.5833 -0.1354 -0.2280 0.0615 -0.1369 0.9620
1305031470.9596 -0.7039 0.5835 -0.1335 -0.2177 0.0586 -0.1356 0.9648
1305031470.9960 -0.7107 0.5858 -0.1339 -0.2068 0.0572 -0.1349 0.9673
1305031471.0276 -0.7184 0.5833 -0.1320 -0.1988 0.0586 -0.1341 0.9691
1305031471.0596 -0.7278 0.5833 -0.1316 -0.1876 0.0624 -0.1315 0.9714
1305031471.0958 -0.7367 0.5861 -0.1323 -0.1761 0.0649 -0.1263 0.9741
1305031471.1277 -0.7445 0.5849 -0.1313 -0.1690 0.0651 -0.1207 0.9760
1305031471.1596 -0.7504 0.5851 -0.1324 -0.1615 0.0660 -0.1158 0.9778
1305031471.1957 -0.7560 0.5860 -0.1325 -0.1570 0.0691 -0.1103 0.9790
1305031471.2276 -0.7636 0.5861 -0.1311 -0.1559 0.0735 -0.1053 0.9794
1305031471.2597 -0.7703 0.5831 -0.1283 -0.1574 0.0758 -0.1017 0.9794
1305031471.2961 -0.7757 0.5797 -0.1261 -0.1567 0.0782 -0.0976 0.9797
1305031471.3276 -0.7783 0.5793 -0.1275 -0.1519 0.0813 -0.0954 0.9804
1305031471.3596 -0.7823 0.5804 -0.1287 -0.1498 0.0890 -0.0936 0.9802
1305031471.3957 -0.7902 0.5731 -0.1251 -0.1522 0.0979 -0.0880 0.9795
1305031471.4277 -0.7980 0.5740 -0.1259 -0.1461 0.1024 -0.0815 0.9806
1305031471.4596 -0.8028 0.5756 -0.1274 -0.1433 0.1025 -0.0767 0.9814
1305031471.4965 -0.8078 0.5740 -0.1274 -0.1442 0.1036 -0.0723 0.9815
1305031471.5276 -0.8130 0.5732 -0.1282 -0.1437 0.1050 -0.0678 0.9817
1305031471.5597 -0.8168 0.5731 -0.1305 -0.1434 0.1068 -0.0666 0.9816
1305031471.5957 -0.8211 0.5716 -0.1324 -0.1436 0.1117 -0.0647 0.9812
1305031471.6276 -0.8255 0.5689 -0.1347 -0.1442 0.1169 -0.0630 0.9806
1305031471.6596 -0.8306 0.5643 -0.1373 -0.1441 0.1228 -0.0592 0.9801
1305031471.6956 -0.8331 0.5597 -0.1407 -0.1447 0.1262 -0.0539 0.9799
1305031471.7275 -0.8365 0.5562 -0.1420 -0.1473 0.1304 -0.0498 0.9792
1305031471.7597 -0.8364 0.5571 -0.1427 -0.1465 0.1340 -0.0436 0.9791
1305031471.7958 -0.8410 0.5569 -0.1457 -0.1449 0.1421 -0.0387 0.9784
1305031471.8276 -0.8435 0.5582 -0.1487 -0.1463 0.1454 -0.0347 0.9779
1305031471.8597 -0.8455 0.5603 -0.1477 -0.1490 0.1504 -0.0252 0.9770
1305031471.8956 -0.8482 0.5609 -0.1485 -0.1513 0.1544 -0.0205 0.9761
1305031471.9277 -0.8507 0.5648 -0.1485 -0.1551 0.1601 -0.0155 0.9747
1305031471.9596 -0.8504 0.5659 -0.1438 -0.1579 0.1663 -0.0117 0.9733
1305031471.9956 -0.8563 0.5695 -0.1459 -0.1570 0.1750 -0.0097 0.9719
1305031472.0276 -0.8590 0.5726 -0.1454 -0.1597 0.1789 -0.0067 0.9708
1305031472.0597 -0.8623 0.5763 -0.1399 -0.1622 0.1850 -0.0023 0.9692
1305031472.0956 -0.8653 0.5789 -0.1401 -0.1614 0.1893 0.0021 0.9686
1305031472.1276 -0.8702 0.5831 -0.1363 -0.1654 0.1938 0.0075 0.9670
1305031472.1596 -0.8753 0.5828 -0.1282 -0.1687 0.1974 0.0095 0.9656
1305031472.1957 -0.8791 0.5806 -0.1245 -0.1660 0.2001 0.0132 0.9655
1305031472.2276 -0.8854 0.5888 -0.1247 -0.1581 0.2044 0.0122 0.9660
1305031472.2638 -0.8876 0.5872 -0.1237 -0.1557 0.2061 0.0107 0.9660
1305031472.2957 -0.8938 0.5905 -0.1236 -0.1457 0.2115 0.0054 0.9665
1305031472.3277 -0.8883 0.6233 -0.1318 -0.1125 0.2068 0.0050 0.9719
1305031472.3636 -0.8897 0.6256 -0.1319 -0.1103 0.2069 0.0060 0.9721
1305031472.3956 -0.8897 0.6246 -0.1301 -0.1095 0.2046 0.0078 0.9727
1305031472.4277 -0.8897 0.6218 -0.1296 -0.1080 0.2015 0.0077 0.9735
1305031472.4636 -0.8897 0.6186 -0.1307 -0.1075 0.2003 0.0057 0.9738
1305031472.4956 -0.8894 0.6164 -0.1315 -0.1082 0.2020 0.0050 0.9734
1305031472.5276 -0.8878 0.6108 -0.1298 -0.1091 0.2032 0.0064 0.9730
1305031472.5636 -0.8871 0.6066 -0.1301 -0.1044 0.2024 0.0075 0.9737
1305031472.5957 -0.8872 0.6067 -0.1326 -0.0990 0.2016 0.0090 0.9744
1305031472.6277 -0.8852 0.6032 -0.1327 -0.0994 0.2004 0.0108 0.9746
1305031472.6636 -0.8828 0.5987 -0.1321 -0.0995 0.1995 0.0122 0.9748
1305031472.6958 -0.8806 0.5950 -0.1319 -0.0981 0.1984 0.0135 0.9751
1305031472.7276 -0.8787 0.5910 -0.1317 -0.0966 0.1974 0.0129 0.9755
1305031472.7636 -0.8767 0.5882 -0.1321 -0.0953 0.1972 0.0110 0.9756
1305031472.7956 -0.8750 0.5850 -0.1310 -0.0943 0.1982 0.0092 0.9756
1305031472.8276 -0.8738 0.5834 -0.1301 -0.0915 0.1989 0.0088 0.9757
1305031472.8636 -0.8736 0.5837 -0.1293 -0.0882 0.1992 0.0096 0.9759
1305031472.8957 -0.8733 0.5834 -0.1286 -0.0873 0.1981 0.0118 0.9762
1305031472.9277 -0.8708 0.5810 -0.1275 -0.0880 0.1963 0.0134 0.9765
1305031472.9638 -0.8704 0.5817 -0.1271 -0.0864 0.1967 0.0145 0.9765
1305031472.9957 -0.8703 0.5812 -0.1256 -0.0871 0.1962 0.0157 0.9766
1305031473.0276 -0.8697 0.5816 -0.1249 -0.0871 0.1947 0.0159 0.9769
1305031473.0637 -0.8682 0.5790 -0.1242 -0.0893 0.1937 0.0148 0.9769
1305031473.0957 -0.8679 0.5787 -0.1243 -0.0891 0.1945 0.0126 0.9768
1305031473.1277 -0.8689 0.5779 -0.1229 -0.0896 0.1963 0.0113 0.9764
1305031473.1671 -0.8694 0.5761 -0.1223 -0.0895 0.1959 0.0113 0.9765
1305031473.1961 -0.8684 0.5753 -0.1230 -0.0886 0.1946 0.0110 0.9768
