1305031453.3917 0.0000 0.0000 0.0000 0.0000 0.0000 0.0000 1.0000
1305031453.5237 0.0114 0.0175 -0.0394 0.0163 0.0221 0.0370 0.9989
1305031453.6277 0.0057 0.0348 -0.0816 0.0375 0.0298 0.0515 0.9975
1305031453.7277 -0.0129 0.0617 -0.1276 0.0569 0.0169 0.0402 0.9974
1305031453.8278 -0.0399 0.0842 -0.1654 0.0684 -0.0069 0.0177 0.9975
1305031453.9277 -0.0780 0.1049 -0.1964 0.0670 -0.0512 -0.0021 0.9964
1305031453.9596 -0.0806 0.1090 -0.2030 0.0643 -0.0696 -0.0107 0.9954
1305031453.9916 -0.0915 0.1091 -0.2005 0.0625 -0.0813 -0.0216 0.9945
1305031454.0277 -0.0996 0.1123 -0.2041 0.0649 -0.0943 -0.0313 0.9929
1305031454.0597 -0.1037 0.1161 -0.2043 0.0661 -0.1069 -0.0412 0.9912
1305031454.0917 -0.1027 0.1181 -0.1925 0.0676 -0.1208 -0.0510 0.9891
1305031454.1277 -0.1015 0.1171 -0.1827 0.0709 -0.1380 -0.0635 0.9858
1305031454.1597 -0.1031 0.1195 -0.1830 0.0712 -0.1548 -0.0747 0.9825
1305031454.1917 -0.1139 0.1186 -0.1770 0.0692 -0.1704 -0.0880 0.9790
1305031454.2277 -0.1297 0.1223 -0.1696 0.0731 -0.1852 -0.1043 0.9744
1305031454.2596 -0.1279 0.1221 -0.1755 0.0770 -0.1983 -0.1168 0.9701
1305031454.2916 -0.1355 0.1236 -0.1722 0.0755 -0.2060 -0.1277 0.9672
1305031454.3277 -0.1551 0.1255 -0.1732 0.0774 -0.2116 -0.1441 0.9636
1305031454.3596 -0.1634 0.1311 -0.1775 0.0843 -0.2190 -0.1552 0.9596
1305031454.3917 -0.1728 0.1323 -0.1769 0.0852 -0.2257 -0.1670 0.9560
1305031454.4275 -0.1895 0.1389 -0.1744 0.0886 -0.2351 -0.1822 0.9506
1305031454.4599 -0.1920 0.1387 -0.1710 0.0911 -0.2458 -0.1970 0.9447
1305031454.4916 -0.2002 0.1408 -0.1702 0.0927 -0.2496 -0.2129 0.9401
1305031454.5277 -0.2088 0.1482 -0.1661 0.0939 -0.2544 -0.2272 0.9353
1305031454.5596 -0.2193 0.1529 -0.1579 0.0933 -0.2547 -0.2297 0.9347
1305031454.5916 -0.2296 0.1570 -0.1540 0.0932 -0.2541 -0.2325 0.9342
1305031454.6276 -0.2347 0.1610 -0.1530 0.0941 -0.2533 -0.2333 0.9341
1305031454.6595 -0.2375 0.1623 -0.1508 0.0938 -0.2533 -0.2335 0.9341
1305031454.6919 -0.2417 0.1626 -0.1467 0.0926 -0.2537 -0.2337 0.9340
1305031454.7277 -0.2520 0.1678 -0.1403 0.0916 -0.2550 -0.2346 0.9335
1305031454.7597 -0.2473 0.1680 -0.1349 0.0856 -0.2634 -0.2323 0.9324
1305031454.7916 -0.2465 0.1693 -0.1314 0.0803 -0.2670 -0.2268 0.9332
1305031454.8276 -0.2408 0.1756 -0.1263 0.0770 -0.2701 -0.2215 0.9338
1305031454.8596 -0.2405 0.1795 -0.1233 0.0706 -0.2676 -0.2156 0.9364
1305031454.8918 -0.2391 0.1861 -0.1229 0.0666 -0.2632 -0.2089 0.9395
1305031454.9276 -0.2397 0.1942 -0.1237 0.0625 -0.2575 -0.2028 0.9427
1305031454.9596 -0.2444 0.2030 -0.1270 0.0592 -0.2511 -0.1969 0.9459
1305031454.9919 -0.2514 0.2114 -0.1311 0.0566 -0.2470 -0.1912 0.9483
1305031455.0278 -0.2533 0.2224 -0.1342 0.0566 -0.2462 -0.1880 0.9491
1305031455.0596 -0.2589 0.2289 -0.1352 0.0548 -0.2432 -0.1859 0.9504
1305031455.0917 -0.2658 0.2363 -0.1391 0.0567 -0.2392 -0.1854 0.9514
1305031455.1277 -0.2736 0.2475 -0.1446 0.0582 -0.2333 -0.1838 0.9531
1305031455.1597 -0.2851 0.2566 -0.1495 0.0571 -0.2277 -0.1792 0.9554
1305031455.1917 -0.2965 0.2636 -0.1519 0.0534 -0.2238 -0.1732 0.9576
1305031455.2276 -0.3069 0.2682 -0.1560 0.0524 -0.2204 -0.1677 0.9594
1305031455.2596 -0.3149 0.2803 -0.1614 0.0508 -0.2156 -0.1613 0.9617
1305031455.2918 -0.3304 0.2841 -0.1640 0.0422 -0.2093 -0.1515 0.9651
1305031455.3278 -0.3439 0.2923 -0.1705 0.0371 -0.2062 -0.1408 0.9676
1305031455.3596 -0.3501 0.3000 -0.1721 0.0292 -0.2059 -0.1341 0.9689
1305031455.3917 -0.3619 0.3001 -0.1732 0.0181 -0.1995 -0.1255 0.9717
1305031455.4276 -0.3783 0.3038 -0.1787 0.0110 -0.1917 -0.1151 0.9746
1305031455.4596 -0.3931 0.3031 -0.1840 0.0058 -0.1878 -0.1064 0.9764
1305031455.4916 -0.4065 0.3073 -0.1911 0.0020 -0.1841 -0.0953 0.9783
1305031455.5276 -0.4245 0.3039 -0.1974 -0.0037 -0.1803 -0.0821 0.9802
1305031455.5597 -0.4425 0.3034 -0.2074 -0.0058 -0.1801 -0.0690 0.9812
1305031455.5916 -0.4559 0.3072 -0.2183 -0.0072 -0.1813 -0.0547 0.9819
1305031455.6596 -0.4855 0.2942 -0.2293 -0.0120 -0.1792 -0.0360 0.9831
1305031455.6916 -0.5001 0.2946 -0.2404 -0.0077 -0.1772 -0.0370 0.9834
1305031455.7276 -0.5136 0.2906 -0.2500 -0.0061 -0.1740 -0.0417 0.9838
1305031455.7597 -0.5280 0.2875 -0.2611 -0.0050 -0.1682 -0.0449 0.9847
1305031455.7917 -0.5419 0.2769 -0.2722 -0.0052 -0.1631 -0.0439 0.9856
1305031455.8276 -0.5567 0.2745 -0.2874 -0.0020 -0.1589 -0.0436 0.9863
1305031455.8595 -0.5683 0.2692 -0.2983 -0.0019 -0.1574 -0.0450 0.9865
1305031455.8917 -0.5782 0.2653 -0.3096 -0.0016 -0.1550 -0.0452 0.9869
1305031455.9280 -0.5875 0.2596 -0.3176 -0.0026 -0.1523 -0.0460 0.9873
1305031455.9597 -0.5975 0.2589 -0.3294 -0.0012 -0.1485 -0.0484 0.9877
1305031455.9917 -0.6074 0.2565 -0.3370 -0.0028 -0.1438 -0.0504 0.9883
1305031456.0278 -0.6187 0.2612 -0.3489 -0.0057 -0.1365 -0.0547 0.9891
1305031456.0597 -0.6306 0.2542 -0.3509 -0.0152 -0.1316 -0.0622 0.9892
1305031456.0917 -0.6413 0.2455 -0.3518 -0.0210 -0.1278 -0.0671 0.9893
1305031456.1276 -0.6510 0.2393 -0.3567 -0.0225 -0.1235 -0.0684 0.9897
1305031456.1597 -0.6555 0.2273 -0.3548 -0.0253 -0.1201 -0.0685 0.9901
1305031456.1917 -0.6638 0.2193 -0.3577 -0.0207 -0.1121 -0.0659 0.9913
1305031456.2277 -0.6720 0.2241 -0.3636 -0.0157 -0.1016 -0.0620 0.9928
1305031456.2917 -0.6942 0.2053 -0.3592 -0.0170 -0.0789 -0.0543 0.9953
1305031456.3277 -0.7034 0.1983 -0.3561 -0.0135 -0.0685 -0.0471 0.9964
1305031456.3916 -0.7232 0.1903 -0.3469 -0.0099 -0.0442 -0.0372 0.9983
1305031456.4277 -0.7421 0.1901 -0.3446 -0.0030 -0.0310 -0.0305 0.9991
1305031456.4917 -0.7809 0.2011 -0.3328 -0.0057 -0.0212 -0.0189 0.9996
1305031456.5276 -0.7931 0.1994 -0.3215 -0.0115 -0.0230 -0.0135 0.9996
1305031456.5917 -0.8131 0.2001 -0.3051 -0.0133 -0.0186 -0.0014 0.9997
1305031456.6276 -0.8243 0.2101 -0.2955 -0.0235 -0.0139 0.0050 0.9996
1305031456.6916 -0.8544 0.1898 -0.2689 -0.0384 -0.0032 0.0208 0.9990
1305031456.8276 -0.9103 0.1996 -0.2323 -0.0433 -0.0137 0.0528 0.9976
1305031457.0917 -0.9999 0.2025 -0.1759 -0.0726 0.0202 0.0918 0.9929
1305031457.2917 -1.0706 0.1724 -0.1979 -0.0732 0.0625 0.1276 0.9872
1305031457.3917 -1.1139 0.1541 -0.2219 -0.0693 0.0968 0.1456 0.9821
1305031457.4917 -1.1607 0.1321 -0.2482 -0.0666 0.1117 0.1610 0.9784
1305031457.5597 -1.1860 0.1164 -0.2679 -0.0602 0.1207 0.1680 0.9765
1305031457.6275 -1.2161 0.0996 -0.2812 -0.0580 0.1289 0.1740 0.9746
1305031457.6916 -1.2460 0.0931 -0.2966 -0.0579 0.1314 0.1805 0.9730
1305031457.7596 -1.2644 0.0599 -0.3035 -0.0606 0.1344 0.1781 0.9729
1305031457.7916 -1.2696 0.0409 -0.3074 -0.0562 0.1388 0.1773 0.9727
1305031457.8277 -1.2840 0.0419 -0.3183 -0.0446 0.1471 0.1779 0.9720
1305031457.8916 -1.3053 0.0063 -0.3200 -0.0402 0.1635 0.1775 0.9696
1305031457.9276 -1.3248 0.0009 -0.3243 -0.0265 0.1701 0.1809 0.9683
1305031457.9916 -1.3440 -0.0162 -0.3247 -0.0150 0.1715 0.1857 0.9674
1305031458.0278 -1.3510 -0.0293 -0.3227 -0.0077 0.1750 0.1863 0.9668
1305031458.0597 -1.3673 -0.0256 -0.3229 0.0028 0.1807 0.1887 0.9653
1305031458.0917 -1.3806 -0.0264 -0.3163 0.0036 0.1850 0.1905 0.9641
1305031458.1276 -1.3902 -0.0366 -0.3072 0.0014 0.1881 0.1906 0.9635
1305031458.1596 -1.4019 -0.0471 -0.2987 0.0026 0.1903 0.1926 0.9626
1305031458.1916 -1.4145 -0.0441 -0.2883 0.0049 0.1895 0.1963 0.9621
1305031458.2276 -1.4221 -0.0466 -0.2716 -0.0001 0.1857 0.1977 0.9625
1305031458.2599 -1.4242 -0.0703 -0.2477 -0.0052 0.1829 0.1942 0.9637
1305031458.2917 -1.4389 -0.0750 -0.2371 0.0047 0.1794 0.1941 0.9644
1305031458.3276 -1.4435 -0.0791 -0.2221 0.0075 0.1720 0.1961 0.9653
1305031458.3596 -1.4430 -0.0866 -0.1957 0.0158 0.1675 0.1958 0.9661
1305031458.3916 -1.4492 -0.0892 -0.1855 0.0282 0.1641 0.1991 0.9657
1305031458.4276 -1.4488 -0.0900 -0.1709 0.0369 0.1620 0.2077 0.9640
1305031458.4596 -1.4427 -0.0973 -0.1538 0.0472 0.1644 0.2149 0.9615
1305031458.4917 -1.4427 -0.1046 -0.1377 0.0661 0.1752 0.2132 0.9589
1305031458.5277 -1.4561 -0.0902 -0.1181 0.0872 0.1880 0.2100 0.9555
1305031458.5596 -1.4613 -0.0875 -0.0978 0.0943 0.1974 0.2077 0.9534
1305031458.5916 -1.4675 -0.0896 -0.0763 0.1024 0.2046 0.2012 0.9525
1305031458.6277 -1.4812 -0.0717 -0.0566 0.1077 0.2059 0.1971 0.9524
1305031458.6596 -1.4888 -0.0756 -0.0347 0.1009 0.2020 0.1977 0.9539
1305031458.6917 -1.4861 -0.0752 -0.0079 0.0966 0.1863 0.1919 0.9587
1305031458.7276 -1.4652 -0.0824 0.0151 0.0934 0.1673 0.1842 0.9640
1305031458.7599 -1.4740 -0.0834 0.0316 0.0995 0.1555 0.1741 0.9673
1305031458.7916 -1.4765 -0.0768 0.0443 0.1002 0.1408 0.1672 0.9707
1305031458.8276 -1.4672 -0.0805 0.0607 0.0936 0.1306 0.1658 0.9730
1305031458.8917 -1.4616 -0.0869 0.0811 0.0997 0.1277 0.1558 0.9744
1305031458.9276 -1.4724 -0.0867 0.0865 0.0975 0.1350 0.1617 0.9727
1305031458.9596 -1.4736 -0.0959 0.0933 0.0889 0.1387 0.1742 0.9708
1305031458.9916 -1.4719 -0.1170 0.1008 0.0874 0.1402 0.1791 0.9699
1305031459.0277 -1.4876 -0.1256 0.1067 0.0975 0.1390 0.1778 0.9693
1305031459.0596 -1.5037 -0.1394 0.1189 0.1056 0.1334 0.1869 0.9675
1305031459.1276 -1.5262 -0.1528 0.0950 0.1304 0.0902 0.2023 0.9664
1305031459.1596 -1.5353 -0.1587 0.0996 0.1409 0.0649 0.2036 0.9667
1305031459.1917 -1.5460 -0.1615 0.1023 0.1479 0.0464 0.2092 0.9655
1305031459.2276 -1.5523 -0.1634 0.1085 0.1507 0.0325 0.2197 0.9633
1305031459.2598 -1.5534 -0.1592 0.1203 0.1512 0.0277 0.2301 0.9610
1305031459.3276 -1.5619 -0.1579 0.1430 0.1438 0.0561 0.2608 0.9530
1305031459.3597 -1.5749 -0.1531 0.1538 0.1462 0.0809 0.2810 0.9450
1305031459.3917 -1.5929 -0.1337 0.1702 0.1442 0.1071 0.3061 0.9349
1305031459.4276 -1.5918 -0.1298 0.1838 0.1288 0.1362 0.3426 0.9206
1305031459.4597 -1.6087 -0.1347 0.1866 0.1221 0.1713 0.3794 0.9010
1305031459.5276 -1.6412 -0.1216 0.2029 0.1032 0.2089 0.4384 0.8680
1305031459.5596 -1.6567 -0.1346 0.2013 0.0939 0.2235 0.4619 0.8532
1305031459.5917 -1.6760 -0.1399 0.2043 0.0910 0.2303 0.4779 0.8428
1305031459.6276 -1.6839 -0.1466 0.2074 0.0863 0.2306 0.4875 0.8377
1305031459.6596 -1.6968 -0.1483 0.2125 0.0860 0.2376 0.4879 0.8355
1305031459.6916 -1.7117 -0.1582 0.2178 0.0783 0.2492 0.4925 0.8302
1305031459.7276 -1.7201 -0.1763 0.2206 0.0699 0.2568 0.4955 0.8268
1305031459.7917 -1.7480 -0.2128 0.2282 0.0678 0.2697 0.4889 0.8268
1305031459.8277 -1.7609 -0.2279 0.2332 0.0668 0.2708 0.4866 0.8279
1305031459.8597 -1.7749 -0.2444 0.2397 0.0628 0.2705 0.4853 0.8291
1305031459.8916 -1.7801 -0.2615 0.2452 0.0578 0.2654 0.4887 0.8291
1305031459.9276 -1.7847 -0.2775 0.2501 0.0572 0.2624 0.4919 0.8282
1305031459.9917 -1.7978 -0.3061 0.2615 0.0529 0.2591 0.4990 0.8253
1305031460.0276 -1.7989 -0.3227 0.2659 0.0511 0.2584 0.5023 0.8236
1305031460.0597 -1.8061 -0.3405 0.2713 0.0512 0.2600 0.5038 0.8222
1305031460.0917 -1.8120 -0.3612 0.2780 0.0527 0.2569 0.5101 0.8192
1305031460.1277 -1.8117 -0.3771 0.2829 0.0587 0.2482 0.5192 0.8157
1305031460.1597 -1.8173 -0.3889 0.2891 0.0665 0.2418 0.5260 0.8127
1305031460.1916 -1.8157 -0.3959 0.2980 0.0679 0.2341 0.5324 0.8106
1305031460.2278 -1.8033 -0.4030 0.3057 0.0679 0.2312 0.5368 0.8086
1305031460.2917 -1.7989 -0.4247 0.3139 0.0668 0.2470 0.5368 0.8040
1305031460.3275 -1.7977 -0.4378 0.3172 0.0660 0.2557 0.5385 0.8002
1305031460.3916 -1.7928 -0.4574 0.3286 0.0584 0.2737 0.5444 0.7908
1305031460.4275 -1.7897 -0.4689 0.3329 0.0553 0.2836 0.5488 0.7844
1305031460.4596 -1.7876 -0.4750 0.3378 0.0519 0.2954 0.5523 0.7778
1305031460.4915 -1.7909 -0.4848 0.3424 0.0440 0.3089 0.5574 0.7694
1305031460.5276 -1.7865 -0.4962 0.3449 0.0350 0.3173 0.5666 0.7596
1305031460.5596 -1.7802 -0.5058 0.3482 0.0273 0.3246 0.5703 0.7541
1305031460.5919 -1.7802 -0.5183 0.3522 0.0216 0.3335 0.5708 0.7500
1305031460.6276 -1.7756 -0.5289 0.3553 0.0170 0.3404 0.5729 0.7454
1305031460.6598 -1.7764 -0.5421 0.3591 0.0134 0.3483 0.5720 0.7425
1305031460.6917 -1.7793 -0.5549 0.3651 0.0094 0.3529 0.5727 0.7399
1305031460.7277 -1.7755 -0.5625 0.3718 0.0044 0.3539 0.5729 0.7392
1305031460.7597 -1.7706 -0.5735 0.3773 -0.0001 0.3582 0.5717 0.7382
1305031460.7917 -1.7720 -0.5862 0.3843 -0.0036 0.3624 0.5705 0.7370
1305031460.8277 -1.7703 -0.5937 0.3929 -0.0081 0.3636 0.5682 0.7382
1305031460.8597 -1.7668 -0.6005 0.4010 -0.0146 0.3664 0.5660 0.7384
1305031460.8918 -1.7625 -0.6124 0.4094 -0.0229 0.3705 0.5638 0.7378
1305031460.9276 -1.7596 -0.6240 0.4204 -0.0289 0.3729 0.5630 0.7370
1305031460.9917 -1.7391 -0.6417 0.4340 -0.0331 0.3756 0.5654 0.7336
1305031461.0276 -1.7325 -0.6510 0.4425 -0.0322 0.3781 0.5657 0.7321
1305031461.0917 -1.7274 -0.6628 0.4567 -0.0285 0.3774 0.5645 0.7336
1305031461.1276 -1.7158 -0.6679 0.4620 -0.0304 0.3762 0.5633 0.7350
1305031461.1597 -1.7072 -0.6744 0.4699 -0.0287 0.3781 0.5608 0.7361
1305031461.1920 -1.7043 -0.6767 0.4753 -0.0251 0.3791 0.5566 0.7388
1305031461.2276 -1.6999 -0.6821 0.4810 -0.0251 0.3807 0.5543 0.7397
1305031461.2596 -1.6921 -0.6854 0.4857 -0.0235 0.3804 0.5513 0.7421
1305031461.2917 -1.6876 -0.6873 0.4916 -0.0213 0.3816 0.5458 0.7456
1305031461.3278 -1.6819 -0.6856 0.4955 -0.0200 0.3835 0.5418 0.7476
1305031461.3597 -1.6844 -0.6863 0.5024 -0.0238 0.3875 0.5379 0.7483
1305031461.3917 -1.6712 -0.6913 0.5118 -0.0322 0.3865 0.5392 0.7476
1305031461.4276 -1.6638 -0.6926 0.5148 -0.0330 0.3870 0.5376 0.7484
1305031461.4598 -1.6638 -0.6899 0.5189 -0.0355 0.3869 0.5389 0.7474
1305031461.4917 -1.6457 -0.6935 0.5197 -0.0405 0.3847 0.5412 0.7467
1305031461.5277 -1.6459 -0.6919 0.5176 -0.0348 0.3871 0.5386 0.7475
1305031461.5597 -1.6405 -0.6826 0.5126 -0.0348 0.3870 0.5359 0.7496
1305031461.5917 -1.6388 -0.6804 0.5084 -0.0362 0.3942 0.5322 0.7484
1305031461.6275 -1.6371 -0.6757 0.5058 -0.0394 0.3987 0.5319 0.7460
1305031461.6596 -1.6351 -0.6723 0.5043 -0.0425 0.4030 0.5317 0.7437
1305031461.6916 -1.6371 -0.6689 0.5016 -0.0442 0.4053 0.5366 0.7388
1305031461.7276 -1.6308 -0.6610 0.4989 -0.0468 0.4042 0.5420 0.7353
1305031461.7597 -1.6336 -0.6552 0.4915 -0.0474 0.4053 0.5447 0.7327
1305031461.7916 -1.6331 -0.6461 0.4871 -0.0520 0.4060 0.5486 0.7291
1305031461.8276 -1.6319 -0.6378 0.4824 -0.0549 0.4093 0.5526 0.7240
1305031461.8598 -1.6399 -0.6280 0.4781 -0.0560 0.4134 0.5576 0.7177
1305031461.8917 -1.6461 -0.6205 0.4753 -0.0610 0.4139 0.5675 0.7091
1305031461.9278 -1.6437 -0.6099 0.4738 -0.0676 0.4101 0.5767 0.7033
1305031461.9597 -1.6444 -0.5935 0.4649 -0.0721 0.4109 0.5793 0.7002
1305031461.9916 -1.6593 -0.5881 0.4666 -0.0805 0.4187 0.5836 0.6911
1305031462.0277 -1.6599 -0.5899 0.4714 -0.0928 0.4177 0.5940 0.6812
1305031462.0598 -1.6628 -0.5875 0.4731 -0.0969 0.4128 0.6052 0.6737
1305031462.0918 -1.6658 -0.5783 0.4693 -0.0973 0.4053 0.6161 0.6683
1305031462.1277 -1.6712 -0.5689 0.4674 -0.0986 0.4012 0.6244 0.6629
1305031462.1596 -1.6750 -0.5623 0.4658 -0.1016 0.3979 0.6300 0.6591
1305031462.1916 -1.6836 -0.5532 0.4658 -0.1039 0.3970 0.6290 0.6602
1305031462.2276 -1.6926 -0.5482 0.4671 -0.1098 0.3971 0.6291 0.6591
1305031462.2598 -1.6996 -0.5435 0.4697 -0.1162 0.3953 0.6279 0.6603
1305031462.2916 -1.7082 -0.5374 0.4726 -0.1217 0.3923 0.6246 0.6642
1305031462.3597 -1.7262 -0.5273 0.4862 -0.1375 0.3913 0.6136 0.6719
1305031462.7598 -1.7634 -0.5104 0.5693 -0.1365 0.4319 0.5842 0.6734
1305031463.5277 -1.5437 -0.4799 0.4488 -0.1948 0.3175 0.5955 0.7118
1305031463.6276 -1.5357 -0.4457 0.4093 -0.1885 0.3180 0.5932 0.7152
1305031463.6956 -1.5361 -0.4273 0.3774 -0.1763 0.3254 0.5860 0.7209
1305031463.7597 -1.5049 -0.4084 0.3343 -0.1757 0.3213 0.5807 0.7271
1305031463.8278 -1.4913 -0.3960 0.2939 -0.1735 0.3237 0.5634 0.7401
1305031463.8599 -1.4758 -0.3939 0.2724 -0.1751 0.3236 0.5555 0.7457
1305031463.8956 -1.4704 -0.3908 0.2527 -0.1726 0.3262 0.5472 0.7512
1305031463.9597 -1.4485 -0.3882 0.2173 -0.1706 0.3204 0.5386 0.7604
1305031463.9958 -1.4390 -0.3877 0.1961 -0.1664 0.3180 0.5332 0.7661
1305031464.0277 -1.4336 -0.3863 0.1763 -0.1642 0.3155 0.5266 0.7721
1305031464.0597 -1.4179 -0.3858 0.1572 -0.1653 0.3127 0.5198 0.7776
1305031464.0956 -1.4115 -0.3891 0.1393 -0.1632 0.3152 0.5114 0.7826
1305031464.1277 -1.4095 -0.3943 0.1283 -0.1610 0.3173 0.5061 0.7857
1305031464.1598 -1.3991 -0.4008 0.1190 -0.1567 0.3159 0.5044 0.7882
1305031464.1956 -1.3919 -0.4065 0.1069 -0.1461 0.3134 0.5007 0.7936
1305031464.2276 -1.3957 -0.4087 0.0944 -0.1322 0.3096 0.4968 0.7999
1305031464.2596 -1.3983 -0.4076 0.0806 -0.1197 0.2993 0.4963 0.8061
1305031464.2957 -1.3935 -0.4029 0.0664 -0.1107 0.2842 0.4940 0.8142
1305031464.3279 -1.3850 -0.3960 0.0498 -0.1035 0.2713 0.4905 0.8216
1305031464.3597 -1.3720 -0.3935 0.0339 -0.0976 0.2627 0.4869 0.8273
1305031464.3956 -1.3647 -0.3823 0.0137 -0.0900 0.2576 0.4799 0.8338
1305031464.4276 -1.3593 -0.3761 -0.0021 -0.0885 0.2569 0.4712 0.8391
1305031464.4597 -1.3507 -0.3783 -0.0175 -0.0876 0.2552 0.4636 0.8440
1305031464.4956 -1.3419 -0.3694 -0.0366 -0.0842 0.2526 0.4583 0.8480
1305031464.5276 -1.3385 -0.3656 -0.0553 -0.0832 0.2529 0.4508 0.8520
1305031464.5597 -1.3266 -0.3608 -0.0727 -0.0860 0.2488 0.4411 0.8580
1305031464.5957 -1.2998 -0.3644 -0.0962 -0.0884 0.2505 0.4318 0.8619
1305031464.6277 -1.2889 -0.3626 -0.1164 -0.0842 0.2634 0.4215 0.8636
1305031464.6597 -1.2783 -0.3601 -0.1316 -0.0811 0.2758 0.4073 0.8669
1305031464.6957 -1.2566 -0.3704 -0.1423 -0.0780 0.2877 0.3896 0.8714
1305031464.7277 -1.2563 -0.3726 -0.1485 -0.0655 0.2994 0.3707 0.8767
1305031464.7597 -1.2616 -0.3623 -0.1560 -0.0537 0.3027 0.3509 0.8845
1305031464.7960 -1.2542 -0.3692 -0.1533 -0.0493 0.3001 0.3335 0.8923
1305031464.8278 -1.2528 -0.3705 -0.1492 -0.0373 0.2927 0.3195 0.9005
1305031464.8597 -1.2522 -0.3532 -0.1550 -0.0250 0.2780 0.3055 0.9104
1305031464.8958 -1.2399 -0.3401 -0.1613 -0.0229 0.2596 0.2886 0.9213
1305031464.9278 -1.2090 -0.3465 -0.1649 -0.0272 0.2433 0.2710 0.9309
1305031464.9598 -1.1822 -0.3464 -0.1657 -0.0260 0.2355 0.2543 0.9376
1305031464.9957 -1.1660 -0.3339 -0.1666 -0.0211 0.2331 0.2362 0.9431
1305031465.0278 -1.1572 -0.3268 -0.1536 -0.0204 0.2333 0.2147 0.9482
1305031465.0597 -1.1685 -0.3084 -0.1325 -0.0131 0.2323 0.1947 0.9529
1305031465.0957 -1.1814 -0.2647 -0.1249 -0.0100 0.2207 0.1805 0.9584
1305031465.1277 -1.1720 -0.2453 -0.1132 -0.0243 0.2025 0.1690 0.9643
1305031465.1598 -1.1605 -0.2355 -0.0960 -0.0392 0.1866 0.1630 0.9680
1305031465.1956 -1.1472 -0.2217 -0.0817 -0.0492 0.1723 0.1581 0.9710
1305031465.2279 -1.1420 -0.1997 -0.0701 -0.0574 0.1614 0.1543 0.9731
1305031465.2598 -1.1326 -0.1924 -0.0506 -0.0683 0.1512 0.1550 0.9739
1305031465.3277 -1.1296 -0.1558 -0.0290 -0.0707 0.1335 0.1774 0.9725
1305031465.3956 -1.1044 -0.1330 -0.0200 -0.0651 0.1032 0.2009 0.9720
1305031465.4277 -1.0866 -0.1110 -0.0254 -0.0569 0.0902 0.2126 0.9713
1305031465.4601 -1.0780 -0.0874 -0.0326 -0.0486 0.0814 0.2259 0.9695
1305031465.4957 -1.0680 -0.0613 -0.0402 -0.0453 0.0710 0.2358 0.9682
1305031465.5276 -1.0511 -0.0536 -0.0418 -0.0467 0.0612 0.2398 0.9678
1305031465.5598 -1.0388 -0.0364 -0.0518 -0.0385 0.0550 0.2453 0.9671
1305031465.5956 -1.0279 -0.0115 -0.0633 -0.0302 0.0520 0.2535 0.9655
1305031465.6277 -1.0264 0.0068 -0.0724 -0.0240 0.0514 0.2617 0.9635
1305031465.6601 -1.0203 0.0256 -0.0819 -0.0166 0.0446 0.2693 0.9619
1305031465.6957 -1.0038 0.0520 -0.0933 -0.0078 0.0373 0.2761 0.9604
1305031465.7277 -0.9961 0.0754 -0.1037 0.0011 0.0366 0.2842 0.9581
1305031465.7598 -0.9901 0.1033 -0.1143 0.0110 0.0345 0.2920 0.9557
1305031465.7959 -0.9792 0.1301 -0.1219 0.0179 0.0322 0.2977 0.9540
1305031465.8280 -0.9682 0.1502 -0.1304 0.0265 0.0315 0.3023 0.9523
1305031465.8599 -0.9650 0.1852 -0.1431 0.0397 0.0331 0.3055 0.9508
1305031465.8955 -0.9563 0.2190 -0.1484 0.0431 0.0373 0.3076 0.9498
1305031465.9275 -0.9444 0.2397 -0.1535 0.0455 0.0448 0.3080 0.9493
1305031465.9597 -0.9407 0.2664 -0.1633 0.0537 0.0554 0.3053 0.9491
1305031465.9958 -0.9457 0.2901 -0.1726 0.0588 0.0656 0.3003 0.9498
1305031466.0276 -0.9503 0.3142 -0.1843 0.0636 0.0711 0.2977 0.9499
1305031466.0598 -0.9564 0.3392 -0.1935 0.0620 0.0743 0.2984 0.9495
1305031466.0958 -0.9578 0.3580 -0.2030 0.0576 0.0721 0.2989 0.9498
1305031466.1276 -0.9576 0.3776 -0.2134 0.0534 0.0667 0.2996 0.9502
1305031466.1604 -0.9597 0.3941 -0.2271 0.0497 0.0613 0.3018 0.9501
1305031466.1958 -0.9634 0.4127 -0.2414 0.0452 0.0520 0.3029 0.9505
1305031466.2280 -0.9549 0.4286 -0.2530 0.0368 0.0392 0.3001 0.9524
1305031466.2598 -0.9355 0.4403 -0.2665 0.0329 0.0323 0.2942 0.9546
1305031466.2957 -0.9273 0.4584 -0.2831 0.0334 0.0366 0.2828 0.9579
1305031466.3277 -0.9259 0.4735 -0.3014 0.0304 0.0470 0.2732 0.9603
1305031466.3598 -0.9223 0.4837 -0.3162 0.0218 0.0540 0.2679 0.9617
1305031466.3958 -0.9103 0.4828 -0.3295 0.0175 0.0561 0.2644 0.9626
1305031466.4278 -0.9115 0.4958 -0.3475 0.0243 0.0572 0.2592 0.9638
1305031466.4598 -0.9077 0.5136 -0.3621 0.0262 0.0524 0.2553 0.9651
1305031466.4958 -0.8945 0.5298 -0.3737 0.0235 0.0465 0.2552 0.9655
1305031466.5275 -0.8754 0.5448 -0.3826 0.0209 0.0451 0.2555 0.9655
1305031466.5604 -0.8714 0.5624 -0.3949 0.0188 0.0495 0.2536 0.9659
1305031466.5959 -0.8619 0.5804 -0.4034 0.0113 0.0474 0.2513 0.9667
1305031466.6275 -0.8339 0.5885 -0.4048 0.0033 0.0437 0.2486 0.9676
1305031466.6597 -0.8210 0.6010 -0.4164 0.0077 0.0478 0.2428 0.9689
1305031466.6958 -0.8205 0.6220 -0.4274 0.0099 0.0493 0.2347 0.9708
1305031466.7281 -0.8032 0.6364 -0.4299 0.0041 0.0432 0.2266 0.9730
1305031466.7596 -0.7818 0.6429 -0.4313 0.0042 0.0418 0.2194 0.9747
1305031466.7956 -0.7780 0.6582 -0.4453 0.0112 0.0437 0.2126 0.9761
1305031466.8279 -0.7693 0.6717 -0.4539 0.0099 0.0390 0.2101 0.9769
1305031466.8597 -0.7576 0.6753 -0.4546 0.0085 0.0331 0.2112 0.9768
1305031466.8957 -0.7475 0.6831 -0.4641 0.0144 0.0229 0.2097 0.9774
1305031466.9278 -0.7330 0.6919 -0.4763 0.0179 0.0086 0.2079 0.9779
1305031466.9597 -0.7164 0.7008 -0.4820 0.0209 -0.0016 0.2070 0.9781
1305031466.9957 -0.7021 0.7101 -0.4924 0.0227 -0.0067 0.2043 0.9786
1305031467.0278 -0.6905 0.7182 -0.5009 0.0237 -0.0105 0.2002 0.9794
1305031467.0597 -0.6778 0.7278 -0.5099 0.0245 -0.0134 0.1970 0.9800
1305031467.0957 -0.6660 0.7369 -0.5187 0.0227 -0.0155 0.1925 0.9809
1305031467.1290 -0.6553 0.7453 -0.5203 0.0237 -0.0187 0.1828 0.9827
1305031467.1597 -0.6455 0.7537 -0.5277 0.0261 -0.0212 0.1747 0.9841
1305031467.1957 -0.6372 0.7608 -0.5353 0.0281 -0.0252 0.1698 0.9847
1305031467.2277 -0.6279 0.7682 -0.5418 0.0304 -0.0313 0.1643 0.9854
1305031467.2597 -0.6183 0.7763 -0.5465 0.0336 -0.0358 0.1591 0.9861
1305031467.2958 -0.6093 0.7846 -0.5547 0.0368 -0.0401 0.1524 0.9868
1305031467.3280 -0.6000 0.7926 -0.5657 0.0391 -0.0450 0.1474 0.9873
1305031467.3597 -0.5907 0.8032 -0.5758 0.0386 -0.0520 0.1460 0.9872
1305031467.3958 -0.5821 0.8130 -0.5816 0.0361 -0.0600 0.1417 0.9874
1305031467.4278 -0.5733 0.8217 -0.5842 0.0369 -0.0656 0.1384 0.9875
1305031467.4597 -0.5641 0.8302 -0.5947 0.0389 -0.0717 0.1363 0.9873
1305031467.4961 -0.5542 0.8401 -0.6073 0.0366 -0.0792 0.1319 0.9874
1305031467.5277 -0.5449 0.8511 -0.6082 0.0341 -0.0831 0.1267 0.9879
1305031467.5598 -0.5340 0.8579 -0.6082 0.0350 -0.0842 0.1249 0.9880
1305031467.5960 -0.5234 0.8639 -0.6143 0.0354 -0.0858 0.1259 0.9877
1305031467.6275 -0.5125 0.8620 -0.6090 0.0370 -0.0902 0.1291 0.9868
1305031467.6596 -0.4988 0.8668 -0.6103 0.0450 -0.0941 0.1319 0.9858
1305031467.6959 -0.4879 0.8720 -0.6162 0.0491 -0.0960 0.1287 0.9858
1305031467.7275 -0.4780 0.8723 -0.6021 0.0537 -0.0971 0.1235 0.9861
1305031467.7599 -0.4674 0.8751 -0.5972 0.0608 -0.0973 0.1206 0.9861
1305031467.7961 -0.4590 0.8794 -0.5941 0.0665 -0.0977 0.1169 0.9861
1305031467.8278 -0.4541 0.8771 -0.5734 0.0727 -0.0977 0.1162 0.9857
1305031467.8597 -0.4454 0.8753 -0.5622 0.0815 -0.0993 0.1179 0.9847
1305031467.8959 -0.4390 0.8776 -0.5568 0.0894 -0.1032 0.1167 0.9837
1305031467.9278 -0.4303 0.8746 -0.5378 0.0948 -0.1091 0.1137 0.9829
1305031467.9598 -0.4179 0.8690 -0.5220 0.1022 -0.1123 0.1121 0.9820
1305031467.9958 -0.4075 0.8748 -0.5169 0.1073 -0.1127 0.1090 0.9818
1305031468.0281 -0.3983 0.8662 -0.4923 0.1054 -0.1133 0.1063 0.9822
1305031468.0598 -0.3894 0.8564 -0.4741 0.1102 -0.1135 0.1032 0.9820
1305031468.0959 -0.3795 0.8577 -0.4645 0.1144 -0.1156 0.1006 0.9815
1305031468.1278 -0.3676 0.8494 -0.4437 0.1136 -0.1182 0.1000 0.9814
1305031468.1599 -0.3545 0.8437 -0.4282 0.1162 -0.1198 0.0965 0.9813
1305031468.1960 -0.3412 0.8390 -0.4137 0.1162 -0.1205 0.0931 0.9815
1305031468.2282 -0.3286 0.8288 -0.3968 0.1143 -0.1198 0.0939 0.9817
1305031468.2598 -0.3132 0.8208 -0.3823 0.1138 -0.1187 0.0959 0.9817
1305031468.2958 -0.3019 0.8114 -0.3676 0.1126 -0.1161 0.0961 0.9822
1305031468.3278 -0.2875 0.7963 -0.3521 0.1128 -0.1136 0.0986 0.9822
1305031468.3598 -0.2753 0.7913 -0.3453 0.1165 -0.1095 0.1029 0.9817
1305031468.4598 -0.2370 0.7554 -0.3233 0.1080 -0.1108 0.1068 0.9822
1305031468.5278 -0.2156 0.7253 -0.3050 0.1032 -0.1089 0.1020 0.9834
1305031468.5597 -0.2085 0.7090 -0.3006 0.1085 -0.1071 0.0932 0.9839
1305031468.6596 -0.1933 0.6597 -0.2913 0.1030 -0.1128 0.0850 0.9846
1305031468.6958 -0.1877 0.6418 -0.2878 0.1081 -0.1179 0.0809 0.9838
1305031468.7278 -0.1836 0.6306 -0.2837 0.1145 -0.1228 0.0791 0.9826
1305031468.7596 -0.1784 0.6185 -0.2767 0.1175 -0.1272 0.0784 0.9818
1305031468.7958 -0.1710 0.5977 -0.2692 0.1203 -0.1295 0.0732 0.9815
1305031468.8292 -0.1680 0.5855 -0.2659 0.1285 -0.1292 0.0663 0.9810
1305031468.9281 -0.1568 0.5624 -0.2505 0.1225 -0.1201 0.0647 0.9830
1305031468.9957 -0.1673 0.5655 -0.2476 0.1040 -0.1136 0.0658 0.9859
1305031469.0598 -0.1675 0.5383 -0.2308 0.0687 -0.1179 0.0555 0.9891
1305031469.1597 -0.1492 0.5240 -0.1941 0.0306 -0.1154 0.0312 0.9924
1305031469.2278 -0.1558 0.5063 -0.1721 0.0123 -0.1020 0.0240 0.9944
1305031469.2968 -0.1560 0.5028 -0.1474 0.0009 -0.0978 0.0187 0.9950
1305031469.3276 -0.1586 0.5044 -0.1365 -0.0044 -0.0958 0.0173 0.9952
1305031469.3596 -0.1505 0.5068 -0.1178 -0.0118 -0.0957 0.0136 0.9952
1305031469.3957 -0.1479 0.5053 -0.1015 -0.0170 -0.0863 0.0087 0.9961
1305031469.4277 -0.1533 0.5130 -0.0892 -0.0180 -0.0738 0.0027 0.9971
1305031469.4597 -0.1616 0.5187 -0.0738 -0.0204 -0.0632 -0.0043 0.9978
1305031469.4957 -0.1752 0.5238 -0.0583 -0.0217 -0.0554 -0.0080 0.9982
1305031469.5276 -0.1809 0.5332 -0.0469 -0.0233 -0.0559 -0.0081 0.9981
1305031469.5596 -0.1845 0.5443 -0.0317 -0.0272 -0.0583 -0.0077 0.9979
1305031469.6596 -0.1985 0.5667 0.0128 -0.0496 -0.0591 -0.0039 0.9970
1305031469.7596 -0.2222 0.5975 0.0514 -0.0642 -0.0493 0.0035 0.9967
1305031469.9279 -0.2936 0.6407 0.1125 -0.0879 -0.0540 0.0192 0.9945
1305031470.0959 -0.3750 0.6801 0.1458 -0.0920 -0.0617 0.0287 0.9934
1305031470.2600 -0.4644 0.7140 0.1609 -0.1005 -0.0654 0.0472 0.9917
1305031470.4276 -0.5565 0.7352 0.1740 -0.1142 -0.0698 0.0640 0.9889
1305031470.5958 -0.6294 0.7321 0.1743 -0.1144 -0.0719 0.0691 0.9884
1305031470.7956 -0.6992 0.7223 0.1830 -0.1255 -0.0636 0.0925 0.9857
1305031470.8278 -0.7098 0.7204 0.1858 -0.1214 -0.0617 0.0971 0.9859
1305031470.8596 -0.7192 0.7167 0.1861 -0.1165 -0.0604 0.1016 0.9861
1305031470.8957 -0.7300 0.7137 0.1850 -0.1116 -0.0590 0.1065 0.9863
1305031470.9277 -0.7390 0.7104 0.1874 -0.1055 -0.0605 0.1107 0.9864
1305031470.9596 -0.7465 0.7039 0.1877 -0.0961 -0.0615 0.1132 0.9870
1305031470.9960 -0.7525 0.7028 0.1858 -0.0852 -0.0610 0.1158 0.9877
1305031471.0276 -0.7580 0.6972 0.1861 -0.0772 -0.0579 0.1178 0.9883
1305031471.0596 -0.7659 0.6916 0.1846 -0.0683 -0.0519 0.1219 0.9888
1305031471.0958 -0.7746 0.6890 0.1822 -0.0586 -0.0476 0.1283 0.9889
1305031471.1277 -0.7804 0.6833 0.1813 -0.0527 -0.0464 0.1347 0.9884
1305031471.1596 -0.7852 0.6805 0.1782 -0.0462 -0.0446 0.1408 0.9880
1305031471.1957 -0.7907 0.6781 0.1763 -0.0433 -0.0409 0.1467 0.9874
1305031471.2276 -0.7979 0.6748 0.1760 -0.0431 -0.0367 0.1518 0.9868
1305031471.2597 -0.8025 0.6691 0.1770 -0.0448 -0.0352 0.1554 0.9862
1305031471.2961 -0.8052 0.6634 0.1777 -0.0450 -0.0337 0.1600 0.9855
1305031471.3276 -0.8064 0.6611 0.1755 -0.0421 -0.0302 0.1634 0.9852
1305031471.3596 -0.8098 0.6605 0.1735 -0.0423 -0.0228 0.1662 0.9849
1305031471.3957 -0.8149 0.6518 0.1747 -0.0457 -0.0145 0.1713 0.9841
1305031471.4277 -0.8229 0.6478 0.1717 -0.0420 -0.0087 0.1780 0.9831
1305031471.4596 -0.8269 0.6469 0.1685 -0.0399 -0.0090 0.1830 0.9823
1305031471.5276 -0.8333 0.6407 0.1650 -0.0415 -0.0084 0.1917 0.9805
1305031471.5597 -0.8351 0.6392 0.1623 -0.0423 -0.0074 0.1938 0.9801
1305031471.5957 -0.8364 0.6359 0.1594 -0.0447 -0.0038 0.1962 0.9795
1305031471.6276 -0.8371 0.6316 0.1556 -0.0476 -0.0002 0.1984 0.9790
1305031471.6596 -0.8395 0.6279 0.1508 -0.0486 0.0051 0.2009 0.9784
1305031471.8597 -0.8562 0.6240 0.1396 -0.0585 0.0300 0.2237 0.9724
1305031472.1596 -0.9079 0.6510 0.1288 -0.0573 0.0703 0.2528 0.9633
1305031472.3277 -0.9191 0.6468 0.1292 -0.0370 0.0827 0.2633 0.9604
1305031472.5957 -0.9099 0.6310 0.1261 -0.0246 0.0807 0.2685 0.9596
1305031472.8276 -0.8867 0.6170 0.1273 -0.0165 0.0798 0.2691 0.9597
