1305031453.3917 0.0000 0.0000 0.0000 0.0000 0.0000 0.0000 1.0000
1305031453.5237 0.0107 0.0227 -0.0400 0.0181 0.0221 0.0378 0.9989
1305031453.6277 0.0113 0.0421 -0.0811 0.0399 0.0272 0.0537 0.9974
1305031453.7277 -0.0011 0.0657 -0.1249 0.0582 0.0121 0.0437 0.9973
1305031453.8278 -0.0191 0.0863 -0.1654 0.0692 -0.0148 0.0227 0.9972
1305031453.9277 -0.1795 0.0307 -0.0802 0.0479 0.0232 0.0344 0.9980
1305031453.9596 -0.1864 0.0354 -0.0838 0.0459 0.0066 0.0256 0.9986
1305031453.9916 -0.1948 0.0372 -0.0788 0.0446 -0.0057 0.0140 0.9989
1305031454.0277 -0.1998 0.0358 -0.0792 0.0458 -0.0196 0.0047 0.9987
1305031454.0597 -0.1938 0.0312 -0.0781 0.0442 -0.0356 -0.0050 0.9984
1305031454.0917 -0.1681 0.0312 -0.0583 0.0456 -0.0531 -0.0088 0.9975
1305031454.1277 -0.1763 0.0306 -0.0572 0.0487 -0.0685 -0.0226 0.9962
1305031454.1597 -0.1086 0.0108 -0.0339 0.0445 -0.1018 -0.0282 0.9934
1305031454.1917 -0.0666 0.0126 -0.0178 0.0463 -0.1236 -0.0317 0.9907
1305031454.2277 -0.0154 -0.0000 0.0186 0.0463 -0.1563 -0.0435 0.9857
1305031454.2596 -0.0129 0.0026 0.0183 0.0531 -0.1721 -0.0581 0.9819
1305031454.2916 -0.0198 0.0068 0.0173 0.0528 -0.1804 -0.0697 0.9797
1305031454.3277 -0.0313 0.0013 0.0128 0.0529 -0.1899 -0.0853 0.9766
1305031454.3596 -0.0345 0.0038 0.0130 0.0608 -0.2027 -0.1003 0.9722
1305031454.3917 -0.0414 0.0099 0.0106 0.0638 -0.2106 -0.1121 0.9690
1305031454.4275 -0.0544 0.0133 0.0086 0.0669 -0.2220 -0.1273 0.9644
1305031454.4599 -0.0500 0.0148 0.0075 0.0703 -0.2345 -0.1429 0.9590
1305031454.4916 -0.0570 0.0206 0.0058 0.0732 -0.2391 -0.1590 0.9551
1305031454.5277 -0.0610 0.0269 0.0043 0.0741 -0.2457 -0.1750 0.9505
1305031454.5596 -0.0670 0.0323 0.0029 0.0718 -0.2519 -0.1883 0.9465
1305031454.5916 -0.0763 0.0376 0.0018 0.0700 -0.2619 -0.2059 0.9403
1305031454.6276 -0.0563 0.0431 0.0048 0.0689 -0.2774 -0.2050 0.9361
1305031454.6595 -0.0576 0.0513 0.0044 0.0650 -0.2905 -0.2119 0.9309
1305031454.6919 -0.0622 0.0530 0.0023 0.0580 -0.3039 -0.2206 0.9250
1305031454.7277 -0.0621 0.0540 0.0054 0.0534 -0.3173 -0.2265 0.9193
1305031454.7597 -0.0579 0.0585 0.0068 0.0482 -0.3241 -0.2236 0.9180
1305031454.7916 -0.0552 0.0647 0.0080 0.0429 -0.3272 -0.2161 0.9189
1305031454.8276 -0.0485 0.0775 0.0100 0.0403 -0.3295 -0.2092 0.9198
1305031454.8596 -0.0464 0.0857 0.0121 0.0347 -0.3271 -0.2028 0.9223
1305031454.8918 -0.0456 0.0938 0.0117 0.0304 -0.3221 -0.1959 0.9257
1305031454.9276 -0.0449 0.1028 0.0098 0.0256 -0.3162 -0.1893 0.9293
1305031454.9596 -0.0475 0.1107 0.0052 0.0214 -0.3100 -0.1835 0.9326
1305031454.9919 -0.0512 0.1180 -0.0021 0.0176 -0.3058 -0.1771 0.9353
1305031455.0278 -0.0536 0.1311 -0.0057 0.0181 -0.3047 -0.1736 0.9363
1305031455.0596 -0.0580 0.1367 -0.0073 0.0157 -0.3022 -0.1718 0.9375
1305031455.0917 -0.0649 0.1448 -0.0122 0.0180 -0.2980 -0.1714 0.9389
1305031455.1277 -0.0714 0.1543 -0.0185 0.0188 -0.2928 -0.1700 0.9407
1305031455.1597 -0.0818 0.1618 -0.0258 0.0167 -0.2871 -0.1657 0.9433
1305031455.1917 -0.0924 0.1678 -0.0298 0.0122 -0.2834 -0.1602 0.9454
1305031455.2276 -0.1033 0.1732 -0.0342 0.0112 -0.2797 -0.1548 0.9475
1305031455.2596 -0.1124 0.1865 -0.0405 0.0099 -0.2743 -0.1488 0.9500
1305031455.2918 -0.1262 0.1862 -0.0463 -0.0012 -0.2679 -0.1398 0.9533
1305031455.3278 -0.1384 0.1945 -0.0552 -0.0069 -0.2642 -0.1288 0.9558
1305031455.3596 -0.1464 0.2049 -0.0561 -0.0137 -0.2634 -0.1227 0.9567
1305031455.3917 -0.1575 0.2018 -0.0585 -0.0267 -0.2570 -0.1155 0.9591
1305031455.4276 -0.1731 0.2036 -0.0671 -0.0353 -0.2485 -0.1056 0.9622
1305031455.4596 -0.1864 0.1997 -0.0739 -0.0426 -0.2447 -0.0971 0.9638
1305031455.4916 -0.1993 0.2019 -0.0827 -0.0476 -0.2402 -0.0864 0.9657
1305031455.5276 -0.2164 0.1927 -0.0920 -0.0567 -0.2355 -0.0733 0.9675
1305031455.5597 -0.2325 0.1894 -0.1033 -0.0605 -0.2349 -0.0597 0.9683
1305031455.5916 -0.2452 0.1928 -0.1148 -0.0626 -0.2351 -0.0452 0.9689
1305031455.6276 -0.2597 0.1849 -0.1176 -0.0697 -0.2341 -0.0331 0.9691
1305031455.6596 -0.2749 0.1786 -0.1268 -0.0684 -0.2315 -0.0272 0.9700
1305031455.6916 -0.2888 0.1776 -0.1386 -0.0643 -0.2295 -0.0280 0.9708
1305031455.7276 -0.3010 0.1725 -0.1479 -0.0625 -0.2269 -0.0325 0.9714
1305031455.7597 -0.3146 0.1658 -0.1590 -0.0625 -0.2214 -0.0355 0.9725
1305031455.7917 -0.3290 0.1548 -0.1703 -0.0625 -0.2156 -0.0346 0.9739
1305031455.8276 -0.3411 0.1495 -0.1850 -0.0602 -0.2122 -0.0338 0.9748
1305031455.8595 -0.3517 0.1418 -0.1955 -0.0607 -0.2107 -0.0351 0.9750
1305031455.8917 -0.3605 0.1371 -0.2065 -0.0601 -0.2084 -0.0350 0.9756
1305031455.9280 -0.3715 0.1292 -0.2161 -0.0616 -0.2045 -0.0362 0.9762
1305031455.9597 -0.3797 0.1252 -0.2276 -0.0611 -0.2012 -0.0381 0.9769
1305031455.9917 -0.3872 0.1217 -0.2355 -0.0629 -0.1971 -0.0405 0.9775
1305031456.0278 -0.3957 0.1233 -0.2478 -0.0664 -0.1908 -0.0445 0.9784
1305031456.0597 -0.4072 0.1123 -0.2525 -0.0771 -0.1862 -0.0529 0.9781
1305031456.0917 -0.4175 0.1005 -0.2549 -0.0838 -0.1826 -0.0585 0.9779
1305031456.1276 -0.4259 0.0939 -0.2585 -0.0852 -0.1789 -0.0600 0.9783
1305031456.1597 -0.4348 0.0828 -0.2595 -0.0872 -0.1734 -0.0609 0.9791
1305031456.1917 -0.4423 0.0740 -0.2611 -0.0832 -0.1655 -0.0585 0.9810
1305031456.2277 -0.4485 0.0778 -0.2657 -0.0790 -0.1557 -0.0543 0.9831
1305031456.2917 -0.4714 0.0589 -0.2623 -0.0810 -0.1323 -0.0482 0.9867
1305031456.3277 -0.4809 0.0521 -0.2588 -0.0780 -0.1217 -0.0418 0.9886
1305031456.3916 -0.5013 0.0461 -0.2504 -0.0748 -0.0969 -0.0329 0.9919
1305031456.4277 -0.5185 0.0500 -0.2482 -0.0670 -0.0841 -0.0256 0.9939
1305031456.4917 -0.5574 0.0614 -0.2437 -0.0706 -0.0735 -0.0143 0.9947
1305031456.5276 -0.5686 0.0631 -0.2333 -0.0759 -0.0758 -0.0086 0.9942
1305031456.5917 -0.5880 0.0703 -0.2166 -0.0766 -0.0718 0.0041 0.9945
1305031456.6276 -0.6009 0.0819 -0.2098 -0.0870 -0.0661 0.0097 0.9940
1305031456.6916 -0.6331 0.0610 -0.1853 -0.1042 -0.0545 0.0242 0.9928
1305031456.7916 -0.6306 0.0870 -0.2031 -0.0967 -0.0646 0.0313 0.9927
1305031457.0276 -0.7122 0.1101 -0.1526 -0.1131 -0.0422 0.0676 0.9904
1305031457.1917 -0.7726 0.1033 -0.1606 -0.1290 -0.0081 0.0925 0.9873
1305031457.2917 -0.8095 0.0816 -0.1779 -0.1277 0.0164 0.1094 0.9856
1305031457.3917 -0.8517 0.0628 -0.2045 -0.1235 0.0524 0.1262 0.9829
1305031457.4917 -0.8973 0.0359 -0.2328 -0.1227 0.0691 0.1410 0.9799
1305031457.5597 -0.9211 0.0201 -0.2530 -0.1159 0.0786 0.1478 0.9790
1305031457.6275 -0.9498 0.0017 -0.2679 -0.1143 0.0870 0.1538 0.9776
1305031457.6916 -0.9779 -0.0053 -0.2855 -0.1142 0.0901 0.1607 0.9762
1305031457.7596 -0.9956 -0.0391 -0.2933 -0.1165 0.0926 0.1581 0.9761
1305031457.7916 -1.0005 -0.0565 -0.2975 -0.1110 0.0966 0.1575 0.9765
1305031457.8277 -1.0127 -0.0548 -0.3091 -0.0988 0.1045 0.1586 0.9768
1305031457.8916 -1.0366 -0.0909 -0.3127 -0.0935 0.1219 0.1588 0.9753
1305031457.9276 -1.0540 -0.0941 -0.3182 -0.0788 0.1280 0.1636 0.9750
1305031457.9916 -1.0746 -0.1135 -0.3195 -0.0682 0.1305 0.1692 0.9745
1305031458.0278 -1.0825 -0.1235 -0.3166 -0.0594 0.1342 0.1704 0.9744
1305031458.0597 -1.0987 -0.1163 -0.3172 -0.0481 0.1402 0.1731 0.9737
1305031458.0917 -1.1126 -0.1171 -0.3127 -0.0473 0.1448 0.1754 0.9726
1305031458.1276 -1.1244 -0.1289 -0.3032 -0.0499 0.1487 0.1759 0.9718
1305031458.1596 -1.1380 -0.1395 -0.2942 -0.0488 0.1516 0.1786 0.9709
1305031458.1916 -1.1514 -0.1359 -0.2878 -0.0464 0.1506 0.1836 0.9703
1305031458.2276 -1.1631 -0.1454 -0.2741 -0.0544 0.1476 0.1852 0.9700
1305031458.2599 -1.1731 -0.1753 -0.2516 -0.0608 0.1457 0.1822 0.9705
1305031458.2917 -1.1848 -0.1754 -0.2433 -0.0501 0.1410 0.1835 0.9716
1305031458.3276 -1.1923 -0.1814 -0.2292 -0.0483 0.1342 0.1869 0.9720
1305031458.3596 -1.1973 -0.2013 -0.2076 -0.0444 0.1303 0.1879 0.9725
1305031458.3916 -1.2055 -0.1971 -0.1976 -0.0303 0.1272 0.1917 0.9727
1305031458.4276 -1.2074 -0.1992 -0.1820 -0.0232 0.1264 0.2003 0.9713
1305031458.4596 -1.2029 -0.2049 -0.1641 -0.0130 0.1299 0.2063 0.9697
1305031458.4917 -1.1972 -0.2235 -0.1738 -0.0141 0.1316 0.2055 0.9697
1305031458.5277 -1.2173 -0.2022 -0.1592 0.0092 0.1456 0.2032 0.9682
1305031458.5596 -1.2255 -0.1960 -0.1402 0.0172 0.1554 0.2008 0.9671
1305031458.5916 -1.2355 -0.1955 -0.1195 0.0259 0.1625 0.1951 0.9669
1305031458.6277 -1.2524 -0.1740 -0.1041 0.0323 0.1640 0.1917 0.9671
1305031458.6596 -1.2574 -0.1780 -0.0874 0.0252 0.1597 0.1927 0.9679
1305031458.6917 -1.2584 -0.1780 -0.0661 0.0195 0.1425 0.1875 0.9717
1305031458.7276 -1.2633 -0.1789 -0.0394 0.0197 0.1310 0.1781 0.9751
1305031458.7599 -1.2664 -0.1780 -0.0267 0.0255 0.1151 0.1696 0.9784
1305031458.7916 -1.2721 -0.1624 -0.0133 0.0291 0.1009 0.1612 0.9813
1305031458.8276 -1.2664 -0.1630 0.0034 0.0227 0.0907 0.1604 0.9826
1305031458.8917 -1.2651 -0.1654 0.0273 0.0298 0.0877 0.1493 0.9844
1305031458.9276 -1.2767 -0.1580 0.0345 0.0300 0.0957 0.1540 0.9830
1305031458.9596 -1.2806 -0.1665 0.0413 0.0205 0.1012 0.1669 0.9805
1305031458.9916 -1.2845 -0.1901 0.0502 0.0181 0.1051 0.1722 0.9793
1305031459.0277 -1.3028 -0.1971 0.0573 0.0285 0.1052 0.1720 0.9790
1305031459.0596 -1.3194 -0.2095 0.0664 0.0358 0.0995 0.1823 0.9775
1305031459.1276 -1.3728 -0.1612 0.0522 0.0555 0.1130 0.1547 0.9799
1305031459.1596 -1.3970 -0.1500 0.0321 0.0635 0.1129 0.1457 0.9808
1305031459.1917 -1.3961 -0.1433 0.0499 0.0726 0.0923 0.1541 0.9810
1305031459.2276 -1.3963 -0.1393 0.0665 0.0767 0.0784 0.1656 0.9801
1305031459.2598 -1.3978 -0.1254 0.0873 0.0799 0.0757 0.1715 0.9790
1305031459.3276 -1.5078 -0.0169 0.1012 0.1096 0.1277 0.1055 0.9801
1305031459.3597 -1.5094 -0.0005 0.1184 0.1192 0.1497 0.1210 0.9740
1305031459.3917 -1.5268 0.0395 0.1294 0.1291 0.1608 0.0965 0.9737
1305031459.4276 -1.5323 0.0607 0.1228 0.1335 0.1624 0.0832 0.9741
1305031459.4597 -1.5009 0.1053 0.1294 0.1473 0.1566 0.0711 0.9740
1305031459.5276 -1.4965 0.1361 0.1368 0.1525 0.1581 0.0572 0.9739
1305031459.5596 -1.5222 0.1336 0.1360 0.1485 0.1789 0.0871 0.9687
1305031459.5917 -1.5395 0.1417 0.1376 0.1478 0.1866 0.1074 0.9653
1305031459.6276 -1.5489 0.1417 0.1389 0.1431 0.1883 0.1196 0.9643
1305031459.6596 -1.5595 0.1507 0.1431 0.1458 0.1948 0.1203 0.9625
1305031459.6916 -1.5772 0.1537 0.1467 0.1427 0.2082 0.1268 0.9593
1305031459.7276 -1.5958 0.1454 0.1465 0.1371 0.2176 0.1327 0.9572
1305031459.7917 -1.6326 0.1408 0.1433 0.1390 0.2253 0.1265 0.9560
1305031459.8277 -1.6524 0.1399 0.1477 0.1385 0.2265 0.1242 0.9561
1305031459.8597 -1.6737 0.1376 0.1531 0.1346 0.2273 0.1233 0.9566
1305031459.8916 -1.6898 0.1306 0.1586 0.1282 0.2246 0.1261 0.9577
1305031459.9276 -1.7041 0.1234 0.1630 0.1264 0.2218 0.1297 0.9581
1305031459.9917 -1.7344 0.1120 0.1728 0.1206 0.2204 0.1378 0.9581
1305031460.0276 -1.7468 0.1011 0.1779 0.1185 0.2206 0.1417 0.9577
1305031460.0597 -1.7650 0.0929 0.1828 0.1188 0.2220 0.1442 0.9570
1305031460.0917 -1.7842 0.0828 0.1887 0.1189 0.2187 0.1514 0.9566
1305031460.1277 -1.7939 0.0742 0.1952 0.1221 0.2082 0.1607 0.9570
1305031460.1597 -1.8053 0.0698 0.2010 0.1262 0.1995 0.1681 0.9571
1305031460.1916 -1.8113 0.0651 0.2114 0.1250 0.1932 0.1747 0.9574
1305031460.2278 -1.8088 0.0557 0.2208 0.1251 0.1914 0.1780 0.9571
1305031460.2917 -1.8221 0.0385 0.2307 0.1308 0.2070 0.1789 0.9529
1305031460.3275 -1.8297 0.0293 0.2353 0.1336 0.2152 0.1819 0.9501
1305031460.3916 -1.8385 0.0148 0.2480 0.1343 0.2345 0.1897 0.9439
1305031460.4275 -1.8443 0.0058 0.2532 0.1359 0.2450 0.1955 0.9398
1305031460.4596 -1.8464 0.0020 0.2578 0.1378 0.2570 0.2001 0.9354
1305031460.4915 -1.8546 -0.0010 0.2645 0.1366 0.2728 0.2075 0.9295
1305031460.5276 -1.8608 -0.0119 0.2698 0.1320 0.2851 0.2195 0.9236
1305031460.5596 -1.8650 -0.0239 0.2734 0.1273 0.2956 0.2250 0.9197
1305031460.5919 -1.8735 -0.0315 0.2785 0.1262 0.3060 0.2266 0.9160
1305031460.6276 -1.8793 -0.0419 0.2833 0.1250 0.3149 0.2299 0.9123
1305031460.6598 -1.8898 -0.0494 0.2894 0.1255 0.3241 0.2299 0.9090
1305031460.6917 -1.9001 -0.0563 0.2970 0.1239 0.3301 0.2320 0.9066
1305031460.7277 -1.9039 -0.0650 0.3025 0.1191 0.3331 0.2328 0.9059
1305031460.7597 -1.9088 -0.0749 0.3087 0.1170 0.3389 0.2316 0.9043
1305031460.7917 -1.9186 -0.0835 0.3166 0.1150 0.3444 0.2316 0.9025
1305031460.8277 -1.9227 -0.0900 0.3257 0.1110 0.3471 0.2288 0.9027
1305031460.8597 -1.9252 -0.0977 0.3329 0.1055 0.3519 0.2266 0.9020
1305031460.8918 -1.9302 -0.1085 0.3411 0.0997 0.3583 0.2249 0.9006
1305031460.9276 -1.9362 -0.1192 0.3508 0.0948 0.3622 0.2251 0.8995
1305031460.9917 -1.9355 -0.1482 0.3624 0.0905 0.3658 0.2291 0.8975
1305031461.0276 -1.9382 -0.1607 0.3695 0.0917 0.3676 0.2306 0.8963
1305031461.0917 -1.9429 -0.1757 0.3873 0.0939 0.3669 0.2302 0.8964
1305031461.1276 -1.9398 -0.1892 0.3918 0.0908 0.3666 0.2286 0.8973
1305031461.1597 -1.9402 -0.2041 0.3983 0.0916 0.3680 0.2276 0.8969
1305031461.1920 -1.9400 -0.2078 0.4044 0.0951 0.3678 0.2228 0.8978
1305031461.2276 -1.9404 -0.2136 0.4117 0.0964 0.3694 0.2202 0.8976
1305031461.2596 -1.9394 -0.2234 0.4171 0.0970 0.3693 0.2173 0.8983
1305031461.2917 -1.9370 -0.2276 0.4232 0.0993 0.3693 0.2108 0.8996
1305031461.3278 -1.9315 -0.2300 0.4280 0.1013 0.3705 0.2057 0.9001
1305031461.3597 -1.9319 -0.2263 0.4366 0.1001 0.3756 0.2012 0.8991
1305031461.3917 -1.9276 -0.2406 0.4435 0.0910 0.3776 0.2036 0.8987
1305031461.4276 -1.9226 -0.2470 0.4464 0.0901 0.3781 0.2017 0.8990
1305031461.4598 -1.9200 -0.2442 0.4510 0.0879 0.3787 0.2028 0.8987
1305031461.4917 -1.9121 -0.2627 0.4502 0.0812 0.3789 0.2063 0.8985
1305031461.5277 -1.9100 -0.2614 0.4503 0.0873 0.3794 0.2031 0.8984
1305031461.5597 -1.9015 -0.2612 0.4464 0.0863 0.3801 0.1996 0.8990
1305031461.5917 -1.8974 -0.2595 0.4447 0.0886 0.3874 0.1956 0.8966
1305031461.6275 -1.8932 -0.2564 0.4440 0.0881 0.3935 0.1959 0.8939
1305031461.6596 -1.8887 -0.2542 0.4431 0.0875 0.3986 0.1963 0.8916
1305031461.6916 -1.8842 -0.2456 0.4430 0.0891 0.4012 0.2017 0.8891
1305031461.7276 -1.8761 -0.2469 0.4391 0.0854 0.4017 0.2085 0.8876
1305031461.7597 -1.8699 -0.2379 0.4349 0.0865 0.4030 0.2107 0.8864
1305031461.7916 -1.8623 -0.2313 0.4312 0.0829 0.4057 0.2152 0.8844
1305031461.8276 -1.8547 -0.2255 0.4275 0.0821 0.4101 0.2205 0.8812
1305031461.8598 -1.8506 -0.2106 0.4265 0.0841 0.4149 0.2270 0.8771
1305031461.8917 -1.8487 -0.1964 0.4287 0.0827 0.4188 0.2388 0.8722
1305031461.9278 -1.8402 -0.1912 0.4260 0.0747 0.4184 0.2501 0.8699
1305031461.9597 -1.8299 -0.1846 0.4147 0.0686 0.4209 0.2543 0.8680
1305031461.9916 -1.8324 -0.1596 0.4207 0.0696 0.4313 0.2600 0.8611
1305031462.0277 -1.8334 -0.1574 0.4256 0.0593 0.4351 0.2732 0.8559
1305031462.0598 -1.8331 -0.1521 0.4276 0.0548 0.4323 0.2867 0.8532
1305031462.0918 -1.8295 -0.1437 0.4244 0.0516 0.4265 0.2985 0.8522
1305031462.1277 -1.8270 -0.1336 0.4207 0.0484 0.4229 0.3079 0.8509
1305031462.1596 -1.8266 -0.1306 0.4189 0.0426 0.4222 0.3154 0.8488
1305031462.1916 -1.8275 -0.1201 0.4172 0.0397 0.4223 0.3149 0.8491
1305031462.2276 -1.8305 -0.1107 0.4184 0.0343 0.4250 0.3152 0.8478
1305031462.2598 -1.8331 -0.1057 0.4209 0.0267 0.4267 0.3145 0.8475
1305031462.2916 -1.8363 -0.0980 0.4222 0.0194 0.4260 0.3109 0.8494
1305031462.3597 -1.8431 -0.0806 0.4273 0.0031 0.4280 0.2996 0.8527
1305031462.4920 -1.8542 -0.0499 0.4922 -0.0351 0.4343 0.2829 0.8545
1305031462.7277 -1.8842 -0.0219 0.4956 -0.0735 0.4219 0.2250 0.8752
1305031462.8278 -1.8963 -0.0199 0.4710 -0.0949 0.4086 0.2028 0.8848
1305031462.9276 -1.8886 -0.0018 0.4413 -0.1022 0.4013 0.1896 0.8903
1305031462.9955 -1.8799 0.0151 0.4141 -0.0965 0.3911 0.1818 0.8970
1305031463.0598 -1.8820 0.0150 0.3857 -0.0947 0.3827 0.1684 0.9034
1305031463.1598 -1.8737 0.0336 0.3416 -0.0885 0.3707 0.1375 0.9142
1305031463.2600 -1.8586 0.0479 0.3009 -0.0843 0.3638 0.1210 0.9197
1305031463.3598 -1.8382 0.0487 0.2579 -0.0833 0.3506 0.1108 0.9262
1305031463.4598 -1.8083 0.0346 0.2215 -0.0927 0.3387 0.1101 0.9298
1305031463.5277 -1.7786 0.0356 0.1943 -0.0930 0.3408 0.1065 0.9294
1305031463.6276 -1.7438 0.0376 0.1609 -0.0882 0.3401 0.1017 0.9307
1305031463.6956 -1.7240 0.0363 0.1276 -0.0763 0.3379 0.0940 0.9334
1305031463.7597 -1.6936 0.0079 0.0905 -0.0788 0.3350 0.0869 0.9349
1305031463.8278 -1.6729 -0.0062 0.0542 -0.0753 0.3336 0.0648 0.9375
1305031463.8599 -1.6623 -0.0225 0.0370 -0.0762 0.3337 0.0549 0.9380
1305031463.8956 -1.6540 -0.0303 0.0193 -0.0729 0.3332 0.0451 0.9390
1305031463.9597 -1.6398 -0.0582 -0.0134 -0.0752 0.3254 0.0344 0.9419
1305031463.9958 -1.6330 -0.0697 -0.0305 -0.0727 0.3207 0.0271 0.9440
1305031464.0277 -1.6273 -0.0763 -0.0476 -0.0716 0.3167 0.0181 0.9457
1305031464.0597 -1.6202 -0.0935 -0.0626 -0.0738 0.3148 0.0091 0.9462
1305031464.0956 -1.6179 -0.1041 -0.0769 -0.0705 0.3152 -0.0009 0.9464
1305031464.1277 -1.6210 -0.1113 -0.0889 -0.0673 0.3150 -0.0067 0.9467
1305031464.1598 -1.6223 -0.1250 -0.0981 -0.0641 0.3111 -0.0088 0.9482
1305031464.1956 -1.6241 -0.1362 -0.1074 -0.0564 0.3035 -0.0136 0.9511
1305031464.2276 -1.6262 -0.1355 -0.1186 -0.0465 0.2926 -0.0191 0.9549
1305031464.2596 -1.6266 -0.1346 -0.1299 -0.0415 0.2779 -0.0216 0.9595
1305031464.2957 -1.6187 -0.1395 -0.1425 -0.0421 0.2596 -0.0264 0.9644
1305031464.3279 -1.6088 -0.1483 -0.1559 -0.0438 0.2448 -0.0324 0.9680
1305031464.3597 -1.5999 -0.1608 -0.1683 -0.0431 0.2340 -0.0380 0.9705
1305031464.3956 -1.5857 -0.1668 -0.1854 -0.0398 0.2250 -0.0474 0.9724
1305031464.4276 -1.5772 -0.1718 -0.1997 -0.0388 0.2229 -0.0580 0.9724
1305031464.4597 -1.5741 -0.1828 -0.2115 -0.0384 0.2203 -0.0666 0.9724
1305031464.4956 -1.5615 -0.1917 -0.2292 -0.0373 0.2156 -0.0734 0.9730
1305031464.5276 -1.5562 -0.1953 -0.2458 -0.0358 0.2148 -0.0825 0.9725
1305031464.5597 -1.5447 -0.2103 -0.2633 -0.0409 0.2109 -0.0936 0.9722
1305031464.5957 -1.5324 -0.2430 -0.2826 -0.0428 0.2113 -0.1040 0.9709
1305031464.6277 -1.5242 -0.2577 -0.3010 -0.0325 0.2187 -0.1143 0.9685
1305031464.6597 -1.5185 -0.2705 -0.3152 -0.0227 0.2269 -0.1286 0.9651
1305031464.6957 -1.5203 -0.2954 -0.3206 -0.0129 0.2345 -0.1464 0.9609
1305031464.7277 -1.5232 -0.2975 -0.3256 0.0056 0.2369 -0.1647 0.9575
1305031464.7597 -1.5158 -0.2935 -0.3365 0.0177 0.2309 -0.1835 0.9553
1305031464.7960 -1.5182 -0.3028 -0.3331 0.0212 0.2244 -0.2008 0.9533
1305031464.8278 -1.5178 -0.3065 -0.3300 0.0281 0.2097 -0.2145 0.9535
1305031464.8597 -1.5045 -0.3014 -0.3337 0.0312 0.1900 -0.2290 0.9542
1305031464.8958 -1.4893 -0.3069 -0.3347 0.0240 0.1719 -0.2480 0.9531
1305031464.9278 -1.4821 -0.3313 -0.3270 0.0138 0.1593 -0.2679 0.9501
1305031464.9598 -1.4715 -0.3514 -0.3198 0.0124 0.1511 -0.2854 0.9463
1305031464.9957 -1.4550 -0.3572 -0.3134 0.0168 0.1457 -0.3036 0.9415
1305031465.0278 -1.4445 -0.3590 -0.2986 0.0192 0.1432 -0.3242 0.9349
1305031465.0597 -1.4303 -0.3407 -0.2827 0.0258 0.1350 -0.3424 0.9295
1305031465.0957 -1.3961 -0.3124 -0.2746 0.0220 0.1210 -0.3576 0.9257
1305031465.1277 -1.3731 -0.3094 -0.2598 0.0011 0.1110 -0.3701 0.9223
1305031465.1598 -1.3563 -0.3092 -0.2397 -0.0183 0.1037 -0.3765 0.9204
1305031465.1956 -1.3368 -0.3095 -0.2222 -0.0332 0.0957 -0.3820 0.9186
1305031465.2279 -1.3123 -0.3031 -0.2081 -0.0456 0.0890 -0.3856 0.9172
1305031465.2956 -1.2745 -0.2982 -0.1777 -0.0644 0.0764 -0.3746 0.9218
1305031465.3277 -1.2537 -0.2899 -0.1667 -0.0723 0.0676 -0.3616 0.9271
1305031465.3956 -1.2174 -0.2992 -0.1500 -0.0848 0.0386 -0.3382 0.9364
1305031465.4277 -1.1914 -0.3034 -0.1486 -0.0856 0.0253 -0.3275 0.9406
1305031465.4601 -1.1656 -0.2992 -0.1511 -0.0838 0.0147 -0.3145 0.9454
1305031465.4957 -1.1388 -0.2951 -0.1541 -0.0869 0.0057 -0.3052 0.9483
1305031465.5276 -1.1218 -0.3062 -0.1521 -0.0930 -0.0024 -0.3011 0.9491
1305031465.5598 -1.0969 -0.3104 -0.1570 -0.0895 -0.0126 -0.2951 0.9512
1305031465.5956 -1.0691 -0.3096 -0.1638 -0.0847 -0.0187 -0.2871 0.9540
1305031465.6277 -1.0489 -0.3046 -0.1725 -0.0802 -0.0225 -0.2780 0.9570
1305031465.6601 -1.0255 -0.3025 -0.1788 -0.0779 -0.0327 -0.2690 0.9594
1305031465.6957 -0.9948 -0.3049 -0.1843 -0.0744 -0.0424 -0.2624 0.9612
1305031465.7277 -0.9682 -0.3023 -0.1918 -0.0677 -0.0474 -0.2537 0.9638
1305031465.7598 -0.9401 -0.2957 -0.1995 -0.0607 -0.0532 -0.2453 0.9661
1305031465.7959 -0.9115 -0.2930 -0.2044 -0.0561 -0.0579 -0.2393 0.9676
1305031465.8280 -0.8861 -0.2940 -0.2092 -0.0492 -0.0632 -0.2338 0.9690
1305031465.8599 -0.8520 -0.2805 -0.2155 -0.0365 -0.0686 -0.2304 0.9700
1305031465.8955 -0.8176 -0.2743 -0.2184 -0.0320 -0.0670 -0.2284 0.9707
1305031465.9275 -0.7923 -0.2759 -0.2211 -0.0260 -0.0620 -0.2279 0.9714
1305031465.9597 -0.7650 -0.2677 -0.2276 -0.0128 -0.0578 -0.2299 0.9714
1305031465.9958 -0.7428 -0.2549 -0.2386 -0.0027 -0.0528 -0.2337 0.9709
1305031466.0276 -0.7175 -0.2442 -0.2478 0.0038 -0.0529 -0.2347 0.9706
1305031466.0598 -0.6931 -0.2298 -0.2566 0.0042 -0.0509 -0.2339 0.9709
1305031466.0958 -0.6765 -0.2217 -0.2675 -0.0008 -0.0500 -0.2339 0.9710
1305031466.1276 -0.6569 -0.2145 -0.2770 -0.0071 -0.0529 -0.2336 0.9709
1305031466.1604 -0.6407 -0.2078 -0.2910 -0.0133 -0.0557 -0.2315 0.9711
1305031466.1958 -0.6246 -0.1994 -0.3056 -0.0222 -0.0612 -0.2307 0.9709
1305031466.2280 -0.6064 -0.2031 -0.3141 -0.0363 -0.0679 -0.2348 0.9690
1305031466.2598 -0.5873 -0.2168 -0.3223 -0.0425 -0.0720 -0.2421 0.9666
1305031466.2957 -0.5649 -0.2174 -0.3351 -0.0381 -0.0702 -0.2539 0.9639
1305031466.3277 -0.5465 -0.2165 -0.3507 -0.0349 -0.0619 -0.2637 0.9620
1305031466.3598 -0.5341 -0.2196 -0.3654 -0.0387 -0.0518 -0.2701 0.9607
1305031466.3958 -0.5294 -0.2333 -0.3775 -0.0411 -0.0473 -0.2742 0.9596
1305031466.4278 -0.5153 -0.2310 -0.3939 -0.0347 -0.0508 -0.2780 0.9586
1305031466.4598 -0.4965 -0.2310 -0.4075 -0.0360 -0.0561 -0.2816 0.9572
1305031466.4958 -0.4744 -0.2361 -0.4150 -0.0407 -0.0602 -0.2822 0.9566
1305031466.5275 -0.4541 -0.2479 -0.4191 -0.0440 -0.0591 -0.2829 0.9563
1305031466.5604 -0.4317 -0.2461 -0.4288 -0.0432 -0.0556 -0.2845 0.9561
1305031466.5959 -0.4108 -0.2477 -0.4357 -0.0503 -0.0534 -0.2872 0.9550
1305031466.6275 -0.3944 -0.2688 -0.4345 -0.0595 -0.0512 -0.2918 0.9533
1305031466.6597 -0.3757 -0.2757 -0.4402 -0.0526 -0.0506 -0.2970 0.9521
1305031466.6958 -0.3514 -0.2718 -0.4490 -0.0500 -0.0531 -0.3034 0.9501
1305031466.7281 -0.3332 -0.2817 -0.4501 -0.0577 -0.0549 -0.3121 0.9467
1305031466.7596 -0.3177 -0.2956 -0.4491 -0.0565 -0.0566 -0.3202 0.9440
1305031466.7956 -0.2977 -0.2988 -0.4579 -0.0505 -0.0609 -0.3245 0.9426
1305031466.8279 -0.2786 -0.3042 -0.4661 -0.0543 -0.0652 -0.3260 0.9415
1305031466.8597 -0.2682 -0.3137 -0.4676 -0.0583 -0.0701 -0.3245 0.9415
1305031466.8957 -0.2518 -0.3231 -0.4792 -0.0586 -0.0833 -0.3234 0.9408
1305031466.9278 -0.2385 -0.3307 -0.4837 -0.0625 -0.0966 -0.3245 0.9389
1305031466.9597 -0.2274 -0.3406 -0.4841 -0.0653 -0.1048 -0.3262 0.9372
1305031466.9957 -0.2167 -0.3483 -0.4896 -0.0661 -0.1085 -0.3290 0.9357
1305031467.0278 -0.2027 -0.3572 -0.4941 -0.0671 -0.1128 -0.3327 0.9339
1305031467.0597 -0.1887 -0.3642 -0.4969 -0.0676 -0.1154 -0.3359 0.9324
1305031467.0957 -0.1734 -0.3713 -0.5024 -0.0696 -0.1165 -0.3405 0.9304
1305031467.1290 -0.1631 -0.3782 -0.5030 -0.0698 -0.1202 -0.3502 0.9263
1305031467.1597 -0.1515 -0.3860 -0.5060 -0.0692 -0.1242 -0.3566 0.9234
1305031467.1957 -0.1386 -0.3932 -0.5116 -0.0695 -0.1298 -0.3599 0.9213
1305031467.2277 -0.1265 -0.3988 -0.5139 -0.0700 -0.1370 -0.3645 0.9184
1305031467.2597 -0.1162 -0.4059 -0.5167 -0.0698 -0.1425 -0.3688 0.9159
1305031467.2958 -0.1043 -0.4130 -0.5215 -0.0691 -0.1488 -0.3742 0.9127
1305031467.3280 -0.0908 -0.4207 -0.5257 -0.0698 -0.1554 -0.3779 0.9100
1305031467.3597 -0.0776 -0.4289 -0.5326 -0.0753 -0.1611 -0.3786 0.9083
1305031467.3958 -0.0649 -0.4329 -0.5348 -0.0813 -0.1670 -0.3828 0.9050
1305031467.4278 -0.0529 -0.4380 -0.5359 -0.0831 -0.1728 -0.3856 0.9025
1305031467.4597 -0.0396 -0.4468 -0.5434 -0.0854 -0.1795 -0.3860 0.9008
1305031467.4961 -0.0247 -0.4536 -0.5503 -0.0911 -0.1852 -0.3899 0.8974
1305031467.5277 -0.0126 -0.4572 -0.5467 -0.0948 -0.1878 -0.3965 0.8936
1305031467.5598 -0.0027 -0.4643 -0.5448 -0.0944 -0.1896 -0.3985 0.8924
1305031467.5960 0.0081 -0.4740 -0.5468 -0.0957 -0.1912 -0.3961 0.8930
1305031467.6275 0.0183 -0.4825 -0.5433 -0.0947 -0.1972 -0.3925 0.8933
1305031467.6596 0.0237 -0.4938 -0.5403 -0.0911 -0.2034 -0.3894 0.8937
1305031467.6959 0.0298 -0.5032 -0.5393 -0.0895 -0.2068 -0.3921 0.8919
1305031467.7275 0.0338 -0.5096 -0.5276 -0.0852 -0.2104 -0.3966 0.8895
1305031467.7599 0.0366 -0.5183 -0.5186 -0.0802 -0.2139 -0.3985 0.8882
1305031467.7961 0.0410 -0.5234 -0.5097 -0.0762 -0.2178 -0.4005 0.8868
1305031467.8278 0.0412 -0.5302 -0.4912 -0.0719 -0.2220 -0.4007 0.8860
1305031467.8597 0.0400 -0.5392 -0.4790 -0.0673 -0.2274 -0.3967 0.8868
1305031467.8959 0.0418 -0.5435 -0.4681 -0.0639 -0.2351 -0.3953 0.8856
1305031467.9278 0.0413 -0.5512 -0.4500 -0.0623 -0.2434 -0.3981 0.8823
1305031467.9598 0.0400 -0.5576 -0.4296 -0.0562 -0.2506 -0.3995 0.8800
1305031467.9958 0.0468 -0.5583 -0.4140 -0.0514 -0.2546 -0.4016 0.8782
1305031468.0281 0.0421 -0.5673 -0.3926 -0.0532 -0.2546 -0.4054 0.8764
1305031468.0598 0.0360 -0.5782 -0.3747 -0.0494 -0.2578 -0.4072 0.8748
1305031468.0959 0.0405 -0.5817 -0.3570 -0.0464 -0.2629 -0.4079 0.8731
1305031468.1278 0.0357 -0.5926 -0.3359 -0.0486 -0.2648 -0.4092 0.8718
1305031468.1599 0.0323 -0.6021 -0.3189 -0.0467 -0.2671 -0.4123 0.8698
1305031468.1960 0.0318 -0.6116 -0.2991 -0.0464 -0.2687 -0.4157 0.8677
1305031468.2282 0.0254 -0.6259 -0.2815 -0.0481 -0.2673 -0.4170 0.8674
1305031468.2598 0.0213 -0.6380 -0.2638 -0.0475 -0.2657 -0.4168 0.8680
1305031468.2958 0.0163 -0.6512 -0.2477 -0.0475 -0.2633 -0.4178 0.8682
1305031468.3278 0.0067 -0.6701 -0.2311 -0.0465 -0.2615 -0.4171 0.8692
1305031468.3598 0.0061 -0.6812 -0.2195 -0.0420 -0.2600 -0.4130 0.8718
1305031468.4598 -0.0132 -0.7311 -0.1898 -0.0520 -0.2568 -0.4112 0.8731
1305031468.5278 -0.0327 -0.7640 -0.1741 -0.0548 -0.2524 -0.4176 0.8711
1305031468.5597 -0.0458 -0.7791 -0.1699 -0.0493 -0.2541 -0.4248 0.8675
1305031468.6596 -0.0862 -0.8151 -0.1581 -0.0578 -0.2562 -0.4317 0.8630
1305031468.6958 -0.1008 -0.8266 -0.1547 -0.0554 -0.2631 -0.4337 0.8600
1305031468.7278 -0.1093 -0.8341 -0.1502 -0.0525 -0.2705 -0.4333 0.8581
1305031468.7596 -0.1182 -0.8413 -0.1443 -0.0518 -0.2754 -0.4332 0.8566
1305031468.7958 -0.1345 -0.8552 -0.1377 -0.0498 -0.2788 -0.4373 0.8536
1305031468.8292 -0.1458 -0.8619 -0.1326 -0.0420 -0.2833 -0.4419 0.8501
1305031468.9281 -0.1630 -0.8769 -0.1111 -0.0422 -0.2739 -0.4454 0.8513
1305031468.9957 -0.1646 -0.8631 -0.1069 -0.0530 -0.2595 -0.4470 0.8544
1305031469.0598 -0.1891 -0.8729 -0.0921 -0.0844 -0.2455 -0.4602 0.8490
1305031469.1597 -0.1996 -0.8827 -0.0501 -0.1118 -0.2258 -0.4874 0.8361
1305031469.2278 -0.2197 -0.8822 -0.0331 -0.1201 -0.2055 -0.4968 0.8346
1305031469.2968 -0.2273 -0.8783 -0.0096 -0.1271 -0.1962 -0.5037 0.8317
1305031469.3276 -0.2297 -0.8723 0.0000 -0.1307 -0.1912 -0.5053 0.8313
1305031469.3596 -0.2292 -0.8732 0.0186 -0.1364 -0.1867 -0.5106 0.8282
1305031469.3957 -0.2321 -0.8722 0.0320 -0.1347 -0.1760 -0.5174 0.8266
1305031469.4277 -0.2306 -0.8611 0.0405 -0.1285 -0.1645 -0.5235 0.8261
1305031469.4597 -0.2302 -0.8499 0.0523 -0.1250 -0.1551 -0.5305 0.8239
1305031469.4957 -0.2337 -0.8338 0.0604 -0.1223 -0.1476 -0.5338 0.8236
1305031469.5276 -0.2284 -0.8210 0.0707 -0.1236 -0.1473 -0.5334 0.8237
1305031469.5596 -0.2245 -0.8117 0.0830 -0.1294 -0.1463 -0.5337 0.8228
1305031469.6596 -0.2166 -0.7840 0.1219 -0.1510 -0.1349 -0.5334 0.8212
1305031469.7596 -0.2054 -0.7444 0.1510 -0.1610 -0.1174 -0.5292 0.8248
1305031469.9279 -0.1974 -0.6502 0.1879 -0.1842 -0.1092 -0.5151 0.8299
1305031470.0596 -0.1916 -0.5475 0.1788 -0.1698 -0.1034 -0.5080 0.8381
1305031470.2276 -0.1986 -0.4506 0.1730 -0.1780 -0.1013 -0.4926 0.8458
1305031470.3958 -0.2218 -0.3642 0.1567 -0.2006 -0.0918 -0.4765 0.8510
1305031470.5597 -0.2577 -0.2972 0.1413 -0.2040 -0.0938 -0.4758 0.8504
1305031470.7277 -0.2927 -0.2437 0.1354 -0.2117 -0.0883 -0.4628 0.8563
1305031470.7597 -0.2998 -0.2370 0.1328 -0.2124 -0.0835 -0.4603 0.8579
1305031470.7956 -0.3040 -0.2274 0.1342 -0.2122 -0.0793 -0.4570 0.8602
1305031470.8278 -0.3112 -0.2177 0.1348 -0.2080 -0.0786 -0.4535 0.8631
1305031470.8596 -0.3195 -0.2096 0.1330 -0.2033 -0.0786 -0.4495 0.8663
1305031470.8957 -0.3276 -0.2000 0.1299 -0.1983 -0.0782 -0.4449 0.8698
1305031470.9277 -0.3347 -0.1917 0.1295 -0.1934 -0.0816 -0.4412 0.8725
1305031470.9596 -0.3451 -0.1867 0.1271 -0.1858 -0.0859 -0.4397 0.8745
1305031470.9960 -0.3500 -0.1816 0.1242 -0.1766 -0.0900 -0.4371 0.8773
1305031471.0276 -0.3586 -0.1788 0.1223 -0.1685 -0.0906 -0.4359 0.8794
1305031471.0596 -0.3676 -0.1751 0.1193 -0.1589 -0.0897 -0.4322 0.8831
1305031471.0958 -0.3736 -0.1693 0.1159 -0.1497 -0.0908 -0.4259 0.8877
1305031471.1277 -0.3798 -0.1664 0.1142 -0.1441 -0.0934 -0.4197 0.8913
1305031471.1596 -0.3846 -0.1638 0.1114 -0.1386 -0.0947 -0.4138 0.8948
1305031471.1957 -0.3886 -0.1606 0.1093 -0.1351 -0.0932 -0.4082 0.8980
1305031471.2276 -0.3934 -0.1568 0.1078 -0.1336 -0.0903 -0.4034 0.9007
1305031471.2597 -0.4001 -0.1544 0.1076 -0.1341 -0.0879 -0.4002 0.9023
1305031471.2961 -0.4064 -0.1536 0.1079 -0.1333 -0.0862 -0.3965 0.9042
1305031471.3276 -0.4085 -0.1523 0.1059 -0.1281 -0.0844 -0.3940 0.9062
1305031471.3596 -0.4098 -0.1500 0.1038 -0.1246 -0.0783 -0.3918 0.9082
1305031471.3957 -0.4197 -0.1510 0.1031 -0.1247 -0.0696 -0.3876 0.9107
1305031471.4277 -0.4245 -0.1468 0.0996 -0.1194 -0.0675 -0.3808 0.9144
1305031471.4596 -0.4275 -0.1436 0.0963 -0.1181 -0.0677 -0.3759 0.9166
1305031471.5597 -0.4377 -0.1369 0.0895 -0.1174 -0.0634 -0.3663 0.9209
1305031471.5957 -0.4402 -0.1352 0.0870 -0.1157 -0.0589 -0.3643 0.9222
1305031471.6276 -0.4428 -0.1339 0.0844 -0.1140 -0.0544 -0.3624 0.9234
1305031471.6596 -0.4441 -0.1336 0.0809 -0.1111 -0.0508 -0.3590 0.9253
1305031471.7958 -0.4475 -0.1310 0.0657 -0.1065 -0.0325 -0.3386 0.9343
1305031471.9956 -0.4508 -0.1089 0.0574 -0.1111 0.0045 -0.3123 0.9434
1305031472.3277 -0.4784 -0.1842 0.0983 -0.1996 0.0157 -0.2774 0.9397
1305031472.5957 -0.4865 -0.2008 0.1017 -0.1910 0.0079 -0.2704 0.9436
1305031472.8276 -0.4883 -0.2233 0.1137 -0.1838 0.0035 -0.2694 0.9453
