1305031453.4237 0.0004 0.0070 -0.0050 0.0031 0.0045 0.0069 1.0000
1305031453.4597 0.0067 0.0081 -0.0171 0.0052 0.0106 0.0161 0.9998
1305031453.4917 0.0062 0.0166 -0.0324 0.0112 0.0182 0.0261 0.9994
1305031453.5237 0.0077 0.0205 -0.0484 0.0172 0.0232 0.0344 0.9990
1305031453.5598 0.0123 0.0232 -0.0619 0.0223 0.0236 0.0401 0.9987
1305031453.5916 0.0110 0.0331 -0.0830 0.0319 0.0275 0.0460 0.9981
1305031453.6277 0.0047 0.0346 -0.0900 0.0370 0.0295 0.0497 0.9976
1305031453.6596 -0.0031 0.0416 -0.1050 0.0432 0.0285 0.0487 0.9975
1305031453.6917 -0.0055 0.0526 -0.1215 0.0513 0.0215 0.0433 0.9975
1305031453.7277 -0.0022 0.0527 -0.1350 0.0525 0.0129 0.0397 0.9977
1305031453.7597 -0.0142 0.0521 -0.1404 0.0541 0.0053 0.0336 0.9980
1305031453.7917 -0.0171 0.0521 -0.1615 0.0553 -0.0038 0.0265 0.9981
1305031453.8278 -0.0317 0.0573 -0.1663 0.0581 -0.0094 0.0197 0.9981
1305031453.8597 -0.0405 0.0643 -0.1774 0.0603 -0.0225 0.0128 0.9978
1305031453.8917 -0.0474 0.0656 -0.1766 0.0594 -0.0390 0.0088 0.9974
1305031453.9277 -0.0498 0.0674 -0.1823 0.0560 -0.0615 0.0027 0.9965
1305031453.9596 -0.0517 0.0691 -0.1866 0.0544 -0.0783 -0.0039 0.9954
1305031453.9916 -0.0632 0.0694 -0.1856 0.0539 -0.0898 -0.0123 0.9944
1305031454.0277 -0.0763 0.0683 -0.1856 0.0547 -0.1011 -0.0177 0.9932
1305031454.0597 -0.0885 0.0767 -0.1825 0.0578 -0.1112 -0.0256 0.9918
1305031454.0917 -0.1025 0.0819 -0.1702 0.0602 -0.1222 -0.0330 0.9901
1305031454.1277 -0.1124 0.0870 -0.1607 0.0650 -0.1367 -0.0440 0.9875
1305031454.1597 -0.1233 0.0880 -0.1569 0.0653 -0.1509 -0.0499 0.9851
1305031454.1917 -0.1463 0.0946 -0.1493 0.0667 -0.1627 -0.0579 0.9827
1305031454.2277 -0.1668 0.0977 -0.1463 0.0703 -0.1750 -0.0695 0.9796
1305031454.2596 -0.1771 0.0919 -0.1504 0.0702 -0.1863 -0.0803 0.9767
1305031454.2916 -0.1910 0.0992 -0.1471 0.0715 -0.1934 -0.0873 0.9746
1305031454.3277 -0.2112 0.1021 -0.1523 0.0728 -0.1989 -0.0973 0.9725
1305031454.3596 -0.2215 0.1049 -0.1623 0.0766 -0.2076 -0.1076 0.9692
1305031454.3917 -0.2383 0.1108 -0.1656 0.0781 -0.2115 -0.1145 0.9675
1305031454.4275 -0.2560 0.1175 -0.1729 0.0797 -0.2187 -0.1221 0.9648
1305031454.4599 -0.2715 0.1200 -0.1791 0.0808 -0.2246 -0.1294 0.9624
1305031454.4916 -0.2798 0.1243 -0.1797 0.0825 -0.2283 -0.1408 0.9598
1305031454.5277 -0.2899 0.1345 -0.1739 0.0850 -0.2346 -0.1536 0.9561
1305031454.5596 -0.3010 0.1452 -0.1606 0.0859 -0.2417 -0.1603 0.9532
1305031454.5916 -0.3164 0.1531 -0.1604 0.0855 -0.2491 -0.1695 0.9497
1305031454.6276 -0.3221 0.1597 -0.1512 0.0855 -0.2634 -0.1766 0.9445
1305031454.6595 -0.3383 0.1753 -0.1406 0.0861 -0.2728 -0.1802 0.9411
1305031454.6919 -0.3500 0.1809 -0.1387 0.0831 -0.2847 -0.1843 0.9371
1305031454.7277 -0.3587 0.1878 -0.1315 0.0825 -0.2971 -0.1875 0.9326
1305031454.7597 -0.3695 0.1916 -0.1193 0.0790 -0.3019 -0.1856 0.9317
1305031454.7916 -0.3720 0.1918 -0.1182 0.0749 -0.3037 -0.1819 0.9323
1305031454.8276 -0.3698 0.1961 -0.1100 0.0725 -0.3070 -0.1771 0.9323
1305031454.8596 -0.3768 0.2001 -0.1030 0.0671 -0.3046 -0.1705 0.9347
1305031454.8918 -0.3813 0.2061 -0.0986 0.0633 -0.3012 -0.1641 0.9372
1305031454.9276 -0.3858 0.2045 -0.0953 0.0578 -0.2984 -0.1609 0.9390
1305031454.9596 -0.3858 0.2058 -0.0951 0.0531 -0.2963 -0.1553 0.9409
1305031454.9919 -0.3901 0.2059 -0.0965 0.0487 -0.2943 -0.1508 0.9425
1305031455.0278 -0.3914 0.2114 -0.0966 0.0487 -0.2943 -0.1487 0.9428
1305031455.0596 -0.3924 0.2139 -0.0976 0.0468 -0.2932 -0.1465 0.9436
1305031455.0917 -0.3952 0.2152 -0.1019 0.0465 -0.2909 -0.1464 0.9443
1305031455.1277 -0.4002 0.2226 -0.1069 0.0483 -0.2868 -0.1459 0.9456
1305031455.1597 -0.4060 0.2253 -0.1100 0.0467 -0.2842 -0.1436 0.9468
1305031455.1917 -0.4132 0.2292 -0.1137 0.0446 -0.2815 -0.1399 0.9483
1305031455.2276 -0.4187 0.2310 -0.1167 0.0436 -0.2797 -0.1369 0.9493
1305031455.2596 -0.4234 0.2382 -0.1198 0.0422 -0.2770 -0.1324 0.9508
1305031455.2918 -0.4311 0.2386 -0.1166 0.0329 -0.2755 -0.1221 0.9530
1305031455.3278 -0.4422 0.2458 -0.1267 0.0287 -0.2719 -0.1125 0.9553
1305031455.3596 -0.4459 0.2532 -0.1193 0.0207 -0.2740 -0.1039 0.9559
1305031455.3917 -0.4492 0.2535 -0.1096 0.0095 -0.2746 -0.0933 0.9570
1305031455.4276 -0.4651 0.2604 -0.1171 0.0057 -0.2670 -0.0847 0.9600
1305031455.4596 -0.4747 0.2605 -0.1219 0.0022 -0.2650 -0.0788 0.9610
1305031455.4916 -0.4874 0.2634 -0.1314 -0.0004 -0.2608 -0.0725 0.9627
1305031455.5276 -0.5047 0.2618 -0.1442 -0.0050 -0.2557 -0.0623 0.9647
1305031455.5597 -0.5231 0.2626 -0.1562 -0.0069 -0.2555 -0.0521 0.9654
1305031455.5916 -0.5398 0.2639 -0.1705 -0.0093 -0.2543 -0.0416 0.9662
1305031455.6276 -0.5585 0.2627 -0.1799 -0.0130 -0.2510 -0.0319 0.9674
1305031455.6596 -0.5713 0.2624 -0.1857 -0.0110 -0.2495 -0.0265 0.9680
1305031455.6916 -0.5847 0.2630 -0.1966 -0.0079 -0.2467 -0.0275 0.9687
1305031455.7276 -0.5935 0.2619 -0.2032 -0.0060 -0.2447 -0.0306 0.9691
1305031455.7597 -0.5998 0.2597 -0.2095 -0.0055 -0.2420 -0.0322 0.9697
1305031455.7917 -0.6049 0.2534 -0.2182 -0.0054 -0.2397 -0.0316 0.9703
1305031455.8276 -0.6131 0.2534 -0.2286 -0.0026 -0.2369 -0.0317 0.9710
1305031455.8595 -0.6205 0.2521 -0.2362 -0.0021 -0.2356 -0.0320 0.9713
1305031455.8917 -0.6254 0.2497 -0.2428 -0.0017 -0.2344 -0.0323 0.9716
1305031455.9280 -0.6302 0.2456 -0.2492 -0.0025 -0.2326 -0.0331 0.9720
1305031455.9597 -0.6336 0.2446 -0.2559 -0.0019 -0.2308 -0.0342 0.9724
1305031455.9917 -0.6383 0.2426 -0.2592 -0.0031 -0.2286 -0.0354 0.9729
1305031456.0278 -0.6464 0.2489 -0.2680 -0.0040 -0.2231 -0.0387 0.9740
1305031456.0597 -0.6589 0.2355 -0.2746 -0.0136 -0.2181 -0.0484 0.9746
1305031456.0917 -0.6652 0.2286 -0.2774 -0.0174 -0.2154 -0.0513 0.9750
1305031456.1276 -0.6696 0.2254 -0.2808 -0.0182 -0.2133 -0.0520 0.9754
1305031456.1597 -0.6699 0.2193 -0.2793 -0.0192 -0.2122 -0.0524 0.9756
1305031456.1917 -0.6750 0.2061 -0.2811 -0.0181 -0.2064 -0.0495 0.9771
1305031456.2277 -0.6806 0.2070 -0.2886 -0.0162 -0.1978 -0.0466 0.9790
1305031456.2917 -0.6856 0.1818 -0.2822 -0.0221 -0.1822 -0.0384 0.9823
1305031456.3277 -0.6949 0.1722 -0.2785 -0.0219 -0.1726 -0.0294 0.9843
1305031456.3916 -0.7011 0.1529 -0.2703 -0.0253 -0.1541 -0.0193 0.9875
1305031456.4277 -0.7044 0.1443 -0.2675 -0.0246 -0.1481 -0.0086 0.9886
1305031456.4917 -0.7480 0.1597 -0.2661 -0.0255 -0.1374 0.0030 0.9902
1305031456.5276 -0.7711 0.1639 -0.2555 -0.0277 -0.1359 0.0071 0.9903
1305031456.5917 -0.7933 0.1765 -0.2453 -0.0252 -0.1309 0.0164 0.9909
1305031456.6276 -0.8039 0.1838 -0.2372 -0.0382 -0.1275 0.0217 0.9909
1305031456.6916 -0.8295 0.1653 -0.2149 -0.0529 -0.1218 0.0336 0.9906
1305031456.7277 -0.8582 0.1785 -0.2116 -0.0532 -0.1157 0.0434 0.9909
1305031456.7916 -0.8977 0.1663 -0.1980 -0.0585 -0.1214 0.0530 0.9895
1305031456.8276 -0.9167 0.1850 -0.1899 -0.0536 -0.1216 0.0609 0.9893
1305031456.8917 -0.9288 0.1767 -0.1661 -0.0666 -0.1231 0.0721 0.9875
1305031456.9277 -0.9435 0.1865 -0.1635 -0.0593 -0.1162 0.0783 0.9884
1305031456.9597 -0.9619 0.1971 -0.1604 -0.0592 -0.1093 0.0820 0.9888
1305031456.9917 -0.9740 0.1858 -0.1532 -0.0725 -0.1052 0.0841 0.9882
1305031457.0276 -0.9884 0.1850 -0.1519 -0.0744 -0.0997 0.0874 0.9884
1305031457.0917 -1.0012 0.1884 -0.1456 -0.0883 -0.0957 0.0946 0.9870
1305031457.1276 -1.0150 0.1785 -0.1444 -0.0935 -0.0880 0.0985 0.9868
1305031457.1917 -1.0393 0.1772 -0.1603 -0.0927 -0.0716 0.1130 0.9867
1305031457.2275 -1.0491 0.1724 -0.1626 -0.0964 -0.0664 0.1156 0.9864
1305031457.2917 -1.0654 0.1648 -0.1813 -0.0886 -0.0522 0.1317 0.9859
1305031457.3275 -1.0762 0.1628 -0.1884 -0.0886 -0.0436 0.1344 0.9860
1305031457.3917 -1.0976 0.1490 -0.2141 -0.0855 -0.0195 0.1510 0.9846
1305031457.4276 -1.1130 0.1436 -0.2215 -0.0855 -0.0110 0.1540 0.9843
1305031457.4917 -1.1393 0.1250 -0.2458 -0.0856 -0.0026 0.1650 0.9826
1305031457.5276 -1.1418 0.1242 -0.2554 -0.0814 -0.0016 0.1693 0.9822
1305031457.5597 -1.1506 0.1174 -0.2713 -0.0771 0.0033 0.1763 0.9813
1305031457.5917 -1.1611 0.1120 -0.2801 -0.0764 0.0074 0.1785 0.9809
1305031457.6275 -1.1754 0.0975 -0.2915 -0.0780 0.0118 0.1818 0.9802
1305031457.6596 -1.1938 0.1066 -0.3029 -0.0683 0.0162 0.1884 0.9796
1305031457.6916 -1.2037 0.0956 -0.3093 -0.0737 0.0172 0.1897 0.9789
1305031457.7277 -1.2173 0.0716 -0.3172 -0.0791 0.0200 0.1876 0.9788
1305031457.7596 -1.2188 0.0647 -0.3227 -0.0772 0.0204 0.1888 0.9788
1305031457.7916 -1.2260 0.0457 -0.3287 -0.0704 0.0258 0.1868 0.9795
1305031457.8277 -1.2351 0.0546 -0.3422 -0.0559 0.0323 0.1904 0.9796
1305031457.8596 -1.2446 0.0507 -0.3460 -0.0530 0.0387 0.1900 0.9796
1305031457.8916 -1.2584 0.0242 -0.3494 -0.0489 0.0499 0.1897 0.9793
1305031457.9276 -1.2717 0.0156 -0.3561 -0.0361 0.0565 0.1941 0.9787
1305031457.9916 -1.2955 -0.0078 -0.3624 -0.0264 0.0610 0.1986 0.9778
1305031458.0278 -1.2955 -0.0189 -0.3660 -0.0181 0.0631 0.2025 0.9771
1305031458.0597 -1.3084 -0.0108 -0.3702 -0.0076 0.0678 0.2057 0.9762
1305031458.0917 -1.3151 -0.0128 -0.3703 -0.0076 0.0699 0.2070 0.9758
1305031458.1276 -1.3221 -0.0203 -0.3680 -0.0093 0.0724 0.2074 0.9755
1305031458.1596 -1.3297 -0.0300 -0.3671 -0.0101 0.0739 0.2086 0.9752
1305031458.1916 -1.3464 -0.0350 -0.3592 -0.0098 0.0758 0.2117 0.9743
1305031458.2276 -1.3635 -0.0503 -0.3365 -0.0185 0.0759 0.2114 0.9743
1305031458.2599 -1.3784 -0.0782 -0.3195 -0.0234 0.0746 0.2104 0.9745
1305031458.2917 -1.3963 -0.0870 -0.3077 -0.0144 0.0729 0.2113 0.9746
1305031458.3276 -1.4141 -0.0912 -0.2888 -0.0115 0.0691 0.2132 0.9745
1305031458.3596 -1.4225 -0.1146 -0.2687 -0.0083 0.0653 0.2125 0.9749
1305031458.3916 -1.4312 -0.1149 -0.2520 0.0041 0.0626 0.2192 0.9737
1305031458.4276 -1.4368 -0.1104 -0.2316 0.0128 0.0616 0.2285 0.9715
1305031458.4596 -1.4335 -0.1173 -0.2256 0.0229 0.0642 0.2331 0.9701
1305031458.4917 -1.4284 -0.1264 -0.2169 0.0386 0.0707 0.2334 0.9690
1305031458.5277 -1.4393 -0.1261 -0.2138 0.0540 0.0800 0.2343 0.9674
1305031458.5596 -1.4461 -0.1226 -0.2066 0.0592 0.0853 0.2322 0.9671
1305031458.5916 -1.4600 -0.1299 -0.2010 0.0653 0.0927 0.2235 0.9681
1305031458.6277 -1.4733 -0.1203 -0.1829 0.0694 0.0948 0.2215 0.9680
1305031458.6596 -1.4817 -0.1277 -0.1560 0.0633 0.0909 0.2234 0.9684
1305031458.6917 -1.4794 -0.1268 -0.1261 0.0614 0.0747 0.2196 0.9708
1305031458.7276 -1.4825 -0.1274 -0.1040 0.0641 0.0618 0.2145 0.9727
1305031458.7599 -1.4929 -0.1303 -0.0884 0.0703 0.0496 0.2068 0.9746
1305031458.7916 -1.4981 -0.1290 -0.0690 0.0722 0.0354 0.1997 0.9765
1305031458.8276 -1.4919 -0.1350 -0.0392 0.0670 0.0267 0.1994 0.9773
1305031458.8917 -1.4976 -0.1353 -0.0166 0.0759 0.0257 0.1853 0.9794
1305031458.9276 -1.5065 -0.1338 -0.0138 0.0754 0.0310 0.1873 0.9789
1305031458.9596 -1.5075 -0.1461 -0.0088 0.0651 0.0335 0.1982 0.9774
1305031458.9916 -1.5168 -0.1557 -0.0025 0.0659 0.0375 0.1990 0.9770
1305031459.0277 -1.5475 -0.1470 0.0140 0.0820 0.0411 0.1957 0.9764
1305031459.0596 -1.5700 -0.1545 0.0244 0.0905 0.0370 0.2033 0.9742
1305031459.1276 -1.5720 -0.1483 0.1157 0.0967 0.0387 0.1937 0.9755
1305031459.1596 -1.5806 -0.1476 0.1235 0.1073 0.0116 0.1944 0.9750
1305031459.1917 -1.5876 -0.1464 0.1390 0.1148 -0.0070 0.2000 0.9730
1305031459.2276 -1.5906 -0.1446 0.1578 0.1189 -0.0221 0.2084 0.9705
1305031459.2598 -1.5912 -0.1438 0.1733 0.1185 -0.0257 0.2159 0.9689
1305031459.3276 -1.6018 -0.1397 0.2050 0.1117 0.0024 0.2402 0.9643
1305031459.3597 -1.6113 -0.1325 0.2172 0.1130 0.0255 0.2554 0.9599
1305031459.3917 -1.6308 -0.1175 0.2369 0.1096 0.0542 0.2768 0.9531
1305031459.4276 -1.6273 -0.1159 0.2525 0.0923 0.0838 0.3097 0.9426
1305031459.4597 -1.6381 -0.1194 0.2554 0.0840 0.1187 0.3453 0.9272
1305031459.5276 -1.6432 -0.1300 0.3533 0.0651 0.1490 0.3324 0.9290
1305031459.5596 -1.6472 -0.1399 0.3562 0.0555 0.1626 0.3591 0.9174
1305031459.5917 -1.6569 -0.1414 0.3607 0.0511 0.1672 0.3774 0.9094
1305031459.6276 -1.6647 -0.1406 0.3647 0.0484 0.1676 0.3875 0.9052
1305031459.6596 -1.6721 -0.1381 0.3687 0.0497 0.1721 0.3874 0.9043
1305031459.6916 -1.6872 -0.1474 0.3691 0.0433 0.1843 0.3937 0.8995
1305031459.7276 -1.6933 -0.1599 0.3685 0.0370 0.1893 0.3953 0.8981
1305031459.7917 -1.7186 -0.1876 0.3724 0.0351 0.1964 0.3930 0.8976
1305031459.8277 -1.7354 -0.2049 0.3765 0.0328 0.1991 0.3920 0.8976
1305031459.8597 -1.7535 -0.2240 0.3814 0.0285 0.2017 0.3911 0.8975
1305031459.8916 -1.7673 -0.2406 0.3901 0.0249 0.2010 0.3925 0.8972
1305031459.9276 -1.7769 -0.2603 0.3938 0.0217 0.1990 0.3955 0.8964
1305031459.9917 -1.7897 -0.2899 0.4047 0.0145 0.1944 0.4056 0.8930
1305031460.0276 -1.7981 -0.3028 0.4130 0.0134 0.1964 0.4073 0.8918
1305031460.0597 -1.8084 -0.3192 0.4187 0.0125 0.1978 0.4094 0.8906
1305031460.0917 -1.8216 -0.3446 0.4222 0.0109 0.1964 0.4144 0.8886
1305031460.1277 -1.8252 -0.3529 0.4290 0.0165 0.1872 0.4211 0.8873
1305031460.1597 -1.8387 -0.3608 0.4393 0.0237 0.1822 0.4246 0.8865
1305031460.1916 -1.8365 -0.3673 0.4520 0.0234 0.1748 0.4321 0.8844
1305031460.2278 -1.8354 -0.3666 0.4637 0.0258 0.1749 0.4319 0.8844
1305031460.2917 -1.8391 -0.3861 0.4733 0.0285 0.1912 0.4321 0.8809
1305031460.3275 -1.8418 -0.3903 0.4788 0.0306 0.1979 0.4324 0.8792
1305031460.3916 -1.8401 -0.3954 0.4957 0.0283 0.2144 0.4375 0.8728
1305031460.4275 -1.8412 -0.3967 0.5028 0.0293 0.2228 0.4409 0.8690
1305031460.4596 -1.8428 -0.3983 0.5099 0.0279 0.2359 0.4445 0.8637
1305031460.4915 -1.8431 -0.4040 0.5110 0.0207 0.2489 0.4489 0.8580
1305031460.5276 -1.8432 -0.4202 0.5145 0.0111 0.2611 0.4568 0.8503
1305031460.5596 -1.8439 -0.4314 0.5200 0.0045 0.2708 0.4594 0.8459
1305031460.5919 -1.8481 -0.4351 0.5261 0.0029 0.2784 0.4587 0.8439
1305031460.6276 -1.8447 -0.4395 0.5305 0.0011 0.2828 0.4608 0.8413
1305031460.6598 -1.8462 -0.4454 0.5342 -0.0002 0.2874 0.4609 0.8397
1305031460.6917 -1.8492 -0.4509 0.5371 -0.0022 0.2899 0.4610 0.8387
1305031460.7277 -1.8500 -0.4561 0.5424 -0.0047 0.2916 0.4610 0.8381
1305031460.7597 -1.8495 -0.4610 0.5457 -0.0064 0.2939 0.4599 0.8379
1305031460.7917 -1.8529 -0.4690 0.5505 -0.0084 0.2970 0.4595 0.8370
1305031460.8277 -1.8537 -0.4727 0.5556 -0.0107 0.2979 0.4577 0.8377
1305031460.8597 -1.8541 -0.4782 0.5597 -0.0143 0.2999 0.4565 0.8375
1305031460.8918 -1.8526 -0.4836 0.5630 -0.0181 0.3016 0.4550 0.8377
1305031460.9276 -1.8541 -0.4925 0.5683 -0.0219 0.3035 0.4549 0.8370
1305031460.9917 -1.8421 -0.5120 0.5803 -0.0255 0.3054 0.4580 0.8345
1305031461.0276 -1.8400 -0.5202 0.5889 -0.0258 0.3073 0.4587 0.8334
1305031461.0917 -1.8426 -0.5353 0.6095 -0.0240 0.3075 0.4577 0.8339
1305031461.1276 -1.8372 -0.5411 0.6158 -0.0257 0.3072 0.4564 0.8347
1305031461.1597 -1.8366 -0.5477 0.6256 -0.0235 0.3104 0.4533 0.8352
1305031461.1920 -1.8373 -0.5548 0.6370 -0.0233 0.3138 0.4488 0.8364
1305031461.2276 -1.8367 -0.5592 0.6411 -0.0236 0.3150 0.4479 0.8364
1305031461.2596 -1.8357 -0.5657 0.6503 -0.0231 0.3173 0.4434 0.8380
1305031461.2917 -1.8342 -0.5699 0.6587 -0.0225 0.3192 0.4378 0.8402
1305031461.3278 -1.8314 -0.5647 0.6638 -0.0196 0.3203 0.4346 0.8415
1305031461.3597 -1.8338 -0.5660 0.6707 -0.0220 0.3241 0.4317 0.8415
1305031461.3917 -1.8288 -0.5727 0.6788 -0.0281 0.3250 0.4319 0.8408
1305031461.4276 -1.8240 -0.5702 0.6822 -0.0271 0.3249 0.4308 0.8415
1305031461.4598 -1.8267 -0.5710 0.6870 -0.0290 0.3268 0.4304 0.8409
1305031461.4917 -1.8168 -0.5758 0.6881 -0.0318 0.3257 0.4322 0.8403
1305031461.5277 -1.8151 -0.5707 0.6903 -0.0273 0.3268 0.4285 0.8419
1305031461.5597 -1.8089 -0.5596 0.6879 -0.0251 0.3258 0.4263 0.8435
1305031461.5917 -1.7993 -0.5505 0.6771 -0.0250 0.3274 0.4237 0.8442
1305031461.6275 -1.7972 -0.5450 0.6758 -0.0269 0.3328 0.4231 0.8423
1305031461.6596 -1.7948 -0.5401 0.6758 -0.0280 0.3367 0.4225 0.8410
1305031461.6916 -1.7956 -0.5376 0.6779 -0.0297 0.3407 0.4258 0.8377
1305031461.7276 -1.7880 -0.5308 0.6775 -0.0309 0.3401 0.4305 0.8355
1305031461.7597 -1.7866 -0.5238 0.6747 -0.0313 0.3417 0.4310 0.8346
1305031461.7916 -1.7810 -0.5168 0.6727 -0.0360 0.3443 0.4343 0.8316
1305031461.8276 -1.7780 -0.5083 0.6685 -0.0378 0.3493 0.4370 0.8280
1305031461.8598 -1.7768 -0.5009 0.6591 -0.0400 0.3529 0.4427 0.8234
1305031461.8917 -1.7779 -0.4888 0.6632 -0.0448 0.3565 0.4539 0.8154
1305031461.9278 -1.7722 -0.4745 0.6676 -0.0494 0.3545 0.4657 0.8093
1305031461.9597 -1.7623 -0.4538 0.6557 -0.0515 0.3538 0.4688 0.8077
1305031461.9916 -1.7737 -0.4388 0.6558 -0.0582 0.3619 0.4733 0.8010
1305031462.0277 -1.7690 -0.4475 0.6681 -0.0777 0.3649 0.4840 0.7915
1305031462.0598 -1.7682 -0.4320 0.6644 -0.0783 0.3559 0.4970 0.7875
1305031462.0918 -1.7656 -0.4252 0.6646 -0.0833 0.3494 0.5086 0.7825
1305031462.1277 -1.7661 -0.4109 0.6617 -0.0831 0.3437 0.5190 0.7782
1305031462.1596 -1.7627 -0.3955 0.6580 -0.0847 0.3365 0.5266 0.7761
1305031462.1916 -1.7723 -0.3775 0.6578 -0.0803 0.3358 0.5242 0.7785
1305031462.2276 -1.7695 -0.3744 0.6603 -0.0908 0.3340 0.5250 0.7776
1305031462.2598 -1.7727 -0.3781 0.6639 -0.1023 0.3341 0.5218 0.7782
1305031462.2916 -1.7713 -0.3762 0.6709 -0.1126 0.3317 0.5180 0.7804
1305031462.3275 -1.7462 -0.3836 0.6757 -0.1338 0.3214 0.5222 0.7785
1305031462.3597 -1.7459 -0.3570 0.6793 -0.1320 0.3149 0.5172 0.7848
1305031462.3917 -1.7378 -0.2967 0.6974 -0.1183 0.2992 0.5138 0.7953
1305031462.4276 -1.7377 -0.3151 0.7357 -0.1407 0.3064 0.5061 0.7938
1305031462.4599 -1.7508 -0.3204 0.8012 -0.1504 0.3234 0.5007 0.7887
1305031462.4920 -1.7413 -0.3256 0.8301 -0.1672 0.3199 0.5005 0.7869
1305031462.5277 -1.7467 -0.3004 0.8687 -0.1610 0.3179 0.4995 0.7896
1305031462.5599 -1.7812 -0.2512 0.9403 -0.1378 0.3455 0.4787 0.7953
1305031462.5919 -1.7845 -0.2570 0.9490 -0.1459 0.3481 0.4701 0.7978
1305031462.6279 -1.7875 -0.2492 0.9520 -0.1475 0.3444 0.4611 0.8043
1305031462.6597 -1.7962 -0.2364 0.9522 -0.1423 0.3443 0.4505 0.8114
1305031462.6925 -1.7977 -0.2318 0.9397 -0.1448 0.3369 0.4400 0.8198
1305031462.7277 -1.8010 -0.2127 0.9308 -0.1381 0.3265 0.4297 0.8305
1305031462.7598 -1.7997 -0.1861 0.9219 -0.1296 0.3124 0.4198 0.8422
1305031462.7919 -1.8002 -0.1857 0.9203 -0.1334 0.3089 0.4129 0.8464
1305031462.8278 -1.7963 -0.1859 0.9275 -0.1439 0.3018 0.4064 0.8503
1305031462.8598 -1.7937 -0.1866 0.9266 -0.1538 0.2994 0.3979 0.8535
1305031462.8918 -1.7897 -0.1770 0.9198 -0.1534 0.2960 0.3949 0.8561
1305031462.9276 -1.7883 -0.1757 0.9143 -0.1548 0.2949 0.3917 0.8577
1305031462.9597 -1.7859 -0.1628 0.9006 -0.1508 0.2906 0.3871 0.8620
1305031462.9955 -1.7845 -0.1583 0.8998 -0.1482 0.2888 0.3845 0.8642
1305031463.0277 -1.7889 -0.1302 0.8876 -0.1309 0.2839 0.3750 0.8728
1305031463.0598 -1.7918 -0.1338 0.8743 -0.1310 0.2819 0.3662 0.8771
1305031463.0958 -1.7905 -0.1149 0.8695 -0.1256 0.2775 0.3562 0.8834
1305031463.1275 -1.7882 -0.1089 0.8626 -0.1235 0.2759 0.3530 0.8855
1305031463.1598 -1.7912 -0.1121 0.8440 -0.1218 0.2773 0.3424 0.8894
1305031463.1957 -1.7900 -0.1136 0.8375 -0.1248 0.2776 0.3364 0.8912
1305031463.2278 -1.7813 -0.0926 0.8264 -0.1195 0.2734 0.3304 0.8955
1305031463.2600 -1.7866 -0.0863 0.8149 -0.1131 0.2773 0.3227 0.8979
1305031463.2957 -1.7824 -0.0854 0.8058 -0.1136 0.2769 0.3197 0.8990
1305031463.3277 -1.7766 -0.0735 0.8008 -0.1102 0.2732 0.3169 0.9016
1305031463.3598 -1.7771 -0.0784 0.7867 -0.1094 0.2736 0.3143 0.9024
1305031463.3956 -1.7735 -0.0765 0.7791 -0.1082 0.2720 0.3122 0.9038
1305031463.4277 -1.7687 -0.0673 0.7747 -0.1059 0.2719 0.3077 0.9056
1305031463.4598 -1.7603 -0.0486 0.7712 -0.1008 0.2721 0.3026 0.9079
1305031463.4956 -1.7517 -0.0338 0.7751 -0.0981 0.2761 0.3030 0.9068
1305031463.5277 -1.7373 -0.0256 0.7650 -0.0984 0.2798 0.3014 0.9062
1305031463.5598 -1.7240 -0.0114 0.7534 -0.0920 0.2791 0.2985 0.9080
1305031463.5956 -1.7106 -0.0010 0.7422 -0.0903 0.2748 0.2986 0.9095
1305031463.6276 -1.6967 -0.0022 0.7357 -0.0929 0.2750 0.2981 0.9093
1305031463.6598 -1.6885 0.0001 0.7139 -0.0842 0.2768 0.2917 0.9117
1305031463.6956 -1.6788 0.0051 0.6957 -0.0821 0.2755 0.2892 0.9131
1305031463.7276 -1.6731 -0.0072 0.6890 -0.0885 0.2823 0.2822 0.9126
1305031463.7597 -1.6563 -0.0091 0.6672 -0.0839 0.2827 0.2734 0.9156
1305031463.7956 -1.6489 -0.0155 0.6437 -0.0818 0.2848 0.2631 0.9181
1305031463.8278 -1.6284 -0.0224 0.6192 -0.0867 0.2799 0.2516 0.9224
1305031463.8599 -1.6088 -0.0259 0.6001 -0.0831 0.2790 0.2469 0.9243
1305031463.8956 -1.6077 -0.0316 0.5792 -0.0800 0.2824 0.2341 0.9268
1305031463.9277 -1.5974 -0.0309 0.5670 -0.0786 0.2793 0.2291 0.9291
1305031463.9597 -1.5781 -0.0424 0.5403 -0.0769 0.2710 0.2254 0.9327
1305031463.9958 -1.5784 -0.0404 0.5268 -0.0697 0.2710 0.2135 0.9360
1305031464.0277 -1.5771 -0.0466 0.5153 -0.0702 0.2711 0.2049 0.9379
1305031464.0597 -1.5534 -0.0577 0.4903 -0.0707 0.2643 0.1974 0.9414
1305031464.0956 -1.5498 -0.0591 0.4746 -0.0646 0.2656 0.1851 0.9439
1305031464.1277 -1.5545 -0.0618 0.4670 -0.0619 0.2679 0.1790 0.9447
1305031464.1598 -1.5533 -0.0730 0.4578 -0.0576 0.2662 0.1769 0.9458
1305031464.1956 -1.5473 -0.0829 0.4431 -0.0477 0.2597 0.1728 0.9489
1305031464.2276 -1.5470 -0.0893 0.4277 -0.0383 0.2506 0.1666 0.9529
1305031464.2596 -1.5520 -0.0839 0.4234 -0.0301 0.2384 0.1651 0.9566
1305031464.2957 -1.5514 -0.0885 0.4211 -0.0285 0.2243 0.1614 0.9606
1305031464.3279 -1.5290 -0.0802 0.4124 -0.0248 0.2067 0.1550 0.9657
1305031464.3597 -1.5210 -0.0873 0.4044 -0.0231 0.2000 0.1497 0.9680
1305031464.3956 -1.5127 -0.0936 0.3970 -0.0203 0.1963 0.1406 0.9702
1305031464.4276 -1.5057 -0.0934 0.3835 -0.0195 0.1954 0.1317 0.9717
1305031464.4597 -1.5064 -0.0998 0.3719 -0.0186 0.1956 0.1241 0.9726
1305031464.4956 -1.5001 -0.1069 0.3624 -0.0189 0.1943 0.1185 0.9736
1305031464.5276 -1.4970 -0.1125 0.3454 -0.0196 0.1947 0.1113 0.9743
1305031464.5597 -1.4853 -0.1181 0.3310 -0.0224 0.1919 0.1036 0.9757
1305031464.5957 -1.4598 -0.1392 0.3070 -0.0240 0.1921 0.0906 0.9769
1305031464.6277 -1.4503 -0.1455 0.2859 -0.0134 0.2033 0.0826 0.9755
1305031464.6597 -1.4421 -0.1572 0.2685 -0.0052 0.2148 0.0719 0.9740
1305031464.6957 -1.4266 -0.1759 0.2562 0.0037 0.2230 0.0538 0.9733
1305031464.7277 -1.4200 -0.1821 0.2451 0.0204 0.2267 0.0377 0.9730
1305031464.7597 -1.4261 -0.1808 0.2399 0.0331 0.2279 0.0206 0.9729
1305031464.7960 -1.4321 -0.1918 0.2379 0.0370 0.2257 0.0017 0.9735
1305031464.8278 -1.4321 -0.1836 0.2512 0.0490 0.2140 -0.0144 0.9755
1305031464.8597 -1.4339 -0.1707 0.2555 0.0565 0.1987 -0.0323 0.9779
1305031464.8958 -1.4099 -0.1724 0.2553 0.0537 0.1797 -0.0476 0.9811
1305031464.9278 -1.3849 -0.2011 0.2550 0.0448 0.1642 -0.0671 0.9831
1305031464.9598 -1.3752 -0.2226 0.2561 0.0432 0.1587 -0.0845 0.9828
1305031464.9957 -1.3629 -0.2152 0.2675 0.0499 0.1572 -0.1040 0.9808
1305031465.0278 -1.3622 -0.2124 0.2780 0.0521 0.1582 -0.1235 0.9783
1305031465.0597 -1.3641 -0.1985 0.2892 0.0577 0.1546 -0.1438 0.9758
1305031465.0957 -1.3445 -0.1550 0.3146 0.0591 0.1434 -0.1602 0.9748
1305031465.1277 -1.3157 -0.1520 0.3373 0.0406 0.1284 -0.1716 0.9759
1305031465.1598 -1.2954 -0.1591 0.3613 0.0207 0.1159 -0.1771 0.9771
1305031465.1956 -1.2764 -0.1647 0.3810 0.0045 0.1052 -0.1848 0.9771
1305031465.2279 -1.2565 -0.1490 0.4106 -0.0062 0.0981 -0.1902 0.9768
1305031465.2598 -1.2434 -0.1594 0.4368 -0.0230 0.0910 -0.1912 0.9771
1305031465.2956 -1.2297 -0.1422 0.4602 -0.0239 0.0853 -0.1802 0.9796
1305031465.3277 -1.2211 -0.1305 0.4675 -0.0323 0.0757 -0.1721 0.9816
1305031465.3599 -1.2132 -0.1333 0.4806 -0.0386 0.0627 -0.1608 0.9842
1305031465.3956 -1.1836 -0.1275 0.4901 -0.0378 0.0449 -0.1477 0.9873
1305031465.4277 -1.1608 -0.1203 0.4951 -0.0349 0.0328 -0.1390 0.9891
1305031465.4601 -1.1483 -0.1147 0.4931 -0.0330 0.0260 -0.1294 0.9907
1305031465.4957 -1.1264 -0.1058 0.4917 -0.0347 0.0175 -0.1186 0.9922
1305031465.5276 -1.1124 -0.1107 0.4937 -0.0379 0.0110 -0.1157 0.9925
1305031465.5598 -1.0969 -0.1087 0.4893 -0.0348 0.0049 -0.1115 0.9931
1305031465.5956 -1.0824 -0.1003 0.4853 -0.0303 0.0017 -0.1059 0.9939
1305031465.6277 -1.0719 -0.0926 0.4824 -0.0269 -0.0007 -0.0995 0.9947
1305031465.6601 -1.0589 -0.0888 0.4772 -0.0248 -0.0065 -0.0940 0.9952
1305031465.6957 -1.0399 -0.0813 0.4738 -0.0204 -0.0129 -0.0894 0.9957
1305031465.7277 -1.0261 -0.0747 0.4693 -0.0158 -0.0153 -0.0827 0.9963
1305031465.7598 -1.0104 -0.0642 0.4643 -0.0101 -0.0190 -0.0771 0.9968
1305031465.7959 -0.9951 -0.0602 0.4558 -0.0080 -0.0209 -0.0728 0.9971
1305031465.8280 -0.9774 -0.0568 0.4502 -0.0031 -0.0244 -0.0688 0.9973
1305031465.8599 -0.9506 -0.0436 0.4377 0.0062 -0.0286 -0.0661 0.9974
1305031465.8955 -0.9255 -0.0373 0.4284 0.0081 -0.0243 -0.0645 0.9976
1305031465.9275 -0.9018 -0.0345 0.4265 0.0117 -0.0187 -0.0637 0.9977
1305031465.9597 -0.8782 -0.0213 0.4196 0.0214 -0.0129 -0.0649 0.9976
1305031465.9958 -0.8578 -0.0137 0.4130 0.0262 -0.0079 -0.0668 0.9974
1305031466.0276 -0.8375 -0.0083 0.4052 0.0288 -0.0084 -0.0687 0.9972
1305031466.0598 -0.8181 0.0190 0.4032 0.0316 -0.0070 -0.0684 0.9971
1305031466.0958 -0.8082 0.0411 0.3970 0.0304 -0.0073 -0.0691 0.9971
1305031466.1276 -0.7945 0.0569 0.3957 0.0246 -0.0108 -0.0688 0.9973
1305031466.1604 -0.7848 0.0761 0.3916 0.0223 -0.0137 -0.0656 0.9975
1305031466.1958 -0.7723 0.0903 0.3833 0.0144 -0.0203 -0.0630 0.9977
1305031466.2280 -0.7588 0.0897 0.3823 -0.0008 -0.0269 -0.0644 0.9976
1305031466.2598 -0.7382 0.0832 0.3752 -0.0048 -0.0318 -0.0698 0.9970
1305031466.2957 -0.7146 0.0830 0.3621 -0.0040 -0.0310 -0.0790 0.9964
1305031466.3277 -0.6975 0.0828 0.3486 -0.0057 -0.0231 -0.0860 0.9960
1305031466.3598 -0.6835 0.0921 0.3372 -0.0079 -0.0149 -0.0946 0.9954
1305031466.3958 -0.6728 0.0767 0.3206 -0.0120 -0.0130 -0.0968 0.9951
1305031466.4278 -0.6661 0.0781 0.3057 -0.0090 -0.0144 -0.1005 0.9948
1305031466.4598 -0.6559 0.0843 0.2923 -0.0088 -0.0175 -0.1029 0.9945
1305031466.4958 -0.6423 0.0901 0.2870 -0.0111 -0.0198 -0.1020 0.9945
1305031466.5275 -0.6175 0.0814 0.2739 -0.0143 -0.0208 -0.1023 0.9944
1305031466.5604 -0.6015 0.0856 0.2573 -0.0153 -0.0164 -0.1041 0.9943
1305031466.5959 -0.5801 0.0878 0.2485 -0.0247 -0.0171 -0.1082 0.9937
1305031466.6275 -0.5531 0.0709 0.2453 -0.0324 -0.0183 -0.1128 0.9929
1305031466.6597 -0.5292 0.0616 0.2333 -0.0308 -0.0178 -0.1163 0.9926
1305031466.6958 -0.5157 0.0690 0.2234 -0.0296 -0.0187 -0.1227 0.9918
1305031466.7281 -0.4959 0.0671 0.2271 -0.0370 -0.0217 -0.1336 0.9901
1305031466.7596 -0.4718 0.0584 0.2253 -0.0365 -0.0248 -0.1384 0.9894
1305031466.7956 -0.4604 0.0589 0.2162 -0.0332 -0.0261 -0.1428 0.9889
1305031466.8279 -0.4471 0.0629 0.2100 -0.0341 -0.0292 -0.1438 0.9886
1305031466.8597 -0.4429 0.0617 0.2131 -0.0357 -0.0313 -0.1426 0.9886
1305031466.8957 -0.4304 0.0597 0.2078 -0.0349 -0.0412 -0.1427 0.9883
1305031466.9278 -0.4186 0.0556 0.2051 -0.0368 -0.0544 -0.1443 0.9874
1305031466.9597 -0.4101 0.0512 0.2046 -0.0379 -0.0602 -0.1470 0.9866
1305031466.9957 -0.4037 0.0467 0.1988 -0.0390 -0.0623 -0.1487 0.9861
1305031467.0278 -0.3977 0.0467 0.1945 -0.0387 -0.0636 -0.1507 0.9858
1305031467.0597 -0.3834 0.0445 0.1899 -0.0387 -0.0666 -0.1523 0.9853
1305031467.0957 -0.3749 0.0482 0.1865 -0.0385 -0.0670 -0.1541 0.9850
1305031467.1290 -0.3692 0.0499 0.1866 -0.0380 -0.0685 -0.1599 0.9840
1305031467.1597 -0.3617 0.0513 0.1856 -0.0366 -0.0703 -0.1646 0.9832
1305031467.1957 -0.3555 0.0516 0.1818 -0.0361 -0.0730 -0.1667 0.9826
1305031467.2277 -0.3468 0.0523 0.1809 -0.0354 -0.0778 -0.1700 0.9817
1305031467.2597 -0.3416 0.0538 0.1802 -0.0339 -0.0805 -0.1729 0.9811
1305031467.2958 -0.3324 0.0547 0.1770 -0.0326 -0.0843 -0.1762 0.9802
1305031467.3280 -0.3240 0.0546 0.1709 -0.0319 -0.0876 -0.1786 0.9795
1305031467.3597 -0.3125 0.0604 0.1634 -0.0318 -0.0924 -0.1797 0.9789
1305031467.3958 -0.3014 0.0632 0.1636 -0.0348 -0.0982 -0.1833 0.9775
1305031467.4278 -0.2927 0.0648 0.1606 -0.0347 -0.1020 -0.1852 0.9768
1305031467.4597 -0.2851 0.0652 0.1543 -0.0346 -0.1056 -0.1861 0.9762
1305031467.4961 -0.2765 0.0908 0.1544 -0.0313 -0.1090 -0.1880 0.9756
1305031467.5277 -0.2657 0.0935 0.1578 -0.0325 -0.1121 -0.1922 0.9744
1305031467.5598 -0.2563 0.0936 0.1603 -0.0319 -0.1133 -0.1930 0.9741
1305031467.5960 -0.2479 0.0914 0.1583 -0.0322 -0.1146 -0.1917 0.9742
1305031467.6275 -0.2410 0.0916 0.1597 -0.0304 -0.1177 -0.1890 0.9744
1305031467.6596 -0.2360 0.0812 0.1666 -0.0283 -0.1217 -0.1895 0.9739
1305031467.6959 -0.2322 0.0806 0.1686 -0.0264 -0.1231 -0.1910 0.9735
1305031467.7275 -0.2258 0.0779 0.1750 -0.0235 -0.1249 -0.1953 0.9725
1305031467.7599 -0.2234 0.0788 0.1861 -0.0177 -0.1262 -0.2000 0.9715
1305031467.7961 -0.2225 0.0763 0.1859 -0.0148 -0.1267 -0.2023 0.9710
1305031467.8278 -0.2184 0.0680 0.1933 -0.0122 -0.1292 -0.2039 0.9703
1305031467.8597 -0.2187 0.0656 0.1996 -0.0049 -0.1313 -0.2026 0.9704
1305031467.8959 -0.2210 0.0613 0.2024 -0.0018 -0.1342 -0.2024 0.9701
1305031467.9278 -0.2208 0.0590 0.2185 0.0021 -0.1386 -0.2071 0.9684
1305031467.9598 -0.2158 0.0522 0.2350 0.0082 -0.1435 -0.2098 0.9671
1305031467.9958 -0.2105 0.0556 0.2398 0.0117 -0.1450 -0.2111 0.9666
1305031468.0281 -0.2064 0.0516 0.2572 0.0114 -0.1455 -0.2133 0.9660
1305031468.0598 -0.2046 0.0335 0.2705 0.0123 -0.1483 -0.2164 0.9649
1305031468.0959 -0.2016 0.0336 0.2786 0.0144 -0.1503 -0.2173 0.9644
1305031468.1278 -0.1988 0.0274 0.2904 0.0133 -0.1516 -0.2178 0.9641
1305031468.1599 -0.1946 0.0213 0.2996 0.0142 -0.1532 -0.2189 0.9635
1305031468.1960 -0.1854 0.0159 0.3127 0.0143 -0.1547 -0.2213 0.9628
1305031468.2282 -0.1758 0.0051 0.3278 0.0130 -0.1558 -0.2219 0.9624
1305031468.2598 -0.1639 -0.0059 0.3453 0.0127 -0.1571 -0.2203 0.9626
1305031468.2958 -0.1516 -0.0190 0.3587 0.0119 -0.1574 -0.2208 0.9625
1305031468.3278 -0.1363 -0.0427 0.3840 0.0109 -0.1608 -0.2188 0.9624
1305031468.3598 -0.1267 -0.0554 0.4025 0.0131 -0.1606 -0.2129 0.9637
1305031468.3959 -0.1214 -0.0625 0.4094 0.0122 -0.1602 -0.2128 0.9638
1305031468.4280 -0.1164 -0.0773 0.4292 0.0094 -0.1606 -0.2119 0.9640
1305031468.4598 -0.1148 -0.1049 0.4384 0.0045 -0.1612 -0.2077 0.9648
1305031468.4958 -0.1078 -0.1114 0.4517 0.0041 -0.1623 -0.2070 0.9648
1305031468.5278 -0.1094 -0.1308 0.4711 0.0029 -0.1616 -0.2117 0.9639
1305031468.5597 -0.1214 -0.1503 0.4664 0.0076 -0.1594 -0.2235 0.9616
1305031468.5958 -0.1261 -0.1497 0.4656 0.0117 -0.1590 -0.2286 0.9604
1305031468.6276 -0.1289 -0.1545 0.4720 0.0090 -0.1594 -0.2285 0.9604
1305031468.6596 -0.1402 -0.1837 0.4770 0.0051 -0.1613 -0.2322 0.9592
1305031468.6958 -0.1535 -0.2017 0.4807 0.0081 -0.1646 -0.2374 0.9573
1305031468.7278 -0.1606 -0.2105 0.4808 0.0135 -0.1682 -0.2390 0.9562
1305031468.7596 -0.1645 -0.2200 0.4840 0.0144 -0.1710 -0.2393 0.9557
1305031468.7958 -0.1737 -0.2395 0.4868 0.0181 -0.1732 -0.2433 0.9542
1305031468.8292 -0.1872 -0.2449 0.4780 0.0274 -0.1724 -0.2521 0.9518
1305031468.8597 -0.1872 -0.2459 0.4793 0.0299 -0.1723 -0.2551 0.9510
1305031468.8959 -0.1776 -0.2545 0.4997 0.0296 -0.1719 -0.2566 0.9507
1305031468.9281 -0.1810 -0.2621 0.4905 0.0271 -0.1633 -0.2546 0.9528
1305031468.9596 -0.1982 -0.2654 0.4884 0.0218 -0.1542 -0.2549 0.9543
1305031468.9957 -0.2000 -0.2561 0.4925 0.0113 -0.1494 -0.2593 0.9541
1305031469.0277 -0.2088 -0.2626 0.5036 -0.0083 -0.1444 -0.2649 0.9534
1305031469.0598 -0.2199 -0.2799 0.5177 -0.0258 -0.1420 -0.2693 0.9522
1305031469.0957 -0.2147 -0.2852 0.5242 -0.0366 -0.1426 -0.2762 0.9498
1305031469.1277 -0.2140 -0.2918 0.5429 -0.0502 -0.1376 -0.2856 0.9471
1305031469.1597 -0.2100 -0.3058 0.5654 -0.0628 -0.1330 -0.2926 0.9449
1305031469.1955 -0.2153 -0.3043 0.5727 -0.0678 -0.1209 -0.2950 0.9454
1305031469.2278 -0.2177 -0.3061 0.5835 -0.0706 -0.1172 -0.2967 0.9451
1305031469.2596 -0.2273 -0.3102 0.6049 -0.0796 -0.1118 -0.3000 0.9440
1305031469.2968 -0.2281 -0.3071 0.6180 -0.0816 -0.1085 -0.3024 0.9435
1305031469.3276 -0.2247 -0.2958 0.6279 -0.0814 -0.1067 -0.3050 0.9429
1305031469.3596 -0.2179 -0.3011 0.6503 -0.0889 -0.1060 -0.3106 0.9404
1305031469.3957 -0.2133 -0.2991 0.6708 -0.0879 -0.0963 -0.3149 0.9401
1305031469.4277 -0.2167 -0.2980 0.6817 -0.0871 -0.0839 -0.3217 0.9391
1305031469.4597 -0.2131 -0.2929 0.6973 -0.0864 -0.0770 -0.3295 0.9370
1305031469.4957 -0.2189 -0.2778 0.7073 -0.0835 -0.0710 -0.3319 0.9369
1305031469.5276 -0.2141 -0.2712 0.7159 -0.0851 -0.0726 -0.3306 0.9371
1305031469.5596 -0.2131 -0.2523 0.7312 -0.0860 -0.0720 -0.3315 0.9368
1305031469.5958 -0.2055 -0.2244 0.7401 -0.0849 -0.0708 -0.3260 0.9389
1305031469.6278 -0.2059 -0.1989 0.7584 -0.0876 -0.0665 -0.3250 0.9393
1305031469.6596 -0.2036 -0.1831 0.7718 -0.0883 -0.0633 -0.3235 0.9400
1305031469.6956 -0.2065 -0.1697 0.7894 -0.0924 -0.0579 -0.3222 0.9404
1305031469.7277 -0.2077 -0.1422 0.8018 -0.0897 -0.0508 -0.3181 0.9425
1305031469.7596 -0.2025 -0.1288 0.8111 -0.0931 -0.0485 -0.3146 0.9434
1305031469.7956 -0.2155 -0.1024 0.8279 -0.0966 -0.0402 -0.3099 0.9450
1305031469.8275 -0.2152 -0.0801 0.8434 -0.0967 -0.0421 -0.3046 0.9466
1305031469.8596 -0.2219 -0.0671 0.8491 -0.1041 -0.0423 -0.3042 0.9460
1305031469.8958 -0.2297 -0.0544 0.8627 -0.1103 -0.0421 -0.3025 0.9458
1305031469.9279 -0.2346 -0.0290 0.8768 -0.1092 -0.0433 -0.2961 0.9479
1305031469.9598 -0.2443 -0.0124 0.8836 -0.1101 -0.0447 -0.2950 0.9481
1305031469.9956 -0.2513 0.0021 0.8943 -0.1112 -0.0459 -0.2923 0.9487
1305031470.0277 -0.2589 0.0266 0.9009 -0.1108 -0.0474 -0.2903 0.9493
1305031470.0596 -0.2705 0.0418 0.9037 -0.1121 -0.0466 -0.2917 0.9488
1305031470.0959 -0.2835 0.0533 0.9107 -0.1165 -0.0452 -0.2890 0.9491
1305031470.1276 -0.2924 0.0753 0.9107 -0.1161 -0.0439 -0.2858 0.9502
1305031470.1596 -0.3094 0.0982 0.9168 -0.1144 -0.0398 -0.2832 0.9514
1305031470.1961 -0.3179 0.1178 0.9227 -0.1147 -0.0411 -0.2775 0.9530
1305031470.2276 -0.3292 0.1198 0.9141 -0.1234 -0.0420 -0.2779 0.9517
1305031470.2600 -0.3369 0.1399 0.9237 -0.1245 -0.0434 -0.2709 0.9535
1305031470.2957 -0.3517 0.1535 0.9198 -0.1289 -0.0390 -0.2699 0.9534
1305031470.3276 -0.3626 0.1772 0.9249 -0.1284 -0.0377 -0.2655 0.9548
1305031470.3596 -0.3751 0.1882 0.9239 -0.1338 -0.0369 -0.2600 0.9556
1305031470.3958 -0.3835 0.1954 0.9257 -0.1391 -0.0421 -0.2559 0.9557
1305031470.4276 -0.3972 0.2134 0.9289 -0.1367 -0.0420 -0.2558 0.9561
1305031470.4597 -0.4049 0.2221 0.9273 -0.1354 -0.0467 -0.2556 0.9561
1305031470.4957 -0.4170 0.2307 0.9274 -0.1353 -0.0496 -0.2549 0.9562
1305031470.5277 -0.4265 0.2391 0.9277 -0.1341 -0.0507 -0.2538 0.9566
1305031470.5597 -0.4368 0.2467 0.9275 -0.1342 -0.0511 -0.2553 0.9562
1305031470.5958 -0.4475 0.2579 0.9287 -0.1321 -0.0502 -0.2498 0.9579
1305031470.6277 -0.4574 0.2691 0.9321 -0.1319 -0.0500 -0.2448 0.9592
1305031470.6597 -0.4699 0.2774 0.9326 -0.1321 -0.0470 -0.2414 0.9602
1305031470.6956 -0.4803 0.2868 0.9346 -0.1317 -0.0469 -0.2373 0.9613
1305031470.7277 -0.4924 0.2959 0.9384 -0.1293 -0.0455 -0.2355 0.9622
1305031470.7597 -0.4967 0.3001 0.9377 -0.1282 -0.0440 -0.2330 0.9630
1305031470.7956 -0.5026 0.3052 0.9399 -0.1278 -0.0410 -0.2296 0.9640
1305031470.8278 -0.5136 0.3157 0.9415 -0.1198 -0.0371 -0.2241 0.9665
1305031470.8596 -0.5210 0.3171 0.9412 -0.1161 -0.0390 -0.2188 0.9681
1305031470.8957 -0.5318 0.3272 0.9402 -0.1081 -0.0372 -0.2104 0.9709
1305031470.9277 -0.5402 0.3318 0.9422 -0.1028 -0.0410 -0.2060 0.9723
1305031470.9596 -0.5477 0.3331 0.9391 -0.0913 -0.0461 -0.2048 0.9734
1305031470.9960 -0.5549 0.3346 0.9351 -0.0810 -0.0465 -0.2047 0.9744
1305031471.0276 -0.5603 0.3337 0.9344 -0.0710 -0.0472 -0.2029 0.9755
1305031471.0596 -0.5646 0.3314 0.9317 -0.0606 -0.0482 -0.1998 0.9768
1305031471.0958 -0.5680 0.3335 0.9261 -0.0503 -0.0502 -0.1927 0.9787
1305031471.1277 -0.5739 0.3335 0.9233 -0.0439 -0.0515 -0.1848 0.9804
1305031471.1596 -0.5747 0.3414 0.9223 -0.0320 -0.0534 -0.1791 0.9819
1305031471.1957 -0.5752 0.3425 0.9216 -0.0291 -0.0543 -0.1749 0.9826
1305031471.2276 -0.5781 0.3450 0.9211 -0.0270 -0.0531 -0.1717 0.9834
1305031471.2597 -0.5814 0.3460 0.9218 -0.0263 -0.0525 -0.1699 0.9837
1305031471.2961 -0.5834 0.3450 0.9224 -0.0257 -0.0524 -0.1671 0.9842
1305031471.3276 -0.5843 0.3471 0.9219 -0.0212 -0.0507 -0.1635 0.9850
1305031471.3596 -0.5852 0.3504 0.9216 -0.0181 -0.0468 -0.1606 0.9857
1305031471.3957 -0.5893 0.3477 0.9222 -0.0182 -0.0423 -0.1557 0.9867
1305031471.4277 -0.5915 0.3495 0.9189 -0.0141 -0.0422 -0.1496 0.9877
1305031471.4596 -0.5937 0.3514 0.9174 -0.0127 -0.0431 -0.1464 0.9882
1305031471.4965 -0.6016 0.3545 0.9156 -0.0114 -0.0407 -0.1419 0.9890
1305031471.5276 -0.6030 0.3558 0.9151 -0.0105 -0.0410 -0.1394 0.9893
1305031471.5597 -0.6035 0.3571 0.9152 -0.0097 -0.0408 -0.1383 0.9895
1305031471.5957 -0.6037 0.3571 0.9138 -0.0095 -0.0392 -0.1370 0.9897
1305031471.6276 -0.6051 0.3588 0.9123 -0.0078 -0.0367 -0.1373 0.9898
1305031471.6596 -0.6062 0.3567 0.9093 -0.0079 -0.0340 -0.1358 0.9901
1305031471.6956 -0.6082 0.3544 0.9052 -0.0089 -0.0312 -0.1338 0.9905
1305031471.7275 -0.6114 0.3519 0.9006 -0.0116 -0.0268 -0.1305 0.9910
1305031471.7597 -0.6117 0.3518 0.9007 -0.0125 -0.0229 -0.1220 0.9922
1305031471.7958 -0.6195 0.3541 0.8961 -0.0114 -0.0114 -0.1175 0.9929
1305031471.8276 -0.6206 0.3565 0.8945 -0.0118 -0.0090 -0.1152 0.9932
1305031471.8597 -0.6214 0.3629 0.8941 -0.0117 -0.0060 -0.1076 0.9941
1305031471.8956 -0.6185 0.3703 0.8950 -0.0126 -0.0056 -0.1029 0.9946
1305031471.9277 -0.6232 0.3670 0.8958 -0.0212 0.0022 -0.0945 0.9953
1305031471.9596 -0.6250 0.3691 0.9015 -0.0213 0.0085 -0.0902 0.9957
1305031471.9956 -0.6264 0.3768 0.8962 -0.0190 0.0150 -0.0882 0.9958
1305031472.0276 -0.6289 0.3877 0.8967 -0.0158 0.0189 -0.0876 0.9958
1305031472.0597 -0.6296 0.3918 0.9024 -0.0156 0.0208 -0.0844 0.9961
1305031472.0956 -0.6304 0.3914 0.8994 -0.0185 0.0230 -0.0768 0.9966
1305031472.1276 -0.6318 0.4058 0.9008 -0.0136 0.0248 -0.0759 0.9967
1305031472.1596 -0.6386 0.4097 0.9107 -0.0132 0.0277 -0.0759 0.9966
1305031472.1957 -0.6447 0.4123 0.9197 -0.0103 0.0312 -0.0720 0.9969
1305031472.2276 -0.6506 0.4272 0.9259 0.0032 0.0364 -0.0798 0.9961
1305031472.2638 -0.6548 0.4389 0.9339 0.0160 0.0408 -0.0812 0.9957
1305031472.2957 -0.6531 0.4406 0.9330 0.0232 0.0398 -0.0785 0.9959
1305031472.3277 -0.6557 0.4378 0.9280 0.0272 0.0406 -0.0779 0.9958
1305031472.3636 -0.6557 0.4381 0.9273 0.0273 0.0397 -0.0768 0.9959
1305031472.3956 -0.6583 0.4379 0.9306 0.0282 0.0391 -0.0755 0.9960
1305031472.4277 -0.6615 0.4360 0.9317 0.0294 0.0378 -0.0767 0.9959
1305031472.4636 -0.6625 0.4355 0.9311 0.0312 0.0380 -0.0770 0.9958
1305031472.4956 -0.6614 0.4353 0.9316 0.0315 0.0398 -0.0788 0.9956
1305031472.5276 -0.6596 0.4267 0.9326 0.0287 0.0396 -0.0775 0.9958
1305031472.5636 -0.6590 0.4241 0.9319 0.0334 0.0386 -0.0745 0.9959
1305031472.5957 -0.6595 0.4219 0.9282 0.0384 0.0373 -0.0741 0.9958
1305031472.6277 -0.6599 0.4183 0.9282 0.0374 0.0373 -0.0745 0.9958
1305031472.6636 -0.6600 0.4174 0.9295 0.0391 0.0376 -0.0741 0.9958
1305031472.6958 -0.6584 0.4159 0.9300 0.0410 0.0364 -0.0717 0.9959
1305031472.7276 -0.6521 0.4071 0.9291 0.0407 0.0308 -0.0676 0.9964
1305031472.7636 -0.6527 0.4081 0.9300 0.0435 0.0320 -0.0688 0.9962
1305031472.7956 -0.6521 0.4033 0.9296 0.0442 0.0329 -0.0713 0.9959
1305031472.8276 -0.6536 0.3981 0.9277 0.0472 0.0339 -0.0701 0.9958
1305031472.8636 -0.6531 0.3980 0.9271 0.0500 0.0329 -0.0689 0.9958
1305031472.8957 -0.6528 0.4004 0.9290 0.0524 0.0319 -0.0675 0.9958
1305031472.9277 -0.6520 0.3980 0.9301 0.0512 0.0308 -0.0669 0.9960
1305031472.9638 -0.6522 0.3989 0.9314 0.0526 0.0313 -0.0661 0.9959
1305031472.9957 -0.6528 0.3988 0.9321 0.0523 0.0311 -0.0659 0.9960
1305031473.0276 -0.6517 0.3979 0.9326 0.0515 0.0296 -0.0662 0.9960
1305031473.0637 -0.6517 0.3966 0.9333 0.0507 0.0295 -0.0667 0.9960
1305031473.0957 -0.6514 0.3957 0.9337 0.0507 0.0298 -0.0677 0.9960
1305031473.1277 -0.6516 0.3959 0.9345 0.0514 0.0308 -0.0685 0.9959
1305031473.1671 -0.6522 0.3939 0.9355 0.0509 0.0305 -0.0690 0.9959
1305031473.1961 -0.6526 0.3910 0.9353 0.0499 0.0303 -0.0695 0.9959
