1305031453.3917 0.0000 0.0000 0.0000 0.0000 0.0000 0.0000 1.0000
1305031453.5237 0.0108 0.0229 -0.0381 0.0186 0.0220 0.0383 0.9988
1305031453.6277 0.0082 0.0439 -0.0786 0.0410 0.0281 0.0544 0.9973
1305031453.7277 -0.0062 0.0707 -0.1227 0.0604 0.0136 0.0435 0.9971
1305031453.8278 -0.0279 0.0929 -0.1608 0.0719 -0.0122 0.0218 0.9971
1305031453.9277 -0.0618 0.1115 -0.1773 0.0716 -0.0579 0.0041 0.9957
1305031453.9596 -0.0689 0.1153 -0.1863 0.0688 -0.0743 -0.0056 0.9948
1305031453.9916 -0.0796 0.1163 -0.1858 0.0673 -0.0860 -0.0167 0.9939
1305031454.0277 -0.0892 0.1184 -0.1890 0.0693 -0.0986 -0.0265 0.9924
1305031454.0597 -0.0972 0.1226 -0.1945 0.0702 -0.1106 -0.0382 0.9906
1305031454.0917 -0.1085 0.1234 -0.1900 0.0709 -0.1222 -0.0509 0.9887
1305031454.1277 -0.1156 0.1237 -0.1876 0.0743 -0.1374 -0.0637 0.9857
1305031454.1597 -0.1225 0.1274 -0.1920 0.0748 -0.1533 -0.0764 0.9824
1305031454.1917 -0.1325 0.1266 -0.1920 0.0721 -0.1698 -0.0910 0.9786
1305031454.2277 -0.1468 0.1237 -0.1888 0.0742 -0.1859 -0.1097 0.9736
1305031454.2596 -0.1475 0.1260 -0.1917 0.0797 -0.1999 -0.1240 0.9687
1305031454.2916 -0.1537 0.1304 -0.1928 0.0789 -0.2077 -0.1360 0.9655
1305031454.3277 -0.1716 0.1318 -0.1975 0.0797 -0.2136 -0.1497 0.9621
1305031454.3596 -0.1774 0.1353 -0.1962 0.0874 -0.2255 -0.1650 0.9562
1305031454.3917 -0.1850 0.1420 -0.1985 0.0901 -0.2325 -0.1771 0.9521
1305031454.4275 -0.1986 0.1480 -0.2010 0.0926 -0.2426 -0.1920 0.9464
1305031454.4599 -0.1973 0.1492 -0.1994 0.0957 -0.2545 -0.2077 0.9396
1305031454.4916 -0.2040 0.1538 -0.2017 0.0981 -0.2583 -0.2243 0.9345
1305031454.5277 -0.2078 0.1621 -0.2030 0.0993 -0.2639 -0.2401 0.9289
1305031454.5596 -0.2144 0.1671 -0.2064 0.0964 -0.2683 -0.2538 0.9243
1305031454.5916 -0.2272 0.1763 -0.2086 0.0949 -0.2749 -0.2704 0.9178
1305031454.6276 -0.2304 0.1805 -0.2078 0.0932 -0.2874 -0.2838 0.9100
1305031454.6595 -0.2329 0.1897 -0.2075 0.0889 -0.2983 -0.2912 0.9046
1305031454.6919 -0.2341 0.1899 -0.2066 0.0810 -0.3114 -0.2979 0.8987
1305031454.7277 -0.2339 0.1936 -0.2000 0.0767 -0.3250 -0.3030 0.8926
1305031454.7597 -0.2286 0.1952 -0.1955 0.0698 -0.3329 -0.3000 0.8912
1305031454.7916 -0.2254 0.2009 -0.1942 0.0648 -0.3360 -0.2933 0.8927
1305031454.8276 -0.2183 0.2091 -0.1913 0.0601 -0.3382 -0.2867 0.8943
1305031454.8596 -0.2150 0.2152 -0.1890 0.0543 -0.3358 -0.2803 0.8976
1305031454.8918 -0.2122 0.2220 -0.1894 0.0501 -0.3309 -0.2736 0.9018
1305031454.9276 -0.2102 0.2300 -0.1906 0.0458 -0.3251 -0.2673 0.9059
1305031454.9596 -0.2116 0.2367 -0.1942 0.0413 -0.3192 -0.2618 0.9099
1305031454.9919 -0.2157 0.2438 -0.1993 0.0378 -0.3153 -0.2562 0.9130
1305031455.0278 -0.2159 0.2557 -0.2033 0.0380 -0.3142 -0.2532 0.9142
1305031455.0596 -0.2194 0.2605 -0.2059 0.0353 -0.3113 -0.2519 0.9156
1305031455.0917 -0.2239 0.2677 -0.2106 0.0374 -0.3077 -0.2515 0.9169
1305031455.1277 -0.2284 0.2803 -0.2161 0.0393 -0.3026 -0.2495 0.9190
1305031455.1597 -0.2374 0.2914 -0.2225 0.0385 -0.2970 -0.2451 0.9221
1305031455.1917 -0.2466 0.2989 -0.2259 0.0341 -0.2934 -0.2393 0.9249
1305031455.2276 -0.2560 0.3056 -0.2312 0.0333 -0.2897 -0.2341 0.9274
1305031455.2596 -0.2617 0.3204 -0.2371 0.0323 -0.2847 -0.2277 0.9306
1305031455.2918 -0.2753 0.3236 -0.2421 0.0221 -0.2782 -0.2187 0.9350
1305031455.3278 -0.2869 0.3340 -0.2501 0.0168 -0.2745 -0.2086 0.9385
1305031455.3596 -0.2920 0.3444 -0.2529 0.0096 -0.2730 -0.2025 0.9404
1305031455.3917 -0.3028 0.3451 -0.2561 -0.0022 -0.2659 -0.1950 0.9441
1305031455.4276 -0.3176 0.3498 -0.2636 -0.0101 -0.2578 -0.1851 0.9482
1305031455.4596 -0.3311 0.3498 -0.2704 -0.0165 -0.2539 -0.1766 0.9508
1305031455.4916 -0.3424 0.3544 -0.2797 -0.0213 -0.2498 -0.1658 0.9538
1305031455.5276 -0.3594 0.3516 -0.2880 -0.0288 -0.2458 -0.1527 0.9568
1305031455.5597 -0.3757 0.3527 -0.3000 -0.0321 -0.2454 -0.1395 0.9588
1305031455.5916 -0.3873 0.3576 -0.3121 -0.0348 -0.2460 -0.1255 0.9605
1305031455.6276 -0.4020 0.3525 -0.3162 -0.0420 -0.2449 -0.1129 0.9620
1305031455.6596 -0.4170 0.3499 -0.3261 -0.0401 -0.2430 -0.1070 0.9633
1305031455.6916 -0.4304 0.3520 -0.3384 -0.0357 -0.2412 -0.1076 0.9638
1305031455.7276 -0.4432 0.3492 -0.3493 -0.0338 -0.2382 -0.1123 0.9641
1305031455.7597 -0.4564 0.3469 -0.3625 -0.0326 -0.2325 -0.1154 0.9652
1305031455.7917 -0.4713 0.3393 -0.3748 -0.0320 -0.2271 -0.1141 0.9666
1305031455.8276 -0.4835 0.3380 -0.3897 -0.0289 -0.2240 -0.1135 0.9675
1305031455.8595 -0.4944 0.3330 -0.4018 -0.0291 -0.2223 -0.1148 0.9678
1305031455.8917 -0.5036 0.3296 -0.4140 -0.0289 -0.2199 -0.1150 0.9683
1305031455.9280 -0.5139 0.3248 -0.4239 -0.0299 -0.2165 -0.1155 0.9690
1305031455.9597 -0.5226 0.3244 -0.4370 -0.0284 -0.2128 -0.1180 0.9695
1305031455.9917 -0.5303 0.3224 -0.4459 -0.0298 -0.2085 -0.1203 0.9701
1305031456.0278 -0.5386 0.3284 -0.4585 -0.0316 -0.2015 -0.1251 0.9710
1305031456.0597 -0.5514 0.3210 -0.4631 -0.0413 -0.1958 -0.1329 0.9707
1305031456.0917 -0.5631 0.3114 -0.4669 -0.0476 -0.1915 -0.1380 0.9706
1305031456.1276 -0.5727 0.3059 -0.4721 -0.0490 -0.1874 -0.1392 0.9711
1305031456.1597 -0.5819 0.2944 -0.4725 -0.0516 -0.1825 -0.1392 0.9719
1305031456.1917 -0.5903 0.2865 -0.4764 -0.0470 -0.1750 -0.1366 0.9739
1305031456.2277 -0.5963 0.2922 -0.4824 -0.0415 -0.1652 -0.1328 0.9764
1305031456.2917 -0.6227 0.2752 -0.4819 -0.0426 -0.1417 -0.1255 0.9810
1305031456.3277 -0.6333 0.2697 -0.4805 -0.0388 -0.1314 -0.1185 0.9835
1305031456.3916 -0.6559 0.2640 -0.4746 -0.0346 -0.1068 -0.1089 0.9877
1305031456.4277 -0.6732 0.2695 -0.4728 -0.0262 -0.0947 -0.1018 0.9899
1305031456.4917 -0.7113 0.2871 -0.4660 -0.0286 -0.0842 -0.0904 0.9919
1305031456.5276 -0.7234 0.2875 -0.4563 -0.0351 -0.0860 -0.0849 0.9921
1305031456.5917 -0.7432 0.2915 -0.4423 -0.0374 -0.0820 -0.0734 0.9932
1305031456.6276 -0.7547 0.3044 -0.4345 -0.0472 -0.0759 -0.0677 0.9937
1305031456.6916 -0.7908 0.2875 -0.4125 -0.0635 -0.0634 -0.0523 0.9946
1305031456.7916 -0.8426 0.2931 -0.3870 -0.0716 -0.0684 -0.0286 0.9947
1305031457.0276 -0.9228 0.3227 -0.3377 -0.0867 -0.0455 0.0076 0.9952
1305031457.1917 -0.9833 0.3231 -0.3474 -0.1011 -0.0113 0.0331 0.9943
1305031457.2917 -1.0205 0.3067 -0.3666 -0.0987 0.0118 0.0513 0.9937
1305031457.3917 -1.0642 0.2939 -0.3952 -0.0929 0.0472 0.0693 0.9921
1305031457.4917 -1.1125 0.2758 -0.4253 -0.0905 0.0638 0.0852 0.9902
1305031457.5597 -1.1374 0.2631 -0.4471 -0.0836 0.0726 0.0923 0.9896
1305031457.6596 -1.1862 0.2530 -0.4751 -0.0758 0.0847 0.1027 0.9882
1305031457.7277 -1.2085 0.2267 -0.4842 -0.0858 0.0858 0.1046 0.9871
1305031457.7916 -1.2263 0.1968 -0.4956 -0.0786 0.0914 0.1028 0.9874
1305031457.8277 -1.2390 0.1992 -0.5071 -0.0667 0.0988 0.1034 0.9875
1305031457.8916 -1.2667 0.1654 -0.5110 -0.0612 0.1159 0.1045 0.9859
1305031457.9276 -1.2843 0.1639 -0.5168 -0.0468 0.1210 0.1093 0.9855
1305031457.9916 -1.3074 0.1480 -0.5189 -0.0359 0.1228 0.1150 0.9851
1305031458.0278 -1.3162 0.1360 -0.5171 -0.0283 0.1258 0.1160 0.9848
1305031458.0597 -1.3324 0.1440 -0.5170 -0.0171 0.1314 0.1184 0.9841
1305031458.0917 -1.3483 0.1440 -0.5117 -0.0165 0.1366 0.1202 0.9832
1305031458.1276 -1.3628 0.1339 -0.5019 -0.0189 0.1409 0.1206 0.9825
1305031458.1596 -1.3779 0.1233 -0.4931 -0.0184 0.1438 0.1230 0.9818
1305031458.1916 -1.3956 0.1286 -0.4841 -0.0164 0.1443 0.1274 0.9812
1305031458.2276 -1.4082 0.1208 -0.4700 -0.0245 0.1415 0.1288 0.9812
1305031458.2599 -1.4189 0.0914 -0.4503 -0.0313 0.1391 0.1264 0.9817
1305031458.2917 -1.4343 0.0894 -0.4415 -0.0217 0.1349 0.1266 0.9825
1305031458.3276 -1.4430 0.0859 -0.4273 -0.0198 0.1278 0.1295 0.9831
1305031458.3596 -1.4473 0.0671 -0.4074 -0.0159 0.1223 0.1310 0.9837
1305031458.3916 -1.4566 0.0724 -0.3968 -0.0015 0.1186 0.1345 0.9838
1305031458.4276 -1.4603 0.0719 -0.3834 0.0063 0.1171 0.1429 0.9828
1305031458.4596 -1.4555 0.0606 -0.3668 0.0149 0.1195 0.1509 0.9812
1305031458.4917 -1.4554 0.0535 -0.3502 0.0338 0.1284 0.1507 0.9796
1305031458.5277 -1.4734 0.0789 -0.3319 0.0591 0.1414 0.1476 0.9771
1305031458.5596 -1.4810 0.0845 -0.3115 0.0676 0.1508 0.1455 0.9755
1305031458.5916 -1.4913 0.0862 -0.2894 0.0772 0.1577 0.1396 0.9745
1305031458.6277 -1.5061 0.1140 -0.2688 0.0853 0.1592 0.1345 0.9743
1305031458.6596 -1.5163 0.1145 -0.2445 0.0788 0.1561 0.1347 0.9753
1305031458.6917 -1.5209 0.1160 -0.2216 0.0734 0.1413 0.1286 0.9788
1305031458.7276 -1.5077 0.1089 -0.1997 0.0700 0.1226 0.1210 0.9826
1305031458.7599 -1.5156 0.1144 -0.1835 0.0771 0.1089 0.1099 0.9849
1305031458.7916 -1.5144 0.1255 -0.1717 0.0775 0.0920 0.1011 0.9876
1305031458.8276 -1.5076 0.1224 -0.1566 0.0704 0.0814 0.0995 0.9892
1305031458.8917 -1.5054 0.1179 -0.1351 0.0774 0.0775 0.0888 0.9900
1305031458.9276 -1.5172 0.1230 -0.1291 0.0764 0.0857 0.0939 0.9889
1305031458.9596 -1.5215 0.1135 -0.1215 0.0670 0.0911 0.1070 0.9878
1305031458.9916 -1.5268 0.0896 -0.1131 0.0649 0.0944 0.1132 0.9869
1305031459.0277 -1.5465 0.0845 -0.1066 0.0756 0.0939 0.1129 0.9863
1305031459.0596 -1.5669 0.0736 -0.0964 0.0832 0.0885 0.1232 0.9849
1305031459.1276 -1.5802 0.0864 -0.1115 0.0849 0.0908 0.1165 0.9854
1305031459.1596 -1.5888 0.1044 -0.1185 0.0947 0.0873 0.1147 0.9850
1305031459.1917 -1.5982 0.1060 -0.1092 0.1011 0.0689 0.1209 0.9851
1305031459.2276 -1.6027 0.1077 -0.0974 0.1040 0.0554 0.1321 0.9842
1305031459.2598 -1.6037 0.1156 -0.0834 0.1053 0.0516 0.1407 0.9831
1305031459.3276 -1.5806 0.1552 -0.0478 0.1129 0.0498 0.1426 0.9821
1305031459.3597 -1.5895 0.1656 -0.0356 0.1190 0.0738 0.1617 0.9769
1305031459.3917 -1.6044 0.1876 -0.0193 0.1210 0.1003 0.1836 0.9704
1305031459.4276 -1.5947 0.2362 0.0344 0.1324 0.1041 0.1648 0.9718
1305031459.4597 -1.6095 0.2378 0.0407 0.1324 0.1406 0.2051 0.9595
1305031459.5276 -1.5604 0.2876 0.1136 0.1510 0.1316 0.2073 0.9575
1305031459.5596 -1.5788 0.2822 0.1089 0.1437 0.1478 0.2355 0.9498
1305031459.5917 -1.5965 0.2863 0.1113 0.1415 0.1550 0.2545 0.9440
1305031459.6276 -1.6061 0.2847 0.1151 0.1369 0.1565 0.2654 0.9415
1305031459.6596 -1.6188 0.2904 0.1195 0.1387 0.1635 0.2660 0.9398
1305031459.6916 -1.6364 0.2896 0.1224 0.1340 0.1762 0.2718 0.9366
1305031459.7276 -1.6521 0.2774 0.1221 0.1272 0.1851 0.2763 0.9344
1305031459.7917 -1.6952 0.2586 0.1238 0.1286 0.1982 0.2708 0.9332
1305031459.8277 -1.7141 0.2516 0.1263 0.1279 0.1995 0.2685 0.9337
1305031459.8597 -1.7339 0.2437 0.1296 0.1238 0.1996 0.2671 0.9346
1305031459.8916 -1.7464 0.2319 0.1339 0.1179 0.1955 0.2702 0.9353
1305031459.9276 -1.7585 0.2206 0.1377 0.1164 0.1927 0.2735 0.9352
1305031459.9917 -1.7850 0.2019 0.1467 0.1111 0.1908 0.2806 0.9341
1305031460.0276 -1.7950 0.1886 0.1508 0.1093 0.1910 0.2838 0.9333
1305031460.0597 -1.8092 0.1766 0.1538 0.1093 0.1917 0.2858 0.9325
1305031460.0917 -1.8229 0.1597 0.1545 0.1086 0.1868 0.2936 0.9312
1305031460.1277 -1.8293 0.1472 0.1595 0.1121 0.1764 0.3031 0.9298
1305031460.1597 -1.8385 0.1410 0.1651 0.1176 0.1677 0.3099 0.9284
1305031460.1916 -1.8416 0.1349 0.1745 0.1170 0.1603 0.3164 0.9276
1305031460.2278 -1.8354 0.1239 0.1829 0.1165 0.1578 0.3206 0.9267
1305031460.2917 -1.8432 0.1035 0.1908 0.1196 0.1738 0.3216 0.9231
1305031460.3275 -1.8479 0.0931 0.1950 0.1213 0.1822 0.3240 0.9204
1305031460.3916 -1.8536 0.0745 0.2064 0.1183 0.2017 0.3318 0.9139
1305031460.4275 -1.8576 0.0635 0.2108 0.1178 0.2126 0.3373 0.9095
1305031460.4596 -1.8594 0.0583 0.2157 0.1175 0.2252 0.3415 0.9049
1305031460.4915 -1.8668 0.0522 0.2207 0.1132 0.2406 0.3483 0.8989
1305031460.5276 -1.8693 0.0396 0.2240 0.1060 0.2516 0.3595 0.8923
1305031460.5596 -1.8706 0.0270 0.2278 0.0998 0.2617 0.3644 0.8881
1305031460.5919 -1.8772 0.0167 0.2313 0.0968 0.2720 0.3657 0.8848
1305031460.6276 -1.8791 0.0048 0.2345 0.0938 0.2803 0.3688 0.8813
1305031460.6598 -1.8867 -0.0060 0.2385 0.0926 0.2893 0.3686 0.8786
1305031460.6917 -1.8958 -0.0154 0.2447 0.0901 0.2953 0.3698 0.8763
1305031460.7277 -1.8972 -0.0249 0.2497 0.0851 0.2976 0.3702 0.8759
1305031460.7597 -1.8987 -0.0368 0.2542 0.0818 0.3026 0.3691 0.8749
1305031460.7917 -1.9073 -0.0476 0.2621 0.0796 0.3084 0.3684 0.8734
1305031460.8277 -1.9104 -0.0549 0.2706 0.0757 0.3107 0.3656 0.8741
1305031460.8597 -1.9115 -0.0628 0.2778 0.0702 0.3148 0.3632 0.8741
1305031460.8918 -1.9146 -0.0756 0.2861 0.0632 0.3211 0.3610 0.8733
1305031460.9276 -1.9182 -0.0884 0.2950 0.0576 0.3245 0.3607 0.8725
1305031460.9917 -1.9101 -0.1171 0.3059 0.0525 0.3276 0.3644 0.8702
1305031461.0276 -1.9103 -0.1306 0.3135 0.0533 0.3301 0.3656 0.8686
1305031461.0917 -1.9138 -0.1453 0.3298 0.0563 0.3297 0.3645 0.8691
1305031461.1276 -1.9069 -0.1574 0.3345 0.0536 0.3289 0.3632 0.8701
1305031461.1597 -1.9037 -0.1715 0.3404 0.0543 0.3303 0.3617 0.8702
1305031461.1920 -1.9022 -0.1752 0.3463 0.0580 0.3302 0.3571 0.8718
1305031461.2276 -1.9015 -0.1822 0.3530 0.0586 0.3320 0.3547 0.8721
1305031461.2596 -1.8979 -0.1914 0.3588 0.0594 0.3321 0.3515 0.8733
1305031461.2917 -1.8959 -0.1949 0.3650 0.0623 0.3327 0.3452 0.8754
1305031461.3278 -1.8899 -0.1953 0.3701 0.0644 0.3339 0.3405 0.8766
1305031461.3597 -1.8924 -0.1929 0.3783 0.0624 0.3388 0.3359 0.8766
1305031461.3917 -1.8835 -0.2064 0.3847 0.0527 0.3390 0.3381 0.8764
1305031461.4276 -1.8777 -0.2117 0.3874 0.0517 0.3394 0.3363 0.8770
1305031461.4598 -1.8766 -0.2076 0.3926 0.0497 0.3397 0.3372 0.8766
1305031461.4917 -1.8628 -0.2240 0.3920 0.0425 0.3387 0.3404 0.8761
1305031461.5277 -1.8624 -0.2206 0.3920 0.0491 0.3399 0.3372 0.8766
1305031461.5597 -1.8545 -0.2164 0.3874 0.0488 0.3402 0.3335 0.8779
1305031461.5917 -1.8516 -0.2132 0.3855 0.0504 0.3477 0.3299 0.8762
1305031461.6275 -1.8480 -0.2085 0.3851 0.0491 0.3535 0.3299 0.8740
1305031461.6596 -1.8442 -0.2055 0.3842 0.0475 0.3584 0.3301 0.8720
1305031461.6916 -1.8426 -0.1978 0.3846 0.0475 0.3615 0.3351 0.8688
1305031461.7276 -1.8332 -0.1951 0.3815 0.0440 0.3608 0.3417 0.8666
1305031461.7597 -1.8305 -0.1842 0.3776 0.0451 0.3624 0.3439 0.8651
1305031461.7916 -1.8252 -0.1742 0.3735 0.0418 0.3639 0.3482 0.8629
1305031461.8276 -1.8193 -0.1663 0.3700 0.0401 0.3679 0.3534 0.8592
1305031461.8598 -1.8203 -0.1494 0.3685 0.0420 0.3724 0.3593 0.8547
1305031461.8917 -1.8220 -0.1359 0.3692 0.0391 0.3751 0.3707 0.8487
1305031461.9278 -1.8149 -0.1272 0.3655 0.0317 0.3724 0.3815 0.8454
1305031461.9597 -1.8068 -0.1131 0.3567 0.0273 0.3741 0.3849 0.8433
1305031461.9916 -1.8158 -0.0947 0.3593 0.0240 0.3836 0.3905 0.8365
1305031462.0277 -1.8172 -0.0951 0.3634 0.0112 0.3858 0.4025 0.8300
1305031462.0598 -1.8187 -0.0902 0.3653 0.0061 0.3822 0.4150 0.8257
1305031462.0918 -1.8172 -0.0805 0.3627 0.0033 0.3754 0.4265 0.8229
1305031462.1277 -1.8174 -0.0700 0.3602 0.0001 0.3715 0.4356 0.8199
1305031462.1596 -1.8180 -0.0649 0.3589 -0.0049 0.3698 0.4422 0.8172
1305031462.1916 -1.8218 -0.0553 0.3577 -0.0081 0.3695 0.4413 0.8177
1305031462.2276 -1.8268 -0.0462 0.3580 -0.0136 0.3707 0.4417 0.8169
1305031462.2598 -1.8314 -0.0409 0.3598 -0.0210 0.3709 0.4403 0.8174
1305031462.2916 -1.8363 -0.0324 0.3603 -0.0270 0.3684 0.4368 0.8202
1305031462.3597 -1.8455 -0.0107 0.3614 -0.0398 0.3648 0.4257 0.8271
1305031462.4920 -1.8704 -0.0120 0.3940 -0.0924 0.3560 0.4106 0.8343
1305031462.6597 -1.8374 0.0563 0.3671 -0.0712 0.3129 0.4129 0.8524
1305031462.7277 -1.8542 0.0567 0.3471 -0.0745 0.3081 0.3980 0.8609
1305031462.8278 -1.8705 0.0615 0.3108 -0.0865 0.2950 0.3781 0.8732
1305031462.8918 -1.8743 0.0656 0.2918 -0.0914 0.2936 0.3725 0.8756
1305031462.9597 -1.8744 0.0755 0.2744 -0.0915 0.2910 0.3696 0.8777
1305031463.0598 -1.8727 0.0904 0.2360 -0.0814 0.2808 0.3531 0.8887
1305031463.1598 -1.8662 0.1153 0.2033 -0.0720 0.2718 0.3295 0.9013
1305031463.2600 -1.8575 0.1423 0.1716 -0.0647 0.2681 0.3139 0.9085
1305031463.3598 -1.8478 0.1579 0.1397 -0.0584 0.2627 0.3037 0.9140
1305031463.4598 -1.8238 0.1816 0.1074 -0.0542 0.2550 0.2939 0.9196
1305031463.5277 -1.8001 0.1983 0.0899 -0.0531 0.2615 0.2907 0.9189
1305031463.6276 -1.7633 0.2180 0.0586 -0.0476 0.2595 0.2884 0.9204
1305031463.6956 -1.7463 0.2320 0.0295 -0.0340 0.2619 0.2805 0.9228
1305031463.7597 -1.7044 0.2302 -0.0039 -0.0321 0.2581 0.2741 0.9259
1305031463.8278 -1.6781 0.2315 -0.0396 -0.0277 0.2596 0.2532 0.9315
1305031463.8599 -1.6621 0.2240 -0.0581 -0.0279 0.2608 0.2434 0.9338
1305031463.8956 -1.6524 0.2228 -0.0763 -0.0243 0.2624 0.2339 0.9359
1305031463.9597 -1.6275 0.2118 -0.1093 -0.0232 0.2557 0.2229 0.9404
1305031463.9958 -1.6163 0.2061 -0.1283 -0.0199 0.2522 0.2157 0.9431
1305031464.0277 -1.6073 0.2032 -0.1472 -0.0187 0.2488 0.2072 0.9459
1305031464.0597 -1.5927 0.1943 -0.1646 -0.0196 0.2469 0.1986 0.9483
1305031464.0956 -1.5867 0.1883 -0.1810 -0.0160 0.2490 0.1890 0.9498
1305031464.1277 -1.5854 0.1826 -0.1945 -0.0131 0.2495 0.1837 0.9507
1305031464.1598 -1.5799 0.1706 -0.2067 -0.0094 0.2458 0.1822 0.9520
1305031464.1956 -1.5761 0.1622 -0.2194 0.0002 0.2393 0.1779 0.9545
1305031464.2276 -1.5778 0.1644 -0.2309 0.0123 0.2307 0.1728 0.9575
1305031464.2596 -1.5777 0.1672 -0.2419 0.0201 0.2172 0.1702 0.9610
1305031464.2957 -1.5680 0.1683 -0.2551 0.0237 0.1993 0.1648 0.9657
1305031464.3279 -1.5532 0.1680 -0.2699 0.0260 0.1840 0.1584 0.9697
1305031464.3597 -1.5389 0.1617 -0.2841 0.0290 0.1736 0.1528 0.9725
1305031464.3956 -1.5244 0.1665 -0.3001 0.0352 0.1670 0.1433 0.9749
1305031464.4276 -1.5139 0.1681 -0.3138 0.0373 0.1662 0.1330 0.9764
1305031464.4597 -1.5056 0.1616 -0.3289 0.0385 0.1643 0.1244 0.9778
1305031464.4956 -1.4905 0.1623 -0.3459 0.0411 0.1608 0.1176 0.9791
1305031464.5276 -1.4823 0.1636 -0.3622 0.0429 0.1611 0.1093 0.9799
1305031464.5597 -1.4671 0.1590 -0.3799 0.0397 0.1583 0.0975 0.9818
1305031464.5957 -1.4441 0.1392 -0.4038 0.0387 0.1601 0.0869 0.9825
1305031464.6277 -1.4309 0.1326 -0.4236 0.0477 0.1706 0.0778 0.9811
1305031464.6597 -1.4208 0.1275 -0.4377 0.0566 0.1823 0.0648 0.9795
1305031464.6957 -1.4123 0.1051 -0.4482 0.0654 0.1934 0.0485 0.9777
1305031464.7277 -1.4132 0.1036 -0.4531 0.0835 0.2009 0.0310 0.9756
1305031464.7597 -1.4076 0.1117 -0.4600 0.0967 0.1999 0.0116 0.9750
1305031464.7960 -1.4081 0.1001 -0.4588 0.1014 0.1965 -0.0069 0.9752
1305031464.8278 -1.4085 0.0976 -0.4561 0.1115 0.1854 -0.0220 0.9761
1305031464.8597 -1.3963 0.1087 -0.4563 0.1190 0.1677 -0.0385 0.9779
1305031464.8958 -1.3781 0.1094 -0.4577 0.1161 0.1504 -0.0597 0.9800
1305031464.9278 -1.3610 0.0862 -0.4584 0.1088 0.1376 -0.0815 0.9811
1305031464.9598 -1.3424 0.0705 -0.4558 0.1097 0.1307 -0.1002 0.9802
1305031464.9957 -1.3238 0.0696 -0.4508 0.1154 0.1278 -0.1193 0.9778
1305031465.0278 -1.3147 0.0671 -0.4358 0.1184 0.1285 -0.1408 0.9745
1305031465.0597 -1.3108 0.0843 -0.4132 0.1262 0.1246 -0.1609 0.9709
1305031465.0957 -1.2883 0.1230 -0.3933 0.1266 0.1123 -0.1781 0.9694
1305031465.1277 -1.2684 0.1305 -0.3763 0.1084 0.1004 -0.1936 0.9699
1305031465.1598 -1.2554 0.1296 -0.3559 0.0901 0.0909 -0.2025 0.9709
1305031465.1956 -1.2382 0.1293 -0.3373 0.0764 0.0811 -0.2101 0.9713
1305031465.2279 -1.2185 0.1405 -0.3195 0.0655 0.0730 -0.2160 0.9715
1305031465.2598 -1.2067 0.1382 -0.2989 0.0522 0.0661 -0.2169 0.9725
1305031465.3277 -1.1753 0.1607 -0.2677 0.0420 0.0459 -0.1964 0.9785
1305031465.3956 -1.1407 0.1596 -0.2500 0.0341 0.0128 -0.1758 0.9838
1305031465.4277 -1.1118 0.1632 -0.2481 0.0358 -0.0032 -0.1652 0.9856
1305031465.4601 -1.0869 0.1748 -0.2475 0.0390 -0.0157 -0.1524 0.9874
1305031465.4957 -1.0615 0.1876 -0.2472 0.0374 -0.0269 -0.1434 0.9886
1305031465.5276 -1.0418 0.1818 -0.2446 0.0322 -0.0365 -0.1399 0.9890
1305031465.5598 -1.0167 0.1861 -0.2486 0.0369 -0.0468 -0.1348 0.9891
1305031465.5956 -0.9898 0.1970 -0.2530 0.0425 -0.0531 -0.1266 0.9896
1305031465.6277 -0.9727 0.2097 -0.2573 0.0472 -0.0570 -0.1175 0.9903
1305031465.6601 -0.9517 0.2196 -0.2613 0.0505 -0.0674 -0.1091 0.9905
1305031465.6957 -0.9195 0.2275 -0.2642 0.0552 -0.0780 -0.1027 0.9901
1305031465.7277 -0.8951 0.2397 -0.2679 0.0623 -0.0827 -0.0937 0.9902
1305031465.7598 -0.8688 0.2562 -0.2709 0.0697 -0.0890 -0.0849 0.9899
1305031465.7959 -0.8412 0.2685 -0.2712 0.0748 -0.0941 -0.0786 0.9896
1305031465.8280 -0.8164 0.2764 -0.2731 0.0820 -0.0989 -0.0727 0.9890
1305031465.8599 -0.7883 0.3004 -0.2749 0.0948 -0.1025 -0.0687 0.9878
1305031465.8955 -0.7582 0.3188 -0.2724 0.0993 -0.1002 -0.0661 0.9878
1305031465.9275 -0.7341 0.3263 -0.2723 0.1044 -0.0941 -0.0646 0.9880
1305031465.9597 -0.7112 0.3441 -0.2754 0.1166 -0.0873 -0.0654 0.9872
1305031465.9958 -0.6948 0.3644 -0.2797 0.1253 -0.0802 -0.0687 0.9865
1305031466.0276 -0.6762 0.3846 -0.2834 0.1319 -0.0782 -0.0701 0.9857
1305031466.0598 -0.6590 0.4080 -0.2859 0.1321 -0.0757 -0.0695 0.9859
1305031466.0958 -0.6454 0.4233 -0.2915 0.1272 -0.0758 -0.0697 0.9865
1305031466.1276 -0.6288 0.4376 -0.2970 0.1213 -0.0796 -0.0701 0.9869
1305031466.1604 -0.6152 0.4517 -0.3064 0.1156 -0.0836 -0.0687 0.9874
1305031466.1958 -0.6018 0.4686 -0.3161 0.1080 -0.0906 -0.0689 0.9876
1305031466.2280 -0.5823 0.4743 -0.3238 0.0957 -0.0992 -0.0743 0.9877
1305031466.2598 -0.5581 0.4700 -0.3320 0.0903 -0.1037 -0.0817 0.9871
1305031466.2957 -0.5357 0.4787 -0.3432 0.0940 -0.0998 -0.0932 0.9862
1305031466.3277 -0.5192 0.4892 -0.3576 0.0961 -0.0892 -0.1026 0.9860
1305031466.3598 -0.5046 0.4944 -0.3701 0.0913 -0.0796 -0.1079 0.9868
1305031466.3958 -0.4947 0.4853 -0.3821 0.0880 -0.0753 -0.1112 0.9870
1305031466.4278 -0.4816 0.4961 -0.3952 0.0952 -0.0770 -0.1157 0.9857
1305031466.4598 -0.4630 0.5064 -0.4056 0.0954 -0.0820 -0.1201 0.9848
1305031466.4958 -0.4397 0.5097 -0.4118 0.0909 -0.0868 -0.1212 0.9846
1305031466.5275 -0.4150 0.5069 -0.4153 0.0876 -0.0868 -0.1216 0.9849
1305031466.5604 -0.3958 0.5166 -0.4224 0.0875 -0.0825 -0.1235 0.9850
1305031466.5959 -0.3745 0.5229 -0.4259 0.0800 -0.0817 -0.1266 0.9853
1305031466.6275 -0.3510 0.5081 -0.4250 0.0707 -0.0810 -0.1306 0.9856
1305031466.6597 -0.3308 0.5089 -0.4283 0.0774 -0.0787 -0.1356 0.9846
1305031466.6958 -0.3111 0.5218 -0.4333 0.0803 -0.0792 -0.1431 0.9833
1305031466.7281 -0.2902 0.5214 -0.4322 0.0739 -0.0814 -0.1523 0.9822
1305031466.7596 -0.2706 0.5134 -0.4300 0.0753 -0.0821 -0.1601 0.9808
1305031466.7956 -0.2526 0.5213 -0.4354 0.0829 -0.0839 -0.1654 0.9792
1305031466.8279 -0.2335 0.5247 -0.4393 0.0799 -0.0884 -0.1682 0.9785
1305031466.8597 -0.2203 0.5203 -0.4368 0.0768 -0.0944 -0.1671 0.9784
1305031466.8957 -0.2047 0.5216 -0.4410 0.0793 -0.1065 -0.1688 0.9767
1305031466.9278 -0.1876 0.5197 -0.4472 0.0776 -0.1204 -0.1718 0.9747
1305031466.9597 -0.1714 0.5147 -0.4513 0.0764 -0.1294 -0.1741 0.9732
1305031466.9957 -0.1540 0.5119 -0.4565 0.0764 -0.1341 -0.1774 0.9720
1305031467.0278 -0.1381 0.5095 -0.4596 0.0762 -0.1380 -0.1815 0.9707
1305031467.0597 -0.1207 0.5070 -0.4646 0.0759 -0.1404 -0.1851 0.9697
1305031467.0957 -0.1053 0.5059 -0.4668 0.0739 -0.1412 -0.1908 0.9686
1305031467.1290 -0.0923 0.5045 -0.4653 0.0750 -0.1438 -0.2008 0.9661
1305031467.1597 -0.0786 0.5033 -0.4678 0.0768 -0.1466 -0.2083 0.9640
1305031467.1957 -0.0658 0.5018 -0.4705 0.0773 -0.1512 -0.2124 0.9623
1305031467.2277 -0.0530 0.5004 -0.4727 0.0776 -0.1575 -0.2181 0.9600
1305031467.2597 -0.0397 0.4980 -0.4744 0.0789 -0.1626 -0.2232 0.9579
1305031467.2958 -0.0264 0.4972 -0.4782 0.0808 -0.1676 -0.2298 0.9553
1305031467.3280 -0.0114 0.4960 -0.4826 0.0813 -0.1733 -0.2349 0.9530
1305031467.3597 0.0033 0.4954 -0.4875 0.0771 -0.1792 -0.2371 0.9517
1305031467.3958 0.0165 0.4965 -0.4893 0.0721 -0.1852 -0.2426 0.9496
1305031467.4278 0.0297 0.4949 -0.4894 0.0707 -0.1909 -0.2461 0.9476
1305031467.4597 0.0453 0.4926 -0.4962 0.0696 -0.1977 -0.2481 0.9458
1305031467.4961 0.0625 0.4922 -0.5024 0.0647 -0.2039 -0.2540 0.9433
1305031467.5277 0.0768 0.4915 -0.5001 0.0611 -0.2064 -0.2602 0.9413
1305031467.5598 0.0899 0.4858 -0.4983 0.0611 -0.2080 -0.2619 0.9404
1305031467.5960 0.1031 0.4811 -0.4993 0.0602 -0.2103 -0.2605 0.9404
1305031467.6275 0.1110 0.4715 -0.4931 0.0602 -0.2159 -0.2572 0.9400
1305031467.6596 0.1209 0.4645 -0.4916 0.0655 -0.2218 -0.2544 0.9390
1305031467.6959 0.1320 0.4594 -0.4930 0.0685 -0.2249 -0.2580 0.9371
1305031467.7275 0.1362 0.4511 -0.4822 0.0727 -0.2267 -0.2626 0.9351
1305031467.7599 0.1419 0.4417 -0.4755 0.0781 -0.2292 -0.2650 0.9334
1305031467.7961 0.1482 0.4348 -0.4694 0.0823 -0.2318 -0.2682 0.9314
1305031467.8278 0.1480 0.4225 -0.4533 0.0864 -0.2348 -0.2686 0.9302
1305031467.8597 0.1493 0.4126 -0.4450 0.0925 -0.2395 -0.2654 0.9293
1305031467.8959 0.1530 0.4059 -0.4368 0.0969 -0.2468 -0.2652 0.9270
1305031467.9278 0.1546 0.3954 -0.4203 0.0997 -0.2544 -0.2683 0.9238
1305031467.9598 0.1562 0.3825 -0.4041 0.1058 -0.2604 -0.2694 0.9211
1305031467.9958 0.1646 0.3788 -0.3917 0.1107 -0.2632 -0.2721 0.9189
1305031468.0281 0.1616 0.3627 -0.3708 0.1086 -0.2636 -0.2754 0.9181
1305031468.0598 0.1582 0.3475 -0.3559 0.1129 -0.2658 -0.2776 0.9163
1305031468.0959 0.1634 0.3407 -0.3422 0.1162 -0.2697 -0.2794 0.9142
1305031468.1278 0.1615 0.3250 -0.3233 0.1144 -0.2719 -0.2804 0.9134
1305031468.1599 0.1614 0.3113 -0.3085 0.1164 -0.2737 -0.2836 0.9117
1305031468.1960 0.1636 0.2983 -0.2911 0.1167 -0.2748 -0.2869 0.9102
1305031468.2282 0.1625 0.2796 -0.2760 0.1148 -0.2742 -0.2869 0.9107
1305031468.2598 0.1632 0.2616 -0.2620 0.1144 -0.2729 -0.2858 0.9114
1305031468.2958 0.1619 0.2452 -0.2492 0.1142 -0.2703 -0.2862 0.9121
1305031468.3278 0.1585 0.2209 -0.2378 0.1144 -0.2685 -0.2846 0.9131
1305031468.3598 0.1604 0.2088 -0.2293 0.1188 -0.2664 -0.2799 0.9147
1305031468.4598 0.1572 0.1522 -0.2118 0.1091 -0.2649 -0.2779 0.9169
1305031468.5278 0.1474 0.1130 -0.2043 0.1060 -0.2601 -0.2842 0.9167
1305031468.5597 0.1400 0.0948 -0.2043 0.1118 -0.2598 -0.2918 0.9137
1305031468.6596 0.1141 0.0464 -0.2060 0.1043 -0.2622 -0.3004 0.9111
1305031468.6958 0.1046 0.0300 -0.2066 0.1075 -0.2684 -0.3036 0.9079
1305031468.7278 0.0993 0.0187 -0.2046 0.1112 -0.2751 -0.3041 0.9052
1305031468.7596 0.0926 0.0057 -0.2012 0.1118 -0.2799 -0.3045 0.9036
1305031468.7958 0.0814 -0.0136 -0.1993 0.1144 -0.2823 -0.3090 0.9010
1305031468.8292 0.0746 -0.0246 -0.1982 0.1226 -0.2848 -0.3141 0.8973
1305031468.9281 0.0657 -0.0523 -0.1843 0.1202 -0.2760 -0.3166 0.8995
1305031468.9957 0.0595 -0.0396 -0.1788 0.1069 -0.2634 -0.3173 0.9047
1305031469.0598 0.0379 -0.0604 -0.1698 0.0738 -0.2534 -0.3318 0.9057
1305031469.1597 0.0305 -0.0845 -0.1342 0.0431 -0.2356 -0.3599 0.9017
1305031469.2278 0.0086 -0.0942 -0.1201 0.0317 -0.2157 -0.3682 0.9038
1305031469.2968 0.0001 -0.0980 -0.0967 0.0233 -0.2075 -0.3744 0.9035
1305031469.3276 -0.0041 -0.0957 -0.0861 0.0192 -0.2034 -0.3761 0.9038
1305031469.3596 -0.0015 -0.1010 -0.0677 0.0127 -0.2002 -0.3806 0.9027
1305031469.3957 -0.0057 -0.1048 -0.0538 0.0120 -0.1889 -0.3857 0.9030
1305031469.4277 -0.0085 -0.0956 -0.0420 0.0163 -0.1762 -0.3904 0.9035
1305031469.4597 -0.0131 -0.0876 -0.0292 0.0183 -0.1654 -0.3964 0.9029
1305031469.4957 -0.0239 -0.0738 -0.0167 0.0203 -0.1569 -0.3990 0.9032
1305031469.5276 -0.0247 -0.0638 -0.0040 0.0184 -0.1567 -0.3992 0.9032
1305031469.5596 -0.0238 -0.0562 0.0105 0.0129 -0.1571 -0.3996 0.9031
1305031469.6596 -0.0289 -0.0362 0.0547 -0.0103 -0.1498 -0.3989 0.9046
1305031469.7596 -0.0355 -0.0017 0.0924 -0.0227 -0.1348 -0.3935 0.9091
1305031469.9279 -0.0632 0.0804 0.1487 -0.0465 -0.1333 -0.3787 0.9147
1305031470.1276 -0.1124 0.1802 0.1728 -0.0604 -0.1356 -0.3697 0.9172
1305031470.2957 -0.1608 0.2571 0.1701 -0.0809 -0.1318 -0.3558 0.9217
1305031470.4597 -0.2148 0.3313 0.1635 -0.0946 -0.1320 -0.3436 0.9250
1305031470.6277 -0.2666 0.3782 0.1512 -0.1000 -0.1296 -0.3346 0.9280
1305031470.8278 -0.3231 0.4178 0.1475 -0.1041 -0.1186 -0.3126 0.9367
1305031470.8596 -0.3323 0.4225 0.1454 -0.0993 -0.1192 -0.3078 0.9387
1305031470.8957 -0.3417 0.4278 0.1428 -0.0953 -0.1200 -0.3027 0.9407
1305031470.9277 -0.3513 0.4341 0.1431 -0.0895 -0.1230 -0.2973 0.9426
1305031470.9596 -0.3612 0.4363 0.1404 -0.0804 -0.1269 -0.2948 0.9437
1305031470.9960 -0.3677 0.4403 0.1366 -0.0706 -0.1290 -0.2918 0.9451
1305031471.0276 -0.3764 0.4405 0.1342 -0.0623 -0.1285 -0.2892 0.9466
1305031471.0596 -0.3851 0.4425 0.1309 -0.0520 -0.1268 -0.2843 0.9489
1305031471.0958 -0.3924 0.4473 0.1273 -0.0420 -0.1268 -0.2772 0.9515
1305031471.1277 -0.3996 0.4479 0.1248 -0.0364 -0.1286 -0.2704 0.9534
1305031471.1596 -0.4042 0.4482 0.1207 -0.0314 -0.1299 -0.2641 0.9552
1305031471.1957 -0.4085 0.4501 0.1180 -0.0283 -0.1284 -0.2581 0.9571
1305031471.2276 -0.4147 0.4524 0.1169 -0.0274 -0.1257 -0.2527 0.9590
1305031471.2597 -0.4210 0.4522 0.1170 -0.0284 -0.1247 -0.2486 0.9601
1305031471.2961 -0.4272 0.4507 0.1158 -0.0281 -0.1230 -0.2443 0.9615
1305031471.3276 -0.4301 0.4507 0.1123 -0.0240 -0.1201 -0.2416 0.9626
1305031471.3596 -0.4326 0.4526 0.1101 -0.0218 -0.1132 -0.2389 0.9642
1305031471.3957 -0.4418 0.4487 0.1091 -0.0234 -0.1052 -0.2332 0.9664
1305031471.4277 -0.4478 0.4518 0.1057 -0.0182 -0.1028 -0.2258 0.9686
1305031471.4965 -0.4554 0.4549 0.1003 -0.0181 -0.1029 -0.2167 0.9706
1305031471.5276 -0.4596 0.4554 0.0977 -0.0187 -0.1023 -0.2119 0.9717
1305031471.5597 -0.4617 0.4563 0.0941 -0.0188 -0.1006 -0.2101 0.9723
1305031471.5957 -0.4645 0.4568 0.0913 -0.0185 -0.0961 -0.2077 0.9733
1305031471.6276 -0.4666 0.4570 0.0883 -0.0180 -0.0918 -0.2057 0.9741
1305031471.6596 -0.4683 0.4581 0.0852 -0.0154 -0.0876 -0.2020 0.9753
1305031471.7958 -0.4717 0.4678 0.0732 -0.0100 -0.0707 -0.1804 0.9810
1305031471.9956 -0.4821 0.4883 0.0678 -0.0214 -0.0378 -0.1514 0.9875
1305031472.5276 -0.5187 0.4307 0.0685 -0.0620 -0.0207 -0.1136 0.9914
1305031472.7276 -0.5136 0.4102 0.0693 -0.0513 -0.0283 -0.1051 0.9927
1305031473.1277 -0.5106 0.3944 0.0804 -0.0449 -0.0311 -0.1049 0.9930
