1305031453.4237 0.0045 0.0044 -0.0083 0.0019 0.0041 0.0094 0.9999
1305031453.4597 0.0095 0.0088 -0.0185 0.0058 0.0099 0.0182 0.9998
1305031453.4917 0.0122 0.0140 -0.0276 0.0103 0.0164 0.0284 0.9994
1305031453.5237 0.0137 0.0200 -0.0391 0.0174 0.0211 0.0373 0.9989
1305031453.5598 0.0159 0.0259 -0.0517 0.0247 0.0233 0.0440 0.9985
1305031453.5916 0.0169 0.0326 -0.0666 0.0321 0.0256 0.0485 0.9980
1305031453.6277 0.0148 0.0384 -0.0789 0.0389 0.0263 0.0529 0.9975
1305031453.6596 0.0130 0.0444 -0.0932 0.0461 0.0216 0.0518 0.9974
1305031453.6917 0.0082 0.0544 -0.1092 0.0532 0.0165 0.0475 0.9973
1305031453.7277 0.0014 0.0630 -0.1242 0.0575 0.0115 0.0427 0.9974
1305031453.7597 -0.0057 0.0692 -0.1359 0.0620 0.0026 0.0349 0.9975
1305031453.7917 -0.0112 0.0785 -0.1509 0.0666 -0.0069 0.0269 0.9974
1305031453.8278 -0.0189 0.0848 -0.1638 0.0690 -0.0146 0.0207 0.9973
1305031453.8597 -0.0307 0.0917 -0.1724 0.0707 -0.0268 0.0134 0.9970
1305031453.8917 -0.0413 0.1000 -0.1837 0.0704 -0.0431 0.0062 0.9966
1305031453.9277 -0.0516 0.1088 -0.1902 0.0689 -0.0614 0.0025 0.9957
1305031453.9596 -0.0595 0.1149 -0.1992 0.0670 -0.0775 -0.0073 0.9947
1305031453.9916 -0.0716 0.1184 -0.1982 0.0667 -0.0887 -0.0191 0.9936
1305031454.0277 -0.0793 0.1217 -0.2007 0.0693 -0.1012 -0.0284 0.9920
1305031454.0597 -0.0836 0.1228 -0.2023 0.0696 -0.1138 -0.0390 0.9903
1305031454.0917 -0.0846 0.1194 -0.1876 0.0698 -0.1277 -0.0502 0.9881
1305031454.1277 -0.0833 0.1154 -0.1658 0.0731 -0.1450 -0.0625 0.9847
1305031454.1597 -0.0633 0.1035 -0.1407 0.0709 -0.1663 -0.0692 0.9811
1305031454.1917 -0.0583 0.0901 -0.1217 0.0670 -0.1840 -0.0791 0.9774
1305031454.2277 -0.0616 0.0848 -0.1028 0.0701 -0.2019 -0.0961 0.9722
1305031454.2596 -0.0514 0.0797 -0.1127 0.0711 -0.2114 -0.1030 0.9694
1305031454.2916 -0.0500 0.0773 -0.1055 0.0691 -0.2199 -0.1107 0.9667
1305031454.3277 -0.0596 0.0724 -0.1129 0.0692 -0.2271 -0.1256 0.9632
1305031454.3596 -0.0638 0.0741 -0.1143 0.0763 -0.2378 -0.1396 0.9582
1305031454.3917 -0.0695 0.0756 -0.1178 0.0770 -0.2447 -0.1501 0.9548
1305031454.4275 -0.0858 0.0847 -0.1181 0.0818 -0.2535 -0.1652 0.9496
1305031454.4599 -0.0834 0.0825 -0.1173 0.0842 -0.2649 -0.1796 0.9437
1305031454.4916 -0.0874 0.0822 -0.1227 0.0853 -0.2684 -0.1947 0.9396
1305031454.5277 -0.0974 0.0957 -0.1254 0.0887 -0.2692 -0.2055 0.9367
1305031454.5596 -0.0988 0.0923 -0.1222 0.0865 -0.2706 -0.2071 0.9361
1305031454.5916 -0.1008 0.0907 -0.1226 0.0852 -0.2707 -0.2082 0.9360
1305031454.6276 -0.1028 0.0905 -0.1225 0.0848 -0.2710 -0.2085 0.9359
1305031454.6595 -0.1057 0.0906 -0.1208 0.0842 -0.2712 -0.2087 0.9359
1305031454.6919 -0.1084 0.0876 -0.1189 0.0824 -0.2715 -0.2090 0.9358
1305031454.7277 -0.1097 0.0860 -0.1201 0.0810 -0.2720 -0.2092 0.9358
1305031454.7597 -0.1037 0.0879 -0.1165 0.0749 -0.2804 -0.2056 0.9346
1305031454.7916 -0.1015 0.0919 -0.1172 0.0702 -0.2834 -0.1998 0.9353
1305031454.8276 -0.0981 0.1051 -0.1117 0.0679 -0.2862 -0.1925 0.9362
1305031454.8596 -0.0967 0.1094 -0.1084 0.0608 -0.2844 -0.1857 0.9386
1305031454.8918 -0.0970 0.1186 -0.1099 0.0573 -0.2791 -0.1789 0.9417
1305031454.9276 -0.0980 0.1289 -0.1107 0.0533 -0.2734 -0.1721 0.9449
1305031454.9596 -0.1026 0.1367 -0.1152 0.0494 -0.2670 -0.1663 0.9480
1305031454.9919 -0.1093 0.1427 -0.1219 0.0456 -0.2626 -0.1607 0.9503
1305031455.0278 -0.1124 0.1557 -0.1243 0.0463 -0.2618 -0.1573 0.9511
1305031455.0596 -0.1182 0.1612 -0.1262 0.0441 -0.2589 -0.1555 0.9523
1305031455.0917 -0.1254 0.1691 -0.1306 0.0466 -0.2546 -0.1552 0.9534
1305031455.1277 -0.1327 0.1798 -0.1354 0.0478 -0.2495 -0.1534 0.9550
1305031455.1597 -0.1433 0.1877 -0.1411 0.0462 -0.2442 -0.1485 0.9572
1305031455.1917 -0.1544 0.1932 -0.1441 0.0418 -0.2407 -0.1427 0.9591
1305031455.2276 -0.1649 0.1972 -0.1482 0.0406 -0.2374 -0.1372 0.9608
1305031455.2596 -0.1740 0.2102 -0.1525 0.0392 -0.2327 -0.1303 0.9630
1305031455.2918 -0.1879 0.2108 -0.1566 0.0291 -0.2270 -0.1207 0.9659
1305031455.3278 -0.2021 0.2185 -0.1650 0.0239 -0.2233 -0.1100 0.9682
1305031455.3596 -0.2101 0.2271 -0.1657 0.0164 -0.2229 -0.1035 0.9692
1305031455.3917 -0.2214 0.2258 -0.1669 0.0046 -0.2169 -0.0954 0.9715
1305031455.4276 -0.2372 0.2275 -0.1741 -0.0034 -0.2092 -0.0850 0.9742
1305031455.4596 -0.2507 0.2249 -0.1804 -0.0095 -0.2057 -0.0762 0.9756
1305031455.4916 -0.2629 0.2267 -0.1870 -0.0145 -0.2026 -0.0645 0.9770
1305031455.5276 -0.2795 0.2197 -0.1948 -0.0218 -0.1989 -0.0510 0.9784
1305031455.5597 -0.2954 0.2161 -0.2051 -0.0252 -0.1992 -0.0372 0.9789
1305031455.5916 -0.3080 0.2182 -0.2151 -0.0274 -0.2006 -0.0225 0.9790
1305031455.6276 -0.3222 0.2102 -0.2171 -0.0338 -0.2002 -0.0099 0.9791
1305031455.6596 -0.3368 0.2037 -0.2261 -0.0323 -0.1982 -0.0040 0.9796
1305031455.6916 -0.3509 0.2028 -0.2374 -0.0280 -0.1962 -0.0047 0.9802
1305031455.7276 -0.3646 0.1979 -0.2461 -0.0262 -0.1930 -0.0095 0.9808
1305031455.7597 -0.3780 0.1930 -0.2566 -0.0256 -0.1876 -0.0124 0.9818
1305031455.7917 -0.3914 0.1812 -0.2676 -0.0259 -0.1823 -0.0111 0.9828
1305031455.8276 -0.4043 0.1765 -0.2828 -0.0234 -0.1787 -0.0103 0.9836
1305031455.8595 -0.4154 0.1692 -0.2939 -0.0237 -0.1770 -0.0115 0.9839
1305031455.8917 -0.4249 0.1635 -0.3044 -0.0237 -0.1746 -0.0116 0.9843
1305031455.9280 -0.4349 0.1560 -0.3136 -0.0250 -0.1713 -0.0124 0.9848
1305031455.9597 -0.4439 0.1533 -0.3246 -0.0242 -0.1678 -0.0144 0.9854
1305031455.9917 -0.4522 0.1497 -0.3332 -0.0258 -0.1633 -0.0168 0.9861
1305031456.0278 -0.4624 0.1527 -0.3447 -0.0290 -0.1566 -0.0212 0.9870
1305031456.0597 -0.4737 0.1426 -0.3490 -0.0394 -0.1521 -0.0291 0.9872
1305031456.0917 -0.4834 0.1311 -0.3519 -0.0460 -0.1485 -0.0341 0.9873
1305031456.1276 -0.4925 0.1241 -0.3561 -0.0475 -0.1444 -0.0356 0.9877
1305031456.1597 -0.4993 0.1136 -0.3552 -0.0493 -0.1398 -0.0362 0.9883
1305031456.1917 -0.5068 0.1054 -0.3575 -0.0448 -0.1315 -0.0335 0.9897
1305031456.2277 -0.5146 0.1101 -0.3624 -0.0400 -0.1211 -0.0297 0.9914
1305031456.2917 -0.5361 0.0889 -0.3587 -0.0428 -0.0981 -0.0226 0.9940
1305031456.3277 -0.5450 0.0817 -0.3559 -0.0396 -0.0874 -0.0157 0.9953
1305031456.3916 -0.5647 0.0722 -0.3478 -0.0372 -0.0625 -0.0063 0.9973
1305031456.4277 -0.5831 0.0726 -0.3454 -0.0304 -0.0492 0.0005 0.9983
1305031456.4917 -0.6235 0.0820 -0.3364 -0.0337 -0.0388 0.0121 0.9986
1305031456.5276 -0.6350 0.0796 -0.3260 -0.0398 -0.0410 0.0177 0.9982
1305031456.5917 -0.6547 0.0815 -0.3089 -0.0415 -0.0368 0.0299 0.9980
1305031456.6276 -0.6674 0.0912 -0.3011 -0.0522 -0.0318 0.0361 0.9975
1305031456.6916 -0.6989 0.0682 -0.2762 -0.0686 -0.0201 0.0512 0.9961
1305031456.7277 -0.7180 0.0796 -0.2699 -0.0706 -0.0174 0.0608 0.9955
1305031456.7916 -0.7476 0.0629 -0.2472 -0.0757 -0.0261 0.0749 0.9940
1305031456.8276 -0.7553 0.0764 -0.2405 -0.0743 -0.0305 0.0836 0.9933
1305031456.8917 -0.7690 0.0641 -0.2130 -0.0880 -0.0299 0.0946 0.9912
1305031456.9277 -0.7831 0.0697 -0.2076 -0.0821 -0.0226 0.1007 0.9913
1305031456.9597 -0.7994 0.0817 -0.2045 -0.0815 -0.0154 0.1057 0.9909
1305031456.9917 -0.8114 0.0755 -0.1954 -0.0916 -0.0111 0.1075 0.9899
1305031457.0276 -0.8238 0.0738 -0.1912 -0.0937 -0.0064 0.1113 0.9893
1305031457.0917 -0.8467 0.0741 -0.1882 -0.1070 0.0033 0.1206 0.9869
1305031457.1276 -0.8553 0.0639 -0.1860 -0.1124 0.0089 0.1250 0.9857
1305031457.1917 -0.8812 0.0620 -0.1958 -0.1103 0.0247 0.1375 0.9840
1305031457.2275 -0.8933 0.0538 -0.1989 -0.1161 0.0314 0.1430 0.9824
1305031457.2917 -0.9157 0.0375 -0.2116 -0.1095 0.0478 0.1550 0.9807
1305031457.3275 -0.9295 0.0367 -0.2222 -0.1070 0.0582 0.1598 0.9796
1305031457.3917 -0.9569 0.0145 -0.2367 -0.1069 0.0825 0.1722 0.9758
1305031457.4276 -0.9777 0.0099 -0.2469 -0.1038 0.0933 0.1789 0.9739
1305031457.4917 -1.0025 -0.0144 -0.2628 -0.1056 0.0989 0.1872 0.9716
1305031457.5276 -1.0127 -0.0245 -0.2730 -0.1026 0.1024 0.1902 0.9710
1305031457.5597 -1.0254 -0.0328 -0.2825 -0.0996 0.1081 0.1939 0.9699
1305031457.5917 -1.0428 -0.0377 -0.2917 -0.0960 0.1141 0.1973 0.9689
1305031457.6275 -1.0539 -0.0532 -0.2960 -0.0980 0.1166 0.2000 0.9679
1305031457.6596 -1.0704 -0.0518 -0.3074 -0.0920 0.1193 0.2044 0.9672
1305031457.6916 -1.0822 -0.0634 -0.3121 -0.0983 0.1193 0.2066 0.9661
1305031457.7277 -1.0889 -0.0852 -0.3136 -0.1033 0.1199 0.2055 0.9658
1305031457.7596 -1.0981 -0.0995 -0.3187 -0.1014 0.1220 0.2041 0.9660
1305031457.7916 -1.0998 -0.1204 -0.3229 -0.0979 0.1253 0.2032 0.9661
1305031457.8277 -1.1137 -0.1200 -0.3337 -0.0862 0.1339 0.2037 0.9660
1305031457.8596 -1.1239 -0.1335 -0.3374 -0.0856 0.1423 0.2038 0.9648
1305031457.8916 -1.1322 -0.1612 -0.3352 -0.0835 0.1507 0.2041 0.9637
1305031457.9276 -1.1507 -0.1669 -0.3393 -0.0696 0.1577 0.2081 0.9628
1305031457.9916 -1.1696 -0.1880 -0.3401 -0.0587 0.1604 0.2131 0.9620
1305031458.0278 -1.1764 -0.2003 -0.3372 -0.0509 0.1645 0.2139 0.9616
1305031458.0597 -1.1928 -0.1951 -0.3375 -0.0397 0.1705 0.2163 0.9605
1305031458.0917 -1.2072 -0.1977 -0.3309 -0.0394 0.1755 0.2180 0.9592
1305031458.1276 -1.2178 -0.2097 -0.3195 -0.0419 0.1794 0.2183 0.9583
1305031458.1596 -1.2295 -0.2192 -0.3100 -0.0401 0.1821 0.2206 0.9574
1305031458.1916 -1.2446 -0.2176 -0.3005 -0.0378 0.1823 0.2252 0.9564
1305031458.2276 -1.2563 -0.2229 -0.2869 -0.0434 0.1794 0.2267 0.9563
1305031458.2599 -1.2588 -0.2481 -0.2634 -0.0490 0.1763 0.2234 0.9574
1305031458.2917 -1.2740 -0.2481 -0.2499 -0.0380 0.1736 0.2236 0.9583
1305031458.3276 -1.2806 -0.2560 -0.2357 -0.0363 0.1670 0.2263 0.9590
1305031458.3596 -1.2868 -0.2668 -0.2107 -0.0277 0.1645 0.2264 0.9596
1305031458.3916 -1.2920 -0.2636 -0.1990 -0.0141 0.1611 0.2304 0.9596
1305031458.4276 -1.2872 -0.2635 -0.1837 -0.0057 0.1585 0.2400 0.9577
1305031458.4596 -1.2793 -0.2735 -0.1678 0.0033 0.1618 0.2462 0.9556
1305031458.4917 -1.2752 -0.2796 -0.1509 0.0214 0.1723 0.2450 0.9539
1305031458.5277 -1.2871 -0.2670 -0.1340 0.0402 0.1842 0.2428 0.9516
1305031458.5596 -1.2927 -0.2631 -0.1146 0.0471 0.1936 0.2399 0.9501
1305031458.5916 -1.3025 -0.2661 -0.0934 0.0549 0.2016 0.2340 0.9495
1305031458.6277 -1.3157 -0.2453 -0.0754 0.0607 0.2019 0.2306 0.9499
1305031458.6596 -1.3242 -0.2485 -0.0519 0.0543 0.1982 0.2316 0.9508
1305031458.6917 -1.3292 -0.2439 -0.0241 0.0520 0.1846 0.2263 0.9550
1305031458.7276 -1.3083 -0.2507 0.0001 0.0482 0.1647 0.2194 0.9604
1305031458.7599 -1.3129 -0.2515 0.0170 0.0544 0.1511 0.2103 0.9644
1305031458.7916 -1.3132 -0.2396 0.0309 0.0572 0.1353 0.2039 0.9679
1305031458.8276 -1.3049 -0.2400 0.0488 0.0511 0.1245 0.2032 0.9699
1305031458.8917 -1.2989 -0.2455 0.0702 0.0569 0.1214 0.1929 0.9720
1305031458.9276 -1.3090 -0.2440 0.0755 0.0552 0.1285 0.1975 0.9703
1305031458.9596 -1.3119 -0.2526 0.0829 0.0462 0.1330 0.2101 0.9675
1305031458.9916 -1.3128 -0.2765 0.0906 0.0439 0.1359 0.2152 0.9661
1305031459.0277 -1.3280 -0.2861 0.1002 0.0538 0.1354 0.2150 0.9657
1305031459.0596 -1.3437 -0.2982 0.1134 0.0625 0.1305 0.2237 0.9639
1305031459.1276 -1.3044 -0.2325 0.0835 0.0977 0.0959 0.2254 0.9646
1305031459.1596 -1.3086 -0.2398 0.0965 0.1087 0.0697 0.2290 0.9648
1305031459.1917 -1.3131 -0.2435 0.1090 0.1161 0.0499 0.2371 0.9632
1305031459.2276 -1.3172 -0.2455 0.1203 0.1195 0.0360 0.2488 0.9605
1305031459.2598 -1.3191 -0.2396 0.1381 0.1211 0.0320 0.2574 0.9582
1305031459.3276 -1.3291 -0.2356 0.1630 0.1135 0.0615 0.2854 0.9497
1305031459.3597 -1.3383 -0.2280 0.1796 0.1160 0.0859 0.3051 0.9413
1305031459.3917 -1.3553 -0.2081 0.1911 0.1131 0.1119 0.3305 0.9303
1305031459.4276 -1.3542 -0.2029 0.2024 0.0968 0.1410 0.3654 0.9150
1305031459.4597 -1.3703 -0.2106 0.2056 0.0885 0.1774 0.4018 0.8940
1305031459.5276 -1.3980 -0.1908 0.2682 0.0844 0.2135 0.4156 0.8801
1305031459.5596 -1.4116 -0.2093 0.2602 0.0737 0.2272 0.4433 0.8639
1305031459.5917 -1.4295 -0.2151 0.2604 0.0706 0.2333 0.4612 0.8532
1305031459.6276 -1.4360 -0.2225 0.2617 0.0653 0.2332 0.4720 0.8477
1305031459.6596 -1.4494 -0.2230 0.2671 0.0654 0.2403 0.4719 0.8458
1305031459.6916 -1.4645 -0.2317 0.2714 0.0583 0.2514 0.4766 0.8404
1305031459.7276 -1.4740 -0.2512 0.2718 0.0496 0.2590 0.4803 0.8365
1305031459.7917 -1.5041 -0.2887 0.2776 0.0474 0.2718 0.4743 0.8360
1305031459.8277 -1.5182 -0.3033 0.2834 0.0464 0.2733 0.4717 0.8371
1305031459.8597 -1.5327 -0.3192 0.2899 0.0422 0.2730 0.4703 0.8382
1305031459.8916 -1.5389 -0.3358 0.2962 0.0374 0.2682 0.4735 0.8381
1305031459.9276 -1.5440 -0.3503 0.3021 0.0368 0.2652 0.4766 0.8373
1305031459.9917 -1.5584 -0.3787 0.3139 0.0324 0.2622 0.4836 0.8345
1305031460.0276 -1.5599 -0.3945 0.3197 0.0307 0.2617 0.4869 0.8328
1305031460.0597 -1.5673 -0.4115 0.3253 0.0309 0.2629 0.4885 0.8314
1305031460.0917 -1.5725 -0.4340 0.3295 0.0317 0.2595 0.4961 0.8280
1305031460.1277 -1.5718 -0.4473 0.3363 0.0382 0.2507 0.5053 0.8248
1305031460.1597 -1.5776 -0.4570 0.3438 0.0462 0.2444 0.5117 0.8223
1305031460.1916 -1.5760 -0.4624 0.3534 0.0478 0.2368 0.5183 0.8204
1305031460.2278 -1.5644 -0.4676 0.3617 0.0481 0.2341 0.5221 0.8187
1305031460.2917 -1.5602 -0.4886 0.3714 0.0475 0.2498 0.5217 0.8143
1305031460.3275 -1.5588 -0.5006 0.3753 0.0469 0.2582 0.5232 0.8108
1305031460.3916 -1.5546 -0.5195 0.3870 0.0398 0.2763 0.5287 0.8016
1305031460.4275 -1.5524 -0.5307 0.3918 0.0370 0.2865 0.5326 0.7956
1305031460.4596 -1.5502 -0.5362 0.3966 0.0339 0.2982 0.5357 0.7893
1305031460.4915 -1.5540 -0.5451 0.4022 0.0264 0.3121 0.5404 0.7809
1305031460.5276 -1.5501 -0.5573 0.4058 0.0175 0.3212 0.5497 0.7710
1305031460.5596 -1.5449 -0.5683 0.4095 0.0097 0.3291 0.5534 0.7651
1305031460.5919 -1.5454 -0.5803 0.4142 0.0044 0.3381 0.5536 0.7611
1305031460.6276 -1.5419 -0.5918 0.4179 -0.0002 0.3454 0.5557 0.7562
1305031460.6598 -1.5437 -0.6049 0.4236 -0.0035 0.3539 0.5545 0.7532
1305031460.6917 -1.5471 -0.6174 0.4312 -0.0073 0.3591 0.5551 0.7503
1305031460.7277 -1.5442 -0.6260 0.4370 -0.0126 0.3602 0.5554 0.7494
1305031460.7597 -1.5403 -0.6363 0.4430 -0.0168 0.3644 0.5539 0.7484
1305031460.7917 -1.5417 -0.6492 0.4517 -0.0204 0.3691 0.5528 0.7469
1305031460.8277 -1.5406 -0.6563 0.4604 -0.0249 0.3702 0.5503 0.7480
1305031460.8597 -1.5371 -0.6627 0.4674 -0.0314 0.3724 0.5481 0.7482
1305031460.8918 -1.5329 -0.6748 0.4760 -0.0398 0.3764 0.5459 0.7475
1305031460.9276 -1.5301 -0.6861 0.4859 -0.0459 0.3782 0.5453 0.7466
1305031460.9917 -1.5101 -0.7055 0.4980 -0.0508 0.3803 0.5479 0.7434
1305031461.0276 -1.5041 -0.7156 0.5064 -0.0501 0.3829 0.5484 0.7417
1305031461.0917 -1.4987 -0.7279 0.5228 -0.0470 0.3826 0.5475 0.7427
1305031461.1276 -1.4873 -0.7345 0.5273 -0.0495 0.3812 0.5462 0.7442
1305031461.1597 -1.4789 -0.7434 0.5345 -0.0484 0.3830 0.5443 0.7448
1305031461.1920 -1.4762 -0.7458 0.5411 -0.0450 0.3842 0.5400 0.7475
1305031461.2276 -1.4714 -0.7510 0.5475 -0.0452 0.3857 0.5377 0.7484
1305031461.2596 -1.4646 -0.7567 0.5538 -0.0443 0.3860 0.5348 0.7503
1305031461.2917 -1.4602 -0.7584 0.5600 -0.0423 0.3870 0.5291 0.7540
1305031461.3278 -1.4547 -0.7563 0.5646 -0.0408 0.3888 0.5247 0.7563
1305031461.3597 -1.4562 -0.7539 0.5727 -0.0440 0.3926 0.5206 0.7569
1305031461.3917 -1.4429 -0.7609 0.5801 -0.0532 0.3911 0.5223 0.7559
1305031461.4276 -1.4350 -0.7616 0.5836 -0.0540 0.3913 0.5205 0.7570
1305031461.4598 -1.4353 -0.7577 0.5880 -0.0562 0.3912 0.5216 0.7562
1305031461.4917 -1.4175 -0.7649 0.5876 -0.0623 0.3891 0.5242 0.7549
1305031461.5277 -1.4170 -0.7616 0.5881 -0.0564 0.3917 0.5212 0.7561
1305031461.5597 -1.4123 -0.7534 0.5835 -0.0565 0.3919 0.5180 0.7582
1305031461.5917 -1.4105 -0.7499 0.5804 -0.0573 0.3991 0.5138 0.7573
1305031461.6275 -1.4095 -0.7452 0.5793 -0.0602 0.4045 0.5130 0.7547
1305031461.6596 -1.4071 -0.7405 0.5785 -0.0629 0.4087 0.5126 0.7525
1305031461.6916 -1.4088 -0.7338 0.5783 -0.0637 0.4118 0.5169 0.7478
1305031461.7276 -1.4024 -0.7280 0.5742 -0.0666 0.4107 0.5228 0.7440
1305031461.7597 -1.4041 -0.7195 0.5677 -0.0665 0.4118 0.5251 0.7418
1305031461.7916 -1.4037 -0.7097 0.5620 -0.0705 0.4124 0.5289 0.7384
1305031461.8276 -1.4022 -0.7010 0.5568 -0.0729 0.4157 0.5330 0.7333
1305031461.8598 -1.4102 -0.6877 0.5543 -0.0726 0.4204 0.5376 0.7273
1305031461.8917 -1.4164 -0.6785 0.5544 -0.0767 0.4224 0.5474 0.7184
1305031461.9278 -1.4141 -0.6686 0.5501 -0.0831 0.4185 0.5573 0.7123
1305031461.9597 -1.4133 -0.6540 0.5381 -0.0881 0.4184 0.5602 0.7094
1305031461.9916 -1.4282 -0.6449 0.5392 -0.0946 0.4262 0.5644 0.7006
1305031462.0277 -1.4289 -0.6461 0.5435 -0.1063 0.4256 0.5753 0.6904
1305031462.0598 -1.4312 -0.6433 0.5446 -0.1101 0.4208 0.5871 0.6827
1305031462.0918 -1.4338 -0.6345 0.5408 -0.1109 0.4138 0.5980 0.6774
1305031462.1277 -1.4388 -0.6253 0.5391 -0.1126 0.4099 0.6062 0.6722
1305031462.1596 -1.4415 -0.6218 0.5383 -0.1171 0.4075 0.6121 0.6675
1305031462.1916 -1.4490 -0.6143 0.5362 -0.1200 0.4061 0.6117 0.6682
1305031462.2276 -1.4586 -0.6079 0.5362 -0.1252 0.4059 0.6118 0.6672
1305031462.2598 -1.4662 -0.6046 0.5376 -0.1319 0.4044 0.6107 0.6679
1305031462.2916 -1.4765 -0.5988 0.5404 -0.1373 0.4021 0.6067 0.6718
1305031462.3275 -1.4882 -0.5897 0.5418 -0.1431 0.3999 0.6006 0.6774
1305031462.3597 -1.5048 -0.5844 0.5514 -0.1504 0.4026 0.5918 0.6819
1305031462.3917 -1.5131 -0.5868 0.5609 -0.1556 0.4054 0.5877 0.6827
1305031462.4276 -1.5133 -0.5867 0.5611 -0.1555 0.4055 0.5876 0.6827
1305031462.4599 -1.5134 -0.5867 0.5612 -0.1555 0.4055 0.5876 0.6827
1305031462.4920 -1.5134 -0.5866 0.5612 -0.1555 0.4056 0.5876 0.6827
1305031462.5277 -1.5136 -0.5865 0.5615 -0.1553 0.4057 0.5875 0.6827
1305031462.5599 -1.5753 -0.5272 0.6371 -0.1423 0.4413 0.5414 0.7013
1305031462.5919 -1.5814 -0.5311 0.6370 -0.1472 0.4412 0.5370 0.7038
1305031462.6279 -1.5804 -0.5328 0.6359 -0.1488 0.4406 0.5369 0.7039
1305031462.6597 -1.5796 -0.5340 0.6350 -0.1499 0.4402 0.5371 0.7038
1305031462.6925 -1.5795 -0.5341 0.6348 -0.1500 0.4401 0.5371 0.7038
1305031462.7277 -1.5791 -0.5344 0.6343 -0.1502 0.4398 0.5373 0.7038
1305031462.7598 -1.5791 -0.5344 0.6342 -0.1502 0.4398 0.5373 0.7038
1305031462.7919 -1.5791 -0.5344 0.6342 -0.1502 0.4398 0.5373 0.7038
1305031462.8278 -1.5791 -0.5344 0.6342 -0.1502 0.4398 0.5373 0.7038
1305031462.8598 -1.5791 -0.5344 0.6342 -0.1502 0.4398 0.5373 0.7038
1305031462.8918 -1.5791 -0.5344 0.6342 -0.1502 0.4398 0.5373 0.7038
1305031462.9276 -1.5791 -0.5344 0.6342 -0.1502 0.4398 0.5373 0.7038
1305031462.9597 -1.5791 -0.5344 0.6342 -0.1502 0.4398 0.5373 0.7038
1305031462.9955 -1.5791 -0.5344 0.6342 -0.1502 0.4398 0.5373 0.7038
1305031463.0277 -1.5791 -0.5344 0.6342 -0.1502 0.4398 0.5373 0.7038
1305031463.0598 -1.5791 -0.5344 0.6342 -0.1502 0.4398 0.5373 0.7038
1305031463.0958 -1.5791 -0.5344 0.6342 -0.1502 0.4398 0.5373 0.7038
1305031463.1275 -1.5791 -0.5344 0.6342 -0.1502 0.4398 0.5373 0.7038
1305031463.1598 -1.5791 -0.5344 0.6342 -0.1502 0.4398 0.5373 0.7038
1305031463.1957 -1.5791 -0.5344 0.6342 -0.1502 0.4398 0.5373 0.7038
1305031463.2278 -1.5791 -0.5344 0.6342 -0.1502 0.4398 0.5373 0.7038
1305031463.2600 -1.5791 -0.5344 0.6342 -0.1502 0.4398 0.5373 0.7038
1305031463.2957 -1.5791 -0.5344 0.6342 -0.1502 0.4398 0.5373 0.7038
1305031463.3277 -1.5791 -0.5344 0.6342 -0.1502 0.4398 0.5373 0.7038
1305031463.3598 -1.5791 -0.5344 0.6342 -0.1502 0.4398 0.5373 0.7038
1305031463.3956 -1.5812 -0.5306 0.6359 -0.1479 0.4405 0.5365 0.7044
1305031463.4277 -1.5850 -0.5242 0.6387 -0.1440 0.4419 0.5351 0.7055
1305031463.4598 -1.5885 -0.5175 0.6400 -0.1394 0.4429 0.5335 0.7069
1305031463.4956 -1.5942 -0.5001 0.6464 -0.1287 0.4460 0.5286 0.7107
1305031463.5277 -1.5545 -0.4747 0.6650 -0.1253 0.4529 0.5023 0.7259
1305031463.5598 -1.5586 -0.4668 0.6522 -0.1213 0.4573 0.5007 0.7249
1305031463.5956 -1.5613 -0.4536 0.6423 -0.1190 0.4575 0.4983 0.7268
1305031463.6276 -1.5547 -0.4418 0.6317 -0.1178 0.4586 0.4938 0.7294
1305031463.6598 -1.5552 -0.4362 0.6170 -0.1117 0.4641 0.4874 0.7312
1305031463.6956 -1.5622 -0.4258 0.6045 -0.1066 0.4677 0.4806 0.7341
1305031463.7276 -1.5546 -0.4202 0.5865 -0.1092 0.4673 0.4768 0.7365
1305031463.7597 -1.5426 -0.4227 0.5553 -0.1080 0.4663 0.4739 0.7391
1305031463.7956 -1.5432 -0.4203 0.5343 -0.1056 0.4695 0.4632 0.7442
1305031463.8278 -1.5365 -0.4186 0.5104 -0.1085 0.4681 0.4548 0.7498
1305031463.8599 -1.5274 -0.4234 0.4866 -0.1116 0.4688 0.4460 0.7543
1305031463.8956 -1.5256 -0.4242 0.4650 -0.1105 0.4705 0.4369 0.7586
1305031463.9277 -1.5213 -0.4271 0.4456 -0.1111 0.4690 0.4322 0.7621
1305031463.9597 -1.5129 -0.4330 0.4240 -0.1114 0.4646 0.4279 0.7672
1305031463.9958 -1.5087 -0.4372 0.4022 -0.1089 0.4620 0.4216 0.7726
1305031464.0277 -1.5075 -0.4394 0.3817 -0.1085 0.4593 0.4143 0.7782
1305031464.0597 -1.4983 -0.4466 0.3594 -0.1115 0.4571 0.4070 0.7830
1305031464.0956 -1.4970 -0.4538 0.3418 -0.1110 0.4593 0.3975 0.7866
1305031464.1277 -1.4979 -0.4604 0.3302 -0.1093 0.4605 0.3920 0.7889
1305031464.1598 -1.4928 -0.4714 0.3186 -0.1056 0.4585 0.3898 0.7916
1305031464.1956 -1.4905 -0.4803 0.3062 -0.0963 0.4552 0.3847 0.7972
1305031464.2276 -1.4975 -0.4824 0.2963 -0.0841 0.4504 0.3787 0.8042
1305031464.2596 -1.5033 -0.4829 0.2842 -0.0740 0.4396 0.3766 0.8121
1305031464.2957 -1.5019 -0.4799 0.2669 -0.0668 0.4244 0.3734 0.8222
1305031464.3279 -1.4966 -0.4771 0.2476 -0.0627 0.4113 0.3684 0.8314
1305031464.3597 -1.4881 -0.4794 0.2287 -0.0587 0.4024 0.3637 0.8381
1305031464.3956 -1.4844 -0.4731 0.2070 -0.0538 0.3971 0.3544 0.8449
1305031464.4276 -1.4819 -0.4705 0.1896 -0.0540 0.3963 0.3448 0.8492
1305031464.4597 -1.4781 -0.4751 0.1733 -0.0540 0.3946 0.3367 0.8532
1305031464.4956 -1.4728 -0.4723 0.1510 -0.0525 0.3916 0.3303 0.8572
1305031464.5276 -1.4728 -0.4710 0.1326 -0.0525 0.3918 0.3224 0.8601
1305031464.5597 -1.4653 -0.4733 0.1095 -0.0578 0.3877 0.3125 0.8653
1305031464.5957 -1.4474 -0.4878 0.0798 -0.0621 0.3890 0.3022 0.8681
1305031464.6277 -1.4415 -0.4925 0.0566 -0.0580 0.4002 0.2904 0.8673
1305031464.6597 -1.4358 -0.4966 0.0385 -0.0554 0.4115 0.2750 0.8671
1305031464.6957 -1.4224 -0.5143 0.0259 -0.0531 0.4226 0.2560 0.8678
1305031464.7277 -1.4246 -0.5183 0.0209 -0.0419 0.4320 0.2347 0.8698
1305031464.7597 -1.4279 -0.5102 0.0129 -0.0332 0.4331 0.2131 0.8752
1305031464.7960 -1.4224 -0.5188 0.0140 -0.0317 0.4296 0.1951 0.8811
1305031464.8278 -1.4199 -0.5192 0.0175 -0.0227 0.4207 0.1798 0.8889
1305031464.8597 -1.4164 -0.5054 0.0091 -0.0153 0.4047 0.1645 0.8994
1305031464.8958 -1.4039 -0.4983 -0.0013 -0.0187 0.3865 0.1472 0.9103
1305031464.9278 -1.3781 -0.5112 -0.0086 -0.0276 0.3712 0.1295 0.9191
1305031464.9598 -1.3536 -0.5189 -0.0135 -0.0300 0.3633 0.1123 0.9244
1305031464.9957 -1.3364 -0.5104 -0.0174 -0.0280 0.3599 0.0929 0.9279
1305031465.0278 -1.3231 -0.5052 -0.0084 -0.0301 0.3589 0.0711 0.9302
1305031465.0597 -1.3210 -0.4804 0.0108 -0.0252 0.3554 0.0504 0.9330
1305031465.0957 -1.3149 -0.4301 0.0146 -0.0246 0.3421 0.0360 0.9386
1305031465.1277 -1.2971 -0.4099 0.0218 -0.0422 0.3257 0.0265 0.9441
1305031465.1598 -1.2790 -0.4009 0.0347 -0.0597 0.3119 0.0228 0.9480
1305031465.1956 -1.2590 -0.3894 0.0438 -0.0721 0.2990 0.0196 0.9513
1305031465.2279 -1.2430 -0.3663 0.0504 -0.0815 0.2886 0.0174 0.9538
1305031465.2598 -1.2254 -0.3588 0.0645 -0.0932 0.2792 0.0200 0.9555
1305031465.2956 -1.2138 -0.3391 0.0717 -0.0933 0.2718 0.0301 0.9574
1305031465.3277 -1.2025 -0.3184 0.0781 -0.0940 0.2614 0.0444 0.9596
1305031465.3599 -1.1890 -0.3108 0.0857 -0.0946 0.2482 0.0577 0.9623
1305031465.3956 -1.1684 -0.2992 0.0795 -0.0890 0.2316 0.0692 0.9663
1305031465.4277 -1.1465 -0.2829 0.0673 -0.0812 0.2180 0.0806 0.9692
1305031465.4601 -1.1329 -0.2612 0.0566 -0.0721 0.2086 0.0934 0.9708
1305031465.4957 -1.1191 -0.2380 0.0445 -0.0684 0.1987 0.1036 0.9722
1305031465.5276 -1.0998 -0.2348 0.0375 -0.0704 0.1887 0.1087 0.9735
1305031465.5598 -1.0835 -0.2198 0.0236 -0.0619 0.1807 0.1134 0.9750
1305031465.5956 -1.0687 -0.1991 0.0071 -0.0530 0.1765 0.1207 0.9754
1305031465.6277 -1.0632 -0.1814 -0.0055 -0.0454 0.1747 0.1288 0.9751
1305031465.6601 -1.0539 -0.1653 -0.0174 -0.0384 0.1666 0.1365 0.9758
1305031465.6957 -1.0330 -0.1444 -0.0344 -0.0297 0.1581 0.1424 0.9767
1305031465.7277 -1.0214 -0.1237 -0.0493 -0.0196 0.1560 0.1498 0.9761
1305031465.7598 -1.0105 -0.0988 -0.0640 -0.0091 0.1527 0.1566 0.9757
1305031465.7959 -0.9950 -0.0764 -0.0770 -0.0018 0.1496 0.1619 0.9754
1305031465.8280 -0.9798 -0.0599 -0.0907 0.0073 0.1471 0.1659 0.9751
1305031465.8599 -0.9693 -0.0267 -0.1059 0.0213 0.1464 0.1672 0.9748
1305031465.8955 -0.9536 0.0029 -0.1186 0.0255 0.1499 0.1685 0.9739
1305031465.9275 -0.9380 0.0197 -0.1302 0.0290 0.1568 0.1682 0.9728
1305031465.9597 -0.9291 0.0444 -0.1434 0.0385 0.1657 0.1641 0.9717
1305031465.9958 -0.9287 0.0682 -0.1552 0.0443 0.1742 0.1580 0.9709
1305031466.0276 -0.9259 0.0942 -0.1676 0.0501 0.1773 0.1546 0.9706
1305031466.0598 -0.9254 0.1206 -0.1781 0.0495 0.1800 0.1548 0.9702
1305031466.0958 -0.9243 0.1390 -0.1897 0.0451 0.1786 0.1561 0.9704
1305031466.1276 -0.9204 0.1577 -0.2026 0.0404 0.1734 0.1574 0.9713
1305031466.1604 -0.9211 0.1739 -0.2173 0.0365 0.1687 0.1602 0.9719
1305031466.1958 -0.9227 0.1920 -0.2329 0.0311 0.1601 0.1622 0.9732
1305031466.2280 -0.9136 0.2032 -0.2492 0.0203 0.1488 0.1604 0.9756
1305031466.2598 -0.8956 0.2082 -0.2672 0.0149 0.1425 0.1544 0.9776
1305031466.2957 -0.8858 0.2229 -0.2875 0.0150 0.1459 0.1422 0.9789
1305031466.3277 -0.8827 0.2363 -0.3078 0.0123 0.1553 0.1324 0.9789
1305031466.3598 -0.8796 0.2437 -0.3260 0.0042 0.1630 0.1277 0.9783
1305031466.3958 -0.8730 0.2383 -0.3408 -0.0001 0.1663 0.1239 0.9783
1305031466.4278 -0.8731 0.2511 -0.3589 0.0065 0.1656 0.1181 0.9791
1305031466.4598 -0.8675 0.2661 -0.3767 0.0072 0.1604 0.1141 0.9804
1305031466.4958 -0.8525 0.2773 -0.3927 0.0037 0.1545 0.1145 0.9813
1305031466.5275 -0.8324 0.2861 -0.4072 0.0011 0.1535 0.1150 0.9814
1305031466.5604 -0.8254 0.3001 -0.4228 -0.0010 0.1576 0.1132 0.9810
1305031466.5959 -0.8136 0.3138 -0.4358 -0.0091 0.1565 0.1118 0.9813
1305031466.6275 -0.7873 0.3118 -0.4456 -0.0185 0.1542 0.1097 0.9818
1305031466.6597 -0.7738 0.3205 -0.4591 -0.0138 0.1574 0.1034 0.9820
1305031466.6958 -0.7676 0.3392 -0.4726 -0.0126 0.1574 0.0951 0.9829
1305031466.7281 -0.7483 0.3479 -0.4810 -0.0200 0.1522 0.0880 0.9842
1305031466.7596 -0.7281 0.3487 -0.4876 -0.0206 0.1510 0.0799 0.9851
1305031466.7956 -0.7198 0.3631 -0.5021 -0.0135 0.1504 0.0736 0.9858
1305031466.8279 -0.7074 0.3738 -0.5145 -0.0155 0.1450 0.0719 0.9867
1305031466.8597 -0.6944 0.3752 -0.5197 -0.0170 0.1388 0.0735 0.9874
1305031466.8957 -0.6837 0.3818 -0.5340 -0.0118 0.1275 0.0731 0.9891
1305031466.9278 -0.6713 0.3895 -0.5449 -0.0091 0.1135 0.0712 0.9909
1305031466.9597 -0.6562 0.3939 -0.5536 -0.0074 0.1038 0.0692 0.9922
1305031466.9957 -0.6430 0.3990 -0.5654 -0.0064 0.0987 0.0660 0.9929
1305031467.0278 -0.6306 0.4037 -0.5759 -0.0062 0.0943 0.0619 0.9936
1305031467.0597 -0.6187 0.4095 -0.5878 -0.0059 0.0916 0.0577 0.9941
1305031467.0957 -0.6075 0.4139 -0.6004 -0.0089 0.0897 0.0538 0.9945
1305031467.1290 -0.5967 0.4172 -0.6065 -0.0100 0.0864 0.0438 0.9952
1305031467.1597 -0.5855 0.4220 -0.6148 -0.0089 0.0827 0.0356 0.9959
1305031467.1957 -0.5774 0.4250 -0.6250 -0.0084 0.0783 0.0317 0.9964
1305031467.2277 -0.5679 0.4287 -0.6322 -0.0077 0.0719 0.0257 0.9971
1305031467.2597 -0.5579 0.4341 -0.6389 -0.0056 0.0667 0.0202 0.9976
1305031467.2958 -0.5501 0.4370 -0.6493 -0.0043 0.0620 0.0137 0.9980
1305031467.3280 -0.5409 0.4419 -0.6597 -0.0032 0.0563 0.0091 0.9984
1305031467.3597 -0.5313 0.4472 -0.6730 -0.0054 0.0493 0.0087 0.9987
1305031467.3958 -0.5228 0.4533 -0.6812 -0.0097 0.0419 0.0041 0.9991
1305031467.4278 -0.5129 0.4575 -0.6889 -0.0107 0.0362 0.0006 0.9993
1305031467.4597 -0.5038 0.4595 -0.7019 -0.0109 0.0295 -0.0004 0.9995
1305031467.4961 -0.4943 0.4650 -0.7144 -0.0144 0.0221 -0.0045 0.9996
1305031467.5277 -0.4817 0.4745 -0.7181 -0.0176 0.0179 -0.0109 0.9996
1305031467.5598 -0.4698 0.4773 -0.7240 -0.0174 0.0167 -0.0132 0.9996
1305031467.5960 -0.4594 0.4777 -0.7323 -0.0179 0.0150 -0.0111 0.9997
1305031467.6275 -0.4483 0.4760 -0.7332 -0.0148 0.0105 -0.0081 0.9998
1305031467.6596 -0.4360 0.4778 -0.7407 -0.0067 0.0063 -0.0062 0.9999
1305031467.6959 -0.4262 0.4799 -0.7430 -0.0035 0.0039 -0.0095 0.9999
1305031467.7275 -0.4138 0.4739 -0.7368 -0.0006 0.0020 -0.0161 0.9999
1305031467.7599 -0.4015 0.4713 -0.7347 0.0053 0.0005 -0.0190 0.9998
1305031467.7961 -0.3899 0.4725 -0.7295 0.0099 -0.0019 -0.0228 0.9997
1305031467.8278 -0.3786 0.4659 -0.7125 0.0149 -0.0038 -0.0249 0.9996
1305031467.8597 -0.3670 0.4592 -0.7038 0.0225 -0.0074 -0.0230 0.9995
1305031467.8959 -0.3598 0.4582 -0.6970 0.0289 -0.0129 -0.0242 0.9992
1305031467.9278 -0.3479 0.4544 -0.6798 0.0332 -0.0200 -0.0285 0.9988
1305031467.9598 -0.3352 0.4478 -0.6643 0.0403 -0.0245 -0.0316 0.9984
1305031467.9958 -0.3234 0.4537 -0.6535 0.0460 -0.0261 -0.0362 0.9979
1305031468.0281 -0.3122 0.4440 -0.6313 0.0437 -0.0266 -0.0397 0.9979
1305031468.0598 -0.3030 0.4341 -0.6145 0.0484 -0.0276 -0.0434 0.9975
1305031468.0959 -0.2906 0.4339 -0.6043 0.0523 -0.0308 -0.0461 0.9971
1305031468.1278 -0.2778 0.4245 -0.5845 0.0512 -0.0333 -0.0471 0.9970
1305031468.1599 -0.2660 0.4171 -0.5701 0.0535 -0.0347 -0.0512 0.9967
1305031468.1960 -0.2538 0.4122 -0.5541 0.0540 -0.0351 -0.0555 0.9964
1305031468.2282 -0.2419 0.4010 -0.5381 0.0528 -0.0340 -0.0557 0.9965
1305031468.2598 -0.2295 0.3912 -0.5232 0.0534 -0.0319 -0.0550 0.9965
1305031468.2958 -0.2199 0.3808 -0.5092 0.0530 -0.0286 -0.0560 0.9966
1305031468.3278 -0.2086 0.3636 -0.4949 0.0544 -0.0258 -0.0551 0.9967
1305031468.3598 -0.1986 0.3569 -0.4880 0.0594 -0.0217 -0.0515 0.9967
1305031468.3959 -0.1913 0.3513 -0.4817 0.0585 -0.0195 -0.0510 0.9968
1305031468.4280 -0.1831 0.3298 -0.4732 0.0530 -0.0194 -0.0506 0.9971
1305031468.4598 -0.1703 0.3138 -0.4687 0.0519 -0.0208 -0.0476 0.9973
1305031468.4958 -0.1607 0.3027 -0.4620 0.0500 -0.0198 -0.0475 0.9974
1305031468.5278 -0.1553 0.2791 -0.4557 0.0470 -0.0179 -0.0526 0.9973
1305031468.5597 -0.1526 0.2614 -0.4519 0.0514 -0.0172 -0.0618 0.9966
1305031468.5958 -0.1518 0.2542 -0.4525 0.0544 -0.0171 -0.0686 0.9960
1305031468.6276 -0.1502 0.2383 -0.4455 0.0484 -0.0187 -0.0687 0.9963
1305031468.6596 -0.1507 0.2103 -0.4405 0.0442 -0.0222 -0.0688 0.9964
1305031468.6958 -0.1503 0.1919 -0.4364 0.0482 -0.0281 -0.0730 0.9958
1305031468.7278 -0.1491 0.1800 -0.4323 0.0538 -0.0337 -0.0755 0.9951
1305031468.7596 -0.1473 0.1663 -0.4254 0.0556 -0.0383 -0.0764 0.9948
1305031468.7958 -0.1450 0.1441 -0.4186 0.0573 -0.0409 -0.0816 0.9942
1305031468.8292 -0.1461 0.1308 -0.4146 0.0643 -0.0420 -0.0892 0.9931
1305031468.8597 -0.1417 0.1277 -0.4085 0.0676 -0.0422 -0.0943 0.9924
1305031468.8959 -0.1392 0.1144 -0.4016 0.0634 -0.0380 -0.0955 0.9927
1305031468.9281 -0.1397 0.1046 -0.3973 0.0593 -0.0322 -0.0920 0.9935
1305031468.9596 -0.1427 0.1032 -0.3948 0.0538 -0.0259 -0.0875 0.9944
1305031468.9957 -0.1478 0.1117 -0.3922 0.0421 -0.0225 -0.0889 0.9949
1305031469.0277 -0.1479 0.0974 -0.3818 0.0205 -0.0220 -0.0916 0.9953
1305031469.0598 -0.1522 0.0846 -0.3737 0.0048 -0.0214 -0.0954 0.9952
1305031469.0957 -0.1441 0.0835 -0.3632 -0.0070 -0.0239 -0.1038 0.9943
1305031469.1277 -0.1354 0.0746 -0.3496 -0.0225 -0.0211 -0.1113 0.9933
1305031469.1597 -0.1321 0.0679 -0.3376 -0.0349 -0.0142 -0.1167 0.9925
1305031469.1955 -0.1320 0.0581 -0.3251 -0.0459 -0.0057 -0.1202 0.9917
1305031469.2278 -0.1378 0.0527 -0.3156 -0.0524 0.0016 -0.1221 0.9911
1305031469.2596 -0.1359 0.0520 -0.3036 -0.0580 0.0034 -0.1252 0.9904
1305031469.2968 -0.1341 0.0507 -0.2908 -0.0637 0.0073 -0.1267 0.9899
1305031469.3276 -0.1346 0.0544 -0.2797 -0.0687 0.0104 -0.1273 0.9894
1305031469.3596 -0.1226 0.0538 -0.2647 -0.0768 0.0114 -0.1308 0.9884
1305031469.3957 -0.1173 0.0512 -0.2502 -0.0816 0.0214 -0.1359 0.9871
1305031469.4277 -0.1187 0.0591 -0.2394 -0.0822 0.0341 -0.1420 0.9859
1305031469.4597 -0.1214 0.0659 -0.2251 -0.0847 0.0444 -0.1491 0.9842
1305031469.4957 -0.1290 0.0730 -0.2100 -0.0865 0.0519 -0.1525 0.9831
1305031469.5276 -0.1312 0.0850 -0.1984 -0.0883 0.0525 -0.1519 0.9830
1305031469.5596 -0.1265 0.0949 -0.1857 -0.0936 0.0500 -0.1508 0.9829
1305031469.5958 -0.1228 0.1076 -0.1729 -0.0993 0.0481 -0.1484 0.9828
1305031469.6278 -0.1213 0.1137 -0.1595 -0.1099 0.0485 -0.1462 0.9819
1305031469.6596 -0.1226 0.1197 -0.1439 -0.1172 0.0521 -0.1452 0.9811
1305031469.6956 -0.1216 0.1319 -0.1317 -0.1206 0.0549 -0.1432 0.9808
1305031469.7277 -0.1227 0.1433 -0.1186 -0.1256 0.0592 -0.1408 0.9803
1305031469.7596 -0.1273 0.1578 -0.1071 -0.1301 0.0642 -0.1366 0.9799
1305031469.7956 -0.1353 0.1711 -0.0916 -0.1362 0.0669 -0.1331 0.9794
1305031469.8275 -0.1404 0.1828 -0.0799 -0.1410 0.0653 -0.1297 0.9793
1305031469.8596 -0.1481 0.1968 -0.0682 -0.1465 0.0641 -0.1259 0.9791
1305031469.8958 -0.1561 0.2097 -0.0563 -0.1508 0.0633 -0.1221 0.9789
1305031469.9279 -0.1677 0.2216 -0.0437 -0.1546 0.0633 -0.1183 0.9788
1305031469.9598 -0.1783 0.2340 -0.0336 -0.1558 0.0609 -0.1159 0.9791
1305031469.9956 -0.1894 0.2472 -0.0244 -0.1568 0.0596 -0.1132 0.9793
1305031470.0277 -0.2019 0.2584 -0.0172 -0.1592 0.0579 -0.1120 0.9792
1305031470.0596 -0.2140 0.2707 -0.0093 -0.1610 0.0572 -0.1111 0.9790
1305031470.0959 -0.2271 0.2828 -0.0037 -0.1615 0.0577 -0.1087 0.9792
1305031470.1276 -0.2395 0.2927 0.0009 -0.1656 0.0568 -0.1054 0.9789
1305031470.1596 -0.2547 0.3033 0.0083 -0.1688 0.0567 -0.1018 0.9787
1305031470.1961 -0.2686 0.3128 0.0120 -0.1700 0.0552 -0.0983 0.9790
1305031470.2276 -0.2826 0.3216 0.0156 -0.1736 0.0549 -0.0943 0.9788
1305031470.2600 -0.2963 0.3309 0.0199 -0.1774 0.0545 -0.0904 0.9785
1305031470.2957 -0.3098 0.3415 0.0238 -0.1813 0.0545 -0.0867 0.9781
1305031470.3276 -0.3254 0.3500 0.0283 -0.1874 0.0546 -0.0823 0.9773
1305031470.3596 -0.3406 0.3567 0.0323 -0.1924 0.0533 -0.0768 0.9769
1305031470.3958 -0.3563 0.3635 0.0358 -0.1958 0.0521 -0.0729 0.9766
1305031470.4276 -0.3709 0.3681 0.0398 -0.1983 0.0497 -0.0738 0.9761
1305031470.4597 -0.3841 0.3716 0.0432 -0.1990 0.0468 -0.0747 0.9760
1305031470.4957 -0.3967 0.3772 0.0460 -0.1971 0.0439 -0.0729 0.9767
1305031470.5277 -0.4097 0.3816 0.0481 -0.1964 0.0426 -0.0730 0.9769
1305031470.5597 -0.4191 0.3914 0.0502 -0.1930 0.0408 -0.0715 0.9777
1305031470.5958 -0.4303 0.3956 0.0527 -0.1924 0.0404 -0.0681 0.9781
1305031470.6277 -0.4390 0.4036 0.0561 -0.1905 0.0386 -0.0627 0.9789
1305031470.6597 -0.4504 0.4069 0.0590 -0.1910 0.0389 -0.0582 0.9791
1305031470.6956 -0.4619 0.4100 0.0630 -0.1929 0.0383 -0.0550 0.9789
1305031470.7277 -0.4710 0.4099 0.0681 -0.1937 0.0367 -0.0531 0.9789
1305031470.7597 -0.4782 0.4113 0.0684 -0.1938 0.0388 -0.0494 0.9790
1305031470.7956 -0.4902 0.4115 0.0738 -0.1975 0.0455 -0.0453 0.9782
1305031470.8278 -0.4995 0.4111 0.0779 -0.1944 0.0464 -0.0409 0.9790
1305031470.8596 -0.5089 0.4109 0.0801 -0.1888 0.0470 -0.0372 0.9802
1305031470.8957 -0.5201 0.4117 0.0810 -0.1829 0.0481 -0.0325 0.9814
1305031470.9277 -0.5294 0.4115 0.0845 -0.1769 0.0461 -0.0290 0.9827
1305031470.9596 -0.5380 0.4082 0.0863 -0.1673 0.0437 -0.0275 0.9846
1305031470.9960 -0.5447 0.4073 0.0857 -0.1575 0.0432 -0.0263 0.9862
1305031471.0276 -0.5518 0.4038 0.0874 -0.1490 0.0454 -0.0256 0.9875
1305031471.0596 -0.5613 0.4011 0.0878 -0.1387 0.0505 -0.0227 0.9888
1305031471.0958 -0.5704 0.4008 0.0875 -0.1285 0.0538 -0.0170 0.9901
1305031471.1277 -0.5777 0.3977 0.0881 -0.1214 0.0545 -0.0114 0.9910
1305031471.1596 -0.5837 0.3954 0.0868 -0.1150 0.0559 -0.0059 0.9918
1305031471.1957 -0.5890 0.3946 0.0863 -0.1112 0.0589 -0.0001 0.9921
1305031471.2276 -0.5963 0.3931 0.0875 -0.1103 0.0629 0.0051 0.9919
1305031471.2597 -0.6018 0.3887 0.0899 -0.1119 0.0646 0.0088 0.9916
1305031471.2961 -0.6062 0.3844 0.0917 -0.1112 0.0666 0.0129 0.9915
1305031471.3276 -0.6094 0.3830 0.0901 -0.1071 0.0707 0.0154 0.9916
1305031471.3596 -0.6133 0.3825 0.0890 -0.1065 0.0784 0.0178 0.9911
1305031471.3957 -0.6194 0.3753 0.0921 -0.1086 0.0866 0.0232 0.9900
1305031471.4277 -0.6271 0.3714 0.0913 -0.1054 0.0910 0.0303 0.9898
1305031471.4596 -0.6328 0.3706 0.0894 -0.1036 0.0916 0.0351 0.9898
1305031471.4965 -0.6383 0.3672 0.0895 -0.1053 0.0933 0.0396 0.9893
1305031471.5276 -0.6441 0.3646 0.0888 -0.1055 0.0953 0.0439 0.9889
1305031471.5597 -0.6483 0.3636 0.0872 -0.1058 0.0978 0.0455 0.9885
1305031471.5957 -0.6526 0.3613 0.0851 -0.1066 0.1030 0.0479 0.9878
1305031471.6276 -0.6571 0.3560 0.0823 -0.1090 0.1086 0.0503 0.9868
1305031471.6596 -0.6612 0.3490 0.0799 -0.1115 0.1143 0.0537 0.9857
1305031471.6956 -0.6626 0.3473 0.0774 -0.1115 0.1161 0.0559 0.9854
1305031471.7275 -0.6648 0.3460 0.0756 -0.1121 0.1183 0.0574 0.9850
1305031471.7597 -0.6674 0.3456 0.0746 -0.1123 0.1218 0.0598 0.9844
1305031471.7958 -0.6718 0.3456 0.0701 -0.1113 0.1286 0.0636 0.9834
1305031471.8276 -0.6742 0.3443 0.0682 -0.1127 0.1326 0.0677 0.9824
1305031471.8597 -0.6751 0.3471 0.0677 -0.1118 0.1334 0.0704 0.9822
1305031471.8956 -0.6767 0.3478 0.0675 -0.1124 0.1350 0.0725 0.9818
1305031471.9277 -0.6774 0.3469 0.0669 -0.1135 0.1357 0.0733 0.9815
1305031471.9596 -0.6787 0.3486 0.0667 -0.1133 0.1371 0.0732 0.9813
1305031471.9956 -0.6790 0.3497 0.0663 -0.1130 0.1375 0.0728 0.9813
1305031472.0276 -0.6803 0.3496 0.0648 -0.1135 0.1386 0.0728 0.9811
1305031472.0597 -0.6811 0.3490 0.0639 -0.1154 0.1404 0.0750 0.9805
1305031472.0956 -0.6812 0.3507 0.0629 -0.1148 0.1408 0.0759 0.9804
1305031472.1276 -0.6820 0.3503 0.0612 -0.1153 0.1414 0.0762 0.9803
1305031472.1596 -0.6997 0.3549 0.0539 -0.1161 0.1566 0.0820 0.9774
1305031472.1957 -0.7043 0.3550 0.0560 -0.1118 0.1595 0.0842 0.9772
1305031472.2276 -0.7066 0.3564 0.0570 -0.1085 0.1607 0.0865 0.9772
1305031472.2638 -0.7088 0.3581 0.0586 -0.1031 0.1627 0.0849 0.9776
1305031472.2957 -0.7105 0.3575 0.0574 -0.0958 0.1650 0.0855 0.9779
1305031472.3277 -0.7128 0.3550 0.0555 -0.0931 0.1669 0.0866 0.9777
1305031472.3636 -0.7146 0.3551 0.0557 -0.0925 0.1672 0.0877 0.9776
1305031472.3956 -0.7147 0.3523 0.0582 -0.0930 0.1652 0.0896 0.9778
1305031472.4277 -0.7148 0.3493 0.0590 -0.0914 0.1629 0.0899 0.9783
1305031472.4636 -0.7143 0.3478 0.0576 -0.0893 0.1618 0.0879 0.9788
1305031472.4956 -0.7135 0.3460 0.0569 -0.0901 0.1636 0.0873 0.9785
1305031472.5276 -0.7121 0.3402 0.0586 -0.0914 0.1653 0.0882 0.9780
1305031472.5636 -0.7106 0.3352 0.0584 -0.0875 0.1648 0.0895 0.9783
1305031472.5957 -0.7098 0.3361 0.0553 -0.0816 0.1638 0.0917 0.9788
1305031472.6277 -0.7072 0.3332 0.0551 -0.0818 0.1624 0.0934 0.9789
1305031472.6636 -0.7042 0.3293 0.0558 -0.0818 0.1614 0.0947 0.9789
1305031472.6958 -0.7012 0.3258 0.0558 -0.0804 0.1602 0.0960 0.9791
1305031472.7276 -0.6986 0.3225 0.0559 -0.0786 0.1594 0.0955 0.9794
1305031472.7636 -0.6961 0.3211 0.0553 -0.0765 0.1592 0.0936 0.9798
1305031472.7956 -0.6941 0.3174 0.0565 -0.0760 0.1605 0.0919 0.9798
1305031472.8276 -0.6928 0.3157 0.0573 -0.0734 0.1616 0.0915 0.9799
1305031472.8636 -0.6933 0.3155 0.0583 -0.0705 0.1625 0.0927 0.9798
1305031472.8957 -0.6925 0.3152 0.0587 -0.0695 0.1610 0.0948 0.9799
1305031472.9277 -0.6903 0.3130 0.0600 -0.0703 0.1596 0.0963 0.9800
1305031472.9638 -0.6895 0.3134 0.0603 -0.0690 0.1597 0.0976 0.9799
1305031472.9957 -0.6903 0.3131 0.0619 -0.0694 0.1596 0.0986 0.9798
1305031473.0276 -0.6903 0.3133 0.0629 -0.0694 0.1586 0.0986 0.9799
1305031473.0637 -0.6881 0.3112 0.0634 -0.0714 0.1572 0.0974 0.9802
1305031473.0957 -0.6870 0.3106 0.0630 -0.0714 0.1576 0.0954 0.9803
1305031473.1277 -0.6879 0.3096 0.0645 -0.0720 0.1594 0.0941 0.9801
1305031473.1671 -0.6884 0.3081 0.0649 -0.0716 0.1591 0.0940 0.9802
1305031473.1961 -0.6874 0.3075 0.0642 -0.0706 0.1580 0.0938 0.9804
