1305031453.3917 0.0000 0.0000 0.0000 0.0000 0.0000 0.0000 1.0000
1305031453.5237 0.0104 0.0159 -0.0428 0.0160 0.0221 0.0351 0.9990
1305031453.6277 0.0095 0.0252 -0.0834 0.0339 0.0277 0.0490 0.9978
1305031453.7277 0.0044 0.0397 -0.1286 0.0481 0.0101 0.0398 0.9980
1305031453.8597 -0.0252 0.0589 -0.1694 0.0580 -0.0291 0.0131 0.9978
1305031453.9277 -0.0361 0.0657 -0.1865 0.0542 -0.0668 0.0033 0.9963
1305031453.9596 -0.0401 0.0710 -0.1852 0.0535 -0.0839 -0.0029 0.9950
1305031453.9916 -0.0476 0.0756 -0.1864 0.0539 -0.0963 -0.0121 0.9938
1305031454.0277 -0.0579 0.0783 -0.1822 0.0563 -0.1092 -0.0183 0.9922
1305031454.0597 -0.0649 0.0846 -0.1825 0.0587 -0.1212 -0.0260 0.9905
1305031454.0917 -0.0768 0.0914 -0.1710 0.0613 -0.1337 -0.0334 0.9886
1305031454.1277 -0.0937 0.0971 -0.1672 0.0660 -0.1460 -0.0436 0.9861
1305031454.1597 -0.1123 0.1070 -0.1640 0.0694 -0.1578 -0.0506 0.9837
1305031454.1917 -0.1312 0.1149 -0.1621 0.0707 -0.1710 -0.0616 0.9808
1305031454.2277 -0.1462 0.1221 -0.1540 0.0772 -0.1859 -0.0768 0.9765
1305031454.2596 -0.1553 0.1243 -0.1579 0.0827 -0.1977 -0.0909 0.9725
1305031454.2916 -0.1602 0.1291 -0.1551 0.0833 -0.2073 -0.0999 0.9696
1305031454.3277 -0.1726 0.1332 -0.1541 0.0854 -0.2167 -0.1114 0.9661
1305031454.3596 -0.1901 0.1484 -0.1583 0.0956 -0.2228 -0.1236 0.9622
1305031454.3917 -0.2050 0.1528 -0.1535 0.0974 -0.2290 -0.1328 0.9594
1305031454.4275 -0.2169 0.1575 -0.1570 0.0992 -0.2389 -0.1430 0.9553
1305031454.4599 -0.2263 0.1624 -0.1598 0.1023 -0.2473 -0.1575 0.9506
1305031454.4916 -0.2344 0.1753 -0.1510 0.1087 -0.2518 -0.1704 0.9464
1305031454.5277 -0.2391 0.1839 -0.1472 0.1113 -0.2583 -0.1834 0.9419
1305031454.5596 -0.2449 0.1812 -0.1454 0.1070 -0.2661 -0.1939 0.9382
1305031454.5916 -0.2539 0.1921 -0.1448 0.1080 -0.2746 -0.2082 0.9325
1305031454.6276 -0.2631 0.1993 -0.1460 0.1084 -0.2846 -0.2191 0.9269
1305031454.6595 -0.2664 0.2088 -0.1370 0.1053 -0.2980 -0.2236 0.9220
1305031454.6919 -0.2733 0.2197 -0.1355 0.1036 -0.3098 -0.2304 0.9166
1305031454.7277 -0.2797 0.2263 -0.1356 0.1025 -0.3198 -0.2375 0.9115
1305031454.7597 -0.2838 0.2266 -0.1312 0.0967 -0.3243 -0.2349 0.9112
1305031454.7916 -0.2846 0.2267 -0.1253 0.0903 -0.3273 -0.2289 0.9123
1305031454.8276 -0.2826 0.2317 -0.1198 0.0868 -0.3295 -0.2237 0.9132
1305031454.8596 -0.2836 0.2283 -0.1145 0.0789 -0.3293 -0.2204 0.9147
1305031454.8918 -0.2809 0.2251 -0.1092 0.0710 -0.3289 -0.2132 0.9172
1305031454.9276 -0.2832 0.2323 -0.1106 0.0684 -0.3246 -0.2076 0.9202
1305031454.9596 -0.2823 0.2333 -0.1076 0.0632 -0.3236 -0.2021 0.9222
1305031454.9919 -0.2833 0.2348 -0.1097 0.0597 -0.3226 -0.1978 0.9237
1305031455.0278 -0.2836 0.2408 -0.1112 0.0595 -0.3221 -0.1956 0.9244
1305031455.0596 -0.2843 0.2426 -0.1097 0.0574 -0.3220 -0.1935 0.9250
1305031455.0917 -0.2860 0.2452 -0.1100 0.0578 -0.3212 -0.1928 0.9254
1305031455.1277 -0.2889 0.2484 -0.1128 0.0572 -0.3187 -0.1920 0.9264
1305031455.1597 -0.2966 0.2527 -0.1171 0.0552 -0.3149 -0.1888 0.9285
1305031455.1917 -0.3021 0.2549 -0.1206 0.0519 -0.3128 -0.1851 0.9301
1305031455.2276 -0.3058 0.2555 -0.1221 0.0500 -0.3121 -0.1819 0.9311
1305031455.2596 -0.3096 0.2650 -0.1213 0.0481 -0.3107 -0.1749 0.9330
1305031455.2918 -0.3167 0.2601 -0.1234 0.0364 -0.3084 -0.1669 0.9358
1305031455.3278 -0.3301 0.2683 -0.1300 0.0321 -0.3049 -0.1578 0.9387
1305031455.3596 -0.3355 0.2845 -0.1274 0.0289 -0.3041 -0.1509 0.9402
1305031455.3917 -0.3398 0.2784 -0.1222 0.0146 -0.3033 -0.1423 0.9421
1305031455.4276 -0.3506 0.2826 -0.1251 0.0086 -0.2988 -0.1338 0.9448
1305031455.4596 -0.3612 0.2819 -0.1342 0.0044 -0.2952 -0.1290 0.9467
1305031455.4916 -0.3740 0.2871 -0.1445 0.0010 -0.2908 -0.1202 0.9492
1305031455.5276 -0.3905 0.2883 -0.1540 -0.0037 -0.2871 -0.1089 0.9517
1305031455.5597 -0.4103 0.2941 -0.1689 -0.0044 -0.2852 -0.0977 0.9535
1305031455.5916 -0.4268 0.2981 -0.1845 -0.0071 -0.2839 -0.0863 0.9549
1305031455.6276 -0.4458 0.2931 -0.1934 -0.0131 -0.2812 -0.0752 0.9566
1305031455.6596 -0.4603 0.2940 -0.2026 -0.0108 -0.2785 -0.0700 0.9578
1305031455.6916 -0.4738 0.2916 -0.2148 -0.0098 -0.2756 -0.0702 0.9586
1305031455.7276 -0.4810 0.2893 -0.2195 -0.0087 -0.2743 -0.0728 0.9588
1305031455.7597 -0.4857 0.2877 -0.2238 -0.0082 -0.2727 -0.0738 0.9592
1305031455.7917 -0.4922 0.2766 -0.2314 -0.0106 -0.2702 -0.0722 0.9600
1305031455.8276 -0.4987 0.2739 -0.2442 -0.0097 -0.2680 -0.0720 0.9607
1305031455.8595 -0.5089 0.2677 -0.2549 -0.0108 -0.2654 -0.0736 0.9613
1305031455.8917 -0.5106 0.2648 -0.2614 -0.0111 -0.2648 -0.0730 0.9615
1305031455.9280 -0.5142 0.2590 -0.2669 -0.0127 -0.2635 -0.0733 0.9618
1305031455.9597 -0.5183 0.2571 -0.2748 -0.0125 -0.2613 -0.0741 0.9623
1305031455.9917 -0.5214 0.2522 -0.2793 -0.0149 -0.2595 -0.0748 0.9627
1305031456.0278 -0.5213 0.2528 -0.2834 -0.0181 -0.2579 -0.0764 0.9630
1305031456.0597 -0.5318 0.2287 -0.2855 -0.0331 -0.2544 -0.0852 0.9628
1305031456.0917 -0.5348 0.2225 -0.2878 -0.0363 -0.2534 -0.0876 0.9627
1305031456.1276 -0.5388 0.2192 -0.2898 -0.0370 -0.2517 -0.0881 0.9631
1305031456.1597 -0.5461 0.2160 -0.2896 -0.0368 -0.2482 -0.0891 0.9639
1305031456.1917 -0.5488 0.2022 -0.2958 -0.0350 -0.2430 -0.0853 0.9656
1305031456.2277 -0.5504 0.1999 -0.2997 -0.0344 -0.2367 -0.0810 0.9676
1305031456.2917 -0.5667 0.1780 -0.2951 -0.0388 -0.2175 -0.0743 0.9725
1305031456.3277 -0.5720 0.1679 -0.2888 -0.0390 -0.2100 -0.0629 0.9749
1305031456.3916 -0.5766 0.1565 -0.2800 -0.0384 -0.1926 -0.0514 0.9792
1305031456.4277 -0.5860 0.1534 -0.2781 -0.0356 -0.1850 -0.0411 0.9812
1305031456.4917 -0.6254 0.1759 -0.2760 -0.0350 -0.1757 -0.0289 0.9834
1305031456.5276 -0.6443 0.1834 -0.2703 -0.0374 -0.1747 -0.0238 0.9836
1305031456.5917 -0.6637 0.1912 -0.2573 -0.0373 -0.1721 -0.0146 0.9843
1305031456.6276 -0.6648 0.2014 -0.2514 -0.0487 -0.1716 -0.0097 0.9839
1305031456.6916 -0.7024 0.1847 -0.2348 -0.0648 -0.1610 0.0027 0.9848
1305031456.8276 -0.7686 0.2049 -0.2143 -0.0716 -0.1701 0.0332 0.9823
1305031457.0917 -0.8656 0.2015 -0.1806 -0.1115 -0.1387 0.0647 0.9819
1305031457.2917 -0.9245 0.1749 -0.2215 -0.1157 -0.0965 0.0997 0.9835
1305031457.3917 -0.9525 0.1594 -0.2565 -0.1132 -0.0649 0.1184 0.9844
1305031457.4917 -0.9926 0.1439 -0.2914 -0.1096 -0.0474 0.1331 0.9839
1305031457.5597 -1.0087 0.1369 -0.3164 -0.1012 -0.0386 0.1423 0.9839
1305031457.6596 -1.0490 0.1373 -0.3531 -0.0877 -0.0272 0.1533 0.9839
1305031457.7277 -1.0744 0.1044 -0.3652 -0.0982 -0.0222 0.1518 0.9833
1305031457.7916 -1.0788 0.0750 -0.3796 -0.0907 -0.0182 0.1521 0.9840
1305031457.8277 -1.0849 0.0812 -0.3935 -0.0774 -0.0123 0.1555 0.9847
1305031457.8916 -1.1062 0.0547 -0.4050 -0.0683 0.0035 0.1554 0.9855
1305031457.9276 -1.1181 0.0488 -0.4110 -0.0548 0.0092 0.1601 0.9855
1305031457.9916 -1.1414 0.0260 -0.4205 -0.0451 0.0130 0.1662 0.9850
1305031458.0278 -1.1429 0.0173 -0.4179 -0.0349 0.0153 0.1693 0.9848
1305031458.0597 -1.1516 0.0157 -0.4221 -0.0286 0.0192 0.1710 0.9847
1305031458.1276 -1.1721 0.0088 -0.4169 -0.0290 0.0248 0.1716 0.9844
1305031458.1596 -1.1873 0.0011 -0.4145 -0.0285 0.0277 0.1747 0.9838
1305031458.1916 -1.2031 0.0020 -0.4015 -0.0265 0.0284 0.1781 0.9832
1305031458.2276 -1.2177 -0.0108 -0.3860 -0.0342 0.0260 0.1810 0.9825
1305031458.2599 -1.2319 -0.0480 -0.3625 -0.0419 0.0256 0.1780 0.9828
1305031458.2917 -1.2576 -0.0503 -0.3550 -0.0312 0.0250 0.1815 0.9826
1305031458.3276 -1.2781 -0.0579 -0.3349 -0.0302 0.0216 0.1840 0.9822
1305031458.3596 -1.2889 -0.0823 -0.3085 -0.0264 0.0193 0.1882 0.9816
1305031458.3916 -1.3108 -0.0711 -0.2938 -0.0096 0.0202 0.1957 0.9804
1305031458.4276 -1.3160 -0.0670 -0.2779 -0.0021 0.0197 0.2060 0.9783
1305031458.4596 -1.3074 -0.0746 -0.2670 0.0068 0.0204 0.2173 0.9759
1305031458.4917 -1.3152 -0.0760 -0.2579 0.0267 0.0306 0.2188 0.9749
1305031458.5277 -1.3175 -0.0893 -0.2527 0.0365 0.0380 0.2175 0.9746
1305031458.5596 -1.3233 -0.0873 -0.2387 0.0419 0.0444 0.2175 0.9741
1305031458.5916 -1.3363 -0.0957 -0.2301 0.0474 0.0508 0.2085 0.9756
1305031458.6277 -1.3473 -0.0828 -0.2164 0.0520 0.0513 0.2066 0.9757
1305031458.6596 -1.3639 -0.0852 -0.1940 0.0471 0.0490 0.2079 0.9758
1305031458.6917 -1.3611 -0.0901 -0.1645 0.0424 0.0308 0.2019 0.9780
1305031458.7276 -1.3530 -0.0930 -0.1410 0.0428 0.0132 0.1977 0.9792
1305031458.7599 -1.3633 -0.0931 -0.1243 0.0492 -0.0002 0.1900 0.9806
1305031458.7916 -1.3666 -0.0752 -0.0984 0.0570 -0.0162 0.1837 0.9812
1305031458.8276 -1.3599 -0.0836 -0.0705 0.0504 -0.0269 0.1822 0.9816
1305031458.8917 -1.3540 -0.0948 -0.0485 0.0548 -0.0319 0.1720 0.9831
1305031458.9276 -1.3692 -0.0914 -0.0442 0.0557 -0.0244 0.1731 0.9830
1305031458.9596 -1.3749 -0.0989 -0.0359 0.0464 -0.0194 0.1829 0.9818
1305031458.9916 -1.3796 -0.1184 -0.0299 0.0434 -0.0167 0.1861 0.9814
1305031459.0277 -1.4084 -0.1266 -0.0215 0.0550 -0.0125 0.1866 0.9808
1305031459.0596 -1.4316 -0.1433 -0.0118 0.0602 -0.0161 0.1975 0.9783
1305031459.1276 -1.4153 -0.1821 0.0591 0.0583 -0.0147 0.2050 0.9769
1305031459.1596 -1.4243 -0.1844 0.0634 0.0676 -0.0405 0.2071 0.9751
1305031459.1917 -1.4295 -0.1831 0.0768 0.0749 -0.0594 0.2126 0.9725
1305031459.2276 -1.4339 -0.1876 0.0836 0.0758 -0.0729 0.2213 0.9695
1305031459.2598 -1.4414 -0.1839 0.0983 0.0765 -0.0744 0.2263 0.9682
1305031459.3276 -1.4519 -0.1714 0.1348 0.0706 -0.0477 0.2519 0.9640
1305031459.3597 -1.4654 -0.1679 0.1500 0.0708 -0.0219 0.2707 0.9598
1305031459.3917 -1.4837 -0.1569 0.1524 0.0645 0.0065 0.2944 0.9535
1305031459.4276 -1.4933 -0.1682 0.2065 0.0479 0.0416 0.3190 0.9456
1305031459.4597 -1.5053 -0.1723 0.2105 0.0384 0.0792 0.3539 0.9311
1305031459.5276 -1.5652 -0.0900 0.3339 0.0930 0.1117 0.3235 0.9350
1305031459.5596 -1.5735 -0.0992 0.3349 0.0819 0.1258 0.3490 0.9250
1305031459.5917 -1.5893 -0.0998 0.3377 0.0782 0.1329 0.3675 0.9172
1305031459.6276 -1.5873 -0.0968 0.3434 0.0751 0.1286 0.3795 0.9131
1305031459.6596 -1.5949 -0.0942 0.3487 0.0766 0.1332 0.3803 0.9120
1305031459.6916 -1.6170 -0.1013 0.3482 0.0718 0.1481 0.3849 0.9082
1305031459.7276 -1.6267 -0.1155 0.3461 0.0650 0.1548 0.3871 0.9066
1305031459.7917 -1.6563 -0.1425 0.3450 0.0640 0.1637 0.3837 0.9066
1305031459.8277 -1.6709 -0.1584 0.3471 0.0618 0.1651 0.3836 0.9065
1305031459.8597 -1.6940 -0.1751 0.3496 0.0582 0.1683 0.3825 0.9066
1305031459.8916 -1.7017 -0.1951 0.3503 0.0525 0.1639 0.3889 0.9050
1305031459.9276 -1.7124 -0.2132 0.3537 0.0505 0.1625 0.3912 0.9044
1305031459.9917 -1.7303 -0.2331 0.3645 0.0477 0.1579 0.4000 0.9015
1305031460.0276 -1.7383 -0.2491 0.3699 0.0454 0.1595 0.4027 0.9002
1305031460.0597 -1.7490 -0.2723 0.3697 0.0419 0.1613 0.4073 0.8979
1305031460.0917 -1.7627 -0.2924 0.3731 0.0422 0.1590 0.4126 0.8959
1305031460.1277 -1.7689 -0.3043 0.3796 0.0471 0.1501 0.4181 0.8947
1305031460.1597 -1.7815 -0.3114 0.3870 0.0538 0.1444 0.4219 0.8935
1305031460.1916 -1.7831 -0.3206 0.3982 0.0531 0.1380 0.4276 0.8918
1305031460.2278 -1.7816 -0.3232 0.4053 0.0546 0.1378 0.4292 0.8910
1305031460.2917 -1.7835 -0.3435 0.4116 0.0567 0.1528 0.4284 0.8888
1305031460.3275 -1.7809 -0.3444 0.4190 0.0590 0.1566 0.4293 0.8875
1305031460.3916 -1.7790 -0.3565 0.4305 0.0546 0.1732 0.4381 0.8804
1305031460.4275 -1.7775 -0.3612 0.4408 0.0536 0.1816 0.4428 0.8764
1305031460.4596 -1.7787 -0.3640 0.4446 0.0514 0.1934 0.4456 0.8726
1305031460.4915 -1.7794 -0.3690 0.4465 0.0446 0.2058 0.4519 0.8668
1305031460.5276 -1.7798 -0.3838 0.4480 0.0347 0.2182 0.4602 0.8599
1305031460.5596 -1.7793 -0.3951 0.4564 0.0278 0.2278 0.4640 0.8556
1305031460.5919 -1.7810 -0.4001 0.4646 0.0255 0.2356 0.4643 0.8534
1305031460.6276 -1.7799 -0.4012 0.4717 0.0250 0.2405 0.4649 0.8517
1305031460.6598 -1.7826 -0.4093 0.4743 0.0228 0.2459 0.4643 0.8505
1305031460.6917 -1.7846 -0.4172 0.4762 0.0200 0.2481 0.4657 0.8492
1305031460.7277 -1.7851 -0.4209 0.4812 0.0180 0.2493 0.4652 0.8492
1305031460.7597 -1.7852 -0.4232 0.4845 0.0176 0.2514 0.4642 0.8491
1305031460.7917 -1.7875 -0.4315 0.4870 0.0150 0.2536 0.4640 0.8486
1305031460.8277 -1.7876 -0.4380 0.4895 0.0119 0.2541 0.4632 0.8490
1305031460.8597 -1.7877 -0.4406 0.4933 0.0096 0.2556 0.4616 0.8494
1305031460.8918 -1.7878 -0.4457 0.4969 0.0063 0.2578 0.4599 0.8497
1305031460.9276 -1.7886 -0.4552 0.5005 0.0021 0.2594 0.4599 0.8492
1305031460.9917 -1.7768 -0.4761 0.5130 -0.0017 0.2612 0.4638 0.8465
1305031461.0276 -1.7734 -0.4846 0.5190 -0.0015 0.2624 0.4656 0.8452
1305031461.0917 -1.7803 -0.5012 0.5376 0.0004 0.2637 0.4623 0.8466
1305031461.1276 -1.7743 -0.5039 0.5434 0.0003 0.2623 0.4607 0.8479
1305031461.1597 -1.7702 -0.5116 0.5466 0.0020 0.2632 0.4607 0.8476
1305031461.1920 -1.7732 -0.5168 0.5508 0.0043 0.2659 0.4553 0.8497
1305031461.2276 -1.7713 -0.5201 0.5546 0.0043 0.2666 0.4532 0.8506
1305031461.2596 -1.7668 -0.5247 0.5615 0.0056 0.2665 0.4508 0.8519
1305031461.2917 -1.7670 -0.5272 0.5676 0.0082 0.2684 0.4443 0.8547
1305031461.3278 -1.7664 -0.5270 0.5718 0.0097 0.2705 0.4407 0.8559
1305031461.3597 -1.7673 -0.5242 0.5780 0.0092 0.2730 0.4388 0.8561
1305031461.3917 -1.7623 -0.5314 0.5838 0.0033 0.2733 0.4386 0.8561
1305031461.4276 -1.7594 -0.5290 0.5881 0.0046 0.2736 0.4367 0.8570
1305031461.4598 -1.7587 -0.5315 0.5921 0.0014 0.2745 0.4375 0.8563
1305031461.4917 -1.7485 -0.5378 0.5933 -0.0025 0.2732 0.4387 0.8561
1305031461.5277 -1.7553 -0.5288 0.5976 0.0066 0.2775 0.4342 0.8570
1305031461.5597 -1.7462 -0.5184 0.5967 0.0078 0.2756 0.4319 0.8588
1305031461.5917 -1.7397 -0.5133 0.5832 0.0072 0.2789 0.4283 0.8595
1305031461.6275 -1.7396 -0.5042 0.5871 0.0075 0.2857 0.4275 0.8576
1305031461.6596 -1.7361 -0.4998 0.5859 0.0058 0.2892 0.4266 0.8569
1305031461.6916 -1.7360 -0.4934 0.5857 0.0055 0.2913 0.4300 0.8545
1305031461.7276 -1.7282 -0.4858 0.5856 0.0042 0.2898 0.4341 0.8529
1305031461.7597 -1.7256 -0.4771 0.5806 0.0046 0.2904 0.4356 0.8520
1305031461.7916 -1.7233 -0.4654 0.5724 0.0027 0.2923 0.4394 0.8494
1305031461.8276 -1.7221 -0.4570 0.5720 0.0009 0.2990 0.4415 0.8460
1305031461.8598 -1.7202 -0.4447 0.5642 -0.0002 0.3013 0.4488 0.8413
1305031461.8917 -1.7258 -0.4344 0.5697 -0.0041 0.3069 0.4622 0.8320
1305031461.9278 -1.7121 -0.4213 0.5654 -0.0121 0.2991 0.4735 0.8284
1305031461.9597 -1.7084 -0.3997 0.5573 -0.0122 0.3014 0.4772 0.8254
1305031461.9916 -1.7232 -0.3866 0.5641 -0.0182 0.3139 0.4819 0.8178
1305031462.0277 -1.7210 -0.3839 0.5721 -0.0321 0.3131 0.4915 0.8120
1305031462.0598 -1.7189 -0.3765 0.5734 -0.0384 0.3057 0.5031 0.8074
1305031462.0918 -1.7155 -0.3596 0.5683 -0.0379 0.2947 0.5153 0.8039
1305031462.1277 -1.7112 -0.3483 0.5663 -0.0422 0.2868 0.5259 0.7996
1305031462.1596 -1.7146 -0.3321 0.5613 -0.0410 0.2807 0.5326 0.7974
1305031462.1916 -1.7187 -0.3254 0.5634 -0.0429 0.2809 0.5308 0.7984
1305031462.2276 -1.7250 -0.3239 0.5634 -0.0516 0.2823 0.5292 0.7985
1305031462.2598 -1.7279 -0.3335 0.5683 -0.0666 0.2836 0.5250 0.7997
1305031462.2916 -1.7333 -0.3269 0.5717 -0.0714 0.2813 0.5222 0.8020
1305031462.3597 -1.7561 -0.3198 0.5927 -0.0851 0.2879 0.5106 0.8057
1305031462.4920 -1.7318 -0.2393 0.6510 -0.0980 0.2373 0.4935 0.8310
1305031462.6925 -1.7574 -0.2493 0.6479 -0.1322 0.2192 0.4391 0.8612
1305031462.7919 -1.7674 -0.2513 0.6400 -0.1435 0.2055 0.4099 0.8770
1305031462.9276 -1.7624 -0.2311 0.6220 -0.1554 0.1947 0.3905 0.8863
1305031463.0277 -1.7542 -0.2094 0.5948 -0.1438 0.1857 0.3789 0.8951
1305031463.0958 -1.7479 -0.2038 0.5730 -0.1415 0.1775 0.3608 0.9046
1305031463.1598 -1.7441 -0.1922 0.5502 -0.1322 0.1767 0.3431 0.9130
1305031463.2600 -1.7263 -0.1637 0.5221 -0.1221 0.1715 0.3263 0.9215
1305031463.3598 -1.7094 -0.1443 0.4908 -0.1114 0.1659 0.3155 0.9276
1305031463.4598 -1.6753 -0.1108 0.4630 -0.1009 0.1552 0.3054 0.9340
1305031463.5277 -1.6458 -0.0827 0.4448 -0.0961 0.1586 0.3019 0.9351
1305031463.6276 -1.6044 -0.0580 0.4183 -0.0872 0.1557 0.2992 0.9374
1305031463.6956 -1.5764 -0.0524 0.3929 -0.0780 0.1566 0.2964 0.9389
1305031463.7597 -1.5362 -0.0471 0.3689 -0.0715 0.1564 0.2875 0.9422
1305031463.7956 -1.5209 -0.0525 0.3493 -0.0693 0.1585 0.2766 0.9453
1305031463.8599 -1.4773 -0.0642 0.3162 -0.0706 0.1560 0.2575 0.9510
1305031463.8956 -1.4700 -0.0618 0.3000 -0.0637 0.1591 0.2451 0.9542
1305031463.9597 -1.4332 -0.0754 0.2674 -0.0626 0.1491 0.2355 0.9583
1305031463.9958 -1.4265 -0.0840 0.2558 -0.0590 0.1488 0.2265 0.9608
1305031464.0597 -1.3885 -0.0958 0.2233 -0.0571 0.1397 0.2117 0.9656
1305031464.0956 -1.3844 -0.1021 0.2071 -0.0516 0.1431 0.1989 0.9681
1305031464.1277 -1.3800 -0.1092 0.1977 -0.0494 0.1428 0.1949 0.9691
1305031464.1598 -1.3694 -0.1159 0.1910 -0.0428 0.1387 0.1949 0.9700
1305031464.1956 -1.3628 -0.1226 0.1791 -0.0306 0.1344 0.1919 0.9717
1305031464.2276 -1.3594 -0.1240 0.1638 -0.0192 0.1250 0.1884 0.9739
1305031464.2596 -1.3622 -0.1254 0.1589 -0.0130 0.1125 0.1864 0.9759
1305031464.2957 -1.3565 -0.1252 0.1565 -0.0097 0.0962 0.1824 0.9785
1305031464.3279 -1.3334 -0.1274 0.1437 -0.0088 0.0790 0.1770 0.9810
1305031464.3597 -1.3169 -0.1324 0.1346 -0.0050 0.0689 0.1707 0.9829
1305031464.3956 -1.3119 -0.1329 0.1249 0.0003 0.0665 0.1637 0.9843
1305031464.4276 -1.3012 -0.1367 0.1115 0.0011 0.0664 0.1547 0.9857
1305031464.4597 -1.2972 -0.1448 0.1036 0.0023 0.0665 0.1478 0.9868
1305031464.4956 -1.2837 -0.1483 0.0918 0.0037 0.0641 0.1417 0.9878
1305031464.5276 -1.2740 -0.1503 0.0773 0.0048 0.0640 0.1349 0.9888
1305031464.5597 -1.2577 -0.1502 0.0684 0.0043 0.0611 0.1258 0.9902
1305031464.5957 -1.2262 -0.1685 0.0516 0.0050 0.0621 0.1142 0.9915
1305031464.6277 -1.2049 -0.1705 0.0369 0.0172 0.0720 0.1090 0.9913
1305031464.6597 -1.1968 -0.1839 0.0262 0.0247 0.0863 0.0986 0.9911
1305031464.6957 -1.1857 -0.1950 0.0108 0.0383 0.0972 0.0831 0.9911
1305031464.7277 -1.1864 -0.2032 -0.0043 0.0557 0.1036 0.0684 0.9907
1305031464.7597 -1.1857 -0.1999 -0.0156 0.0700 0.1039 0.0546 0.9906
1305031464.7960 -1.1919 -0.2044 -0.0143 0.0777 0.1029 0.0367 0.9910
1305031464.8278 -1.1950 -0.2036 -0.0073 0.0910 0.0918 0.0228 0.9913
1305031464.8597 -1.1904 -0.1812 0.0114 0.1043 0.0767 0.0058 0.9916
1305031464.8958 -1.1724 -0.1741 0.0276 0.1064 0.0590 -0.0111 0.9925
1305031464.9278 -1.1412 -0.1968 0.0276 0.1009 0.0432 -0.0317 0.9935
1305031464.9598 -1.1338 -0.2181 0.0328 0.1015 0.0394 -0.0495 0.9928
1305031464.9957 -1.1320 -0.2085 0.0469 0.1109 0.0411 -0.0673 0.9907
1305031465.0278 -1.1341 -0.2086 0.0627 0.1155 0.0438 -0.0871 0.9885
1305031465.0597 -1.1453 -0.1943 0.0815 0.1241 0.0434 -0.1081 0.9854
1305031465.0957 -1.1164 -0.1653 0.1088 0.1264 0.0289 -0.1222 0.9840
1305031465.1277 -1.0979 -0.1684 0.1290 0.1090 0.0154 -0.1395 0.9841
1305031465.1598 -1.0874 -0.1800 0.1563 0.0899 0.0040 -0.1492 0.9847
1305031465.1956 -1.0683 -0.1966 0.1809 0.0733 -0.0084 -0.1600 0.9844
1305031465.2279 -1.0545 -0.1908 0.2044 0.0615 -0.0161 -0.1680 0.9837
1305031465.2956 -1.0451 -0.1829 0.2457 0.0433 -0.0294 -0.1653 0.9848
1305031465.3277 -1.0349 -0.1701 0.2661 0.0364 -0.0410 -0.1500 0.9872
1305031465.3956 -1.0032 -0.1692 0.3001 0.0283 -0.0744 -0.1286 0.9885
1305031465.4277 -0.9792 -0.1657 0.3076 0.0292 -0.0877 -0.1199 0.9885
1305031465.4601 -0.9645 -0.1553 0.3148 0.0315 -0.0964 -0.1093 0.9888
1305031465.4957 -0.9444 -0.1445 0.3202 0.0301 -0.1049 -0.0998 0.9890
1305031465.5276 -0.9333 -0.1461 0.3238 0.0277 -0.1104 -0.0977 0.9887
1305031465.5598 -0.9183 -0.1422 0.3243 0.0308 -0.1161 -0.0936 0.9883
1305031465.5956 -0.8998 -0.1336 0.3250 0.0347 -0.1210 -0.0873 0.9882
1305031465.6277 -0.8882 -0.1242 0.3268 0.0376 -0.1242 -0.0806 0.9883
1305031465.6601 -0.8760 -0.1149 0.3249 0.0408 -0.1299 -0.0745 0.9879
1305031465.6957 -0.8555 -0.1087 0.3290 0.0439 -0.1372 -0.0691 0.9872
1305031465.7277 -0.8390 -0.0979 0.3283 0.0494 -0.1406 -0.0618 0.9869
1305031465.7598 -0.8229 -0.0874 0.3288 0.0540 -0.1448 -0.0554 0.9864
1305031465.7959 -0.8040 -0.0804 0.3302 0.0562 -0.1482 -0.0502 0.9861
1305031465.8280 -0.7827 -0.0731 0.3337 0.0612 -0.1535 -0.0440 0.9853
1305031465.8599 -0.7571 -0.0588 0.3272 0.0700 -0.1563 -0.0402 0.9844
1305031465.8955 -0.7295 -0.0466 0.3338 0.0731 -0.1534 -0.0384 0.9847
1305031465.9275 -0.7042 -0.0435 0.3392 0.0756 -0.1481 -0.0356 0.9854
1305031465.9597 -0.6796 -0.0275 0.3471 0.0857 -0.1428 -0.0334 0.9855
1305031465.9958 -0.6599 -0.0158 0.3493 0.0920 -0.1371 -0.0359 0.9856
1305031466.0276 -0.6365 -0.0083 0.3431 0.0951 -0.1373 -0.0375 0.9852
1305031466.0598 -0.6129 0.0106 0.3423 0.0941 -0.1378 -0.0344 0.9854
1305031466.0958 -0.6011 0.0267 0.3379 0.0896 -0.1385 -0.0353 0.9857
1305031466.1276 -0.5903 0.0474 0.3364 0.0856 -0.1408 -0.0357 0.9857
1305031466.1604 -0.5798 0.0677 0.3346 0.0822 -0.1444 -0.0319 0.9856
1305031466.1958 -0.5672 0.0812 0.3293 0.0732 -0.1506 -0.0297 0.9854
1305031466.2280 -0.5488 0.0780 0.3325 0.0567 -0.1594 -0.0326 0.9850
1305031466.2598 -0.5293 0.0775 0.3283 0.0552 -0.1626 -0.0402 0.9843
1305031466.2957 -0.5031 0.0841 0.3233 0.0590 -0.1609 -0.0494 0.9840
1305031466.3277 -0.4868 0.0883 0.3113 0.0603 -0.1505 -0.0581 0.9851
1305031466.3598 -0.4747 0.0964 0.2990 0.0570 -0.1393 -0.0665 0.9864
1305031466.3958 -0.4567 0.0829 0.2823 0.0528 -0.1384 -0.0686 0.9866
1305031466.4278 -0.4484 0.0890 0.2764 0.0571 -0.1398 -0.0712 0.9860
1305031466.4598 -0.4360 0.0965 0.2685 0.0575 -0.1425 -0.0749 0.9853
1305031466.4958 -0.4221 0.1067 0.2667 0.0565 -0.1452 -0.0760 0.9849
1305031466.5275 -0.3957 0.0990 0.2601 0.0529 -0.1451 -0.0770 0.9850
1305031466.5604 -0.3709 0.1065 0.2477 0.0531 -0.1415 -0.0802 0.9853
1305031466.5959 -0.3505 0.1073 0.2418 0.0423 -0.1421 -0.0828 0.9855
1305031466.6275 -0.3264 0.0864 0.2372 0.0324 -0.1405 -0.0903 0.9854
1305031466.6597 -0.3004 0.0816 0.2284 0.0365 -0.1393 -0.0953 0.9850
1305031466.6958 -0.2863 0.0858 0.2211 0.0368 -0.1398 -0.1004 0.9844
1305031466.7281 -0.2673 0.0815 0.2181 0.0304 -0.1413 -0.1120 0.9831
1305031466.7596 -0.2455 0.0709 0.2203 0.0309 -0.1435 -0.1193 0.9820
1305031466.7956 -0.2311 0.0724 0.2164 0.0341 -0.1457 -0.1212 0.9813
1305031466.8279 -0.2191 0.0785 0.2122 0.0327 -0.1477 -0.1231 0.9808
1305031466.8597 -0.2168 0.0770 0.2124 0.0311 -0.1487 -0.1235 0.9806
1305031466.8957 -0.1957 0.0673 0.2108 0.0289 -0.1624 -0.1247 0.9784
1305031466.9278 -0.1813 0.0659 0.2128 0.0275 -0.1761 -0.1260 0.9759
1305031466.9597 -0.1723 0.0616 0.2102 0.0268 -0.1809 -0.1283 0.9747
1305031466.9957 -0.1634 0.0586 0.2055 0.0265 -0.1826 -0.1313 0.9740
1305031467.0278 -0.1548 0.0572 0.2043 0.0260 -0.1843 -0.1334 0.9734
1305031467.0597 -0.1389 0.0489 0.1981 0.0243 -0.1866 -0.1361 0.9727
1305031467.0957 -0.1284 0.0521 0.1931 0.0242 -0.1864 -0.1397 0.9722
1305031467.1290 -0.1225 0.0505 0.1944 0.0245 -0.1872 -0.1471 0.9709
1305031467.1597 -0.1154 0.0445 0.1922 0.0239 -0.1886 -0.1521 0.9699
1305031467.1957 -0.1079 0.0462 0.1901 0.0251 -0.1909 -0.1549 0.9690
1305031467.2277 -0.0987 0.0457 0.1858 0.0261 -0.1946 -0.1584 0.9677
1305031467.2597 -0.0929 0.0447 0.1854 0.0267 -0.1971 -0.1615 0.9666
1305031467.2958 -0.0856 0.0433 0.1802 0.0278 -0.1993 -0.1669 0.9652
1305031467.3280 -0.0774 0.0418 0.1789 0.0278 -0.2024 -0.1704 0.9640
1305031467.3597 -0.0650 0.0474 0.1736 0.0269 -0.2066 -0.1724 0.9627
1305031467.3958 -0.0536 0.0478 0.1741 0.0230 -0.2120 -0.1758 0.9610
1305031467.4278 -0.0469 0.0450 0.1684 0.0219 -0.2143 -0.1782 0.9601
1305031467.4597 -0.0322 0.0411 0.1613 0.0205 -0.2194 -0.1790 0.9588
1305031467.4961 -0.0254 0.0499 0.1590 0.0195 -0.2226 -0.1843 0.9571
1305031467.5277 -0.0111 0.0537 0.1575 0.0188 -0.2250 -0.1875 0.9560
1305031467.5598 -0.0040 0.0519 0.1548 0.0185 -0.2254 -0.1887 0.9557
1305031467.5960 0.0030 0.0500 0.1536 0.0176 -0.2260 -0.1858 0.9561
1305031467.6275 0.0060 0.0469 0.1582 0.0186 -0.2284 -0.1849 0.9557
1305031467.6596 0.0134 0.0420 0.1610 0.0237 -0.2327 -0.1821 0.9550
1305031467.6959 0.0164 0.0407 0.1624 0.0251 -0.2342 -0.1840 0.9543
1305031467.7275 0.0166 0.0351 0.1669 0.0286 -0.2344 -0.1893 0.9531
1305031467.7599 0.0145 0.0302 0.1720 0.0329 -0.2342 -0.1915 0.9526
1305031467.7961 0.0138 0.0269 0.1724 0.0364 -0.2343 -0.1949 0.9517
1305031467.8278 0.0089 0.0182 0.1792 0.0407 -0.2345 -0.1963 0.9512
1305031467.8597 0.0073 0.0141 0.1869 0.0495 -0.2370 -0.1933 0.9508
1305031467.8959 0.0072 0.0061 0.1952 0.0521 -0.2419 -0.1933 0.9494
1305031467.9278 0.0037 -0.0008 0.2103 0.0549 -0.2459 -0.1970 0.9475
1305031467.9598 0.0014 -0.0162 0.2136 0.0595 -0.2481 -0.2006 0.9459
1305031467.9958 0.0059 -0.0194 0.2183 0.0605 -0.2495 -0.2001 0.9456
1305031468.0281 0.0057 -0.0259 0.2320 0.0602 -0.2498 -0.2030 0.9449
1305031468.0598 -0.0025 -0.0427 0.2407 0.0623 -0.2500 -0.2064 0.9439
1305031468.0959 -0.0009 -0.0468 0.2488 0.0637 -0.2519 -0.2074 0.9431
1305031468.1278 0.0017 -0.0568 0.2645 0.0624 -0.2543 -0.2074 0.9425
1305031468.1599 -0.0000 -0.0629 0.2746 0.0635 -0.2551 -0.2090 0.9419
1305031468.1960 0.0023 -0.0667 0.2925 0.0645 -0.2562 -0.2112 0.9411
1305031468.2282 0.0083 -0.0783 0.3106 0.0634 -0.2579 -0.2109 0.9407
1305031468.2598 0.0172 -0.0906 0.3369 0.0634 -0.2600 -0.2096 0.9404
1305031468.2958 0.0220 -0.0998 0.3599 0.0641 -0.2597 -0.2097 0.9405
1305031468.3278 0.0248 -0.1241 0.3842 0.0635 -0.2608 -0.2087 0.9404
1305031468.3598 0.0309 -0.1382 0.4028 0.0652 -0.2615 -0.2043 0.9411
1305031468.4598 0.0389 -0.1868 0.4362 0.0579 -0.2629 -0.2002 0.9420
1305031468.5278 0.0330 -0.2140 0.4538 0.0591 -0.2593 -0.2081 0.9413
1305031468.5597 0.0245 -0.2303 0.4516 0.0662 -0.2576 -0.2186 0.9389
1305031468.6596 0.0016 -0.2681 0.4516 0.0637 -0.2579 -0.2263 0.9371
1305031468.6958 -0.0160 -0.2864 0.4531 0.0667 -0.2603 -0.2314 0.9350
1305031468.7278 -0.0248 -0.3017 0.4567 0.0705 -0.2647 -0.2320 0.9333
1305031468.7958 -0.0406 -0.3270 0.4621 0.0769 -0.2691 -0.2363 0.9305
1305031468.8292 -0.0518 -0.3352 0.4503 0.0857 -0.2675 -0.2429 0.9285
1305031468.9596 -0.0607 -0.3585 0.4591 0.0795 -0.2515 -0.2449 0.9330
1305031469.0277 -0.0684 -0.3576 0.4698 0.0496 -0.2428 -0.2556 0.9345
1305031469.1277 -0.0776 -0.3868 0.5059 0.0129 -0.2355 -0.2819 0.9300
1305031469.1955 -0.0913 -0.3942 0.5299 -0.0026 -0.2156 -0.2927 0.9316
1305031469.2596 -0.1022 -0.3990 0.5591 -0.0108 -0.2077 -0.3011 0.9306
1305031469.2968 -0.1051 -0.4002 0.5734 -0.0139 -0.2044 -0.3030 0.9307
1305031469.3276 -0.1083 -0.3973 0.5808 -0.0167 -0.2019 -0.3045 0.9307
1305031469.3596 -0.1057 -0.4060 0.6024 -0.0245 -0.2003 -0.3117 0.9285
1305031469.3957 -0.1074 -0.4075 0.6204 -0.0241 -0.1894 -0.3165 0.9292
1305031469.4277 -0.1082 -0.4066 0.6348 -0.0223 -0.1791 -0.3221 0.9293
1305031469.4597 -0.1153 -0.4075 0.6527 -0.0237 -0.1697 -0.3308 0.9280
1305031469.4957 -0.1176 -0.4021 0.6614 -0.0231 -0.1666 -0.3311 0.9285
1305031469.5276 -0.1219 -0.3897 0.6710 -0.0232 -0.1652 -0.3307 0.9289
1305031469.5596 -0.1264 -0.3862 0.6828 -0.0308 -0.1644 -0.3313 0.9286
1305031469.6596 -0.1343 -0.3706 0.7253 -0.0574 -0.1593 -0.3314 0.9282
1305031469.7596 -0.1542 -0.3283 0.7567 -0.0710 -0.1392 -0.3245 0.9329
1305031469.9279 -0.2010 -0.2502 0.8082 -0.0993 -0.1344 -0.3131 0.9349
1305031470.0959 -0.2582 -0.1698 0.8308 -0.1109 -0.1350 -0.3071 0.9355
1305031470.2600 -0.3174 -0.0919 0.8281 -0.1273 -0.1304 -0.2925 0.9387
1305031470.3958 -0.3654 -0.0265 0.8263 -0.1406 -0.1273 -0.2749 0.9426
1305031470.5597 -0.4219 0.0234 0.8155 -0.1383 -0.1332 -0.2718 0.9430
1305031470.7597 -0.4782 0.0657 0.8074 -0.1419 -0.1305 -0.2512 0.9485
1305031470.7956 -0.4844 0.0726 0.8060 -0.1402 -0.1266 -0.2472 0.9504
1305031470.8278 -0.4936 0.0809 0.8053 -0.1346 -0.1252 -0.2408 0.9530
1305031470.8596 -0.5026 0.0846 0.8027 -0.1298 -0.1244 -0.2337 0.9555
1305031470.8957 -0.5130 0.0943 0.7989 -0.1223 -0.1232 -0.2257 0.9586
1305031470.9277 -0.5215 0.1005 0.7978 -0.1150 -0.1269 -0.2197 0.9604
1305031470.9596 -0.5321 0.1054 0.7941 -0.1018 -0.1292 -0.2151 0.9626
1305031470.9960 -0.5368 0.1079 0.7900 -0.0908 -0.1312 -0.2139 0.9637
1305031471.0276 -0.5399 0.1067 0.7887 -0.0808 -0.1332 -0.2116 0.9649
1305031471.0596 -0.5455 0.1057 0.7859 -0.0707 -0.1328 -0.2063 0.9669
1305031471.0958 -0.5512 0.1140 0.7807 -0.0558 -0.1321 -0.2000 0.9692
1305031471.1277 -0.5548 0.1134 0.7799 -0.0503 -0.1354 -0.1911 0.9709
1305031471.1596 -0.5556 0.1176 0.7772 -0.0416 -0.1374 -0.1833 0.9725
1305031471.1957 -0.5561 0.1201 0.7765 -0.0382 -0.1379 -0.1794 0.9733
1305031471.2276 -0.5601 0.1227 0.7752 -0.0364 -0.1363 -0.1757 0.9743
1305031471.2597 -0.5648 0.1208 0.7746 -0.0381 -0.1347 -0.1736 0.9748
1305031471.2961 -0.5664 0.1207 0.7758 -0.0367 -0.1351 -0.1706 0.9753
1305031471.3276 -0.5657 0.1238 0.7746 -0.0312 -0.1345 -0.1679 0.9761
1305031471.3596 -0.5686 0.1228 0.7730 -0.0313 -0.1289 -0.1648 0.9774
1305031471.3957 -0.5701 0.1213 0.7736 -0.0310 -0.1263 -0.1585 0.9788
1305031471.4277 -0.5722 0.1225 0.7708 -0.0277 -0.1258 -0.1541 0.9796
1305031471.4965 -0.5853 0.1256 0.7644 -0.0275 -0.1214 -0.1463 0.9814
1305031471.5276 -0.5864 0.1280 0.7631 -0.0258 -0.1219 -0.1441 0.9817
1305031471.5597 -0.5874 0.1284 0.7620 -0.0257 -0.1211 -0.1437 0.9818
1305031471.5957 -0.5883 0.1278 0.7609 -0.0265 -0.1192 -0.1419 0.9823
1305031471.6276 -0.5900 0.1299 0.7587 -0.0250 -0.1160 -0.1408 0.9829
1305031471.6956 -0.5921 0.1240 0.7517 -0.0267 -0.1117 -0.1369 0.9839
1305031471.9277 -0.5952 0.1219 0.7474 -0.0575 -0.0872 -0.0894 0.9905
1305031472.3636 -0.6122 0.1285 0.7372 -0.0555 -0.0632 -0.0464 0.9954
1305031472.5957 -0.6111 0.1107 0.7379 -0.0454 -0.0675 -0.0415 0.9958
1305031472.8276 -0.6060 0.0886 0.7445 -0.0375 -0.0687 -0.0398 0.9961
