1305031453.3917 0.0000 0.0000 0.0000 0.0000 0.0000 0.0000 1.0000
1305031453.5237 0.0135 0.0157 -0.0420 0.0158 0.0215 0.0353 0.9990
1305031453.6277 0.0111 0.0295 -0.0803 0.0358 0.0276 0.0498 0.9977
1305031453.6917 0.0024 0.0498 -0.1183 0.0506 0.0189 0.0450 0.9975
1305031453.8278 -0.0186 0.0786 -0.1581 0.0661 -0.0151 0.0218 0.9975
1305031453.9277 -0.0485 0.1000 -0.1830 0.0664 -0.0623 0.0066 0.9958
1305031453.9596 -0.0479 0.1059 -0.1900 0.0661 -0.0804 -0.0009 0.9946
1305031453.9916 -0.0536 0.1134 -0.1936 0.0667 -0.0939 -0.0112 0.9933
1305031454.0277 -0.0557 0.1168 -0.1966 0.0689 -0.1093 -0.0191 0.9914
1305031454.0597 -0.0661 0.1293 -0.2000 0.0730 -0.1201 -0.0266 0.9897
1305031454.0917 -0.0765 0.1390 -0.1938 0.0768 -0.1330 -0.0339 0.9876
1305031454.1277 -0.0927 0.1472 -0.1853 0.0828 -0.1459 -0.0436 0.9849
1305031454.1597 -0.1007 0.1532 -0.1858 0.0842 -0.1608 -0.0520 0.9820
1305031454.1917 -0.1125 0.1585 -0.1818 0.0849 -0.1765 -0.0633 0.9786
1305031454.2277 -0.1345 0.1617 -0.1744 0.0906 -0.1897 -0.0809 0.9743
1305031454.2596 -0.1355 0.1570 -0.1757 0.0922 -0.2059 -0.0947 0.9696
1305031454.2916 -0.1399 0.1633 -0.1764 0.0926 -0.2156 -0.1043 0.9665
1305031454.3277 -0.1470 0.1665 -0.1693 0.0958 -0.2275 -0.1165 0.9620
1305031454.3596 -0.1518 0.1647 -0.1725 0.0988 -0.2401 -0.1280 0.9572
1305031454.3917 -0.1588 0.1669 -0.1705 0.0994 -0.2494 -0.1384 0.9533
1305031454.4275 -0.1619 0.1699 -0.1743 0.1009 -0.2626 -0.1476 0.9482
1305031454.4599 -0.1617 0.1700 -0.1791 0.1017 -0.2745 -0.1607 0.9426
1305031454.4916 -0.1666 0.1706 -0.1706 0.1041 -0.2817 -0.1743 0.9378
1305031454.5277 -0.1634 0.1832 -0.1663 0.1066 -0.2927 -0.1860 0.9319
1305031454.5596 -0.1658 0.1919 -0.1619 0.1062 -0.3016 -0.1960 0.9270
1305031454.5916 -0.1679 0.1989 -0.1648 0.1056 -0.3125 -0.2079 0.9208
1305031454.6276 -0.1713 0.2063 -0.1615 0.1061 -0.3260 -0.2182 0.9137
1305031454.6595 -0.1712 0.2227 -0.1574 0.1064 -0.3388 -0.2251 0.9073
1305031454.6919 -0.1755 0.2331 -0.1534 0.1028 -0.3530 -0.2290 0.9013
1305031454.7277 -0.1748 0.2320 -0.1565 0.0980 -0.3655 -0.2362 0.8950
1305031454.7597 -0.1759 0.2286 -0.1496 0.0882 -0.3728 -0.2329 0.8939
1305031454.7916 -0.1775 0.2292 -0.1476 0.0813 -0.3748 -0.2270 0.8952
1305031454.8276 -0.1750 0.2382 -0.1454 0.0771 -0.3760 -0.2195 0.8969
1305031454.8596 -0.1739 0.2342 -0.1370 0.0655 -0.3769 -0.2128 0.8991
1305031454.8918 -0.1730 0.2326 -0.1353 0.0575 -0.3742 -0.2069 0.9021
1305031454.9276 -0.1760 0.2364 -0.1323 0.0501 -0.3710 -0.1999 0.9055
1305031454.9596 -0.1780 0.2381 -0.1310 0.0437 -0.3685 -0.1949 0.9079
1305031454.9919 -0.1790 0.2401 -0.1338 0.0396 -0.3666 -0.1905 0.9098
1305031455.0278 -0.1804 0.2481 -0.1334 0.0396 -0.3666 -0.1873 0.9105
1305031455.0596 -0.1821 0.2535 -0.1325 0.0384 -0.3656 -0.1850 0.9114
1305031455.0917 -0.1841 0.2552 -0.1356 0.0382 -0.3639 -0.1846 0.9122
1305031455.1277 -0.1857 0.2644 -0.1398 0.0406 -0.3609 -0.1842 0.9133
1305031455.1597 -0.1923 0.2695 -0.1453 0.0391 -0.3569 -0.1817 0.9155
1305031455.1917 -0.1989 0.2731 -0.1515 0.0353 -0.3538 -0.1775 0.9176
1305031455.2276 -0.2044 0.2730 -0.1554 0.0327 -0.3521 -0.1745 0.9190
1305031455.2596 -0.2062 0.2851 -0.1573 0.0324 -0.3499 -0.1685 0.9209
1305031455.2918 -0.2115 0.2822 -0.1559 0.0193 -0.3486 -0.1581 0.9237
1305031455.3278 -0.2267 0.2950 -0.1768 0.0163 -0.3403 -0.1488 0.9283
1305031455.3596 -0.2288 0.3081 -0.1691 0.0089 -0.3426 -0.1387 0.9291
1305031455.3917 -0.2330 0.2996 -0.1657 -0.0068 -0.3411 -0.1316 0.9308
1305031455.4276 -0.2440 0.3038 -0.1741 -0.0141 -0.3343 -0.1227 0.9343
1305031455.4596 -0.2561 0.3009 -0.1849 -0.0205 -0.3298 -0.1168 0.9366
1305031455.4916 -0.2659 0.3031 -0.1953 -0.0243 -0.3258 -0.1106 0.9386
1305031455.5276 -0.2816 0.2981 -0.2105 -0.0316 -0.3207 -0.1013 0.9412
1305031455.5597 -0.2969 0.3027 -0.2298 -0.0329 -0.3181 -0.0890 0.9433
1305031455.5916 -0.3104 0.3068 -0.2441 -0.0363 -0.3172 -0.0755 0.9447
1305031455.6276 -0.3280 0.3053 -0.2546 -0.0417 -0.3142 -0.0641 0.9463
1305031455.6596 -0.3378 0.3055 -0.2639 -0.0396 -0.3125 -0.0581 0.9473
1305031455.6916 -0.3516 0.3065 -0.2796 -0.0360 -0.3094 -0.0572 0.9485
1305031455.7276 -0.3574 0.3007 -0.2875 -0.0362 -0.3079 -0.0597 0.9489
1305031455.7597 -0.3625 0.2974 -0.2939 -0.0363 -0.3056 -0.0609 0.9495
1305031455.7917 -0.3672 0.2890 -0.3002 -0.0369 -0.3037 -0.0598 0.9502
1305031455.8276 -0.3708 0.2819 -0.3143 -0.0370 -0.3023 -0.0596 0.9506
1305031455.8595 -0.3759 0.2743 -0.3226 -0.0388 -0.3016 -0.0584 0.9509
1305031455.8917 -0.3773 0.2712 -0.3304 -0.0390 -0.3009 -0.0580 0.9511
1305031455.9280 -0.3816 0.2671 -0.3351 -0.0401 -0.2996 -0.0578 0.9515
1305031455.9597 -0.3843 0.2655 -0.3411 -0.0393 -0.2985 -0.0586 0.9518
1305031455.9917 -0.3869 0.2641 -0.3438 -0.0404 -0.2969 -0.0596 0.9522
1305031456.0278 -0.3915 0.2708 -0.3551 -0.0403 -0.2923 -0.0647 0.9533
1305031456.0597 -0.4017 0.2508 -0.3576 -0.0534 -0.2889 -0.0737 0.9530
1305031456.0917 -0.4075 0.2437 -0.3599 -0.0573 -0.2867 -0.0774 0.9532
1305031456.1276 -0.4119 0.2387 -0.3633 -0.0586 -0.2845 -0.0779 0.9537
1305031456.1597 -0.4136 0.2307 -0.3634 -0.0601 -0.2827 -0.0790 0.9540
1305031456.1917 -0.4179 0.2202 -0.3642 -0.0581 -0.2786 -0.0777 0.9555
1305031456.2277 -0.4272 0.2212 -0.3736 -0.0560 -0.2682 -0.0743 0.9589
1305031456.2917 -0.4366 0.2016 -0.3715 -0.0599 -0.2507 -0.0675 0.9639
1305031456.3277 -0.4438 0.1911 -0.3706 -0.0606 -0.2416 -0.0594 0.9667
1305031456.3916 -0.4553 0.1752 -0.3640 -0.0628 -0.2219 -0.0517 0.9717
1305031456.4277 -0.4574 0.1653 -0.3597 -0.0630 -0.2171 -0.0438 0.9731
1305031456.4917 -0.5023 0.1866 -0.3654 -0.0640 -0.2048 -0.0313 0.9762
1305031456.5276 -0.5221 0.1942 -0.3617 -0.0663 -0.2030 -0.0269 0.9766
1305031456.5917 -0.5468 0.2056 -0.3576 -0.0656 -0.1972 -0.0174 0.9780
1305031456.6276 -0.5562 0.2127 -0.3522 -0.0790 -0.1935 -0.0141 0.9778
1305031456.6916 -0.5908 0.1988 -0.3370 -0.0947 -0.1837 -0.0018 0.9784
1305031456.8276 -0.6546 0.2151 -0.3221 -0.1045 -0.1916 0.0279 0.9755
1305031457.0917 -0.7510 0.2324 -0.3015 -0.1372 -0.1577 0.0605 0.9760
1305031457.2275 -0.7963 0.2138 -0.3261 -0.1493 -0.1268 0.0798 0.9774
1305031457.3275 -0.8215 0.2049 -0.3591 -0.1390 -0.1020 0.0971 0.9802
1305031457.4276 -0.8579 0.1884 -0.3956 -0.1351 -0.0682 0.1161 0.9816
1305031457.4917 -0.8818 0.1669 -0.4189 -0.1377 -0.0604 0.1229 0.9809
1305031457.5597 -0.8888 0.1542 -0.4452 -0.1316 -0.0549 0.1329 0.9808
1305031457.6275 -0.9077 0.1386 -0.4715 -0.1300 -0.0477 0.1391 0.9806
1305031457.6916 -0.9355 0.1209 -0.4921 -0.1345 -0.0415 0.1444 0.9795
1305031457.7596 -0.9433 0.0830 -0.5095 -0.1387 -0.0403 0.1426 0.9792
1305031457.7916 -0.9450 0.0636 -0.5123 -0.1336 -0.0368 0.1427 0.9800
1305031457.8277 -0.9561 0.0714 -0.5243 -0.1189 -0.0293 0.1442 0.9819
1305031457.8916 -0.9825 0.0439 -0.5295 -0.1109 -0.0117 0.1433 0.9834
1305031457.9276 -0.9921 0.0434 -0.5373 -0.0965 -0.0065 0.1492 0.9841
1305031457.9916 -1.0207 0.0221 -0.5470 -0.0864 -0.0009 0.1546 0.9842
1305031458.0278 -1.0212 0.0161 -0.5480 -0.0763 0.0011 0.1576 0.9846
1305031458.0597 -1.0334 0.0264 -0.5550 -0.0649 0.0057 0.1608 0.9848
1305031458.1276 -1.0502 0.0165 -0.5530 -0.0669 0.0110 0.1624 0.9844
1305031458.1596 -1.0626 0.0053 -0.5540 -0.0681 0.0135 0.1625 0.9843
1305031458.1916 -1.0779 0.0062 -0.5480 -0.0672 0.0147 0.1664 0.9837
1305031458.2276 -1.0961 -0.0037 -0.5386 -0.0746 0.0141 0.1670 0.9830
1305031458.2599 -1.1138 -0.0195 -0.5220 -0.0758 0.0120 0.1663 0.9831
1305031458.2917 -1.1333 -0.0249 -0.5183 -0.0667 0.0081 0.1638 0.9842
1305031458.3276 -1.1464 -0.0251 -0.5073 -0.0638 0.0004 0.1659 0.9841
1305031458.3596 -1.1543 -0.0494 -0.4891 -0.0628 -0.0051 0.1679 0.9838
1305031458.3916 -1.1762 -0.0331 -0.4768 -0.0450 -0.0055 0.1741 0.9837
1305031458.4276 -1.1757 -0.0246 -0.4641 -0.0368 -0.0081 0.1863 0.9818
1305031458.4596 -1.1735 -0.0239 -0.4501 -0.0247 -0.0060 0.1922 0.9810
1305031458.4917 -1.1776 -0.0276 -0.4385 -0.0065 0.0024 0.1921 0.9814
1305031458.5277 -1.1873 -0.0195 -0.4297 0.0099 0.0098 0.1918 0.9813
1305031458.5596 -1.1910 -0.0154 -0.4157 0.0157 0.0143 0.1899 0.9816
1305031458.5916 -1.2008 -0.0238 -0.4053 0.0212 0.0191 0.1844 0.9824
1305031458.6277 -1.2102 -0.0060 -0.3916 0.0263 0.0190 0.1826 0.9826
1305031458.6596 -1.2282 0.0070 -0.3640 0.0249 0.0151 0.1810 0.9830
1305031458.6917 -1.2335 0.0159 -0.3448 0.0245 -0.0014 0.1732 0.9846
1305031458.7276 -1.2335 0.0096 -0.3372 0.0229 -0.0177 0.1645 0.9859
1305031458.7599 -1.2425 0.0128 -0.3187 0.0302 -0.0324 0.1554 0.9869
1305031458.7916 -1.2483 0.0288 -0.3142 0.0354 -0.0487 0.1490 0.9870
1305031458.8276 -1.2512 0.0344 -0.2875 0.0334 -0.0574 0.1476 0.9868
1305031458.8917 -1.2427 0.0301 -0.2568 0.0399 -0.0664 0.1391 0.9872
1305031458.9276 -1.2569 0.0390 -0.2511 0.0418 -0.0591 0.1388 0.9877
1305031458.9596 -1.2665 0.0377 -0.2403 0.0342 -0.0536 0.1483 0.9869
1305031458.9916 -1.2698 0.0233 -0.2310 0.0326 -0.0518 0.1535 0.9862
1305031459.0277 -1.2911 0.0229 -0.2268 0.0458 -0.0524 0.1551 0.9854
1305031459.0596 -1.3068 0.0170 -0.2216 0.0524 -0.0611 0.1639 0.9832
1305031459.1276 -1.4781 0.2605 -0.1580 0.1618 -0.0148 0.0989 0.9817
1305031459.1596 -1.1384 0.6170 -0.6617 0.2244 -0.3487 0.2197 0.8831
1305031459.1917 -1.1493 0.6127 -0.6574 0.2288 -0.3670 0.2217 0.8740
1305031459.2276 -1.1528 0.6118 -0.6514 0.2285 -0.3828 0.2267 0.8660
1305031459.2598 -1.1650 0.6082 -0.6397 0.2259 -0.3867 0.2328 0.8633
1305031459.3276 -1.1980 0.6058 -0.6220 0.2128 -0.3618 0.2584 0.8701
1305031459.3597 -1.2071 0.6121 -0.6168 0.2064 -0.3439 0.2806 0.8720
1305031459.3917 -1.2280 0.6257 -0.6157 0.1939 -0.3201 0.3043 0.8760
1305031459.4276 -1.2345 0.6263 -0.6035 0.1663 -0.2954 0.3348 0.8792
1305031459.4597 -1.2450 0.6267 -0.6026 0.1434 -0.2662 0.3749 0.8764
1305031459.5276 -1.2718 0.6372 -0.6065 0.1521 -0.2553 0.3755 0.8779
1305031459.5596 -1.2794 0.6247 -0.6132 0.1319 -0.2425 0.3950 0.8762
1305031459.5917 -1.2869 0.6213 -0.6211 0.1170 -0.2385 0.4135 0.8709
1305031459.6276 -1.2978 0.6203 -0.6234 0.1108 -0.2382 0.4215 0.8680
1305031459.6596 -1.3066 0.6238 -0.6244 0.1124 -0.2342 0.4231 0.8681
1305031459.6916 -1.3218 0.6229 -0.6318 0.1067 -0.2231 0.4276 0.8695
1305031459.7276 -1.3236 0.6127 -0.6387 0.0990 -0.2196 0.4309 0.8697
1305031459.7917 -1.3427 0.5919 -0.6672 0.1003 -0.2100 0.4276 0.8735
1305031459.8277 -1.3568 0.5833 -0.6773 0.1021 -0.2090 0.4259 0.8744
1305031459.8597 -1.3721 0.5691 -0.6931 0.0991 -0.2068 0.4249 0.8757
1305031459.8916 -1.3794 0.5554 -0.6956 0.0944 -0.2128 0.4253 0.8746
1305031459.9276 -1.3864 0.5393 -0.7085 0.0912 -0.2141 0.4265 0.8741
1305031459.9917 -1.4039 0.5186 -0.7154 0.0856 -0.2196 0.4325 0.8703
1305031460.0276 -1.4122 0.5049 -0.7213 0.0831 -0.2180 0.4345 0.8699
1305031460.0597 -1.4206 0.4888 -0.7348 0.0811 -0.2159 0.4371 0.8693
1305031460.0917 -1.4293 0.4706 -0.7482 0.0790 -0.2183 0.4414 0.8668
1305031460.1277 -1.4358 0.4620 -0.7520 0.0825 -0.2276 0.4467 0.8613
1305031460.1597 -1.4497 0.4561 -0.7550 0.0887 -0.2342 0.4524 0.8559
1305031460.1916 -1.4558 0.4512 -0.7467 0.0884 -0.2435 0.4567 0.8511
1305031460.2278 -1.4580 0.4457 -0.7419 0.0889 -0.2440 0.4582 0.8501
1305031460.2917 -1.4652 0.4267 -0.7470 0.0911 -0.2277 0.4628 0.8519
1305031460.3275 -1.4645 0.4201 -0.7433 0.0914 -0.2240 0.4654 0.8514
1305031460.3916 -1.4662 0.4099 -0.7453 0.0848 -0.2077 0.4722 0.8525
1305031460.4275 -1.4756 0.4015 -0.7385 0.0828 -0.1980 0.4772 0.8522
1305031460.4596 -1.4748 0.3976 -0.7398 0.0772 -0.1877 0.4828 0.8519
1305031460.4915 -1.4778 0.3920 -0.7407 0.0685 -0.1740 0.4873 0.8530
1305031460.5276 -1.4788 0.3777 -0.7472 0.0555 -0.1619 0.4944 0.8522
1305031460.5596 -1.4835 0.3643 -0.7447 0.0479 -0.1510 0.4970 0.8532
1305031460.5919 -1.4899 0.3544 -0.7446 0.0443 -0.1426 0.4981 0.8542
1305031460.6276 -1.4933 0.3459 -0.7463 0.0410 -0.1355 0.4995 0.8546
1305031460.6598 -1.4972 0.3415 -0.7467 0.0409 -0.1305 0.4991 0.8557
1305031460.6917 -1.5013 0.3331 -0.7502 0.0378 -0.1271 0.4999 0.8559
1305031460.7277 -1.5011 0.3263 -0.7509 0.0342 -0.1265 0.4991 0.8566
1305031460.7597 -1.5007 0.3196 -0.7517 0.0325 -0.1242 0.4976 0.8579
1305031460.7917 -1.5056 0.3141 -0.7526 0.0322 -0.1215 0.4973 0.8584
1305031460.8277 -1.5094 0.3079 -0.7530 0.0309 -0.1202 0.4951 0.8599
1305031460.8597 -1.5112 0.3032 -0.7515 0.0286 -0.1185 0.4927 0.8616
1305031460.8918 -1.5120 0.2961 -0.7493 0.0257 -0.1166 0.4906 0.8632
1305031460.9276 -1.5146 0.2867 -0.7505 0.0222 -0.1149 0.4897 0.8640
1305031460.9917 -1.5148 0.2663 -0.7432 0.0197 -0.1118 0.4901 0.8642
1305031461.0276 -1.5167 0.2547 -0.7411 0.0191 -0.1097 0.4927 0.8631
1305031461.0917 -1.5257 0.2382 -0.7370 0.0235 -0.1119 0.4902 0.8641
1305031461.1276 -1.5269 0.2309 -0.7332 0.0236 -0.1115 0.4896 0.8645
1305031461.1597 -1.5294 0.2205 -0.7280 0.0268 -0.1089 0.4897 0.8646
1305031461.1920 -1.5330 0.2173 -0.7264 0.0314 -0.1075 0.4866 0.8664
1305031461.2276 -1.5352 0.2085 -0.7254 0.0306 -0.1053 0.4857 0.8672
1305031461.2596 -1.5363 0.2002 -0.7231 0.0336 -0.1037 0.4817 0.8696
1305031461.2917 -1.5378 0.1948 -0.7198 0.0370 -0.1025 0.4777 0.8717
1305031461.3278 -1.5374 0.1920 -0.7153 0.0393 -0.1013 0.4757 0.8729
1305031461.3597 -1.5442 0.1897 -0.7107 0.0387 -0.0973 0.4723 0.8752
1305031461.3917 -1.5419 0.1811 -0.7066 0.0333 -0.0975 0.4705 0.8763
1305031461.4276 -1.5384 0.1769 -0.7032 0.0331 -0.0975 0.4693 0.8770
1305031461.4598 -1.5420 0.1770 -0.7013 0.0316 -0.0966 0.4693 0.8771
1305031461.4917 -1.5341 0.1701 -0.6971 0.0278 -0.0977 0.4688 0.8775
1305031461.5277 -1.5358 0.1737 -0.6959 0.0344 -0.0960 0.4694 0.8771
1305031461.5597 -1.5351 0.1782 -0.6927 0.0363 -0.0949 0.4662 0.8788
1305031461.5917 -1.5240 0.1862 -0.6898 0.0366 -0.0919 0.4631 0.8808
1305031461.6275 -1.5284 0.1893 -0.6837 0.0352 -0.0835 0.4647 0.8808
1305031461.6596 -1.5228 0.1933 -0.6839 0.0329 -0.0806 0.4633 0.8819
1305031461.6916 -1.5325 0.1981 -0.6803 0.0321 -0.0738 0.4682 0.8800
1305031461.7276 -1.5290 0.2009 -0.6730 0.0281 -0.0739 0.4719 0.8781
1305031461.7597 -1.5254 0.2061 -0.6751 0.0253 -0.0715 0.4731 0.8778
1305031461.7916 -1.5227 0.2199 -0.6676 0.0222 -0.0702 0.4759 0.8764
1305031461.8276 -1.5164 0.2307 -0.6649 0.0183 -0.0667 0.4795 0.8748
1305031461.8598 -1.5267 0.2415 -0.6651 0.0158 -0.0566 0.4871 0.8714
1305031461.8917 -1.5307 0.2503 -0.6660 0.0047 -0.0533 0.4981 0.8655
1305031461.9278 -1.5259 0.2665 -0.6525 -0.0034 -0.0601 0.5063 0.8603
1305031461.9597 -1.5195 0.2800 -0.6486 -0.0105 -0.0572 0.5066 0.8602
1305031461.9916 -1.5316 0.2967 -0.6515 -0.0195 -0.0486 0.5109 0.8580
1305031462.0277 -1.5378 0.2898 -0.6452 -0.0386 -0.0451 0.5174 0.8537
1305031462.0598 -1.5370 0.2968 -0.6424 -0.0487 -0.0533 0.5255 0.8477
1305031462.0918 -1.5357 0.3024 -0.6391 -0.0582 -0.0609 0.5331 0.8418
1305031462.1277 -1.5366 0.3067 -0.6368 -0.0672 -0.0645 0.5393 0.8370
1305031462.1596 -1.5415 0.3197 -0.6325 -0.0699 -0.0682 0.5455 0.8324
1305031462.1916 -1.5478 0.3324 -0.6331 -0.0689 -0.0699 0.5449 0.8327
1305031462.2276 -1.5577 0.3388 -0.6354 -0.0740 -0.0687 0.5414 0.8347
1305031462.2598 -1.5602 0.3348 -0.6358 -0.0844 -0.0696 0.5350 0.8378
1305031462.2916 -1.5655 0.3297 -0.6392 -0.0942 -0.0701 0.5280 0.8411
1305031462.3597 -1.5887 0.3587 -0.6401 -0.0908 -0.0747 0.5134 0.8501
1305031462.4599 -1.6790 0.3641 -0.6367 -0.0915 -0.0593 0.4870 0.8666
1305031462.5919 -1.7478 0.3972 -0.6281 -0.0783 -0.0660 0.4530 0.8856
1305031462.7277 -1.7612 0.4196 -0.6460 -0.0651 -0.0748 0.4141 0.9048
1305031462.8598 -1.7562 0.4279 -0.6575 -0.0765 -0.0913 0.3753 0.9192
1305031462.9276 -1.7439 0.4410 -0.6694 -0.0793 -0.0912 0.3684 0.9218
1305031463.0598 -1.7128 0.4646 -0.6949 -0.0657 -0.1033 0.3498 0.9288
1305031463.1598 -1.6935 0.4943 -0.7114 -0.0455 -0.1082 0.3255 0.9382
1305031463.2600 -1.6714 0.5238 -0.7177 -0.0328 -0.1080 0.3098 0.9441
1305031463.3598 -1.6398 0.5501 -0.7210 -0.0214 -0.1178 0.3005 0.9462
1305031463.4598 -1.6047 0.5877 -0.7130 -0.0098 -0.1271 0.2941 0.9472
1305031463.5277 -1.5813 0.6188 -0.7037 -0.0016 -0.1223 0.2895 0.9493
1305031463.6276 -1.5334 0.6356 -0.6943 0.0016 -0.1262 0.2848 0.9502
1305031463.6598 -1.5044 0.6342 -0.7061 0.0034 -0.1269 0.2864 0.9497
1305031463.7276 -1.4736 0.6469 -0.7129 0.0099 -0.1245 0.2760 0.9530
1305031463.7597 -1.4415 0.6499 -0.7178 0.0162 -0.1257 0.2713 0.9541
1305031463.7956 -1.4179 0.6514 -0.7269 0.0223 -0.1233 0.2630 0.9566
1305031463.8599 -1.3710 0.6513 -0.7347 0.0301 -0.1226 0.2438 0.9616
1305031463.8956 -1.3473 0.6515 -0.7473 0.0363 -0.1206 0.2348 0.9639
1305031463.9597 -1.3040 0.6490 -0.7610 0.0421 -0.1283 0.2210 0.9659
1305031463.9958 -1.2932 0.6427 -0.7689 0.0477 -0.1275 0.2135 0.9674
1305031464.0277 -1.2767 0.6431 -0.7845 0.0511 -0.1283 0.2044 0.9691
1305031464.0597 -1.2573 0.6325 -0.7955 0.0526 -0.1280 0.1931 0.9714
1305031464.0956 -1.2465 0.6330 -0.8085 0.0613 -0.1237 0.1829 0.9734
1305031464.1277 -1.2443 0.6302 -0.8166 0.0657 -0.1212 0.1785 0.9742
1305031464.1598 -1.2365 0.6260 -0.8238 0.0725 -0.1227 0.1767 0.9739
1305031464.1956 -1.2177 0.6163 -0.8364 0.0812 -0.1304 0.1752 0.9725
1305031464.2276 -1.2055 0.6191 -0.8501 0.0934 -0.1405 0.1720 0.9705
1305031464.2596 -1.2071 0.6250 -0.8605 0.1010 -0.1518 0.1707 0.9683
1305031464.2957 -1.2009 0.6240 -0.8629 0.1049 -0.1667 0.1642 0.9666
1305031464.3279 -1.1739 0.6255 -0.8603 0.1079 -0.1846 0.1566 0.9642
1305031464.3597 -1.1612 0.6204 -0.8679 0.1134 -0.1904 0.1481 0.9638
1305031464.3956 -1.1442 0.6218 -0.8675 0.1207 -0.1948 0.1405 0.9632
1305031464.4276 -1.1376 0.6289 -0.8758 0.1271 -0.1926 0.1322 0.9640
1305031464.4597 -1.1297 0.6236 -0.8860 0.1305 -0.1910 0.1245 0.9649
1305031464.4956 -1.1182 0.6288 -0.8879 0.1357 -0.1919 0.1193 0.9647
1305031464.5276 -1.1098 0.6312 -0.9021 0.1388 -0.1886 0.1128 0.9656
1305031464.5597 -1.0920 0.6283 -0.9077 0.1393 -0.1894 0.1028 0.9665
1305031464.5957 -1.0590 0.6180 -0.9173 0.1440 -0.1868 0.0913 0.9675
1305031464.6277 -1.0436 0.6201 -0.9195 0.1585 -0.1735 0.0900 0.9678
1305031464.6597 -1.0267 0.6180 -0.9253 0.1715 -0.1603 0.0860 0.9683
1305031464.6957 -1.0048 0.6053 -0.9300 0.1873 -0.1495 0.0746 0.9680
1305031464.7277 -0.9988 0.6102 -0.9258 0.2119 -0.1418 0.0650 0.9647
1305031464.7597 -0.9963 0.6191 -0.9274 0.2309 -0.1389 0.0535 0.9615
1305031464.7960 -0.9955 0.6158 -0.9338 0.2422 -0.1387 0.0377 0.9595
1305031464.8278 -1.0060 0.6176 -0.9244 0.2593 -0.1472 0.0272 0.9541
1305031464.8597 -1.0187 0.6223 -0.9161 0.2721 -0.1564 0.0090 0.9494
1305031464.8958 -1.0002 0.6218 -0.9067 0.2756 -0.1716 -0.0107 0.9458
1305031464.9278 -0.9776 0.5934 -0.9042 0.2753 -0.1826 -0.0361 0.9431
1305031464.9598 -0.9716 0.5760 -0.9033 0.2807 -0.1833 -0.0531 0.9406
1305031464.9957 -0.9728 0.5831 -0.8862 0.2949 -0.1793 -0.0696 0.9360
1305031465.0278 -0.9834 0.5814 -0.8751 0.3037 -0.1723 -0.0863 0.9331
1305031465.0597 -0.9935 0.5921 -0.8584 0.3166 -0.1706 -0.1037 0.9273
1305031465.0957 -0.9945 0.6236 -0.8089 0.3236 -0.1787 -0.1211 0.9212
1305031465.1277 -0.9972 0.6184 -0.7805 0.3112 -0.1866 -0.1427 0.9209
1305031465.1598 -0.9942 0.6026 -0.7623 0.2947 -0.1960 -0.1583 0.9218
1305031465.1956 -0.9863 0.5827 -0.7375 0.2811 -0.2066 -0.1724 0.9212
1305031465.2279 -0.9891 0.5755 -0.7033 0.2711 -0.2125 -0.1833 0.9207
1305031465.2598 -0.9875 0.5529 -0.6855 0.2547 -0.2196 -0.1909 0.9222
1305031465.3277 -0.9889 0.5647 -0.6447 0.2393 -0.2394 -0.1792 0.9237
1305031465.4277 -0.9606 0.5515 -0.5950 0.2225 -0.2885 -0.1581 0.9178
1305031465.4601 -0.9523 0.5577 -0.5906 0.2212 -0.2949 -0.1503 0.9173
1305031465.4957 -0.9378 0.5697 -0.5787 0.2182 -0.3025 -0.1442 0.9166
1305031465.5276 -0.9288 0.5631 -0.5695 0.2140 -0.3091 -0.1430 0.9156
1305031465.5598 -0.9124 0.5672 -0.5597 0.2172 -0.3166 -0.1391 0.9128
1305031465.5956 -0.8977 0.5725 -0.5488 0.2190 -0.3217 -0.1332 0.9115
1305031465.6277 -0.8886 0.5805 -0.5412 0.2202 -0.3252 -0.1262 0.9110
1305031465.6601 -0.8755 0.5849 -0.5345 0.2202 -0.3324 -0.1203 0.9092
1305031465.6957 -0.8559 0.5892 -0.5225 0.2221 -0.3403 -0.1150 0.9064
1305031465.7277 -0.8431 0.6014 -0.5114 0.2267 -0.3441 -0.1070 0.9048
1305031465.7598 -0.8285 0.6075 -0.5028 0.2283 -0.3489 -0.1003 0.9034
1305031465.7959 -0.8091 0.6131 -0.4925 0.2299 -0.3528 -0.0956 0.9020
1305031465.8280 -0.7955 0.6177 -0.4865 0.2331 -0.3559 -0.0901 0.9005
1305031465.8599 -0.7657 0.6318 -0.4763 0.2416 -0.3598 -0.0850 0.8972
1305031465.8955 -0.7433 0.6445 -0.4581 0.2466 -0.3558 -0.0823 0.8977
1305031465.9275 -0.7277 0.6476 -0.4445 0.2502 -0.3489 -0.0769 0.8999
1305031465.9597 -0.7057 0.6588 -0.4296 0.2598 -0.3437 -0.0730 0.8995
1305031465.9958 -0.6908 0.6692 -0.4141 0.2670 -0.3376 -0.0711 0.8998
1305031466.0276 -0.6680 0.6735 -0.4032 0.2694 -0.3383 -0.0713 0.8988
1305031466.0598 -0.6476 0.6980 -0.3971 0.2705 -0.3359 -0.0709 0.8994
1305031466.0958 -0.6399 0.7141 -0.3864 0.2670 -0.3365 -0.0703 0.9003
1305031466.1276 -0.6300 0.7298 -0.3752 0.2623 -0.3388 -0.0719 0.9007
1305031466.1604 -0.6224 0.7462 -0.3645 0.2574 -0.3425 -0.0690 0.9009
1305031466.1958 -0.6055 0.7584 -0.3568 0.2487 -0.3503 -0.0713 0.9002
1305031466.2280 -0.5899 0.7589 -0.3474 0.2364 -0.3575 -0.0795 0.9000
1305031466.2598 -0.5637 0.7568 -0.3492 0.2346 -0.3590 -0.0882 0.8991
1305031466.2957 -0.5368 0.7633 -0.3424 0.2406 -0.3558 -0.0972 0.8978
1305031466.3277 -0.5188 0.7733 -0.3377 0.2459 -0.3450 -0.1033 0.8999
1305031466.3598 -0.5042 0.7884 -0.3390 0.2473 -0.3329 -0.1088 0.9034
1305031466.3958 -0.4825 0.7770 -0.3439 0.2440 -0.3318 -0.1117 0.9044
1305031466.4278 -0.4700 0.7871 -0.3430 0.2503 -0.3325 -0.1132 0.9022
1305031466.4598 -0.4542 0.7999 -0.3438 0.2526 -0.3339 -0.1176 0.9005
1305031466.4958 -0.4384 0.8095 -0.3363 0.2513 -0.3360 -0.1191 0.8999
1305031466.5275 -0.4119 0.8029 -0.3270 0.2492 -0.3375 -0.1214 0.8996
1305031466.5604 -0.3901 0.8177 -0.3157 0.2528 -0.3336 -0.1214 0.9001
1305031466.5959 -0.3660 0.8189 -0.3093 0.2444 -0.3332 -0.1282 0.9016
1305031466.6275 -0.3438 0.7981 -0.3077 0.2371 -0.3309 -0.1373 0.9030
1305031466.6597 -0.3153 0.7931 -0.3086 0.2403 -0.3289 -0.1402 0.9024
1305031466.6958 -0.3015 0.8076 -0.2988 0.2459 -0.3271 -0.1462 0.9007
1305031466.7281 -0.2852 0.8052 -0.2937 0.2432 -0.3256 -0.1598 0.8996
1305031466.7596 -0.2694 0.7897 -0.2832 0.2440 -0.3264 -0.1654 0.8981
1305031466.7956 -0.2526 0.7943 -0.2826 0.2490 -0.3268 -0.1678 0.8961
1305031466.8279 -0.2409 0.7995 -0.2754 0.2481 -0.3292 -0.1691 0.8952
1305031466.8597 -0.2352 0.7964 -0.2740 0.2461 -0.3319 -0.1692 0.8948
1305031466.8957 -0.2197 0.7947 -0.2727 0.2471 -0.3403 -0.1735 0.8905
1305031466.9278 -0.1986 0.7843 -0.2684 0.2444 -0.3539 -0.1807 0.8845
1305031466.9597 -0.1823 0.7762 -0.2719 0.2420 -0.3597 -0.1853 0.8819
1305031466.9957 -0.1739 0.7754 -0.2705 0.2424 -0.3616 -0.1870 0.8806
1305031467.0278 -0.1651 0.7755 -0.2667 0.2435 -0.3630 -0.1897 0.8792
1305031467.0597 -0.1519 0.7710 -0.2642 0.2430 -0.3648 -0.1922 0.8780
1305031467.0957 -0.1415 0.7699 -0.2601 0.2430 -0.3645 -0.1958 0.8774
1305031467.1290 -0.1356 0.7689 -0.2562 0.2447 -0.3643 -0.2017 0.8756
1305031467.1597 -0.1260 0.7655 -0.2536 0.2460 -0.3657 -0.2062 0.8736
1305031467.1957 -0.1220 0.7665 -0.2532 0.2472 -0.3663 -0.2097 0.8722
1305031467.2277 -0.1120 0.7632 -0.2537 0.2474 -0.3695 -0.2150 0.8695
1305031467.2597 -0.1039 0.7603 -0.2514 0.2486 -0.3718 -0.2188 0.8672
1305031467.2958 -0.0975 0.7620 -0.2450 0.2516 -0.3742 -0.2221 0.8645
1305031467.3280 -0.0864 0.7629 -0.2437 0.2531 -0.3765 -0.2267 0.8619
1305031467.3597 -0.0747 0.7628 -0.2413 0.2514 -0.3805 -0.2298 0.8598
1305031467.3958 -0.0643 0.7635 -0.2299 0.2486 -0.3853 -0.2351 0.8570
1305031467.4278 -0.0543 0.7593 -0.2297 0.2475 -0.3879 -0.2384 0.8552
1305031467.4597 -0.0431 0.7575 -0.2286 0.2471 -0.3916 -0.2402 0.8532
1305031467.4961 -0.0286 0.7610 -0.2234 0.2459 -0.3954 -0.2468 0.8498
1305031467.5277 -0.0136 0.7606 -0.2141 0.2445 -0.3981 -0.2508 0.8479
1305031467.5598 -0.0068 0.7529 -0.2105 0.2435 -0.3991 -0.2528 0.8471
1305031467.5960 -0.0012 0.7502 -0.2107 0.2422 -0.3996 -0.2520 0.8475
1305031467.6275 0.0006 0.7479 -0.2040 0.2430 -0.4032 -0.2498 0.8462
1305031467.6596 0.0051 0.7359 -0.2073 0.2437 -0.4072 -0.2472 0.8448
1305031467.6959 0.0107 0.7300 -0.2085 0.2448 -0.4079 -0.2494 0.8435
1305031467.7275 0.0128 0.7193 -0.2057 0.2480 -0.4082 -0.2541 0.8410
1305031467.7599 0.0162 0.7158 -0.2076 0.2535 -0.4079 -0.2565 0.8388
1305031467.7961 0.0141 0.7059 -0.2084 0.2547 -0.4084 -0.2579 0.8377
1305031467.8278 0.0063 0.6870 -0.2076 0.2551 -0.4096 -0.2589 0.8367
1305031467.8597 0.0100 0.6843 -0.2049 0.2631 -0.4131 -0.2554 0.8336
1305031467.8959 0.0107 0.6737 -0.2067 0.2649 -0.4168 -0.2555 0.8312
1305031467.9278 0.0018 0.6671 -0.1959 0.2691 -0.4202 -0.2595 0.8268
1305031467.9598 -0.0026 0.6595 -0.1913 0.2775 -0.4223 -0.2605 0.8227
1305031467.9958 0.0017 0.6543 -0.1853 0.2791 -0.4239 -0.2607 0.8213
1305031468.0281 -0.0064 0.6463 -0.1768 0.2792 -0.4228 -0.2631 0.8210
1305031468.0598 -0.0128 0.6285 -0.1771 0.2822 -0.4230 -0.2659 0.8190
1305031468.0959 -0.0126 0.6222 -0.1711 0.2833 -0.4250 -0.2662 0.8174
1305031468.1278 -0.0176 0.6134 -0.1622 0.2830 -0.4259 -0.2671 0.8168
1305031468.1599 -0.0212 0.6001 -0.1570 0.2833 -0.4273 -0.2681 0.8156
1305031468.1960 -0.0231 0.5873 -0.1443 0.2842 -0.4281 -0.2712 0.8139
1305031468.2282 -0.0278 0.5754 -0.1335 0.2844 -0.4277 -0.2719 0.8138
1305031468.2598 -0.0273 0.5517 -0.1146 0.2838 -0.4300 -0.2710 0.8131
1305031468.2958 -0.0257 0.5291 -0.1053 0.2830 -0.4299 -0.2732 0.8127
1305031468.3278 -0.0270 0.4996 -0.0942 0.2827 -0.4316 -0.2728 0.8120
1305031468.3598 -0.0276 0.4744 -0.0826 0.2826 -0.4332 -0.2681 0.8128
1305031468.4598 -0.0368 0.4164 -0.0715 0.2736 -0.4350 -0.2649 0.8159
1305031468.5278 -0.0491 0.3806 -0.0651 0.2745 -0.4309 -0.2691 0.8164
1305031468.5597 -0.0559 0.3609 -0.0815 0.2798 -0.4274 -0.2774 0.8137
1305031468.6596 -0.0724 0.3285 -0.0994 0.2798 -0.4275 -0.2862 0.8106
1305031468.6958 -0.0823 0.3193 -0.1098 0.2854 -0.4292 -0.2888 0.8068
1305031468.7278 -0.0874 0.3031 -0.1180 0.2881 -0.4333 -0.2899 0.8033
1305031468.7958 -0.1045 0.2775 -0.1267 0.2931 -0.4377 -0.2925 0.7981
1305031468.8292 -0.1098 0.2717 -0.1420 0.3029 -0.4362 -0.2955 0.7941
1305031468.9596 -0.1230 0.2557 -0.1440 0.3015 -0.4203 -0.2943 0.8036
1305031469.0277 -0.1333 0.2486 -0.1359 0.2747 -0.4109 -0.3103 0.8120
1305031469.1277 -0.1565 0.2217 -0.1222 0.2470 -0.3956 -0.3432 0.8153
1305031469.1955 -0.1726 0.2029 -0.1147 0.2340 -0.3759 -0.3539 0.8238
1305031469.2596 -0.1968 0.1906 -0.1030 0.2252 -0.3660 -0.3601 0.8281
1305031469.2968 -0.2080 0.1889 -0.0966 0.2227 -0.3608 -0.3625 0.8300
1305031469.3276 -0.2137 0.1886 -0.0900 0.2196 -0.3583 -0.3636 0.8314
1305031469.3596 -0.2180 0.1810 -0.0712 0.2151 -0.3556 -0.3699 0.8309
1305031469.3957 -0.2258 0.1619 -0.0606 0.2134 -0.3463 -0.3753 0.8329
1305031469.4277 -0.2355 0.1664 -0.0545 0.2183 -0.3316 -0.3784 0.8362
1305031469.4597 -0.2477 0.1533 -0.0472 0.2165 -0.3215 -0.3870 0.8367
1305031469.4957 -0.2626 0.1621 -0.0409 0.2182 -0.3142 -0.3879 0.8385
1305031469.5276 -0.2674 0.1627 -0.0301 0.2152 -0.3153 -0.3884 0.8387
1305031469.5596 -0.2743 0.1584 -0.0181 0.2073 -0.3159 -0.3908 0.8393
1305031469.6596 -0.2994 0.1681 0.0187 0.1840 -0.3084 -0.3966 0.8448
1305031469.7596 -0.3278 0.1932 0.0530 0.1702 -0.2933 -0.3935 0.8545
1305031469.9279 -0.3879 0.2491 0.1030 0.1380 -0.2937 -0.3903 0.8616
1305031470.1276 -0.4432 0.3407 0.1301 0.1232 -0.3020 -0.3843 0.8637
1305031470.2957 -0.4873 0.4213 0.1270 0.1038 -0.3028 -0.3753 0.8699
1305031470.4597 -0.5278 0.4949 0.1229 0.0901 -0.3135 -0.3657 0.8717
1305031470.6597 -0.5709 0.5519 0.1018 0.0821 -0.3213 -0.3533 0.8748
1305031470.6956 -0.5809 0.5651 0.0966 0.0819 -0.3199 -0.3499 0.8767
1305031470.7277 -0.5894 0.5712 0.0954 0.0810 -0.3215 -0.3486 0.8767
1305031470.7597 -0.5944 0.5772 0.0916 0.0812 -0.3183 -0.3461 0.8788
1305031470.7956 -0.5986 0.5850 0.0926 0.0828 -0.3172 -0.3415 0.8808
1305031470.8278 -0.6059 0.5954 0.0913 0.0877 -0.3170 -0.3338 0.8834
1305031470.8596 -0.6137 0.6036 0.0875 0.0922 -0.3178 -0.3262 0.8855
1305031470.8957 -0.6215 0.6138 0.0804 0.0962 -0.3173 -0.3168 0.8887
1305031470.9277 -0.6284 0.6246 0.0815 0.1035 -0.3219 -0.3102 0.8885
1305031470.9596 -0.6345 0.6304 0.0733 0.1141 -0.3263 -0.3064 0.8869
1305031470.9960 -0.6370 0.6351 0.0704 0.1250 -0.3291 -0.3030 0.8856
1305031471.0276 -0.6382 0.6354 0.0672 0.1337 -0.3326 -0.2987 0.8845
1305031471.0596 -0.6413 0.6359 0.0618 0.1425 -0.3341 -0.2928 0.8845
1305031471.0958 -0.6391 0.6412 0.0600 0.1526 -0.3403 -0.2821 0.8840
1305031471.1277 -0.6434 0.6455 0.0532 0.1570 -0.3417 -0.2732 0.8854
1305031471.1596 -0.6422 0.6473 0.0512 0.1623 -0.3452 -0.2674 0.8849
1305031471.1957 -0.6429 0.6485 0.0493 0.1633 -0.3460 -0.2630 0.8857
1305031471.2276 -0.6456 0.6507 0.0475 0.1631 -0.3457 -0.2585 0.8872
1305031471.2597 -0.6483 0.6510 0.0461 0.1624 -0.3455 -0.2572 0.8877
1305031471.2961 -0.6491 0.6512 0.0449 0.1630 -0.3465 -0.2534 0.8883
1305031471.3276 -0.6491 0.6536 0.0451 0.1672 -0.3464 -0.2484 0.8890
1305031471.3596 -0.6508 0.6542 0.0417 0.1670 -0.3420 -0.2452 0.8917
1305031471.3957 -0.6545 0.6529 0.0362 0.1654 -0.3374 -0.2408 0.8949
1305031471.4277 -0.6552 0.6533 0.0327 0.1659 -0.3381 -0.2353 0.8960
1305031471.4965 -0.6570 0.6559 0.0244 0.1620 -0.3404 -0.2267 0.8981
1305031471.5276 -0.6580 0.6572 0.0220 0.1614 -0.3406 -0.2242 0.8987
1305031471.5597 -0.6569 0.6598 0.0211 0.1622 -0.3407 -0.2230 0.8988
1305031471.5957 -0.6571 0.6591 0.0182 0.1611 -0.3388 -0.2216 0.9001
1305031471.6276 -0.6563 0.6611 0.0150 0.1620 -0.3361 -0.2195 0.9014
1305031471.6596 -0.6536 0.6655 0.0146 0.1658 -0.3353 -0.2150 0.9022
1305031471.7958 -0.6486 0.6680 -0.0044 0.1568 -0.3204 -0.1940 0.9139
1305031471.9956 -0.6565 0.6922 -0.0072 0.1406 -0.2947 -0.1636 0.9309
1305031472.5636 -0.6909 0.6762 0.0141 0.1195 -0.2995 -0.1082 0.9404
1305031472.7956 -0.6880 0.6542 0.0122 0.1272 -0.3036 -0.1016 0.9388
