1305031453.3917 0.0000 0.0000 0.0000 0.0000 0.0000 0.0000 1.0000
1305031453.4917 0.0019 0.0057 -0.0433 0.0068 0.0204 0.0265 0.9994
1305031453.5916 -0.0003 0.0094 -0.0902 0.0224 0.0326 0.0448 0.9982
1305031453.6596 -0.0096 0.0301 -0.1267 0.0388 0.0303 0.0481 0.9976
1305031453.7597 -0.0377 0.0415 -0.1763 0.0487 0.0153 0.0334 0.9981
1305031453.8597 -0.0618 0.0545 -0.2294 0.0536 -0.0149 0.0161 0.9983
1305031453.9277 -0.0863 0.0618 -0.2451 0.0506 -0.0493 0.0039 0.9975
1305031453.9596 -0.0886 0.0665 -0.2482 0.0496 -0.0666 -0.0025 0.9965
1305031453.9916 -0.1003 0.0671 -0.2467 0.0486 -0.0782 -0.0116 0.9957
1305031454.0277 -0.1004 0.0770 -0.2424 0.0529 -0.0941 -0.0165 0.9940
1305031454.0597 -0.1077 0.0935 -0.2482 0.0585 -0.1060 -0.0232 0.9924
1305031454.0917 -0.1256 0.1049 -0.2351 0.0633 -0.1152 -0.0309 0.9908
1305031454.1277 -0.1348 0.1080 -0.2263 0.0674 -0.1302 -0.0425 0.9883
1305031454.1597 -0.1461 0.1081 -0.2257 0.0669 -0.1436 -0.0501 0.9861
1305031454.1917 -0.1633 0.1164 -0.2212 0.0684 -0.1578 -0.0614 0.9832
1305031454.2277 -0.1764 0.1164 -0.2127 0.0722 -0.1737 -0.0758 0.9792
1305031454.2596 -0.1783 0.1079 -0.2213 0.0716 -0.1877 -0.0879 0.9757
1305031454.2916 -0.1770 0.1184 -0.2199 0.0738 -0.1992 -0.0962 0.9724
1305031454.3277 -0.1963 0.1137 -0.2218 0.0743 -0.2041 -0.1134 0.9695
1305031454.3596 -0.2064 0.1113 -0.2286 0.0767 -0.2137 -0.1242 0.9659
1305031454.3917 -0.2186 0.1121 -0.2305 0.0760 -0.2203 -0.1321 0.9634
1305031454.4275 -0.2357 0.1244 -0.2332 0.0811 -0.2281 -0.1412 0.9599
1305031454.4599 -0.2395 0.1238 -0.2356 0.0815 -0.2395 -0.1521 0.9554
1305031454.4916 -0.2394 0.1266 -0.2279 0.0835 -0.2471 -0.1631 0.9515
1305031454.5277 -0.2553 0.1411 -0.2257 0.0876 -0.2515 -0.1765 0.9476
1305031454.5596 -0.2511 0.1537 -0.2210 0.0900 -0.2618 -0.1871 0.9425
1305031454.5916 -0.2580 0.1682 -0.2305 0.0918 -0.2688 -0.1999 0.9378
1305031454.6276 -0.2643 0.1721 -0.2274 0.0914 -0.2807 -0.2097 0.9321
1305031454.6595 -0.2693 0.1886 -0.2267 0.0911 -0.2918 -0.2168 0.9271
1305031454.6919 -0.2792 0.1993 -0.2228 0.0895 -0.3032 -0.2230 0.9221
1305031454.7277 -0.2952 0.2150 -0.2270 0.0906 -0.3083 -0.2270 0.9194
1305031454.7597 -0.2964 0.2094 -0.2163 0.0819 -0.3172 -0.2240 0.9179
1305031454.7916 -0.2985 0.2163 -0.2160 0.0786 -0.3177 -0.2182 0.9194
1305031454.8276 -0.2985 0.2200 -0.2125 0.0742 -0.3191 -0.2123 0.9206
1305031454.8596 -0.3005 0.2258 -0.2075 0.0690 -0.3176 -0.2059 0.9230
1305031454.8918 -0.3001 0.2296 -0.2149 0.0641 -0.3118 -0.1994 0.9268
1305031454.9276 -0.3051 0.2316 -0.2139 0.0575 -0.3075 -0.1941 0.9297
1305031454.9596 -0.3068 0.2356 -0.2170 0.0532 -0.3036 -0.1888 0.9324
1305031454.9919 -0.3104 0.2368 -0.2227 0.0494 -0.3004 -0.1854 0.9343
1305031455.0278 -0.3116 0.2443 -0.2234 0.0498 -0.2999 -0.1826 0.9350
1305031455.0596 -0.3151 0.2494 -0.2254 0.0485 -0.2976 -0.1799 0.9363
1305031455.0917 -0.3177 0.2522 -0.2301 0.0486 -0.2951 -0.1791 0.9373
1305031455.1277 -0.3214 0.2612 -0.2359 0.0510 -0.2911 -0.1793 0.9384
1305031455.1597 -0.3301 0.2667 -0.2438 0.0495 -0.2858 -0.1765 0.9406
1305031455.1917 -0.3367 0.2701 -0.2476 0.0465 -0.2832 -0.1719 0.9424
1305031455.2276 -0.3421 0.2723 -0.2484 0.0453 -0.2819 -0.1683 0.9435
1305031455.2596 -0.3463 0.2866 -0.2492 0.0467 -0.2794 -0.1631 0.9451
1305031455.2918 -0.3576 0.2894 -0.2537 0.0372 -0.2746 -0.1524 0.9487
1305031455.3278 -0.3703 0.2975 -0.2636 0.0327 -0.2702 -0.1424 0.9517
1305031455.3596 -0.3730 0.3069 -0.2560 0.0248 -0.2723 -0.1323 0.9528
1305031455.3917 -0.3807 0.3076 -0.2533 0.0141 -0.2688 -0.1224 0.9553
1305031455.4276 -0.3957 0.3107 -0.2595 0.0080 -0.2622 -0.1147 0.9581
1305031455.4596 -0.4078 0.3118 -0.2624 0.0044 -0.2597 -0.1093 0.9595
1305031455.4916 -0.4218 0.3150 -0.2727 0.0015 -0.2550 -0.1031 0.9614
1305031455.5276 -0.4388 0.3149 -0.2794 -0.0031 -0.2511 -0.0934 0.9634
1305031455.5597 -0.4578 0.3231 -0.2903 -0.0022 -0.2502 -0.0823 0.9647
1305031455.5916 -0.4727 0.3219 -0.3018 -0.0067 -0.2510 -0.0715 0.9653
1305031455.6596 -0.4944 0.3216 -0.3117 -0.0076 -0.2515 -0.0510 0.9665
1305031455.6916 -0.5065 0.3207 -0.3252 -0.0056 -0.2490 -0.0522 0.9671
1305031455.7276 -0.5103 0.3182 -0.3293 -0.0052 -0.2490 -0.0534 0.9670
1305031455.7597 -0.5150 0.3158 -0.3343 -0.0051 -0.2473 -0.0549 0.9674
1305031455.7917 -0.5185 0.3069 -0.3410 -0.0063 -0.2459 -0.0541 0.9678
1305031455.8276 -0.5228 0.3068 -0.3503 -0.0043 -0.2449 -0.0528 0.9681
1305031455.8595 -0.5254 0.3013 -0.3575 -0.0055 -0.2455 -0.0529 0.9679
1305031455.8917 -0.5262 0.2992 -0.3624 -0.0055 -0.2462 -0.0524 0.9678
1305031455.9280 -0.5314 0.2950 -0.3691 -0.0064 -0.2444 -0.0533 0.9682
1305031455.9597 -0.5325 0.2939 -0.3741 -0.0059 -0.2438 -0.0539 0.9683
1305031455.9917 -0.5376 0.2935 -0.3791 -0.0066 -0.2410 -0.0552 0.9689
1305031456.0278 -0.5466 0.3048 -0.3893 -0.0056 -0.2348 -0.0587 0.9702
1305031456.0597 -0.5563 0.2885 -0.3904 -0.0164 -0.2319 -0.0677 0.9703
1305031456.0917 -0.5640 0.2833 -0.3944 -0.0199 -0.2284 -0.0707 0.9708
1305031456.1276 -0.5689 0.2779 -0.4003 -0.0215 -0.2256 -0.0712 0.9714
1305031456.1597 -0.5697 0.2710 -0.3992 -0.0229 -0.2243 -0.0716 0.9716
1305031456.1917 -0.5724 0.2626 -0.4049 -0.0201 -0.2190 -0.0676 0.9732
1305031456.2277 -0.5804 0.2705 -0.4119 -0.0152 -0.2091 -0.0644 0.9756
1305031456.2917 -0.5843 0.2546 -0.4060 -0.0182 -0.1935 -0.0569 0.9793
1305031456.3277 -0.5924 0.2510 -0.4040 -0.0158 -0.1837 -0.0483 0.9817
1305031456.3916 -0.5982 0.2341 -0.3990 -0.0187 -0.1654 -0.0375 0.9853
1305031456.4277 -0.5994 0.2323 -0.3899 -0.0154 -0.1602 -0.0264 0.9866
1305031456.4917 -0.6473 0.2496 -0.3935 -0.0161 -0.1474 -0.0143 0.9888
1305031456.5276 -0.6695 0.2582 -0.3817 -0.0170 -0.1459 -0.0094 0.9891
1305031456.5917 -0.6884 0.2695 -0.3728 -0.0151 -0.1422 -0.0009 0.9897
1305031456.6276 -0.6974 0.2738 -0.3633 -0.0294 -0.1395 0.0030 0.9898
1305031456.6916 -0.7301 0.2663 -0.3400 -0.0390 -0.1322 0.0148 0.9904
1305031456.7916 -0.7881 0.2771 -0.3215 -0.0418 -0.1358 0.0360 0.9892
1305031457.0276 -0.8718 0.2992 -0.2733 -0.0576 -0.1181 0.0715 0.9887
1305031457.1917 -0.9244 0.2950 -0.2840 -0.0750 -0.0894 0.0968 0.9884
1305031457.2917 -0.9460 0.2826 -0.3078 -0.0725 -0.0717 0.1171 0.9879
1305031457.3917 -0.9828 0.2740 -0.3388 -0.0665 -0.0379 0.1371 0.9876
1305031457.4917 -1.0269 0.2596 -0.3720 -0.0635 -0.0198 0.1513 0.9862
1305031457.5597 -1.0363 0.2544 -0.3977 -0.0554 -0.0148 0.1616 0.9852
1305031457.6596 -1.0739 0.2482 -0.4340 -0.0461 -0.0042 0.1750 0.9835
1305031457.7277 -1.0936 0.2128 -0.4493 -0.0586 -0.0016 0.1751 0.9828
1305031457.7916 -1.0990 0.1872 -0.4608 -0.0504 0.0027 0.1750 0.9833
1305031457.8277 -1.1143 0.1969 -0.4735 -0.0348 0.0114 0.1770 0.9835
1305031457.8916 -1.1348 0.1621 -0.4850 -0.0300 0.0273 0.1754 0.9837
1305031457.9276 -1.1451 0.1618 -0.4924 -0.0152 0.0322 0.1799 0.9830
1305031457.9916 -1.1737 0.1430 -0.4979 -0.0040 0.0376 0.1861 0.9818
1305031458.0278 -1.1760 0.1336 -0.4998 0.0054 0.0402 0.1903 0.9809
1305031458.0597 -1.1882 0.1404 -0.5028 0.0161 0.0449 0.1930 0.9800
1305031458.1276 -1.2038 0.1299 -0.4986 0.0139 0.0502 0.1951 0.9794
1305031458.1596 -1.2139 0.1212 -0.5005 0.0134 0.0523 0.1975 0.9788
1305031458.1916 -1.2254 0.1127 -0.4936 0.0123 0.0526 0.2023 0.9778
1305031458.2276 -1.2381 0.1049 -0.4716 0.0059 0.0510 0.2014 0.9782
1305031458.2599 -1.2460 0.0888 -0.4583 0.0048 0.0475 0.1989 0.9789
1305031458.2917 -1.2665 0.0834 -0.4412 0.0130 0.0463 0.1991 0.9788
1305031458.3276 -1.2783 0.0859 -0.4225 0.0182 0.0389 0.2003 0.9788
1305031458.3596 -1.2790 0.0664 -0.4072 0.0216 0.0325 0.2000 0.9790
1305031458.3916 -1.2880 0.0870 -0.3836 0.0402 0.0285 0.2057 0.9774
1305031458.4276 -1.2896 0.0962 -0.3634 0.0494 0.0261 0.2159 0.9748
1305031458.4596 -1.2827 0.0920 -0.3565 0.0604 0.0271 0.2206 0.9731
1305031458.4917 -1.2777 0.0752 -0.3474 0.0732 0.0339 0.2233 0.9714
1305031458.5277 -1.2820 0.0754 -0.3349 0.0878 0.0412 0.2273 0.9690
1305031458.5596 -1.2914 0.0776 -0.3242 0.0944 0.0481 0.2257 0.9684
1305031458.5916 -1.2993 0.0614 -0.3205 0.0974 0.0541 0.2195 0.9692
1305031458.6277 -1.3134 0.0742 -0.2962 0.1028 0.0555 0.2188 0.9687
1305031458.6596 -1.3335 0.0852 -0.2723 0.1026 0.0538 0.2168 0.9693
1305031458.6917 -1.3428 0.0949 -0.2500 0.1049 0.0392 0.2090 0.9715
1305031458.7276 -1.3338 0.0967 -0.2296 0.1068 0.0217 0.1997 0.9738
1305031458.7599 -1.3401 0.0955 -0.2127 0.1133 0.0073 0.1929 0.9746
1305031458.7916 -1.3455 0.1023 -0.2004 0.1167 -0.0078 0.1869 0.9754
1305031458.8276 -1.3444 0.1071 -0.1721 0.1159 -0.0179 0.1829 0.9761
1305031458.8917 -1.3395 0.0911 -0.1468 0.1194 -0.0222 0.1756 0.9769
1305031458.9276 -1.3555 0.0960 -0.1396 0.1208 -0.0141 0.1761 0.9768
1305031458.9596 -1.3581 0.0903 -0.1349 0.1132 -0.0121 0.1847 0.9762
1305031458.9916 -1.3607 0.0779 -0.1338 0.1114 -0.0104 0.1885 0.9757
1305031459.0277 -1.3781 0.0740 -0.1169 0.1241 -0.0115 0.1880 0.9742
1305031459.0596 -1.3915 0.0606 -0.1111 0.1297 -0.0195 0.2002 0.9709
1305031459.1276 -1.4659 0.0611 -0.0646 0.1379 0.0049 0.1784 0.9742
1305031459.1596 -1.4680 0.0635 -0.0483 0.1488 -0.0238 0.1794 0.9722
1305031459.1917 -1.4758 0.0644 -0.0340 0.1556 -0.0434 0.1834 0.9697
1305031459.2276 -1.4799 0.0656 -0.0243 0.1592 -0.0580 0.1896 0.9671
1305031459.2598 -1.4809 0.0650 -0.0059 0.1587 -0.0622 0.1962 0.9656
1305031459.3276 -1.4935 0.0731 0.0299 0.1536 -0.0351 0.2222 0.9622
1305031459.3597 -1.5031 0.0707 0.0392 0.1514 -0.0116 0.2443 0.9577
1305031459.3917 -1.5254 0.0841 0.0503 0.1471 0.0171 0.2673 0.9522
1305031459.4276 -1.5272 0.0898 0.0683 0.1319 0.0465 0.3007 0.9434
1305031459.4597 -1.5400 0.0853 0.0706 0.1231 0.0815 0.3399 0.9288
1305031459.5276 -1.5799 0.1074 0.0812 0.1044 0.1245 0.3958 0.9038
1305031459.5596 -1.5869 0.0931 0.0781 0.0916 0.1376 0.4212 0.8918
1305031459.5917 -1.6014 0.0902 0.0788 0.0869 0.1428 0.4379 0.8833
1305031459.6276 -1.6098 0.0892 0.0828 0.0836 0.1434 0.4467 0.8791
1305031459.6596 -1.6177 0.0892 0.0863 0.0842 0.1484 0.4477 0.8778
1305031459.6916 -1.6321 0.0843 0.0867 0.0792 0.1583 0.4529 0.8738
1305031459.7276 -1.6394 0.0674 0.0834 0.0712 0.1643 0.4566 0.8715
1305031459.7917 -1.6679 0.0328 0.0824 0.0685 0.1763 0.4528 0.8713
1305031459.8277 -1.6814 0.0161 0.0864 0.0677 0.1774 0.4523 0.8714
1305031459.8597 -1.6989 -0.0023 0.0911 0.0654 0.1793 0.4519 0.8714
1305031459.8916 -1.7040 -0.0226 0.0935 0.0606 0.1746 0.4566 0.8703
1305031459.9276 -1.7110 -0.0452 0.0956 0.0568 0.1732 0.4596 0.8692
1305031459.9917 -1.7207 -0.0809 0.1009 0.0486 0.1681 0.4698 0.8653
1305031460.0276 -1.7298 -0.0964 0.1084 0.0476 0.1705 0.4714 0.8640
1305031460.0597 -1.7380 -0.1138 0.1117 0.0471 0.1715 0.4739 0.8624
1305031460.0917 -1.7489 -0.1403 0.1086 0.0455 0.1697 0.4795 0.8598
1305031460.1277 -1.7570 -0.1536 0.1172 0.0512 0.1635 0.4849 0.8576
1305031460.1597 -1.7644 -0.1638 0.1211 0.0577 0.1555 0.4911 0.8552
1305031460.1916 -1.7663 -0.1804 0.1303 0.0557 0.1506 0.4977 0.8524
1305031460.2278 -1.7688 -0.1787 0.1367 0.0583 0.1511 0.4968 0.8526
1305031460.2917 -1.7634 -0.1994 0.1423 0.0592 0.1646 0.4993 0.8486
1305031460.3275 -1.7666 -0.2045 0.1422 0.0598 0.1714 0.4986 0.8476
1305031460.3916 -1.7638 -0.2080 0.1544 0.0562 0.1862 0.5043 0.8413
1305031460.4275 -1.7665 -0.2131 0.1601 0.0549 0.1956 0.5073 0.8375
1305031460.4596 -1.7683 -0.2101 0.1686 0.0528 0.2082 0.5091 0.8335
1305031460.4915 -1.7697 -0.2164 0.1720 0.0449 0.2213 0.5139 0.8276
1305031460.5276 -1.7674 -0.2319 0.1717 0.0350 0.2313 0.5236 0.8192
1305031460.5596 -1.7649 -0.2422 0.1730 0.0275 0.2397 0.5272 0.8148
1305031460.5919 -1.7697 -0.2530 0.1809 0.0233 0.2498 0.5266 0.8123
1305031460.6276 -1.7715 -0.2582 0.1883 0.0212 0.2571 0.5266 0.8100
1305031460.6598 -1.7763 -0.2643 0.1941 0.0202 0.2642 0.5250 0.8088
1305031460.6917 -1.7793 -0.2716 0.1978 0.0179 0.2673 0.5251 0.8078
1305031460.7277 -1.7781 -0.2781 0.2009 0.0146 0.2679 0.5260 0.8071
1305031460.7597 -1.7778 -0.2815 0.2039 0.0134 0.2704 0.5247 0.8071
1305031460.7917 -1.7803 -0.2917 0.2061 0.0105 0.2732 0.5247 0.8062
1305031460.8277 -1.7804 -0.2956 0.2119 0.0084 0.2738 0.5229 0.8072
1305031460.8597 -1.7784 -0.3024 0.2170 0.0039 0.2758 0.5219 0.8072
1305031460.8918 -1.7778 -0.3085 0.2204 0.0005 0.2780 0.5210 0.8070
1305031460.9276 -1.7771 -0.3174 0.2239 -0.0035 0.2790 0.5213 0.8065
1305031460.9917 -1.7664 -0.3329 0.2409 -0.0063 0.2820 0.5219 0.8050
1305031461.0276 -1.7629 -0.3336 0.2472 -0.0052 0.2821 0.5211 0.8055
1305031461.0917 -1.7656 -0.3536 0.2626 -0.0034 0.2828 0.5193 0.8064
1305031461.1276 -1.7597 -0.3548 0.2660 -0.0039 0.2813 0.5181 0.8077
1305031461.1597 -1.7557 -0.3574 0.2772 -0.0011 0.2835 0.5158 0.8084
1305031461.1920 -1.7592 -0.3579 0.2845 0.0020 0.2861 0.5096 0.8114
1305031461.2276 -1.7582 -0.3623 0.2864 0.0015 0.2868 0.5082 0.8121
1305031461.2596 -1.7553 -0.3700 0.2900 0.0011 0.2874 0.5049 0.8139
1305031461.2917 -1.7538 -0.3687 0.2951 0.0038 0.2886 0.4985 0.8174
1305031461.3278 -1.7538 -0.3633 0.3025 0.0074 0.2909 0.4948 0.8188
1305031461.3597 -1.7547 -0.3645 0.3063 0.0051 0.2936 0.4927 0.8191
1305031461.3917 -1.7500 -0.3722 0.3127 -0.0009 0.2944 0.4923 0.8191
1305031461.4276 -1.7444 -0.3697 0.3151 -0.0002 0.2935 0.4914 0.8200
1305031461.4598 -1.7466 -0.3722 0.3209 -0.0032 0.2956 0.4908 0.8196
1305031461.4917 -1.7375 -0.3750 0.3211 -0.0056 0.2944 0.4921 0.8192
1305031461.5277 -1.7384 -0.3699 0.3215 0.0001 0.2957 0.4878 0.8213
1305031461.5597 -1.7358 -0.3588 0.3232 0.0028 0.2962 0.4842 0.8233
1305031461.5917 -1.7305 -0.3450 0.3175 0.0041 0.3005 0.4807 0.8238
1305031461.6275 -1.7301 -0.3404 0.3200 0.0019 0.3074 0.4803 0.8215
1305031461.6596 -1.7279 -0.3315 0.3177 0.0011 0.3101 0.4790 0.8212
1305031461.6916 -1.7297 -0.3284 0.3220 -0.0004 0.3142 0.4822 0.8178
1305031461.7276 -1.7248 -0.3194 0.3234 -0.0007 0.3137 0.4860 0.8157
1305031461.7597 -1.7252 -0.3160 0.3197 -0.0025 0.3160 0.4872 0.8141
1305031461.7916 -1.7210 -0.3064 0.3211 -0.0057 0.3184 0.4919 0.8103
1305031461.8276 -1.7183 -0.3019 0.3129 -0.0092 0.3217 0.4958 0.8066
1305031461.8598 -1.7254 -0.2883 0.3115 -0.0083 0.3276 0.5016 0.8006
1305031461.8917 -1.7314 -0.2718 0.3114 -0.0111 0.3289 0.5134 0.7925
1305031461.9278 -1.7251 -0.2628 0.3103 -0.0178 0.3236 0.5264 0.7860
1305031461.9597 -1.7183 -0.2498 0.3008 -0.0240 0.3237 0.5287 0.7843
1305031461.9916 -1.7276 -0.2302 0.2972 -0.0293 0.3275 0.5363 0.7774
1305031462.0277 -1.7298 -0.2324 0.3089 -0.0447 0.3301 0.5440 0.7701
1305031462.0598 -1.7331 -0.2199 0.3076 -0.0463 0.3221 0.5555 0.7652
1305031462.0918 -1.7344 -0.2057 0.3044 -0.0476 0.3126 0.5660 0.7614
1305031462.1277 -1.7261 -0.2093 0.3057 -0.0589 0.3084 0.5771 0.7539
1305031462.1596 -1.7415 -0.1810 0.3028 -0.0485 0.3036 0.5814 0.7533
1305031462.1916 -1.7439 -0.1734 0.3049 -0.0495 0.3023 0.5816 0.7536
1305031462.2276 -1.7612 -0.1510 0.2964 -0.0470 0.2982 0.5785 0.7577
1305031462.2598 -1.7694 -0.1504 0.3013 -0.0540 0.2994 0.5743 0.7600
1305031462.2916 -1.7843 -0.1445 0.3148 -0.0589 0.3036 0.5662 0.7641
1305031462.3597 -1.8079 -0.1265 0.3314 -0.0660 0.3071 0.5515 0.7728
1305031462.4599 -1.8001 -0.0733 0.3501 -0.0820 0.2582 0.5659 0.7787
1305031462.5919 -1.8495 -0.0635 0.4107 -0.0931 0.2591 0.5268 0.8042
1305031462.7277 -1.8711 -0.0346 0.3946 -0.0864 0.2429 0.4924 0.8313
1305031462.8598 -1.8745 -0.0210 0.3719 -0.1013 0.2195 0.4604 0.8541
1305031462.9597 -1.8700 0.0087 0.3473 -0.0990 0.2119 0.4449 0.8645
1305031463.0598 -1.8638 0.0229 0.3111 -0.0895 0.2029 0.4291 0.8756
1305031463.1598 -1.8598 0.0544 0.2780 -0.0757 0.1970 0.4038 0.8902
1305031463.2600 -1.8457 0.0861 0.2561 -0.0684 0.1942 0.3897 0.8976
1305031463.3598 -1.8279 0.1046 0.2301 -0.0623 0.1863 0.3816 0.9032
1305031463.4598 -1.7984 0.1507 0.2077 -0.0509 0.1762 0.3740 0.9091
1305031463.5598 -1.7655 0.1826 0.1917 -0.0498 0.1828 0.3715 0.9089
1305031463.6598 -1.7168 0.2024 0.1601 -0.0440 0.1761 0.3688 0.9116
1305031463.7276 -1.6843 0.2145 0.1291 -0.0428 0.1723 0.3627 0.9148
1305031463.7597 -1.6601 0.2177 0.1110 -0.0375 0.1716 0.3573 0.9173
1305031463.7956 -1.6422 0.2241 0.0875 -0.0318 0.1707 0.3459 0.9221
1305031463.8599 -1.5974 0.2152 0.0505 -0.0367 0.1689 0.3286 0.9285
1305031463.8956 -1.5892 0.2206 0.0310 -0.0295 0.1720 0.3177 0.9320
1305031463.9597 -1.5546 0.2213 -0.0032 -0.0245 0.1623 0.3080 0.9371
1305031463.9958 -1.5493 0.2223 -0.0146 -0.0179 0.1628 0.2967 0.9408
1305031464.0277 -1.5497 0.2189 -0.0281 -0.0167 0.1656 0.2862 0.9436
1305031464.0597 -1.5361 0.2043 -0.0451 -0.0203 0.1660 0.2749 0.9468
1305031464.0956 -1.5282 0.2035 -0.0631 -0.0146 0.1675 0.2642 0.9497
1305031464.1277 -1.5281 0.1970 -0.0735 -0.0130 0.1697 0.2577 0.9511
1305031464.1598 -1.5293 0.2005 -0.0790 -0.0044 0.1700 0.2517 0.9528
1305031464.1956 -1.5203 0.1866 -0.1034 0.0044 0.1629 0.2491 0.9547
1305031464.2276 -1.5171 0.1994 -0.1179 0.0214 0.1529 0.2424 0.9578
1305031464.2596 -1.5271 0.1987 -0.1247 0.0285 0.1435 0.2389 0.9599
1305031464.2957 -1.5249 0.1929 -0.1273 0.0309 0.1300 0.2342 0.9630
1305031464.3279 -1.5000 0.1931 -0.1456 0.0313 0.1124 0.2305 0.9661
1305031464.3597 -1.4945 0.1888 -0.1517 0.0340 0.1077 0.2237 0.9681
1305031464.3956 -1.4832 0.1816 -0.1589 0.0361 0.1054 0.2137 0.9705
1305031464.4276 -1.4786 0.1811 -0.1725 0.0374 0.1061 0.2059 0.9721
1305031464.4597 -1.4734 0.1707 -0.1905 0.0371 0.1062 0.1967 0.9740
1305031464.4956 -1.4616 0.1750 -0.1996 0.0397 0.1038 0.1915 0.9752
1305031464.5276 -1.4568 0.1739 -0.2195 0.0404 0.1051 0.1847 0.9763
1305031464.5597 -1.4398 0.1703 -0.2321 0.0377 0.1027 0.1747 0.9785
1305031464.5957 -1.4123 0.1583 -0.2574 0.0380 0.1031 0.1625 0.9806
1305031464.6277 -1.3968 0.1614 -0.2712 0.0496 0.1148 0.1548 0.9800
1305031464.6597 -1.3846 0.1467 -0.2869 0.0560 0.1282 0.1468 0.9792
1305031464.6957 -1.3663 0.1442 -0.3034 0.0690 0.1381 0.1309 0.9793
1305031464.7277 -1.3629 0.1511 -0.3125 0.0893 0.1451 0.1144 0.9787
1305031464.7597 -1.3582 0.1532 -0.3133 0.1026 0.1462 0.0990 0.9789
1305031464.7960 -1.3595 0.1529 -0.3158 0.1106 0.1440 0.0800 0.9801
1305031464.8278 -1.3580 0.1595 -0.3076 0.1255 0.1335 0.0649 0.9809
1305031464.8597 -1.3642 0.1756 -0.2924 0.1375 0.1210 0.0446 0.9821
1305031464.8958 -1.3394 0.1791 -0.2955 0.1375 0.1029 0.0269 0.9848
1305031464.9278 -1.3112 0.1569 -0.2867 0.1328 0.0887 0.0075 0.9871
1305031464.9598 -1.3066 0.1364 -0.2879 0.1327 0.0870 -0.0084 0.9873
1305031464.9957 -1.2979 0.1414 -0.2708 0.1407 0.0882 -0.0277 0.9857
1305031465.0278 -1.2967 0.1412 -0.2586 0.1446 0.0908 -0.0478 0.9842
1305031465.0597 -1.3004 0.1615 -0.2286 0.1548 0.0897 -0.0680 0.9815
1305031465.0957 -1.2910 0.2116 -0.1947 0.1595 0.0796 -0.0855 0.9803
1305031465.1277 -1.2664 0.2126 -0.1685 0.1434 0.0649 -0.0999 0.9825
1305031465.1598 -1.2454 0.2099 -0.1485 0.1261 0.0516 -0.1098 0.9846
1305031465.1956 -1.2366 0.1993 -0.1252 0.1109 0.0432 -0.1214 0.9854
1305031465.2279 -1.2218 0.2044 -0.0989 0.0988 0.0354 -0.1272 0.9863
1305031465.2956 -1.2152 0.2089 -0.0674 0.0811 0.0222 -0.1231 0.9888
1305031465.3599 -1.2026 0.2164 -0.0327 0.0690 -0.0024 -0.1022 0.9924
1305031465.4277 -1.1635 0.2259 -0.0142 0.0709 -0.0334 -0.0839 0.9934
1305031465.4601 -1.1514 0.2308 -0.0139 0.0714 -0.0414 -0.0743 0.9938
1305031465.4957 -1.1337 0.2443 -0.0101 0.0704 -0.0499 -0.0649 0.9941
1305031465.5276 -1.1210 0.2440 -0.0056 0.0684 -0.0566 -0.0625 0.9941
1305031465.5598 -1.1073 0.2462 -0.0078 0.0707 -0.0622 -0.0599 0.9938
1305031465.5956 -1.0912 0.2532 -0.0075 0.0735 -0.0665 -0.0541 0.9936
1305031465.6277 -1.0832 0.2605 -0.0099 0.0757 -0.0684 -0.0472 0.9937
1305031465.6601 -1.0664 0.2679 -0.0111 0.0784 -0.0768 -0.0419 0.9931
1305031465.6957 -1.0442 0.2758 -0.0104 0.0821 -0.0844 -0.0374 0.9923
1305031465.7277 -1.0293 0.2862 -0.0132 0.0869 -0.0873 -0.0310 0.9919
1305031465.7598 -1.0178 0.2972 -0.0120 0.0918 -0.0900 -0.0252 0.9914
1305031465.7959 -0.9994 0.3067 -0.0139 0.0948 -0.0930 -0.0205 0.9909
1305031465.8280 -0.9836 0.3153 -0.0132 0.1009 -0.0964 -0.0171 0.9901
1305031465.8599 -0.9555 0.3332 -0.0181 0.1102 -0.1006 -0.0129 0.9887
1305031465.8955 -0.9328 0.3499 -0.0219 0.1134 -0.0964 -0.0114 0.9888
1305031465.9275 -0.9121 0.3573 -0.0152 0.1173 -0.0900 -0.0097 0.9890
1305031465.9597 -0.8833 0.3714 -0.0208 0.1255 -0.0856 -0.0092 0.9884
1305031465.9958 -0.8624 0.3866 -0.0225 0.1313 -0.0809 -0.0105 0.9880
1305031466.0276 -0.8469 0.3954 -0.0250 0.1338 -0.0802 -0.0119 0.9877
1305031466.0598 -0.8231 0.4211 -0.0274 0.1345 -0.0806 -0.0104 0.9876
1305031466.0958 -0.8133 0.4419 -0.0241 0.1323 -0.0817 -0.0109 0.9878
1305031466.1276 -0.8016 0.4610 -0.0234 0.1280 -0.0854 -0.0107 0.9880
1305031466.1604 -0.7933 0.4820 -0.0242 0.1251 -0.0888 -0.0088 0.9881
1305031466.1958 -0.7756 0.4960 -0.0227 0.1162 -0.0989 -0.0077 0.9883
1305031466.2280 -0.7600 0.5021 -0.0161 0.1039 -0.1081 -0.0119 0.9886
1305031466.2598 -0.7495 0.4973 -0.0236 0.0996 -0.1085 -0.0177 0.9889
1305031466.2957 -0.7301 0.5088 -0.0312 0.1039 -0.1047 -0.0298 0.9886
1305031466.3277 -0.7120 0.5146 -0.0440 0.1033 -0.0974 -0.0351 0.9893
1305031466.3598 -0.6900 0.5282 -0.0492 0.1016 -0.0906 -0.0434 0.9897
1305031466.3958 -0.6714 0.5142 -0.0680 0.0962 -0.0901 -0.0450 0.9903
1305031466.4278 -0.6654 0.5198 -0.0800 0.0997 -0.0900 -0.0475 0.9898
1305031466.4598 -0.6549 0.5258 -0.0926 0.0988 -0.0926 -0.0513 0.9895
1305031466.4958 -0.6461 0.5340 -0.0958 0.0968 -0.0933 -0.0534 0.9895
1305031466.5275 -0.6164 0.5307 -0.1035 0.0934 -0.0959 -0.0529 0.9896
1305031466.5604 -0.5946 0.5471 -0.1068 0.0958 -0.0936 -0.0554 0.9894
1305031466.5959 -0.5710 0.5573 -0.1115 0.0887 -0.0941 -0.0597 0.9898
1305031466.6275 -0.5488 0.5343 -0.1114 0.0764 -0.0938 -0.0636 0.9906
1305031466.6597 -0.5246 0.5344 -0.1173 0.0803 -0.0917 -0.0679 0.9902
1305031466.6958 -0.5071 0.5459 -0.1239 0.0823 -0.0929 -0.0723 0.9896
1305031466.7281 -0.4929 0.5456 -0.1224 0.0766 -0.0936 -0.0857 0.9890
1305031466.7596 -0.4674 0.5338 -0.1212 0.0752 -0.0964 -0.0905 0.9884
1305031466.7956 -0.4551 0.5363 -0.1300 0.0780 -0.0969 -0.0937 0.9878
1305031466.8279 -0.4361 0.5411 -0.1318 0.0775 -0.1021 -0.0963 0.9871
1305031466.8597 -0.4293 0.5364 -0.1289 0.0746 -0.1055 -0.0964 0.9869
1305031466.8957 -0.4145 0.5404 -0.1319 0.0770 -0.1166 -0.0939 0.9857
1305031466.9278 -0.3951 0.5369 -0.1377 0.0754 -0.1313 -0.0960 0.9838
1305031466.9597 -0.3834 0.5225 -0.1457 0.0707 -0.1376 -0.1002 0.9829
1305031466.9957 -0.3740 0.5207 -0.1502 0.0704 -0.1403 -0.1018 0.9823
1305031467.0278 -0.3637 0.5199 -0.1518 0.0704 -0.1428 -0.1041 0.9817
1305031467.0597 -0.3544 0.5187 -0.1555 0.0699 -0.1440 -0.1051 0.9815
1305031467.0957 -0.3436 0.5206 -0.1561 0.0694 -0.1450 -0.1078 0.9811
1305031467.1290 -0.3400 0.5201 -0.1518 0.0693 -0.1454 -0.1140 0.9803
1305031467.1597 -0.3331 0.5182 -0.1537 0.0695 -0.1463 -0.1173 0.9798
1305031467.1957 -0.3257 0.5187 -0.1556 0.0700 -0.1490 -0.1206 0.9790
1305031467.2277 -0.3159 0.5162 -0.1616 0.0694 -0.1532 -0.1248 0.9778
1305031467.2597 -0.3119 0.5154 -0.1613 0.0702 -0.1554 -0.1281 0.9770
1305031467.2958 -0.3028 0.5163 -0.1612 0.0715 -0.1589 -0.1320 0.9758
1305031467.3280 -0.2906 0.5151 -0.1686 0.0717 -0.1631 -0.1361 0.9745
1305031467.3597 -0.2818 0.5174 -0.1712 0.0701 -0.1669 -0.1392 0.9736
1305031467.3958 -0.2689 0.5217 -0.1765 0.0678 -0.1721 -0.1420 0.9724
1305031467.4278 -0.2604 0.5186 -0.1787 0.0663 -0.1756 -0.1451 0.9715
1305031467.4597 -0.2530 0.5199 -0.1790 0.0664 -0.1792 -0.1454 0.9707
1305031467.4961 -0.2461 0.5319 -0.1793 0.0654 -0.1834 -0.1499 0.9693
1305031467.5277 -0.2410 0.5317 -0.1720 0.0628 -0.1850 -0.1542 0.9685
1305031467.5598 -0.2326 0.5291 -0.1698 0.0626 -0.1862 -0.1551 0.9682
1305031467.5960 -0.2247 0.5269 -0.1698 0.0617 -0.1875 -0.1538 0.9682
1305031467.6275 -0.2223 0.5273 -0.1662 0.0632 -0.1894 -0.1521 0.9680
1305031467.6596 -0.2211 0.5220 -0.1689 0.0665 -0.1906 -0.1518 0.9676
1305031467.6959 -0.2170 0.5184 -0.1682 0.0680 -0.1921 -0.1530 0.9670
1305031467.7275 -0.2117 0.5132 -0.1511 0.0708 -0.1949 -0.1586 0.9653
1305031467.7599 -0.2103 0.5073 -0.1594 0.0755 -0.1932 -0.1620 0.9647
1305031467.7961 -0.2120 0.5010 -0.1509 0.0771 -0.1943 -0.1637 0.9641
1305031467.8278 -0.2141 0.4898 -0.1403 0.0789 -0.1950 -0.1660 0.9634
1305031467.8597 -0.2067 0.4986 -0.1390 0.0909 -0.1977 -0.1613 0.9626
1305031467.8959 -0.2102 0.4763 -0.1397 0.0886 -0.2003 -0.1619 0.9622
1305031467.9278 -0.2112 0.4716 -0.1229 0.0916 -0.2049 -0.1660 0.9602
1305031467.9598 -0.2080 0.4572 -0.1138 0.0980 -0.2085 -0.1702 0.9581
1305031467.9958 -0.2008 0.4589 -0.1124 0.1004 -0.2100 -0.1699 0.9576
1305031468.0281 -0.1963 0.4485 -0.0934 0.0994 -0.2112 -0.1731 0.9568
1305031468.0598 -0.1966 0.4315 -0.0800 0.1014 -0.2129 -0.1760 0.9557
1305031468.0959 -0.1919 0.4262 -0.0773 0.1021 -0.2149 -0.1763 0.9552
1305031468.1278 -0.1893 0.4184 -0.0652 0.1012 -0.2162 -0.1776 0.9547
1305031468.1599 -0.1859 0.4102 -0.0549 0.1020 -0.2179 -0.1784 0.9541
1305031468.1960 -0.1790 0.4021 -0.0404 0.1019 -0.2193 -0.1806 0.9534
1305031468.2282 -0.1677 0.3885 -0.0238 0.1005 -0.2212 -0.1811 0.9530
1305031468.2598 -0.1524 0.3746 -0.0026 0.1001 -0.2244 -0.1800 0.9525
1305031468.2958 -0.1396 0.3568 0.0130 0.0990 -0.2253 -0.1814 0.9521
1305031468.3278 -0.1269 0.3353 0.0349 0.0994 -0.2285 -0.1805 0.9515
1305031468.3598 -0.1117 0.3176 0.0460 0.1005 -0.2297 -0.1747 0.9522
1305031468.4598 -0.0994 0.2698 0.0847 0.0938 -0.2322 -0.1690 0.9533
1305031468.5278 -0.0992 0.2372 0.1099 0.0917 -0.2308 -0.1736 0.9530
1305031468.5597 -0.1027 0.2160 0.1091 0.0977 -0.2302 -0.1843 0.9505
1305031468.6596 -0.1198 0.1831 0.1188 0.0972 -0.2327 -0.1929 0.9483
1305031468.6958 -0.1371 0.1660 0.1172 0.1013 -0.2336 -0.1998 0.9462
1305031468.7278 -0.1418 0.1644 0.1213 0.1082 -0.2381 -0.1980 0.9447
1305031468.7958 -0.1605 0.1247 0.1227 0.1096 -0.2415 -0.2041 0.9424
1305031468.8292 -0.1716 0.1156 0.1168 0.1191 -0.2403 -0.2107 0.9400
1305031468.9596 -0.1790 0.0997 0.1301 0.1153 -0.2243 -0.2105 0.9445
1305031469.0277 -0.1852 0.0971 0.1386 0.0847 -0.2171 -0.2212 0.9470
1305031469.1277 -0.1891 0.0618 0.1761 0.0445 -0.2118 -0.2483 0.9442
1305031469.1955 -0.1898 0.0432 0.1984 0.0263 -0.1964 -0.2578 0.9457
1305031469.2596 -0.2021 0.0359 0.2296 0.0164 -0.1884 -0.2659 0.9453
1305031469.2968 -0.2001 0.0389 0.2441 0.0157 -0.1870 -0.2666 0.9454
1305031469.3276 -0.2104 0.0407 0.2553 0.0117 -0.1822 -0.2698 0.9454
1305031469.3596 -0.2072 0.0281 0.2777 0.0027 -0.1822 -0.2762 0.9437
1305031469.3957 -0.2082 0.0197 0.2939 0.0004 -0.1723 -0.2811 0.9441
1305031469.4277 -0.2034 0.0199 0.3082 0.0021 -0.1635 -0.2868 0.9439
1305031469.4597 -0.2101 0.0122 0.3299 -0.0018 -0.1567 -0.2960 0.9423
1305031469.4957 -0.2130 0.0178 0.3392 -0.0010 -0.1541 -0.2972 0.9423
1305031469.5276 -0.2165 0.0230 0.3497 -0.0035 -0.1539 -0.2977 0.9422
1305031469.5596 -0.2218 0.0292 0.3620 -0.0097 -0.1526 -0.2978 0.9423
1305031469.6596 -0.2390 0.0626 0.4123 -0.0298 -0.1439 -0.2973 0.9434
1305031469.7596 -0.2560 0.1104 0.4428 -0.0401 -0.1247 -0.2884 0.9485
1305031469.9279 -0.3076 0.1742 0.5106 -0.0708 -0.1260 -0.2812 0.9487
1305031470.0959 -0.3719 0.2498 0.5393 -0.0824 -0.1251 -0.2766 0.9492
1305031470.2600 -0.4309 0.3295 0.5475 -0.0946 -0.1252 -0.2589 0.9531
1305031470.3958 -0.4809 0.3917 0.5535 -0.1066 -0.1253 -0.2395 0.9569
1305031470.5597 -0.5431 0.4370 0.5487 -0.1057 -0.1305 -0.2366 0.9570
1305031470.7277 -0.5953 0.4654 0.5435 -0.1126 -0.1320 -0.2199 0.9600
1305031470.7597 -0.5995 0.4671 0.5426 -0.1137 -0.1309 -0.2171 0.9606
1305031470.7956 -0.6062 0.4714 0.5438 -0.1136 -0.1281 -0.2152 0.9614
1305031470.8278 -0.6184 0.4771 0.5447 -0.1106 -0.1238 -0.2097 0.9636
1305031470.8596 -0.6321 0.4765 0.5434 -0.1093 -0.1208 -0.2090 0.9642
1305031470.8957 -0.6451 0.4845 0.5405 -0.1032 -0.1180 -0.2004 0.9671
1305031470.9277 -0.6567 0.4921 0.5416 -0.0971 -0.1171 -0.1960 0.9687
1305031470.9596 -0.6706 0.4915 0.5374 -0.0879 -0.1181 -0.1936 0.9700
1305031470.9960 -0.6732 0.5003 0.5349 -0.0719 -0.1200 -0.1888 0.9720
1305031471.0276 -0.6780 0.4984 0.5332 -0.0627 -0.1211 -0.1869 0.9729
1305031471.0596 -0.6846 0.4986 0.5291 -0.0514 -0.1193 -0.1832 0.9745
1305031471.0958 -0.6895 0.5020 0.5249 -0.0399 -0.1201 -0.1756 0.9763
1305031471.1277 -0.6921 0.5024 0.5210 -0.0329 -0.1229 -0.1676 0.9776
1305031471.1596 -0.6930 0.5031 0.5188 -0.0272 -0.1255 -0.1612 0.9785
1305031471.1957 -0.6955 0.5042 0.5177 -0.0250 -0.1245 -0.1576 0.9793
1305031471.2276 -0.6975 0.5066 0.5178 -0.0233 -0.1241 -0.1547 0.9799
1305031471.2597 -0.7002 0.5073 0.5186 -0.0228 -0.1240 -0.1534 0.9801
1305031471.2961 -0.7016 0.5087 0.5187 -0.0208 -0.1237 -0.1508 0.9806
1305031471.3276 -0.7005 0.5130 0.5189 -0.0144 -0.1233 -0.1448 0.9816
1305031471.3596 -0.7001 0.5122 0.5168 -0.0144 -0.1202 -0.1424 0.9824
1305031471.3957 -0.7034 0.5102 0.5171 -0.0147 -0.1158 -0.1365 0.9837
1305031471.4277 -0.7052 0.5121 0.5149 -0.0111 -0.1154 -0.1306 0.9846
1305031471.4596 -0.7075 0.5179 0.5133 -0.0071 -0.1157 -0.1269 0.9851
1305031471.5276 -0.7191 0.5141 0.5053 -0.0117 -0.1106 -0.1215 0.9863
1305031471.5597 -0.7186 0.5146 0.5037 -0.0118 -0.1110 -0.1203 0.9864
1305031471.5957 -0.7185 0.5155 0.5019 -0.0108 -0.1096 -0.1186 0.9868
1305031471.6276 -0.7216 0.5176 0.4991 -0.0089 -0.1050 -0.1169 0.9875
1305031471.6596 -0.7210 0.5174 0.4972 -0.0079 -0.1029 -0.1137 0.9881
1305031471.7958 -0.7277 0.5135 0.4814 -0.0134 -0.0840 -0.0950 0.9918
1305031472.0276 -0.7342 0.5330 0.4765 -0.0350 -0.0561 -0.0577 0.9961
1305031472.2957 -0.7529 0.5491 0.5440 -0.0433 -0.0451 -0.0379 0.9973
1305031472.5957 -0.7564 0.5318 0.5394 -0.0293 -0.0472 -0.0284 0.9981
1305031472.8276 -0.7480 0.5026 0.5456 -0.0259 -0.0497 -0.0276 0.9980
