1305031453.3917 0.0000 0.0000 0.0000 0.0000 0.0000 0.0000 1.0000
1305031453.5237 0.0142 0.0188 -0.0422 0.0168 0.0208 0.0373 0.9989
1305031453.6277 0.0116 0.0388 -0.0860 0.0387 0.0271 0.0520 0.9975
1305031453.7277 -0.0061 0.0683 -0.1321 0.0590 0.0137 0.0404 0.9973
1305031453.8278 -0.0320 0.0912 -0.1713 0.0705 -0.0103 0.0179 0.9973
1305031453.9277 -0.0678 0.1126 -0.2029 0.0692 -0.0556 -0.0025 0.9960
1305031453.9596 -0.0714 0.1179 -0.2099 0.0669 -0.0734 -0.0112 0.9950
1305031453.9916 -0.0811 0.1178 -0.2109 0.0648 -0.0853 -0.0227 0.9940
1305031454.0277 -0.0920 0.1191 -0.2177 0.0664 -0.0973 -0.0330 0.9925
1305031454.0597 -0.1006 0.1253 -0.2239 0.0679 -0.1090 -0.0447 0.9907
1305031454.0917 -0.1149 0.1251 -0.2253 0.0676 -0.1196 -0.0589 0.9888
1305031454.1277 -0.1286 0.1261 -0.2303 0.0705 -0.1326 -0.0732 0.9859
1305031454.1597 -0.1391 0.1325 -0.2359 0.0716 -0.1475 -0.0859 0.9827
1305031454.1917 -0.1508 0.1350 -0.2371 0.0695 -0.1634 -0.1004 0.9790
1305031454.2277 -0.1626 0.1268 -0.2337 0.0694 -0.1806 -0.1190 0.9739
1305031454.2596 -0.1663 0.1322 -0.2345 0.0758 -0.1944 -0.1341 0.9688
1305031454.2916 -0.1744 0.1399 -0.2356 0.0757 -0.2012 -0.1458 0.9657
1305031454.3277 -0.1886 0.1318 -0.2382 0.0744 -0.2106 -0.1626 0.9611
1305031454.3596 -0.1942 0.1365 -0.2390 0.0813 -0.2220 -0.1766 0.9555
1305031454.3917 -0.2026 0.1445 -0.2424 0.0839 -0.2285 -0.1883 0.9515
1305031454.4275 -0.2147 0.1469 -0.2457 0.0852 -0.2394 -0.2042 0.9454
1305031454.4599 -0.2128 0.1497 -0.2436 0.0882 -0.2510 -0.2190 0.9387
1305031454.4916 -0.2195 0.1560 -0.2463 0.0907 -0.2547 -0.2351 0.9336
1305031454.5277 -0.2232 0.1655 -0.2487 0.0916 -0.2601 -0.2506 0.9280
1305031454.5596 -0.2303 0.1742 -0.2519 0.0896 -0.2643 -0.2637 0.9233
1305031454.5916 -0.2387 0.1804 -0.2544 0.0873 -0.2732 -0.2814 0.9157
1305031454.6276 -0.2401 0.1858 -0.2571 0.0856 -0.2856 -0.2945 0.9079
1305031454.6595 -0.2395 0.1950 -0.2593 0.0802 -0.2972 -0.3016 0.9024
1305031454.6919 -0.2412 0.1987 -0.2579 0.0727 -0.3114 -0.3094 0.8956
1305031454.7277 -0.2364 0.2001 -0.2565 0.0674 -0.3250 -0.3136 0.8897
1305031454.7597 -0.2293 0.2039 -0.2531 0.0609 -0.3324 -0.3093 0.8889
1305031454.7916 -0.2245 0.2086 -0.2522 0.0552 -0.3357 -0.3025 0.8904
1305031454.8276 -0.2168 0.2167 -0.2504 0.0508 -0.3376 -0.2960 0.8921
1305031454.8596 -0.2124 0.2216 -0.2487 0.0442 -0.3351 -0.2892 0.8956
1305031454.8918 -0.2088 0.2289 -0.2488 0.0402 -0.3303 -0.2821 0.8998
1305031454.9276 -0.2063 0.2383 -0.2507 0.0366 -0.3243 -0.2760 0.9041
1305031454.9596 -0.2071 0.2470 -0.2550 0.0331 -0.3182 -0.2702 0.9081
1305031454.9919 -0.2114 0.2559 -0.2613 0.0304 -0.3137 -0.2650 0.9113
1305031455.0278 -0.2113 0.2676 -0.2647 0.0305 -0.3129 -0.2621 0.9124
1305031455.0596 -0.2150 0.2746 -0.2676 0.0288 -0.3097 -0.2603 0.9140
1305031455.0917 -0.2199 0.2839 -0.2729 0.0313 -0.3057 -0.2599 0.9154
1305031455.1277 -0.2248 0.2958 -0.2787 0.0330 -0.3005 -0.2584 0.9175
1305031455.1597 -0.2337 0.3062 -0.2858 0.0320 -0.2948 -0.2545 0.9205
1305031455.1917 -0.2431 0.3147 -0.2903 0.0282 -0.2906 -0.2492 0.9234
1305031455.2276 -0.2520 0.3214 -0.2953 0.0271 -0.2872 -0.2437 0.9260
1305031455.2596 -0.2577 0.3355 -0.3006 0.0258 -0.2823 -0.2375 0.9291
1305031455.2918 -0.2708 0.3402 -0.3062 0.0165 -0.2756 -0.2288 0.9335
1305031455.3278 -0.2820 0.3513 -0.3147 0.0114 -0.2718 -0.2185 0.9372
1305031455.3596 -0.2873 0.3620 -0.3166 0.0041 -0.2705 -0.2125 0.9390
1305031455.3917 -0.2982 0.3624 -0.3201 -0.0078 -0.2632 -0.2051 0.9426
1305031455.4276 -0.3122 0.3676 -0.3286 -0.0153 -0.2549 -0.1955 0.9469
1305031455.4596 -0.3261 0.3683 -0.3368 -0.0213 -0.2504 -0.1874 0.9496
1305031455.4916 -0.3375 0.3735 -0.3455 -0.0260 -0.2463 -0.1765 0.9526
1305031455.5276 -0.3552 0.3715 -0.3559 -0.0328 -0.2414 -0.1641 0.9559
1305031455.5597 -0.3719 0.3735 -0.3689 -0.0357 -0.2405 -0.1512 0.9581
1305031455.5916 -0.3831 0.3787 -0.3810 -0.0385 -0.2413 -0.1368 0.9600
1305031455.6276 -0.3990 0.3752 -0.3854 -0.0450 -0.2400 -0.1247 0.9617
1305031455.6596 -0.4143 0.3726 -0.3971 -0.0430 -0.2377 -0.1193 0.9630
1305031455.6916 -0.4277 0.3749 -0.4105 -0.0386 -0.2357 -0.1202 0.9636
1305031455.7276 -0.4410 0.3733 -0.4219 -0.0362 -0.2324 -0.1248 0.9639
1305031455.7597 -0.4540 0.3717 -0.4345 -0.0347 -0.2269 -0.1276 0.9649
1305031455.7917 -0.4697 0.3635 -0.4478 -0.0343 -0.2211 -0.1268 0.9663
1305031455.8276 -0.4828 0.3626 -0.4656 -0.0310 -0.2172 -0.1264 0.9674
1305031455.8595 -0.4942 0.3585 -0.4778 -0.0310 -0.2154 -0.1275 0.9677
1305031455.8917 -0.5040 0.3553 -0.4902 -0.0308 -0.2127 -0.1276 0.9683
1305031455.9280 -0.5146 0.3508 -0.5002 -0.0315 -0.2092 -0.1284 0.9689
1305031455.9597 -0.5232 0.3505 -0.5132 -0.0300 -0.2056 -0.1304 0.9695
1305031455.9917 -0.5319 0.3483 -0.5227 -0.0317 -0.2009 -0.1328 0.9701
1305031456.0278 -0.5401 0.3530 -0.5351 -0.0344 -0.1939 -0.1369 0.9708
1305031456.0597 -0.5535 0.3454 -0.5414 -0.0440 -0.1877 -0.1454 0.9704
1305031456.0917 -0.5662 0.3374 -0.5456 -0.0497 -0.1830 -0.1508 0.9702
1305031456.1276 -0.5775 0.3321 -0.5516 -0.0509 -0.1781 -0.1522 0.9708
1305031456.1597 -0.5875 0.3241 -0.5513 -0.0522 -0.1730 -0.1527 0.9716
1305031456.1917 -0.5977 0.3178 -0.5554 -0.0471 -0.1648 -0.1498 0.9737
1305031456.2277 -0.6029 0.3218 -0.5613 -0.0423 -0.1556 -0.1459 0.9761
1305031456.2917 -0.6297 0.3077 -0.5598 -0.0420 -0.1321 -0.1388 0.9806
1305031456.3277 -0.6406 0.3020 -0.5578 -0.0382 -0.1219 -0.1318 0.9830
1305031456.3916 -0.6635 0.2973 -0.5521 -0.0334 -0.0972 -0.1223 0.9872
1305031456.4277 -0.6824 0.3017 -0.5521 -0.0254 -0.0844 -0.1154 0.9894
1305031456.4917 -0.7205 0.3192 -0.5470 -0.0280 -0.0735 -0.1039 0.9915
1305031456.5276 -0.7340 0.3200 -0.5383 -0.0343 -0.0745 -0.0987 0.9917
1305031456.5917 -0.7549 0.3255 -0.5233 -0.0360 -0.0700 -0.0867 0.9931
1305031456.6276 -0.7663 0.3376 -0.5159 -0.0463 -0.0635 -0.0809 0.9936
1305031456.6916 -0.8034 0.3216 -0.4950 -0.0616 -0.0505 -0.0664 0.9946
1305031456.8276 -0.8603 0.3458 -0.4634 -0.0674 -0.0596 -0.0345 0.9954
1305031457.0917 -0.9573 0.3646 -0.4192 -0.0961 -0.0201 0.0019 0.9952
1305031457.2275 -1.0081 0.3556 -0.4341 -0.1028 0.0095 0.0242 0.9944
1305031457.3275 -1.0458 0.3483 -0.4596 -0.0912 0.0351 0.0422 0.9943
1305031457.3917 -1.0764 0.3346 -0.4770 -0.0880 0.0591 0.0551 0.9928
1305031457.4917 -1.1251 0.3182 -0.5071 -0.0853 0.0748 0.0704 0.9910
1305031457.5597 -1.1506 0.3065 -0.5285 -0.0783 0.0834 0.0776 0.9904
1305031457.6275 -1.1829 0.2937 -0.5445 -0.0759 0.0919 0.0837 0.9893
1305031457.6916 -1.2121 0.2912 -0.5629 -0.0760 0.0948 0.0905 0.9885
1305031457.7596 -1.2362 0.2604 -0.5714 -0.0786 0.0982 0.0877 0.9882
1305031457.7916 -1.2432 0.2440 -0.5767 -0.0729 0.1015 0.0873 0.9883
1305031457.8277 -1.2553 0.2467 -0.5878 -0.0609 0.1087 0.0886 0.9882
1305031457.8916 -1.2839 0.2149 -0.5924 -0.0547 0.1253 0.0891 0.9866
1305031457.9276 -1.3016 0.2138 -0.5979 -0.0403 0.1301 0.0939 0.9862
1305031457.9916 -1.3254 0.1981 -0.5997 -0.0296 0.1316 0.0993 0.9859
1305031458.0278 -1.3354 0.1880 -0.5974 -0.0212 0.1349 0.1005 0.9855
1305031458.0597 -1.3502 0.1964 -0.5981 -0.0098 0.1398 0.1037 0.9847
1305031458.0917 -1.3652 0.1977 -0.5928 -0.0087 0.1446 0.1058 0.9838
1305031458.1276 -1.3808 0.1868 -0.5828 -0.0113 0.1493 0.1062 0.9830
1305031458.1596 -1.3986 0.1779 -0.5726 -0.0102 0.1530 0.1083 0.9822
1305031458.1916 -1.4182 0.1838 -0.5634 -0.0078 0.1541 0.1123 0.9816
1305031458.2276 -1.4318 0.1792 -0.5501 -0.0150 0.1514 0.1134 0.9818
1305031458.2599 -1.4463 0.1452 -0.5291 -0.0233 0.1504 0.1109 0.9821
1305031458.2917 -1.4650 0.1466 -0.5205 -0.0125 0.1469 0.1111 0.9828
1305031458.3276 -1.4775 0.1423 -0.5053 -0.0108 0.1415 0.1136 0.9833
1305031458.3596 -1.4878 0.1214 -0.4867 -0.0066 0.1379 0.1149 0.9837
1305031458.3916 -1.4990 0.1275 -0.4753 0.0077 0.1351 0.1186 0.9837
1305031458.4276 -1.5040 0.1263 -0.4593 0.0157 0.1346 0.1273 0.9826
1305031458.4596 -1.4980 0.1132 -0.4426 0.0246 0.1370 0.1346 0.9811
1305031458.4917 -1.5021 0.1085 -0.4244 0.0449 0.1473 0.1334 0.9790
1305031458.5277 -1.5201 0.1371 -0.4068 0.0701 0.1597 0.1303 0.9760
1305031458.5596 -1.5275 0.1424 -0.3866 0.0785 0.1693 0.1279 0.9741
1305031458.5916 -1.5419 0.1442 -0.3639 0.0884 0.1775 0.1215 0.9726
1305031458.6277 -1.5542 0.1742 -0.3423 0.0972 0.1786 0.1166 0.9722
1305031458.6596 -1.5678 0.1743 -0.3160 0.0906 0.1771 0.1162 0.9731
1305031458.6917 -1.5718 0.1771 -0.2931 0.0852 0.1623 0.1094 0.9769
1305031458.7276 -1.5639 0.1685 -0.2734 0.0813 0.1457 0.1010 0.9808
1305031458.7599 -1.5690 0.1744 -0.2580 0.0879 0.1312 0.0895 0.9834
1305031458.7916 -1.5655 0.1884 -0.2452 0.0890 0.1142 0.0803 0.9862
1305031458.8276 -1.5598 0.1869 -0.2301 0.0822 0.1042 0.0777 0.9881
1305031458.8917 -1.5536 0.1800 -0.2110 0.0880 0.0992 0.0676 0.9889
1305031458.9276 -1.5638 0.1873 -0.2023 0.0883 0.1070 0.0731 0.9876
1305031458.9596 -1.5697 0.1793 -0.1936 0.0799 0.1130 0.0863 0.9866
1305031458.9916 -1.5840 0.1482 -0.1859 0.0759 0.1191 0.0906 0.9858
1305031459.0277 -1.6063 0.1425 -0.1794 0.0862 0.1192 0.0902 0.9850
1305031459.0596 -1.6278 0.1308 -0.1708 0.0930 0.1139 0.0997 0.9841
1305031459.1276 -1.6705 0.1337 -0.2032 0.0960 0.1245 0.1013 0.9824
1305031459.1596 -1.6800 0.1320 -0.1958 0.1046 0.0989 0.1030 0.9842
1305031459.1917 -1.6880 0.1331 -0.1872 0.1107 0.0798 0.1097 0.9846
1305031459.2276 -1.6929 0.1345 -0.1776 0.1133 0.0663 0.1211 0.9839
1305031459.2598 -1.6894 0.1440 -0.1593 0.1151 0.0611 0.1307 0.9828
1305031459.3276 -1.6967 0.1493 -0.1373 0.1120 0.0914 0.1605 0.9764
1305031459.3597 -1.7071 0.1571 -0.1258 0.1177 0.1161 0.1802 0.9696
1305031459.3917 -1.7190 0.1807 -0.1121 0.1195 0.1423 0.2045 0.9611
1305031459.4276 -1.7179 0.1855 -0.1024 0.1087 0.1737 0.2408 0.9487
1305031459.4597 -1.7354 0.1844 -0.0966 0.1080 0.2104 0.2778 0.9311
1305031459.5276 -1.6991 0.2371 -0.0140 0.1254 0.2149 0.2775 0.9279
1305031459.5596 -1.7200 0.2277 -0.0173 0.1189 0.2312 0.3044 0.9164
1305031459.5917 -1.7407 0.2295 -0.0130 0.1179 0.2388 0.3216 0.9087
1305031459.6276 -1.7512 0.2268 -0.0098 0.1141 0.2400 0.3318 0.9052
1305031459.6596 -1.7636 0.2297 -0.0042 0.1151 0.2468 0.3324 0.9029
1305031459.6916 -1.7810 0.2260 0.0010 0.1098 0.2592 0.3379 0.8981
1305031459.7276 -1.7956 0.2119 0.0032 0.1031 0.2678 0.3416 0.8950
1305031459.7917 -1.8349 0.1854 0.0117 0.1026 0.2809 0.3355 0.8933
1305031459.8277 -1.8522 0.1754 0.0175 0.1016 0.2822 0.3332 0.8939
1305031459.8597 -1.8707 0.1644 0.0245 0.0973 0.2825 0.3319 0.8947
1305031459.8916 -1.8818 0.1506 0.0309 0.0916 0.2785 0.3349 0.8955
1305031459.9276 -1.8922 0.1372 0.0363 0.0904 0.2759 0.3380 0.8952
1305031459.9917 -1.9144 0.1144 0.0496 0.0856 0.2739 0.3455 0.8935
1305031460.0276 -1.9201 0.0990 0.0550 0.0836 0.2734 0.3494 0.8923
1305031460.0597 -1.9326 0.0839 0.0604 0.0838 0.2748 0.3512 0.8911
1305031460.0917 -1.9448 0.0669 0.0662 0.0848 0.2711 0.3580 0.8895
1305031460.1277 -1.9484 0.0541 0.0732 0.0900 0.2614 0.3669 0.8882
1305031460.1597 -1.9571 0.0460 0.0793 0.0967 0.2537 0.3738 0.8869
1305031460.1916 -1.9587 0.0398 0.0898 0.0973 0.2467 0.3802 0.8860
1305031460.2278 -1.9497 0.0307 0.0978 0.0973 0.2443 0.3841 0.8851
1305031460.2917 -1.9531 0.0108 0.1095 0.0998 0.2606 0.3837 0.8803
1305031460.3275 -1.9569 -0.0016 0.1131 0.1007 0.2694 0.3857 0.8766
1305031460.3916 -1.9582 -0.0200 0.1263 0.0970 0.2885 0.3925 0.8679
1305031460.4275 -1.9588 -0.0312 0.1315 0.0961 0.2987 0.3978 0.8621
1305031460.4596 -1.9580 -0.0368 0.1378 0.0951 0.3109 0.4019 0.8560
1305031460.4915 -1.9648 -0.0452 0.1421 0.0899 0.3253 0.4088 0.8479
1305031460.5276 -1.9654 -0.0576 0.1460 0.0831 0.3357 0.4193 0.8394
1305031460.5596 -1.9630 -0.0684 0.1506 0.0772 0.3446 0.4237 0.8341
1305031460.5919 -1.9670 -0.0795 0.1554 0.0736 0.3543 0.4248 0.8298
1305031460.6276 -1.9667 -0.0905 0.1598 0.0707 0.3622 0.4276 0.8252
1305031460.6598 -1.9723 -0.1024 0.1653 0.0689 0.3709 0.4272 0.8217
1305031460.6917 -1.9796 -0.1134 0.1718 0.0658 0.3761 0.4284 0.8189
1305031460.7277 -1.9793 -0.1219 0.1793 0.0611 0.3784 0.4289 0.8180
1305031460.7597 -1.9788 -0.1339 0.1863 0.0575 0.3838 0.4279 0.8163
1305031460.7917 -1.9839 -0.1461 0.1940 0.0545 0.3887 0.4269 0.8147
1305031460.8277 -1.9847 -0.1538 0.2025 0.0500 0.3905 0.4247 0.8152
1305031460.8597 -1.9833 -0.1615 0.2100 0.0438 0.3941 0.4226 0.8149
1305031460.8918 -1.9826 -0.1745 0.2174 0.0359 0.3991 0.4208 0.8139
1305031460.9276 -1.9828 -0.1862 0.2263 0.0304 0.4015 0.4210 0.8128
1305031460.9917 -1.9693 -0.2125 0.2386 0.0259 0.4047 0.4245 0.8095
1305031461.0276 -1.9654 -0.2250 0.2460 0.0267 0.4068 0.4257 0.8078
1305031461.0917 -1.9626 -0.2403 0.2610 0.0290 0.4057 0.4251 0.8086
1305031461.1276 -1.9527 -0.2506 0.2658 0.0262 0.4048 0.4239 0.8098
1305031461.1597 -1.9468 -0.2629 0.2726 0.0271 0.4065 0.4220 0.8099
1305031461.1920 -1.9444 -0.2665 0.2787 0.0305 0.4071 0.4173 0.8119
1305031461.2276 -1.9409 -0.2727 0.2842 0.0306 0.4084 0.4151 0.8124
1305031461.2596 -1.9353 -0.2808 0.2905 0.0314 0.4090 0.4116 0.8138
1305031461.2917 -1.9312 -0.2837 0.2966 0.0334 0.4097 0.4054 0.8165
1305031461.3278 -1.9251 -0.2839 0.3010 0.0349 0.4115 0.4009 0.8178
1305031461.3597 -1.9274 -0.2812 0.3089 0.0327 0.4161 0.3967 0.8176
1305031461.3917 -1.9158 -0.2919 0.3159 0.0233 0.4159 0.3987 0.8170
1305031461.4276 -1.9083 -0.2952 0.3185 0.0225 0.4162 0.3972 0.8176
1305031461.4598 -1.9071 -0.2915 0.3220 0.0206 0.4162 0.3986 0.8170
1305031461.4917 -1.8903 -0.3043 0.3201 0.0139 0.4144 0.4018 0.8165
1305031461.5277 -1.8896 -0.3016 0.3200 0.0202 0.4161 0.3988 0.8169
1305031461.5597 -1.8816 -0.2949 0.3140 0.0201 0.4157 0.3960 0.8186
1305031461.5917 -1.8788 -0.2928 0.3104 0.0202 0.4230 0.3923 0.8166
1305031461.6275 -1.8762 -0.2882 0.3086 0.0182 0.4283 0.3920 0.8140
1305031461.6596 -1.8728 -0.2857 0.3077 0.0159 0.4331 0.3921 0.8114
1305031461.6916 -1.8733 -0.2786 0.3065 0.0159 0.4359 0.3971 0.8075
1305031461.7276 -1.8655 -0.2744 0.3020 0.0130 0.4351 0.4033 0.8049
1305031461.7597 -1.8654 -0.2646 0.2961 0.0138 0.4364 0.4056 0.8030
1305031461.7916 -1.8625 -0.2537 0.2910 0.0108 0.4376 0.4102 0.8001
1305031461.8276 -1.8585 -0.2459 0.2861 0.0089 0.4414 0.4149 0.7956
1305031461.8598 -1.8627 -0.2314 0.2830 0.0102 0.4456 0.4209 0.7901
1305031461.8917 -1.8668 -0.2203 0.2820 0.0072 0.4476 0.4321 0.7829
1305031461.9278 -1.8615 -0.2132 0.2798 -0.0007 0.4454 0.4425 0.7784
1305031461.9597 -1.8575 -0.1975 0.2698 -0.0044 0.4468 0.4461 0.7755
1305031461.9916 -1.8695 -0.1859 0.2723 -0.0098 0.4558 0.4520 0.7667
1305031462.0277 -1.8714 -0.1854 0.2758 -0.0205 0.4563 0.4642 0.7589
1305031462.0598 -1.8738 -0.1806 0.2770 -0.0240 0.4520 0.4766 0.7536
1305031462.0918 -1.8740 -0.1713 0.2731 -0.0254 0.4449 0.4884 0.7503
1305031462.1277 -1.8764 -0.1612 0.2698 -0.0272 0.4407 0.4978 0.7465
1305031462.1596 -1.8780 -0.1560 0.2669 -0.0311 0.4377 0.5048 0.7434
1305031462.1916 -1.8835 -0.1459 0.2654 -0.0336 0.4368 0.5045 0.7440
1305031462.2276 -1.8904 -0.1391 0.2664 -0.0397 0.4379 0.5051 0.7427
1305031462.2598 -1.8961 -0.1353 0.2685 -0.0473 0.4374 0.5042 0.7431
1305031462.2916 -1.9029 -0.1287 0.2708 -0.0540 0.4353 0.5008 0.7462
1305031462.3597 -1.9182 -0.1129 0.2745 -0.0688 0.4328 0.4907 0.7531
1305031462.4599 -1.9461 -0.0902 0.2841 -0.0935 0.4168 0.4788 0.7670
1305031462.5919 -1.9657 -0.0670 0.2681 -0.1203 0.3820 0.4615 0.7916
1305031462.6925 -1.9864 -0.0542 0.2504 -0.1254 0.3748 0.4331 0.8101
1305031462.7598 -2.0007 -0.0384 0.2340 -0.1264 0.3606 0.4129 0.8267
1305031462.8278 -2.0123 -0.0221 0.2126 -0.1292 0.3487 0.4015 0.8370
1305031462.8918 -2.0144 -0.0005 0.1893 -0.1345 0.3424 0.3923 0.8431
1305031462.9597 -2.0158 0.0144 0.1604 -0.1339 0.3370 0.3886 0.8470
1305031463.0277 -2.0147 0.0289 0.1302 -0.1243 0.3292 0.3767 0.8569
1305031463.0958 -2.0148 0.0463 0.1007 -0.1194 0.3183 0.3602 0.8687
1305031463.1598 -2.0128 0.0581 0.0693 -0.1126 0.3137 0.3421 0.8786
1305031463.2600 -1.9987 0.0824 0.0279 -0.1073 0.3067 0.3259 0.8878
1305031463.3598 -1.9799 0.1013 -0.0095 -0.1008 0.2956 0.3151 0.8962
1305031463.4598 -1.9518 0.1355 -0.0468 -0.0928 0.2835 0.3049 0.9044
1305031463.5277 -1.9266 0.1504 -0.0699 -0.0935 0.2876 0.3014 0.9043
1305031463.6276 -1.8934 0.1669 -0.1043 -0.0889 0.2864 0.2988 0.9060
1305031463.6956 -1.8772 0.1792 -0.1337 -0.0756 0.2891 0.2909 0.9089
1305031463.7597 -1.8380 0.1721 -0.1683 -0.0760 0.2872 0.2829 0.9120
1305031463.8278 -1.8131 0.1708 -0.2053 -0.0723 0.2882 0.2622 0.9181
1305031463.8599 -1.7969 0.1628 -0.2240 -0.0727 0.2886 0.2527 0.9206
1305031463.8956 -1.7875 0.1615 -0.2422 -0.0687 0.2900 0.2433 0.9230
1305031463.9597 -1.7636 0.1480 -0.2759 -0.0681 0.2829 0.2325 0.9280
1305031463.9958 -1.7526 0.1426 -0.2948 -0.0643 0.2790 0.2257 0.9312
1305031464.0277 -1.7441 0.1405 -0.3130 -0.0624 0.2756 0.2174 0.9343
1305031464.0597 -1.7293 0.1298 -0.3304 -0.0639 0.2733 0.2089 0.9368
1305031464.0956 -1.7235 0.1235 -0.3468 -0.0602 0.2749 0.1994 0.9386
1305031464.1277 -1.7224 0.1174 -0.3595 -0.0572 0.2753 0.1942 0.9398
1305031464.1598 -1.7171 0.1037 -0.3708 -0.0539 0.2718 0.1926 0.9414
1305031464.1956 -1.7136 0.0947 -0.3833 -0.0444 0.2653 0.1879 0.9446
1305031464.2276 -1.7154 0.0962 -0.3966 -0.0320 0.2564 0.1834 0.9485
1305031464.2596 -1.7154 0.0979 -0.4096 -0.0240 0.2424 0.1811 0.9528
1305031464.2957 -1.7059 0.0986 -0.4225 -0.0205 0.2244 0.1761 0.9582
1305031464.3279 -1.6914 0.0978 -0.4367 -0.0183 0.2093 0.1703 0.9628
1305031464.3597 -1.6773 0.0923 -0.4498 -0.0149 0.1988 0.1649 0.9660
1305031464.3956 -1.6605 0.0968 -0.4666 -0.0087 0.1909 0.1561 0.9691
1305031464.4276 -1.6495 0.0980 -0.4811 -0.0068 0.1894 0.1461 0.9709
1305031464.4597 -1.6414 0.0911 -0.4951 -0.0056 0.1872 0.1374 0.9726
1305031464.4956 -1.6259 0.0915 -0.5120 -0.0030 0.1835 0.1309 0.9743
1305031464.5276 -1.6188 0.0915 -0.5293 -0.0014 0.1836 0.1226 0.9753
1305031464.5597 -1.6033 0.0871 -0.5460 -0.0046 0.1801 0.1109 0.9774
1305031464.5957 -1.5798 0.0671 -0.5669 -0.0054 0.1816 0.1006 0.9782
1305031464.6277 -1.5663 0.0612 -0.5857 0.0039 0.1918 0.0913 0.9772
1305031464.6597 -1.5546 0.0564 -0.5985 0.0125 0.2026 0.0778 0.9761
1305031464.6957 -1.5456 0.0329 -0.6088 0.0206 0.2130 0.0609 0.9749
1305031464.7277 -1.5485 0.0320 -0.6140 0.0385 0.2207 0.0430 0.9736
1305031464.7597 -1.5441 0.0391 -0.6229 0.0513 0.2194 0.0241 0.9740
1305031464.7960 -1.5443 0.0276 -0.6221 0.0557 0.2154 0.0057 0.9749
1305031464.8278 -1.5436 0.0252 -0.6200 0.0657 0.2037 -0.0089 0.9768
1305031464.8597 -1.5304 0.0371 -0.6256 0.0733 0.1848 -0.0246 0.9797
1305031464.8958 -1.5119 0.0390 -0.6280 0.0706 0.1666 -0.0448 0.9825
1305031464.9278 -1.4928 0.0165 -0.6242 0.0633 0.1530 -0.0657 0.9840
1305031464.9598 -1.4735 -0.0005 -0.6191 0.0635 0.1457 -0.0839 0.9837
1305031464.9957 -1.4535 -0.0006 -0.6151 0.0691 0.1419 -0.1025 0.9821
1305031465.0278 -1.4440 -0.0020 -0.6020 0.0716 0.1417 -0.1241 0.9795
1305031465.0597 -1.4423 0.0175 -0.5837 0.0794 0.1376 -0.1436 0.9768
1305031465.0957 -1.4218 0.0589 -0.5696 0.0799 0.1251 -0.1591 0.9760
1305031465.1277 -1.4026 0.0696 -0.5526 0.0621 0.1127 -0.1733 0.9764
1305031465.1598 -1.3889 0.0711 -0.5323 0.0440 0.1026 -0.1815 0.9770
1305031465.1956 -1.3717 0.0744 -0.5139 0.0307 0.0925 -0.1883 0.9773
1305031465.2279 -1.3528 0.0887 -0.4978 0.0201 0.0843 -0.1933 0.9773
1305031465.2598 -1.3414 0.0904 -0.4767 0.0073 0.0776 -0.1939 0.9779
1305031465.3277 -1.3129 0.1169 -0.4492 -0.0025 0.0589 -0.1726 0.9832
1305031465.3956 -1.2786 0.1191 -0.4327 -0.0094 0.0271 -0.1509 0.9881
1305031465.4277 -1.2492 0.1241 -0.4328 -0.0073 0.0114 -0.1394 0.9901
1305031465.4601 -1.2245 0.1368 -0.4345 -0.0036 -0.0006 -0.1258 0.9920
1305031465.4957 -1.1981 0.1512 -0.4362 -0.0046 -0.0119 -0.1160 0.9932
1305031465.5276 -1.1785 0.1460 -0.4347 -0.0096 -0.0214 -0.1126 0.9934
1305031465.5598 -1.1530 0.1524 -0.4384 -0.0041 -0.0314 -0.1065 0.9938
1305031465.5956 -1.1254 0.1648 -0.4434 0.0019 -0.0378 -0.0976 0.9945
1305031465.6277 -1.1088 0.1775 -0.4498 0.0066 -0.0413 -0.0885 0.9952
1305031465.6601 -1.0881 0.1883 -0.4549 0.0105 -0.0512 -0.0803 0.9954
1305031465.6957 -1.0552 0.1989 -0.4582 0.0159 -0.0617 -0.0728 0.9953
1305031465.7277 -1.0311 0.2124 -0.4637 0.0233 -0.0661 -0.0636 0.9955
1305031465.7598 -1.0061 0.2301 -0.4686 0.0310 -0.0718 -0.0547 0.9954
1305031465.7959 -0.9787 0.2441 -0.4701 0.0363 -0.0767 -0.0483 0.9952
1305031465.8280 -0.9542 0.2533 -0.4726 0.0439 -0.0811 -0.0427 0.9948
1305031465.8599 -0.9261 0.2785 -0.4763 0.0566 -0.0847 -0.0379 0.9941
1305031465.8955 -0.8958 0.2995 -0.4747 0.0612 -0.0825 -0.0352 0.9941
1305031465.9275 -0.8714 0.3071 -0.4752 0.0658 -0.0767 -0.0336 0.9943
1305031465.9597 -0.8483 0.3256 -0.4799 0.0775 -0.0700 -0.0346 0.9939
1305031465.9958 -0.8337 0.3468 -0.4866 0.0861 -0.0628 -0.0385 0.9936
1305031466.0276 -0.8166 0.3689 -0.4921 0.0929 -0.0606 -0.0402 0.9930
1305031466.0598 -0.8001 0.3941 -0.4970 0.0934 -0.0584 -0.0394 0.9931
1305031466.0958 -0.7874 0.4106 -0.5041 0.0889 -0.0588 -0.0393 0.9935
1305031466.1276 -0.7711 0.4259 -0.5110 0.0831 -0.0632 -0.0395 0.9937
1305031466.1604 -0.7588 0.4406 -0.5221 0.0777 -0.0672 -0.0379 0.9940
1305031466.1958 -0.7466 0.4584 -0.5331 0.0708 -0.0745 -0.0377 0.9940
1305031466.2280 -0.7275 0.4653 -0.5419 0.0588 -0.0836 -0.0425 0.9939
1305031466.2598 -0.7032 0.4619 -0.5502 0.0537 -0.0884 -0.0498 0.9934
1305031466.2957 -0.6813 0.4713 -0.5613 0.0573 -0.0848 -0.0614 0.9929
1305031466.3277 -0.6654 0.4817 -0.5761 0.0589 -0.0746 -0.0705 0.9930
1305031466.3598 -0.6522 0.4871 -0.5898 0.0538 -0.0652 -0.0766 0.9935
1305031466.3958 -0.6417 0.4787 -0.6030 0.0509 -0.0613 -0.0812 0.9935
1305031466.4278 -0.6294 0.4896 -0.6181 0.0582 -0.0630 -0.0855 0.9926
1305031466.4598 -0.6116 0.5003 -0.6288 0.0585 -0.0683 -0.0897 0.9919
1305031466.4958 -0.5883 0.5045 -0.6347 0.0540 -0.0734 -0.0904 0.9917
1305031466.5275 -0.5630 0.5043 -0.6384 0.0514 -0.0735 -0.0904 0.9919
1305031466.5604 -0.5445 0.5149 -0.6472 0.0511 -0.0693 -0.0921 0.9920
1305031466.5959 -0.5236 0.5224 -0.6522 0.0436 -0.0688 -0.0952 0.9921
1305031466.6275 -0.4985 0.5100 -0.6499 0.0348 -0.0688 -0.0992 0.9921
1305031466.6597 -0.4788 0.5115 -0.6562 0.0412 -0.0662 -0.1043 0.9915
1305031466.6958 -0.4610 0.5262 -0.6639 0.0444 -0.0661 -0.1118 0.9905
1305031466.7281 -0.4389 0.5261 -0.6625 0.0378 -0.0693 -0.1213 0.9895
1305031466.7596 -0.4196 0.5165 -0.6617 0.0381 -0.0701 -0.1296 0.9883
1305031466.7956 -0.4032 0.5263 -0.6694 0.0463 -0.0710 -0.1351 0.9872
1305031466.8279 -0.3848 0.5322 -0.6736 0.0444 -0.0754 -0.1384 0.9865
1305031466.8597 -0.3727 0.5258 -0.6746 0.0403 -0.0805 -0.1382 0.9863
1305031466.8957 -0.3594 0.5281 -0.6814 0.0434 -0.0914 -0.1392 0.9851
1305031466.9278 -0.3415 0.5288 -0.6856 0.0429 -0.1061 -0.1417 0.9833
1305031466.9597 -0.3206 0.5248 -0.6874 0.0424 -0.1177 -0.1428 0.9818
1305031466.9957 -0.3014 0.5245 -0.6909 0.0432 -0.1235 -0.1456 0.9806
1305031467.0278 -0.2852 0.5231 -0.6943 0.0433 -0.1277 -0.1500 0.9794
1305031467.0597 -0.2669 0.5227 -0.6969 0.0436 -0.1309 -0.1531 0.9785
1305031467.0957 -0.2515 0.5231 -0.6995 0.0419 -0.1319 -0.1586 0.9776
1305031467.1290 -0.2382 0.5203 -0.6994 0.0422 -0.1348 -0.1692 0.9754
1305031467.1597 -0.2242 0.5192 -0.7018 0.0440 -0.1379 -0.1769 0.9735
1305031467.1957 -0.2124 0.5190 -0.7059 0.0448 -0.1421 -0.1815 0.9720
1305031467.2277 -0.1989 0.5181 -0.7076 0.0453 -0.1490 -0.1869 0.9700
1305031467.2597 -0.1846 0.5168 -0.7093 0.0471 -0.1547 -0.1919 0.9680
1305031467.2958 -0.1707 0.5167 -0.7129 0.0492 -0.1600 -0.1981 0.9658
1305031467.3280 -0.1561 0.5169 -0.7183 0.0503 -0.1657 -0.2031 0.9637
1305031467.3597 -0.1413 0.5200 -0.7252 0.0478 -0.1715 -0.2051 0.9624
1305031467.3958 -0.1269 0.5192 -0.7259 0.0420 -0.1786 -0.2101 0.9603
1305031467.4278 -0.1133 0.5159 -0.7257 0.0399 -0.1846 -0.2142 0.9584
1305031467.4597 -0.0987 0.5160 -0.7331 0.0397 -0.1909 -0.2157 0.9568
1305031467.4961 -0.0812 0.5181 -0.7399 0.0358 -0.1977 -0.2205 0.9545
1305031467.5277 -0.0653 0.5154 -0.7360 0.0311 -0.2016 -0.2275 0.9522
1305031467.5598 -0.0519 0.5103 -0.7346 0.0310 -0.2031 -0.2302 0.9512
1305031467.5960 -0.0388 0.5076 -0.7367 0.0305 -0.2047 -0.2287 0.9512
1305031467.6275 -0.0322 0.4984 -0.7323 0.0301 -0.2091 -0.2270 0.9507
1305031467.6596 -0.0205 0.4909 -0.7314 0.0354 -0.2154 -0.2234 0.9500
1305031467.6959 -0.0069 0.4881 -0.7303 0.0390 -0.2196 -0.2252 0.9484
1305031467.7275 -0.0000 0.4783 -0.7190 0.0428 -0.2224 -0.2303 0.9464
1305031467.7599 0.0076 0.4699 -0.7131 0.0487 -0.2249 -0.2322 0.9450
1305031467.7961 0.0157 0.4639 -0.7048 0.0530 -0.2282 -0.2349 0.9434
1305031467.8278 0.0181 0.4509 -0.6902 0.0568 -0.2315 -0.2358 0.9421
1305031467.8597 0.0215 0.4405 -0.6799 0.0631 -0.2364 -0.2326 0.9413
1305031467.8959 0.0271 0.4359 -0.6703 0.0681 -0.2439 -0.2317 0.9392
1305031467.9278 0.0294 0.4250 -0.6515 0.0706 -0.2521 -0.2347 0.9361
1305031467.9598 0.0324 0.4113 -0.6343 0.0763 -0.2583 -0.2357 0.9338
1305031467.9958 0.0419 0.4096 -0.6197 0.0812 -0.2616 -0.2375 0.9320
1305031468.0281 0.0387 0.3959 -0.5967 0.0792 -0.2621 -0.2408 0.9312
1305031468.0598 0.0366 0.3806 -0.5813 0.0833 -0.2643 -0.2433 0.9295
1305031468.0959 0.0425 0.3750 -0.5662 0.0865 -0.2684 -0.2447 0.9277
1305031468.1278 0.0414 0.3593 -0.5449 0.0845 -0.2711 -0.2460 0.9268
1305031468.1599 0.0433 0.3459 -0.5289 0.0864 -0.2733 -0.2490 0.9251
1305031468.1960 0.0465 0.3336 -0.5112 0.0867 -0.2745 -0.2526 0.9238
1305031468.2282 0.0462 0.3153 -0.4937 0.0846 -0.2740 -0.2528 0.9241
1305031468.2598 0.0485 0.2990 -0.4779 0.0844 -0.2728 -0.2514 0.9248
1305031468.2958 0.0484 0.2828 -0.4634 0.0838 -0.2705 -0.2518 0.9254
1305031468.3278 0.0465 0.2593 -0.4499 0.0840 -0.2686 -0.2501 0.9264
1305031468.3598 0.0510 0.2475 -0.4413 0.0883 -0.2665 -0.2453 0.9279
1305031468.4280 0.0497 0.2118 -0.4260 0.0808 -0.2642 -0.2457 0.9292
1305031468.4598 0.0520 0.1941 -0.4182 0.0796 -0.2654 -0.2431 0.9296
1305031468.5278 0.0451 0.1557 -0.4070 0.0766 -0.2613 -0.2496 0.9293
1305031468.5597 0.0387 0.1369 -0.4053 0.0826 -0.2612 -0.2575 0.9266
1305031468.6596 0.0163 0.0884 -0.4010 0.0758 -0.2647 -0.2658 0.9239
1305031468.6958 0.0074 0.0713 -0.3996 0.0792 -0.2709 -0.2690 0.9209
1305031468.7278 0.0023 0.0593 -0.3962 0.0830 -0.2777 -0.2694 0.9184
1305031468.7596 -0.0034 0.0460 -0.3920 0.0839 -0.2825 -0.2697 0.9167
1305031468.7958 -0.0135 0.0260 -0.3883 0.0865 -0.2851 -0.2744 0.9143
1305031468.8292 -0.0205 0.0150 -0.3863 0.0950 -0.2875 -0.2796 0.9111
1305031468.9281 -0.0307 -0.0096 -0.3710 0.0929 -0.2779 -0.2822 0.9135
1305031468.9957 -0.0360 0.0032 -0.3673 0.0787 -0.2660 -0.2826 0.9182
1305031469.0598 -0.0553 -0.0175 -0.3577 0.0457 -0.2575 -0.2974 0.9182
1305031469.1597 -0.0603 -0.0385 -0.3209 0.0149 -0.2414 -0.3259 0.9139
1305031469.2278 -0.0805 -0.0484 -0.3057 0.0032 -0.2225 -0.3347 0.9157
1305031469.2968 -0.0887 -0.0513 -0.2822 -0.0055 -0.2147 -0.3411 0.9151
1305031469.3276 -0.0927 -0.0473 -0.2727 -0.0096 -0.2105 -0.3426 0.9155
1305031469.3596 -0.0915 -0.0528 -0.2555 -0.0170 -0.2070 -0.3475 0.9144
1305031469.3957 -0.0953 -0.0563 -0.2406 -0.0181 -0.1961 -0.3531 0.9146
1305031469.4277 -0.0975 -0.0498 -0.2305 -0.0150 -0.1839 -0.3586 0.9151
1305031469.4597 -0.1029 -0.0429 -0.2181 -0.0138 -0.1735 -0.3655 0.9144
1305031469.4957 -0.1123 -0.0330 -0.2066 -0.0130 -0.1662 -0.3690 0.9143
1305031469.5276 -0.1138 -0.0233 -0.1957 -0.0158 -0.1660 -0.3689 0.9144
1305031469.5596 -0.1143 -0.0170 -0.1825 -0.0225 -0.1665 -0.3694 0.9140
1305031469.6596 -0.1211 0.0069 -0.1402 -0.0455 -0.1592 -0.3694 0.9144
1305031469.7956 -0.1344 0.0570 -0.0944 -0.0651 -0.1422 -0.3621 0.9189
1305031469.9598 -0.1658 0.1395 -0.0522 -0.0863 -0.1469 -0.3483 0.9218
1305031470.1596 -0.2203 0.2385 -0.0415 -0.1009 -0.1476 -0.3378 0.9241
1305031470.3276 -0.2719 0.3075 -0.0546 -0.1258 -0.1429 -0.3248 0.9264
1305031470.4957 -0.3298 0.3710 -0.0694 -0.1342 -0.1462 -0.3160 0.9278
1305031470.6277 -0.3721 0.4052 -0.0812 -0.1398 -0.1425 -0.3082 0.9301
1305031470.8278 -0.4306 0.4410 -0.0868 -0.1453 -0.1314 -0.2881 0.9373
1305031470.8596 -0.4400 0.4440 -0.0890 -0.1414 -0.1319 -0.2838 0.9392
1305031470.8957 -0.4494 0.4477 -0.0928 -0.1379 -0.1325 -0.2787 0.9411
1305031470.9277 -0.4589 0.4515 -0.0933 -0.1335 -0.1358 -0.2750 0.9424
1305031470.9596 -0.4695 0.4520 -0.0957 -0.1254 -0.1396 -0.2723 0.9437
1305031470.9960 -0.4757 0.4539 -0.0991 -0.1168 -0.1421 -0.2693 0.9453
1305031471.0276 -0.4844 0.4532 -0.1012 -0.1090 -0.1415 -0.2670 0.9470
1305031471.0596 -0.4940 0.4532 -0.1056 -0.1000 -0.1387 -0.2625 0.9497
1305031471.0958 -0.5026 0.4558 -0.1104 -0.0915 -0.1374 -0.2554 0.9526
1305031471.1277 -0.5103 0.4553 -0.1132 -0.0866 -0.1384 -0.2487 0.9547
1305031471.1596 -0.5152 0.4560 -0.1171 -0.0809 -0.1389 -0.2420 0.9569
1305031471.1957 -0.5202 0.4574 -0.1200 -0.0780 -0.1367 -0.2356 0.9590
1305031471.2276 -0.5278 0.4590 -0.1224 -0.0776 -0.1326 -0.2306 0.9608
1305031471.2597 -0.5353 0.4575 -0.1232 -0.0795 -0.1304 -0.2274 0.9617
1305031471.2961 -0.5411 0.4559 -0.1233 -0.0792 -0.1289 -0.2230 0.9630
1305031471.3276 -0.5432 0.4561 -0.1256 -0.0747 -0.1265 -0.2193 0.9645
1305031471.3596 -0.5464 0.4573 -0.1286 -0.0729 -0.1189 -0.2165 0.9663
1305031471.3957 -0.5560 0.4535 -0.1293 -0.0744 -0.1101 -0.2118 0.9682
1305031471.4277 -0.5638 0.4547 -0.1344 -0.0705 -0.1058 -0.2047 0.9705
1305031471.4596 -0.5675 0.4563 -0.1383 -0.0696 -0.1061 -0.1993 0.9717
1305031471.5597 -0.5776 0.4562 -0.1461 -0.0720 -0.1034 -0.1883 0.9740
1305031471.5957 -0.5804 0.4558 -0.1491 -0.0721 -0.0989 -0.1860 0.9749
1305031471.6276 -0.5831 0.4559 -0.1523 -0.0713 -0.0940 -0.1843 0.9758
1305031471.6596 -0.5860 0.4555 -0.1555 -0.0698 -0.0888 -0.1811 0.9770
1305031471.7958 -0.5901 0.4613 -0.1677 -0.0671 -0.0701 -0.1569 0.9828
1305031471.9956 -0.6026 0.4822 -0.1738 -0.0788 -0.0345 -0.1275 0.9881
1305031472.5636 -0.6446 0.4706 -0.1739 -0.0756 -0.0080 -0.0966 0.9924
1305031472.7956 -0.6349 0.4492 -0.1703 -0.0650 -0.0148 -0.0921 0.9935
