1311868164.3990 0.0000 0.0000 0.0000 0.0000 0.0000 0.0000 1.0000
1311868164.4309 0.0008 0.0012 -0.0031 -0.0022 -0.0025 -0.0017 1.0000
1311868164.4631 0.0032 0.0026 -0.0064 -0.0044 -0.0032 -0.0043 1.0000
1311868164.4991 0.0060 0.0023 -0.0086 -0.0064 -0.0016 -0.0072 1.0000
1311868164.5310 0.0078 0.0024 -0.0113 -0.0068 0.0016 -0.0092 0.9999
1311868164.5630 0.0093 0.0022 -0.0140 -0.0064 0.0040 -0.0109 0.9999
1311868164.5991 0.0114 0.0017 -0.0170 -0.0052 0.0050 -0.0126 0.9999
1311868164.6311 0.0132 0.0020 -0.0214 -0.0033 0.0060 -0.0136 0.9999
1311868164.6631 0.0155 0.0024 -0.0263 -0.0023 0.0053 -0.0141 0.9999
1311868164.6990 0.0190 0.0032 -0.0304 -0.0023 0.0034 -0.0138 0.9999
1311868164.7310 0.0235 0.0008 -0.0320 -0.0025 0.0016 -0.0130 0.9999
1311868164.7631 0.0286 -0.0001 -0.0354 -0.0004 0.0001 -0.0125 0.9999
1311868164.7991 0.0345 -0.0015 -0.0372 0.0018 -0.0007 -0.0127 0.9999
1311868164.8310 0.0405 -0.0028 -0.0401 0.0055 -0.0006 -0.0133 0.9999
1311868164.8631 0.0477 -0.0030 -0.0428 0.0087 0.0004 -0.0143 0.9999
1311868164.8991 0.0537 -0.0042 -0.0454 0.0120 0.0021 -0.0149 0.9998
1311868164.9309 0.0597 -0.0023 -0.0495 0.0151 0.0032 -0.0166 0.9997
1311868164.9631 0.0660 0.0017 -0.0536 0.0155 0.0033 -0.0188 0.9997
1311868164.9990 0.0727 -0.0001 -0.0546 0.0131 0.0012 -0.0192 0.9997
1311868165.0311 0.0807 -0.0014 -0.0568 0.0127 -0.0025 -0.0188 0.9997
1311868165.0631 0.0890 -0.0010 -0.0608 0.0126 -0.0063 -0.0206 0.9997
1311868165.0992 0.0988 -0.0022 -0.0632 0.0120 -0.0097 -0.0236 0.9996
1311868165.1310 0.1075 -0.0038 -0.0663 0.0138 -0.0119 -0.0257 0.9995
1311868165.1631 0.1167 -0.0021 -0.0711 0.0163 -0.0140 -0.0286 0.9994
1311868165.1991 0.1266 0.0005 -0.0760 0.0177 -0.0159 -0.0316 0.9992
1311868165.2312 0.1361 0.0029 -0.0804 0.0174 -0.0169 -0.0332 0.9992
1311868165.2630 0.1439 0.0054 -0.0839 0.0161 -0.0191 -0.0345 0.9991
1311868165.2991 0.1523 0.0089 -0.0878 0.0138 -0.0229 -0.0359 0.9990
1311868165.3312 0.1618 0.0104 -0.0900 0.0103 -0.0275 -0.0372 0.9989
1311868165.3631 0.1717 0.0096 -0.0913 0.0085 -0.0308 -0.0379 0.9988
1311868165.3992 0.1808 0.0121 -0.0946 0.0084 -0.0324 -0.0392 0.9987
1311868165.4310 0.1893 0.0166 -0.0983 0.0071 -0.0332 -0.0396 0.9986
1311868165.4631 0.1969 0.0204 -0.1006 0.0028 -0.0340 -0.0375 0.9987
1311868165.4992 0.2036 0.0217 -0.1027 -0.0021 -0.0359 -0.0350 0.9987
1311868165.5311 0.2111 0.0224 -0.1043 -0.0067 -0.0374 -0.0333 0.9987
1311868165.5631 0.2176 0.0221 -0.1063 -0.0098 -0.0376 -0.0323 0.9987
1311868165.5992 0.2236 0.0212 -0.1081 -0.0108 -0.0373 -0.0333 0.9987
1311868165.6312 0.2295 0.0221 -0.1127 -0.0095 -0.0365 -0.0354 0.9987
1311868165.6633 0.2355 0.0230 -0.1162 -0.0085 -0.0346 -0.0366 0.9987
1311868165.6992 0.2397 0.0236 -0.1208 -0.0069 -0.0321 -0.0372 0.9988
1311868165.7312 0.2430 0.0256 -0.1271 -0.0056 -0.0301 -0.0382 0.9988
1311868165.7631 0.2467 0.0280 -0.1336 -0.0060 -0.0276 -0.0380 0.9989
1311868165.7991 0.2492 0.0298 -0.1393 -0.0078 -0.0244 -0.0364 0.9990
1311868165.8312 0.2510 0.0316 -0.1455 -0.0099 -0.0220 -0.0357 0.9991
1311868165.8632 0.2535 0.0332 -0.1517 -0.0126 -0.0193 -0.0364 0.9991
1311868165.8992 0.2545 0.0338 -0.1564 -0.0146 -0.0157 -0.0368 0.9991
1311868165.9312 0.2551 0.0345 -0.1621 -0.0146 -0.0119 -0.0359 0.9992
1311868165.9632 0.2549 0.0378 -0.1695 -0.0136 -0.0083 -0.0350 0.9993
1311868165.9991 0.2551 0.0419 -0.1775 -0.0144 -0.0056 -0.0339 0.9993
1311868166.0312 0.2555 0.0452 -0.1842 -0.0162 -0.0023 -0.0304 0.9994
1311868166.0631 0.2551 0.0510 -0.1920 -0.0187 0.0007 -0.0264 0.9995
1311868166.0992 0.2541 0.0548 -0.1968 -0.0231 0.0027 -0.0259 0.9994
1311868166.1313 0.2532 0.0586 -0.2016 -0.0254 0.0037 -0.0266 0.9993
1311868166.1632 0.2526 0.0648 -0.2097 -0.0277 0.0044 -0.0271 0.9992
1311868166.1992 0.2526 0.0704 -0.2159 -0.0315 0.0062 -0.0276 0.9991
1311868166.2311 0.2524 0.0758 -0.2214 -0.0348 0.0082 -0.0266 0.9990
1311868166.2632 0.2536 0.0823 -0.2278 -0.0384 0.0104 -0.0249 0.9989
1311868166.3631 0.2570 0.1023 -0.2411 -0.0517 0.0152 -0.0193 0.9984
1311868166.7633 0.3057 0.1257 -0.2812 -0.0535 0.0211 -0.0197 0.9982
1311868167.0993 0.4155 0.1249 -0.2962 -0.0436 -0.0119 -0.0411 0.9981
1311868167.2991 0.4895 0.1203 -0.2958 -0.0381 -0.0407 -0.0582 0.9967
1311868167.5313 0.5525 0.1176 -0.2964 -0.0383 -0.0570 -0.0640 0.9956
1311868168.1312 0.6266 0.0893 -0.2592 -0.0417 -0.0668 -0.0549 0.9954
1311868168.4312 0.6255 0.0532 -0.2047 -0.0431 -0.0737 -0.0674 0.9941
1311868168.5633 0.6211 0.0310 -0.1830 -0.0300 -0.0775 -0.0685 0.9942
1311868168.6633 0.6205 0.0190 -0.1634 -0.0288 -0.0823 -0.0679 0.9939
1311868168.6996 0.6221 0.0164 -0.1585 -0.0280 -0.0823 -0.0684 0.9939
1311868168.7633 0.6218 0.0137 -0.1478 -0.0278 -0.0832 -0.0667 0.9939
1311868168.7994 0.6224 0.0115 -0.1417 -0.0291 -0.0855 -0.0659 0.9937
1311868168.8312 0.6229 0.0087 -0.1347 -0.0300 -0.0881 -0.0652 0.9935
1311868168.8993 0.6250 0.0010 -0.1232 -0.0285 -0.0930 -0.0692 0.9928
1311868168.9312 0.6257 -0.0031 -0.1170 -0.0265 -0.0948 -0.0717 0.9926
1311868168.9633 0.6267 -0.0065 -0.1109 -0.0240 -0.0974 -0.0744 0.9922
1311868168.9994 0.6282 -0.0105 -0.1057 -0.0215 -0.1009 -0.0770 0.9917
1311868169.0312 0.6298 -0.0155 -0.1000 -0.0196 -0.1048 -0.0787 0.9912
1311868169.0634 0.6319 -0.0206 -0.0944 -0.0175 -0.1088 -0.0796 0.9907
1311868169.0993 0.6339 -0.0265 -0.0884 -0.0149 -0.1129 -0.0810 0.9902
1311868169.1312 0.6361 -0.0312 -0.0830 -0.0119 -0.1173 -0.0832 0.9895
1311868169.1995 0.6406 -0.0409 -0.0700 -0.0070 -0.1285 -0.0896 0.9876
1311868169.2314 0.6435 -0.0469 -0.0635 -0.0048 -0.1348 -0.0931 0.9865
1311868169.2633 0.6470 -0.0526 -0.0570 -0.0029 -0.1410 -0.0959 0.9854
1311868169.2995 0.6503 -0.0595 -0.0494 -0.0013 -0.1471 -0.0996 0.9841
1311868169.3313 0.6539 -0.0673 -0.0417 0.0017 -0.1533 -0.1044 0.9826
1311868169.3635 0.6573 -0.0744 -0.0345 0.0056 -0.1592 -0.1096 0.9811
1311868169.3994 0.6603 -0.0808 -0.0281 0.0096 -0.1657 -0.1146 0.9795
1311868169.4314 0.6639 -0.0880 -0.0212 0.0126 -0.1728 -0.1186 0.9777
1311868169.4632 0.6675 -0.0956 -0.0150 0.0155 -0.1798 -0.1222 0.9760
1311868169.4993 0.6727 -0.1037 -0.0093 0.0181 -0.1860 -0.1269 0.9742
1311868169.5314 0.6779 -0.1126 -0.0040 0.0211 -0.1903 -0.1317 0.9726
1311868169.5635 0.6829 -0.1216 0.0014 0.0246 -0.1933 -0.1361 0.9713
1311868169.5994 0.6867 -0.1278 0.0063 0.0294 -0.1955 -0.1400 0.9702
1311868169.6313 0.6888 -0.1313 0.0106 0.0332 -0.1989 -0.1433 0.9689
1311868169.6632 0.6922 -0.1361 0.0144 0.0358 -0.2047 -0.1461 0.9672
1311868169.6995 0.6973 -0.1407 0.0176 0.0373 -0.2111 -0.1482 0.9654
1311868169.7313 0.7058 -0.1467 0.0201 0.0383 -0.2164 -0.1502 0.9639
1311868169.7634 0.7128 -0.1532 0.0247 0.0389 -0.2189 -0.1505 0.9633
1311868169.7994 0.7166 -0.1572 0.0277 0.0410 -0.2202 -0.1494 0.9631
1311868169.8314 0.7208 -0.1595 0.0300 0.0424 -0.2221 -0.1495 0.9626
1311868169.8634 0.7261 -0.1632 0.0327 0.0423 -0.2241 -0.1502 0.9620
1311868169.8994 0.7312 -0.1673 0.0348 0.0424 -0.2258 -0.1494 0.9617
1311868169.9313 0.7381 -0.1710 0.0371 0.0415 -0.2265 -0.1485 0.9617
1311868169.9634 0.7431 -0.1772 0.0402 0.0413 -0.2259 -0.1470 0.9621
1311868169.9994 0.7474 -0.1822 0.0411 0.0431 -0.2250 -0.1428 0.9629
1311868170.0313 0.7526 -0.1818 0.0392 0.0443 -0.2251 -0.1376 0.9635
1311868170.0635 0.7564 -0.1845 0.0392 0.0434 -0.2267 -0.1351 0.9636
1311868170.0994 0.7607 -0.1905 0.0385 0.0440 -0.2295 -0.1325 0.9633
1311868170.1313 0.7694 -0.1923 0.0352 0.0465 -0.2321 -0.1300 0.9628
1311868170.1634 0.7773 -0.1937 0.0324 0.0481 -0.2329 -0.1293 0.9627
1311868170.1993 0.7839 -0.1950 0.0294 0.0482 -0.2329 -0.1272 0.9629
1311868170.2315 0.7901 -0.1955 0.0261 0.0477 -0.2329 -0.1237 0.9634
1311868170.2635 0.7959 -0.1934 0.0217 0.0464 -0.2331 -0.1215 0.9637
1311868170.2994 0.8018 -0.1946 0.0186 0.0452 -0.2337 -0.1234 0.9634
1311868170.3313 0.8094 -0.1928 0.0132 0.0455 -0.2334 -0.1257 0.9632
1311868170.3634 0.8156 -0.1894 0.0074 0.0452 -0.2325 -0.1277 0.9631
1311868170.3994 0.8204 -0.1860 0.0023 0.0442 -0.2319 -0.1308 0.9629
1311868170.4313 0.8240 -0.1827 -0.0032 0.0434 -0.2325 -0.1339 0.9624
1311868170.4634 0.8312 -0.1796 -0.0086 0.0423 -0.2342 -0.1371 0.9615
1311868170.4995 0.8381 -0.1778 -0.0132 0.0410 -0.2350 -0.1394 0.9611
1311868170.5315 0.8441 -0.1752 -0.0183 0.0396 -0.2354 -0.1397 0.9610
1311868170.5633 0.8497 -0.1743 -0.0224 0.0387 -0.2359 -0.1395 0.9609
1311868170.5993 0.8570 -0.1707 -0.0287 0.0383 -0.2364 -0.1401 0.9607
1311868170.6315 0.8650 -0.1700 -0.0325 0.0362 -0.2366 -0.1412 0.9606
1311868170.6634 0.8722 -0.1687 -0.0366 0.0345 -0.2357 -0.1402 0.9610
1311868170.6994 0.8777 -0.1662 -0.0404 0.0321 -0.2348 -0.1390 0.9615
1311868170.7314 0.8822 -0.1645 -0.0433 0.0295 -0.2353 -0.1386 0.9615
1311868170.7635 0.8883 -0.1643 -0.0459 0.0264 -0.2367 -0.1381 0.9614
1311868170.7994 0.8943 -0.1655 -0.0480 0.0248 -0.2379 -0.1377 0.9612
1311868170.8313 0.9005 -0.1656 -0.0507 0.0241 -0.2385 -0.1379 0.9610
1311868170.8634 0.9071 -0.1658 -0.0539 0.0232 -0.2394 -0.1379 0.9608
1311868170.8994 0.9145 -0.1675 -0.0549 0.0221 -0.2397 -0.1373 0.9608
1311868170.9314 0.9213 -0.1676 -0.0568 0.0229 -0.2391 -0.1375 0.9609
1311868170.9634 0.9278 -0.1697 -0.0564 0.0252 -0.2375 -0.1406 0.9608
1311868170.9995 0.9309 -0.1667 -0.0595 0.0287 -0.2364 -0.1410 0.9609
1311868171.0315 0.9360 -0.1625 -0.0630 0.0286 -0.2388 -0.1408 0.9604
1311868171.0634 0.9422 -0.1622 -0.0636 0.0264 -0.2424 -0.1424 0.9593
1311868171.0994 0.9492 -0.1637 -0.0641 0.0248 -0.2453 -0.1430 0.9585
1311868171.1315 0.9569 -0.1648 -0.0646 0.0238 -0.2474 -0.1436 0.9579
1311868171.1634 0.9641 -0.1654 -0.0647 0.0230 -0.2482 -0.1444 0.9576
1311868171.1994 0.9692 -0.1654 -0.0633 0.0231 -0.2486 -0.1453 0.9574
1311868171.2314 0.9753 -0.1635 -0.0639 0.0237 -0.2496 -0.1464 0.9569
1311868171.2634 0.9815 -0.1628 -0.0631 0.0232 -0.2512 -0.1487 0.9561
1311868171.2994 0.9870 -0.1622 -0.0619 0.0233 -0.2533 -0.1510 0.9552
1311868171.3314 0.9940 -0.1613 -0.0617 0.0228 -0.2559 -0.1528 0.9543
1311868171.3635 1.0006 -0.1609 -0.0599 0.0225 -0.2585 -0.1562 0.9530
1311868171.3994 1.0085 -0.1609 -0.0589 0.0228 -0.2610 -0.1603 0.9517
1311868171.4635 1.0243 -0.1602 -0.0569 0.0226 -0.2657 -0.1645 0.9496
1311868171.4995 1.0312 -0.1600 -0.0543 0.0214 -0.2686 -0.1678 0.9483
1311868171.5315 1.0422 -0.1623 -0.0530 0.0209 -0.2715 -0.1715 0.9468
1311868171.5634 1.0521 -0.1635 -0.0508 0.0209 -0.2728 -0.1738 0.9460
1311868171.5995 1.0616 -0.1638 -0.0491 0.0206 -0.2738 -0.1754 0.9454
1311868171.6315 1.0696 -0.1639 -0.0466 0.0199 -0.2751 -0.1768 0.9448
1311868171.6634 1.0786 -0.1628 -0.0451 0.0192 -0.2772 -0.1790 0.9438
1311868171.6994 1.0881 -0.1632 -0.0421 0.0178 -0.2796 -0.1822 0.9425
1311868171.7315 1.0983 -0.1632 -0.0390 0.0166 -0.2813 -0.1845 0.9416
1311868171.7635 1.1069 -0.1627 -0.0356 0.0157 -0.2824 -0.1867 0.9408
1311868171.7995 1.1172 -0.1616 -0.0331 0.0142 -0.2835 -0.1892 0.9400
1311868171.8314 1.1278 -0.1625 -0.0298 0.0118 -0.2838 -0.1913 0.9395
1311868171.8996 1.1433 -0.1592 -0.0213 0.0067 -0.2841 -0.1944 0.9389
1311868171.9315 1.1500 -0.1594 -0.0163 0.0039 -0.2854 -0.1958 0.9382
1311868171.9996 1.1671 -0.1597 -0.0082 -0.0001 -0.2870 -0.1988 0.9371
1311868172.0315 1.1743 -0.1593 -0.0043 -0.0015 -0.2865 -0.2001 0.9369
1311868172.0634 1.1801 -0.1579 -0.0010 -0.0031 -0.2867 -0.2001 0.9369
1311868172.0995 1.1877 -0.1571 0.0024 -0.0060 -0.2880 -0.2002 0.9364
1311868172.1315 1.1951 -0.1576 0.0063 -0.0092 -0.2890 -0.2004 0.9361
1311868172.1636 1.2024 -0.1573 0.0095 -0.0120 -0.2893 -0.2007 0.9359
1311868172.1998 1.2085 -0.1575 0.0138 -0.0147 -0.2890 -0.2012 0.9358
1311868172.2635 1.2213 -0.1563 0.0202 -0.0177 -0.2884 -0.2042 0.9353
1311868172.2995 1.2268 -0.1553 0.0233 -0.0197 -0.2878 -0.2054 0.9352
1311868172.3635 1.2378 -0.1531 0.0303 -0.0253 -0.2878 -0.2092 0.9342
1311868172.3995 1.2440 -0.1529 0.0345 -0.0281 -0.2872 -0.2110 0.9339
1311868172.4635 1.2543 -0.1512 0.0437 -0.0330 -0.2828 -0.2151 0.9342
1311868172.4995 1.2578 -0.1499 0.0491 -0.0352 -0.2805 -0.2180 0.9341
1311868172.5996 1.2708 -0.1456 0.0644 -0.0432 -0.2760 -0.2196 0.9347
1311868172.7635 1.2930 -0.1417 0.0997 -0.0651 -0.2672 -0.2186 0.9363
1311868173.2677 1.2999 -0.1780 0.2293 -0.0819 -0.2583 -0.2411 0.9319
1311868173.8316 1.3339 -0.2379 0.3280 -0.0755 -0.2892 -0.2351 0.9249
1311868174.0677 1.3660 -0.2805 0.3630 -0.0551 -0.3263 -0.2644 0.9059
1311868174.3997 1.4242 -0.3323 0.4194 -0.0444 -0.3549 -0.2801 0.8909
1311868174.7316 1.4402 -0.3623 0.4666 -0.0428 -0.3787 -0.2749 0.8827
1311868174.8678 1.4351 -0.3816 0.4815 -0.0315 -0.3842 -0.2705 0.8822
1311868174.9677 1.4282 -0.3975 0.4928 -0.0215 -0.3832 -0.2661 0.8843
1311868175.0317 1.4190 -0.4055 0.5008 -0.0149 -0.3831 -0.2649 0.8848
1311868175.0677 1.4151 -0.4103 0.5040 -0.0109 -0.3831 -0.2653 0.8847
1311868175.0996 1.4098 -0.4143 0.5077 -0.0077 -0.3828 -0.2652 0.8849
1311868175.1317 1.4018 -0.4200 0.5121 -0.0041 -0.3834 -0.2649 0.8848
1311868175.1678 1.3927 -0.4285 0.5167 0.0017 -0.3849 -0.2655 0.8840
1311868175.1996 1.3843 -0.4400 0.5207 0.0112 -0.3862 -0.2663 0.8830
1311868175.2318 1.3800 -0.4468 0.5240 0.0238 -0.3872 -0.2648 0.8829
1311868175.2678 1.3751 -0.4505 0.5272 0.0340 -0.3880 -0.2608 0.8834
1311868175.3000 1.3713 -0.4508 0.5304 0.0405 -0.3903 -0.2546 0.8839
1311868175.3319 1.3686 -0.4511 0.5342 0.0419 -0.3945 -0.2484 0.8837
1311868175.3677 1.3642 -0.4569 0.5400 0.0406 -0.3992 -0.2437 0.8829
1311868175.4000 1.3603 -0.4638 0.5462 0.0407 -0.4031 -0.2398 0.8822
1311868175.4320 1.3571 -0.4703 0.5530 0.0424 -0.4060 -0.2360 0.8818
1311868175.4677 1.3531 -0.4775 0.5600 0.0457 -0.4077 -0.2324 0.8819
1311868175.4998 1.3509 -0.4812 0.5660 0.0510 -0.4089 -0.2287 0.8820
1311868175.5318 1.3486 -0.4828 0.5709 0.0548 -0.4101 -0.2248 0.8822
1311868175.5678 1.3462 -0.4836 0.5757 0.0561 -0.4127 -0.2207 0.8820
1311868175.5999 1.3443 -0.4870 0.5813 0.0563 -0.4166 -0.2182 0.8807
1311868175.6318 1.3434 -0.4939 0.5887 0.0574 -0.4203 -0.2179 0.8790
1311868175.6677 1.3432 -0.5010 0.5956 0.0605 -0.4224 -0.2178 0.8778
1311868175.6998 1.3430 -0.5067 0.6015 0.0643 -0.4235 -0.2168 0.8772
1311868175.7317 1.3428 -0.5091 0.6063 0.0679 -0.4247 -0.2161 0.8765
1311868175.7676 1.3420 -0.5134 0.6116 0.0705 -0.4270 -0.2164 0.8751
1311868175.7998 1.3430 -0.5179 0.6169 0.0727 -0.4303 -0.2161 0.8734
1311868175.8318 1.3447 -0.5216 0.6229 0.0738 -0.4340 -0.2161 0.8715
1311868175.8677 1.3463 -0.5287 0.6287 0.0749 -0.4380 -0.2166 0.8693
1311868175.8997 1.3494 -0.5351 0.6353 0.0764 -0.4420 -0.2173 0.8669
1311868175.9316 1.3534 -0.5400 0.6416 0.0780 -0.4458 -0.2182 0.8646
1311868175.9679 1.3557 -0.5450 0.6476 0.0790 -0.4498 -0.2200 0.8620
1311868175.9999 1.3598 -0.5487 0.6536 0.0796 -0.4545 -0.2218 0.8590
1311868176.0320 1.3639 -0.5537 0.6608 0.0797 -0.4594 -0.2251 0.8555
1311868176.0679 1.3687 -0.5595 0.6682 0.0806 -0.4640 -0.2302 0.8516
1311868176.0998 1.3742 -0.5649 0.6757 0.0817 -0.4682 -0.2354 0.8477
1311868176.1317 1.3783 -0.5711 0.6832 0.0825 -0.4720 -0.2405 0.8442
1311868176.1680 1.3845 -0.5759 0.6911 0.0838 -0.4758 -0.2450 0.8406
1311868176.1999 1.3912 -0.5811 0.6999 0.0837 -0.4791 -0.2485 0.8377
1311868176.2319 1.3981 -0.5844 0.7087 0.0823 -0.4820 -0.2508 0.8354
1311868176.2678 1.4035 -0.5888 0.7178 0.0795 -0.4845 -0.2533 0.8335
1311868176.2998 1.4091 -0.5940 0.7274 0.0775 -0.4866 -0.2564 0.8315
1311868176.3319 1.4156 -0.5982 0.7383 0.0761 -0.4879 -0.2601 0.8298
1311868176.3678 1.4214 -0.6010 0.7481 0.0747 -0.4884 -0.2631 0.8287
1311868176.3999 1.4272 -0.6018 0.7578 0.0721 -0.4889 -0.2650 0.8280
1311868176.4317 1.4326 -0.6021 0.7679 0.0683 -0.4897 -0.2669 0.8272
1311868176.4679 1.4371 -0.6045 0.7781 0.0637 -0.4901 -0.2691 0.8266
1311868176.4998 1.4405 -0.6082 0.7870 0.0598 -0.4901 -0.2704 0.8265
1311868176.5319 1.4446 -0.6086 0.7951 0.0573 -0.4900 -0.2721 0.8261
1311868176.5678 1.4477 -0.6105 0.8027 0.0557 -0.4902 -0.2750 0.8252
1311868176.6021 1.4506 -0.6122 0.8089 0.0546 -0.4905 -0.2772 0.8244
1311868176.6317 1.4547 -0.6121 0.8159 0.0521 -0.4913 -0.2776 0.8239
1311868176.6678 1.4556 -0.6151 0.8218 0.0486 -0.4920 -0.2776 0.8237
1311868176.6998 1.4587 -0.6163 0.8282 0.0459 -0.4931 -0.2769 0.8234
1311868176.7318 1.4595 -0.6198 0.8344 0.0436 -0.4934 -0.2775 0.8232
1311868176.7678 1.4590 -0.6243 0.8389 0.0437 -0.4935 -0.2783 0.8228
1311868176.7997 1.4613 -0.6258 0.8435 0.0452 -0.4941 -0.2787 0.8223
1311868176.8319 1.4630 -0.6277 0.8485 0.0453 -0.4943 -0.2789 0.8221
1311868176.8678 1.4646 -0.6288 0.8538 0.0443 -0.4946 -0.2785 0.8221
1311868176.8998 1.4646 -0.6319 0.8603 0.0427 -0.4943 -0.2785 0.8224
1311868176.9318 1.4643 -0.6345 0.8659 0.0421 -0.4928 -0.2786 0.8232
1311868176.9679 1.4627 -0.6363 0.8700 0.0426 -0.4913 -0.2796 0.8238
1311868176.9999 1.4627 -0.6371 0.8752 0.0434 -0.4909 -0.2811 0.8235
1311868177.0320 1.4619 -0.6383 0.8808 0.0427 -0.4906 -0.2824 0.8233
1311868177.0679 1.4598 -0.6392 0.8863 0.0413 -0.4905 -0.2838 0.8229
1311868177.0997 1.4565 -0.6428 0.8937 0.0401 -0.4905 -0.2862 0.8221
1311868177.1319 1.4528 -0.6477 0.9019 0.0402 -0.4893 -0.2885 0.8220
1311868177.1681 1.4489 -0.6518 0.9086 0.0421 -0.4872 -0.2906 0.8225
1311868177.1999 1.4453 -0.6550 0.9147 0.0445 -0.4850 -0.2926 0.8229
1311868177.2319 1.4421 -0.6572 0.9206 0.0463 -0.4832 -0.2940 0.8234
1311868177.2678 1.4382 -0.6586 0.9258 0.0464 -0.4819 -0.2946 0.8239
1311868177.2999 1.4341 -0.6598 0.9318 0.0446 -0.4820 -0.2950 0.8238
1311868177.3317 1.4288 -0.6636 0.9381 0.0430 -0.4828 -0.2963 0.8230
1311868177.3679 1.4244 -0.6690 0.9458 0.0421 -0.4835 -0.2973 0.8222
1311868177.4000 1.4206 -0.6754 0.9532 0.0441 -0.4831 -0.2987 0.8219
1311868177.4318 1.4190 -0.6786 0.9599 0.0476 -0.4819 -0.2995 0.8221
1311868177.4678 1.4184 -0.6800 0.9664 0.0487 -0.4803 -0.2986 0.8233
1311868177.4998 1.4181 -0.6785 0.9720 0.0470 -0.4790 -0.2966 0.8249
1311868177.5318 1.4183 -0.6759 0.9787 0.0426 -0.4789 -0.2962 0.8253
1311868177.5679 1.4156 -0.6775 0.9863 0.0371 -0.4790 -0.2988 0.8245
1311868177.5997 1.4133 -0.6801 0.9942 0.0335 -0.4789 -0.3014 0.8238
1311868177.6321 1.4112 -0.6827 1.0019 0.0326 -0.4781 -0.3049 0.8230
1311868177.6679 1.4105 -0.6844 1.0093 0.0328 -0.4769 -0.3082 0.8225
1311868177.6999 1.4092 -0.6858 1.0150 0.0328 -0.4757 -0.3097 0.8226
1311868177.7320 1.4097 -0.6838 1.0204 0.0315 -0.4759 -0.3101 0.8224
1311868177.7679 1.4091 -0.6846 1.0259 0.0285 -0.4775 -0.3109 0.8213
1311868177.7999 1.4080 -0.6861 1.0303 0.0261 -0.4804 -0.3116 0.8194
1311868177.8320 1.4104 -0.6869 1.0365 0.0252 -0.4849 -0.3133 0.8161
1311868177.8678 1.4122 -0.6903 1.0430 0.0245 -0.4890 -0.3162 0.8126
1311868177.8999 1.4157 -0.6924 1.0500 0.0242 -0.4923 -0.3182 0.8098
1311868177.9679 1.4223 -0.6958 1.0627 0.0245 -0.4988 -0.3253 0.8029
1311868178.0320 1.4309 -0.6978 1.0742 0.0232 -0.5071 -0.3316 0.7952
1311868178.1000 1.4396 -0.7024 1.0871 0.0189 -0.5171 -0.3397 0.7854
1311868178.2320 1.4597 -0.7217 1.1174 0.0232 -0.5274 -0.3542 0.7719
1311868178.2680 1.4654 -0.7240 1.1228 0.0268 -0.5264 -0.3565 0.7714
1311868178.2998 1.4712 -0.7242 1.1265 0.0292 -0.5259 -0.3584 0.7708
1311868178.3322 1.4761 -0.7230 1.1297 0.0295 -0.5271 -0.3599 0.7693
1311868178.3680 1.4820 -0.7215 1.1335 0.0275 -0.5297 -0.3615 0.7668
1311868178.4001 1.4864 -0.7224 1.1377 0.0232 -0.5328 -0.3633 0.7639
1311868178.5001 1.4996 -0.7256 1.1478 0.0117 -0.5419 -0.3641 0.7574
1311868178.6001 1.5160 -0.7289 1.1529 0.0065 -0.5476 -0.3629 0.7540
1311868178.6320 1.5216 -0.7288 1.1529 0.0057 -0.5486 -0.3624 0.7534
1311868178.6680 1.5292 -0.7277 1.1518 0.0048 -0.5500 -0.3622 0.7525
1311868178.6999 1.5359 -0.7275 1.1515 0.0027 -0.5516 -0.3627 0.7511
1311868178.7319 1.5426 -0.7285 1.1513 0.0013 -0.5525 -0.3632 0.7502
1311868178.7679 1.5497 -0.7287 1.1498 0.0006 -0.5529 -0.3632 0.7499
1311868178.8000 1.5584 -0.7284 1.1483 0.0006 -0.5537 -0.3630 0.7494
1311868178.8320 1.5677 -0.7276 1.1464 -0.0004 -0.5541 -0.3626 0.7494
1311868178.8679 1.5774 -0.7271 1.1446 -0.0027 -0.5543 -0.3617 0.7496
1311868178.9000 1.5858 -0.7276 1.1424 -0.0045 -0.5541 -0.3616 0.7497
1311868178.9323 1.5950 -0.7277 1.1395 -0.0048 -0.5541 -0.3620 0.7496
1311868178.9679 1.6058 -0.7287 1.1375 -0.0044 -0.5543 -0.3625 0.7492
1311868179.0000 1.6168 -0.7299 1.1358 -0.0041 -0.5533 -0.3624 0.7500
1311868179.0322 1.6292 -0.7293 1.1319 -0.0041 -0.5515 -0.3612 0.7519
1311868179.0678 1.6413 -0.7269 1.1277 -0.0060 -0.5499 -0.3603 0.7535
1311868179.1001 1.6523 -0.7249 1.1229 -0.0094 -0.5495 -0.3596 0.7541
1311868179.1680 1.6717 -0.7266 1.1187 -0.0121 -0.5515 -0.3639 0.7505
1311868179.2320 1.6994 -0.7270 1.1147 -0.0066 -0.5496 -0.3683 0.7498
1311868179.2681 1.7130 -0.7255 1.1121 -0.0084 -0.5460 -0.3686 0.7523
1311868179.3331 1.7322 -0.7200 1.1059 -0.0192 -0.5407 -0.3657 0.7573
1311868179.4680 1.7692 -0.7274 1.1091 -0.0278 -0.5370 -0.3724 0.7564
1311868179.5322 1.7882 -0.7262 1.1057 -0.0277 -0.5299 -0.3725 0.7614
1311868179.6320 1.8125 -0.7269 1.1091 -0.0341 -0.5252 -0.3754 0.7630
1311868179.7683 1.8440 -0.7316 1.1145 -0.0350 -0.5179 -0.3773 0.7670
1311868179.9320 1.8795 -0.7428 1.1261 -0.0363 -0.5214 -0.3840 0.7612
1311868180.0681 1.9084 -0.7555 1.1389 -0.0368 -0.5307 -0.3906 0.7513
1311868180.2322 1.9427 -0.7720 1.1613 -0.0464 -0.5359 -0.3933 0.7457
1311868180.4681 1.9875 -0.7833 1.1913 -0.0590 -0.5461 -0.4008 0.7332
1311868181.2321 2.0304 -0.8347 1.2617 -0.0604 -0.5365 -0.3968 0.7423
1311868181.8001 1.9355 -0.8569 1.3176 -0.0628 -0.5275 -0.4003 0.7467
1311868182.0682 1.8499 -0.8761 1.3389 -0.0542 -0.5254 -0.3995 0.7492
1311868182.3362 1.7738 -0.8902 1.3713 -0.0547 -0.5238 -0.3918 0.7544
1311868182.5361 1.7117 -0.9029 1.3977 -0.0496 -0.5263 -0.3873 0.7554
1311868182.6363 1.6771 -0.9169 1.4108 -0.0420 -0.5358 -0.3824 0.7516
1311868182.7003 1.6536 -0.9273 1.4205 -0.0344 -0.5442 -0.3803 0.7470
1311868182.7683 1.6345 -0.9336 1.4312 -0.0271 -0.5542 -0.3789 0.7406
1311868182.8362 1.6115 -0.9432 1.4445 -0.0234 -0.5638 -0.3803 0.7328
1311868182.9002 1.5888 -0.9516 1.4581 -0.0202 -0.5735 -0.3839 0.7234
1311868182.9681 1.5638 -0.9658 1.4728 -0.0149 -0.5835 -0.3896 0.7124
1311868183.0363 1.5373 -0.9828 1.4869 -0.0098 -0.5904 -0.3939 0.7044
1311868183.0683 1.5242 -0.9905 1.4922 -0.0076 -0.5937 -0.3947 0.7012
1311868183.1006 1.5119 -0.9972 1.4968 -0.0046 -0.5976 -0.3967 0.6967
1311868183.1682 1.4859 -1.0148 1.5075 0.0032 -0.6060 -0.4046 0.6849
1311868183.2363 1.4642 -1.0263 1.5183 0.0104 -0.6123 -0.4115 0.6750
1311868183.2684 1.4521 -1.0317 1.5227 0.0123 -0.6144 -0.4151 0.6709
1311868183.3004 1.4395 -1.0359 1.5246 0.0142 -0.6169 -0.4176 0.6670
1311868183.3363 1.4304 -1.0379 1.5274 0.0170 -0.6208 -0.4201 0.6617
1311868183.3685 1.4188 -1.0422 1.5301 0.0195 -0.6245 -0.4237 0.6557
1311868183.4362 1.4010 -1.0478 1.5366 0.0211 -0.6315 -0.4246 0.6485
1311868183.4682 1.3927 -1.0488 1.5376 0.0166 -0.6346 -0.4238 0.6461
1311868183.5003 1.3843 -1.0501 1.5365 0.0108 -0.6390 -0.4227 0.6426
1311868183.5363 1.3783 -1.0501 1.5394 -0.0034 0.6446 0.4216 -0.6378
1311868183.5684 1.3651 -1.0551 1.5430 0.0051 0.6490 0.4221 -0.6329
1311868183.6002 1.3534 -1.0596 1.5470 0.0107 0.6532 0.4207 -0.6295
1311868183.6362 1.3433 -1.0621 1.5535 0.0151 0.6561 0.4190 -0.6275
1311868183.6686 1.3293 -1.0666 1.5584 0.0194 0.6569 0.4176 -0.6275
1311868183.7002 1.3188 -1.0687 1.5624 0.0208 0.6571 0.4154 -0.6287
1311868183.7364 1.3083 -1.0707 1.5662 0.0203 0.6562 0.4154 -0.6296
1311868183.7682 1.2988 -1.0730 1.5670 0.0187 0.6549 0.4160 -0.6306
1311868183.8004 1.2924 -1.0726 1.5677 0.0174 0.6540 0.4173 -0.6308
1311868183.8362 1.2823 -1.0744 1.5671 0.0183 0.6535 0.4191 -0.6300
1311868183.8685 1.2730 -1.0762 1.5687 0.0199 0.6539 0.4199 -0.6290
1311868183.9002 1.2616 -1.0791 1.5707 0.0211 0.6539 0.4213 -0.6280
1311868183.9363 1.2490 -1.0827 1.5726 0.0212 0.6535 0.4226 -0.6276
1311868183.9685 1.2330 -1.0891 1.5742 0.0188 0.6532 0.4235 -0.6274
1311868184.0004 1.2208 -1.0941 1.5760 0.0128 0.6528 0.4231 -0.6282
1311868184.0363 1.2081 -1.0997 1.5758 0.0080 0.6518 0.4208 -0.6308
1311868184.0703 1.1997 -1.1020 1.5749 0.0046 0.6513 0.4166 -0.6343
1311868184.1007 1.1912 -1.1037 1.5738 0.0034 0.6515 0.4131 -0.6363
1311868184.1368 1.1806 -1.1068 1.5744 0.0033 0.6525 0.4107 -0.6369
1311868184.1690 1.1700 -1.1108 1.5761 0.0026 0.6540 0.4080 -0.6371
1311868184.2005 1.1621 -1.1132 1.5802 0.0013 0.6553 0.4053 -0.6374
1311868184.2364 1.1529 -1.1162 1.5854 0.0010 0.6551 0.4036 -0.6387
1311868184.2685 1.1447 -1.1184 1.5881 -0.0001 0.6538 0.4023 -0.6408
1311868184.3006 1.1392 -1.1182 1.5902 -0.0017 0.6525 0.4025 -0.6421
1311868184.3363 1.1309 -1.1191 1.5908 -0.0027 0.6517 0.4045 -0.6417
1311868184.3682 1.1223 -1.1207 1.5919 -0.0034 0.6523 0.4060 -0.6401
1311868184.4003 1.1134 -1.1231 1.5953 -0.0026 0.6538 0.4064 -0.6383
1311868184.4363 1.1025 -1.1269 1.5990 -0.0016 0.6555 0.4058 -0.6370
1311868184.4684 1.0911 -1.1311 1.6028 -0.0021 0.6572 0.4045 -0.6359
1311868184.5004 1.0820 -1.1339 1.6059 -0.0041 0.6594 0.4024 -0.6350
1311868184.5363 1.0750 -1.1351 1.6104 -0.0056 0.6618 0.4003 -0.6338
1311868184.5684 1.0679 -1.1363 1.6139 -0.0056 0.6641 0.3991 -0.6322
1311868184.6004 1.0596 -1.1376 1.6165 -0.0044 0.6671 0.3987 -0.6293
1311868184.6363 1.0511 -1.1399 1.6196 -0.0029 0.6710 0.3989 -0.6250
1311868184.6684 1.0397 -1.1443 1.6233 -0.0021 0.6755 0.3997 -0.6196
1311868184.7007 1.0296 -1.1492 1.6277 -0.0035 0.6805 0.4005 -0.6136
1311868184.7365 1.0188 -1.1552 1.6334 -0.0058 0.6850 0.4022 -0.6075
1311868184.7685 1.0063 -1.1636 1.6375 -0.0084 0.6886 0.4030 -0.6028
1311868184.8004 0.9960 -1.1711 1.6402 -0.0121 0.6921 0.4030 -0.5986
1311868184.8363 0.9871 -1.1786 1.6436 -0.0154 0.6961 0.4027 -0.5942
1311868184.8687 0.9782 -1.1858 1.6476 -0.0172 0.6998 0.4024 -0.5900
1311868184.9004 0.9701 -1.1918 1.6517 -0.0190 0.7031 0.4028 -0.5857
1311868184.9363 0.9599 -1.1988 1.6565 -0.0197 0.7058 0.4040 -0.5816
1311868184.9684 0.9502 -1.2052 1.6598 -0.0217 0.7080 0.4050 -0.5781
1311868185.0004 0.9433 -1.2095 1.6640 -0.0245 0.7100 0.4065 -0.5745
1311868185.0364 0.9338 -1.2145 1.6672 -0.0266 0.7112 0.4087 -0.5713
1311868185.0684 0.9267 -1.2180 1.6692 -0.0304 0.7129 0.4102 -0.5680
1311868185.1009 0.9220 -1.2190 1.6733 -0.0327 0.7147 0.4121 -0.5642
1311868185.1365 0.9123 -1.2231 1.6759 -0.0313 0.7161 0.4134 -0.5615
1311868185.1686 0.9040 -1.2256 1.6775 -0.0296 0.7180 0.4123 -0.5600
1311868185.2008 0.8963 -1.2275 1.6799 -0.0290 0.7202 0.4119 -0.5575
1311868185.2364 0.8858 -1.2318 1.6831 -0.0290 0.7222 0.4120 -0.5548
1311868185.2685 0.8752 -1.2364 1.6851 -0.0299 0.7239 0.4104 -0.5538
1311868185.3005 0.8660 -1.2399 1.6861 -0.0324 0.7259 0.4074 -0.5533
1311868185.3379 0.8607 -1.2414 1.6895 -0.0355 0.7279 0.4045 -0.5525
1311868185.3685 0.8535 -1.2435 1.6935 -0.0367 0.7291 0.4024 -0.5524
1311868185.4012 0.8459 -1.2456 1.6979 -0.0365 0.7296 0.3995 -0.5538
1311868185.4364 0.8382 -1.2471 1.7014 -0.0366 0.7292 0.3967 -0.5564
1311868185.4686 0.8303 -1.2480 1.7046 -0.0386 0.7281 0.3953 -0.5587
1311868185.5004 0.8213 -1.2509 1.7056 -0.0434 0.7270 0.3943 -0.5604
1311868185.5364 0.8178 -1.2517 1.7090 -0.0487 0.7260 0.3925 -0.5626
1311868185.5685 0.8108 -1.2522 1.7078 -0.0521 0.7249 0.3908 -0.5649
1311868185.6004 0.8046 -1.2534 1.7068 -0.0563 0.7256 0.3887 -0.5651
1311868185.6364 0.8002 -1.2556 1.7099 -0.0605 0.7267 0.3875 -0.5639
1311868185.6686 0.7931 -1.2605 1.7115 -0.0626 0.7273 0.3853 -0.5645
1311868185.7020 0.7878 -1.2627 1.7133 -0.0636 0.7276 0.3811 -0.5668
1311868185.7367 0.7822 -1.2642 1.7150 -0.0638 0.7280 0.3771 -0.5689
1311868185.7686 0.7760 -1.2660 1.7159 -0.0642 0.7286 0.3735 -0.5705
1311868185.8004 0.7735 -1.2656 1.7185 -0.0634 0.7298 0.3698 -0.5715
1311868185.8368 0.7696 -1.2650 1.7208 -0.0606 0.7311 0.3674 -0.5717
1311868185.8684 0.7661 -1.2634 1.7240 -0.0571 0.7328 0.3664 -0.5705
1311868185.9004 0.7603 -1.2634 1.7282 -0.0542 0.7344 0.3682 -0.5676
1311868185.9365 0.7533 -1.2651 1.7311 -0.0526 0.7356 0.3706 -0.5646
1311868185.9684 0.7481 -1.2656 1.7339 -0.0523 0.7368 0.3723 -0.5620
1311868186.0004 0.7422 -1.2663 1.7368 -0.0521 0.7382 0.3744 -0.5587
1311868186.0365 0.7375 -1.2671 1.7402 -0.0525 0.7397 0.3765 -0.5553
1311868186.0687 0.7329 -1.2676 1.7449 -0.0526 0.7413 0.3794 -0.5512
1311868186.1032 0.7275 -1.2698 1.7492 -0.0529 0.7429 0.3827 -0.5466
1311868186.1366 0.7234 -1.2715 1.7542 -0.0524 0.7449 0.3853 -0.5422
1311868186.1685 0.7207 -1.2724 1.7592 -0.0504 0.7472 0.3872 -0.5378
1311868186.2004 0.7171 -1.2728 1.7640 -0.0473 0.7498 0.3897 -0.5326
1311868186.2377 0.7124 -1.2737 1.7686 -0.0450 0.7527 0.3939 -0.5256
1311868186.2687 0.7081 -1.2758 1.7737 -0.0435 0.7562 0.3978 -0.5178
1311868186.3004 0.7043 -1.2775 1.7790 -0.0417 0.7595 0.4008 -0.5106
1311868186.3364 0.7027 -1.2778 1.7840 -0.0405 0.7629 0.4039 -0.5032
1311868186.3684 0.7005 -1.2783 1.7904 -0.0388 0.7662 0.4077 -0.4952
1311868186.4005 0.6972 -1.2803 1.7967 -0.0369 0.7689 0.4114 -0.4881
1311868186.4365 0.6942 -1.2817 1.8041 -0.0352 0.7708 0.4145 -0.4826
1311868186.4685 0.6921 -1.2828 1.8103 -0.0330 0.7719 0.4166 -0.4791
1311868186.5005 0.6919 -1.2831 1.8145 -0.0300 0.7727 0.4183 -0.4765
1311868186.5371 0.6927 -1.2832 1.8187 -0.0262 0.7741 0.4197 -0.4732
1311868186.5685 0.6927 -1.2837 1.8233 -0.0213 0.7755 0.4215 -0.4696
1311868186.6006 0.6914 -1.2856 1.8270 -0.0182 0.7767 0.4233 -0.4661
1311868186.6365 0.6918 -1.2875 1.8320 -0.0176 0.7776 0.4249 -0.4631
1311868186.6686 0.6926 -1.2901 1.8362 -0.0177 0.7779 0.4258 -0.4619
1311868186.7025 0.6978 -1.2916 1.8391 -0.0189 0.7780 0.4260 -0.4614
1311868186.7367 0.7038 -1.2921 1.8423 -0.0198 0.7782 0.4271 -0.4600
1311868186.7685 0.7101 -1.2926 1.8450 -0.0197 0.7785 0.4286 -0.4580
1311868186.8005 0.7162 -1.2932 1.8481 -0.0178 0.7792 0.4299 -0.4558
1311868186.8367 0.7223 -1.2935 1.8516 -0.0152 0.7796 0.4317 -0.4535
1311868186.8693 0.7264 -1.2952 1.8547 -0.0120 0.7797 0.4337 -0.4515
1311868186.9005 0.7305 -1.2975 1.8571 -0.0100 0.7797 0.4347 -0.4505
1311868186.9364 0.7356 -1.2998 1.8603 -0.0098 0.7795 0.4358 -0.4498
1311868186.9686 0.7407 -1.3027 1.8631 -0.0101 0.7790 0.4362 -0.4503
1311868187.0005 0.7473 -1.3052 1.8649 -0.0106 0.7782 0.4362 -0.4516
1311868187.0367 0.7551 -1.3078 1.8672 -0.0105 0.7776 0.4357 -0.4533
1311868187.0685 0.7643 -1.3098 1.8695 -0.0088 0.7765 0.4355 -0.4553
1311868187.1017 0.7710 -1.3124 1.8719 -0.0062 0.7751 0.4362 -0.4570
1311868187.1366 0.7777 -1.3152 1.8739 -0.0047 0.7736 0.4370 -0.4589
1311868187.1690 0.7853 -1.3174 1.8758 -0.0044 0.7722 0.4377 -0.4605
1311868187.2013 0.7953 -1.3184 1.8801 -0.0049 0.7705 0.4393 -0.4619
1311868187.2364 0.8048 -1.3192 1.8840 -0.0040 0.7679 0.4422 -0.4634
1311868187.2688 0.8147 -1.3196 1.8859 -0.0024 0.7649 0.4460 -0.4647
1311868187.3005 0.8238 -1.3198 1.8872 -0.0006 0.7624 0.4510 -0.4640
1311868187.3366 0.8288 -1.3228 1.8908 0.0012 0.7607 0.4560 -0.4619
1311868187.3684 0.8308 -1.3278 1.8965 0.0029 0.7591 0.4589 -0.4617
1311868187.4005 0.8351 -1.3320 1.9025 0.0024 0.7567 0.4604 -0.4642
1311868187.4367 0.8394 -1.3363 1.9068 0.0008 0.7537 0.4615 -0.4680
1311868187.4686 0.8471 -1.3396 1.9109 -0.0007 0.7510 0.4616 -0.4722
1311868187.5005 0.8537 -1.3424 1.9144 -0.0008 0.7486 0.4624 -0.4751
1311868187.5376 0.8593 -1.3454 1.9175 -0.0007 0.7471 0.4634 -0.4766
1311868187.5685 0.8630 -1.3486 1.9222 -0.0006 0.7463 0.4645 -0.4768
1311868187.6005 0.8657 -1.3524 1.9273 -0.0008 0.7454 0.4653 -0.4774
1311868187.6365 0.8694 -1.3555 1.9315 -0.0003 0.7444 0.4653 -0.4788
1311868187.6687 0.8728 -1.3579 1.9354 0.0007 0.7439 0.4651 -0.4799
1311868187.7006 0.8770 -1.3601 1.9395 0.0016 0.7439 0.4652 -0.4798
1311868187.7365 0.8798 -1.3624 1.9452 0.0038 0.7443 0.4657 -0.4787
1311868187.7687 0.8798 -1.3665 1.9502 0.0060 0.7444 0.4664 -0.4779
1311868187.8005 0.8820 -1.3700 1.9557 0.0067 0.7449 0.4666 -0.4769
1311868187.8375 0.8829 -1.3735 1.9612 0.0063 0.7456 0.4676 -0.4748
1311868187.8686 0.8847 -1.3772 1.9675 0.0041 0.7469 0.4688 -0.4715
1311868187.9005 0.8862 -1.3813 1.9753 0.0023 0.7484 0.4700 -0.4680
1311868187.9366 0.8870 -1.3852 1.9830 0.0014 0.7497 0.4710 -0.4649
1311868187.9685 0.8885 -1.3890 1.9899 0.0004 0.7515 0.4717 -0.4612
1311868188.0007 0.8904 -1.3926 1.9997 -0.0001 0.7540 0.4727 -0.4561
1311868188.0367 0.8896 -1.3973 2.0107 0.0009 0.7559 0.4742 -0.4513
1311868188.0685 0.8893 -1.4014 2.0207 0.0026 0.7572 0.4755 -0.4477
1311868188.1004 0.8898 -1.4052 2.0313 0.0052 0.7588 0.4767 -0.4437
1311868188.1367 0.8892 -1.4091 2.0426 0.0086 0.7602 0.4784 -0.4395
1311868188.1698 0.8892 -1.4122 2.0542 0.0123 0.7614 0.4805 -0.4350
1311868188.2006 0.8866 -1.4151 2.0682 0.0156 0.7623 0.4834 -0.4301
1311868188.2365 0.8841 -1.4179 2.0811 0.0162 0.7623 0.4870 -0.4259
1311868188.2686 0.8833 -1.4189 2.0951 0.0146 0.7618 0.4917 -0.4215
1311868188.3009 0.8829 -1.4196 2.1085 0.0125 0.7606 0.4971 -0.4174
1311868188.3368 0.8828 -1.4193 2.1213 0.0110 0.7586 0.5029 -0.4141
1311868188.3685 0.8821 -1.4191 2.1319 0.0107 0.7562 0.5083 -0.4119
1311868188.4005 0.8816 -1.4190 2.1393 0.0113 0.7539 0.5126 -0.4108
1311868188.4371 0.8835 -1.4187 2.1460 0.0129 0.7523 0.5157 -0.4097
1311868188.4686 0.8857 -1.4185 2.1498 0.0168 0.7513 0.5180 -0.4085
1311868188.5025 0.8887 -1.4195 2.1529 0.0216 0.7518 0.5191 -0.4059
1311868188.5687 0.8960 -1.4248 2.1637 0.0308 0.7549 0.5197 -0.3989
1311868188.6014 0.8997 -1.4284 2.1696 0.0344 0.7557 0.5198 -0.3969
1311868188.6375 0.9050 -1.4312 2.1753 0.0367 0.7556 0.5203 -0.3962
1311868188.6687 0.9122 -1.4337 2.1800 0.0382 0.7549 0.5214 -0.3960
1311868188.7035 0.9194 -1.4362 2.1842 0.0399 0.7540 0.5230 -0.3954
1311868188.7366 0.9278 -1.4389 2.1893 0.0419 0.7529 0.5247 -0.3950
1311868188.7687 0.9348 -1.4419 2.1937 0.0446 0.7514 0.5266 -0.3951
1311868188.8007 0.9441 -1.4445 2.1990 0.0455 0.7500 0.5287 -0.3949
1311868188.8365 0.9529 -1.4473 2.2036 0.0466 0.7481 0.5312 -0.3949
1311868188.8685 0.9635 -1.4499 2.2068 0.0487 0.7462 0.5327 -0.3963
1311868188.9007 0.9763 -1.4522 2.2095 0.0520 0.7450 0.5337 -0.3968
1311868188.9365 0.9885 -1.4546 2.2140 0.0574 0.7441 0.5350 -0.3959
1311868189.0006 1.0094 -1.4598 2.2219 0.0735 0.7410 0.5377 -0.3954
1311868189.1366 1.0390 -1.4725 2.2407 0.0760 0.7339 0.5448 -0.3985
1311868189.2383 1.0781 -1.4830 2.2512 0.0713 0.7263 0.5510 -0.4048
1311868189.4005 1.1177 -1.4996 2.2671 0.0719 0.7153 0.5630 -0.4076
1311868189.6367 1.1611 -1.5234 2.2919 0.0749 0.7068 0.5720 -0.4095
1311868189.9367 1.1784 -1.5614 2.3559 0.0796 0.6991 0.5734 -0.4197
1311868190.2686 1.1792 -1.6236 2.4333 0.0774 0.6982 0.5714 -0.4244
1311868190.6044 1.1798 -1.6757 2.4987 0.0742 0.6947 0.5683 -0.4346
1311868191.5702 1.1663 -1.7354 2.5710 0.0719 0.6981 0.5652 -0.4336
1311868192.3047 1.0833 -1.7330 2.5621 0.0699 0.6867 0.5666 -0.4500
1311868192.6411 1.0293 -1.7194 2.5177 0.0614 0.6906 0.5608 -0.4526
1311868192.9405 0.9898 -1.7048 2.4825 0.0580 0.7004 0.5550 -0.4450
1311868193.2705 0.9599 -1.7106 2.4559 0.0665 0.7150 0.5578 -0.4163
1311868193.5412 0.9159 -1.7238 2.4422 0.0582 0.7266 0.5661 -0.3848
1311868193.7383 0.8956 -1.7416 2.4288 0.0428 0.7374 0.5631 -0.3706
1311868193.8732 0.8799 -1.7514 2.4248 0.0346 0.7436 0.5569 -0.3685
1311868193.9728 0.8751 -1.7579 2.4189 0.0328 0.7472 0.5515 -0.3695
1311868194.0092 0.8727 -1.7603 2.4179 0.0331 0.7483 0.5509 -0.3681
1311868194.0382 0.8717 -1.7624 2.4173 0.0337 0.7489 0.5505 -0.3674
1311868194.0714 0.8698 -1.7644 2.4165 0.0342 0.7493 0.5506 -0.3663
1311868257.9170 0.1551 0.1263 -0.0990 -0.0881 -0.0424 0.0044 0.9952
