1305031453.4237 0.0046 0.0039 -0.0079 0.0017 0.0038 0.0091 0.9999
1305031453.4597 0.0109 0.0079 -0.0185 0.0053 0.0090 0.0180 0.9998
1305031453.4917 0.0127 0.0123 -0.0272 0.0095 0.0159 0.0277 0.9994
1305031453.5237 0.0125 0.0175 -0.0400 0.0164 0.0214 0.0365 0.9990
1305031453.5598 0.0142 0.0223 -0.0533 0.0232 0.0238 0.0431 0.9985
1305031453.5916 0.0138 0.0303 -0.0681 0.0311 0.0266 0.0477 0.9980
1305031453.6277 0.0073 0.0344 -0.0815 0.0374 0.0290 0.0512 0.9976
1305031453.6596 0.0029 0.0428 -0.0965 0.0455 0.0253 0.0496 0.9974
1305031453.6917 0.0000 0.0535 -0.1129 0.0526 0.0195 0.0456 0.9974
1305031453.7277 -0.0099 0.0623 -0.1256 0.0573 0.0157 0.0404 0.9974
1305031453.7597 -0.0195 0.0681 -0.1385 0.0614 0.0079 0.0321 0.9976
1305031453.7917 -0.0230 0.0781 -0.1530 0.0661 -0.0024 0.0247 0.9975
1305031453.8278 -0.0351 0.0848 -0.1646 0.0686 -0.0084 0.0180 0.9974
1305031453.8597 -0.0476 0.0907 -0.1780 0.0696 -0.0199 0.0107 0.9973
1305031453.8917 -0.0592 0.1008 -0.1882 0.0702 -0.0355 0.0027 0.9969
1305031453.9277 -0.0665 0.1075 -0.1956 0.0679 -0.0550 -0.0024 0.9962
1305031453.9596 -0.0709 0.1141 -0.2028 0.0662 -0.0725 -0.0115 0.9951
1305031453.9916 -0.0822 0.1165 -0.2011 0.0652 -0.0842 -0.0235 0.9940
1305031454.0277 -0.0873 0.1190 -0.2077 0.0672 -0.0980 -0.0334 0.9924
1305031454.0597 -0.0911 0.1243 -0.2136 0.0683 -0.1112 -0.0446 0.9904
1305031454.0917 -0.0983 0.1258 -0.2062 0.0695 -0.1245 -0.0592 0.9880
1305031454.1277 -0.0974 0.1273 -0.1941 0.0738 -0.1431 -0.0726 0.9843
1305031454.1597 -0.0890 0.1302 -0.1836 0.0756 -0.1486 -0.0713 0.9834
1305031454.1917 -0.0920 0.1372 -0.1775 0.0779 -0.1501 -0.0713 0.9830
1305031454.2277 -0.0936 0.1432 -0.1722 0.0808 -0.1517 -0.0713 0.9825
1305031454.2596 -0.0948 0.1438 -0.1689 0.0819 -0.1532 -0.0729 0.9821
1305031454.2916 -0.1021 0.1476 -0.1623 0.0832 -0.1532 -0.0739 0.9819
1305031454.3277 -0.1112 0.1534 -0.1571 0.0858 -0.1522 -0.0757 0.9817
1305031454.3596 -0.1155 0.1563 -0.1571 0.0873 -0.1515 -0.0762 0.9816
1305031454.3917 -0.1215 0.1582 -0.1543 0.0880 -0.1509 -0.0774 0.9816
1305031454.4275 -0.1285 0.1612 -0.1523 0.0891 -0.1496 -0.0788 0.9816
1305031454.4599 -0.1324 0.1643 -0.1509 0.0904 -0.1488 -0.0794 0.9815
1305031454.4916 -0.1370 0.1672 -0.1476 0.0912 -0.1484 -0.0798 0.9815
1305031454.5277 -0.1371 0.1673 -0.1475 0.0913 -0.1484 -0.0798 0.9815
1305031454.5596 -0.1371 0.1673 -0.1475 0.0913 -0.1484 -0.0798 0.9815
1305031454.5916 -0.1371 0.1673 -0.1475 0.0913 -0.1484 -0.0798 0.9815
1305031454.6276 -0.1371 0.1673 -0.1475 0.0913 -0.1484 -0.0798 0.9815
1305031454.6595 -0.1371 0.1673 -0.1475 0.0913 -0.1484 -0.0798 0.9815
1305031454.6919 -0.1371 0.1673 -0.1475 0.0913 -0.1484 -0.0798 0.9815
1305031454.7277 -0.1371 0.1673 -0.1475 0.0913 -0.1484 -0.0798 0.9815
1305031454.7597 -0.1371 0.1673 -0.1475 0.0913 -0.1484 -0.0798 0.9815
1305031454.7916 -0.1371 0.1673 -0.1475 0.0913 -0.1484 -0.0798 0.9815
1305031454.8276 -0.1371 0.1673 -0.1475 0.0913 -0.1484 -0.0798 0.9815
1305031454.8596 -0.1371 0.1673 -0.1475 0.0913 -0.1484 -0.0798 0.9815
1305031454.8918 -0.1395 0.1733 -0.1491 0.0864 -0.1432 -0.0708 0.9834
1305031454.9276 -0.1433 0.1812 -0.1507 0.0818 -0.1373 -0.0629 0.9851
1305031454.9596 -0.1499 0.1881 -0.1535 0.0782 -0.1315 -0.0560 0.9866
1305031454.9919 -0.1582 0.1940 -0.1568 0.0755 -0.1280 -0.0496 0.9876
1305031455.0278 -0.1651 0.2050 -0.1577 0.0765 -0.1271 -0.0468 0.9878
1305031455.0596 -0.1726 0.2095 -0.1576 0.0746 -0.1243 -0.0448 0.9884
1305031455.0917 -0.1826 0.2151 -0.1593 0.0762 -0.1198 -0.0446 0.9889
1305031455.1277 -0.1929 0.2237 -0.1618 0.0771 -0.1145 -0.0428 0.9895
1305031455.1597 -0.2065 0.2280 -0.1644 0.0752 -0.1093 -0.0375 0.9905
1305031455.1917 -0.2195 0.2310 -0.1645 0.0716 -0.1059 -0.0311 0.9913
1305031455.2276 -0.2326 0.2327 -0.1660 0.0710 -0.1019 -0.0257 0.9919
1305031455.2596 -0.2432 0.2417 -0.1673 0.0692 -0.0982 -0.0179 0.9926
1305031455.2918 -0.2581 0.2401 -0.1678 0.0607 -0.0934 -0.0068 0.9938
1305031455.3278 -0.2742 0.2439 -0.1710 0.0564 -0.0912 0.0050 0.9942
1305031455.3596 -0.2829 0.2499 -0.1697 0.0496 -0.0921 0.0126 0.9944
1305031455.3917 -0.2935 0.2461 -0.1687 0.0386 -0.0875 0.0225 0.9952
1305031455.4276 -0.3107 0.2442 -0.1716 0.0315 -0.0808 0.0339 0.9957
1305031455.4596 -0.3258 0.2391 -0.1745 0.0269 -0.0774 0.0430 0.9957
1305031455.4916 -0.3391 0.2379 -0.1789 0.0232 -0.0751 0.0554 0.9954
1305031455.5276 -0.3563 0.2284 -0.1832 0.0183 -0.0720 0.0692 0.9948
1305031455.5597 -0.3739 0.2222 -0.1901 0.0176 -0.0725 0.0831 0.9937
1305031455.5916 -0.3891 0.2226 -0.1967 0.0182 -0.0743 0.0979 0.9923
1305031455.6276 -0.4023 0.2118 -0.1973 0.0139 -0.0744 0.1106 0.9910
1305031455.6596 -0.4175 0.2022 -0.2038 0.0161 -0.0718 0.1159 0.9905
1305031455.6916 -0.4336 0.1970 -0.2121 0.0195 -0.0690 0.1149 0.9908
1305031455.7276 -0.4474 0.1888 -0.2187 0.0201 -0.0654 0.1102 0.9915
1305031455.7597 -0.4627 0.1806 -0.2266 0.0198 -0.0593 0.1074 0.9923
1305031455.7917 -0.4759 0.1660 -0.2360 0.0189 -0.0536 0.1086 0.9925
1305031455.8276 -0.4917 0.1579 -0.2490 0.0209 -0.0491 0.1092 0.9926
1305031455.8595 -0.5035 0.1488 -0.2577 0.0206 -0.0474 0.1079 0.9928
1305031455.8917 -0.5143 0.1413 -0.2672 0.0203 -0.0447 0.1079 0.9929
1305031455.9280 -0.5247 0.1324 -0.2740 0.0187 -0.0413 0.1074 0.9932
1305031455.9597 -0.5361 0.1279 -0.2835 0.0190 -0.0373 0.1053 0.9936
1305031455.9917 -0.5442 0.1209 -0.2903 0.0154 -0.0337 0.1040 0.9939
1305031456.0278 -0.5550 0.1183 -0.2998 0.0095 -0.0284 0.1017 0.9944
1305031456.0597 -0.5638 0.1064 -0.3025 -0.0019 -0.0253 0.0951 0.9951
1305031456.0917 -0.5714 0.0948 -0.3025 -0.0088 -0.0225 0.0905 0.9956
1305031456.1276 -0.5780 0.0865 -0.3056 -0.0109 -0.0190 0.0898 0.9957
1305031456.1597 -0.5810 0.0742 -0.3034 -0.0138 -0.0151 0.0892 0.9958
1305031456.1917 -0.5865 0.0641 -0.3043 -0.0102 -0.0065 0.0915 0.9957
1305031456.2277 -0.5945 0.0648 -0.3078 -0.0072 0.0039 0.0960 0.9954
1305031456.2917 -0.6088 0.0416 -0.2999 -0.0107 0.0262 0.1037 0.9942
1305031456.3277 -0.6154 0.0322 -0.2954 -0.0080 0.0374 0.1104 0.9931
1305031456.3916 -0.6290 0.0190 -0.2831 -0.0072 0.0618 0.1200 0.9908
1305031456.4277 -0.6454 0.0121 -0.2779 -0.0022 0.0758 0.1267 0.9890
1305031456.4917 -0.6819 0.0111 -0.2589 -0.0051 0.0849 0.1392 0.9866
1305031456.5276 -0.6904 0.0076 -0.2442 -0.0093 0.0821 0.1446 0.9860
1305031456.5917 -0.7061 0.0041 -0.2221 -0.0099 0.0863 0.1570 0.9838
1305031456.6276 -0.7170 0.0100 -0.2109 -0.0204 0.0892 0.1648 0.9821
1305031456.6916 -0.7342 -0.0163 -0.1797 -0.0341 0.0976 0.1805 0.9781
1305031456.7277 -0.7507 -0.0094 -0.1698 -0.0349 0.0984 0.1909 0.9760
1305031456.7916 -0.7695 -0.0312 -0.1419 -0.0360 0.0890 0.2040 0.9742
1305031456.8276 -0.7795 -0.0202 -0.1325 -0.0325 0.0851 0.2128 0.9728
1305031456.8917 -0.7857 -0.0299 -0.1011 -0.0414 0.0849 0.2232 0.9702
1305031456.9277 -0.7977 -0.0310 -0.0921 -0.0371 0.0925 0.2297 0.9681
1305031456.9597 -0.8136 -0.0256 -0.0862 -0.0377 0.0989 0.2357 0.9660
1305031456.9917 -0.8212 -0.0336 -0.0749 -0.0474 0.1018 0.2380 0.9648
1305031457.0276 -0.8315 -0.0392 -0.0678 -0.0499 0.1061 0.2420 0.9632
1305031457.0917 -0.8534 -0.0425 -0.0580 -0.0618 0.1140 0.2527 0.9588
1305031457.1276 -0.8595 -0.0551 -0.0536 -0.0675 0.1191 0.2571 0.9566
1305031457.1917 -0.8849 -0.0640 -0.0578 -0.0663 0.1340 0.2697 0.9513
1305031457.2275 -0.8955 -0.0755 -0.0574 -0.0724 0.1398 0.2759 0.9482
1305031457.2917 -0.9164 -0.0963 -0.0645 -0.0666 0.1563 0.2867 0.9429
1305031457.3275 -0.9319 -0.1001 -0.0710 -0.0648 0.1667 0.2916 0.9397
1305031457.3917 -0.9562 -0.1289 -0.0802 -0.0665 0.1898 0.3035 0.9314
1305031457.4276 -0.9777 -0.1383 -0.0869 -0.0638 0.2002 0.3100 0.9272
1305031457.4917 -1.0005 -0.1667 -0.0973 -0.0649 0.2055 0.3178 0.9233
1305031457.5276 -1.0106 -0.1786 -0.1048 -0.0620 0.2092 0.3204 0.9218
1305031457.5597 -1.0222 -0.1890 -0.1122 -0.0591 0.2143 0.3238 0.9196
1305031457.5917 -1.0400 -0.1985 -0.1182 -0.0561 0.2204 0.3267 0.9173
1305031457.6275 -1.0491 -0.2154 -0.1198 -0.0577 0.2230 0.3291 0.9158
1305031457.6596 -1.0667 -0.2164 -0.1278 -0.0511 0.2255 0.3330 0.9141
1305031457.6916 -1.0764 -0.2290 -0.1308 -0.0564 0.2242 0.3359 0.9131
1305031457.7277 -1.0791 -0.2523 -0.1308 -0.0616 0.2248 0.3349 0.9130
1305031457.7596 -1.0860 -0.2659 -0.1347 -0.0596 0.2271 0.3332 0.9132
1305031457.7916 -1.0855 -0.2861 -0.1383 -0.0563 0.2317 0.3314 0.9129
1305031457.8277 -1.1004 -0.2887 -0.1460 -0.0457 0.2412 0.3312 0.9111
1305031457.8596 -1.1090 -0.3025 -0.1472 -0.0456 0.2497 0.3309 0.9089
1305031457.8916 -1.1116 -0.3294 -0.1460 -0.0436 0.2583 0.3302 0.9068
1305031457.9276 -1.1286 -0.3386 -0.1472 -0.0300 0.2664 0.3325 0.9042
1305031457.9916 -1.1422 -0.3601 -0.1444 -0.0180 0.2699 0.3357 0.9023
1305031458.0278 -1.1449 -0.3740 -0.1402 -0.0108 0.2747 0.3353 0.9011
1305031458.0597 -1.1604 -0.3735 -0.1360 -0.0006 0.2816 0.3366 0.8986
1305031458.0917 -1.1702 -0.3781 -0.1284 -0.0002 0.2853 0.3385 0.8967
1305031458.1276 -1.1741 -0.3896 -0.1179 -0.0023 0.2879 0.3391 0.8956
1305031458.1596 -1.1803 -0.4045 -0.1072 -0.0016 0.2905 0.3413 0.8939
1305031458.1916 -1.1912 -0.4023 -0.0987 0.0024 0.2887 0.3457 0.8928
1305031458.2276 -1.1903 -0.4011 -0.0911 0.0019 0.2881 0.3442 0.8936
1305031458.2599 -1.1850 -0.4001 -0.0868 0.0018 0.2862 0.3438 0.8944
1305031458.2917 -1.1824 -0.3923 -0.0846 0.0056 0.2841 0.3434 0.8952
1305031458.3276 -1.1813 -0.3812 -0.0852 0.0105 0.2818 0.3432 0.8959
1305031458.3596 -1.1792 -0.3791 -0.0806 0.0130 0.2804 0.3423 0.8967
1305031458.3916 -1.1774 -0.3644 -0.0818 0.0212 0.2759 0.3399 0.8988
1305031458.4276 -1.1750 -0.3641 -0.0694 0.0294 0.2753 0.3459 0.8965
1305031458.4596 -1.1714 -0.3672 -0.0716 0.0298 0.2747 0.3472 0.8962
1305031458.4917 -1.1717 -0.3658 -0.0724 0.0310 0.2748 0.3472 0.8961
1305031458.5277 -1.1678 -0.3631 -0.0774 0.0327 0.2734 0.3475 0.8963
1305031458.5596 -1.1659 -0.3621 -0.0727 0.0352 0.2771 0.3459 0.8957
1305031458.5916 -1.1636 -0.3651 -0.0716 0.0354 0.2776 0.3459 0.8956
1305031458.6277 -1.1665 -0.3622 -0.0650 0.0364 0.2778 0.3444 0.8960
1305031458.6596 -1.1647 -0.3610 -0.0622 0.0362 0.2769 0.3443 0.8964
1305031458.6917 -1.1636 -0.3578 -0.0574 0.0371 0.2758 0.3435 0.8970
1305031458.7276 -1.1602 -0.3541 -0.0557 0.0380 0.2738 0.3432 0.8977
1305031458.7599 -1.1581 -0.3496 -0.0533 0.0398 0.2718 0.3426 0.8984
1305031458.7916 -1.1553 -0.3474 -0.0521 0.0400 0.2697 0.3409 0.8997
1305031458.8276 -1.1561 -0.3478 -0.0461 0.0395 0.2696 0.3390 0.9004
1305031458.8917 -1.1434 -0.3442 -0.0256 0.0452 0.2673 0.3284 0.9048
1305031458.9276 -1.1497 -0.3465 -0.0212 0.0437 0.2719 0.3307 0.9027
1305031458.9596 -1.1539 -0.3567 -0.0158 0.0382 0.2763 0.3343 0.9003
1305031458.9916 -1.1481 -0.3743 -0.0101 0.0372 0.2787 0.3378 0.8982
1305031459.0277 -1.1586 -0.3850 -0.0000 0.0477 0.2795 0.3356 0.8983
1305031459.0596 -1.1661 -0.3989 0.0124 0.0586 0.2746 0.3432 0.8963
1305031459.1276 -1.1852 -0.4327 0.0376 0.0919 0.2436 0.3537 0.8984
1305031459.1596 -1.1876 -0.4387 0.0476 0.1073 0.2205 0.3553 0.9020
1305031459.1917 -1.1915 -0.4413 0.0576 0.1192 0.2029 0.3614 0.9022
1305031459.2276 -1.1925 -0.4430 0.0680 0.1262 0.1898 0.3720 0.8998
1305031459.2598 -1.1888 -0.4347 0.0830 0.1295 0.1844 0.3817 0.8964
1305031459.3276 -1.1892 -0.4295 0.1100 0.1224 0.2094 0.4098 0.8793
1305031459.3597 -1.1979 -0.4259 0.1239 0.1233 0.2329 0.4273 0.8649
1305031459.3917 -1.2184 -0.4107 0.1419 0.1201 0.2576 0.4487 0.8473
1305031459.4276 -1.2160 -0.4058 0.1532 0.1044 0.2823 0.4823 0.8227
1305031459.4597 -1.2277 -0.4152 0.1583 0.0968 0.3136 0.5151 0.7918
1305031459.5276 -1.2579 -0.4122 0.1802 0.0799 0.3444 0.5683 0.7430
1305031459.5596 -1.2658 -0.4323 0.1744 0.0715 0.3533 0.5926 0.7203
1305031459.5917 -1.2802 -0.4452 0.1762 0.0697 0.3569 0.6086 0.7053
1305031459.6276 -1.2844 -0.4545 0.1798 0.0663 0.3556 0.6181 0.6979
1305031459.6596 -1.2946 -0.4590 0.1880 0.0650 0.3620 0.6175 0.6953
1305031459.6916 -1.3032 -0.4734 0.1954 0.0560 0.3708 0.6217 0.6876
1305031459.7276 -1.3037 -0.4942 0.1982 0.0465 0.3759 0.6253 0.6823
1305031459.7917 -1.3138 -0.5399 0.2110 0.0407 0.3877 0.6190 0.6818
1305031459.8277 -1.3192 -0.5581 0.2187 0.0392 0.3885 0.6169 0.6833
1305031459.8597 -1.3238 -0.5777 0.2280 0.0353 0.3872 0.6167 0.6845
1305031459.8916 -1.3210 -0.5950 0.2344 0.0318 0.3813 0.6205 0.6845
1305031459.9276 -1.3179 -0.6106 0.2404 0.0322 0.3780 0.6235 0.6836
1305031459.9917 -1.3167 -0.6404 0.2543 0.0298 0.3735 0.6306 0.6797
1305031460.0276 -1.3108 -0.6550 0.2594 0.0289 0.3724 0.6333 0.6778
1305031460.0597 -1.3088 -0.6729 0.2661 0.0289 0.3735 0.6348 0.6758
1305031460.0917 -1.3063 -0.6920 0.2721 0.0325 0.3700 0.6404 0.6723
1305031460.1277 -1.2985 -0.7054 0.2765 0.0412 0.3620 0.6481 0.6687
1305031460.1597 -1.2978 -0.7172 0.2854 0.0508 0.3575 0.6530 0.6657
1305031460.1916 -1.2919 -0.7237 0.2926 0.0541 0.3502 0.6592 0.6632
1305031460.2278 -1.2767 -0.7243 0.2971 0.0551 0.3473 0.6628 0.6611
1305031460.2917 -1.2630 -0.7406 0.3062 0.0516 0.3623 0.6610 0.6551
1305031460.3275 -1.2557 -0.7522 0.3079 0.0494 0.3697 0.6622 0.6499
1305031460.3916 -1.2411 -0.7666 0.3173 0.0397 0.3844 0.6668 0.6372
1305031460.4275 -1.2330 -0.7753 0.3207 0.0357 0.3927 0.6699 0.6291
1305031460.4596 -1.2274 -0.7784 0.3257 0.0310 0.4028 0.6719 0.6208
1305031460.4915 -1.2252 -0.7884 0.3288 0.0217 0.4128 0.6766 0.6095
1305031460.5276 -1.2165 -0.7979 0.3294 0.0126 0.4182 0.6847 0.5967
1305031460.5596 -1.2075 -0.8043 0.3311 0.0044 0.4235 0.6878 0.5896
1305031460.5919 -1.2008 -0.8153 0.3339 -0.0026 0.4301 0.6883 0.5842
1305031460.6276 -1.1923 -0.8237 0.3359 -0.0080 0.4355 0.6898 0.5783
1305031460.6598 -1.1870 -0.8361 0.3389 -0.0130 0.4417 0.6889 0.5745
1305031460.6917 -1.1833 -0.8487 0.3451 -0.0175 0.4450 0.6895 0.5711
1305031460.7277 -1.1754 -0.8543 0.3502 -0.0226 0.4447 0.6904 0.5701
1305031460.7597 -1.1657 -0.8631 0.3550 -0.0281 0.4481 0.6893 0.5686
1305031460.7917 -1.1609 -0.8746 0.3620 -0.0323 0.4513 0.6883 0.5670
1305031460.8277 -1.1550 -0.8799 0.3698 -0.0371 0.4515 0.6867 0.5686
1305031460.8597 -1.1474 -0.8846 0.3756 -0.0442 0.4525 0.6855 0.5687
1305031460.8918 -1.1369 -0.8939 0.3820 -0.0535 0.4544 0.6843 0.5678
1305031460.9276 -1.1272 -0.9030 0.3914 -0.0598 0.4552 0.6841 0.5668
1305031460.9917 -1.0982 -0.9122 0.3978 -0.0646 0.4559 0.6866 0.5626
1305031461.0276 -1.0880 -0.9177 0.4047 -0.0639 0.4586 0.6862 0.5609
1305031461.0917 -1.0761 -0.9249 0.4177 -0.0601 0.4588 0.6850 0.5628
1305031461.1276 -1.0614 -0.9259 0.4186 -0.0624 0.4568 0.6847 0.5645
1305031461.1597 -1.0489 -0.9304 0.4224 -0.0617 0.4587 0.6828 0.5652
1305031461.1920 -1.0447 -0.9307 0.4277 -0.0588 0.4609 0.6788 0.5686
1305031461.2276 -1.0377 -0.9325 0.4326 -0.0591 0.4626 0.6765 0.5701
1305031461.2596 -1.0295 -0.9337 0.4360 -0.0578 0.4635 0.6738 0.5726
1305031461.2917 -1.0233 -0.9327 0.4406 -0.0565 0.4651 0.6689 0.5772
1305031461.3278 -1.0185 -0.9280 0.4439 -0.0556 0.4675 0.6651 0.5797
1305031461.3597 -1.0184 -0.9276 0.4506 -0.0604 0.4702 0.6620 0.5805
1305031461.3917 -1.0024 -0.9271 0.4560 -0.0685 0.4674 0.6642 0.5794
1305031461.4276 -0.9944 -0.9248 0.4575 -0.0695 0.4677 0.6629 0.5806
1305031461.4598 -0.9944 -0.9214 0.4615 -0.0717 0.4670 0.6644 0.5792
1305031461.4917 -0.9750 -0.9210 0.4562 -0.0771 0.4633 0.6675 0.5778
1305031461.5277 -0.9765 -0.9182 0.4545 -0.0718 0.4667 0.6647 0.5790
1305031461.5597 -0.9758 -0.9096 0.4500 -0.0727 0.4672 0.6622 0.5813
1305031461.5917 -0.9761 -0.9056 0.4460 -0.0753 0.4738 0.6583 0.5801
1305031461.6275 -0.9770 -0.9014 0.4443 -0.0795 0.4778 0.6576 0.5770
1305031461.6596 -0.9770 -0.8965 0.4425 -0.0830 0.4812 0.6573 0.5741
1305031461.6916 -0.9813 -0.8918 0.4422 -0.0839 0.4832 0.6609 0.5680
1305031461.7276 -0.9789 -0.8835 0.4376 -0.0859 0.4812 0.6658 0.5636
1305031461.7597 -0.9850 -0.8776 0.4318 -0.0860 0.4821 0.6682 0.5601
1305031461.7916 -0.9886 -0.8692 0.4275 -0.0900 0.4816 0.6718 0.5555
1305031461.8276 -0.9915 -0.8614 0.4219 -0.0928 0.4835 0.6752 0.5493
1305031461.8598 -1.0034 -0.8542 0.4206 -0.0934 0.4870 0.6792 0.5410
1305031461.8917 -1.0130 -0.8492 0.4205 -0.0966 0.4865 0.6879 0.5299
1305031461.9278 -1.0152 -0.8398 0.4186 -0.1014 0.4812 0.6966 0.5223
1305031461.9597 -1.0236 -0.8259 0.4121 -0.1059 0.4815 0.6984 0.5188
1305031461.9916 -1.0391 -0.8253 0.4189 -0.1148 0.4871 0.7015 0.5073
1305031462.0277 -1.0396 -0.8260 0.4221 -0.1239 0.4826 0.7115 0.4955
1305031462.0598 -1.0416 -0.8251 0.4248 -0.1261 0.4764 0.7216 0.4863
1305031462.0918 -1.0489 -0.8181 0.4226 -0.1237 0.4691 0.7311 0.4798
1305031462.1277 -1.0576 -0.8122 0.4212 -0.1231 0.4642 0.7383 0.4736
1305031462.1596 -1.0642 -0.8092 0.4201 -0.1247 0.4603 0.7433 0.4691
1305031462.1916 -1.0757 -0.8052 0.4207 -0.1265 0.4587 0.7433 0.4702
1305031462.2276 -1.0857 -0.8042 0.4230 -0.1320 0.4572 0.7440 0.4690
1305031462.2598 -1.0938 -0.8040 0.4258 -0.1380 0.4541 0.7441 0.4702
1305031462.2916 -1.1036 -0.8030 0.4292 -0.1433 0.4499 0.7427 0.4748
1305031462.3275 -1.1146 -0.7984 0.4321 -0.1493 0.4458 0.7401 0.4809
1305031462.3597 -1.1307 -0.7983 0.4397 -0.1557 0.4449 0.7352 0.4872
1305031462.3917 -1.1275 -0.8098 0.4557 -0.1745 0.4445 0.7289 0.4906
1305031462.4276 -1.1327 -0.8067 0.4637 -0.1753 0.4478 0.7247 0.4934
1305031462.4599 -1.1405 -0.8025 0.4706 -0.1740 0.4516 0.7207 0.4964
1305031462.4920 -1.1426 -0.8021 0.4748 -0.1747 0.4537 0.7185 0.4973
1305031462.5277 -1.1452 -0.8014 0.4798 -0.1755 0.4563 0.7160 0.4983
1305031462.5599 -1.1451 -0.8018 0.4809 -0.1761 0.4568 0.7156 0.4983
1305031462.5919 -1.1450 -0.8020 0.4813 -0.1763 0.4570 0.7154 0.4983
1305031462.6279 -1.1450 -0.8020 0.4814 -0.1764 0.4570 0.7154 0.4983
1305031462.6597 -1.1450 -0.8020 0.4814 -0.1764 0.4570 0.7154 0.4983
1305031462.6925 -1.1450 -0.8020 0.4814 -0.1764 0.4570 0.7154 0.4983
1305031462.7277 -1.1450 -0.8020 0.4814 -0.1764 0.4570 0.7154 0.4983
1305031462.7598 -1.1450 -0.8020 0.4814 -0.1764 0.4570 0.7154 0.4983
1305031462.7919 -1.1450 -0.8020 0.4814 -0.1764 0.4570 0.7154 0.4983
1305031462.8278 -1.1450 -0.8020 0.4814 -0.1764 0.4570 0.7154 0.4983
1305031462.8598 -1.1450 -0.8020 0.4814 -0.1764 0.4570 0.7154 0.4983
1305031462.8918 -1.1450 -0.8020 0.4814 -0.1764 0.4570 0.7154 0.4983
1305031462.9276 -1.1450 -0.8020 0.4814 -0.1764 0.4570 0.7154 0.4983
1305031462.9597 -1.1450 -0.8020 0.4814 -0.1764 0.4570 0.7154 0.4983
1305031462.9955 -1.1450 -0.8020 0.4814 -0.1764 0.4570 0.7154 0.4983
1305031463.0277 -1.1450 -0.8020 0.4814 -0.1764 0.4570 0.7154 0.4983
1305031463.0598 -1.1450 -0.8020 0.4814 -0.1764 0.4570 0.7154 0.4983
1305031463.0958 -1.1450 -0.8020 0.4814 -0.1764 0.4570 0.7154 0.4983
1305031463.1275 -1.1450 -0.8020 0.4814 -0.1764 0.4570 0.7154 0.4983
1305031463.1598 -1.1450 -0.8020 0.4814 -0.1764 0.4570 0.7154 0.4983
1305031463.1957 -1.1450 -0.8020 0.4814 -0.1764 0.4570 0.7154 0.4983
1305031463.2278 -1.1450 -0.8020 0.4814 -0.1764 0.4570 0.7154 0.4983
1305031463.2600 -1.1450 -0.8020 0.4814 -0.1764 0.4570 0.7154 0.4983
1305031463.2957 -1.1450 -0.8020 0.4814 -0.1764 0.4570 0.7154 0.4983
1305031463.3277 -1.1450 -0.8020 0.4814 -0.1764 0.4570 0.7154 0.4983
1305031463.3598 -1.1450 -0.8020 0.4814 -0.1764 0.4570 0.7154 0.4983
1305031463.3956 -1.1450 -0.8020 0.4814 -0.1764 0.4570 0.7154 0.4983
1305031463.4277 -1.1450 -0.8020 0.4814 -0.1764 0.4570 0.7154 0.4983
1305031463.4598 -1.1450 -0.8020 0.4814 -0.1764 0.4570 0.7154 0.4983
1305031463.4956 -1.1450 -0.8020 0.4814 -0.1764 0.4570 0.7154 0.4983
1305031463.5277 -1.3278 -0.6402 0.5959 -0.1372 0.5244 0.6076 0.5805
1305031463.5598 -1.3355 -0.6356 0.5854 -0.1349 0.5297 0.6056 0.5784
1305031463.5956 -1.3429 -0.6221 0.5764 -0.1326 0.5303 0.6036 0.5804
1305031463.6276 -1.3410 -0.6086 0.5602 -0.1333 0.5292 0.6001 0.5849
1305031463.6598 -1.3471 -0.6027 0.5455 -0.1276 0.5355 0.5937 0.5870
1305031463.6956 -1.3579 -0.5947 0.5346 -0.1243 0.5395 0.5875 0.5902
1305031463.7276 -1.3528 -0.5882 0.5114 -0.1284 0.5365 0.5863 0.5932
1305031463.7597 -1.3475 -0.5886 0.4818 -0.1293 0.5368 0.5823 0.5967
1305031463.7956 -1.3548 -0.5873 0.4621 -0.1279 0.5412 0.5724 0.6025
1305031463.8278 -1.3548 -0.5858 0.4374 -0.1319 0.5401 0.5654 0.6093
1305031463.8599 -1.3510 -0.5889 0.4112 -0.1357 0.5404 0.5579 0.6150
1305031463.8956 -1.3552 -0.5900 0.3902 -0.1354 0.5431 0.5496 0.6201
1305031463.9277 -1.3551 -0.5925 0.3716 -0.1368 0.5424 0.5452 0.6244
1305031463.9597 -1.3505 -0.5967 0.3496 -0.1370 0.5389 0.5417 0.6304
1305031463.9958 -1.3511 -0.6012 0.3273 -0.1347 0.5375 0.5361 0.6368
1305031464.0277 -1.3547 -0.6047 0.3087 -0.1349 0.5362 0.5296 0.6433
1305031464.0597 -1.3484 -0.6091 0.2843 -0.1383 0.5336 0.5240 0.6493
1305031464.0956 -1.3501 -0.6158 0.2659 -0.1387 0.5362 0.5153 0.6540
1305031464.1277 -1.3535 -0.6223 0.2566 -0.1378 0.5385 0.5092 0.6571
1305031464.1598 -1.3485 -0.6301 0.2436 -0.1336 0.5372 0.5067 0.6609
1305031464.1956 -1.3461 -0.6394 0.2312 -0.1251 0.5359 0.5015 0.6676
1305031464.2276 -1.3545 -0.6457 0.2220 -0.1134 0.5336 0.4957 0.6758
1305031464.2596 -1.3628 -0.6499 0.2107 -0.1024 0.5254 0.4942 0.6850
1305031464.2957 -1.3654 -0.6487 0.1953 -0.0948 0.5127 0.4917 0.6974
1305031464.3279 -1.3660 -0.6444 0.1756 -0.0891 0.5015 0.4878 0.7089
1305031464.3597 -1.3616 -0.6454 0.1565 -0.0847 0.4944 0.4837 0.7173
1305031464.3956 -1.3641 -0.6373 0.1347 -0.0795 0.4905 0.4757 0.7258
1305031464.4276 -1.3670 -0.6356 0.1175 -0.0809 0.4902 0.4671 0.7314
1305031464.4597 -1.3656 -0.6418 0.1011 -0.0822 0.4890 0.4599 0.7366
1305031464.4956 -1.3669 -0.6375 0.0796 -0.0807 0.4870 0.4541 0.7417
1305031464.5276 -1.3722 -0.6408 0.0619 -0.0824 0.4877 0.4471 0.7453
1305031464.5597 -1.3699 -0.6407 0.0407 -0.0881 0.4839 0.4387 0.7521
1305031464.5957 -1.3552 -0.6468 0.0096 -0.0929 0.4850 0.4295 0.7561
1305031464.6277 -1.3538 -0.6497 -0.0137 -0.0917 0.4965 0.4173 0.7556
1305031464.6597 -1.3516 -0.6541 -0.0324 -0.0932 0.5079 0.4017 0.7563
1305031464.6957 -1.3377 -0.6677 -0.0495 -0.0950 0.5185 0.3826 0.7588
1305031464.7277 -1.3404 -0.6736 -0.0541 -0.0883 0.5296 0.3605 0.7627
1305031464.7597 -1.3488 -0.6684 -0.0616 -0.0827 0.5324 0.3394 0.7711
1305031464.7960 -1.3409 -0.6752 -0.0619 -0.0832 0.5298 0.3223 0.7801
1305031464.8278 -1.3382 -0.6751 -0.0593 -0.0751 0.5231 0.3073 0.7914
1305031464.8597 -1.3416 -0.6602 -0.0682 -0.0672 0.5098 0.2930 0.8061
1305031464.8958 -1.3340 -0.6487 -0.0807 -0.0698 0.4927 0.2785 0.8215
1305031464.9278 -1.3077 -0.6532 -0.0918 -0.0785 0.4778 0.2638 0.8342
1305031464.9598 -1.2843 -0.6548 -0.1022 -0.0820 0.4705 0.2484 0.8428
1305031464.9957 -1.2715 -0.6429 -0.1103 -0.0821 0.4678 0.2302 0.8493
1305031465.0278 -1.2586 -0.6314 -0.1041 -0.0865 0.4667 0.2092 0.8550
1305031465.0597 -1.2601 -0.6069 -0.0860 -0.0839 0.4641 0.1888 0.8614
1305031465.0957 -1.2708 -0.5600 -0.0813 -0.0839 0.4526 0.1761 0.8701
1305031465.1277 -1.2573 -0.5354 -0.0789 -0.0999 0.4344 0.1706 0.8787
1305031465.1598 -1.2395 -0.5207 -0.0697 -0.1155 0.4190 0.1701 0.8844
1305031465.1956 -1.2222 -0.5024 -0.0651 -0.1260 0.4050 0.1693 0.8896
1305031465.2279 -1.2129 -0.4754 -0.0619 -0.1341 0.3939 0.1690 0.8935
1305031465.2598 -1.1956 -0.4629 -0.0519 -0.1438 0.3835 0.1737 0.8956
1305031465.2956 -1.1892 -0.4423 -0.0468 -0.1421 0.3769 0.1840 0.8966
1305031465.3277 -1.1839 -0.4193 -0.0437 -0.1394 0.3673 0.1989 0.8978
1305031465.3599 -1.1719 -0.4095 -0.0401 -0.1367 0.3549 0.2128 0.9000
1305031465.3956 -1.1589 -0.3938 -0.0493 -0.1276 0.3409 0.2240 0.9040
1305031465.4277 -1.1473 -0.3737 -0.0653 -0.1169 0.3298 0.2348 0.9069
1305031465.4601 -1.1447 -0.3520 -0.0786 -0.1055 0.3227 0.2467 0.9077
1305031465.4957 -1.1418 -0.3286 -0.0936 -0.0996 0.3139 0.2567 0.9086
1305031465.5276 -1.1280 -0.3203 -0.1049 -0.0996 0.3045 0.2618 0.9104
1305031465.5598 -1.1221 -0.3042 -0.1212 -0.0900 0.2991 0.2659 0.9120
1305031465.5956 -1.1191 -0.2826 -0.1400 -0.0801 0.2970 0.2723 0.9117
1305031465.6277 -1.1230 -0.2677 -0.1532 -0.0720 0.2969 0.2795 0.9102
1305031465.6601 -1.1233 -0.2515 -0.1680 -0.0628 0.2908 0.2859 0.9109
1305031465.6957 -1.1158 -0.2276 -0.1892 -0.0523 0.2844 0.2910 0.9120
1305031465.7277 -1.1156 -0.2072 -0.2065 -0.0418 0.2842 0.2969 0.9107
1305031465.7598 -1.1174 -0.1837 -0.2237 -0.0306 0.2829 0.3026 0.9096
1305031465.7959 -1.1140 -0.1596 -0.2405 -0.0224 0.2812 0.3067 0.9090
1305031465.8280 -1.1095 -0.1409 -0.2566 -0.0127 0.2807 0.3091 0.9086
1305031465.8599 -1.1148 -0.1100 -0.2745 0.0006 0.2826 0.3089 0.9081
1305031465.8955 -1.1131 -0.0784 -0.2894 0.0041 0.2867 0.3091 0.9068
1305031465.9275 -1.1069 -0.0592 -0.3037 0.0065 0.2940 0.3082 0.9047
1305031465.9597 -1.1103 -0.0356 -0.3197 0.0136 0.3040 0.3029 0.9031
1305031465.9958 -1.1211 -0.0155 -0.3324 0.0168 0.3132 0.2964 0.9021
1305031466.0276 -1.1303 0.0081 -0.3449 0.0214 0.3174 0.2925 0.9018
1305031466.0598 -1.1411 0.0323 -0.3560 0.0204 0.3197 0.2930 0.9009
1305031466.0958 -1.1488 0.0465 -0.3695 0.0161 0.3174 0.2959 0.9008
1305031466.1276 -1.1548 0.0640 -0.3826 0.0125 0.3119 0.2978 0.9021
1305031466.1604 -1.1641 0.0772 -0.3980 0.0097 0.3065 0.3017 0.9028
1305031466.1958 -1.1752 0.0920 -0.4127 0.0059 0.2976 0.3052 0.9046
1305031466.2280 -1.1756 0.1053 -0.4289 -0.0027 0.2854 0.3052 0.9085
1305031466.2598 -1.1655 0.1150 -0.4499 -0.0076 0.2788 0.3003 0.9122
1305031466.2957 -1.1667 0.1299 -0.4703 -0.0101 0.2825 0.2881 0.9149
1305031466.3277 -1.1739 0.1395 -0.4904 -0.0160 0.2914 0.2791 0.9149
1305031466.3598 -1.1790 0.1463 -0.5081 -0.0256 0.2978 0.2749 0.9138
1305031466.3958 -1.1755 0.1412 -0.5258 -0.0310 0.3000 0.2719 0.9138
1305031466.4278 -1.1851 0.1497 -0.5444 -0.0257 0.3006 0.2656 0.9156
1305031466.4598 -1.1890 0.1643 -0.5627 -0.0247 0.2956 0.2621 0.9183
1305031466.4958 -1.1833 0.1785 -0.5811 -0.0271 0.2897 0.2627 0.9200
1305031466.5275 -1.1724 0.1906 -0.5997 -0.0297 0.2888 0.2636 0.9199
1305031466.5604 -1.1747 0.2066 -0.6167 -0.0317 0.2922 0.2620 0.9192
1305031466.5959 -1.1716 0.2229 -0.6323 -0.0393 0.2898 0.2618 0.9197
1305031466.6275 -1.1483 0.2299 -0.6474 -0.0480 0.2862 0.2607 0.9208
1305031466.6597 -1.1437 0.2392 -0.6671 -0.0453 0.2900 0.2540 0.9216
1305031466.6958 -1.1487 0.2595 -0.6812 -0.0443 0.2905 0.2460 0.9236
1305031466.7281 -1.1370 0.2726 -0.6935 -0.0522 0.2847 0.2394 0.9268
1305031466.7596 -1.1191 0.2791 -0.7052 -0.0542 0.2832 0.2319 0.9290
1305031466.7956 -1.1224 0.2901 -0.7246 -0.0490 0.2841 0.2248 0.9308
1305031466.8279 -1.1189 0.3019 -0.7400 -0.0504 0.2790 0.2238 0.9325
1305031466.8597 -1.1099 0.3023 -0.7495 -0.0524 0.2733 0.2256 0.9336
1305031466.8957 -1.1057 0.3095 -0.7671 -0.0457 0.2629 0.2248 0.9371
1305031466.9278 -1.0976 0.3167 -0.7830 -0.0424 0.2491 0.2235 0.9414
1305031466.9597 -1.0859 0.3219 -0.7927 -0.0408 0.2399 0.2219 0.9442
1305031466.9957 -1.0801 0.3251 -0.8062 -0.0411 0.2362 0.2198 0.9456
1305031467.0278 -1.0754 0.3269 -0.8181 -0.0418 0.2333 0.2174 0.9469
1305031467.0597 -1.0713 0.3321 -0.8265 -0.0416 0.2315 0.2160 0.9476
1305031467.0957 -1.0672 0.3427 -0.8365 -0.0407 0.2294 0.2144 0.9486
1305031467.1290 -1.0643 0.3460 -0.8396 -0.0415 0.2280 0.2104 0.9497
1305031467.1597 -1.0618 0.3492 -0.8464 -0.0416 0.2265 0.2066 0.9509
1305031467.1957 -1.0603 0.3516 -0.8510 -0.0413 0.2247 0.2049 0.9517
1305031467.2277 -1.0590 0.3548 -0.8553 -0.0406 0.2223 0.2031 0.9527
1305031467.2597 -1.0571 0.3579 -0.8583 -0.0400 0.2206 0.2007 0.9536
1305031467.2958 -1.0580 0.3607 -0.8599 -0.0397 0.2202 0.1982 0.9543
1305031467.3280 -1.0588 0.3632 -0.8638 -0.0393 0.2190 0.1967 0.9549
1305031467.3597 -1.0685 0.3730 -0.8644 -0.0375 0.2194 0.1954 0.9551
1305031467.3958 -1.0746 0.3875 -0.8705 -0.0346 0.2188 0.1946 0.9555
1305031467.4278 -1.0742 0.3935 -0.8749 -0.0337 0.2167 0.1933 0.9563
1305031467.4597 -1.0786 0.3973 -0.8775 -0.0324 0.2160 0.1927 0.9566
1305031467.4961 -1.0858 0.4063 -0.8778 -0.0313 0.2168 0.1911 0.9568
1305031467.5277 -1.0899 0.4118 -0.8841 -0.0324 0.2165 0.1884 0.9574
1305031467.5598 -1.0874 0.4175 -0.8871 -0.0316 0.2161 0.1869 0.9578
1305031467.5960 -1.0853 0.4212 -0.8918 -0.0310 0.2153 0.1873 0.9579
1305031467.6275 -1.0822 0.4162 -0.8918 -0.0319 0.2146 0.1879 0.9579
1305031467.6596 -1.0789 0.4165 -0.8931 -0.0298 0.2136 0.1869 0.9584
1305031467.6959 -1.0771 0.4184 -0.8954 -0.0286 0.2132 0.1853 0.9589
1305031467.7275 -1.0773 0.4216 -0.8894 -0.0264 0.2147 0.1801 0.9596
1305031467.7599 -1.0653 0.4274 -0.8904 -0.0204 0.2145 0.1751 0.9607
1305031467.7961 -1.0534 0.4324 -0.8873 -0.0162 0.2134 0.1707 0.9618
1305031467.8278 -1.0337 0.4336 -0.8772 -0.0112 0.2122 0.1679 0.9626
1305031467.8597 -1.0201 0.4351 -0.8716 -0.0019 0.2112 0.1678 0.9629
1305031467.8959 -1.0109 0.4390 -0.8688 0.0056 0.2070 0.1649 0.9643
1305031467.9278 -0.9900 0.4421 -0.8591 0.0103 0.1999 0.1608 0.9665
1305031467.9598 -0.9687 0.4440 -0.8513 0.0176 0.1962 0.1569 0.9678
1305031467.9958 -0.9582 0.4532 -0.8470 0.0216 0.1962 0.1520 0.9685
1305031468.0281 -0.9376 0.4515 -0.8295 0.0188 0.1959 0.1491 0.9690
1305031468.0598 -0.9195 0.4479 -0.8183 0.0225 0.1959 0.1439 0.9697
1305031468.0959 -0.9067 0.4520 -0.8141 0.0256 0.1942 0.1405 0.9705
1305031468.1278 -0.8848 0.4515 -0.8005 0.0251 0.1919 0.1394 0.9711
1305031468.1599 -0.8662 0.4522 -0.7917 0.0270 0.1909 0.1351 0.9719
1305031468.1960 -0.8468 0.4539 -0.7847 0.0264 0.1901 0.1313 0.9726
1305031468.2282 -0.8259 0.4505 -0.7745 0.0251 0.1912 0.1321 0.9723
1305031468.2598 -0.8051 0.4487 -0.7679 0.0254 0.1931 0.1332 0.9718
1305031468.2958 -0.7868 0.4446 -0.7600 0.0242 0.1960 0.1328 0.9713
1305031468.3278 -0.7646 0.4372 -0.7521 0.0258 0.1989 0.1343 0.9704
1305031468.3598 -0.7502 0.4363 -0.7511 0.0308 0.2035 0.1367 0.9690
1305031468.3959 -0.7393 0.4334 -0.7488 0.0292 0.2055 0.1374 0.9685
1305031468.4280 -0.7180 0.4183 -0.7473 0.0241 0.2036 0.1397 0.9687
1305031468.4598 -0.7012 0.4132 -0.7485 0.0257 0.2026 0.1423 0.9685
1305031468.4958 -0.6864 0.4065 -0.7470 0.0233 0.2032 0.1429 0.9684
1305031468.5278 -0.6701 0.3906 -0.7400 0.0201 0.2044 0.1381 0.9689
1305031468.5597 -0.6588 0.3777 -0.7375 0.0229 0.2054 0.1279 0.9700
1305031468.5958 -0.6551 0.3698 -0.7413 0.0238 0.2056 0.1213 0.9708
1305031468.6276 -0.6447 0.3601 -0.7335 0.0196 0.2029 0.1216 0.9714
1305031468.6596 -0.6322 0.3364 -0.7291 0.0168 0.1989 0.1221 0.9722
1305031468.6958 -0.6231 0.3214 -0.7255 0.0214 0.1938 0.1168 0.9738
1305031468.7278 -0.6151 0.3108 -0.7228 0.0272 0.1888 0.1141 0.9750
1305031468.7596 -0.6055 0.3000 -0.7176 0.0298 0.1845 0.1128 0.9759
1305031468.7958 -0.5923 0.2813 -0.7120 0.0308 0.1821 0.1074 0.9769
1305031468.8292 -0.5873 0.2694 -0.7070 0.0365 0.1823 0.0981 0.9777
1305031468.8597 -0.5798 0.2691 -0.7035 0.0386 0.1825 0.0926 0.9781
1305031468.8959 -0.5702 0.2597 -0.6988 0.0340 0.1857 0.0925 0.9776
1305031468.9281 -0.5657 0.2522 -0.6924 0.0300 0.1910 0.0967 0.9764
1305031468.9596 -0.5668 0.2500 -0.6895 0.0245 0.1961 0.1022 0.9749
1305031468.9957 -0.5752 0.2560 -0.6810 0.0121 0.1977 0.1028 0.9748
1305031469.0277 -0.5659 0.2452 -0.6717 -0.0088 0.1940 0.1047 0.9754
1305031469.0598 -0.5608 0.2336 -0.6649 -0.0246 0.1911 0.1041 0.9757
1305031469.0957 -0.5496 0.2366 -0.6589 -0.0371 0.1862 0.0986 0.9769
1305031469.1277 -0.5333 0.2332 -0.6519 -0.0540 0.1855 0.0945 0.9766
1305031469.1597 -0.5231 0.2301 -0.6427 -0.0682 0.1894 0.0917 0.9752
1305031469.1955 -0.5147 0.2233 -0.6305 -0.0808 0.1952 0.0899 0.9733
1305031469.2278 -0.5133 0.2178 -0.6188 -0.0885 0.2006 0.0888 0.9716
1305031469.2596 -0.5063 0.2206 -0.6087 -0.0943 0.2007 0.0870 0.9712
1305031469.2968 -0.4990 0.2212 -0.5983 -0.1009 0.2032 0.0867 0.9701
1305031469.3276 -0.4969 0.2261 -0.5878 -0.1063 0.2052 0.0868 0.9690
1305031469.3596 -0.4808 0.2326 -0.5782 -0.1147 0.2045 0.0853 0.9684
1305031469.3957 -0.4691 0.2360 -0.5668 -0.1214 0.2126 0.0809 0.9662
1305031469.4277 -0.4683 0.2469 -0.5559 -0.1246 0.2240 0.0741 0.9637
1305031469.4597 -0.4671 0.2553 -0.5403 -0.1299 0.2329 0.0669 0.9615
1305031469.4957 -0.4699 0.2624 -0.5224 -0.1330 0.2394 0.0631 0.9597
1305031469.5276 -0.4690 0.2784 -0.5117 -0.1327 0.2383 0.0635 0.9600
1305031469.5596 -0.4647 0.2919 -0.5001 -0.1365 0.2353 0.0652 0.9601
1305031469.5958 -0.4615 0.3079 -0.4892 -0.1404 0.2325 0.0686 0.9599
1305031469.6278 -0.4560 0.3179 -0.4770 -0.1490 0.2301 0.0725 0.9590
1305031469.6596 -0.4530 0.3232 -0.4608 -0.1570 0.2320 0.0747 0.9571
1305031469.6956 -0.4517 0.3392 -0.4490 -0.1589 0.2340 0.0772 0.9561
1305031469.7277 -0.4519 0.3498 -0.4354 -0.1644 0.2372 0.0805 0.9541
1305031469.7596 -0.4568 0.3628 -0.4224 -0.1684 0.2410 0.0850 0.9520
1305031469.7956 -0.4634 0.3767 -0.4027 -0.1722 0.2430 0.0891 0.9504
1305031469.8275 -0.4670 0.3893 -0.3900 -0.1743 0.2402 0.0935 0.9504
1305031469.8596 -0.4737 0.4004 -0.3746 -0.1784 0.2378 0.0981 0.9497
1305031469.8958 -0.4800 0.4106 -0.3600 -0.1812 0.2359 0.1029 0.9492
1305031469.9279 -0.4881 0.4225 -0.3431 -0.1816 0.2345 0.1073 0.9489
1305031469.9598 -0.4974 0.4346 -0.3283 -0.1797 0.2319 0.1102 0.9496
1305031469.9956 -0.5078 0.4442 -0.3142 -0.1792 0.2305 0.1131 0.9497
1305031470.0277 -0.5178 0.4571 -0.3023 -0.1767 0.2269 0.1149 0.9508
1305031470.0596 -0.5292 0.4681 -0.2895 -0.1754 0.2257 0.1167 0.9511
1305031470.0959 -0.5417 0.4748 -0.2786 -0.1752 0.2255 0.1196 0.9509
1305031470.1276 -0.5555 0.4855 -0.2675 -0.1744 0.2247 0.1234 0.9507
1305031470.1596 -0.5701 0.4904 -0.2543 -0.1761 0.2243 0.1263 0.9501
1305031470.1961 -0.5851 0.4949 -0.2441 -0.1755 0.2233 0.1303 0.9499
1305031470.2276 -0.5981 0.4962 -0.2348 -0.1791 0.2219 0.1350 0.9489
1305031470.2600 -0.6127 0.5020 -0.2249 -0.1800 0.2212 0.1391 0.9483
1305031470.2957 -0.6277 0.5081 -0.2146 -0.1818 0.2209 0.1436 0.9474
1305031470.3276 -0.6431 0.5107 -0.2030 -0.1862 0.2205 0.1484 0.9459
1305031470.3596 -0.6584 0.5127 -0.1918 -0.1884 0.2193 0.1540 0.9448
1305031470.3958 -0.6739 0.5185 -0.1805 -0.1866 0.2182 0.1578 0.9448
1305031470.4276 -0.6871 0.5249 -0.1695 -0.1833 0.2156 0.1562 0.9463
1305031470.4597 -0.7006 0.5238 -0.1602 -0.1825 0.2147 0.1560 0.9467
1305031470.4957 -0.7132 0.5215 -0.1520 -0.1816 0.2135 0.1568 0.9470
1305031470.5277 -0.7250 0.5204 -0.1440 -0.1814 0.2129 0.1570 0.9472
1305031470.5597 -0.7373 0.5210 -0.1357 -0.1812 0.2140 0.1576 0.9469
1305031470.5958 -0.7474 0.5189 -0.1285 -0.1811 0.2140 0.1610 0.9463
1305031470.6277 -0.7581 0.5185 -0.1199 -0.1814 0.2150 0.1660 0.9451
1305031470.6597 -0.7672 0.5172 -0.1126 -0.1811 0.2148 0.1706 0.9444
1305031470.6956 -0.7770 0.5162 -0.1038 -0.1817 0.2144 0.1744 0.9437
1305031470.7277 -0.7842 0.5126 -0.0943 -0.1822 0.2143 0.1756 0.9434
1305031470.7597 -0.7905 0.5090 -0.0907 -0.1838 0.2166 0.1801 0.9417
1305031470.7956 -0.7995 0.5073 -0.0803 -0.1855 0.2228 0.1842 0.9392
1305031470.8278 -0.8057 0.5044 -0.0720 -0.1814 0.2248 0.1868 0.9390
1305031470.8596 -0.8127 0.5004 -0.0665 -0.1755 0.2266 0.1897 0.9391
1305031470.8957 -0.8207 0.4968 -0.0624 -0.1692 0.2274 0.1937 0.9392
1305031470.9277 -0.8263 0.4931 -0.0559 -0.1624 0.2260 0.1960 0.9403
1305031470.9596 -0.8312 0.4876 -0.0510 -0.1518 0.2256 0.1956 0.9422
1305031470.9960 -0.8367 0.4855 -0.0491 -0.1411 0.2269 0.1951 0.9437
1305031471.0276 -0.8402 0.4810 -0.0448 -0.1321 0.2303 0.1942 0.9444
1305031471.0596 -0.8460 0.4756 -0.0419 -0.1220 0.2360 0.1955 0.9440
1305031471.0958 -0.8537 0.4733 -0.0389 -0.1102 0.2409 0.1987 0.9436
1305031471.1277 -0.8575 0.4685 -0.0360 -0.1018 0.2420 0.2031 0.9433
1305031471.1596 -0.8619 0.4652 -0.0356 -0.0939 0.2439 0.2073 0.9427
1305031471.1957 -0.8666 0.4624 -0.0336 -0.0896 0.2476 0.2122 0.9411
1305031471.2276 -0.8714 0.4591 -0.0306 -0.0877 0.2510 0.2172 0.9392
1305031471.2597 -0.8739 0.4535 -0.0265 -0.0884 0.2525 0.2207 0.9379
1305031471.2961 -0.8749 0.4484 -0.0229 -0.0871 0.2543 0.2246 0.9366
1305031471.3276 -0.8769 0.4461 -0.0229 -0.0834 0.2583 0.2266 0.9354
1305031471.3596 -0.8806 0.4445 -0.0222 -0.0835 0.2657 0.2288 0.9328
1305031471.3957 -0.8826 0.4341 -0.0179 -0.0867 0.2735 0.2343 0.9289
1305031471.4277 -0.8897 0.4293 -0.0166 -0.0814 0.2789 0.2398 0.9263
1305031471.4596 -0.8943 0.4266 -0.0163 -0.0785 0.2791 0.2449 0.9252
1305031471.4965 -0.8973 0.4220 -0.0142 -0.0792 0.2799 0.2492 0.9237
1305031471.5276 -0.9009 0.4181 -0.0137 -0.0782 0.2807 0.2537 0.9224
1305031471.5597 -0.9036 0.4166 -0.0134 -0.0780 0.2820 0.2556 0.9214
1305031471.5957 -0.9067 0.4122 -0.0130 -0.0800 0.2868 0.2580 0.9191
1305031471.6276 -0.9094 0.4081 -0.0133 -0.0821 0.2917 0.2601 0.9168
1305031471.6596 -0.9119 0.4012 -0.0154 -0.0846 0.2961 0.2626 0.9144
1305031471.6956 -0.9087 0.4003 -0.0209 -0.0835 0.2933 0.2671 0.9141
1305031471.7275 -0.9072 0.3964 -0.0231 -0.0858 0.2926 0.2702 0.9132
1305031471.7597 -0.9060 0.3938 -0.0267 -0.0870 0.2919 0.2734 0.9124
1305031471.7958 -0.9050 0.3924 -0.0302 -0.0876 0.2909 0.2752 0.9121
1305031471.8276 -0.9039 0.3907 -0.0314 -0.0892 0.2905 0.2770 0.9116
1305031471.8597 -0.9029 0.3884 -0.0323 -0.0910 0.2903 0.2788 0.9109
1305031471.8956 -0.9026 0.3874 -0.0326 -0.0918 0.2902 0.2793 0.9107
1305031471.9277 -0.9020 0.3865 -0.0330 -0.0927 0.2899 0.2794 0.9107
1305031471.9596 -0.9018 0.3860 -0.0333 -0.0932 0.2898 0.2793 0.9107
1305031471.9956 -0.9016 0.3858 -0.0335 -0.0934 0.2897 0.2792 0.9107
1305031472.0276 -0.9012 0.3855 -0.0338 -0.0938 0.2894 0.2792 0.9108
1305031472.0597 -0.9012 0.3855 -0.0338 -0.0938 0.2894 0.2792 0.9108
1305031472.0956 -0.9012 0.3855 -0.0338 -0.0938 0.2894 0.2792 0.9108
1305031472.1276 -0.9012 0.3855 -0.0338 -0.0938 0.2894 0.2792 0.9108
1305031472.1596 -0.9012 0.3855 -0.0338 -0.0938 0.2894 0.2792 0.9108
1305031472.1957 -0.9065 0.3855 -0.0314 -0.0928 0.2932 0.2787 0.9098
1305031472.2276 -0.9407 0.3383 -0.0433 -0.1253 0.3177 0.2773 0.8980
1305031472.2638 -0.9406 0.3363 -0.0391 -0.1239 0.3205 0.2756 0.8978
1305031472.2957 -0.9410 0.3334 -0.0394 -0.1183 0.3237 0.2762 0.8972
1305031472.3277 -0.9431 0.3341 -0.0443 -0.1118 0.3241 0.2776 0.8974
1305031472.3636 -0.9442 0.3343 -0.0457 -0.1102 0.3233 0.2797 0.8973
1305031472.3956 -0.9293 0.3244 -0.0532 -0.1155 0.3107 0.2899 0.8978
1305031472.4277 -0.8984 0.3221 -0.0751 -0.1160 0.2825 0.3047 0.9022
1305031472.4636 -0.8962 0.3192 -0.0768 -0.1156 0.2812 0.3035 0.9030
1305031472.4956 -0.8949 0.3184 -0.0785 -0.1159 0.2821 0.3034 0.9027
1305031472.5276 -0.8905 0.3140 -0.0766 -0.1180 0.2837 0.3037 0.9019
1305031472.5636 -0.8881 0.3118 -0.0774 -0.1127 0.2845 0.3037 0.9023
1305031472.5957 -0.8888 0.3110 -0.0809 -0.1071 0.2850 0.3054 0.9022
1305031472.6277 -0.8858 0.3093 -0.0813 -0.1070 0.2841 0.3070 0.9020
1305031472.6636 -0.8811 0.3072 -0.0818 -0.1065 0.2830 0.3083 0.9019
1305031472.6958 -0.8778 0.3057 -0.0828 -0.1042 0.2825 0.3091 0.9021
1305031472.7276 -0.8742 0.3041 -0.0834 -0.1021 0.2821 0.3083 0.9027
1305031472.7636 -0.8713 0.3027 -0.0850 -0.1010 0.2824 0.3070 0.9032
1305031472.7956 -0.8674 0.3001 -0.0838 -0.1016 0.2839 0.3050 0.9034
1305031472.8276 -0.8655 0.2993 -0.0838 -0.0990 0.2854 0.3043 0.9034
1305031472.8636 -0.8648 0.2989 -0.0845 -0.0961 0.2858 0.3053 0.9032
1305031472.8957 -0.8644 0.2989 -0.0834 -0.0948 0.2854 0.3073 0.9029
1305031472.9277 -0.8611 0.2984 -0.0829 -0.0947 0.2837 0.3089 0.9029
1305031472.9638 -0.8605 0.2989 -0.0829 -0.0933 0.2840 0.3102 0.9024
1305031472.9957 -0.8600 0.2986 -0.0821 -0.0935 0.2833 0.3114 0.9023
1305031473.0276 -0.8588 0.2984 -0.0819 -0.0938 0.2815 0.3117 0.9027
1305031473.0637 -0.8567 0.2983 -0.0810 -0.0948 0.2803 0.3105 0.9033
1305031473.0957 -0.8562 0.2985 -0.0805 -0.0950 0.2814 0.3084 0.9037
1305031473.1277 -0.8560 0.2972 -0.0795 -0.0963 0.2827 0.3071 0.9036
1305031473.1671 -0.8555 0.2963 -0.0794 -0.0954 0.2822 0.3067 0.9040
1305031473.1961 -0.8548 0.2963 -0.0798 -0.0941 0.2817 0.3064 0.9044
