1305031453.4237 0.0033 0.0046 -0.0076 0.0021 0.0035 0.0071 1.0000
1305031453.4597 0.0066 0.0058 -0.0169 0.0044 0.0112 0.0170 0.9998
1305031453.4917 0.0043 0.0147 -0.0264 0.0113 0.0198 0.0278 0.9994
1305031453.5237 0.0080 0.0163 -0.0394 0.0165 0.0233 0.0356 0.9990
1305031453.5598 0.0169 0.0213 -0.0573 0.0220 0.0225 0.0415 0.9986
1305031453.5916 0.0092 0.0305 -0.0753 0.0314 0.0290 0.0476 0.9979
1305031453.6277 0.0043 0.0356 -0.0831 0.0383 0.0305 0.0506 0.9975
1305031453.6596 0.0034 0.0412 -0.1004 0.0436 0.0256 0.0501 0.9975
1305031453.6917 -0.0028 0.0531 -0.1179 0.0523 0.0205 0.0455 0.9974
1305031453.7277 -0.0006 0.0505 -0.1318 0.0527 0.0123 0.0410 0.9977
1305031453.7597 -0.0119 0.0515 -0.1386 0.0550 0.0039 0.0345 0.9979
1305031453.7917 -0.0131 0.0565 -0.1582 0.0579 -0.0060 0.0269 0.9979
1305031453.8278 -0.0177 0.0606 -0.1682 0.0597 -0.0152 0.0202 0.9979
1305031453.8597 -0.0327 0.0746 -0.1762 0.0646 -0.0269 0.0146 0.9974
1305031453.8917 -0.0405 0.0756 -0.1833 0.0632 -0.0430 0.0094 0.9970
1305031453.9277 -0.0489 0.0860 -0.1938 0.0619 -0.0629 0.0058 0.9961
1305031453.9596 -0.0511 0.0900 -0.1966 0.0609 -0.0806 -0.0016 0.9949
1305031453.9916 -0.0602 0.0929 -0.1963 0.0610 -0.0928 -0.0115 0.9938
1305031454.0277 -0.0737 0.0985 -0.1951 0.0637 -0.1049 -0.0164 0.9923
1305031454.0597 -0.0809 0.1095 -0.1949 0.0678 -0.1166 -0.0226 0.9906
1305031454.0917 -0.0984 0.1235 -0.1788 0.0737 -0.1266 -0.0303 0.9887
1305031454.1277 -0.1143 0.1331 -0.1714 0.0804 -0.1388 -0.0405 0.9862
1305031454.1597 -0.1347 0.1397 -0.1728 0.0824 -0.1490 -0.0489 0.9842
1305031454.1917 -0.1458 0.1421 -0.1718 0.0818 -0.1646 -0.0596 0.9812
1305031454.2277 -0.1590 0.1531 -0.1588 0.0895 -0.1812 -0.0750 0.9765
1305031454.2596 -0.1667 0.1468 -0.1696 0.0900 -0.1931 -0.0887 0.9730
1305031454.2916 -0.1761 0.1551 -0.1668 0.0917 -0.2010 -0.0982 0.9703
1305031454.3277 -0.1906 0.1554 -0.1670 0.0921 -0.2088 -0.1105 0.9673
1305031454.3596 -0.1999 0.1630 -0.1748 0.0988 -0.2174 -0.1225 0.9633
1305031454.3917 -0.2077 0.1624 -0.1787 0.0980 -0.2261 -0.1326 0.9601
1305031454.4275 -0.2191 0.1683 -0.1832 0.0996 -0.2361 -0.1411 0.9563
1305031454.4599 -0.2284 0.1696 -0.1839 0.1014 -0.2454 -0.1541 0.9517
1305031454.4916 -0.2359 0.1751 -0.1800 0.1043 -0.2506 -0.1674 0.9478
1305031454.5277 -0.2424 0.1844 -0.1802 0.1062 -0.2562 -0.1811 0.9436
1305031454.5596 -0.2447 0.1901 -0.1724 0.1053 -0.2653 -0.1923 0.9389
1305031454.5916 -0.2521 0.1976 -0.1746 0.1048 -0.2748 -0.2046 0.9336
1305031454.6276 -0.2581 0.2023 -0.1753 0.1036 -0.2867 -0.2142 0.9280
1305031454.6595 -0.2642 0.2167 -0.1674 0.1027 -0.2993 -0.2188 0.9230
1305031454.6919 -0.2738 0.2273 -0.1652 0.1003 -0.3108 -0.2251 0.9180
1305031454.7277 -0.2761 0.2345 -0.1700 0.0990 -0.3221 -0.2300 0.9130
1305031454.7597 -0.2810 0.2417 -0.1569 0.0956 -0.3291 -0.2257 0.9119
1305031454.7916 -0.2798 0.2420 -0.1491 0.0893 -0.3337 -0.2196 0.9124
1305031454.8276 -0.2745 0.2487 -0.1497 0.0858 -0.3355 -0.2135 0.9135
1305031454.8596 -0.2784 0.2427 -0.1474 0.0763 -0.3337 -0.2109 0.9156
1305031454.8918 -0.2771 0.2436 -0.1457 0.0708 -0.3309 -0.2059 0.9182
1305031454.9276 -0.2770 0.2543 -0.1456 0.0689 -0.3273 -0.1992 0.9211
1305031454.9596 -0.2789 0.2591 -0.1469 0.0650 -0.3237 -0.1943 0.9237
1305031454.9919 -0.2802 0.2638 -0.1486 0.0620 -0.3224 -0.1893 0.9254
1305031455.0278 -0.2825 0.2697 -0.1508 0.0616 -0.3213 -0.1871 0.9263
1305031455.0596 -0.2847 0.2725 -0.1520 0.0594 -0.3198 -0.1849 0.9274
1305031455.0917 -0.2873 0.2767 -0.1554 0.0605 -0.3175 -0.1845 0.9282
1305031455.1277 -0.2912 0.2857 -0.1602 0.0626 -0.3136 -0.1843 0.9294
1305031455.1597 -0.2988 0.2898 -0.1660 0.0606 -0.3093 -0.1817 0.9315
1305031455.1917 -0.3030 0.2924 -0.1654 0.0566 -0.3088 -0.1769 0.9328
1305031455.2276 -0.3078 0.2937 -0.1689 0.0549 -0.3073 -0.1733 0.9341
1305031455.2596 -0.3119 0.3053 -0.1687 0.0540 -0.3054 -0.1668 0.9359
1305031455.2918 -0.3191 0.3035 -0.1713 0.0430 -0.3026 -0.1582 0.9389
1305031455.3278 -0.3291 0.3108 -0.1809 0.0381 -0.2993 -0.1486 0.9417
1305031455.3596 -0.3340 0.3198 -0.1727 0.0309 -0.3010 -0.1400 0.9428
1305031455.3917 -0.3403 0.3175 -0.1726 0.0184 -0.2976 -0.1326 0.9453
1305031455.4276 -0.3518 0.3268 -0.1788 0.0140 -0.2918 -0.1234 0.9484
1305031455.4596 -0.3662 0.3274 -0.1909 0.0104 -0.2860 -0.1184 0.9508
1305031455.4916 -0.3774 0.3309 -0.2008 0.0067 -0.2820 -0.1113 0.9529
1305031455.5276 -0.3942 0.3321 -0.2120 0.0029 -0.2775 -0.1019 0.9553
1305031455.5597 -0.4131 0.3386 -0.2238 0.0023 -0.2765 -0.0904 0.9567
1305031455.5916 -0.4291 0.3431 -0.2387 -0.0001 -0.2760 -0.0795 0.9579
1305031455.6276 -0.4486 0.3385 -0.2513 -0.0053 -0.2718 -0.0715 0.9597
1305031455.6596 -0.4579 0.3384 -0.2624 -0.0031 -0.2703 -0.0664 0.9605
1305031455.6916 -0.4748 0.3380 -0.2772 -0.0007 -0.2657 -0.0675 0.9617
1305031455.7276 -0.4833 0.3341 -0.2857 -0.0002 -0.2636 -0.0705 0.9621
1305031455.7597 -0.4895 0.3320 -0.2914 0.0003 -0.2611 -0.0720 0.9626
1305031455.7917 -0.4965 0.3240 -0.3001 -0.0004 -0.2582 -0.0711 0.9635
1305031455.8276 -0.5037 0.3202 -0.3172 0.0005 -0.2553 -0.0711 0.9642
1305031455.8595 -0.5130 0.3170 -0.3263 0.0006 -0.2532 -0.0720 0.9647
1305031455.8917 -0.5166 0.3139 -0.3358 0.0003 -0.2516 -0.0721 0.9651
1305031455.9280 -0.5228 0.3103 -0.3445 -0.0005 -0.2492 -0.0727 0.9657
1305031455.9597 -0.5277 0.3107 -0.3522 0.0010 -0.2470 -0.0743 0.9662
1305031455.9917 -0.5315 0.3102 -0.3579 0.0003 -0.2446 -0.0754 0.9667
1305031456.0278 -0.5320 0.3142 -0.3615 -0.0019 -0.2426 -0.0777 0.9670
1305031456.0597 -0.5427 0.3041 -0.3674 -0.0111 -0.2377 -0.0865 0.9674
1305031456.0917 -0.5492 0.2991 -0.3702 -0.0141 -0.2350 -0.0891 0.9678
1305031456.1276 -0.5542 0.2966 -0.3743 -0.0144 -0.2325 -0.0900 0.9683
1305031456.1597 -0.5586 0.2912 -0.3745 -0.0153 -0.2298 -0.0900 0.9689
1305031456.1917 -0.5638 0.2759 -0.3835 -0.0145 -0.2233 -0.0862 0.9708
1305031456.2277 -0.5719 0.2853 -0.3904 -0.0089 -0.2140 -0.0845 0.9731
1305031456.2917 -0.5813 0.2650 -0.3900 -0.0130 -0.1967 -0.0777 0.9773
1305031456.3277 -0.5898 0.2603 -0.3913 -0.0106 -0.1874 -0.0704 0.9797
1305031456.3916 -0.5970 0.2456 -0.3843 -0.0116 -0.1696 -0.0598 0.9836
1305031456.4277 -0.6080 0.2476 -0.3817 -0.0067 -0.1613 -0.0500 0.9856
1305031456.4917 -0.6458 0.2688 -0.3763 -0.0071 -0.1526 -0.0372 0.9876
1305031456.5276 -0.6672 0.2781 -0.3711 -0.0076 -0.1503 -0.0327 0.9881
1305031456.5917 -0.6897 0.2854 -0.3594 -0.0069 -0.1462 -0.0247 0.9889
1305031456.6276 -0.6963 0.2971 -0.3517 -0.0186 -0.1437 -0.0199 0.9892
1305031456.6916 -0.7292 0.2860 -0.3301 -0.0316 -0.1351 -0.0073 0.9903
1305031456.7277 -0.7502 0.3048 -0.3272 -0.0316 -0.1313 0.0042 0.9908
1305031456.7916 -0.7852 0.2937 -0.3139 -0.0374 -0.1408 0.0146 0.9892
1305031456.8276 -0.7933 0.3011 -0.3082 -0.0396 -0.1449 0.0228 0.9884
1305031456.8917 -0.8206 0.3027 -0.2846 -0.0471 -0.1414 0.0337 0.9883
1305031456.9277 -0.8309 0.3065 -0.2856 -0.0428 -0.1359 0.0383 0.9891
1305031456.9597 -0.8378 0.3089 -0.2823 -0.0485 -0.1329 0.0457 0.9889
1305031456.9917 -0.8558 0.3064 -0.2737 -0.0572 -0.1273 0.0473 0.9891
1305031457.0276 -0.8667 0.3077 -0.2724 -0.0585 -0.1239 0.0505 0.9893
1305031457.0917 -0.8914 0.3148 -0.2720 -0.0702 -0.1133 0.0589 0.9893
1305031457.1276 -0.8959 0.3110 -0.2717 -0.0728 -0.1109 0.0610 0.9893
1305031457.1917 -0.9251 0.3127 -0.2853 -0.0715 -0.0928 0.0731 0.9904
1305031457.2275 -0.9352 0.3039 -0.2919 -0.0791 -0.0868 0.0795 0.9899
1305031457.2917 -0.9509 0.2953 -0.3084 -0.0719 -0.0740 0.0942 0.9902
1305031457.3275 -0.9631 0.3030 -0.3179 -0.0668 -0.0649 0.0983 0.9908
1305031457.3917 -0.9911 0.2903 -0.3434 -0.0643 -0.0381 0.1144 0.9906
1305031457.4276 -1.0044 0.2935 -0.3526 -0.0605 -0.0310 0.1181 0.9907
1305031457.4917 -1.0362 0.2774 -0.3783 -0.0609 -0.0204 0.1282 0.9897
1305031457.5276 -1.0401 0.2737 -0.3896 -0.0580 -0.0189 0.1324 0.9893
1305031457.5597 -1.0496 0.2718 -0.4041 -0.0525 -0.0141 0.1388 0.9888
1305031457.5917 -1.0621 0.2682 -0.4131 -0.0513 -0.0094 0.1408 0.9887
1305031457.6275 -1.0765 0.2539 -0.4268 -0.0534 -0.0052 0.1442 0.9881
1305031457.6596 -1.0851 0.2528 -0.4378 -0.0516 -0.0035 0.1475 0.9877
1305031457.6916 -1.1062 0.2396 -0.4470 -0.0574 0.0001 0.1497 0.9871
1305031457.7277 -1.1120 0.2274 -0.4518 -0.0603 0.0012 0.1491 0.9870
1305031457.7596 -1.1193 0.2068 -0.4636 -0.0616 0.0027 0.1481 0.9871
1305031457.7916 -1.1205 0.1875 -0.4671 -0.0572 0.0057 0.1484 0.9873
1305031457.8277 -1.1309 0.1899 -0.4777 -0.0475 0.0126 0.1483 0.9877
1305031457.8596 -1.1384 0.1861 -0.4820 -0.0448 0.0183 0.1488 0.9877
1305031457.8916 -1.1555 0.1697 -0.4866 -0.0369 0.0290 0.1481 0.9879
1305031457.9276 -1.1691 0.1704 -0.4944 -0.0216 0.0343 0.1536 0.9873
1305031457.9916 -1.2012 0.1565 -0.4971 -0.0089 0.0401 0.1581 0.9866
1305031458.0278 -1.1998 0.1465 -0.5021 -0.0003 0.0413 0.1630 0.9858
1305031458.0597 -1.2138 0.1548 -0.5060 0.0100 0.0463 0.1641 0.9853
1305031458.0917 -1.2208 0.1530 -0.5058 0.0097 0.0484 0.1651 0.9850
1305031458.1276 -1.2298 0.1423 -0.5033 0.0070 0.0513 0.1653 0.9849
1305031458.1596 -1.2413 0.1311 -0.5065 0.0058 0.0538 0.1673 0.9844
1305031458.1916 -1.2611 0.1262 -0.4943 0.0057 0.0557 0.1710 0.9837
1305031458.2276 -1.2793 0.1087 -0.4741 -0.0041 0.0559 0.1703 0.9838
1305031458.2599 -1.3018 0.0766 -0.4651 -0.0101 0.0567 0.1665 0.9844
1305031458.2917 -1.3304 0.0629 -0.4655 -0.0041 0.0560 0.1676 0.9843
1305031458.3276 -1.3492 0.0569 -0.4506 -0.0023 0.0515 0.1692 0.9842
1305031458.3596 -1.3582 0.0231 -0.4389 -0.0041 0.0471 0.1692 0.9844
1305031458.3916 -1.3765 0.0357 -0.4280 0.0126 0.0459 0.1749 0.9834
1305031458.4276 -1.3843 0.0362 -0.4113 0.0202 0.0456 0.1857 0.9813
1305031458.4596 -1.3778 0.0285 -0.4040 0.0302 0.0467 0.1930 0.9796
1305031458.4917 -1.3678 0.0118 -0.3952 0.0436 0.0514 0.1949 0.9785
1305031458.5277 -1.3800 0.0195 -0.3981 0.0608 0.0599 0.1963 0.9768
1305031458.5596 -1.3916 0.0223 -0.3895 0.0668 0.0674 0.1933 0.9765
1305031458.5916 -1.4104 0.0194 -0.3818 0.0748 0.0755 0.1848 0.9770
1305031458.6277 -1.4190 0.0316 -0.3658 0.0791 0.0760 0.1828 0.9770
1305031458.6596 -1.4466 0.0294 -0.3503 0.0742 0.0770 0.1802 0.9778
1305031458.6917 -1.4596 0.0233 -0.3333 0.0687 0.0644 0.1704 0.9809
1305031458.7276 -1.4554 0.0230 -0.3139 0.0699 0.0481 0.1655 0.9825
1305031458.7599 -1.4680 0.0214 -0.2997 0.0749 0.0353 0.1569 0.9841
1305031458.7916 -1.4632 0.0248 -0.2822 0.0751 0.0173 0.1512 0.9855
1305031458.8276 -1.4563 0.0171 -0.2591 0.0680 0.0066 0.1501 0.9863
1305031458.8917 -1.4546 0.0087 -0.2369 0.0731 0.0024 0.1396 0.9875
1305031458.9276 -1.4604 0.0129 -0.2351 0.0734 0.0067 0.1412 0.9872
1305031458.9596 -1.4617 0.0031 -0.2259 0.0630 0.0094 0.1506 0.9865
1305031458.9916 -1.4698 -0.0165 -0.2230 0.0603 0.0135 0.1549 0.9860
1305031459.0277 -1.4996 -0.0177 -0.2171 0.0719 0.0170 0.1546 0.9852
1305031459.0596 -1.5146 -0.0340 -0.2133 0.0755 0.0099 0.1654 0.9833
1305031459.1276 -1.4899 0.0111 -0.1653 0.0839 -0.0008 0.1391 0.9867
1305031459.1596 -1.4973 0.0159 -0.1576 0.0938 -0.0282 0.1394 0.9854
1305031459.1917 -1.5064 0.0209 -0.1441 0.1007 -0.0468 0.1446 0.9832
1305031459.2276 -1.5120 0.0233 -0.1353 0.1035 -0.0608 0.1529 0.9809
1305031459.2598 -1.5176 0.0277 -0.1209 0.1040 -0.0632 0.1597 0.9796
1305031459.3276 -1.5339 0.0368 -0.1000 0.0991 -0.0317 0.1827 0.9777
1305031459.3597 -1.5439 0.0443 -0.0933 0.1016 -0.0084 0.2025 0.9740
1305031459.3917 -1.5593 0.0618 -0.0858 0.0988 0.0189 0.2251 0.9691
1305031459.4276 -1.5531 0.0670 -0.0776 0.0820 0.0481 0.2566 0.9618
1305031459.4597 -1.5648 0.0690 -0.0844 0.0760 0.0824 0.2916 0.9500
1305031459.5276 -1.5929 0.0961 -0.0647 0.0599 0.1263 0.3485 0.9268
1305031459.5596 -1.5983 0.0863 -0.0705 0.0487 0.1378 0.3752 0.9154
1305031459.5917 -1.6101 0.0838 -0.0687 0.0435 0.1434 0.3952 0.9063
1305031459.6276 -1.6138 0.0837 -0.0665 0.0403 0.1422 0.4071 0.9013
1305031459.6596 -1.6202 0.0837 -0.0629 0.0402 0.1468 0.4076 0.9004
1305031459.6916 -1.6364 0.0805 -0.0620 0.0364 0.1576 0.4116 0.8969
1305031459.7276 -1.6404 0.0661 -0.0629 0.0288 0.1621 0.4148 0.8949
1305031459.7917 -1.6695 0.0348 -0.0647 0.0270 0.1714 0.4103 0.8953
1305031459.8277 -1.6834 0.0187 -0.0597 0.0252 0.1730 0.4099 0.8952
1305031459.8597 -1.7029 0.0016 -0.0569 0.0218 0.1746 0.4093 0.8953
1305031459.8916 -1.7120 -0.0202 -0.0532 0.0154 0.1718 0.4138 0.8939
1305031459.9276 -1.7218 -0.0377 -0.0478 0.0132 0.1709 0.4158 0.8932
1305031459.9917 -1.7358 -0.0697 -0.0398 0.0054 0.1671 0.4256 0.8893
1305031460.0276 -1.7433 -0.0835 -0.0328 0.0040 0.1685 0.4276 0.8881
1305031460.0597 -1.7533 -0.1036 -0.0300 0.0020 0.1702 0.4308 0.8862
1305031460.0917 -1.7669 -0.1275 -0.0285 0.0008 0.1692 0.4359 0.8840
1305031460.1277 -1.7724 -0.1340 -0.0211 0.0075 0.1602 0.4416 0.8828
1305031460.1597 -1.7836 -0.1445 -0.0154 0.0134 0.1542 0.4464 0.8813
1305031460.1916 -1.7819 -0.1501 -0.0038 0.0133 0.1462 0.4538 0.8789
1305031460.2278 -1.7827 -0.1507 0.0047 0.0155 0.1466 0.4541 0.8786
1305031460.2917 -1.7875 -0.1656 0.0105 0.0193 0.1613 0.4525 0.8768
1305031460.3275 -1.7901 -0.1690 0.0136 0.0219 0.1672 0.4530 0.8754
1305031460.3916 -1.7982 -0.1773 0.0249 0.0198 0.1866 0.4562 0.8699
1305031460.4275 -1.8003 -0.1874 0.0293 0.0172 0.1967 0.4615 0.8649
1305031460.4596 -1.7998 -0.1792 0.0363 0.0183 0.2065 0.4631 0.8617
1305031460.4915 -1.8039 -0.1911 0.0393 0.0097 0.2218 0.4681 0.8553
1305031460.5276 -1.8062 -0.2079 0.0411 -0.0007 0.2344 0.4751 0.8481
1305031460.5596 -1.8067 -0.2180 0.0470 -0.0075 0.2440 0.4775 0.8440
1305031460.5919 -1.8087 -0.2276 0.0514 -0.0116 0.2517 0.4781 0.8414
1305031460.6276 -1.8110 -0.2326 0.0583 -0.0132 0.2591 0.4784 0.8389
1305031460.6598 -1.8171 -0.2408 0.0626 -0.0146 0.2662 0.4773 0.8373
1305031460.6917 -1.8203 -0.2495 0.0657 -0.0177 0.2692 0.4777 0.8361
1305031460.7277 -1.8200 -0.2545 0.0697 -0.0207 0.2701 0.4779 0.8356
1305031460.7597 -1.8216 -0.2577 0.0727 -0.0212 0.2728 0.4758 0.8359
1305031460.7917 -1.8247 -0.2678 0.0772 -0.0242 0.2761 0.4756 0.8349
1305031460.8277 -1.8269 -0.2731 0.0844 -0.0269 0.2779 0.4739 0.8352
1305031460.8597 -1.8264 -0.2777 0.0893 -0.0303 0.2800 0.4725 0.8351
1305031460.8918 -1.8267 -0.2839 0.0944 -0.0341 0.2826 0.4706 0.8352
1305031460.9276 -1.8270 -0.2915 0.0996 -0.0378 0.2838 0.4704 0.8347
1305031460.9917 -1.8184 -0.3123 0.1137 -0.0422 0.2877 0.4724 0.8320
1305031461.0276 -1.8171 -0.3228 0.1222 -0.0426 0.2903 0.4739 0.8302
1305031461.0917 -1.8243 -0.3354 0.1409 -0.0395 0.2917 0.4710 0.8316
1305031461.1276 -1.8207 -0.3399 0.1496 -0.0404 0.2923 0.4694 0.8323
1305031461.1597 -1.8209 -0.3456 0.1589 -0.0379 0.2955 0.4669 0.8326
1305031461.1920 -1.8240 -0.3550 0.1645 -0.0379 0.2987 0.4625 0.8339
1305031461.2276 -1.8235 -0.3596 0.1691 -0.0379 0.3003 0.4613 0.8340
1305031461.2596 -1.8236 -0.3628 0.1763 -0.0360 0.3018 0.4586 0.8351
1305031461.2917 -1.8238 -0.3659 0.1828 -0.0340 0.3037 0.4526 0.8377
1305031461.3278 -1.8241 -0.3653 0.1877 -0.0320 0.3063 0.4485 0.8391
1305031461.3597 -1.8267 -0.3627 0.1960 -0.0331 0.3102 0.4456 0.8391
1305031461.3917 -1.8204 -0.3701 0.2013 -0.0396 0.3098 0.4456 0.8390
1305031461.4276 -1.8160 -0.3704 0.2034 -0.0397 0.3096 0.4441 0.8399
1305031461.4598 -1.8195 -0.3679 0.2088 -0.0402 0.3112 0.4433 0.8396
1305031461.4917 -1.8103 -0.3720 0.2088 -0.0430 0.3099 0.4448 0.8392
1305031461.5277 -1.8111 -0.3695 0.2107 -0.0376 0.3123 0.4421 0.8400
1305031461.5597 -1.8076 -0.3638 0.2108 -0.0370 0.3127 0.4392 0.8414
1305031461.5917 -1.7987 -0.3527 0.1970 -0.0360 0.3141 0.4360 0.8426
1305031461.6275 -1.7989 -0.3444 0.1965 -0.0361 0.3203 0.4351 0.8407
1305031461.6596 -1.7980 -0.3405 0.1960 -0.0378 0.3254 0.4338 0.8393
1305031461.6916 -1.8019 -0.3376 0.2015 -0.0390 0.3316 0.4371 0.8351
1305031461.7276 -1.7973 -0.3291 0.2018 -0.0394 0.3319 0.4402 0.8334
1305031461.7597 -1.7963 -0.3229 0.1976 -0.0396 0.3334 0.4413 0.8322
1305031461.7916 -1.7927 -0.3138 0.2012 -0.0433 0.3383 0.4448 0.8281
1305031461.8276 -1.7868 -0.3031 0.1922 -0.0451 0.3406 0.4481 0.8253
1305031461.8598 -1.7922 -0.2839 0.1914 -0.0418 0.3467 0.4527 0.8204
1305031461.8917 -1.7966 -0.2723 0.1998 -0.0466 0.3529 0.4629 0.8118
1305031461.9278 -1.7844 -0.2723 0.2104 -0.0598 0.3525 0.4741 0.8046
1305031461.9597 -1.7741 -0.2518 0.1938 -0.0624 0.3498 0.4782 0.8031
1305031461.9916 -1.7876 -0.2363 0.1976 -0.0690 0.3595 0.4822 0.7959
1305031462.0277 -1.7875 -0.2490 0.2110 -0.0887 0.3648 0.4920 0.7855
1305031462.0598 -1.7868 -0.2404 0.2103 -0.0924 0.3583 0.5049 0.7799
1305031462.0918 -1.7816 -0.2292 0.2035 -0.0948 0.3479 0.5184 0.7754
1305031462.1277 -1.7745 -0.2163 0.1995 -0.0972 0.3398 0.5316 0.7697
1305031462.1596 -1.7791 -0.1993 0.1944 -0.0951 0.3346 0.5375 0.7682
1305031462.1916 -1.7817 -0.1844 0.1933 -0.0948 0.3313 0.5371 0.7699
1305031462.2276 -1.7867 -0.1758 0.1910 -0.1006 0.3293 0.5363 0.7706
1305031462.2598 -1.7918 -0.1783 0.1955 -0.1113 0.3300 0.5322 0.7716
1305031462.2916 -1.7964 -0.1746 0.2004 -0.1194 0.3280 0.5281 0.7741
1305031462.3275 -1.7975 -0.1812 0.2095 -0.1345 0.3289 0.5227 0.7749
1305031462.3597 -1.8154 -0.1593 0.2089 -0.1308 0.3266 0.5161 0.7809
1305031462.3917 -1.8182 -0.1383 0.2065 -0.1343 0.3143 0.5161 0.7854
1305031462.4276 -1.8312 -0.1308 0.2082 -0.1420 0.3102 0.5086 0.7905
1305031462.4599 -1.8397 -0.1130 0.2097 -0.1454 0.2983 0.5054 0.7965
1305031462.4920 -1.8324 -0.1091 0.2102 -0.1596 0.2839 0.5050 0.7993
1305031462.5277 -1.8317 -0.1268 0.2238 -0.1779 0.2791 0.4982 0.8014
1305031462.5599 -1.8360 -0.1329 0.2241 -0.1885 0.2722 0.4901 0.8064
1305031462.5919 -1.8468 -0.1173 0.2159 -0.1812 0.2667 0.4838 0.8136
1305031462.6279 -1.8450 -0.1226 0.2140 -0.1917 0.2619 0.4773 0.8166
1305031462.6597 -1.8530 -0.1244 0.2072 -0.1921 0.2641 0.4715 0.8192
1305031462.6925 -1.8557 -0.1320 0.2070 -0.1979 0.2629 0.4632 0.8229
1305031462.7277 -1.8619 -0.1231 0.1998 -0.1958 0.2534 0.4506 0.8333
1305031462.7598 -1.8614 -0.1294 0.1987 -0.2036 0.2470 0.4420 0.8380
1305031462.7919 -1.8590 -0.1389 0.1982 -0.2123 0.2435 0.4375 0.8392
1305031462.8278 -1.8615 -0.1197 0.1973 -0.2107 0.2332 0.4327 0.8450
1305031462.8598 -1.8586 -0.1197 0.1860 -0.2173 0.2288 0.4273 0.8473
1305031462.8918 -1.8581 -0.1160 0.1809 -0.2184 0.2289 0.4234 0.8489
1305031462.9276 -1.8539 -0.1135 0.1695 -0.2215 0.2261 0.4202 0.8504
1305031462.9597 -1.8502 -0.1086 0.1632 -0.2208 0.2222 0.4179 0.8528
1305031462.9955 -1.8473 -0.0954 0.1567 -0.2152 0.2176 0.4165 0.8561
1305031463.0277 -1.8453 -0.0886 0.1410 -0.2085 0.2142 0.4118 0.8609
1305031463.0598 -1.8439 -0.0982 0.1271 -0.2102 0.2123 0.4047 0.8643
1305031463.0958 -1.8419 -0.0775 0.1179 -0.2019 0.2058 0.3975 0.8711
1305031463.1275 -1.8397 -0.0563 0.1075 -0.1920 0.2009 0.3910 0.8774
1305031463.1598 -1.8380 -0.0563 0.0924 -0.1891 0.2004 0.3836 0.8815
1305031463.1957 -1.8355 -0.0545 0.0814 -0.1905 0.1999 0.3747 0.8851
1305031463.2278 -1.8288 -0.0334 0.0763 -0.1840 0.1956 0.3716 0.8887
1305031463.2600 -1.8244 -0.0246 0.0623 -0.1790 0.1953 0.3666 0.8919
1305031463.2957 -1.8195 -0.0329 0.0412 -0.1801 0.1970 0.3605 0.8937
1305031463.3277 -1.8148 -0.0189 0.0376 -0.1756 0.1933 0.3583 0.8963
1305031463.3598 -1.8119 -0.0052 0.0260 -0.1670 0.1901 0.3529 0.9008
1305031463.3956 -1.8052 -0.0039 0.0135 -0.1646 0.1873 0.3513 0.9024
1305031463.4277 -1.7976 0.0147 0.0076 -0.1592 0.1839 0.3470 0.9058
1305031463.4598 -1.7923 0.0208 0.0019 -0.1603 0.1881 0.3437 0.9060
1305031463.4956 -1.7798 0.0301 -0.0074 -0.1606 0.1873 0.3437 0.9061
1305031463.5277 -1.7737 0.0517 -0.0195 -0.1539 0.1916 0.3366 0.9090
1305031463.5598 -1.7627 0.0673 -0.0291 -0.1483 0.1931 0.3365 0.9096
1305031463.5956 -1.7554 0.0766 -0.0370 -0.1459 0.1921 0.3364 0.9103
1305031463.6276 -1.7408 0.0845 -0.0507 -0.1418 0.1894 0.3311 0.9134
1305031463.6598 -1.7267 0.0908 -0.0692 -0.1327 0.1901 0.3259 0.9165
1305031463.6956 -1.7154 0.1004 -0.0869 -0.1275 0.1874 0.3236 0.9186
1305031463.7276 -1.7081 0.0951 -0.0956 -0.1298 0.1936 0.3176 0.9191
1305031463.7597 -1.6895 0.0925 -0.1129 -0.1256 0.1951 0.3083 0.9226
1305031463.7956 -1.6680 0.0944 -0.1387 -0.1196 0.1917 0.2992 0.9271
1305031463.8278 -1.6440 0.0887 -0.1580 -0.1231 0.1867 0.2887 0.9309
1305031463.8599 -1.6354 0.0862 -0.1672 -0.1186 0.1930 0.2784 0.9334
1305031463.8956 -1.6238 0.0876 -0.1869 -0.1127 0.1929 0.2666 0.9376
1305031463.9277 -1.6145 0.0857 -0.1997 -0.1113 0.1908 0.2617 0.9396
1305031463.9597 -1.5916 0.0774 -0.2180 -0.1099 0.1837 0.2561 0.9426
1305031463.9958 -1.5894 0.0797 -0.2283 -0.1004 0.1845 0.2471 0.9459
1305031464.0277 -1.5878 0.0793 -0.2388 -0.0971 0.1846 0.2380 0.9486
1305031464.0597 -1.5585 0.0675 -0.2611 -0.0982 0.1774 0.2305 0.9517
1305031464.0956 -1.5573 0.0564 -0.2747 -0.0948 0.1812 0.2186 0.9541
1305031464.1277 -1.5590 0.0501 -0.2814 -0.0924 0.1834 0.2116 0.9555
1305031464.1598 -1.5550 0.0434 -0.2924 -0.0857 0.1815 0.2108 0.9567
1305031464.1956 -1.5435 0.0345 -0.3046 -0.0748 0.1742 0.2083 0.9595
1305031464.2276 -1.5452 0.0475 -0.3156 -0.0581 0.1664 0.1984 0.9642
1305031464.2596 -1.5520 0.0562 -0.3188 -0.0473 0.1549 0.1980 0.9667
1305031464.2957 -1.5520 0.0566 -0.3219 -0.0435 0.1408 0.1937 0.9699
1305031464.3279 -1.5298 0.0563 -0.3334 -0.0419 0.1233 0.1881 0.9735
1305031464.3597 -1.5193 0.0494 -0.3434 -0.0398 0.1149 0.1822 0.9757
1305031464.3956 -1.5138 0.0501 -0.3533 -0.0347 0.1122 0.1713 0.9782
1305031464.4276 -1.5062 0.0474 -0.3681 -0.0336 0.1116 0.1642 0.9795
1305031464.4597 -1.5039 0.0396 -0.3818 -0.0320 0.1113 0.1546 0.9812
1305031464.4956 -1.4947 0.0382 -0.3921 -0.0306 0.1093 0.1488 0.9823
1305031464.5276 -1.4891 0.0301 -0.4124 -0.0312 0.1098 0.1420 0.9833
1305031464.5597 -1.4733 0.0257 -0.4246 -0.0334 0.1065 0.1326 0.9849
1305031464.5957 -1.4500 0.0050 -0.4503 -0.0349 0.1073 0.1189 0.9865
1305031464.6277 -1.4351 0.0008 -0.4720 -0.0233 0.1184 0.1132 0.9862
1305031464.6597 -1.4239 -0.0050 -0.4862 -0.0130 0.1305 0.1022 0.9861
1305031464.6957 -1.4024 -0.0161 -0.5020 -0.0007 0.1381 0.0868 0.9866
1305031464.7277 -1.4036 -0.0201 -0.5142 0.0178 0.1443 0.0706 0.9868
1305031464.7597 -1.4054 -0.0152 -0.5199 0.0320 0.1452 0.0548 0.9874
1305031464.7960 -1.4035 -0.0243 -0.5271 0.0382 0.1409 0.0366 0.9886
1305031464.8278 -1.4065 -0.0129 -0.5188 0.0527 0.1297 0.0203 0.9899
1305031464.8597 -1.4129 0.0086 -0.5127 0.0643 0.1161 0.0024 0.9911
1305031464.8958 -1.3942 0.0053 -0.5090 0.0619 0.0978 -0.0142 0.9932
1305031464.9278 -1.3640 -0.0147 -0.5111 0.0571 0.0806 -0.0330 0.9946
1305031464.9598 -1.3476 -0.0291 -0.5082 0.0587 0.0736 -0.0510 0.9943
1305031464.9957 -1.3450 -0.0194 -0.4923 0.0674 0.0743 -0.0705 0.9925
1305031465.0278 -1.3438 -0.0148 -0.4792 0.0721 0.0757 -0.0901 0.9904
1305031465.0597 -1.3540 0.0025 -0.4563 0.0805 0.0749 -0.1093 0.9879
1305031465.0957 -1.3271 0.0351 -0.4492 0.0807 0.0593 -0.1243 0.9872
1305031465.1277 -1.3086 0.0461 -0.4190 0.0653 0.0456 -0.1380 0.9872
1305031465.1598 -1.2991 0.0477 -0.3910 0.0484 0.0348 -0.1466 0.9874
1305031465.1956 -1.2826 0.0369 -0.3676 0.0320 0.0230 -0.1560 0.9870
1305031465.2279 -1.2697 0.0373 -0.3429 0.0186 0.0150 -0.1640 0.9862
1305031465.2598 -1.2526 0.0320 -0.3159 0.0038 0.0050 -0.1652 0.9862
1305031465.2956 -1.2478 0.0460 -0.2880 0.0016 -0.0003 -0.1553 0.9879
1305031465.3277 -1.2372 0.0568 -0.2857 -0.0079 -0.0117 -0.1459 0.9892
1305031465.3599 -1.2342 0.0581 -0.2679 -0.0134 -0.0241 -0.1356 0.9904
1305031465.3956 -1.2043 0.0617 -0.2532 -0.0145 -0.0438 -0.1233 0.9913
1305031465.4277 -1.1779 0.0621 -0.2489 -0.0141 -0.0575 -0.1127 0.9919
1305031465.4601 -1.1626 0.0717 -0.2472 -0.0119 -0.0654 -0.1028 0.9925
1305031465.4957 -1.1404 0.0833 -0.2452 -0.0134 -0.0745 -0.0923 0.9929
1305031465.5276 -1.1274 0.0791 -0.2444 -0.0168 -0.0808 -0.0891 0.9926
1305031465.5598 -1.1098 0.0844 -0.2449 -0.0129 -0.0874 -0.0849 0.9925
1305031465.5956 -1.0904 0.0903 -0.2474 -0.0100 -0.0919 -0.0783 0.9926
1305031465.6277 -1.0813 0.0978 -0.2490 -0.0074 -0.0938 -0.0722 0.9929
1305031465.6601 -1.0694 0.1052 -0.2501 -0.0049 -0.0995 -0.0662 0.9928
1305031465.6957 -1.0491 0.1137 -0.2502 -0.0006 -0.1062 -0.0610 0.9925
1305031465.7277 -1.0345 0.1249 -0.2522 0.0049 -0.1086 -0.0540 0.9926
1305031465.7598 -1.0211 0.1375 -0.2556 0.0106 -0.1113 -0.0484 0.9925
1305031465.7959 -1.0048 0.1499 -0.2549 0.0149 -0.1135 -0.0436 0.9925
1305031465.8280 -0.9853 0.1585 -0.2556 0.0210 -0.1174 -0.0389 0.9921
1305031465.8599 -0.9567 0.1745 -0.2651 0.0308 -0.1207 -0.0347 0.9916
1305031465.8955 -0.9286 0.1870 -0.2654 0.0336 -0.1173 -0.0330 0.9920
1305031465.9275 -0.9061 0.1944 -0.2617 0.0380 -0.1113 -0.0316 0.9926
1305031465.9597 -0.8814 0.2105 -0.2643 0.0483 -0.1053 -0.0317 0.9928
1305031465.9958 -0.8628 0.2217 -0.2726 0.0535 -0.0991 -0.0325 0.9931
1305031466.0276 -0.8414 0.2311 -0.2841 0.0567 -0.0988 -0.0334 0.9929
1305031466.0598 -0.8188 0.2546 -0.2869 0.0578 -0.0991 -0.0317 0.9929
1305031466.0958 -0.8054 0.2725 -0.2915 0.0542 -0.1007 -0.0313 0.9929
1305031466.1276 -0.7949 0.2935 -0.2953 0.0506 -0.1034 -0.0321 0.9928
1305031466.1604 -0.7867 0.3161 -0.2998 0.0486 -0.1059 -0.0302 0.9927
1305031466.1958 -0.7762 0.3351 -0.3068 0.0426 -0.1114 -0.0283 0.9925
1305031466.2280 -0.7602 0.3425 -0.3060 0.0307 -0.1198 -0.0332 0.9918
1305031466.2598 -0.7431 0.3388 -0.3153 0.0278 -0.1224 -0.0407 0.9913
1305031466.2957 -0.7155 0.3455 -0.3216 0.0315 -0.1220 -0.0507 0.9907
1305031466.3277 -0.6935 0.3488 -0.3362 0.0315 -0.1151 -0.0583 0.9911
1305031466.3598 -0.6818 0.3599 -0.3493 0.0302 -0.1047 -0.0660 0.9919
1305031466.3958 -0.6655 0.3470 -0.3627 0.0263 -0.1035 -0.0680 0.9919
1305031466.4278 -0.6550 0.3568 -0.3720 0.0327 -0.1053 -0.0713 0.9913
1305031466.4598 -0.6442 0.3666 -0.3810 0.0338 -0.1081 -0.0735 0.9908
1305031466.4958 -0.6309 0.3722 -0.3863 0.0312 -0.1102 -0.0745 0.9906
1305031466.5275 -0.6055 0.3697 -0.3908 0.0291 -0.1117 -0.0754 0.9904
1305031466.5604 -0.5865 0.3818 -0.4015 0.0304 -0.1069 -0.0763 0.9909
1305031466.5959 -0.5614 0.3901 -0.4018 0.0224 -0.1082 -0.0816 0.9905
1305031466.6275 -0.5362 0.3665 -0.4058 0.0110 -0.1082 -0.0875 0.9902
1305031466.6597 -0.5116 0.3634 -0.4119 0.0144 -0.1071 -0.0912 0.9900
1305031466.6958 -0.4964 0.3784 -0.4163 0.0182 -0.1074 -0.0960 0.9894
1305031466.7281 -0.4825 0.3825 -0.4169 0.0139 -0.1081 -0.1093 0.9880
1305031466.7596 -0.4591 0.3713 -0.4134 0.0132 -0.1107 -0.1149 0.9871
1305031466.7956 -0.4481 0.3728 -0.4246 0.0165 -0.1109 -0.1187 0.9866
1305031466.8279 -0.4339 0.3781 -0.4270 0.0154 -0.1145 -0.1201 0.9860
1305031466.8597 -0.4295 0.3777 -0.4246 0.0145 -0.1169 -0.1201 0.9857
1305031466.8957 -0.4131 0.3749 -0.4250 0.0142 -0.1290 -0.1195 0.9843
1305031466.9278 -0.3983 0.3749 -0.4277 0.0138 -0.1430 -0.1225 0.9820
1305031466.9597 -0.3868 0.3697 -0.4302 0.0128 -0.1494 -0.1252 0.9807
1305031466.9957 -0.3740 0.3668 -0.4346 0.0126 -0.1528 -0.1274 0.9799
1305031467.0278 -0.3627 0.3654 -0.4374 0.0128 -0.1555 -0.1298 0.9792
1305031467.0597 -0.3479 0.3651 -0.4412 0.0133 -0.1581 -0.1312 0.9786
1305031467.0957 -0.3361 0.3758 -0.4390 0.0153 -0.1588 -0.1346 0.9780
1305031467.1290 -0.3311 0.3740 -0.4368 0.0149 -0.1596 -0.1417 0.9768
1305031467.1597 -0.3231 0.3714 -0.4392 0.0154 -0.1612 -0.1460 0.9759
1305031467.1957 -0.3154 0.3730 -0.4415 0.0168 -0.1641 -0.1493 0.9749
1305031467.2277 -0.3043 0.3720 -0.4418 0.0174 -0.1691 -0.1525 0.9736
1305031467.2597 -0.2986 0.3744 -0.4397 0.0191 -0.1720 -0.1556 0.9725
1305031467.2958 -0.2925 0.3754 -0.4436 0.0205 -0.1742 -0.1606 0.9713
1305031467.3280 -0.2820 0.3792 -0.4492 0.0227 -0.1775 -0.1639 0.9701
1305031467.3597 -0.2712 0.3891 -0.4543 0.0235 -0.1814 -0.1649 0.9692
1305031467.3958 -0.2574 0.3928 -0.4528 0.0206 -0.1873 -0.1692 0.9674
1305031467.4278 -0.2477 0.3934 -0.4565 0.0206 -0.1910 -0.1722 0.9662
1305031467.4597 -0.2332 0.3911 -0.4583 0.0198 -0.1968 -0.1727 0.9649
1305031467.4961 -0.2194 0.4135 -0.4622 0.0225 -0.2012 -0.1776 0.9630
1305031467.5277 -0.2063 0.4111 -0.4650 0.0202 -0.2037 -0.1818 0.9618
1305031467.5598 -0.1974 0.4103 -0.4609 0.0207 -0.2049 -0.1829 0.9613
1305031467.5960 -0.1892 0.4089 -0.4632 0.0202 -0.2059 -0.1811 0.9615
1305031467.6275 -0.1829 0.4140 -0.4548 0.0230 -0.2092 -0.1794 0.9610
1305031467.6596 -0.1745 0.4140 -0.4531 0.0282 -0.2131 -0.1765 0.9605
1305031467.6959 -0.1704 0.4077 -0.4592 0.0292 -0.2137 -0.1789 0.9599
1305031467.7275 -0.1654 0.4038 -0.4542 0.0325 -0.2146 -0.1838 0.9587
1305031467.7599 -0.1676 0.4098 -0.4512 0.0403 -0.2138 -0.1872 0.9579
1305031467.7961 -0.1662 0.4127 -0.4533 0.0448 -0.2136 -0.1900 0.9572
1305031467.8278 -0.1721 0.4080 -0.4466 0.0482 -0.2123 -0.1909 0.9572
1305031467.8597 -0.1638 0.4256 -0.4413 0.0632 -0.2159 -0.1866 0.9563
1305031467.8959 -0.1602 0.4199 -0.4348 0.0667 -0.2209 -0.1875 0.9548
1305031467.9278 -0.1610 0.4128 -0.4203 0.0695 -0.2253 -0.1904 0.9530
1305031467.9598 -0.1569 0.3989 -0.4097 0.0741 -0.2299 -0.1919 0.9512
1305031467.9958 -0.1526 0.4030 -0.4061 0.0778 -0.2305 -0.1925 0.9507
1305031468.0281 -0.1532 0.3951 -0.3884 0.0770 -0.2310 -0.1951 0.9501
1305031468.0598 -0.1548 0.3825 -0.3727 0.0806 -0.2326 -0.1979 0.9488
1305031468.0959 -0.1549 0.3800 -0.3670 0.0823 -0.2337 -0.1986 0.9482
1305031468.1278 -0.1539 0.3738 -0.3515 0.0821 -0.2353 -0.1989 0.9478
1305031468.1599 -0.1552 0.3674 -0.3387 0.0837 -0.2363 -0.2004 0.9471
1305031468.1960 -0.1499 0.3619 -0.3260 0.0846 -0.2372 -0.2029 0.9463
1305031468.2282 -0.1456 0.3523 -0.3058 0.0842 -0.2375 -0.2028 0.9462
1305031468.2598 -0.1363 0.3409 -0.2863 0.0845 -0.2387 -0.2023 0.9460
1305031468.2958 -0.1304 0.3288 -0.2684 0.0847 -0.2379 -0.2029 0.9461
1305031468.3278 -0.1211 0.3032 -0.2421 0.0835 -0.2409 -0.2015 0.9457
1305031468.3598 -0.1080 0.2908 -0.2289 0.0874 -0.2412 -0.1969 0.9463
1305031468.3959 -0.1065 0.2863 -0.2238 0.0870 -0.2397 -0.1968 0.9467
1305031468.4280 -0.1050 0.2686 -0.2044 0.0839 -0.2407 -0.1955 0.9470
1305031468.4598 -0.1025 0.2439 -0.1941 0.0804 -0.2418 -0.1917 0.9478
1305031468.4958 -0.0987 0.2366 -0.1859 0.0801 -0.2415 -0.1927 0.9477
1305031468.5278 -0.1060 0.2158 -0.1662 0.0803 -0.2405 -0.1980 0.9469
1305031468.5597 -0.1145 0.1988 -0.1748 0.0870 -0.2376 -0.2098 0.9444
1305031468.5958 -0.1167 0.1976 -0.1791 0.0911 -0.2366 -0.2136 0.9434
1305031468.6276 -0.1216 0.1876 -0.1762 0.0873 -0.2369 -0.2146 0.9435
1305031468.6596 -0.1320 0.1604 -0.1718 0.0842 -0.2395 -0.2167 0.9426
1305031468.6958 -0.1442 0.1387 -0.1690 0.0869 -0.2436 -0.2222 0.9401
1305031468.7278 -0.1506 0.1310 -0.1663 0.0930 -0.2478 -0.2236 0.9381
1305031468.7596 -0.1558 0.1194 -0.1607 0.0935 -0.2513 -0.2236 0.9371
1305031468.7958 -0.1694 0.0987 -0.1582 0.0967 -0.2526 -0.2284 0.9352
1305031468.8292 -0.1786 0.0847 -0.1702 0.1045 -0.2518 -0.2356 0.9328
1305031468.8597 -0.1785 0.0828 -0.1716 0.1071 -0.2510 -0.2390 0.9319
1305031468.8959 -0.1739 0.0733 -0.1588 0.1067 -0.2485 -0.2406 0.9322
1305031468.9281 -0.1745 0.0655 -0.1622 0.1034 -0.2424 -0.2379 0.9349
1305031468.9596 -0.1867 0.0635 -0.1635 0.0992 -0.2352 -0.2363 0.9376
1305031468.9957 -0.1875 0.0733 -0.1605 0.0888 -0.2308 -0.2404 0.9386
1305031469.0277 -0.1902 0.0623 -0.1532 0.0686 -0.2280 -0.2462 0.9395
1305031469.0598 -0.2005 0.0454 -0.1452 0.0524 -0.2258 -0.2525 0.9394
1305031469.0957 -0.1997 0.0442 -0.1383 0.0437 -0.2246 -0.2621 0.9375
1305031469.1277 -0.1948 0.0282 -0.1231 0.0292 -0.2214 -0.2734 0.9356
1305031469.1597 -0.1977 0.0174 -0.1030 0.0180 -0.2139 -0.2821 0.9351
1305031469.1955 -0.2023 0.0136 -0.1002 0.0117 -0.2035 -0.2842 0.9369
1305031469.2278 -0.2089 0.0094 -0.0910 0.0083 -0.1989 -0.2861 0.9373
1305031469.2596 -0.2182 0.0068 -0.0747 0.0015 -0.1939 -0.2905 0.9370
1305031469.2968 -0.2186 0.0059 -0.0609 -0.0014 -0.1916 -0.2924 0.9369
1305031469.3276 -0.2247 0.0092 -0.0526 -0.0044 -0.1877 -0.2942 0.9371
1305031469.3596 -0.2172 0.0010 -0.0297 -0.0117 -0.1882 -0.3001 0.9351
1305031469.3957 -0.2201 0.0029 -0.0154 -0.0101 -0.1757 -0.3050 0.9360
1305031469.4277 -0.2200 0.0050 -0.0006 -0.0078 -0.1656 -0.3104 0.9360
1305031469.4597 -0.2178 -0.0026 0.0134 -0.0104 -0.1601 -0.3175 0.9346
1305031469.4957 -0.2225 0.0063 0.0226 -0.0090 -0.1560 -0.3192 0.9347
1305031469.5276 -0.2207 0.0149 0.0348 -0.0103 -0.1576 -0.3174 0.9351
1305031469.5596 -0.2212 0.0197 0.0470 -0.0165 -0.1582 -0.3180 0.9347
1305031469.5958 -0.2243 0.0352 0.0592 -0.0221 -0.1558 -0.3156 0.9358
1305031469.6278 -0.2233 0.0318 0.0764 -0.0342 -0.1573 -0.3180 0.9343
1305031469.6596 -0.2290 0.0450 0.0923 -0.0390 -0.1522 -0.3182 0.9349
1305031469.6956 -0.2321 0.0530 0.1010 -0.0437 -0.1485 -0.3171 0.9357
1305031469.7277 -0.2327 0.0649 0.1132 -0.0486 -0.1438 -0.3159 0.9366
1305031469.7596 -0.2453 0.0896 0.1278 -0.0508 -0.1341 -0.3105 0.9397
1305031469.7956 -0.2543 0.1139 0.1433 -0.0530 -0.1301 -0.3078 0.9410
1305031469.8275 -0.2561 0.1205 0.1507 -0.0602 -0.1335 -0.3059 0.9407
1305031469.8596 -0.2728 0.1450 0.1645 -0.0646 -0.1293 -0.3030 0.9420
1305031469.8958 -0.2725 0.1545 0.1699 -0.0698 -0.1336 -0.3011 0.9416
1305031469.9279 -0.2850 0.1673 0.1802 -0.0752 -0.1337 -0.2991 0.9418
1305031469.9598 -0.2945 0.1834 0.1895 -0.0763 -0.1367 -0.2963 0.9422
1305031469.9956 -0.3026 0.2051 0.1961 -0.0763 -0.1379 -0.2922 0.9433
1305031470.0277 -0.3152 0.2213 0.1981 -0.0780 -0.1378 -0.2928 0.9430
1305031470.0596 -0.3250 0.2343 0.2012 -0.0807 -0.1382 -0.2918 0.9430
1305031470.0959 -0.3400 0.2514 0.2059 -0.0829 -0.1361 -0.2897 0.9437
1305031470.1276 -0.3512 0.2684 0.2044 -0.0857 -0.1349 -0.2859 0.9448
1305031470.1596 -0.3628 0.2848 0.2063 -0.0890 -0.1349 -0.2834 0.9453
1305031470.1961 -0.3718 0.2945 0.2029 -0.0920 -0.1378 -0.2810 0.9453
1305031470.2276 -0.3847 0.3078 0.2066 -0.0969 -0.1377 -0.2764 0.9462
1305031470.2600 -0.3929 0.3245 0.2030 -0.0997 -0.1382 -0.2733 0.9467
1305031470.2957 -0.4079 0.3437 0.2008 -0.1009 -0.1335 -0.2699 0.9482
1305031470.3276 -0.4157 0.3533 0.2009 -0.1100 -0.1362 -0.2668 0.9477
1305031470.3596 -0.4284 0.3696 0.2010 -0.1121 -0.1370 -0.2596 0.9494
1305031470.3958 -0.4416 0.3841 0.2025 -0.1151 -0.1378 -0.2560 0.9498
1305031470.4276 -0.4564 0.4003 0.2035 -0.1134 -0.1380 -0.2572 0.9497
1305031470.4597 -0.4693 0.4081 0.2009 -0.1141 -0.1399 -0.2575 0.9493
1305031470.4957 -0.4794 0.4159 0.1992 -0.1136 -0.1425 -0.2545 0.9498
1305031470.5277 -0.4885 0.4222 0.1965 -0.1136 -0.1449 -0.2554 0.9491
1305031470.5597 -0.5015 0.4327 0.1957 -0.1132 -0.1434 -0.2546 0.9496
1305031470.5958 -0.5104 0.4435 0.1914 -0.1107 -0.1429 -0.2482 0.9517
1305031470.6277 -0.5217 0.4525 0.1901 -0.1111 -0.1417 -0.2445 0.9528
1305031470.6597 -0.5268 0.4582 0.1909 -0.1117 -0.1457 -0.2405 0.9531
1305031470.6956 -0.5406 0.4707 0.1886 -0.1104 -0.1427 -0.2355 0.9550
1305031470.7277 -0.5507 0.4752 0.1890 -0.1106 -0.1437 -0.2339 0.9552
1305031470.7597 -0.5547 0.4780 0.1870 -0.1115 -0.1434 -0.2298 0.9561
1305031470.7956 -0.5656 0.4870 0.1890 -0.1106 -0.1371 -0.2249 0.9583
1305031470.8278 -0.5748 0.4951 0.1884 -0.1053 -0.1355 -0.2196 0.9604
1305031470.8596 -0.5817 0.4928 0.1861 -0.1048 -0.1375 -0.2145 0.9613
1305031470.8957 -0.5922 0.5008 0.1824 -0.0985 -0.1367 -0.2068 0.9638
1305031470.9277 -0.6011 0.5076 0.1809 -0.0907 -0.1396 -0.2022 0.9651
1305031470.9596 -0.6143 0.5106 0.1789 -0.0796 -0.1408 -0.1998 0.9664
1305031470.9960 -0.6176 0.5067 0.1747 -0.0740 -0.1437 -0.1980 0.9668
1305031471.0276 -0.6208 0.5056 0.1728 -0.0643 -0.1454 -0.1950 0.9678
1305031471.0596 -0.6264 0.5016 0.1697 -0.0565 -0.1449 -0.1901 0.9694
1305031471.0958 -0.6342 0.5113 0.1631 -0.0408 -0.1422 -0.1840 0.9717
1305031471.1277 -0.6388 0.5103 0.1595 -0.0355 -0.1440 -0.1753 0.9733
1305031471.1596 -0.6408 0.5122 0.1578 -0.0295 -0.1457 -0.1673 0.9746
1305031471.1957 -0.6424 0.5106 0.1569 -0.0293 -0.1459 -0.1633 0.9753
1305031471.2276 -0.6454 0.5104 0.1550 -0.0296 -0.1446 -0.1600 0.9760
1305031471.2597 -0.6502 0.5102 0.1541 -0.0301 -0.1429 -0.1580 0.9766
1305031471.2961 -0.6532 0.5088 0.1542 -0.0299 -0.1423 -0.1551 0.9771
1305031471.3276 -0.6525 0.5103 0.1537 -0.0258 -0.1419 -0.1507 0.9780
1305031471.3596 -0.6547 0.5123 0.1516 -0.0240 -0.1363 -0.1481 0.9792
1305031471.3957 -0.6589 0.5086 0.1507 -0.0256 -0.1322 -0.1439 0.9804
1305031471.4277 -0.6625 0.5042 0.1466 -0.0264 -0.1305 -0.1394 0.9812
1305031471.4596 -0.6646 0.5053 0.1441 -0.0259 -0.1312 -0.1362 0.9816
1305031471.4965 -0.6724 0.5034 0.1398 -0.0288 -0.1282 -0.1323 0.9825
1305031471.5276 -0.6758 0.5021 0.1376 -0.0303 -0.1269 -0.1295 0.9830
1305031471.5597 -0.6765 0.5033 0.1359 -0.0300 -0.1262 -0.1284 0.9832
1305031471.5957 -0.6764 0.5044 0.1349 -0.0294 -0.1246 -0.1271 0.9836
1305031471.6276 -0.6783 0.5071 0.1325 -0.0273 -0.1212 -0.1264 0.9842
1305031471.6596 -0.6818 0.5091 0.1287 -0.0252 -0.1165 -0.1237 0.9851
1305031471.6956 -0.6821 0.5088 0.1248 -0.0250 -0.1145 -0.1209 0.9857
1305031471.7275 -0.6835 0.5089 0.1213 -0.0265 -0.1105 -0.1182 0.9865
1305031471.7597 -0.6846 0.5067 0.1164 -0.0285 -0.1054 -0.1117 0.9877
1305031471.7958 -0.6858 0.5055 0.1103 -0.0302 -0.0985 -0.1057 0.9890
1305031471.8276 -0.6861 0.5080 0.1081 -0.0321 -0.0958 -0.1026 0.9896
1305031471.8597 -0.6859 0.5146 0.1080 -0.0336 -0.0938 -0.0923 0.9907
1305031471.8956 -0.6882 0.5159 0.1063 -0.0383 -0.0895 -0.0879 0.9914
1305031471.9277 -0.6901 0.5179 0.1059 -0.0442 -0.0840 -0.0809 0.9922
1305031471.9596 -0.6942 0.5214 0.1086 -0.0443 -0.0762 -0.0761 0.9932
1305031471.9956 -0.6956 0.5274 0.1016 -0.0410 -0.0692 -0.0783 0.9937
1305031472.0276 -0.6948 0.5363 0.0991 -0.0424 -0.0668 -0.0721 0.9943
1305031472.0597 -0.6983 0.5385 0.1044 -0.0460 -0.0627 -0.0660 0.9948
1305031472.0956 -0.6989 0.5377 0.1026 -0.0481 -0.0604 -0.0616 0.9951
1305031472.1276 -0.7000 0.5438 0.1000 -0.0490 -0.0600 -0.0576 0.9953
1305031472.1596 -0.7096 0.5495 0.1073 -0.0499 -0.0558 -0.0517 0.9958
1305031472.1957 -0.7147 0.5612 0.1123 -0.0396 -0.0534 -0.0454 0.9968
1305031472.2276 -0.7165 0.5805 0.1098 -0.0237 -0.0520 -0.0399 0.9976
1305031472.2638 -0.7156 0.5823 0.1049 -0.0180 -0.0532 -0.0404 0.9976
1305031472.2957 -0.7148 0.5855 0.1020 -0.0119 -0.0534 -0.0372 0.9978
1305031472.3277 -0.7148 0.5865 0.0988 -0.0080 -0.0533 -0.0363 0.9979
1305031472.3636 -0.7153 0.5858 0.0975 -0.0082 -0.0537 -0.0348 0.9979
1305031472.3956 -0.7174 0.5840 0.0961 -0.0081 -0.0548 -0.0339 0.9979
1305031472.4277 -0.7185 0.5814 0.0957 -0.0057 -0.0585 -0.0335 0.9977
1305031472.4636 -0.7193 0.5780 0.0935 -0.0039 -0.0589 -0.0363 0.9976
1305031472.4956 -0.7167 0.5733 0.0933 -0.0062 -0.0575 -0.0375 0.9976
1305031472.5276 -0.7163 0.5729 0.0970 -0.0041 -0.0558 -0.0370 0.9977
1305031472.5636 -0.7152 0.5679 0.0958 -0.0017 -0.0576 -0.0322 0.9978
1305031472.5957 -0.7129 0.5694 0.0918 0.0056 -0.0598 -0.0312 0.9977
1305031472.6277 -0.7112 0.5680 0.0921 0.0056 -0.0608 -0.0302 0.9977
1305031472.6636 -0.7114 0.5657 0.0922 0.0062 -0.0607 -0.0282 0.9977
1305031472.6958 -0.7101 0.5576 0.0918 0.0052 -0.0619 -0.0271 0.9977
1305031472.7276 -0.7085 0.5538 0.0916 0.0080 -0.0629 -0.0286 0.9976
1305031472.7636 -0.7088 0.5553 0.0924 0.0125 -0.0618 -0.0290 0.9976
1305031472.7956 -0.7079 0.5499 0.0950 0.0116 -0.0612 -0.0300 0.9976
1305031472.8276 -0.7064 0.5431 0.0963 0.0114 -0.0611 -0.0298 0.9976
1305031472.8636 -0.7068 0.5439 0.0966 0.0133 -0.0609 -0.0289 0.9976
1305031472.8957 -0.7072 0.5445 0.0971 0.0144 -0.0617 -0.0272 0.9976
1305031472.9277 -0.7063 0.5420 0.0984 0.0133 -0.0628 -0.0267 0.9976
1305031472.9638 -0.7051 0.5393 0.0990 0.0122 -0.0634 -0.0251 0.9976
1305031472.9957 -0.7073 0.5411 0.1003 0.0131 -0.0629 -0.0239 0.9977
1305031473.0276 -0.7085 0.5444 0.1016 0.0152 -0.0631 -0.0235 0.9976
1305031473.0637 -0.7065 0.5413 0.1030 0.0132 -0.0649 -0.0248 0.9975
1305031473.0957 -0.7063 0.5375 0.1010 0.0113 -0.0636 -0.0270 0.9975
1305031473.1277 -0.7061 0.5368 0.1020 0.0113 -0.0634 -0.0276 0.9975
1305031473.1671 -0.7062 0.5346 0.1029 0.0115 -0.0641 -0.0277 0.9975
1305031473.1961 -0.7059 0.5285 0.1022 0.0094 -0.0648 -0.0274 0.9975
