1305031453.4237 0.0041 0.0032 -0.0081 0.0015 0.0042 0.0094 0.9999
1305031453.4597 0.0102 0.0072 -0.0183 0.0052 0.0096 0.0184 0.9998
1305031453.4917 0.0106 0.0121 -0.0286 0.0095 0.0171 0.0283 0.9994
1305031453.5237 0.0109 0.0168 -0.0414 0.0160 0.0223 0.0370 0.9989
1305031453.5598 0.0124 0.0213 -0.0549 0.0228 0.0248 0.0437 0.9985
1305031453.5916 0.0127 0.0293 -0.0698 0.0307 0.0274 0.0481 0.9980
1305031453.6277 0.0057 0.0339 -0.0840 0.0371 0.0300 0.0518 0.9975
1305031453.6596 0.0013 0.0414 -0.0995 0.0448 0.0262 0.0500 0.9974
1305031453.6917 -0.0038 0.0523 -0.1149 0.0523 0.0212 0.0457 0.9974
1305031453.7277 -0.0121 0.0609 -0.1288 0.0566 0.0168 0.0406 0.9974
1305031453.7597 -0.0223 0.0664 -0.1421 0.0607 0.0090 0.0326 0.9976
1305031453.7917 -0.0266 0.0768 -0.1555 0.0658 -0.0010 0.0249 0.9975
1305031453.8278 -0.0381 0.0832 -0.1675 0.0681 -0.0074 0.0183 0.9975
1305031453.8597 -0.0508 0.0904 -0.1792 0.0697 -0.0191 0.0107 0.9973
1305031453.8917 -0.0626 0.0998 -0.1895 0.0700 -0.0347 0.0033 0.9969
1305031453.9277 -0.0747 0.1049 -0.1960 0.0672 -0.0525 -0.0011 0.9964
1305031453.9596 -0.0779 0.1093 -0.2022 0.0647 -0.0708 -0.0099 0.9953
1305031453.9916 -0.0869 0.1078 -0.2046 0.0620 -0.0832 -0.0208 0.9944
1305031454.0277 -0.0971 0.1089 -0.2100 0.0638 -0.0956 -0.0309 0.9929
1305031454.0597 -0.1054 0.1146 -0.2140 0.0653 -0.1079 -0.0428 0.9911
1305031454.0917 -0.1192 0.1138 -0.2148 0.0649 -0.1189 -0.0566 0.9892
1305031454.1277 -0.1320 0.1148 -0.2182 0.0679 -0.1325 -0.0708 0.9863
1305031454.1597 -0.1418 0.1213 -0.2215 0.0694 -0.1479 -0.0834 0.9830
1305031454.1917 -0.1528 0.1228 -0.2218 0.0672 -0.1645 -0.0980 0.9792
1305031454.2277 -0.1646 0.1151 -0.2190 0.0671 -0.1818 -0.1161 0.9742
1305031454.2596 -0.1676 0.1197 -0.2177 0.0737 -0.1964 -0.1318 0.9688
1305031454.2916 -0.1757 0.1264 -0.2186 0.0734 -0.2035 -0.1437 0.9657
1305031454.3277 -0.1907 0.1204 -0.2212 0.0726 -0.2125 -0.1597 0.9613
1305031454.3596 -0.1960 0.1241 -0.2213 0.0795 -0.2244 -0.1742 0.9555
1305031454.3917 -0.2045 0.1317 -0.2245 0.0820 -0.2310 -0.1861 0.9515
1305031454.4275 -0.2162 0.1344 -0.2279 0.0835 -0.2421 -0.2017 0.9454
1305031454.4599 -0.2157 0.1376 -0.2241 0.0868 -0.2540 -0.2169 0.9386
1305031454.4916 -0.2222 0.1436 -0.2269 0.0894 -0.2578 -0.2331 0.9334
1305031454.5277 -0.2263 0.1520 -0.2284 0.0901 -0.2636 -0.2489 0.9276
1305031454.5596 -0.2331 0.1606 -0.2322 0.0881 -0.2677 -0.2621 0.9230
1305031454.5916 -0.2414 0.1675 -0.2348 0.0861 -0.2767 -0.2795 0.9154
1305031454.6276 -0.2430 0.1727 -0.2358 0.0844 -0.2896 -0.2926 0.9074
1305031454.6595 -0.2427 0.1822 -0.2374 0.0793 -0.3013 -0.2997 0.9017
1305031454.6919 -0.2446 0.1867 -0.2362 0.0721 -0.3154 -0.3072 0.8950
1305031454.7277 -0.2402 0.1877 -0.2321 0.0667 -0.3298 -0.3115 0.8887
1305031454.7597 -0.2335 0.1915 -0.2274 0.0601 -0.3376 -0.3073 0.8877
1305031454.7916 -0.2291 0.1958 -0.2269 0.0543 -0.3408 -0.3005 0.8892
1305031454.8276 -0.2217 0.2038 -0.2247 0.0497 -0.3427 -0.2941 0.8909
1305031454.8596 -0.2180 0.2093 -0.2223 0.0433 -0.3402 -0.2873 0.8943
1305031454.8918 -0.2143 0.2160 -0.2229 0.0390 -0.3353 -0.2804 0.8986
1305031454.9276 -0.2121 0.2248 -0.2245 0.0352 -0.3294 -0.2743 0.9028
1305031454.9596 -0.2131 0.2333 -0.2284 0.0316 -0.3234 -0.2687 0.9067
1305031454.9919 -0.2171 0.2417 -0.2343 0.0287 -0.3192 -0.2636 0.9098
1305031455.0278 -0.2171 0.2530 -0.2377 0.0285 -0.3185 -0.2607 0.9109
1305031455.0596 -0.2207 0.2597 -0.2400 0.0267 -0.3155 -0.2589 0.9125
1305031455.0917 -0.2252 0.2681 -0.2448 0.0289 -0.3119 -0.2585 0.9138
1305031455.1277 -0.2297 0.2795 -0.2503 0.0305 -0.3069 -0.2571 0.9159
1305031455.1597 -0.2384 0.2896 -0.2575 0.0294 -0.3013 -0.2531 0.9188
1305031455.1917 -0.2477 0.2982 -0.2616 0.0256 -0.2974 -0.2478 0.9217
1305031455.2276 -0.2568 0.3049 -0.2669 0.0246 -0.2938 -0.2426 0.9242
1305031455.2596 -0.2621 0.3185 -0.2726 0.0230 -0.2890 -0.2364 0.9274
1305031455.2918 -0.2753 0.3238 -0.2776 0.0139 -0.2823 -0.2277 0.9318
1305031455.3278 -0.2863 0.3344 -0.2866 0.0085 -0.2785 -0.2175 0.9355
1305031455.3596 -0.2915 0.3441 -0.2884 0.0007 -0.2774 -0.2115 0.9372
1305031455.3917 -0.3027 0.3456 -0.2911 -0.0107 -0.2701 -0.2042 0.9409
1305031455.4276 -0.3169 0.3512 -0.2995 -0.0181 -0.2617 -0.1948 0.9451
1305031455.4596 -0.3305 0.3522 -0.3073 -0.0240 -0.2574 -0.1866 0.9478
1305031455.4916 -0.3414 0.3574 -0.3159 -0.0286 -0.2535 -0.1759 0.9508
1305031455.5276 -0.3583 0.3558 -0.3258 -0.0354 -0.2489 -0.1634 0.9540
1305031455.5597 -0.3744 0.3575 -0.3385 -0.0386 -0.2483 -0.1503 0.9562
1305031455.5916 -0.3854 0.3633 -0.3503 -0.0411 -0.2492 -0.1361 0.9580
1305031455.6276 -0.3999 0.3587 -0.3544 -0.0482 -0.2484 -0.1238 0.9595
1305031455.6596 -0.4153 0.3547 -0.3659 -0.0470 -0.2461 -0.1181 0.9609
1305031455.6916 -0.4284 0.3568 -0.3793 -0.0427 -0.2442 -0.1189 0.9615
1305031455.7276 -0.4408 0.3546 -0.3903 -0.0405 -0.2415 -0.1234 0.9617
1305031455.7597 -0.4542 0.3530 -0.4028 -0.0389 -0.2359 -0.1265 0.9627
1305031455.7917 -0.4691 0.3445 -0.4163 -0.0387 -0.2303 -0.1255 0.9642
1305031455.8276 -0.4817 0.3438 -0.4332 -0.0353 -0.2266 -0.1250 0.9653
1305031455.8595 -0.4925 0.3398 -0.4453 -0.0351 -0.2251 -0.1263 0.9655
1305031455.8917 -0.5014 0.3371 -0.4575 -0.0345 -0.2228 -0.1264 0.9660
1305031455.9280 -0.5115 0.3323 -0.4677 -0.0354 -0.2194 -0.1271 0.9667
1305031455.9597 -0.5199 0.3328 -0.4801 -0.0335 -0.2158 -0.1292 0.9673
1305031455.9917 -0.5278 0.3307 -0.4890 -0.0350 -0.2116 -0.1316 0.9678
1305031456.0278 -0.5357 0.3354 -0.5014 -0.0375 -0.2048 -0.1361 0.9686
1305031456.0597 -0.5478 0.3283 -0.5067 -0.0468 -0.1993 -0.1442 0.9681
1305031456.0917 -0.5593 0.3201 -0.5102 -0.0526 -0.1950 -0.1496 0.9679
1305031456.1276 -0.5693 0.3145 -0.5160 -0.0539 -0.1908 -0.1511 0.9684
1305031456.1597 -0.5787 0.3061 -0.5154 -0.0553 -0.1859 -0.1515 0.9692
1305031456.1917 -0.5878 0.2992 -0.5189 -0.0505 -0.1783 -0.1488 0.9714
1305031456.2277 -0.5932 0.3040 -0.5248 -0.0453 -0.1689 -0.1449 0.9739
1305031456.2917 -0.6192 0.2898 -0.5235 -0.0453 -0.1459 -0.1379 0.9786
1305031456.3277 -0.6302 0.2849 -0.5216 -0.0413 -0.1355 -0.1309 0.9812
1305031456.3916 -0.6523 0.2810 -0.5158 -0.0363 -0.1113 -0.1214 0.9857
1305031456.4277 -0.6714 0.2839 -0.5162 -0.0290 -0.0984 -0.1146 0.9881
1305031456.4917 -0.7090 0.3014 -0.5116 -0.0318 -0.0879 -0.1032 0.9903
1305031456.5276 -0.7225 0.3021 -0.5024 -0.0383 -0.0891 -0.0982 0.9904
1305031456.5917 -0.7447 0.3083 -0.4874 -0.0401 -0.0842 -0.0865 0.9919
1305031456.6276 -0.7563 0.3200 -0.4800 -0.0506 -0.0779 -0.0811 0.9924
1305031456.6916 -0.7928 0.3056 -0.4588 -0.0657 -0.0653 -0.0666 0.9935
1305031456.7277 -0.8088 0.3214 -0.4538 -0.0677 -0.0627 -0.0569 0.9941
1305031456.7916 -0.8440 0.3124 -0.4345 -0.0741 -0.0704 -0.0433 0.9938
1305031456.8276 -0.8499 0.3293 -0.4283 -0.0726 -0.0746 -0.0344 0.9940
1305031456.8917 -0.8688 0.3223 -0.4034 -0.0853 -0.0721 -0.0238 0.9935
1305031456.9277 -0.8819 0.3301 -0.3991 -0.0793 -0.0654 -0.0171 0.9946
1305031456.9597 -0.8958 0.3460 -0.3974 -0.0778 -0.0582 -0.0121 0.9952
1305031456.9917 -0.9097 0.3424 -0.3897 -0.0875 -0.0527 -0.0110 0.9947
1305031457.0276 -0.9228 0.3431 -0.3868 -0.0895 -0.0477 -0.0073 0.9948
1305031457.0917 -0.9462 0.3498 -0.3858 -0.1013 -0.0359 0.0016 0.9942
1305031457.1276 -0.9572 0.3416 -0.3845 -0.1065 -0.0298 0.0055 0.9939
1305031457.1917 -0.9826 0.3457 -0.3970 -0.1032 -0.0139 0.0183 0.9944
1305031457.2275 -0.9960 0.3407 -0.4013 -0.1084 -0.0065 0.0237 0.9938
1305031457.2917 -1.0197 0.3302 -0.4164 -0.1006 0.0087 0.0363 0.9942
1305031457.3275 -1.0329 0.3333 -0.4280 -0.0969 0.0192 0.0413 0.9942
1305031457.3917 -1.0628 0.3176 -0.4457 -0.0950 0.0432 0.0540 0.9931
1305031457.4276 -1.0831 0.3186 -0.4583 -0.0907 0.0536 0.0610 0.9926
1305031457.4917 -1.1111 0.3012 -0.4775 -0.0922 0.0596 0.0695 0.9915
1305031457.5276 -1.1225 0.2940 -0.4886 -0.0889 0.0628 0.0727 0.9914
1305031457.5597 -1.1358 0.2891 -0.4994 -0.0854 0.0681 0.0767 0.9911
1305031457.5917 -1.1529 0.2882 -0.5105 -0.0814 0.0737 0.0804 0.9907
1305031457.6275 -1.1670 0.2763 -0.5162 -0.0830 0.0766 0.0829 0.9901
1305031457.6596 -1.1816 0.2811 -0.5289 -0.0772 0.0786 0.0875 0.9901
1305031457.6916 -1.1954 0.2739 -0.5349 -0.0831 0.0794 0.0896 0.9893
1305031457.7277 -1.2066 0.2545 -0.5377 -0.0877 0.0806 0.0883 0.9889
1305031457.7596 -1.2182 0.2435 -0.5437 -0.0854 0.0825 0.0868 0.9891
1305031457.7916 -1.2257 0.2254 -0.5482 -0.0805 0.0862 0.0861 0.9893
1305031457.8277 -1.2379 0.2284 -0.5603 -0.0682 0.0934 0.0872 0.9895
1305031457.8596 -1.2505 0.2192 -0.5652 -0.0662 0.1016 0.0877 0.9887
1305031457.8916 -1.2660 0.1959 -0.5651 -0.0625 0.1102 0.0877 0.9881
1305031457.9276 -1.2845 0.1945 -0.5711 -0.0483 0.1154 0.0923 0.9878
1305031457.9916 -1.3073 0.1800 -0.5734 -0.0372 0.1167 0.0981 0.9876
1305031458.0278 -1.3173 0.1690 -0.5716 -0.0291 0.1199 0.0992 0.9874
1305031458.0597 -1.3331 0.1770 -0.5717 -0.0180 0.1252 0.1020 0.9867
1305031458.0917 -1.3484 0.1786 -0.5664 -0.0169 0.1300 0.1040 0.9859
1305031458.1276 -1.3634 0.1689 -0.5567 -0.0192 0.1345 0.1043 0.9852
1305031458.1596 -1.3807 0.1604 -0.5469 -0.0181 0.1379 0.1064 0.9846
1305031458.1916 -1.4000 0.1662 -0.5383 -0.0159 0.1388 0.1106 0.9840
1305031458.2276 -1.4136 0.1612 -0.5250 -0.0232 0.1361 0.1117 0.9841
1305031458.2599 -1.4270 0.1287 -0.5040 -0.0312 0.1344 0.1091 0.9844
1305031458.2917 -1.4466 0.1299 -0.4955 -0.0206 0.1311 0.1093 0.9851
1305031458.3276 -1.4593 0.1257 -0.4803 -0.0189 0.1255 0.1117 0.9856
1305031458.3596 -1.4687 0.1051 -0.4620 -0.0150 0.1212 0.1131 0.9860
1305031458.3916 -1.4803 0.1110 -0.4511 -0.0009 0.1183 0.1167 0.9861
1305031458.4276 -1.4853 0.1097 -0.4358 0.0067 0.1174 0.1253 0.9851
1305031458.4596 -1.4806 0.0972 -0.4185 0.0160 0.1202 0.1329 0.9837
1305031458.4917 -1.4853 0.0933 -0.4012 0.0366 0.1304 0.1318 0.9820
1305031458.5277 -1.5026 0.1188 -0.3843 0.0608 0.1425 0.1293 0.9794
1305031458.5596 -1.5110 0.1243 -0.3643 0.0693 0.1522 0.1270 0.9777
1305031458.5916 -1.5241 0.1271 -0.3423 0.0794 0.1596 0.1208 0.9765
1305031458.6277 -1.5369 0.1574 -0.3206 0.0883 0.1605 0.1156 0.9763
1305031458.6596 -1.5507 0.1585 -0.2953 0.0819 0.1584 0.1152 0.9772
1305031458.6917 -1.5548 0.1616 -0.2718 0.0766 0.1432 0.1086 0.9807
1305031458.7276 -1.5476 0.1538 -0.2500 0.0731 0.1266 0.1003 0.9842
1305031458.7599 -1.5539 0.1594 -0.2341 0.0798 0.1122 0.0893 0.9864
1305031458.7916 -1.5500 0.1729 -0.2205 0.0808 0.0944 0.0801 0.9890
1305031458.8276 -1.5448 0.1705 -0.2048 0.0737 0.0843 0.0775 0.9907
1305031458.8917 -1.5396 0.1644 -0.1848 0.0799 0.0792 0.0673 0.9914
1305031458.9276 -1.5501 0.1710 -0.1777 0.0797 0.0870 0.0732 0.9903
1305031458.9596 -1.5548 0.1632 -0.1688 0.0710 0.0925 0.0865 0.9894
1305031458.9916 -1.5667 0.1348 -0.1609 0.0674 0.0977 0.0908 0.9888
1305031459.0277 -1.5879 0.1304 -0.1540 0.0782 0.0972 0.0908 0.9880
1305031459.0596 -1.6096 0.1191 -0.1447 0.0851 0.0919 0.1004 0.9870
1305031459.1276 -1.6519 0.1019 -0.1251 0.1075 0.0539 0.1149 0.9861
1305031459.1596 -1.6616 0.0991 -0.1182 0.1160 0.0279 0.1170 0.9860
1305031459.1917 -1.6722 0.0998 -0.1118 0.1216 0.0090 0.1232 0.9849
1305031459.2276 -1.6793 0.1005 -0.1025 0.1235 -0.0046 0.1343 0.9832
1305031459.2598 -1.6799 0.1059 -0.0898 0.1234 -0.0094 0.1444 0.9817
1305031459.3276 -1.6884 0.1105 -0.0687 0.1180 0.0201 0.1742 0.9774
1305031459.3597 -1.7004 0.1185 -0.0590 0.1222 0.0449 0.1945 0.9722
1305031459.3917 -1.7146 0.1418 -0.0453 0.1220 0.0716 0.2198 0.9652
1305031459.4276 -1.7129 0.1464 -0.0325 0.1084 0.1029 0.2562 0.9550
1305031459.4597 -1.7306 0.1446 -0.0287 0.1043 0.1403 0.2940 0.9397
1305031459.5276 -1.7608 0.1640 -0.0146 0.0878 0.1819 0.3544 0.9130
1305031459.5596 -1.7765 0.1535 -0.0190 0.0792 0.1971 0.3798 0.9004
1305031459.5917 -1.7956 0.1517 -0.0179 0.0765 0.2043 0.3971 0.8915
1305031459.6276 -1.8041 0.1454 -0.0155 0.0713 0.2053 0.4076 0.8869
1305031459.6596 -1.8170 0.1472 -0.0109 0.0719 0.2122 0.4078 0.8851
1305031459.6916 -1.8336 0.1405 -0.0067 0.0652 0.2244 0.4125 0.8805
1305031459.7276 -1.8454 0.1235 -0.0053 0.0573 0.2328 0.4159 0.8773
1305031459.7917 -1.8799 0.0925 0.0009 0.0565 0.2456 0.4091 0.8770
1305031459.8277 -1.8955 0.0803 0.0054 0.0556 0.2466 0.4066 0.8779
1305031459.8597 -1.9123 0.0665 0.0109 0.0513 0.2464 0.4052 0.8789
1305031459.8916 -1.9207 0.0514 0.0166 0.0459 0.2417 0.4083 0.8791
1305031459.9276 -1.9282 0.0372 0.0218 0.0450 0.2387 0.4115 0.8784
1305031459.9917 -1.9467 0.0117 0.0333 0.0401 0.2360 0.4187 0.8760
1305031460.0276 -1.9508 -0.0038 0.0381 0.0382 0.2355 0.4222 0.8746
1305031460.0597 -1.9614 -0.0201 0.0432 0.0383 0.2370 0.4239 0.8733
1305031460.0917 -1.9712 -0.0392 0.0481 0.0392 0.2335 0.4307 0.8709
1305031460.1277 -1.9736 -0.0534 0.0539 0.0443 0.2244 0.4402 0.8683
1305031460.1597 -1.9815 -0.0626 0.0606 0.0515 0.2177 0.4472 0.8660
1305031460.1916 -1.9817 -0.0691 0.0699 0.0521 0.2101 0.4539 0.8643
1305031460.2278 -1.9722 -0.0770 0.0785 0.0520 0.2077 0.4581 0.8627
1305031460.2917 -1.9734 -0.0970 0.0892 0.0531 0.2242 0.4574 0.8589
1305031460.3275 -1.9743 -0.1088 0.0931 0.0533 0.2328 0.4591 0.8557
1305031460.3916 -1.9736 -0.1269 0.1055 0.0477 0.2516 0.4650 0.8475
1305031460.4275 -1.9727 -0.1378 0.1107 0.0458 0.2620 0.4696 0.8419
1305031460.4596 -1.9718 -0.1430 0.1167 0.0436 0.2743 0.4729 0.8362
1305031460.4915 -1.9758 -0.1511 0.1206 0.0371 0.2881 0.4787 0.8285
1305031460.5276 -1.9739 -0.1630 0.1241 0.0288 0.2980 0.4883 0.8197
1305031460.5596 -1.9708 -0.1740 0.1282 0.0217 0.3067 0.4920 0.8145
1305031460.5919 -1.9727 -0.1854 0.1324 0.0171 0.3160 0.4926 0.8107
1305031460.6276 -1.9714 -0.1966 0.1366 0.0134 0.3238 0.4948 0.8063
1305031460.6598 -1.9750 -0.2087 0.1409 0.0108 0.3321 0.4938 0.8036
1305031460.6917 -1.9804 -0.2199 0.1470 0.0074 0.3370 0.4945 0.8011
1305031460.7277 -1.9792 -0.2288 0.1542 0.0024 0.3388 0.4948 0.8002
1305031460.7597 -1.9775 -0.2400 0.1608 -0.0014 0.3437 0.4933 0.7991
1305031460.7917 -1.9816 -0.2522 0.1677 -0.0046 0.3482 0.4920 0.7979
1305031460.8277 -1.9820 -0.2597 0.1768 -0.0090 0.3496 0.4894 0.7988
1305031460.8597 -1.9801 -0.2669 0.1846 -0.0152 0.3527 0.4871 0.7988
1305031460.8918 -1.9786 -0.2791 0.1932 -0.0230 0.3573 0.4845 0.7982
1305031460.9276 -1.9778 -0.2909 0.2031 -0.0288 0.3595 0.4842 0.7972
1305031460.9917 -1.9617 -0.3142 0.2174 -0.0337 0.3626 0.4872 0.7938
1305031461.0276 -1.9572 -0.3256 0.2259 -0.0329 0.3649 0.4880 0.7922
1305031461.0917 -1.9548 -0.3388 0.2416 -0.0297 0.3641 0.4871 0.7933
1305031461.1276 -1.9444 -0.3474 0.2475 -0.0323 0.3631 0.4859 0.7943
1305031461.1597 -1.9380 -0.3573 0.2549 -0.0309 0.3647 0.4840 0.7949
1305031461.1920 -1.9356 -0.3606 0.2606 -0.0273 0.3652 0.4798 0.7972
1305031461.2276 -1.9320 -0.3664 0.2671 -0.0272 0.3666 0.4775 0.7980
1305031461.2596 -1.9260 -0.3728 0.2733 -0.0261 0.3668 0.4744 0.7998
1305031461.2917 -1.9223 -0.3751 0.2795 -0.0237 0.3675 0.4686 0.8030
1305031461.3278 -1.9169 -0.3738 0.2842 -0.0219 0.3691 0.4642 0.8049
1305031461.3597 -1.9194 -0.3725 0.2914 -0.0250 0.3732 0.4600 0.8053
1305031461.3917 -1.9079 -0.3806 0.3004 -0.0339 0.3727 0.4614 0.8044
1305031461.4276 -1.9010 -0.3824 0.3039 -0.0344 0.3730 0.4596 0.8052
1305031461.4598 -1.9002 -0.3794 0.3081 -0.0369 0.3731 0.4610 0.8043
1305031461.4917 -1.8830 -0.3886 0.3090 -0.0430 0.3714 0.4636 0.8033
1305031461.5277 -1.8827 -0.3858 0.3081 -0.0367 0.3733 0.4610 0.8042
1305031461.5597 -1.8758 -0.3786 0.3028 -0.0369 0.3731 0.4581 0.8060
1305031461.5917 -1.8726 -0.3763 0.2992 -0.0374 0.3801 0.4542 0.8048
1305031461.6275 -1.8703 -0.3723 0.2977 -0.0401 0.3855 0.4539 0.8023
1305031461.6596 -1.8674 -0.3693 0.2966 -0.0428 0.3901 0.4537 0.8001
1305031461.6916 -1.8682 -0.3633 0.2958 -0.0437 0.3933 0.4586 0.7957
1305031461.7276 -1.8607 -0.3574 0.2930 -0.0467 0.3927 0.4642 0.7926
1305031461.7597 -1.8611 -0.3488 0.2869 -0.0467 0.3942 0.4666 0.7904
1305031461.7916 -1.8586 -0.3394 0.2827 -0.0510 0.3955 0.4706 0.7871
1305031461.8276 -1.8554 -0.3316 0.2783 -0.0537 0.3994 0.4748 0.7824
1305031461.8598 -1.8604 -0.3195 0.2755 -0.0544 0.4043 0.4801 0.7766
1305031461.8917 -1.8648 -0.3101 0.2744 -0.0589 0.4066 0.4906 0.7685
1305031461.9278 -1.8599 -0.3016 0.2728 -0.0668 0.4039 0.5003 0.7629
1305031461.9597 -1.8567 -0.2856 0.2636 -0.0714 0.4053 0.5029 0.7601
1305031461.9916 -1.8693 -0.2771 0.2653 -0.0790 0.4143 0.5076 0.7513
1305031462.0277 -1.8704 -0.2780 0.2697 -0.0914 0.4148 0.5185 0.7421
1305031462.0598 -1.8725 -0.2751 0.2717 -0.0961 0.4109 0.5304 0.7352
1305031462.0918 -1.8732 -0.2666 0.2684 -0.0980 0.4043 0.5418 0.7304
1305031462.1277 -1.8767 -0.2568 0.2654 -0.0999 0.4006 0.5505 0.7256
1305031462.1596 -1.8791 -0.2515 0.2631 -0.1038 0.3979 0.5567 0.7218
1305031462.1916 -1.8861 -0.2423 0.2617 -0.1064 0.3972 0.5558 0.7225
1305031462.2276 -1.8931 -0.2364 0.2615 -0.1125 0.3974 0.5562 0.7211
1305031462.2598 -1.8991 -0.2328 0.2626 -0.1199 0.3960 0.5551 0.7216
1305031462.2916 -1.9064 -0.2274 0.2634 -0.1263 0.3928 0.5519 0.7247
1305031462.3275 -1.9116 -0.2198 0.2618 -0.1335 0.3886 0.5481 0.7285
1305031462.3597 -1.9232 -0.2143 0.2648 -0.1407 0.3881 0.5418 0.7321
1305031462.3917 -1.9334 -0.2085 0.2678 -0.1491 0.3832 0.5382 0.7357
1305031462.4276 -1.9419 -0.2042 0.2689 -0.1580 0.3763 0.5350 0.7398
1305031462.4599 -1.9544 -0.1995 0.2705 -0.1650 0.3690 0.5303 0.7452
1305031462.4920 -1.9608 -0.1923 0.2688 -0.1743 0.3586 0.5275 0.7502
1305031462.5277 -1.9688 -0.1898 0.2688 -0.1802 0.3510 0.5247 0.7544
1305031462.5599 -1.9729 -0.1824 0.2624 -0.1839 0.3390 0.5196 0.7624
1305031462.5919 -1.9772 -0.1783 0.2554 -0.1874 0.3322 0.5127 0.7691
1305031462.6279 -1.9849 -0.1707 0.2490 -0.1882 0.3281 0.5033 0.7770
1305031462.6597 -1.9893 -0.1688 0.2424 -0.1903 0.3255 0.4943 0.7832
1305031462.6925 -1.9989 -0.1679 0.2355 -0.1895 0.3236 0.4851 0.7900
1305031462.7277 -2.0071 -0.1630 0.2275 -0.1892 0.3166 0.4754 0.7987
1305031462.7598 -2.0139 -0.1538 0.2170 -0.1878 0.3079 0.4658 0.8081
1305031462.7919 -2.0190 -0.1474 0.2067 -0.1886 0.3017 0.4590 0.8141
1305031462.8278 -2.0258 -0.1380 0.1941 -0.1884 0.2951 0.4543 0.8192
1305031462.8598 -2.0284 -0.1231 0.1823 -0.1891 0.2889 0.4487 0.8243
1305031462.8918 -2.0294 -0.1141 0.1682 -0.1901 0.2870 0.4455 0.8264
1305031462.9276 -2.0305 -0.1067 0.1541 -0.1899 0.2857 0.4439 0.8278
1305031462.9597 -2.0309 -0.0991 0.1395 -0.1883 0.2819 0.4417 0.8307
1305031462.9955 -2.0287 -0.0906 0.1255 -0.1837 0.2775 0.4374 0.8354
1305031463.0277 -2.0275 -0.0870 0.1093 -0.1787 0.2739 0.4318 0.8406
1305031463.0598 -2.0296 -0.0810 0.0932 -0.1735 0.2685 0.4253 0.8467
1305031463.0958 -2.0268 -0.0665 0.0775 -0.1698 0.2613 0.4165 0.8541
1305031463.1275 -2.0238 -0.0615 0.0629 -0.1668 0.2589 0.4077 0.8596
1305031463.1598 -2.0232 -0.0544 0.0466 -0.1617 0.2567 0.3990 0.8653
1305031463.1957 -2.0232 -0.0448 0.0315 -0.1606 0.2544 0.3922 0.8693
1305031463.2278 -2.0143 -0.0356 0.0202 -0.1610 0.2501 0.3877 0.8725
1305031463.2600 -2.0088 -0.0277 0.0059 -0.1547 0.2492 0.3836 0.8757
1305031463.2957 -2.0081 -0.0182 -0.0067 -0.1510 0.2491 0.3780 0.8788
1305031463.3277 -1.9984 -0.0116 -0.0164 -0.1520 0.2437 0.3754 0.8812
1305031463.3598 -1.9899 -0.0051 -0.0284 -0.1461 0.2387 0.3734 0.8845
1305031463.3956 -1.9854 0.0095 -0.0413 -0.1387 0.2338 0.3695 0.8886
1305031463.4277 -1.9738 0.0219 -0.0525 -0.1375 0.2283 0.3668 0.8913
1305031463.4598 -1.9615 0.0345 -0.0656 -0.1355 0.2249 0.3654 0.8930
1305031463.4956 -1.9507 0.0487 -0.0739 -0.1352 0.2261 0.3628 0.8938
1305031463.5277 -1.9375 0.0541 -0.0849 -0.1359 0.2297 0.3608 0.8936
1305031463.5598 -1.9338 0.0613 -0.0950 -0.1321 0.2350 0.3602 0.8931
1305031463.5956 -1.9259 0.0710 -0.1035 -0.1310 0.2340 0.3595 0.8938
1305031463.6276 -1.9049 0.0758 -0.1145 -0.1308 0.2296 0.3583 0.8954
1305031463.6598 -1.8968 0.0823 -0.1256 -0.1219 0.2341 0.3541 0.8972
1305031463.6956 -1.8911 0.0948 -0.1381 -0.1151 0.2353 0.3493 0.8996
1305031463.7276 -1.8685 0.0965 -0.1521 -0.1176 0.2318 0.3470 0.9011
1305031463.7597 -1.8454 0.0930 -0.1703 -0.1154 0.2315 0.3425 0.9032
1305031463.7956 -1.8347 0.0966 -0.1874 -0.1093 0.2338 0.3325 0.9071
1305031463.8278 -1.8165 0.0967 -0.2039 -0.1099 0.2321 0.3228 0.9110
1305031463.8599 -1.7972 0.0903 -0.2214 -0.1102 0.2321 0.3135 0.9142
1305031463.8956 -1.7858 0.0912 -0.2377 -0.1054 0.2336 0.3045 0.9174
1305031463.9277 -1.7741 0.0883 -0.2520 -0.1045 0.2321 0.2990 0.9197
1305031463.9597 -1.7569 0.0812 -0.2669 -0.1040 0.2268 0.2940 0.9227
1305031463.9958 -1.7433 0.0774 -0.2846 -0.0995 0.2230 0.2877 0.9261
1305031464.0277 -1.7323 0.0767 -0.3021 -0.0968 0.2193 0.2799 0.9296
1305031464.0597 -1.7144 0.0678 -0.3177 -0.0979 0.2167 0.2715 0.9326
1305031464.0956 -1.7061 0.0627 -0.3333 -0.0937 0.2185 0.2625 0.9352
1305031464.1277 -1.7032 0.0584 -0.3445 -0.0899 0.2192 0.2573 0.9368
1305031464.1598 -1.6950 0.0468 -0.3544 -0.0859 0.2160 0.2557 0.9384
1305031464.1956 -1.6890 0.0382 -0.3655 -0.0759 0.2103 0.2521 0.9415
1305031464.2276 -1.6896 0.0393 -0.3777 -0.0628 0.2023 0.2483 0.9452
1305031464.2596 -1.6881 0.0412 -0.3906 -0.0536 0.1887 0.2471 0.9489
1305031464.2957 -1.6781 0.0425 -0.4024 -0.0487 0.1710 0.2430 0.9536
1305031464.3279 -1.6627 0.0438 -0.4152 -0.0448 0.1559 0.2376 0.9577
1305031464.3597 -1.6471 0.0395 -0.4275 -0.0407 0.1456 0.2326 0.9607
1305031464.3956 -1.6306 0.0451 -0.4435 -0.0339 0.1385 0.2245 0.9640
1305031464.4276 -1.6195 0.0479 -0.4564 -0.0312 0.1375 0.2147 0.9665
1305031464.4597 -1.6096 0.0416 -0.4695 -0.0296 0.1355 0.2063 0.9686
1305031464.4956 -1.5932 0.0442 -0.4847 -0.0263 0.1320 0.1999 0.9705
1305031464.5276 -1.5846 0.0452 -0.5006 -0.0243 0.1323 0.1920 0.9721
1305031464.5597 -1.5674 0.0424 -0.5150 -0.0267 0.1287 0.1802 0.9748
1305031464.5957 -1.5414 0.0255 -0.5323 -0.0273 0.1310 0.1694 0.9764
1305031464.6277 -1.5263 0.0208 -0.5496 -0.0185 0.1423 0.1602 0.9766
1305031464.6597 -1.5136 0.0162 -0.5624 -0.0104 0.1538 0.1469 0.9771
1305031464.6957 -1.4984 -0.0035 -0.5712 -0.0015 0.1642 0.1301 0.9778
1305031464.7277 -1.4988 -0.0064 -0.5778 0.0163 0.1725 0.1128 0.9784
1305031464.7597 -1.4965 0.0036 -0.5846 0.0310 0.1726 0.0936 0.9800
1305031464.7960 -1.4950 -0.0057 -0.5820 0.0372 0.1688 0.0754 0.9821
1305031464.8278 -1.4956 -0.0084 -0.5785 0.0485 0.1581 0.0612 0.9843
1305031464.8597 -1.4854 0.0050 -0.5812 0.0583 0.1402 0.0460 0.9873
1305031464.8958 -1.4679 0.0080 -0.5826 0.0575 0.1217 0.0261 0.9906
1305031464.9278 -1.4460 -0.0132 -0.5796 0.0518 0.1072 0.0052 0.9929
1305031464.9598 -1.4255 -0.0279 -0.5742 0.0532 0.0998 -0.0130 0.9935
1305031464.9957 -1.4070 -0.0268 -0.5685 0.0596 0.0966 -0.0314 0.9930
1305031465.0278 -1.3992 -0.0262 -0.5539 0.0633 0.0967 -0.0532 0.9919
1305031465.0597 -1.4027 -0.0064 -0.5345 0.0725 0.0935 -0.0725 0.9903
1305031465.0957 -1.3910 0.0381 -0.5206 0.0743 0.0811 -0.0884 0.9900
1305031465.1277 -1.3752 0.0494 -0.5024 0.0575 0.0673 -0.1036 0.9907
1305031465.1598 -1.3645 0.0511 -0.4814 0.0400 0.0559 -0.1128 0.9912
1305031465.1956 -1.3501 0.0555 -0.4621 0.0273 0.0448 -0.1203 0.9914
1305031465.2279 -1.3364 0.0716 -0.4443 0.0172 0.0362 -0.1260 0.9912
1305031465.2598 -1.3279 0.0717 -0.4230 0.0040 0.0287 -0.1269 0.9915
1305031465.2956 -1.3184 0.0851 -0.4087 -0.0001 0.0210 -0.1180 0.9928
1305031465.3277 -1.3090 0.1007 -0.3940 -0.0062 0.0104 -0.1059 0.9943
1305031465.3599 -1.3006 0.1021 -0.3807 -0.0124 -0.0033 -0.0945 0.9954
1305031465.3956 -1.2791 0.1065 -0.3743 -0.0124 -0.0211 -0.0838 0.9962
1305031465.4277 -1.2516 0.1151 -0.3718 -0.0099 -0.0363 -0.0721 0.9967
1305031465.4601 -1.2301 0.1306 -0.3717 -0.0063 -0.0475 -0.0584 0.9971
1305031465.4957 -1.2077 0.1473 -0.3718 -0.0074 -0.0582 -0.0489 0.9971
1305031465.5276 -1.1894 0.1443 -0.3684 -0.0121 -0.0674 -0.0455 0.9966
1305031465.5598 -1.1670 0.1528 -0.3710 -0.0067 -0.0761 -0.0396 0.9963
1305031465.5956 -1.1419 0.1679 -0.3750 -0.0008 -0.0815 -0.0305 0.9962
1305031465.6277 -1.1289 0.1820 -0.3802 0.0035 -0.0839 -0.0213 0.9962
1305031465.6601 -1.1118 0.1942 -0.3847 0.0073 -0.0926 -0.0131 0.9956
1305031465.6957 -1.0811 0.2078 -0.3871 0.0127 -0.1023 -0.0054 0.9947
1305031465.7277 -1.0602 0.2235 -0.3914 0.0198 -0.1055 0.0039 0.9942
1305031465.7598 -1.0382 0.2439 -0.3955 0.0275 -0.1102 0.0130 0.9934
1305031465.7959 -1.0136 0.2605 -0.3960 0.0326 -0.1142 0.0196 0.9927
1305031465.8280 -0.9921 0.2714 -0.3981 0.0398 -0.1173 0.0253 0.9920
1305031465.8599 -0.9675 0.2998 -0.4021 0.0525 -0.1197 0.0304 0.9910
1305031465.8955 -0.9412 0.3232 -0.4001 0.0564 -0.1167 0.0332 0.9910
1305031465.9275 -0.9193 0.3334 -0.3998 0.0605 -0.1100 0.0344 0.9915
1305031465.9597 -0.9003 0.3543 -0.4040 0.0719 -0.1020 0.0333 0.9916
1305031465.9958 -0.8893 0.3769 -0.4102 0.0801 -0.0937 0.0295 0.9919
1305031466.0276 -0.8760 0.4005 -0.4157 0.0867 -0.0905 0.0279 0.9917
1305031466.0598 -0.8636 0.4254 -0.4204 0.0862 -0.0878 0.0285 0.9920
1305031466.0958 -0.8524 0.4426 -0.4270 0.0815 -0.0886 0.0285 0.9923
1305031466.1276 -0.8385 0.4591 -0.4334 0.0759 -0.0931 0.0281 0.9924
1305031466.1604 -0.8277 0.4747 -0.4440 0.0707 -0.0973 0.0296 0.9923
1305031466.1958 -0.8169 0.4928 -0.4552 0.0639 -0.1050 0.0296 0.9920
1305031466.2280 -0.7985 0.5014 -0.4618 0.0526 -0.1150 0.0244 0.9917
1305031466.2598 -0.7730 0.5008 -0.4683 0.0480 -0.1205 0.0172 0.9914
1305031466.2957 -0.7520 0.5122 -0.4786 0.0515 -0.1166 0.0056 0.9918
1305031466.3277 -0.7374 0.5243 -0.4925 0.0529 -0.1061 -0.0040 0.9929
1305031466.3598 -0.7248 0.5307 -0.5051 0.0474 -0.0969 -0.0102 0.9941
1305031466.3958 -0.7125 0.5234 -0.5167 0.0444 -0.0932 -0.0143 0.9946
1305031466.4278 -0.7013 0.5354 -0.5316 0.0520 -0.0942 -0.0186 0.9940
1305031466.4598 -0.6842 0.5483 -0.5414 0.0529 -0.0995 -0.0227 0.9934
1305031466.4958 -0.6613 0.5549 -0.5458 0.0487 -0.1049 -0.0237 0.9930
1305031466.5275 -0.6362 0.5573 -0.5478 0.0459 -0.1051 -0.0238 0.9931
1305031466.5604 -0.6194 0.5709 -0.5551 0.0457 -0.1007 -0.0258 0.9935
1305031466.5959 -0.5998 0.5809 -0.5581 0.0384 -0.1006 -0.0294 0.9938
1305031466.6275 -0.5736 0.5716 -0.5537 0.0298 -0.1013 -0.0334 0.9938
1305031466.6597 -0.5541 0.5755 -0.5589 0.0361 -0.0983 -0.0385 0.9938
1305031466.6958 -0.5382 0.5934 -0.5658 0.0400 -0.0979 -0.0464 0.9933
1305031466.7281 -0.5165 0.5952 -0.5632 0.0337 -0.1017 -0.0559 0.9927
1305031466.7596 -0.4959 0.5876 -0.5618 0.0340 -0.1025 -0.0638 0.9921
1305031466.7956 -0.4809 0.5999 -0.5689 0.0428 -0.1027 -0.0695 0.9914
1305031466.8279 -0.4644 0.6082 -0.5718 0.0414 -0.1069 -0.0729 0.9907
1305031466.8597 -0.4523 0.6025 -0.5725 0.0373 -0.1120 -0.0724 0.9904
1305031466.8957 -0.4396 0.6068 -0.5797 0.0412 -0.1222 -0.0733 0.9889
1305031466.9278 -0.4218 0.6095 -0.5828 0.0418 -0.1369 -0.0758 0.9868
1305031466.9597 -0.3997 0.6075 -0.5831 0.0417 -0.1488 -0.0768 0.9850
1305031466.9957 -0.3799 0.6093 -0.5856 0.0429 -0.1547 -0.0793 0.9838
1305031467.0278 -0.3640 0.6098 -0.5883 0.0434 -0.1587 -0.0836 0.9828
1305031467.0597 -0.3450 0.6121 -0.5898 0.0443 -0.1621 -0.0867 0.9820
1305031467.0957 -0.3306 0.6147 -0.5916 0.0429 -0.1629 -0.0921 0.9814
1305031467.1290 -0.3176 0.6131 -0.5913 0.0435 -0.1656 -0.1024 0.9799
1305031467.1597 -0.3044 0.6144 -0.5931 0.0459 -0.1683 -0.1103 0.9785
1305031467.1957 -0.2934 0.6158 -0.5967 0.0473 -0.1720 -0.1146 0.9773
1305031467.2277 -0.2799 0.6163 -0.5986 0.0482 -0.1787 -0.1199 0.9754
1305031467.2597 -0.2654 0.6163 -0.6000 0.0502 -0.1842 -0.1246 0.9737
1305031467.2958 -0.2518 0.6182 -0.6030 0.0530 -0.1892 -0.1308 0.9717
1305031467.3280 -0.2374 0.6207 -0.6073 0.0549 -0.1946 -0.1359 0.9699
1305031467.3597 -0.2236 0.6273 -0.6117 0.0536 -0.2004 -0.1380 0.9685
1305031467.3958 -0.2095 0.6281 -0.6126 0.0483 -0.2077 -0.1431 0.9665
1305031467.4278 -0.1956 0.6255 -0.6130 0.0463 -0.2137 -0.1473 0.9646
1305031467.4597 -0.1817 0.6286 -0.6182 0.0471 -0.2197 -0.1491 0.9630
1305031467.4961 -0.1641 0.6346 -0.6215 0.0447 -0.2270 -0.1541 0.9606
1305031467.5277 -0.1482 0.6320 -0.6179 0.0397 -0.2312 -0.1611 0.9587
1305031467.5598 -0.1348 0.6279 -0.6164 0.0394 -0.2325 -0.1638 0.9579
1305031467.5960 -0.1226 0.6281 -0.6173 0.0395 -0.2337 -0.1627 0.9578
1305031467.6275 -0.1151 0.6180 -0.6147 0.0384 -0.2378 -0.1606 0.9572
1305031467.6596 -0.1034 0.6115 -0.6127 0.0438 -0.2435 -0.1568 0.9561
1305031467.6959 -0.0890 0.6117 -0.6099 0.0484 -0.2478 -0.1581 0.9546
1305031467.7275 -0.0812 0.6019 -0.5998 0.0518 -0.2502 -0.1627 0.9530
1305031467.7599 -0.0748 0.5959 -0.5922 0.0583 -0.2518 -0.1647 0.9519
1305031467.7961 -0.0671 0.5920 -0.5829 0.0632 -0.2548 -0.1670 0.9504
1305031467.8278 -0.0650 0.5800 -0.5682 0.0671 -0.2572 -0.1678 0.9493
1305031467.8597 -0.0631 0.5726 -0.5564 0.0743 -0.2610 -0.1646 0.9483
1305031467.8959 -0.0593 0.5705 -0.5454 0.0805 -0.2676 -0.1637 0.9461
1305031467.9278 -0.0556 0.5597 -0.5268 0.0833 -0.2758 -0.1663 0.9431
1305031467.9598 -0.0516 0.5477 -0.5088 0.0895 -0.2816 -0.1669 0.9407
1305031467.9958 -0.0441 0.5485 -0.4942 0.0952 -0.2839 -0.1690 0.9390
1305031468.0281 -0.0472 0.5357 -0.4720 0.0934 -0.2841 -0.1722 0.9386
1305031468.0598 -0.0500 0.5225 -0.4559 0.0983 -0.2854 -0.1747 0.9372
1305031468.0959 -0.0462 0.5191 -0.4411 0.1024 -0.2884 -0.1764 0.9355
1305031468.1278 -0.0474 0.5055 -0.4198 0.1010 -0.2905 -0.1775 0.9348
1305031468.1599 -0.0465 0.4946 -0.4027 0.1038 -0.2920 -0.1804 0.9335
1305031468.1960 -0.0439 0.4841 -0.3856 0.1044 -0.2924 -0.1840 0.9326
1305031468.2282 -0.0451 0.4690 -0.3680 0.1029 -0.2911 -0.1839 0.9332
1305031468.2598 -0.0430 0.4553 -0.3515 0.1031 -0.2894 -0.1822 0.9340
1305031468.2958 -0.0427 0.4408 -0.3369 0.1028 -0.2867 -0.1825 0.9348
1305031468.3278 -0.0434 0.4199 -0.3224 0.1034 -0.2843 -0.1803 0.9359
1305031468.3598 -0.0393 0.4100 -0.3133 0.1078 -0.2815 -0.1754 0.9372
1305031468.3959 -0.0381 0.4009 -0.3058 0.1065 -0.2792 -0.1753 0.9381
1305031468.4280 -0.0386 0.3771 -0.2969 0.1007 -0.2792 -0.1757 0.9386
1305031468.4598 -0.0339 0.3584 -0.2898 0.0988 -0.2805 -0.1732 0.9389
1305031468.4958 -0.0316 0.3432 -0.2819 0.0965 -0.2793 -0.1738 0.9394
1305031468.5278 -0.0366 0.3208 -0.2756 0.0957 -0.2770 -0.1791 0.9392
1305031468.5597 -0.0403 0.3027 -0.2730 0.1023 -0.2766 -0.1868 0.9371
1305031468.5958 -0.0400 0.2954 -0.2742 0.1068 -0.2767 -0.1921 0.9355
1305031468.6276 -0.0455 0.2788 -0.2691 0.1004 -0.2778 -0.1936 0.9356
1305031468.6596 -0.0559 0.2532 -0.2694 0.0965 -0.2802 -0.1954 0.9349
1305031468.6958 -0.0623 0.2355 -0.2682 0.1005 -0.2861 -0.1985 0.9320
1305031468.7278 -0.0661 0.2237 -0.2652 0.1052 -0.2924 -0.1991 0.9294
1305031468.7596 -0.0703 0.2110 -0.2606 0.1068 -0.2972 -0.1993 0.9277
1305031468.7958 -0.0776 0.1896 -0.2566 0.1094 -0.2996 -0.2039 0.9256
1305031468.8292 -0.0825 0.1784 -0.2549 0.1184 -0.3014 -0.2090 0.9227
1305031468.8597 -0.0804 0.1748 -0.2479 0.1229 -0.3020 -0.2125 0.9211
1305031468.8959 -0.0850 0.1621 -0.2427 0.1200 -0.2975 -0.2144 0.9226
1305031468.9281 -0.0897 0.1537 -0.2389 0.1161 -0.2921 -0.2116 0.9254
1305031468.9596 -0.0941 0.1535 -0.2383 0.1109 -0.2857 -0.2089 0.9287
1305031468.9957 -0.0980 0.1638 -0.2369 0.1006 -0.2810 -0.2134 0.9303
1305031469.0277 -0.1065 0.1516 -0.2296 0.0812 -0.2776 -0.2213 0.9313
1305031469.0598 -0.1163 0.1410 -0.2265 0.0677 -0.2749 -0.2291 0.9313
1305031469.0957 -0.1148 0.1377 -0.2137 0.0583 -0.2752 -0.2399 0.9292
1305031469.1277 -0.1165 0.1266 -0.1989 0.0458 -0.2698 -0.2509 0.9285
1305031469.1597 -0.1212 0.1195 -0.1878 0.0364 -0.2611 -0.2587 0.9293
1305031469.1955 -0.1303 0.1106 -0.1779 0.0282 -0.2511 -0.2645 0.9307
1305031469.2278 -0.1417 0.1074 -0.1727 0.0237 -0.2431 -0.2679 0.9320
1305031469.2596 -0.1456 0.1065 -0.1607 0.0196 -0.2407 -0.2719 0.9315
1305031469.2968 -0.1508 0.1036 -0.1491 0.0147 -0.2361 -0.2746 0.9320
1305031469.3276 -0.1561 0.1068 -0.1391 0.0104 -0.2323 -0.2765 0.9325
1305031469.3596 -0.1543 0.1028 -0.1206 0.0035 -0.2296 -0.2815 0.9317
1305031469.3957 -0.1579 0.0993 -0.1055 0.0019 -0.2190 -0.2870 0.9326
1305031469.4277 -0.1619 0.1068 -0.0946 0.0047 -0.2066 -0.2925 0.9337
1305031469.4597 -0.1694 0.1142 -0.0821 0.0058 -0.1959 -0.2993 0.9338
1305031469.4957 -0.1809 0.1236 -0.0702 0.0065 -0.1887 -0.3027 0.9342
1305031469.5276 -0.1843 0.1341 -0.0591 0.0043 -0.1885 -0.3028 0.9342
1305031469.5596 -0.1859 0.1422 -0.0451 -0.0014 -0.1896 -0.3033 0.9338
1305031469.5958 -0.1871 0.1514 -0.0316 -0.0088 -0.1902 -0.3028 0.9338
1305031469.6278 -0.1902 0.1575 -0.0182 -0.0188 -0.1886 -0.3033 0.9339
1305031469.6596 -0.1975 0.1649 -0.0038 -0.0249 -0.1841 -0.3037 0.9345
1305031469.6956 -0.2000 0.1751 0.0082 -0.0288 -0.1807 -0.3027 0.9354
1305031469.7277 -0.2061 0.1857 0.0204 -0.0340 -0.1754 -0.3017 0.9365
1305031469.7596 -0.2114 0.1980 0.0303 -0.0397 -0.1708 -0.2991 0.9380
1305031469.7956 -0.2220 0.2147 0.0425 -0.0451 -0.1677 -0.2967 0.9391
1305031469.8275 -0.2288 0.2270 0.0516 -0.0508 -0.1688 -0.2948 0.9392
1305031469.8596 -0.2385 0.2436 0.0607 -0.0568 -0.1690 -0.2927 0.9394
1305031469.8958 -0.2478 0.2583 0.0688 -0.0619 -0.1695 -0.2902 0.9398
1305031469.9279 -0.2588 0.2758 0.0780 -0.0649 -0.1705 -0.2865 0.9405
1305031469.9598 -0.2695 0.2913 0.0845 -0.0668 -0.1731 -0.2840 0.9407
1305031469.9956 -0.2800 0.3066 0.0890 -0.0686 -0.1745 -0.2821 0.9409
1305031470.0277 -0.2902 0.3209 0.0916 -0.0712 -0.1766 -0.2816 0.9405
1305031470.0596 -0.3029 0.3369 0.0936 -0.0729 -0.1759 -0.2815 0.9405
1305031470.0959 -0.3138 0.3511 0.0938 -0.0745 -0.1755 -0.2795 0.9410
1305031470.1276 -0.3239 0.3654 0.0927 -0.0787 -0.1755 -0.2771 0.9414
1305031470.1596 -0.3376 0.3830 0.0931 -0.0807 -0.1749 -0.2734 0.9424
1305031470.1961 -0.3489 0.3964 0.0904 -0.0829 -0.1761 -0.2704 0.9429
1305031470.2276 -0.3603 0.4091 0.0874 -0.0872 -0.1758 -0.2672 0.9434
1305031470.2600 -0.3723 0.4225 0.0842 -0.0915 -0.1747 -0.2643 0.9441
1305031470.2957 -0.3840 0.4353 0.0808 -0.0970 -0.1733 -0.2621 0.9444
1305031470.3276 -0.3975 0.4487 0.0786 -0.1034 -0.1719 -0.2592 0.9448
1305031470.3596 -0.4109 0.4623 0.0755 -0.1080 -0.1720 -0.2544 0.9455
1305031470.3958 -0.4243 0.4755 0.0721 -0.1110 -0.1723 -0.2508 0.9461
1305031470.4276 -0.4377 0.4871 0.0695 -0.1116 -0.1736 -0.2514 0.9456
1305031470.4597 -0.4511 0.4969 0.0659 -0.1110 -0.1745 -0.2512 0.9456
1305031470.4957 -0.4633 0.5051 0.0616 -0.1106 -0.1759 -0.2496 0.9458
1305031470.5277 -0.4742 0.5126 0.0579 -0.1105 -0.1771 -0.2495 0.9456
1305031470.5597 -0.4855 0.5221 0.0551 -0.1103 -0.1760 -0.2487 0.9461
1305031470.5958 -0.4964 0.5285 0.0518 -0.1115 -0.1755 -0.2455 0.9468
1305031470.6277 -0.5070 0.5366 0.0496 -0.1131 -0.1746 -0.2411 0.9480
1305031470.6597 -0.5184 0.5423 0.0470 -0.1154 -0.1735 -0.2372 0.9489
1305031470.6956 -0.5292 0.5503 0.0456 -0.1169 -0.1737 -0.2339 0.9495
1305031470.7277 -0.5396 0.5530 0.0459 -0.1183 -0.1747 -0.2322 0.9495
1305031470.7597 -0.5455 0.5560 0.0430 -0.1194 -0.1731 -0.2287 0.9505
1305031470.7956 -0.5553 0.5632 0.0434 -0.1198 -0.1681 -0.2240 0.9525
1305031470.8278 -0.5657 0.5670 0.0425 -0.1166 -0.1673 -0.2191 0.9542
1305031470.8596 -0.5754 0.5688 0.0399 -0.1126 -0.1676 -0.2144 0.9557
1305031470.8957 -0.5852 0.5719 0.0357 -0.1086 -0.1679 -0.2090 0.9572
1305031470.9277 -0.5950 0.5737 0.0343 -0.1045 -0.1709 -0.2045 0.9581
1305031470.9596 -0.6047 0.5721 0.0319 -0.0966 -0.1747 -0.2015 0.9589
1305031470.9960 -0.6098 0.5740 0.0284 -0.0870 -0.1774 -0.1977 0.9601
1305031471.0276 -0.6176 0.5718 0.0262 -0.0794 -0.1769 -0.1950 0.9615
1305031471.0596 -0.6267 0.5711 0.0216 -0.0701 -0.1737 -0.1898 0.9638
1305031471.0958 -0.6345 0.5737 0.0167 -0.0608 -0.1725 -0.1822 0.9661
1305031471.1277 -0.6419 0.5721 0.0136 -0.0560 -0.1733 -0.1751 0.9676
1305031471.1596 -0.6463 0.5718 0.0092 -0.0506 -0.1737 -0.1682 0.9690
1305031471.1957 -0.6514 0.5729 0.0060 -0.0477 -0.1713 -0.1618 0.9707
1305031471.2276 -0.6585 0.5741 0.0033 -0.0471 -0.1676 -0.1565 0.9722
1305031471.2597 -0.6658 0.5716 0.0020 -0.0492 -0.1655 -0.1533 0.9730
1305031471.2961 -0.6714 0.5686 0.0013 -0.0495 -0.1639 -0.1487 0.9739
1305031471.3276 -0.6732 0.5677 -0.0014 -0.0460 -0.1614 -0.1449 0.9751
1305031471.3596 -0.6757 0.5692 -0.0041 -0.0443 -0.1543 -0.1419 0.9768
1305031471.3957 -0.6846 0.5640 -0.0062 -0.0464 -0.1455 -0.1372 0.9787
1305031471.4277 -0.6921 0.5651 -0.0116 -0.0423 -0.1411 -0.1298 0.9805
1305031471.4596 -0.6953 0.5668 -0.0154 -0.0410 -0.1418 -0.1244 0.9812
1305031471.4965 -0.6997 0.5658 -0.0175 -0.0429 -0.1411 -0.1203 0.9817
1305031471.5276 -0.7037 0.5655 -0.0208 -0.0434 -0.1402 -0.1158 0.9824
1305031471.5597 -0.7047 0.5657 -0.0235 -0.0437 -0.1396 -0.1135 0.9827
1305031471.5957 -0.7073 0.5649 -0.0266 -0.0443 -0.1350 -0.1112 0.9836
1305031471.6276 -0.7096 0.5642 -0.0298 -0.0444 -0.1303 -0.1093 0.9844
1305031471.6596 -0.7122 0.5634 -0.0332 -0.0434 -0.1250 -0.1059 0.9855
1305031471.6956 -0.7145 0.5656 -0.0377 -0.0409 -0.1204 -0.1005 0.9868
1305031471.7275 -0.7155 0.5677 -0.0408 -0.0415 -0.1169 -0.0958 0.9876
1305031471.7597 -0.7152 0.5661 -0.0414 -0.0441 -0.1136 -0.0896 0.9885
1305031471.7958 -0.7160 0.5699 -0.0449 -0.0421 -0.1069 -0.0811 0.9901
1305031471.8276 -0.7193 0.5750 -0.0473 -0.0443 -0.1008 -0.0742 0.9911
1305031471.8597 -0.7210 0.5757 -0.0470 -0.0489 -0.0978 -0.0681 0.9917
1305031471.8956 -0.7228 0.5810 -0.0488 -0.0508 -0.0935 -0.0611 0.9924
1305031471.9277 -0.7241 0.5828 -0.0482 -0.0569 -0.0891 -0.0575 0.9927
1305031471.9596 -0.7261 0.5800 -0.0462 -0.0608 -0.0830 -0.0560 0.9931
1305031471.9956 -0.7311 0.5900 -0.0506 -0.0566 -0.0731 -0.0515 0.9944
1305031472.0276 -0.7359 0.5942 -0.0489 -0.0630 -0.0670 -0.0491 0.9946
1305031472.0597 -0.7405 0.5910 -0.0471 -0.0685 -0.0622 -0.0469 0.9946
1305031472.0956 -0.7446 0.5975 -0.0496 -0.0658 -0.0566 -0.0406 0.9954
1305031472.1276 -0.7508 0.6030 -0.0491 -0.0696 -0.0526 -0.0375 0.9955
1305031472.1596 -0.7564 0.5965 -0.0462 -0.0774 -0.0510 -0.0370 0.9950
1305031472.1957 -0.7604 0.5962 -0.0466 -0.0744 -0.0496 -0.0323 0.9955
1305031472.2276 -0.7620 0.5994 -0.0480 -0.0707 -0.0493 -0.0289 0.9959
1305031472.2638 -0.7647 0.5926 -0.0471 -0.0726 -0.0476 -0.0287 0.9958
1305031472.2957 -0.7662 0.5913 -0.0486 -0.0663 -0.0458 -0.0261 0.9964
1305031472.3277 -0.7677 0.5964 -0.0516 -0.0581 -0.0443 -0.0236 0.9971
1305031472.3636 -0.7697 0.5980 -0.0529 -0.0567 -0.0439 -0.0223 0.9972
1305031472.3956 -0.7721 0.5934 -0.0523 -0.0589 -0.0451 -0.0212 0.9970
1305031472.4277 -0.7719 0.5898 -0.0526 -0.0582 -0.0487 -0.0208 0.9969
1305031472.4636 -0.7694 0.5885 -0.0529 -0.0561 -0.0513 -0.0213 0.9969
1305031472.4956 -0.7684 0.5873 -0.0534 -0.0558 -0.0498 -0.0216 0.9970
1305031472.5276 -0.7697 0.5788 -0.0524 -0.0592 -0.0471 -0.0213 0.9969
1305031472.5636 -0.7697 0.5731 -0.0532 -0.0558 -0.0477 -0.0197 0.9971
1305031472.5957 -0.7679 0.5747 -0.0555 -0.0498 -0.0492 -0.0168 0.9974
1305031472.6277 -0.7655 0.5718 -0.0547 -0.0503 -0.0509 -0.0148 0.9973
1305031472.6636 -0.7638 0.5672 -0.0533 -0.0508 -0.0519 -0.0135 0.9973
1305031472.6958 -0.7625 0.5632 -0.0527 -0.0498 -0.0527 -0.0122 0.9973
1305031472.7276 -0.7604 0.5594 -0.0517 -0.0481 -0.0541 -0.0122 0.9973
1305031472.7636 -0.7579 0.5575 -0.0511 -0.0457 -0.0546 -0.0132 0.9974
1305031472.7956 -0.7578 0.5533 -0.0498 -0.0448 -0.0531 -0.0150 0.9975
1305031472.8276 -0.7574 0.5513 -0.0489 -0.0421 -0.0522 -0.0149 0.9976
1305031472.8636 -0.7584 0.5510 -0.0485 -0.0394 -0.0515 -0.0134 0.9978
1305031472.8957 -0.7581 0.5505 -0.0478 -0.0391 -0.0529 -0.0113 0.9978
1305031472.9277 -0.7564 0.5478 -0.0458 -0.0404 -0.0548 -0.0098 0.9976
1305031472.9638 -0.7561 0.5484 -0.0451 -0.0391 -0.0546 -0.0082 0.9977
1305031472.9957 -0.7572 0.5478 -0.0442 -0.0401 -0.0549 -0.0074 0.9977
1305031473.0276 -0.7571 0.5474 -0.0433 -0.0406 -0.0562 -0.0074 0.9976
1305031473.0637 -0.7559 0.5452 -0.0418 -0.0423 -0.0575 -0.0087 0.9974
1305031473.0957 -0.7554 0.5451 -0.0416 -0.0412 -0.0567 -0.0107 0.9975
1305031473.1277 -0.7569 0.5441 -0.0411 -0.0415 -0.0547 -0.0122 0.9976
1305031473.1671 -0.7575 0.5425 -0.0410 -0.0412 -0.0552 -0.0123 0.9975
1305031473.1961 -0.7567 0.5417 -0.0412 -0.0403 -0.0563 -0.0124 0.9975
