1305031453.4237 0.0057 0.0036 -0.0084 0.0017 0.0036 0.0096 0.9999
1305031453.4597 0.0112 0.0079 -0.0181 0.0054 0.0092 0.0186 0.9998
1305031453.4917 0.0131 0.0122 -0.0287 0.0095 0.0160 0.0287 0.9994
1305031453.5237 0.0131 0.0177 -0.0423 0.0163 0.0213 0.0374 0.9989
1305031453.5598 0.0154 0.0230 -0.0555 0.0233 0.0234 0.0441 0.9985
1305031453.5916 0.0147 0.0307 -0.0706 0.0311 0.0263 0.0484 0.9980
1305031453.6277 0.0087 0.0361 -0.0854 0.0377 0.0284 0.0523 0.9975
1305031453.6596 0.0031 0.0451 -0.1011 0.0460 0.0251 0.0503 0.9974
1305031453.6917 -0.0015 0.0565 -0.1168 0.0535 0.0199 0.0459 0.9973
1305031453.7277 -0.0090 0.0652 -0.1315 0.0578 0.0152 0.0407 0.9974
1305031453.7597 -0.0201 0.0706 -0.1444 0.0619 0.0077 0.0326 0.9975
1305031453.7917 -0.0241 0.0816 -0.1581 0.0671 -0.0024 0.0249 0.9974
1305031453.8278 -0.0352 0.0880 -0.1704 0.0694 -0.0088 0.0183 0.9974
1305031453.8597 -0.0492 0.0961 -0.1819 0.0713 -0.0202 0.0101 0.9972
1305031453.8917 -0.0577 0.1018 -0.1922 0.0703 -0.0371 0.0027 0.9968
1305031453.9277 -0.0706 0.1072 -0.1996 0.0675 -0.0549 -0.0018 0.9962
1305031453.9596 -0.0754 0.1117 -0.2082 0.0650 -0.0722 -0.0105 0.9952
1305031453.9916 -0.0859 0.1122 -0.2077 0.0633 -0.0840 -0.0219 0.9942
1305031454.0277 -0.0949 0.1141 -0.2132 0.0652 -0.0966 -0.0320 0.9927
1305031454.0597 -0.1050 0.1208 -0.2186 0.0670 -0.1079 -0.0438 0.9909
1305031454.0917 -0.1178 0.1223 -0.2144 0.0680 -0.1193 -0.0575 0.9889
1305031454.1277 -0.1228 0.1215 -0.2143 0.0708 -0.1355 -0.0714 0.9857
1305031454.1597 -0.1263 0.1251 -0.2188 0.0709 -0.1523 -0.0833 0.9823
1305031454.1917 -0.1349 0.1270 -0.2200 0.0689 -0.1687 -0.0972 0.9785
1305031454.2277 -0.1486 0.1226 -0.2158 0.0703 -0.1850 -0.1160 0.9733
1305031454.2596 -0.1484 0.1222 -0.2147 0.0752 -0.2010 -0.1316 0.9678
1305031454.2916 -0.1557 0.1234 -0.2169 0.0730 -0.2083 -0.1429 0.9648
1305031454.3277 -0.1758 0.1217 -0.2213 0.0732 -0.2140 -0.1597 0.9609
1305031454.3596 -0.1809 0.1230 -0.2215 0.0795 -0.2263 -0.1747 0.9550
1305031454.3917 -0.1884 0.1271 -0.2239 0.0808 -0.2334 -0.1863 0.9510
1305031454.4275 -0.2037 0.1312 -0.2261 0.0827 -0.2432 -0.2021 0.9451
1305031454.4599 -0.2037 0.1310 -0.2254 0.0848 -0.2548 -0.2176 0.9384
1305031454.4916 -0.2118 0.1339 -0.2280 0.0864 -0.2582 -0.2339 0.9334
1305031454.5277 -0.2158 0.1396 -0.2308 0.0864 -0.2639 -0.2499 0.9276
1305031454.5596 -0.2231 0.1422 -0.2335 0.0825 -0.2685 -0.2636 0.9228
1305031454.5916 -0.2341 0.1460 -0.2361 0.0791 -0.2766 -0.2817 0.9153
1305031454.6276 -0.2383 0.1458 -0.2376 0.0757 -0.2892 -0.2967 0.9070
1305031454.6595 -0.2399 0.1516 -0.2392 0.0700 -0.3005 -0.3051 0.9010
1305031454.6919 -0.2463 0.1518 -0.2410 0.0605 -0.3125 -0.3143 0.8944
1305031454.7277 -0.2471 0.1501 -0.2378 0.0540 -0.3256 -0.3207 0.8878
1305031454.7597 -0.2441 0.1520 -0.2343 0.0471 -0.3324 -0.3187 0.8864
1305031454.7916 -0.2405 0.1555 -0.2338 0.0411 -0.3352 -0.3125 0.8879
1305031454.8276 -0.2344 0.1637 -0.2310 0.0371 -0.3370 -0.3068 0.8893
1305031454.8596 -0.2318 0.1692 -0.2288 0.0306 -0.3341 -0.3005 0.8928
1305031454.8918 -0.2282 0.1765 -0.2284 0.0266 -0.3293 -0.2935 0.8970
1305031454.9276 -0.2257 0.1860 -0.2301 0.0231 -0.3232 -0.2874 0.9013
1305031454.9596 -0.2265 0.1947 -0.2344 0.0196 -0.3169 -0.2817 0.9054
1305031454.9919 -0.2308 0.2038 -0.2406 0.0170 -0.3124 -0.2767 0.9086
1305031455.0278 -0.2302 0.2156 -0.2442 0.0171 -0.3116 -0.2738 0.9098
1305031455.0596 -0.2339 0.2229 -0.2474 0.0155 -0.3082 -0.2720 0.9115
1305031455.0917 -0.2382 0.2322 -0.2525 0.0182 -0.3043 -0.2716 0.9128
1305031455.1277 -0.2428 0.2442 -0.2586 0.0199 -0.2990 -0.2702 0.9150
1305031455.1597 -0.2516 0.2547 -0.2658 0.0189 -0.2932 -0.2664 0.9180
1305031455.1917 -0.2609 0.2635 -0.2704 0.0151 -0.2890 -0.2612 0.9209
1305031455.2276 -0.2697 0.2704 -0.2755 0.0142 -0.2854 -0.2558 0.9235
1305031455.2596 -0.2748 0.2842 -0.2816 0.0128 -0.2804 -0.2497 0.9268
1305031455.2918 -0.2881 0.2896 -0.2868 0.0036 -0.2733 -0.2410 0.9312
1305031455.3278 -0.2991 0.3010 -0.2947 -0.0014 -0.2695 -0.2308 0.9349
1305031455.3596 -0.3038 0.3114 -0.2977 -0.0088 -0.2679 -0.2248 0.9368
1305031455.3917 -0.3149 0.3123 -0.3009 -0.0205 -0.2603 -0.2174 0.9405
1305031455.4276 -0.3293 0.3184 -0.3088 -0.0278 -0.2518 -0.2079 0.9448
1305031455.4596 -0.3435 0.3195 -0.3164 -0.0336 -0.2471 -0.1997 0.9476
1305031455.4916 -0.3548 0.3253 -0.3252 -0.0381 -0.2427 -0.1890 0.9507
1305031455.5276 -0.3725 0.3240 -0.3342 -0.0448 -0.2379 -0.1764 0.9541
1305031455.5597 -0.3893 0.3266 -0.3466 -0.0477 -0.2369 -0.1634 0.9565
1305031455.5916 -0.4008 0.3321 -0.3589 -0.0503 -0.2374 -0.1493 0.9586
1305031455.6276 -0.4159 0.3280 -0.3632 -0.0574 -0.2361 -0.1366 0.9604
1305031455.6596 -0.4321 0.3253 -0.3749 -0.0556 -0.2335 -0.1313 0.9619
1305031455.6916 -0.4458 0.3279 -0.3880 -0.0511 -0.2315 -0.1324 0.9624
1305031455.7276 -0.4590 0.3263 -0.3994 -0.0488 -0.2283 -0.1370 0.9627
1305031455.7597 -0.4723 0.3250 -0.4121 -0.0472 -0.2228 -0.1398 0.9636
1305031455.7917 -0.4883 0.3166 -0.4250 -0.0470 -0.2170 -0.1390 0.9651
1305031455.8276 -0.5020 0.3164 -0.4421 -0.0434 -0.2130 -0.1389 0.9662
1305031455.8595 -0.5136 0.3123 -0.4543 -0.0434 -0.2113 -0.1400 0.9664
1305031455.8917 -0.5238 0.3092 -0.4666 -0.0431 -0.2085 -0.1401 0.9670
1305031455.9280 -0.5344 0.3049 -0.4764 -0.0438 -0.2050 -0.1409 0.9676
1305031455.9597 -0.5433 0.3050 -0.4892 -0.0421 -0.2013 -0.1431 0.9681
1305031455.9917 -0.5516 0.3032 -0.4988 -0.0436 -0.1967 -0.1454 0.9686
1305031456.0278 -0.5599 0.3094 -0.5109 -0.0454 -0.1897 -0.1500 0.9693
1305031456.0597 -0.5741 0.3013 -0.5169 -0.0555 -0.1833 -0.1584 0.9686
1305031456.0917 -0.5867 0.2925 -0.5213 -0.0616 -0.1785 -0.1636 0.9683
1305031456.1276 -0.5978 0.2874 -0.5273 -0.0628 -0.1738 -0.1650 0.9688
1305031456.1597 -0.6070 0.2771 -0.5277 -0.0651 -0.1689 -0.1653 0.9695
1305031456.1917 -0.6167 0.2703 -0.5314 -0.0601 -0.1611 -0.1625 0.9716
1305031456.2277 -0.6223 0.2758 -0.5373 -0.0546 -0.1516 -0.1588 0.9741
1305031456.2917 -0.6497 0.2611 -0.5360 -0.0546 -0.1279 -0.1520 0.9786
1305031456.3277 -0.6607 0.2558 -0.5341 -0.0506 -0.1176 -0.1451 0.9811
1305031456.3916 -0.6836 0.2517 -0.5280 -0.0455 -0.0929 -0.1358 0.9853
1305031456.4277 -0.7020 0.2568 -0.5271 -0.0372 -0.0804 -0.1293 0.9876
1305031456.4917 -0.7398 0.2762 -0.5207 -0.0395 -0.0695 -0.1181 0.9898
1305031456.5276 -0.7526 0.2773 -0.5115 -0.0459 -0.0706 -0.1128 0.9900
1305031456.5917 -0.7727 0.2838 -0.4966 -0.0474 -0.0660 -0.1008 0.9916
1305031456.6276 -0.7834 0.2951 -0.4891 -0.0582 -0.0596 -0.0951 0.9920
1305031456.6916 -0.8211 0.2828 -0.4671 -0.0724 -0.0460 -0.0806 0.9931
1305031456.7277 -0.8370 0.2998 -0.4611 -0.0740 -0.0431 -0.0710 0.9938
1305031456.7916 -0.8716 0.2911 -0.4410 -0.0806 -0.0508 -0.0572 0.9938
1305031456.8276 -0.8767 0.3084 -0.4352 -0.0788 -0.0549 -0.0485 0.9942
1305031456.8917 -0.8948 0.3005 -0.4098 -0.0923 -0.0523 -0.0376 0.9936
1305031456.9277 -0.9078 0.3099 -0.4051 -0.0854 -0.0454 -0.0311 0.9948
1305031456.9597 -0.9219 0.3260 -0.4033 -0.0838 -0.0377 -0.0264 0.9954
1305031456.9917 -0.9359 0.3229 -0.3950 -0.0934 -0.0320 -0.0249 0.9948
1305031457.0276 -0.9485 0.3241 -0.3915 -0.0952 -0.0271 -0.0212 0.9949
1305031457.0917 -0.9723 0.3313 -0.3901 -0.1068 -0.0148 -0.0122 0.9941
1305031457.1276 -0.9838 0.3235 -0.3886 -0.1118 -0.0083 -0.0081 0.9937
1305031457.1917 -1.0092 0.3283 -0.4002 -0.1079 0.0074 0.0045 0.9941
1305031457.2275 -1.0229 0.3237 -0.4042 -0.1129 0.0149 0.0100 0.9934
1305031457.2917 -1.0478 0.3141 -0.4184 -0.1045 0.0302 0.0225 0.9938
1305031457.3275 -1.0613 0.3172 -0.4294 -0.1008 0.0406 0.0274 0.9937
1305031457.3917 -1.0924 0.3034 -0.4461 -0.0976 0.0646 0.0401 0.9923
1305031457.4276 -1.1132 0.3037 -0.4575 -0.0937 0.0750 0.0469 0.9917
1305031457.4917 -1.1421 0.2872 -0.4754 -0.0949 0.0808 0.0555 0.9907
1305031457.5276 -1.1540 0.2806 -0.4861 -0.0913 0.0839 0.0588 0.9905
1305031457.5597 -1.1680 0.2760 -0.4964 -0.0876 0.0892 0.0626 0.9902
1305031457.5917 -1.1861 0.2755 -0.5064 -0.0835 0.0950 0.0660 0.9898
1305031457.6275 -1.2007 0.2638 -0.5118 -0.0852 0.0979 0.0687 0.9892
1305031457.6596 -1.2162 0.2689 -0.5235 -0.0792 0.1001 0.0730 0.9891
1305031457.6916 -1.2306 0.2617 -0.5294 -0.0852 0.1010 0.0752 0.9884
1305031457.7277 -1.2420 0.2430 -0.5321 -0.0897 0.1020 0.0742 0.9880
1305031457.7596 -1.2550 0.2313 -0.5374 -0.0878 0.1042 0.0727 0.9880
1305031457.7916 -1.2615 0.2142 -0.5425 -0.0825 0.1070 0.0725 0.9882
1305031457.8277 -1.2746 0.2176 -0.5533 -0.0702 0.1143 0.0731 0.9883
1305031457.8596 -1.2880 0.2083 -0.5573 -0.0682 0.1226 0.0734 0.9874
1305031457.8916 -1.3038 0.1846 -0.5562 -0.0646 0.1309 0.0737 0.9865
1305031457.9276 -1.3226 0.1840 -0.5608 -0.0502 0.1359 0.0779 0.9864
1305031457.9916 -1.3462 0.1691 -0.5622 -0.0393 0.1371 0.0834 0.9863
1305031458.0278 -1.3559 0.1598 -0.5597 -0.0308 0.1400 0.0844 0.9861
1305031458.0597 -1.3713 0.1693 -0.5603 -0.0192 0.1449 0.0869 0.9854
1305031458.0917 -1.3858 0.1710 -0.5551 -0.0181 0.1496 0.0891 0.9846
1305031458.1276 -1.4004 0.1614 -0.5443 -0.0205 0.1541 0.0895 0.9838
1305031458.1596 -1.4163 0.1539 -0.5346 -0.0191 0.1570 0.0917 0.9831
1305031458.1916 -1.4310 0.1592 -0.5260 -0.0174 0.1564 0.0962 0.9828
1305031458.2276 -1.4435 0.1564 -0.5123 -0.0239 0.1537 0.0978 0.9830
1305031458.2599 -1.4555 0.1287 -0.4878 -0.0310 0.1520 0.0950 0.9833
1305031458.2917 -1.4689 0.1285 -0.4786 -0.0220 0.1472 0.0958 0.9842
1305031458.3276 -1.4767 0.1256 -0.4643 -0.0202 0.1399 0.0982 0.9851
1305031458.3596 -1.4822 0.1146 -0.4420 -0.0135 0.1346 0.0991 0.9858
1305031458.3916 -1.4893 0.1156 -0.4328 -0.0014 0.1300 0.1029 0.9862
1305031458.4276 -1.4908 0.1147 -0.4188 0.0063 0.1277 0.1121 0.9854
1305031458.4596 -1.4820 0.1035 -0.4001 0.0155 0.1285 0.1206 0.9842
1305031458.4917 -1.4824 0.0976 -0.3832 0.0353 0.1370 0.1203 0.9826
1305031458.5277 -1.4937 0.1087 -0.3668 0.0543 0.1475 0.1179 0.9805
1305031458.5596 -1.4997 0.1135 -0.3470 0.0622 0.1563 0.1155 0.9790
1305031458.5916 -1.5099 0.1157 -0.3251 0.0718 0.1629 0.1095 0.9779
1305031458.6277 -1.5217 0.1401 -0.3073 0.0782 0.1635 0.1045 0.9779
1305031458.6596 -1.5278 0.1403 -0.2843 0.0710 0.1594 0.1046 0.9791
1305031458.6917 -1.5293 0.1415 -0.2605 0.0647 0.1437 0.0989 0.9825
1305031458.7276 -1.5148 0.1305 -0.2374 0.0589 0.1249 0.0915 0.9862
1305031458.7599 -1.5232 0.1335 -0.2220 0.0644 0.1111 0.0813 0.9884
1305031458.7916 -1.5226 0.1445 -0.2105 0.0645 0.0946 0.0731 0.9907
1305031458.8276 -1.5167 0.1410 -0.1948 0.0566 0.0846 0.0710 0.9923
1305031458.8917 -1.5141 0.1354 -0.1732 0.0627 0.0805 0.0608 0.9929
1305031458.9276 -1.5246 0.1397 -0.1675 0.0614 0.0884 0.0660 0.9920
1305031458.9596 -1.5299 0.1324 -0.1597 0.0528 0.0943 0.0792 0.9910
1305031458.9916 -1.5379 0.1089 -0.1512 0.0505 0.0981 0.0842 0.9903
1305031459.0277 -1.5578 0.1026 -0.1458 0.0602 0.0970 0.0844 0.9899
1305031459.0596 -1.5774 0.0930 -0.1360 0.0672 0.0912 0.0944 0.9891
1305031459.1276 -1.6447 0.0498 -0.1747 0.0639 0.1130 0.1266 0.9834
1305031459.1596 -1.6543 0.0471 -0.1674 0.0730 0.0872 0.1292 0.9851
1305031459.1917 -1.6631 0.0478 -0.1613 0.0792 0.0680 0.1363 0.9852
1305031459.2276 -1.6696 0.0491 -0.1531 0.0819 0.0550 0.1477 0.9841
1305031459.2598 -1.6685 0.0580 -0.1395 0.0832 0.0504 0.1575 0.9827
1305031459.3276 -1.6776 0.0631 -0.1198 0.0785 0.0820 0.1868 0.9758
1305031459.3597 -1.6894 0.0705 -0.1106 0.0832 0.1075 0.2056 0.9691
1305031459.3917 -1.7058 0.0932 -0.0997 0.0839 0.1360 0.2291 0.9602
1305031459.4276 -1.7052 0.0982 -0.0884 0.0721 0.1682 0.2634 0.9472
1305031459.4597 -1.7225 0.0959 -0.0843 0.0700 0.2058 0.2988 0.9292
1305031459.5276 -1.6848 0.1575 0.0611 0.0813 0.2324 0.3065 0.9195
1305031459.5596 -1.7040 0.1475 0.0603 0.0750 0.2491 0.3310 0.9070
1305031459.5917 -1.7240 0.1484 0.0654 0.0741 0.2572 0.3475 0.8987
1305031459.6276 -1.7337 0.1453 0.0703 0.0704 0.2587 0.3574 0.8947
1305031459.6596 -1.7465 0.1476 0.0754 0.0712 0.2656 0.3576 0.8925
1305031459.6916 -1.7636 0.1431 0.0815 0.0656 0.2781 0.3623 0.8872
1305031459.7276 -1.7765 0.1283 0.0854 0.0587 0.2865 0.3657 0.8836
1305031459.7917 -1.8131 0.1001 0.0965 0.0580 0.2992 0.3590 0.8822
1305031459.8277 -1.8293 0.0892 0.1031 0.0568 0.3003 0.3567 0.8828
1305031459.8597 -1.8465 0.0777 0.1114 0.0526 0.3002 0.3555 0.8836
1305031459.8916 -1.8564 0.0633 0.1186 0.0470 0.2961 0.3589 0.8839
1305031459.9276 -1.8659 0.0493 0.1247 0.0457 0.2935 0.3622 0.8835
1305031459.9917 -1.8862 0.0256 0.1393 0.0410 0.2914 0.3698 0.8813
1305031460.0276 -1.8907 0.0100 0.1454 0.0390 0.2909 0.3739 0.8798
1305031460.0597 -1.9018 -0.0054 0.1524 0.0392 0.2924 0.3756 0.8786
1305031460.0917 -1.9131 -0.0234 0.1598 0.0402 0.2895 0.3823 0.8766
1305031460.1277 -1.9158 -0.0374 0.1666 0.0454 0.2802 0.3922 0.8750
1305031460.1597 -1.9238 -0.0459 0.1740 0.0526 0.2732 0.3994 0.8735
1305031460.1916 -1.9247 -0.0520 0.1836 0.0532 0.2662 0.4064 0.8724
1305031460.2278 -1.9144 -0.0601 0.1909 0.0532 0.2635 0.4110 0.8711
1305031460.2917 -1.9150 -0.0796 0.2034 0.0550 0.2793 0.4104 0.8663
1305031460.3275 -1.9175 -0.0915 0.2084 0.0558 0.2883 0.4117 0.8627
1305031460.3916 -1.9169 -0.1093 0.2225 0.0515 0.3073 0.4177 0.8535
1305031460.4275 -1.9166 -0.1202 0.2281 0.0503 0.3176 0.4224 0.8475
1305031460.4596 -1.9154 -0.1255 0.2342 0.0490 0.3297 0.4259 0.8411
1305031460.4915 -1.9216 -0.1337 0.2405 0.0436 0.3447 0.4316 0.8325
1305031460.5276 -1.9208 -0.1457 0.2453 0.0366 0.3550 0.4413 0.8233
1305031460.5596 -1.9168 -0.1565 0.2501 0.0302 0.3635 0.4453 0.8177
1305031460.5919 -1.9195 -0.1674 0.2557 0.0263 0.3729 0.4459 0.8133
1305031460.6276 -1.9181 -0.1781 0.2605 0.0232 0.3805 0.4483 0.8085
1305031460.6598 -1.9229 -0.1896 0.2679 0.0212 0.3894 0.4472 0.8050
1305031460.6917 -1.9291 -0.2002 0.2767 0.0182 0.3949 0.4479 0.8020
1305031460.7277 -1.9275 -0.2077 0.2839 0.0135 0.3965 0.4484 0.8010
1305031460.7597 -1.9260 -0.2192 0.2912 0.0096 0.4015 0.4472 0.7992
1305031460.7917 -1.9297 -0.2307 0.3013 0.0066 0.4065 0.4458 0.7974
1305031460.8277 -1.9296 -0.2375 0.3099 0.0021 0.4078 0.4436 0.7980
1305031460.8597 -1.9274 -0.2443 0.3174 -0.0043 0.4108 0.4415 0.7977
1305031460.8918 -1.9257 -0.2565 0.3271 -0.0123 0.4158 0.4392 0.7963
1305031460.9276 -1.9250 -0.2676 0.3383 -0.0180 0.4184 0.4391 0.7949
1305031460.9917 -1.9090 -0.2916 0.3515 -0.0228 0.4212 0.4424 0.7915
1305031461.0276 -1.9041 -0.3026 0.3607 -0.0218 0.4235 0.4433 0.7897
1305031461.0917 -1.9000 -0.3159 0.3779 -0.0194 0.4228 0.4425 0.7907
1305031461.1276 -1.8895 -0.3251 0.3828 -0.0223 0.4216 0.4415 0.7917
1305031461.1597 -1.8827 -0.3364 0.3909 -0.0214 0.4233 0.4396 0.7919
1305031461.1920 -1.8800 -0.3391 0.3975 -0.0182 0.4240 0.4349 0.7942
1305031461.2276 -1.8760 -0.3447 0.4038 -0.0182 0.4253 0.4326 0.7948
1305031461.2596 -1.8697 -0.3515 0.4106 -0.0174 0.4256 0.4292 0.7965
1305031461.2917 -1.8654 -0.3539 0.4167 -0.0156 0.4261 0.4231 0.7995
1305031461.3278 -1.8594 -0.3530 0.4212 -0.0142 0.4278 0.4185 0.8010
1305031461.3597 -1.8618 -0.3496 0.4290 -0.0166 0.4322 0.4140 0.8010
1305031461.3917 -1.8489 -0.3595 0.4360 -0.0262 0.4314 0.4164 0.7999
1305031461.4276 -1.8410 -0.3619 0.4390 -0.0270 0.4315 0.4149 0.8006
1305031461.4598 -1.8402 -0.3579 0.4424 -0.0289 0.4316 0.4162 0.7998
1305031461.4917 -1.8222 -0.3702 0.4412 -0.0357 0.4297 0.4199 0.7986
1305031461.5277 -1.8217 -0.3673 0.4414 -0.0295 0.4317 0.4165 0.7996
1305031461.5597 -1.8144 -0.3607 0.4345 -0.0297 0.4311 0.4138 0.8013
1305031461.5917 -1.8118 -0.3586 0.4307 -0.0299 0.4383 0.4097 0.7995
1305031461.6275 -1.8095 -0.3541 0.4287 -0.0321 0.4436 0.4091 0.7968
1305031461.6596 -1.8062 -0.3513 0.4280 -0.0345 0.4484 0.4088 0.7941
1305031461.6916 -1.8072 -0.3443 0.4262 -0.0345 0.4513 0.4135 0.7900
1305031461.7276 -1.7995 -0.3402 0.4211 -0.0373 0.4505 0.4198 0.7870
1305031461.7597 -1.8003 -0.3310 0.4144 -0.0365 0.4519 0.4220 0.7851
1305031461.7916 -1.7983 -0.3206 0.4081 -0.0396 0.4531 0.4264 0.7819
1305031461.8276 -1.7949 -0.3135 0.4022 -0.0417 0.4568 0.4309 0.7771
1305031461.8598 -1.8000 -0.3001 0.3980 -0.0407 0.4613 0.4366 0.7713
1305031461.8917 -1.8051 -0.2893 0.3963 -0.0435 0.4637 0.4473 0.7636
1305031461.9278 -1.8003 -0.2818 0.3930 -0.0512 0.4613 0.4575 0.7585
1305031461.9597 -1.7973 -0.2676 0.3814 -0.0553 0.4626 0.4611 0.7552
1305031461.9916 -1.8108 -0.2555 0.3830 -0.0604 0.4716 0.4661 0.7461
1305031462.0277 -1.8116 -0.2564 0.3877 -0.0720 0.4724 0.4777 0.7372
1305031462.0598 -1.8141 -0.2521 0.3889 -0.0755 0.4685 0.4900 0.7312
1305031462.0918 -1.8150 -0.2434 0.3842 -0.0766 0.4619 0.5020 0.7272
1305031462.1277 -1.8183 -0.2340 0.3800 -0.0781 0.4580 0.5112 0.7230
1305031462.1596 -1.8206 -0.2287 0.3766 -0.0817 0.4552 0.5180 0.7196
1305031462.1916 -1.8272 -0.2189 0.3736 -0.0838 0.4539 0.5177 0.7204
1305031462.2276 -1.8347 -0.2123 0.3738 -0.0899 0.4545 0.5182 0.7189
1305031462.2598 -1.8407 -0.2083 0.3750 -0.0974 0.4535 0.5173 0.7192
1305031462.2916 -1.8484 -0.2014 0.3758 -0.1038 0.4506 0.5140 0.7225
1305031462.3275 -1.8540 -0.1932 0.3736 -0.1112 0.4467 0.5105 0.7263
1305031462.3597 -1.8655 -0.1851 0.3776 -0.1181 0.4468 0.5041 0.7296
1305031462.3917 -1.8757 -0.1761 0.3811 -0.1257 0.4423 0.5006 0.7335
1305031462.4276 -1.8846 -0.1667 0.3842 -0.1328 0.4363 0.4976 0.7379
1305031462.4599 -1.9024 -0.1548 0.3990 -0.1357 0.4351 0.4922 0.7416
1305031462.4920 -1.8951 -0.1474 0.3955 -0.1469 0.4208 0.4933 0.7470
1305031462.5277 -1.8725 -0.1118 0.3887 -0.1379 0.3967 0.5033 0.7552
1305031462.5599 -1.8359 -0.0702 0.3877 -0.1238 0.3685 0.5157 0.7635
1305031462.5919 -1.8431 -0.0685 0.3891 -0.1285 0.3674 0.5069 0.7691
1305031462.6279 -1.8507 -0.0606 0.3855 -0.1302 0.3646 0.4970 0.7766
1305031462.6597 -1.8573 -0.0544 0.3812 -0.1305 0.3633 0.4872 0.7833
1305031462.6925 -1.8621 -0.0603 0.3737 -0.1352 0.3608 0.4796 0.7883
1305031462.7277 -1.8722 -0.0586 0.3664 -0.1368 0.3560 0.4701 0.7960
1305031462.7598 -1.8780 -0.0550 0.3602 -0.1399 0.3495 0.4594 0.8045
1305031462.7919 -1.8828 -0.0542 0.3531 -0.1439 0.3451 0.4527 0.8095
1305031462.8278 -1.8887 -0.0552 0.3409 -0.1497 0.3401 0.4471 0.8137
1305031462.8598 -1.8925 -0.0516 0.3337 -0.1543 0.3375 0.4396 0.8179
1305031462.8918 -1.8943 -0.0452 0.3219 -0.1564 0.3362 0.4338 0.8212
1305031462.9276 -1.8992 -0.0401 0.3112 -0.1564 0.3365 0.4309 0.8226
1305031462.9597 -1.9022 -0.0347 0.2989 -0.1552 0.3340 0.4286 0.8250
1305031462.9955 -1.9075 -0.0245 0.2906 -0.1490 0.3329 0.4243 0.8288
1305031463.0277 -1.9098 -0.0222 0.2738 -0.1445 0.3302 0.4187 0.8335
1305031463.0598 -1.9150 -0.0231 0.2537 -0.1431 0.3259 0.4119 0.8388
1305031463.0958 -1.9228 -0.0140 0.2450 -0.1403 0.3251 0.4025 0.8442
1305031463.1275 -1.9237 -0.0091 0.2333 -0.1376 0.3240 0.3943 0.8489
1305031463.1598 -1.9285 -0.0091 0.2151 -0.1356 0.3241 0.3840 0.8539
1305031463.1957 -1.9303 -0.0074 0.1977 -0.1386 0.3226 0.3769 0.8571
1305031463.2278 -1.9314 0.0045 0.1922 -0.1353 0.3223 0.3727 0.8596
1305031463.2600 -1.9347 0.0133 0.1773 -0.1283 0.3240 0.3660 0.8629
1305031463.2957 -1.9286 0.0116 0.1551 -0.1308 0.3208 0.3620 0.8654
1305031463.3277 -1.9273 0.0188 0.1481 -0.1294 0.3187 0.3597 0.8674
1305031463.3598 -1.9256 0.0234 0.1366 -0.1235 0.3161 0.3572 0.8702
1305031463.3956 -1.9217 0.0279 0.1186 -0.1219 0.3114 0.3534 0.8737
1305031463.4277 -1.9176 0.0378 0.1080 -0.1209 0.3091 0.3497 0.8761
1305031463.4598 -1.9113 0.0451 0.0959 -0.1206 0.3089 0.3476 0.8770
1305031463.4956 -1.9063 0.0474 0.0863 -0.1237 0.3125 0.3474 0.8754
1305031463.5277 -1.8952 0.0540 0.0754 -0.1231 0.3169 0.3456 0.8746
1305031463.5598 -1.8905 0.0613 0.0626 -0.1196 0.3204 0.3444 0.8743
1305031463.5956 -1.8824 0.0691 0.0500 -0.1190 0.3180 0.3445 0.8752
1305031463.6276 -1.8662 0.0733 0.0380 -0.1181 0.3156 0.3430 0.8768
1305031463.6598 -1.8554 0.0735 0.0191 -0.1120 0.3167 0.3403 0.8783
1305031463.6956 -1.8525 0.0829 0.0037 -0.1063 0.3177 0.3353 0.8805
1305031463.7276 -1.8304 0.0821 -0.0165 -0.1093 0.3125 0.3346 0.8823
1305031463.7597 -1.8138 0.0785 -0.0346 -0.1064 0.3145 0.3288 0.8841
1305031463.7956 -1.8067 0.0799 -0.0529 -0.1019 0.3172 0.3177 0.8877
1305031463.8278 -1.7910 0.0781 -0.0725 -0.1036 0.3155 0.3082 0.8915
1305031463.8599 -1.7751 0.0707 -0.0919 -0.1043 0.3157 0.2988 0.8945
1305031463.8956 -1.7668 0.0694 -0.1105 -0.1009 0.3172 0.2893 0.8975
1305031463.9277 -1.7577 0.0649 -0.1261 -0.1006 0.3158 0.2838 0.8998
1305031463.9597 -1.7439 0.0563 -0.1435 -0.1007 0.3107 0.2787 0.9031
1305031463.9958 -1.7335 0.0510 -0.1626 -0.0970 0.3071 0.2720 0.9068
1305031464.0277 -1.7257 0.0484 -0.1813 -0.0954 0.3036 0.2639 0.9106
1305031464.0597 -1.7109 0.0385 -0.1993 -0.0970 0.3010 0.2558 0.9136
1305031464.0956 -1.7053 0.0317 -0.2154 -0.0939 0.3027 0.2461 0.9160
1305031464.1277 -1.7041 0.0250 -0.2277 -0.0911 0.3032 0.2409 0.9175
1305031464.1598 -1.6980 0.0113 -0.2376 -0.0879 0.3001 0.2393 0.9192
1305031464.1956 -1.6943 0.0019 -0.2491 -0.0784 0.2944 0.2346 0.9231
1305031464.2276 -1.6970 0.0026 -0.2622 -0.0657 0.2862 0.2302 0.9278
1305031464.2596 -1.6982 0.0037 -0.2747 -0.0572 0.2730 0.2281 0.9328
1305031464.2957 -1.6897 0.0042 -0.2884 -0.0531 0.2553 0.2241 0.9390
1305031464.3279 -1.6759 0.0035 -0.3042 -0.0504 0.2402 0.2191 0.9443
1305031464.3597 -1.6617 -0.0015 -0.3182 -0.0467 0.2298 0.2144 0.9482
1305031464.3956 -1.6466 0.0029 -0.3375 -0.0406 0.2221 0.2061 0.9521
1305031464.4276 -1.6368 0.0042 -0.3524 -0.0390 0.2207 0.1962 0.9546
1305031464.4597 -1.6291 -0.0023 -0.3660 -0.0379 0.2186 0.1877 0.9568
1305031464.4956 -1.6147 -0.0021 -0.3849 -0.0356 0.2148 0.1816 0.9590
1305031464.5276 -1.6086 -0.0015 -0.4017 -0.0340 0.2149 0.1732 0.9606
1305031464.5597 -1.5933 -0.0061 -0.4198 -0.0376 0.2110 0.1620 0.9632
1305031464.5957 -1.5691 -0.0263 -0.4434 -0.0392 0.2120 0.1520 0.9646
1305031464.6277 -1.5562 -0.0320 -0.4628 -0.0309 0.2226 0.1421 0.9640
1305031464.6597 -1.5447 -0.0363 -0.4760 -0.0232 0.2335 0.1280 0.9636
1305031464.6957 -1.5324 -0.0575 -0.4848 -0.0158 0.2437 0.1108 0.9634
1305031464.7277 -1.5334 -0.0579 -0.4889 0.0014 0.2513 0.0923 0.9635
1305031464.7597 -1.5299 -0.0505 -0.4965 0.0136 0.2503 0.0728 0.9653
1305031464.7960 -1.5288 -0.0612 -0.4940 0.0178 0.2462 0.0545 0.9675
1305031464.8278 -1.5280 -0.0629 -0.4910 0.0280 0.2349 0.0399 0.9708
1305031464.8597 -1.5165 -0.0500 -0.4975 0.0361 0.2163 0.0247 0.9754
1305031464.8958 -1.4980 -0.0455 -0.5011 0.0339 0.1974 0.0053 0.9797
1305031464.9278 -1.4757 -0.0667 -0.4999 0.0265 0.1825 -0.0147 0.9827
1305031464.9598 -1.4543 -0.0818 -0.4973 0.0265 0.1745 -0.0327 0.9838
1305031464.9957 -1.4339 -0.0795 -0.4954 0.0318 0.1703 -0.0515 0.9835
1305031465.0278 -1.4241 -0.0779 -0.4812 0.0340 0.1698 -0.0734 0.9821
1305031465.0597 -1.4234 -0.0557 -0.4613 0.0420 0.1657 -0.0935 0.9808
1305031465.0957 -1.4060 -0.0118 -0.4518 0.0429 0.1525 -0.1082 0.9814
1305031465.1277 -1.3872 0.0004 -0.4382 0.0251 0.1384 -0.1215 0.9826
1305031465.1598 -1.3730 0.0038 -0.4190 0.0071 0.1270 -0.1292 0.9834
1305031465.1956 -1.3558 0.0092 -0.4026 -0.0061 0.1159 -0.1356 0.9839
1305031465.2279 -1.3367 0.0258 -0.3895 -0.0164 0.1065 -0.1400 0.9843
1305031465.2598 -1.3248 0.0286 -0.3698 -0.0293 0.0990 -0.1401 0.9847
1305031465.2956 -1.3109 0.0426 -0.3582 -0.0326 0.0909 -0.1308 0.9867
1305031465.3277 -1.2952 0.0598 -0.3463 -0.0373 0.0794 -0.1172 0.9892
1305031465.3599 -1.2841 0.0628 -0.3339 -0.0425 0.0659 -0.1056 0.9913
1305031465.3956 -1.2597 0.0662 -0.3328 -0.0420 0.0474 -0.0943 0.9935
1305031465.4277 -1.2316 0.0746 -0.3345 -0.0388 0.0324 -0.0825 0.9953
1305031465.4601 -1.2089 0.0900 -0.3380 -0.0341 0.0211 -0.0688 0.9968
1305031465.4957 -1.1848 0.1074 -0.3417 -0.0343 0.0102 -0.0586 0.9976
1305031465.5276 -1.1648 0.1048 -0.3406 -0.0386 0.0007 -0.0547 0.9978
1305031465.5598 -1.1405 0.1134 -0.3463 -0.0325 -0.0089 -0.0486 0.9983
1305031465.5956 -1.1152 0.1284 -0.3536 -0.0259 -0.0145 -0.0398 0.9988
1305031465.6277 -1.1009 0.1429 -0.3608 -0.0207 -0.0173 -0.0306 0.9992
1305031465.6601 -1.0825 0.1554 -0.3672 -0.0162 -0.0266 -0.0224 0.9993
1305031465.6957 -1.0518 0.1690 -0.3732 -0.0101 -0.0364 -0.0148 0.9992
1305031465.7277 -1.0302 0.1846 -0.3808 -0.0023 -0.0399 -0.0057 0.9992
1305031465.7598 -1.0077 0.2045 -0.3882 0.0059 -0.0448 0.0030 0.9990
1305031465.7959 -0.9822 0.2215 -0.3921 0.0117 -0.0492 0.0094 0.9987
1305031465.8280 -0.9594 0.2329 -0.3966 0.0195 -0.0529 0.0150 0.9983
1305031465.8599 -0.9349 0.2604 -0.4037 0.0325 -0.0555 0.0194 0.9977
1305031465.8955 -0.9073 0.2844 -0.4054 0.0369 -0.0529 0.0220 0.9977
1305031465.9275 -0.8843 0.2948 -0.4080 0.0412 -0.0466 0.0233 0.9978
1305031465.9597 -0.8641 0.3152 -0.4154 0.0525 -0.0392 0.0218 0.9976
1305031465.9958 -0.8524 0.3376 -0.4236 0.0605 -0.0316 0.0173 0.9975
1305031466.0276 -0.8387 0.3606 -0.4317 0.0671 -0.0290 0.0154 0.9972
1305031466.0598 -0.8255 0.3869 -0.4387 0.0673 -0.0266 0.0162 0.9972
1305031466.0958 -0.8151 0.4040 -0.4468 0.0627 -0.0273 0.0165 0.9975
1305031466.1276 -0.8012 0.4205 -0.4555 0.0571 -0.0319 0.0168 0.9977
1305031466.1604 -0.7915 0.4357 -0.4679 0.0519 -0.0361 0.0187 0.9978
1305031466.1958 -0.7821 0.4534 -0.4809 0.0452 -0.0436 0.0194 0.9978
1305031466.2280 -0.7647 0.4622 -0.4917 0.0337 -0.0535 0.0152 0.9979
1305031466.2598 -0.7407 0.4607 -0.5019 0.0285 -0.0588 0.0083 0.9978
1305031466.2957 -0.7208 0.4715 -0.5154 0.0315 -0.0552 -0.0034 0.9980
1305031466.3277 -0.7076 0.4827 -0.5319 0.0323 -0.0450 -0.0130 0.9984
1305031466.3598 -0.6961 0.4888 -0.5463 0.0265 -0.0360 -0.0192 0.9988
1305031466.3958 -0.6854 0.4805 -0.5593 0.0231 -0.0325 -0.0236 0.9989
1305031466.4278 -0.6756 0.4918 -0.5753 0.0304 -0.0339 -0.0282 0.9986
1305031466.4598 -0.6596 0.5035 -0.5878 0.0308 -0.0393 -0.0322 0.9982
1305031466.4958 -0.6373 0.5096 -0.5959 0.0265 -0.0446 -0.0326 0.9981
1305031466.5275 -0.6124 0.5117 -0.6013 0.0237 -0.0449 -0.0324 0.9982
1305031466.5604 -0.5962 0.5239 -0.6114 0.0232 -0.0406 -0.0344 0.9983
1305031466.5959 -0.5768 0.5333 -0.6177 0.0155 -0.0406 -0.0371 0.9984
1305031466.6275 -0.5512 0.5224 -0.6178 0.0060 -0.0409 -0.0406 0.9983
1305031466.6597 -0.5328 0.5260 -0.6247 0.0121 -0.0380 -0.0461 0.9981
1305031466.6958 -0.5183 0.5429 -0.6333 0.0154 -0.0378 -0.0541 0.9977
1305031466.7281 -0.4962 0.5454 -0.6338 0.0088 -0.0416 -0.0631 0.9971
1305031466.7596 -0.4752 0.5382 -0.6328 0.0089 -0.0430 -0.0710 0.9965
1305031466.7956 -0.4605 0.5488 -0.6421 0.0168 -0.0437 -0.0771 0.9959
1305031466.8279 -0.4435 0.5559 -0.6479 0.0148 -0.0483 -0.0801 0.9955
1305031466.8597 -0.4310 0.5527 -0.6474 0.0117 -0.0538 -0.0797 0.9953
1305031466.8957 -0.4169 0.5553 -0.6542 0.0151 -0.0654 -0.0806 0.9945
1305031466.9278 -0.3991 0.5570 -0.6616 0.0153 -0.0799 -0.0824 0.9933
1305031466.9597 -0.3814 0.5562 -0.6650 0.0157 -0.0897 -0.0835 0.9923
1305031466.9957 -0.3625 0.5573 -0.6717 0.0166 -0.0952 -0.0865 0.9916
1305031467.0278 -0.3462 0.5582 -0.6766 0.0171 -0.0995 -0.0907 0.9907
1305031467.0597 -0.3292 0.5592 -0.6822 0.0172 -0.1022 -0.0940 0.9902
1305031467.0957 -0.3130 0.5614 -0.6864 0.0155 -0.1039 -0.0990 0.9895
1305031467.1290 -0.2995 0.5626 -0.6860 0.0165 -0.1072 -0.1094 0.9881
1305031467.1597 -0.2850 0.5636 -0.6897 0.0184 -0.1107 -0.1168 0.9868
1305031467.1957 -0.2719 0.5648 -0.6945 0.0196 -0.1157 -0.1212 0.9857
1305031467.2277 -0.2582 0.5663 -0.6980 0.0207 -0.1226 -0.1265 0.9841
1305031467.2597 -0.2443 0.5672 -0.7012 0.0227 -0.1281 -0.1315 0.9827
1305031467.2958 -0.2302 0.5692 -0.7064 0.0252 -0.1336 -0.1378 0.9811
1305031467.3280 -0.2162 0.5712 -0.7131 0.0264 -0.1393 -0.1422 0.9796
1305031467.3597 -0.2011 0.5747 -0.7209 0.0236 -0.1459 -0.1437 0.9785
1305031467.3958 -0.1873 0.5775 -0.7237 0.0190 -0.1530 -0.1485 0.9768
1305031467.4278 -0.1740 0.5788 -0.7248 0.0181 -0.1589 -0.1517 0.9754
1305031467.4597 -0.1594 0.5807 -0.7328 0.0183 -0.1657 -0.1531 0.9740
1305031467.4961 -0.1429 0.5828 -0.7421 0.0141 -0.1725 -0.1582 0.9721
1305031467.5277 -0.1281 0.5856 -0.7413 0.0108 -0.1759 -0.1644 0.9705
1305031467.5598 -0.1144 0.5847 -0.7404 0.0114 -0.1773 -0.1665 0.9699
1305031467.5960 -0.1005 0.5839 -0.7424 0.0111 -0.1794 -0.1648 0.9698
1305031467.6275 -0.0905 0.5785 -0.7369 0.0125 -0.1847 -0.1618 0.9693
1305031467.6596 -0.0754 0.5781 -0.7363 0.0196 -0.1907 -0.1582 0.9686
1305031467.6959 -0.0642 0.5753 -0.7373 0.0225 -0.1936 -0.1612 0.9675
1305031467.7275 -0.0564 0.5704 -0.7268 0.0276 -0.1957 -0.1664 0.9661
1305031467.7599 -0.0465 0.5657 -0.7203 0.0340 -0.1981 -0.1682 0.9650
1305031467.7961 -0.0385 0.5615 -0.7135 0.0383 -0.2007 -0.1714 0.9638
1305031467.8278 -0.0331 0.5525 -0.6959 0.0433 -0.2040 -0.1717 0.9628
1305031467.8597 -0.0271 0.5448 -0.6832 0.0505 -0.2089 -0.1684 0.9620
1305031467.8959 -0.0205 0.5418 -0.6750 0.0562 -0.2158 -0.1682 0.9602
1305031467.9278 -0.0156 0.5325 -0.6554 0.0593 -0.2240 -0.1712 0.9576
1305031467.9598 -0.0093 0.5208 -0.6380 0.0656 -0.2300 -0.1723 0.9556
1305031467.9958 0.0008 0.5216 -0.6258 0.0709 -0.2327 -0.1748 0.9541
1305031468.0281 0.0009 0.5084 -0.6021 0.0688 -0.2333 -0.1778 0.9535
1305031468.0598 0.0019 0.4947 -0.5850 0.0734 -0.2354 -0.1804 0.9522
1305031468.0959 0.0090 0.4903 -0.5714 0.0768 -0.2391 -0.1821 0.9507
1305031468.1278 0.0117 0.4757 -0.5498 0.0749 -0.2419 -0.1831 0.9499
1305031468.1599 0.0159 0.4642 -0.5329 0.0772 -0.2441 -0.1863 0.9486
1305031468.1960 0.0218 0.4535 -0.5155 0.0776 -0.2452 -0.1899 0.9475
1305031468.2282 0.0257 0.4358 -0.4977 0.0752 -0.2450 -0.1896 0.9478
1305031468.2598 0.0312 0.4212 -0.4812 0.0751 -0.2439 -0.1881 0.9484
1305031468.2958 0.0341 0.4063 -0.4661 0.0745 -0.2415 -0.1882 0.9490
1305031468.3278 0.0364 0.3840 -0.4514 0.0747 -0.2396 -0.1861 0.9499
1305031468.3598 0.0422 0.3738 -0.4424 0.0791 -0.2369 -0.1816 0.9511
1305031468.3959 0.0450 0.3650 -0.4340 0.0780 -0.2350 -0.1814 0.9517
1305031468.4280 0.0465 0.3383 -0.4256 0.0711 -0.2351 -0.1815 0.9522
1305031468.4598 0.0519 0.3190 -0.4183 0.0691 -0.2365 -0.1790 0.9525
1305031468.4958 0.0551 0.3046 -0.4096 0.0671 -0.2353 -0.1795 0.9528
1305031468.5278 0.0504 0.2806 -0.4043 0.0655 -0.2328 -0.1853 0.9525
1305031468.5597 0.0464 0.2612 -0.4012 0.0713 -0.2326 -0.1934 0.9505
1305031468.5958 0.0468 0.2531 -0.4016 0.0751 -0.2330 -0.1987 0.9490
1305031468.6276 0.0414 0.2371 -0.3959 0.0689 -0.2339 -0.2002 0.9489
1305031468.6596 0.0302 0.2101 -0.3939 0.0643 -0.2364 -0.2017 0.9483
1305031468.6958 0.0239 0.1920 -0.3913 0.0681 -0.2426 -0.2051 0.9458
1305031468.7278 0.0204 0.1797 -0.3872 0.0725 -0.2491 -0.2058 0.9436
1305031468.7596 0.0166 0.1658 -0.3821 0.0736 -0.2539 -0.2062 0.9421
1305031468.7958 0.0098 0.1439 -0.3776 0.0760 -0.2564 -0.2111 0.9402
1305031468.8292 0.0046 0.1323 -0.3749 0.0845 -0.2584 -0.2167 0.9376
1305031468.8597 0.0083 0.1280 -0.3680 0.0884 -0.2594 -0.2199 0.9362
1305031468.8959 0.0042 0.1152 -0.3624 0.0853 -0.2548 -0.2218 0.9374
1305031468.9281 -0.0009 0.1066 -0.3586 0.0813 -0.2487 -0.2189 0.9400
1305031468.9596 -0.0051 0.1069 -0.3573 0.0763 -0.2422 -0.2159 0.9428
1305031468.9957 -0.0090 0.1192 -0.3557 0.0665 -0.2372 -0.2197 0.9440
1305031469.0277 -0.0158 0.1077 -0.3481 0.0468 -0.2337 -0.2266 0.9444
1305031469.0598 -0.0252 0.0951 -0.3439 0.0318 -0.2311 -0.2333 0.9440
1305031469.0957 -0.0213 0.0924 -0.3319 0.0220 -0.2319 -0.2433 0.9416
1305031469.1277 -0.0212 0.0815 -0.3180 0.0088 -0.2264 -0.2539 0.9403
1305031469.1597 -0.0242 0.0747 -0.3069 -0.0011 -0.2178 -0.2612 0.9404
1305031469.1955 -0.0323 0.0661 -0.2959 -0.0096 -0.2078 -0.2668 0.9410
1305031469.2278 -0.0439 0.0638 -0.2892 -0.0141 -0.1995 -0.2703 0.9418
1305031469.2596 -0.0458 0.0637 -0.2770 -0.0183 -0.1973 -0.2741 0.9411
1305031469.2968 -0.0500 0.0616 -0.2654 -0.0233 -0.1924 -0.2766 0.9412
1305031469.3276 -0.0532 0.0664 -0.2549 -0.0273 -0.1888 -0.2781 0.9414
1305031469.3596 -0.0488 0.0615 -0.2374 -0.0351 -0.1863 -0.2826 0.9403
1305031469.3957 -0.0508 0.0572 -0.2226 -0.0375 -0.1757 -0.2881 0.9406
1305031469.4277 -0.0535 0.0656 -0.2117 -0.0348 -0.1635 -0.2942 0.9410
1305031469.4597 -0.0602 0.0732 -0.1992 -0.0343 -0.1528 -0.3014 0.9405
1305031469.4957 -0.0717 0.0834 -0.1884 -0.0339 -0.1448 -0.3052 0.9406
1305031469.5276 -0.0738 0.0953 -0.1774 -0.0358 -0.1446 -0.3052 0.9406
1305031469.5596 -0.0736 0.1038 -0.1639 -0.0416 -0.1457 -0.3053 0.9401
1305031469.5958 -0.0730 0.1146 -0.1512 -0.0485 -0.1462 -0.3044 0.9400
1305031469.6278 -0.0736 0.1204 -0.1360 -0.0591 -0.1453 -0.3040 0.9397
1305031469.6596 -0.0801 0.1268 -0.1221 -0.0660 -0.1403 -0.3042 0.9399
1305031469.6956 -0.0813 0.1376 -0.1101 -0.0699 -0.1370 -0.3032 0.9404
1305031469.7277 -0.0856 0.1489 -0.0983 -0.0751 -0.1315 -0.3017 0.9413
1305031469.7596 -0.0907 0.1639 -0.0884 -0.0799 -0.1261 -0.2992 0.9424
1305031469.7956 -0.1010 0.1798 -0.0769 -0.0860 -0.1222 -0.2968 0.9432
1305031469.8275 -0.1068 0.1924 -0.0681 -0.0917 -0.1232 -0.2947 0.9432
1305031469.8596 -0.1147 0.2088 -0.0589 -0.0980 -0.1236 -0.2920 0.9433
1305031469.8958 -0.1231 0.2231 -0.0509 -0.1034 -0.1238 -0.2893 0.9435
1305031469.9279 -0.1355 0.2380 -0.0434 -0.1082 -0.1231 -0.2865 0.9439
1305031469.9598 -0.1453 0.2535 -0.0373 -0.1103 -0.1255 -0.2841 0.9441
1305031469.9956 -0.1550 0.2689 -0.0329 -0.1122 -0.1269 -0.2819 0.9444
1305031470.0277 -0.1646 0.2838 -0.0298 -0.1148 -0.1288 -0.2810 0.9441
1305031470.0596 -0.1755 0.2991 -0.0266 -0.1170 -0.1291 -0.2803 0.9440
1305031470.0959 -0.1864 0.3135 -0.0261 -0.1185 -0.1285 -0.2786 0.9444
1305031470.1276 -0.1971 0.3289 -0.0272 -0.1221 -0.1278 -0.2762 0.9447
1305031470.1596 -0.2109 0.3452 -0.0261 -0.1250 -0.1270 -0.2729 0.9454
1305031470.1961 -0.2226 0.3576 -0.0284 -0.1277 -0.1280 -0.2700 0.9457
1305031470.2276 -0.2339 0.3697 -0.0311 -0.1322 -0.1277 -0.2670 0.9460
1305031470.2600 -0.2460 0.3819 -0.0332 -0.1372 -0.1267 -0.2642 0.9462
1305031470.2957 -0.2579 0.3939 -0.0360 -0.1432 -0.1254 -0.2621 0.9461
1305031470.3276 -0.2711 0.4071 -0.0370 -0.1497 -0.1242 -0.2589 0.9461
1305031470.3596 -0.2847 0.4198 -0.0389 -0.1550 -0.1240 -0.2540 0.9466
1305031470.3958 -0.2979 0.4319 -0.0411 -0.1587 -0.1245 -0.2500 0.9470
1305031470.4276 -0.3111 0.4429 -0.0425 -0.1601 -0.1261 -0.2502 0.9465
1305031470.4597 -0.3242 0.4518 -0.0450 -0.1601 -0.1274 -0.2500 0.9464
1305031470.4957 -0.3364 0.4598 -0.0487 -0.1596 -0.1290 -0.2483 0.9467
1305031470.5277 -0.3487 0.4671 -0.0524 -0.1600 -0.1292 -0.2485 0.9465
1305031470.5597 -0.3608 0.4748 -0.0552 -0.1612 -0.1277 -0.2479 0.9467
1305031470.5958 -0.3727 0.4804 -0.0580 -0.1630 -0.1265 -0.2450 0.9473
1305031470.6277 -0.3841 0.4874 -0.0595 -0.1656 -0.1250 -0.2407 0.9482
1305031470.6597 -0.3946 0.4929 -0.0609 -0.1678 -0.1245 -0.2366 0.9489
1305031470.6956 -0.4057 0.4994 -0.0616 -0.1704 -0.1245 -0.2334 0.9492
1305031470.7277 -0.4172 0.5036 -0.0614 -0.1710 -0.1241 -0.2313 0.9497
1305031470.7597 -0.4209 0.5059 -0.0637 -0.1722 -0.1242 -0.2270 0.9505
1305031470.7956 -0.4356 0.5102 -0.0639 -0.1756 -0.1148 -0.2237 0.9518
1305031470.8278 -0.4451 0.5124 -0.0628 -0.1735 -0.1149 -0.2195 0.9532
1305031470.8596 -0.4545 0.5144 -0.0646 -0.1690 -0.1153 -0.2151 0.9549
1305031470.8957 -0.4643 0.5174 -0.0676 -0.1648 -0.1156 -0.2102 0.9567
1305031470.9277 -0.4731 0.5210 -0.0677 -0.1593 -0.1190 -0.2059 0.9582
1305031470.9596 -0.4818 0.5208 -0.0692 -0.1500 -0.1235 -0.2029 0.9597
1305031470.9960 -0.4873 0.5232 -0.0720 -0.1398 -0.1262 -0.1999 0.9615
1305031471.0276 -0.4949 0.5224 -0.0732 -0.1312 -0.1256 -0.1974 0.9634
1305031471.0596 -0.5038 0.5227 -0.0765 -0.1208 -0.1226 -0.1929 0.9660
1305031471.0958 -0.5122 0.5256 -0.0802 -0.1108 -0.1210 -0.1860 0.9687
1305031471.1277 -0.5195 0.5247 -0.0824 -0.1051 -0.1219 -0.1793 0.9706
1305031471.1596 -0.5247 0.5246 -0.0861 -0.0992 -0.1217 -0.1729 0.9723
1305031471.1957 -0.5299 0.5259 -0.0888 -0.0957 -0.1191 -0.1667 0.9741
1305031471.2276 -0.5374 0.5272 -0.0904 -0.0948 -0.1152 -0.1619 0.9755
1305031471.2597 -0.5445 0.5251 -0.0905 -0.0965 -0.1132 -0.1586 0.9761
1305031471.2961 -0.5499 0.5224 -0.0905 -0.0964 -0.1116 -0.1540 0.9770
1305031471.3276 -0.5521 0.5221 -0.0930 -0.0921 -0.1087 -0.1506 0.9783
1305031471.3596 -0.5554 0.5233 -0.0959 -0.0903 -0.1010 -0.1480 0.9797
1305031471.3957 -0.5643 0.5182 -0.0957 -0.0923 -0.0922 -0.1432 0.9810
1305031471.4277 -0.5724 0.5185 -0.1001 -0.0883 -0.0877 -0.1363 0.9828
1305031471.4596 -0.5765 0.5196 -0.1038 -0.0871 -0.0878 -0.1312 0.9836
1305031471.4965 -0.5808 0.5188 -0.1056 -0.0884 -0.0871 -0.1270 0.9841
1305031471.5276 -0.5856 0.5178 -0.1086 -0.0893 -0.0858 -0.1225 0.9847
1305031471.5597 -0.5877 0.5184 -0.1118 -0.0890 -0.0845 -0.1203 0.9851
1305031471.5957 -0.5908 0.5179 -0.1149 -0.0891 -0.0796 -0.1183 0.9858
1305031471.6276 -0.5940 0.5174 -0.1186 -0.0886 -0.0744 -0.1166 0.9864
1305031471.6596 -0.5975 0.5169 -0.1219 -0.0871 -0.0687 -0.1133 0.9874
1305031471.6956 -0.5997 0.5164 -0.1274 -0.0860 -0.0645 -0.1083 0.9883
1305031471.7275 -0.6015 0.5171 -0.1311 -0.0870 -0.0605 -0.1039 0.9889
1305031471.7597 -0.6024 0.5188 -0.1308 -0.0868 -0.0562 -0.0981 0.9898
1305031471.7958 -0.6034 0.5189 -0.1358 -0.0867 -0.0492 -0.0906 0.9909
1305031471.8276 -0.6054 0.5203 -0.1397 -0.0903 -0.0443 -0.0839 0.9914
1305031471.8597 -0.6075 0.5226 -0.1388 -0.0937 -0.0402 -0.0770 0.9918
1305031471.8956 -0.6104 0.5252 -0.1425 -0.0965 -0.0353 -0.0720 0.9921
1305031471.9277 -0.6125 0.5279 -0.1417 -0.1018 -0.0296 -0.0679 0.9920
1305031471.9596 -0.6153 0.5302 -0.1370 -0.1028 -0.0225 -0.0663 0.9922
1305031471.9956 -0.6192 0.5336 -0.1435 -0.1025 -0.0140 -0.0635 0.9926
1305031472.0276 -0.6229 0.5377 -0.1428 -0.1081 -0.0082 -0.0602 0.9923
1305031472.0597 -0.6267 0.5411 -0.1388 -0.1093 -0.0037 -0.0571 0.9924
1305031472.0956 -0.6298 0.5423 -0.1416 -0.1103 0.0012 -0.0513 0.9926
1305031472.1276 -0.6338 0.5465 -0.1412 -0.1147 0.0039 -0.0478 0.9922
1305031472.1596 -0.6392 0.5478 -0.1341 -0.1173 0.0058 -0.0451 0.9920
1305031472.1957 -0.6472 0.5359 -0.1380 -0.1234 0.0107 -0.0410 0.9915
1305031472.2276 -0.6520 0.5340 -0.1413 -0.1233 0.0135 -0.0389 0.9915
1305031472.2638 -0.6518 0.5275 -0.1391 -0.1252 0.0127 -0.0373 0.9913
1305031472.2957 -0.6484 0.5181 -0.1416 -0.1252 0.0104 -0.0324 0.9916
1305031472.3277 -0.6476 0.5157 -0.1464 -0.1221 0.0102 -0.0292 0.9920
1305031472.3636 -0.6474 0.5118 -0.1487 -0.1246 0.0092 -0.0277 0.9918
1305031472.3956 -0.6430 0.4996 -0.1472 -0.1327 0.0031 -0.0244 0.9909
1305031472.4277 -0.6338 0.4739 -0.1511 -0.1470 -0.0064 -0.0240 0.9888
1305031472.4636 -0.6183 0.4438 -0.1550 -0.1646 -0.0183 -0.0227 0.9859
1305031472.4956 -0.6172 0.4419 -0.1555 -0.1646 -0.0170 -0.0234 0.9859
1305031472.5276 -0.6179 0.4356 -0.1525 -0.1668 -0.0147 -0.0228 0.9856
1305031472.5636 -0.6180 0.4301 -0.1517 -0.1634 -0.0150 -0.0210 0.9862
1305031472.5957 -0.6162 0.4315 -0.1544 -0.1572 -0.0164 -0.0184 0.9873
1305031472.6277 -0.6141 0.4284 -0.1531 -0.1578 -0.0178 -0.0164 0.9872
1305031472.6636 -0.6122 0.4244 -0.1509 -0.1581 -0.0187 -0.0148 0.9871
1305031472.6958 -0.6107 0.4210 -0.1495 -0.1568 -0.0196 -0.0135 0.9873
1305031472.7276 -0.6083 0.4173 -0.1479 -0.1551 -0.0211 -0.0134 0.9876
1305031472.7636 -0.6063 0.4155 -0.1470 -0.1529 -0.0214 -0.0146 0.9879
1305031472.7956 -0.6052 0.4121 -0.1448 -0.1517 -0.0206 -0.0163 0.9881
1305031472.8276 -0.6050 0.4103 -0.1434 -0.1491 -0.0196 -0.0163 0.9885
1305031472.8636 -0.6059 0.4101 -0.1428 -0.1464 -0.0189 -0.0152 0.9889
1305031472.8957 -0.6056 0.4103 -0.1420 -0.1457 -0.0200 -0.0128 0.9890
1305031472.9277 -0.6037 0.4075 -0.1396 -0.1473 -0.0218 -0.0110 0.9888
1305031472.9638 -0.6037 0.4079 -0.1391 -0.1462 -0.0213 -0.0099 0.9890
1305031472.9957 -0.6044 0.4077 -0.1376 -0.1470 -0.0217 -0.0089 0.9889
1305031473.0276 -0.6039 0.4073 -0.1369 -0.1477 -0.0234 -0.0087 0.9887
1305031473.0637 -0.6028 0.4057 -0.1353 -0.1491 -0.0245 -0.0098 0.9885
1305031473.0957 -0.6021 0.4056 -0.1348 -0.1482 -0.0240 -0.0118 0.9886
1305031473.1277 -0.6036 0.4047 -0.1341 -0.1486 -0.0223 -0.0134 0.9886
1305031473.1671 -0.6049 0.4033 -0.1335 -0.1483 -0.0224 -0.0138 0.9886
1305031473.1961 -0.6039 0.4025 -0.1337 -0.1473 -0.0236 -0.0137 0.9887
