1305031453.3917 0.0000 0.0000 0.0000 0.0000 0.0000 0.0000 1.0000
1305031453.5237 0.0126 0.0129 -0.0454 0.0139 0.0214 0.0361 0.9990
1305031453.6277 0.0092 0.0202 -0.0904 0.0304 0.0285 0.0506 0.9978
1305031453.6917 -0.0054 0.0312 -0.1303 0.0426 0.0228 0.0436 0.9979
1305031453.8278 -0.0199 0.0463 -0.1742 0.0530 -0.0127 0.0186 0.9983
1305031453.9277 -0.0494 0.0552 -0.1963 0.0491 -0.0618 0.0051 0.9969
1305031453.9596 -0.0516 0.0582 -0.1966 0.0483 -0.0791 -0.0000 0.9957
1305031453.9916 -0.0568 0.0618 -0.1986 0.0487 -0.0925 -0.0089 0.9945
1305031454.0277 -0.0730 0.0622 -0.1897 0.0503 -0.1037 -0.0160 0.9932
1305031454.0597 -0.0797 0.0607 -0.1759 0.0504 -0.1165 -0.0237 0.9916
1305031454.0917 -0.0906 0.0643 -0.1480 0.0523 -0.1288 -0.0325 0.9898
1305031454.1277 -0.1022 0.0700 -0.1317 0.0580 -0.1422 -0.0418 0.9872
1305031454.1597 -0.1236 0.0745 -0.1202 0.0595 -0.1532 -0.0485 0.9852
1305031454.1917 -0.1462 0.0836 -0.1082 0.0619 -0.1650 -0.0584 0.9826
1305031454.2277 -0.1580 0.0900 -0.0956 0.0674 -0.1815 -0.0710 0.9785
1305031454.2596 -0.1739 0.0897 -0.0958 0.0703 -0.1922 -0.0812 0.9755
1305031454.2916 -0.1774 0.1000 -0.0918 0.0734 -0.2024 -0.0903 0.9724
1305031454.3277 -0.1915 0.1001 -0.0904 0.0735 -0.2120 -0.1000 0.9694
1305031454.3596 -0.2086 0.1060 -0.0996 0.0811 -0.2188 -0.1148 0.9656
1305031454.3917 -0.2137 0.1084 -0.1014 0.0816 -0.2301 -0.1210 0.9621
1305031454.4275 -0.2256 0.1069 -0.1066 0.0810 -0.2400 -0.1312 0.9585
1305031454.4599 -0.2299 0.1119 -0.1031 0.0843 -0.2518 -0.1423 0.9535
1305031454.4916 -0.2273 0.1112 -0.1000 0.0866 -0.2605 -0.1576 0.9486
1305031454.5277 -0.2321 0.1201 -0.0910 0.0891 -0.2706 -0.1685 0.9436
1305031454.5596 -0.2358 0.1246 -0.0722 0.0884 -0.2811 -0.1770 0.9390
1305031454.5916 -0.2425 0.1252 -0.0708 0.0861 -0.2924 -0.1859 0.9341
1305031454.6276 -0.2538 0.1299 -0.0735 0.0856 -0.3024 -0.1943 0.9292
1305031454.6595 -0.2600 0.1412 -0.0653 0.0849 -0.3149 -0.1992 0.9241
1305031454.6919 -0.2674 0.1483 -0.0623 0.0825 -0.3277 -0.2033 0.9189
1305031454.7277 -0.2770 0.1573 -0.0564 0.0822 -0.3391 -0.2080 0.9138
1305031454.7597 -0.2846 0.1690 -0.0563 0.0814 -0.3410 -0.2053 0.9138
1305031454.7916 -0.2837 0.1669 -0.0529 0.0750 -0.3441 -0.1998 0.9143
1305031454.8276 -0.2812 0.1705 -0.0462 0.0699 -0.3464 -0.1933 0.9153
1305031454.8596 -0.2859 0.1696 -0.0415 0.0624 -0.3451 -0.1885 0.9173
1305031454.8918 -0.2883 0.1706 -0.0329 0.0545 -0.3427 -0.1795 0.9205
1305031454.9276 -0.2869 0.1755 -0.0269 0.0501 -0.3409 -0.1735 0.9226
1305031454.9596 -0.2899 0.1801 -0.0273 0.0454 -0.3371 -0.1671 0.9254
1305031454.9919 -0.2924 0.1828 -0.0283 0.0411 -0.3355 -0.1619 0.9271
1305031455.0278 -0.2938 0.1873 -0.0293 0.0399 -0.3351 -0.1590 0.9278
1305031455.0596 -0.2929 0.1895 -0.0275 0.0378 -0.3351 -0.1563 0.9284
1305031455.0917 -0.2962 0.1935 -0.0298 0.0388 -0.3330 -0.1559 0.9291
1305031455.1277 -0.3003 0.1995 -0.0353 0.0401 -0.3295 -0.1554 0.9304
1305031455.1597 -0.3053 0.2039 -0.0405 0.0390 -0.3264 -0.1526 0.9320
1305031455.1917 -0.3102 0.2079 -0.0458 0.0366 -0.3236 -0.1487 0.9337
1305031455.2276 -0.3184 0.2120 -0.0505 0.0360 -0.3205 -0.1453 0.9353
1305031455.2596 -0.3212 0.2194 -0.0550 0.0333 -0.3176 -0.1392 0.9374
1305031455.2918 -0.3289 0.2177 -0.0574 0.0233 -0.3146 -0.1306 0.9399
1305031455.3278 -0.3413 0.2220 -0.0716 0.0174 -0.3100 -0.1220 0.9427
1305031455.3596 -0.3447 0.2304 -0.0714 0.0108 -0.3100 -0.1150 0.9437
1305031455.3917 -0.3498 0.2297 -0.0660 -0.0019 -0.3081 -0.1038 0.9457
1305031455.4276 -0.3643 0.2328 -0.0789 -0.0073 -0.2995 -0.0964 0.9492
1305031455.4596 -0.3753 0.2321 -0.0834 -0.0111 -0.2972 -0.0914 0.9503
1305031455.4916 -0.3899 0.2370 -0.0997 -0.0132 -0.2903 -0.0841 0.9531
1305031455.5276 -0.4050 0.2369 -0.1107 -0.0170 -0.2862 -0.0744 0.9551
1305031455.5597 -0.4239 0.2367 -0.1279 -0.0197 -0.2838 -0.0638 0.9566
1305031455.5916 -0.4383 0.2404 -0.1429 -0.0228 -0.2831 -0.0500 0.9575
1305031455.6596 -0.4616 0.2316 -0.1557 -0.0278 -0.2820 -0.0296 0.9586
1305031455.6916 -0.4746 0.2356 -0.1669 -0.0227 -0.2796 -0.0310 0.9594
1305031455.7276 -0.4834 0.2337 -0.1743 -0.0211 -0.2772 -0.0342 0.9600
1305031455.7597 -0.4890 0.2319 -0.1821 -0.0203 -0.2743 -0.0352 0.9608
1305031455.7917 -0.4947 0.2263 -0.1888 -0.0194 -0.2722 -0.0348 0.9614
1305031455.8276 -0.5029 0.2252 -0.2000 -0.0165 -0.2695 -0.0361 0.9622
1305031455.8595 -0.5090 0.2165 -0.2113 -0.0186 -0.2681 -0.0365 0.9625
1305031455.8917 -0.5135 0.2126 -0.2182 -0.0193 -0.2666 -0.0363 0.9629
1305031455.9280 -0.5175 0.2083 -0.2230 -0.0206 -0.2653 -0.0362 0.9633
1305031455.9597 -0.5206 0.2077 -0.2302 -0.0196 -0.2636 -0.0376 0.9637
1305031455.9917 -0.5241 0.2044 -0.2350 -0.0213 -0.2614 -0.0386 0.9642
1305031456.0278 -0.5311 0.2073 -0.2497 -0.0230 -0.2554 -0.0433 0.9656
1305031456.0597 -0.5398 0.1934 -0.2521 -0.0328 -0.2524 -0.0533 0.9656
1305031456.0917 -0.5459 0.1890 -0.2534 -0.0356 -0.2502 -0.0560 0.9659
1305031456.1276 -0.5500 0.1845 -0.2557 -0.0365 -0.2483 -0.0563 0.9663
1305031456.1597 -0.5518 0.1779 -0.2536 -0.0389 -0.2469 -0.0550 0.9667
1305031456.1917 -0.5596 0.1691 -0.2563 -0.0360 -0.2398 -0.0527 0.9687
1305031456.2277 -0.5661 0.1683 -0.2637 -0.0347 -0.2305 -0.0483 0.9713
1305031456.2917 -0.5759 0.1425 -0.2607 -0.0409 -0.2126 -0.0410 0.9754
1305031456.3277 -0.5908 0.1331 -0.2612 -0.0409 -0.2007 -0.0320 0.9783
1305031456.3916 -0.5920 0.1118 -0.2549 -0.0459 -0.1837 -0.0202 0.9817
1305031456.4277 -0.6096 0.1085 -0.2536 -0.0424 -0.1726 -0.0132 0.9840
1305031456.4917 -0.6527 0.1224 -0.2538 -0.0440 -0.1618 -0.0025 0.9858
1305031456.5276 -0.6828 0.1429 -0.2468 -0.0403 -0.1566 0.0037 0.9868
1305031456.5917 -0.7076 0.1450 -0.2426 -0.0418 -0.1504 0.0111 0.9877
1305031456.6276 -0.7143 0.1552 -0.2333 -0.0538 -0.1483 0.0166 0.9873
1305031456.6916 -0.7574 0.1436 -0.2169 -0.0658 -0.1350 0.0260 0.9883
1305031456.7916 -0.8180 0.1454 -0.2026 -0.0728 -0.1368 0.0472 0.9868
1305031457.0276 -0.9014 0.1665 -0.1622 -0.0883 -0.1180 0.0811 0.9858
1305031457.1917 -0.9562 0.1531 -0.1751 -0.1096 -0.0876 0.1048 0.9845
1305031457.2917 -0.9800 0.1406 -0.1976 -0.1058 -0.0683 0.1245 0.9842
1305031457.3917 -1.0180 0.1235 -0.2331 -0.1023 -0.0317 0.1429 0.9839
1305031457.4917 -1.0508 0.0979 -0.2637 -0.1042 -0.0175 0.1582 0.9817
1305031457.5597 -1.0600 0.0881 -0.2894 -0.0968 -0.0119 0.1691 0.9808
1305031457.6596 -1.1027 0.0909 -0.3259 -0.0812 -0.0002 0.1801 0.9803
1305031457.7277 -1.1272 0.0504 -0.3330 -0.0954 0.0047 0.1798 0.9791
1305031457.7916 -1.1341 0.0361 -0.3425 -0.0822 0.0097 0.1775 0.9806
1305031457.8277 -1.1474 0.0479 -0.3575 -0.0661 0.0175 0.1806 0.9812
1305031457.8916 -1.1662 0.0253 -0.3597 -0.0567 0.0317 0.1783 0.9818
1305031457.9276 -1.1780 0.0252 -0.3626 -0.0417 0.0374 0.1845 0.9812
1305031457.9916 -1.2012 0.0057 -0.3732 -0.0300 0.0406 0.1893 0.9806
1305031458.0278 -1.2064 0.0003 -0.3738 -0.0184 0.0447 0.1913 0.9803
1305031458.0597 -1.2170 0.0178 -0.3776 -0.0053 0.0478 0.1934 0.9799
1305031458.1276 -1.2318 0.0106 -0.3746 -0.0060 0.0517 0.1950 0.9794
1305031458.1596 -1.2444 0.0018 -0.3719 -0.0061 0.0543 0.1967 0.9789
1305031458.1916 -1.2677 -0.0061 -0.3646 -0.0059 0.0581 0.1995 0.9782
1305031458.2276 -1.2735 -0.0097 -0.3369 -0.0112 0.0523 0.1987 0.9786
1305031458.2599 -1.3071 -0.0379 -0.3135 -0.0148 0.0572 0.1956 0.9789
1305031458.2917 -1.3275 -0.0505 -0.3083 -0.0074 0.0567 0.2007 0.9780
1305031458.3276 -1.3573 -0.0629 -0.2933 -0.0068 0.0559 0.2014 0.9779
1305031458.3596 -1.3680 -0.0998 -0.2762 -0.0078 0.0545 0.2033 0.9776
1305031458.3916 -1.3888 -0.0927 -0.2627 0.0075 0.0558 0.2112 0.9758
1305031458.4276 -1.3923 -0.0955 -0.2536 0.0133 0.0551 0.2190 0.9741
1305031458.4596 -1.3902 -0.0960 -0.2417 0.0252 0.0579 0.2250 0.9723
1305031458.4917 -1.3861 -0.1141 -0.2333 0.0382 0.0655 0.2281 0.9707
1305031458.5277 -1.4030 -0.1057 -0.2293 0.0564 0.0765 0.2235 0.9701
1305031458.5596 -1.4107 -0.1058 -0.2214 0.0607 0.0832 0.2212 0.9698
1305031458.5916 -1.4224 -0.1079 -0.2128 0.0677 0.0890 0.2144 0.9703
1305031458.6277 -1.4344 -0.1010 -0.2002 0.0710 0.0910 0.2120 0.9704
1305031458.6596 -1.4359 -0.1027 -0.1538 0.0668 0.0858 0.2172 0.9701
1305031458.6917 -1.4536 -0.0958 -0.1306 0.0684 0.0749 0.2090 0.9726
1305031458.7276 -1.4592 -0.0989 -0.1118 0.0702 0.0620 0.2037 0.9745
1305031458.7599 -1.4710 -0.1077 -0.1040 0.0738 0.0505 0.1983 0.9761
1305031458.7916 -1.4888 -0.0967 -0.0884 0.0786 0.0407 0.1877 0.9782
1305031458.8276 -1.4865 -0.0995 -0.0616 0.0745 0.0327 0.1855 0.9793
1305031458.8917 -1.4930 -0.1111 -0.0338 0.0798 0.0341 0.1741 0.9809
1305031458.9276 -1.5037 -0.1098 -0.0269 0.0790 0.0396 0.1773 0.9802
1305031458.9596 -1.5082 -0.1061 -0.0189 0.0753 0.0426 0.1881 0.9783
1305031458.9916 -1.5043 -0.1262 -0.0120 0.0722 0.0431 0.1902 0.9781
1305031459.0277 -1.5367 -0.1220 0.0100 0.0882 0.0498 0.1859 0.9773
1305031459.0596 -1.5654 -0.1289 0.0238 0.0974 0.0486 0.1943 0.9749
1305031459.1276 -1.7442 -0.0124 0.2296 0.1858 0.1323 0.1482 0.9623
1305031459.1596 -1.7476 -0.0126 0.2409 0.1956 0.1053 0.1489 0.9636
1305031459.1917 -1.7466 -0.0166 0.2611 0.2012 0.0849 0.1524 0.9639
1305031459.2276 -1.7444 -0.0195 0.2773 0.2045 0.0680 0.1593 0.9634
1305031459.2598 -1.7514 -0.0183 0.2996 0.2072 0.0672 0.1632 0.9622
1305031459.3276 -1.7582 -0.0145 0.3331 0.2052 0.0950 0.1935 0.9547
1305031459.3597 -1.7624 -0.0110 0.3435 0.2091 0.1144 0.2152 0.9470
1305031459.3917 -1.7768 0.0025 0.3608 0.2086 0.1404 0.2409 0.9374
1305031459.4276 -1.7630 0.0087 0.3802 0.1993 0.1634 0.2761 0.9259
1305031459.4597 -1.7731 0.0089 0.3903 0.1967 0.1956 0.3120 0.9087
1305031459.5276 -1.7328 0.0208 0.5203 0.2056 0.2092 0.3194 0.9011
1305031459.5596 -1.7369 0.0181 0.5170 0.1992 0.2160 0.3460 0.8911
1305031459.5917 -1.7447 0.0141 0.5165 0.1949 0.2161 0.3680 0.8831
1305031459.6276 -1.7475 0.0159 0.5297 0.1946 0.2152 0.3770 0.8796
1305031459.6596 -1.7541 0.0201 0.5351 0.1966 0.2187 0.3768 0.8784
1305031459.6916 -1.7761 0.0092 0.5389 0.1906 0.2341 0.3842 0.8725
1305031459.7276 -1.7853 -0.0001 0.5380 0.1862 0.2388 0.3868 0.8710
1305031459.7917 -1.8167 -0.0274 0.5394 0.1847 0.2486 0.3838 0.8699
1305031459.8277 -1.8336 -0.0440 0.5462 0.1830 0.2531 0.3833 0.8692
1305031459.8597 -1.8515 -0.0625 0.5513 0.1784 0.2560 0.3844 0.8688
1305031459.8916 -1.8655 -0.0874 0.5516 0.1712 0.2552 0.3881 0.8689
1305031459.9276 -1.8797 -0.1079 0.5540 0.1688 0.2561 0.3908 0.8679
1305031459.9917 -1.8916 -0.1377 0.5666 0.1642 0.2510 0.4026 0.8648
1305031460.0276 -1.8979 -0.1519 0.5727 0.1627 0.2522 0.4050 0.8637
1305031460.0597 -1.9089 -0.1755 0.5717 0.1603 0.2531 0.4100 0.8615
1305031460.0917 -1.9197 -0.1992 0.5671 0.1589 0.2482 0.4164 0.8601
1305031460.1277 -1.9217 -0.2107 0.5725 0.1643 0.2378 0.4226 0.8590
1305031460.1597 -1.9294 -0.2187 0.5786 0.1714 0.2294 0.4260 0.8582
1305031460.1916 -1.9242 -0.2260 0.5941 0.1729 0.2209 0.4332 0.8566
1305031460.2278 -1.9201 -0.2276 0.6028 0.1751 0.2203 0.4329 0.8564
1305031460.2917 -1.9316 -0.2440 0.6079 0.1793 0.2385 0.4274 0.8534
1305031460.3275 -1.9323 -0.2496 0.6107 0.1806 0.2439 0.4279 0.8514
1305031460.3916 -1.9382 -0.2616 0.6272 0.1799 0.2632 0.4353 0.8419
1305031460.4275 -1.9381 -0.2688 0.6349 0.1795 0.2719 0.4396 0.8370
1305031460.4596 -1.9352 -0.2688 0.6291 0.1773 0.2799 0.4453 0.8318
1305031460.4915 -1.9352 -0.2727 0.6308 0.1711 0.2913 0.4521 0.8255
1305031460.5276 -1.9351 -0.2840 0.6257 0.1630 0.2995 0.4622 0.8186
1305031460.5596 -1.9354 -0.2960 0.6332 0.1569 0.3094 0.4665 0.8136
1305031460.5919 -1.9383 -0.3037 0.6418 0.1548 0.3181 0.4666 0.8106
1305031460.6276 -1.9344 -0.3100 0.6424 0.1517 0.3217 0.4688 0.8086
1305031460.6598 -1.9357 -0.3125 0.6478 0.1521 0.3262 0.4681 0.8071
1305031460.6917 -1.9393 -0.3200 0.6517 0.1504 0.3295 0.4695 0.8052
1305031460.7277 -1.9388 -0.3249 0.6539 0.1477 0.3303 0.4695 0.8054
1305031460.7597 -1.9374 -0.3264 0.6567 0.1481 0.3317 0.4692 0.8049
1305031460.7917 -1.9390 -0.3344 0.6578 0.1457 0.3337 0.4689 0.8047
1305031460.8277 -1.9382 -0.3406 0.6604 0.1425 0.3345 0.4683 0.8053
1305031460.8597 -1.9380 -0.3441 0.6638 0.1397 0.3365 0.4669 0.8057
1305031460.8918 -1.9372 -0.3548 0.6679 0.1343 0.3402 0.4662 0.8055
1305031460.9276 -1.9383 -0.3653 0.6732 0.1297 0.3432 0.4657 0.8053
1305031460.9917 -1.9231 -0.3940 0.6717 0.1244 0.3436 0.4727 0.8019
1305031461.0276 -1.9190 -0.4020 0.6748 0.1255 0.3442 0.4740 0.8007
1305031461.0917 -1.9217 -0.4223 0.6954 0.1268 0.3478 0.4716 0.8003
1305031461.1276 -1.9172 -0.4310 0.7007 0.1257 0.3491 0.4716 0.8000
1305031461.1597 -1.9017 -0.4430 0.6960 0.1227 0.3472 0.4695 0.8025
1305031461.1920 -1.9060 -0.4472 0.7059 0.1269 0.3518 0.4651 0.8024
1305031461.2276 -1.9046 -0.4500 0.7102 0.1275 0.3535 0.4624 0.8031
1305031461.2596 -1.8992 -0.4566 0.7138 0.1278 0.3543 0.4604 0.8039
1305031461.2917 -1.8976 -0.4613 0.7206 0.1286 0.3573 0.4545 0.8058
1305031461.3278 -1.9000 -0.4575 0.7295 0.1334 0.3619 0.4500 0.8055
1305031461.3597 -1.9030 -0.4590 0.7368 0.1315 0.3661 0.4469 0.8056
1305031461.3917 -1.8939 -0.4688 0.7378 0.1242 0.3653 0.4492 0.8058
1305031461.4276 -1.8913 -0.4717 0.7379 0.1237 0.3662 0.4480 0.8061
1305031461.4598 -1.8923 -0.4731 0.7433 0.1220 0.3678 0.4486 0.8054
1305031461.4917 -1.8827 -0.4791 0.7398 0.1184 0.3666 0.4498 0.8058
1305031461.5277 -1.8788 -0.4757 0.7410 0.1232 0.3675 0.4476 0.8059
1305031461.5597 -1.8732 -0.4632 0.7424 0.1256 0.3685 0.4433 0.8074
1305031461.5917 -1.8638 -0.4465 0.7304 0.1270 0.3681 0.4408 0.8087
1305031461.6275 -1.8649 -0.4432 0.7385 0.1255 0.3778 0.4402 0.8048
1305031461.6596 -1.8593 -0.4337 0.7337 0.1247 0.3781 0.4398 0.8050
1305031461.6916 -1.8623 -0.4322 0.7423 0.1245 0.3841 0.4431 0.8004
1305031461.7276 -1.8546 -0.4318 0.7415 0.1207 0.3839 0.4480 0.7984
1305031461.7597 -1.8510 -0.4168 0.7377 0.1219 0.3832 0.4482 0.7984
1305031461.7916 -1.8473 -0.4115 0.7359 0.1173 0.3860 0.4528 0.7951
1305031461.8276 -1.8453 -0.4008 0.7300 0.1155 0.3896 0.4560 0.7918
1305031461.8598 -1.8530 -0.3893 0.7356 0.1163 0.3968 0.4623 0.7844
1305031461.8917 -1.8529 -0.3782 0.7455 0.1131 0.3995 0.4738 0.7766
1305031461.9278 -1.8582 -0.3590 0.7513 0.1131 0.3970 0.4829 0.7723
1305031461.9597 -1.8436 -0.3444 0.7373 0.1049 0.3938 0.4881 0.7718
1305031461.9916 -1.8564 -0.3276 0.7448 0.1018 0.4015 0.4955 0.7635
1305031462.0277 -1.8517 -0.3250 0.7564 0.0901 0.4022 0.5076 0.7566
1305031462.0598 -1.8500 -0.3161 0.7561 0.0868 0.3925 0.5195 0.7540
1305031462.0918 -1.8512 -0.2960 0.7582 0.0915 0.3827 0.5303 0.7510
1305031462.1277 -1.8474 -0.2927 0.7621 0.0848 0.3779 0.5405 0.7469
1305031462.1596 -1.8407 -0.2953 0.7634 0.0758 0.3739 0.5498 0.7431
1305031462.1916 -1.8464 -0.2766 0.7618 0.0786 0.3699 0.5482 0.7460
1305031462.2276 -1.8518 -0.2685 0.7681 0.0738 0.3707 0.5463 0.7475
1305031462.2598 -1.8453 -0.2752 0.7740 0.0601 0.3709 0.5470 0.7481
1305031462.2916 -1.8420 -0.2854 0.7854 0.0458 0.3741 0.5453 0.7487
1305031462.4276 -1.7911 -0.1782 0.9234 0.0648 0.3488 0.5321 0.7688
1305031462.4920 -1.7693 -0.1798 1.0415 0.0723 0.3620 0.5455 0.7524
1305031462.7277 -1.7577 -0.0977 1.1282 0.0890 0.3273 0.4854 0.8058
1305031462.9597 -1.7583 -0.0506 1.1196 0.0724 0.3111 0.4409 0.8388
1305031463.0598 -1.7633 -0.0302 1.0920 0.0798 0.3066 0.4204 0.8502
1305031463.1598 -1.7715 -0.0059 1.0629 0.0845 0.3112 0.3925 0.8614
1305031463.2600 -1.7656 0.0363 1.0448 0.0950 0.3112 0.3724 0.8692
1305031463.3956 -1.7611 0.0730 1.0257 0.1055 0.3121 0.3550 0.8749
1305031463.4956 -1.7557 0.1219 1.0272 0.1161 0.3231 0.3441 0.8739
1305031463.5598 -1.7465 0.1537 1.0244 0.1281 0.3349 0.3382 0.8701
1305031463.6598 -1.7213 0.1785 0.9923 0.1376 0.3365 0.3317 0.8705
1305031463.7276 -1.7150 0.1919 0.9685 0.1392 0.3433 0.3209 0.8716
1305031463.7597 -1.6997 0.1908 0.9470 0.1417 0.3478 0.3174 0.8708
1305031463.8278 -1.6919 0.1980 0.9110 0.1432 0.3563 0.3002 0.8732
1305031463.8599 -1.6707 0.1984 0.8745 0.1405 0.3515 0.2914 0.8785
1305031463.8956 -1.6716 0.1984 0.8466 0.1390 0.3539 0.2798 0.8816
1305031463.9597 -1.6532 0.2048 0.8043 0.1416 0.3472 0.2672 0.8877
1305031463.9958 -1.6609 0.2064 0.8019 0.1466 0.3532 0.2556 0.8879
1305031464.0597 -1.6418 0.2082 0.7616 0.1466 0.3500 0.2393 0.8937
1305031464.0956 -1.6490 0.2046 0.7419 0.1462 0.3559 0.2254 0.8951
1305031464.1277 -1.6594 0.2085 0.7432 0.1512 0.3616 0.2202 0.8933
1305031464.1598 -1.6574 0.2025 0.7290 0.1552 0.3598 0.2166 0.8941
1305031464.1956 -1.6551 0.2007 0.7103 0.1650 0.3542 0.2095 0.8963
1305031464.2276 -1.6686 0.2118 0.6997 0.1791 0.3477 0.2025 0.8978
1305031464.2596 -1.6691 0.2152 0.6951 0.1864 0.3347 0.1983 0.9022
1305031464.2957 -1.6680 0.2164 0.6904 0.1884 0.3215 0.1905 0.9082
1305031464.3279 -1.6541 0.2226 0.6746 0.1894 0.3073 0.1814 0.9148
1305031464.3597 -1.6480 0.2255 0.6627 0.1925 0.3011 0.1721 0.9180
1305031464.3956 -1.6501 0.2334 0.6520 0.1977 0.3004 0.1621 0.9189
1305031464.4276 -1.6450 0.2420 0.6456 0.1995 0.3018 0.1523 0.9197
1305031464.4597 -1.6518 0.2340 0.6364 0.1979 0.3053 0.1448 0.9201
1305031464.4956 -1.6462 0.2391 0.6255 0.1991 0.3046 0.1385 0.9211
1305031464.5276 -1.6455 0.2449 0.6069 0.1987 0.3053 0.1318 0.9219
1305031464.5597 -1.6339 0.2486 0.5916 0.1961 0.3034 0.1245 0.9241
1305031464.5957 -1.6163 0.2476 0.5639 0.1955 0.3070 0.1104 0.9248
1305031464.6277 -1.6150 0.2452 0.5438 0.2030 0.3205 0.1035 0.9195
1305031464.6597 -1.6114 0.2436 0.5256 0.2100 0.3340 0.0925 0.9142
1305031464.6957 -1.6037 0.2360 0.5059 0.2180 0.3459 0.0776 0.9093
1305031464.7277 -1.6013 0.2376 0.5024 0.2327 0.3540 0.0577 0.9040
1305031464.7597 -1.6104 0.2478 0.5057 0.2439 0.3599 0.0373 0.8998
1305031464.7960 -1.6151 0.2339 0.4971 0.2432 0.3609 0.0177 0.9002
1305031464.8278 -1.6088 0.2424 0.5093 0.2557 0.3521 -0.0003 0.9003
1305031464.8597 -1.6016 0.2520 0.5281 0.2627 0.3414 -0.0203 0.9022
1305031464.8958 -1.5959 0.2560 0.5286 0.2571 0.3307 -0.0410 0.9071
1305031464.9278 -1.5746 0.2368 0.5091 0.2477 0.3201 -0.0607 0.9124
1305031464.9598 -1.5669 0.2245 0.5000 0.2458 0.3187 -0.0778 0.9121
1305031464.9957 -1.5549 0.2285 0.5136 0.2494 0.3217 -0.0963 0.9083
1305031465.0278 -1.5502 0.2277 0.5227 0.2490 0.3265 -0.1150 0.9046
1305031465.0597 -1.5426 0.2440 0.5510 0.2539 0.3281 -0.1373 0.8995
1305031465.0957 -1.5293 0.2556 0.5750 0.2469 0.3220 -0.1552 0.9007
1305031465.1277 -1.4930 0.2427 0.5868 0.2263 0.3109 -0.1669 0.9079
1305031465.1598 -1.4737 0.2252 0.6032 0.2063 0.3025 -0.1716 0.9146
1305031465.1956 -1.4400 0.2104 0.6014 0.1887 0.2904 -0.1788 0.9209
1305031465.2279 -1.4113 0.2099 0.6156 0.1758 0.2831 -0.1847 0.9246
1305031465.2598 -1.3874 0.1896 0.6345 0.1610 0.2760 -0.1838 0.9296
1305031465.3277 -1.3417 0.2004 0.6629 0.1569 0.2540 -0.1676 0.9395
1305031465.3956 -1.3015 0.1921 0.6720 0.1550 0.2212 -0.1487 0.9513
1305031465.4277 -1.2740 0.1996 0.6718 0.1605 0.2068 -0.1431 0.9545
1305031465.4601 -1.2600 0.2084 0.6703 0.1650 0.1988 -0.1367 0.9563
1305031465.4957 -1.2408 0.2151 0.6628 0.1642 0.1890 -0.1274 0.9597
1305031465.5276 -1.2266 0.2077 0.6599 0.1612 0.1818 -0.1235 0.9621
1305031465.5598 -1.2102 0.2122 0.6537 0.1653 0.1744 -0.1212 0.9631
1305031465.5956 -1.1954 0.2218 0.6458 0.1705 0.1694 -0.1167 0.9636
1305031465.6277 -1.1860 0.2312 0.6425 0.1748 0.1663 -0.1112 0.9641
1305031465.6601 -1.1721 0.2414 0.6427 0.1801 0.1591 -0.1073 0.9647
1305031465.6957 -1.1541 0.2466 0.6314 0.1833 0.1510 -0.1034 0.9659
1305031465.7277 -1.1402 0.2575 0.6297 0.1910 0.1466 -0.0974 0.9657
1305031465.7598 -1.1251 0.2713 0.6245 0.1980 0.1419 -0.0920 0.9655
1305031465.7959 -1.1105 0.2779 0.6145 0.2007 0.1381 -0.0882 0.9658
1305031465.8280 -1.0904 0.2844 0.6058 0.2061 0.1326 -0.0855 0.9657
1305031465.8599 -1.0742 0.3087 0.5985 0.2182 0.1308 -0.0836 0.9635
1305031465.8955 -1.0518 0.3208 0.5945 0.2220 0.1361 -0.0818 0.9620
1305031465.9275 -1.0288 0.3238 0.5850 0.2246 0.1408 -0.0788 0.9610
1305031465.9597 -1.0134 0.3419 0.5788 0.2345 0.1498 -0.0807 0.9571
1305031465.9958 -0.9923 0.3534 0.5689 0.2394 0.1544 -0.0831 0.9550
1305031466.0276 -0.9712 0.3649 0.5573 0.2421 0.1531 -0.0847 0.9543
1305031466.0598 -0.9516 0.3864 0.5508 0.2413 0.1527 -0.0820 0.9548
1305031466.0958 -0.9425 0.4013 0.5484 0.2366 0.1523 -0.0800 0.9562
1305031466.1276 -0.9279 0.4226 0.5517 0.2345 0.1490 -0.0801 0.9573
1305031466.1604 -0.9174 0.4396 0.5528 0.2309 0.1454 -0.0764 0.9590
1305031466.1958 -0.9115 0.4616 0.5522 0.2261 0.1420 -0.0750 0.9608
1305031466.2280 -0.8981 0.4632 0.5386 0.2105 0.1345 -0.0766 0.9653
1305031466.2598 -0.8808 0.4638 0.5283 0.2068 0.1322 -0.0822 0.9659
1305031466.2957 -0.8617 0.4749 0.5100 0.2076 0.1358 -0.0916 0.9644
1305031466.3277 -0.8521 0.4876 0.4950 0.2070 0.1470 -0.1006 0.9620
1305031466.3598 -0.8466 0.4948 0.4775 0.2001 0.1576 -0.1051 0.9613
1305031466.3958 -0.8370 0.4931 0.4591 0.1978 0.1591 -0.1059 0.9614
1305031466.4278 -0.8354 0.5005 0.4481 0.1999 0.1585 -0.1099 0.9606
1305031466.4598 -0.8307 0.5156 0.4341 0.1999 0.1567 -0.1146 0.9604
1305031466.4958 -0.8169 0.5236 0.4221 0.1975 0.1536 -0.1144 0.9614
1305031466.5275 -0.8004 0.5273 0.4001 0.1961 0.1550 -0.1151 0.9614
1305031466.5604 -0.7874 0.5413 0.3797 0.1948 0.1588 -0.1170 0.9608
1305031466.5959 -0.7669 0.5471 0.3667 0.1841 0.1585 -0.1193 0.9627
1305031466.6275 -0.7416 0.5371 0.3557 0.1776 0.1588 -0.1210 0.9636
1305031466.6597 -0.7262 0.5394 0.3353 0.1804 0.1617 -0.1287 0.9616
1305031466.6958 -0.7114 0.5546 0.3189 0.1803 0.1606 -0.1359 0.9608
1305031466.7281 -0.6976 0.5507 0.3072 0.1697 0.1611 -0.1472 0.9610
1305031466.7596 -0.6726 0.5432 0.3025 0.1694 0.1586 -0.1533 0.9605
1305031466.7956 -0.6600 0.5481 0.2894 0.1719 0.1564 -0.1581 0.9597
1305031466.8279 -0.6499 0.5566 0.2745 0.1701 0.1536 -0.1605 0.9600
1305031466.8597 -0.6455 0.5541 0.2731 0.1687 0.1514 -0.1604 0.9607
1305031466.8957 -0.6330 0.5510 0.2618 0.1676 0.1398 -0.1636 0.9621
1305031466.9278 -0.6202 0.5458 0.2506 0.1640 0.1253 -0.1675 0.9640
1305031466.9597 -0.6120 0.5466 0.2426 0.1638 0.1195 -0.1724 0.9639
1305031466.9957 -0.6018 0.5458 0.2349 0.1634 0.1159 -0.1747 0.9640
1305031467.0278 -0.5928 0.5472 0.2314 0.1633 0.1137 -0.1778 0.9637
1305031467.0597 -0.5822 0.5487 0.2212 0.1634 0.1118 -0.1792 0.9637
1305031467.0957 -0.5722 0.5562 0.2193 0.1641 0.1116 -0.1822 0.9630
1305031467.1290 -0.5639 0.5565 0.2222 0.1643 0.1105 -0.1865 0.9623
1305031467.1597 -0.5552 0.5550 0.2197 0.1639 0.1086 -0.1902 0.9618
1305031467.1957 -0.5506 0.5566 0.2145 0.1637 0.1068 -0.1933 0.9615
1305031467.2277 -0.5429 0.5614 0.2087 0.1646 0.1031 -0.1983 0.9607
1305031467.2597 -0.5389 0.5630 0.2051 0.1651 0.1012 -0.2015 0.9602
1305031467.2958 -0.5312 0.5661 0.2028 0.1662 0.0984 -0.2057 0.9594
1305031467.3280 -0.5244 0.5683 0.1999 0.1662 0.0953 -0.2085 0.9591
1305031467.3597 -0.5143 0.5836 0.1970 0.1681 0.0919 -0.2115 0.9584
1305031467.3958 -0.5026 0.5890 0.1917 0.1661 0.0874 -0.2147 0.9585
1305031467.4278 -0.4955 0.5920 0.1905 0.1657 0.0845 -0.2168 0.9583
1305031467.4597 -0.4862 0.5942 0.1857 0.1657 0.0801 -0.2187 0.9583
1305031467.4961 -0.4698 0.6080 0.1780 0.1656 0.0740 -0.2235 0.9577
1305031467.5277 -0.4516 0.6146 0.1819 0.1658 0.0704 -0.2272 0.9571
1305031467.5598 -0.4456 0.6137 0.1840 0.1660 0.0701 -0.2281 0.9568
1305031467.5960 -0.4372 0.6129 0.1837 0.1661 0.0684 -0.2273 0.9571
1305031467.6275 -0.4350 0.6091 0.1799 0.1673 0.0655 -0.2251 0.9576
1305031467.6596 -0.4316 0.5930 0.1776 0.1673 0.0622 -0.2264 0.9575
1305031467.6959 -0.4262 0.5904 0.1803 0.1684 0.0606 -0.2289 0.9569
1305031467.7275 -0.4185 0.5877 0.1861 0.1721 0.0595 -0.2342 0.9550
1305031467.7599 -0.4178 0.5715 0.1921 0.1724 0.0588 -0.2347 0.9548
1305031467.7961 -0.4104 0.5691 0.2030 0.1761 0.0574 -0.2383 0.9534
1305031467.8278 -0.3990 0.5586 0.2120 0.1803 0.0540 -0.2390 0.9526
1305031467.8597 -0.3914 0.5428 0.2203 0.1851 0.0490 -0.2364 0.9526
1305031467.8959 -0.3931 0.5349 0.2242 0.1878 0.0462 -0.2378 0.9519
1305031467.9278 -0.3882 0.5245 0.2401 0.1898 0.0412 -0.2411 0.9509
1305031467.9598 -0.3915 0.5096 0.2459 0.1941 0.0394 -0.2432 0.9495
1305031467.9958 -0.3824 0.5065 0.2492 0.1959 0.0378 -0.2457 0.9486
1305031468.0281 -0.3733 0.4952 0.2649 0.1957 0.0365 -0.2462 0.9486
1305031468.0598 -0.3726 0.4642 0.2736 0.1945 0.0345 -0.2485 0.9483
1305031468.0959 -0.3677 0.4604 0.2785 0.1961 0.0330 -0.2505 0.9475
1305031468.1278 -0.3609 0.4481 0.2865 0.1952 0.0310 -0.2505 0.9477
1305031468.1599 -0.3573 0.4329 0.2926 0.1946 0.0297 -0.2518 0.9476
1305031468.1960 -0.3479 0.4213 0.3024 0.1941 0.0290 -0.2543 0.9470
1305031468.2282 -0.3384 0.4063 0.3089 0.1933 0.0289 -0.2535 0.9474
1305031468.2598 -0.3236 0.3900 0.3195 0.1938 0.0281 -0.2523 0.9476
1305031468.2958 -0.3138 0.3747 0.3289 0.1939 0.0294 -0.2528 0.9475
1305031468.3278 -0.2997 0.3377 0.3376 0.1922 0.0272 -0.2503 0.9485
1305031468.3598 -0.2873 0.3223 0.3467 0.1963 0.0274 -0.2453 0.9490
1305031468.4280 -0.2755 0.2895 0.3607 0.1926 0.0277 -0.2436 0.9502
1305031468.4958 -0.2583 0.2569 0.3763 0.1912 0.0256 -0.2432 0.9506
1305031468.5278 -0.2587 0.2351 0.3890 0.1904 0.0262 -0.2462 0.9500
1305031468.5597 -0.2723 0.2176 0.3863 0.1928 0.0297 -0.2573 0.9464
1305031468.6596 -0.2925 0.1751 0.3872 0.1882 0.0293 -0.2659 0.9450
1305031468.6958 -0.2989 0.1557 0.3910 0.1903 0.0248 -0.2735 0.9425
1305031468.7278 -0.3044 0.1398 0.3965 0.1924 0.0202 -0.2783 0.9408
1305031468.7958 -0.3102 0.1136 0.3931 0.1976 0.0140 -0.2836 0.9383
1305031468.8292 -0.3294 0.0959 0.3830 0.2003 0.0156 -0.2901 0.9357
1305031468.9596 -0.3391 0.0754 0.3889 0.1966 0.0345 -0.2885 0.9364
1305031469.0277 -0.3442 0.0697 0.4019 0.1653 0.0454 -0.2898 0.9416
1305031469.1277 -0.3420 0.0397 0.4301 0.1249 0.0587 -0.3058 0.9420
1305031469.1955 -0.3352 0.0176 0.4428 0.1062 0.0763 -0.3076 0.9425
1305031469.2596 -0.3378 0.0003 0.4713 0.0958 0.0872 -0.3140 0.9405
1305031469.2968 -0.3367 -0.0077 0.4800 0.0908 0.0911 -0.3141 0.9406
1305031469.3276 -0.3388 -0.0163 0.4859 0.0843 0.0946 -0.3143 0.9408
1305031469.3596 -0.3304 -0.0213 0.4994 0.0781 0.0987 -0.3170 0.9400
1305031469.3957 -0.3220 -0.0347 0.5102 0.0748 0.1082 -0.3205 0.9381
1305031469.4277 -0.3179 -0.0340 0.5180 0.0772 0.1209 -0.3236 0.9352
1305031469.4597 -0.3173 -0.0399 0.5352 0.0742 0.1315 -0.3300 0.9318
1305031469.4957 -0.3164 -0.0390 0.5502 0.0739 0.1366 -0.3321 0.9304
1305031469.5276 -0.3170 -0.0404 0.5579 0.0695 0.1377 -0.3316 0.9307
1305031469.5596 -0.3123 -0.0436 0.5660 0.0622 0.1369 -0.3280 0.9326
1305031469.6596 -0.3072 -0.0335 0.6184 0.0395 0.1473 -0.3224 0.9342
1305031469.7596 -0.3090 -0.0148 0.6632 0.0255 0.1668 -0.3126 0.9348
1305031469.9279 -0.3190 0.0303 0.7582 -0.0004 0.1697 -0.2938 0.9407
1305031470.0959 -0.3468 0.0899 0.8286 -0.0095 0.1653 -0.2851 0.9441
1305031470.2600 -0.3920 0.1551 0.8841 -0.0216 0.1675 -0.2676 0.9486
1305031470.4276 -0.4389 0.2218 0.9363 -0.0312 0.1663 -0.2506 0.9532
1305031470.5958 -0.4855 0.2618 0.9713 -0.0275 0.1595 -0.2462 0.9556
1305031470.7956 -0.5308 0.3028 1.0110 -0.0184 0.1652 -0.2198 0.9613
1305031470.8278 -0.5398 0.3138 1.0228 -0.0071 0.1687 -0.2125 0.9625
1305031470.8596 -0.5476 0.3195 1.0287 0.0022 0.1689 -0.2057 0.9639
1305031470.8957 -0.5551 0.3250 1.0335 0.0095 0.1670 -0.2001 0.9654
1305031470.9277 -0.5600 0.3356 1.0435 0.0243 0.1634 -0.1953 0.9667
1305031470.9596 -0.5730 0.3407 1.0499 0.0382 0.1634 -0.1971 0.9659
1305031470.9960 -0.5826 0.3465 1.0502 0.0515 0.1641 -0.1960 0.9654
1305031471.0276 -0.5881 0.3492 1.0523 0.0649 0.1646 -0.1976 0.9642
1305031471.0596 -0.5946 0.3471 1.0516 0.0753 0.1646 -0.1967 0.9636
1305031471.0958 -0.6027 0.3514 1.0524 0.0881 0.1647 -0.1915 0.9636
1305031471.1277 -0.6101 0.3517 1.0512 0.0959 0.1630 -0.1860 0.9642
1305031471.1596 -0.6134 0.3538 1.0489 0.1038 0.1600 -0.1809 0.9648
1305031471.1957 -0.6137 0.3550 1.0506 0.1077 0.1589 -0.1774 0.9652
1305031471.2276 -0.6168 0.3547 1.0510 0.1085 0.1591 -0.1737 0.9658
1305031471.2597 -0.6215 0.3537 1.0523 0.1082 0.1605 -0.1720 0.9659
1305031471.2961 -0.6235 0.3534 1.0522 0.1105 0.1599 -0.1680 0.9664
1305031471.3276 -0.6239 0.3543 1.0525 0.1148 0.1606 -0.1653 0.9663
1305031471.3596 -0.6283 0.3542 1.0531 0.1154 0.1664 -0.1627 0.9657
1305031471.3957 -0.6292 0.3516 1.0532 0.1162 0.1676 -0.1575 0.9662
1305031471.4277 -0.6321 0.3546 1.0521 0.1220 0.1668 -0.1529 0.9664
1305031471.4965 -0.6443 0.3593 1.0538 0.1252 0.1692 -0.1457 0.9667
1305031471.5276 -0.6480 0.3594 1.0534 0.1253 0.1699 -0.1435 0.9669
1305031471.5597 -0.6481 0.3622 1.0540 0.1272 0.1698 -0.1431 0.9667
1305031471.5957 -0.6530 0.3610 1.0535 0.1264 0.1738 -0.1419 0.9663
1305031471.6276 -0.6527 0.3631 1.0517 0.1284 0.1743 -0.1418 0.9659
1305031471.6596 -0.6543 0.3646 1.0482 0.1305 0.1748 -0.1399 0.9658
1305031471.7958 -0.6712 0.3673 1.0322 0.1308 0.1900 -0.1156 0.9661
1305031471.9956 -0.6762 0.3832 1.0400 0.1251 0.2102 -0.0770 0.9666
1305031472.2276 -0.6734 0.4477 1.0796 0.1735 0.2143 -0.0543 0.9597
1305031472.4277 -0.6838 0.4466 1.0782 0.1902 0.2142 -0.0490 0.9568
1305031472.6636 -0.6857 0.4309 1.0690 0.2011 0.2132 -0.0453 0.9550
1305031472.8276 -0.6806 0.4164 1.0623 0.2088 0.2114 -0.0488 0.9536
