1305031453.3917 0.0000 0.0000 0.0000 0.0000 0.0000 0.0000 1.0000
1305031453.4917 0.0088 0.0190 -0.0339 0.0131 0.0196 0.0276 0.9993
1305031453.5916 0.0084 0.0405 -0.0712 0.0359 0.0296 0.0456 0.9979
1305031453.6596 -0.0176 0.0512 -0.1061 0.0499 0.0339 0.0491 0.9970
1305031453.7597 -0.0250 0.0751 -0.1596 0.0649 0.0109 0.0349 0.9972
1305031453.8597 -0.0473 0.0866 -0.2038 0.0688 -0.0208 0.0163 0.9973
1305031453.9277 -0.0652 0.1088 -0.2203 0.0694 -0.0566 0.0079 0.9960
1305031453.9596 -0.0525 0.0996 -0.2371 0.0633 -0.0781 -0.0036 0.9949
1305031453.9916 -0.0579 0.1051 -0.2244 0.0634 -0.0917 -0.0141 0.9937
1305031454.0277 -0.0611 0.0978 -0.2223 0.0627 -0.1063 -0.0228 0.9921
1305031454.0597 -0.0725 0.0973 -0.2253 0.0624 -0.1179 -0.0330 0.9905
1305031454.0917 -0.0909 0.1109 -0.2154 0.0674 -0.1274 -0.0417 0.9887
1305031454.1277 -0.0980 0.1177 -0.2146 0.0725 -0.1430 -0.0535 0.9856
1305031454.1597 -0.1232 0.1310 -0.2180 0.0761 -0.1520 -0.0616 0.9835
1305031454.1917 -0.1487 0.1359 -0.2099 0.0760 -0.1630 -0.0758 0.9808
1305031454.2277 -0.1652 0.1341 -0.1973 0.0789 -0.1781 -0.0953 0.9762
1305031454.2596 -0.1768 0.1394 -0.1962 0.0864 -0.1918 -0.1114 0.9712
1305031454.2916 -0.1904 0.1546 -0.1968 0.0887 -0.1969 -0.1196 0.9691
1305031454.3277 -0.2005 0.1585 -0.1979 0.0907 -0.2064 -0.1298 0.9656
1305031454.3596 -0.2051 0.1541 -0.1981 0.0931 -0.2192 -0.1445 0.9604
1305031454.3917 -0.2053 0.1524 -0.2025 0.0921 -0.2297 -0.1534 0.9567
1305031454.4275 -0.2107 0.1566 -0.2160 0.0944 -0.2400 -0.1674 0.9516
1305031454.4599 -0.2127 0.1606 -0.2094 0.0967 -0.2517 -0.1780 0.9464
1305031454.4916 -0.2235 0.1684 -0.2022 0.1004 -0.2573 -0.1942 0.9413
1305031454.5277 -0.2270 0.1800 -0.1977 0.1019 -0.2653 -0.2069 0.9362
1305031454.5596 -0.2284 0.1885 -0.1990 0.1011 -0.2724 -0.2185 0.9316
1305031454.5916 -0.2408 0.1993 -0.1933 0.1014 -0.2824 -0.2301 0.9258
1305031454.6276 -0.2482 0.2031 -0.1961 0.0994 -0.2936 -0.2425 0.9193
1305031454.6595 -0.2506 0.2197 -0.1872 0.1001 -0.3065 -0.2503 0.9129
1305031454.6919 -0.2602 0.2327 -0.1788 0.0990 -0.3188 -0.2552 0.9075
1305031454.7277 -0.2637 0.2398 -0.1713 0.0971 -0.3308 -0.2613 0.9016
1305031454.7597 -0.2573 0.2184 -0.1633 0.0814 -0.3419 -0.2599 0.8994
1305031454.7916 -0.2524 0.2245 -0.1659 0.0784 -0.3428 -0.2548 0.9008
1305031454.8276 -0.2511 0.2271 -0.1697 0.0717 -0.3432 -0.2496 0.9027
1305031454.8596 -0.2434 0.2317 -0.1678 0.0660 -0.3426 -0.2444 0.9047
1305031454.8918 -0.2400 0.2411 -0.1681 0.0618 -0.3390 -0.2355 0.9088
1305031454.9276 -0.2333 0.2430 -0.1665 0.0555 -0.3379 -0.2285 0.9113
1305031454.9596 -0.2370 0.2513 -0.1646 0.0524 -0.3345 -0.2220 0.9144
1305031454.9919 -0.2364 0.2436 -0.1677 0.0440 -0.3347 -0.2181 0.9157
1305031455.0278 -0.2393 0.2566 -0.1669 0.0453 -0.3336 -0.2141 0.9170
1305031455.0596 -0.2352 0.2577 -0.1718 0.0432 -0.3327 -0.2124 0.9178
1305031455.0917 -0.2358 0.2611 -0.1742 0.0439 -0.3317 -0.2119 0.9182
1305031455.1277 -0.2370 0.2688 -0.1782 0.0453 -0.3291 -0.2109 0.9193
1305031455.1597 -0.2424 0.2799 -0.1866 0.0470 -0.3241 -0.2082 0.9216
1305031455.1917 -0.2515 0.2868 -0.1904 0.0446 -0.3207 -0.2033 0.9240
1305031455.2276 -0.2558 0.2893 -0.1939 0.0427 -0.3190 -0.1989 0.9257
1305031455.2596 -0.2607 0.3040 -0.1984 0.0419 -0.3151 -0.1912 0.9287
1305031455.2918 -0.2690 0.3085 -0.2020 0.0338 -0.3115 -0.1823 0.9320
1305031455.3278 -0.2785 0.3152 -0.2078 0.0277 -0.3094 -0.1727 0.9347
1305031455.3596 -0.2829 0.3394 -0.2107 0.0272 -0.3070 -0.1666 0.9366
1305031455.3917 -0.2929 0.3271 -0.2103 0.0096 -0.3020 -0.1586 0.9400
1305031455.4276 -0.2988 0.3287 -0.2076 -0.0005 -0.2999 -0.1477 0.9425
1305031455.4596 -0.3126 0.3202 -0.2246 -0.0095 -0.2941 -0.1413 0.9452
1305031455.4916 -0.3240 0.3275 -0.2312 -0.0114 -0.2907 -0.1338 0.9473
1305031455.5276 -0.3397 0.3312 -0.2454 -0.0140 -0.2857 -0.1238 0.9502
1305031455.5597 -0.3498 0.3246 -0.2576 -0.0220 -0.2882 -0.1103 0.9509
1305031455.5916 -0.3603 0.3231 -0.2689 -0.0290 -0.2900 -0.0950 0.9518
1305031455.6276 -0.3763 0.3200 -0.2837 -0.0333 -0.2856 -0.0864 0.9539
1305031455.6596 -0.3896 0.3119 -0.3007 -0.0333 -0.2821 -0.0817 0.9553
1305031455.6916 -0.3983 0.3115 -0.3088 -0.0308 -0.2826 -0.0807 0.9553
1305031455.7276 -0.4050 0.3109 -0.3152 -0.0298 -0.2817 -0.0830 0.9554
1305031455.7597 -0.4103 0.3079 -0.3230 -0.0293 -0.2793 -0.0846 0.9560
1305031455.7917 -0.4168 0.2954 -0.3293 -0.0312 -0.2768 -0.0840 0.9567
1305031455.8276 -0.4238 0.2835 -0.3448 -0.0338 -0.2742 -0.0841 0.9574
1305031455.8595 -0.4329 0.2835 -0.3565 -0.0318 -0.2718 -0.0855 0.9580
1305031455.8917 -0.4357 0.2759 -0.3668 -0.0335 -0.2705 -0.0847 0.9584
1305031455.9280 -0.4395 0.2738 -0.3736 -0.0333 -0.2692 -0.0859 0.9587
1305031455.9597 -0.4440 0.2719 -0.3810 -0.0331 -0.2670 -0.0871 0.9592
1305031455.9917 -0.4480 0.2635 -0.3863 -0.0375 -0.2647 -0.0874 0.9596
1305031456.0278 -0.4524 0.2739 -0.3951 -0.0366 -0.2606 -0.0909 0.9604
1305031456.0597 -0.4645 0.2577 -0.4017 -0.0477 -0.2556 -0.1001 0.9604
1305031456.0917 -0.4677 0.2572 -0.4040 -0.0482 -0.2541 -0.1023 0.9605
1305031456.1276 -0.4721 0.2545 -0.4061 -0.0492 -0.2520 -0.1025 0.9610
1305031456.1597 -0.4764 0.2447 -0.4071 -0.0517 -0.2496 -0.1037 0.9614
1305031456.1917 -0.4862 0.2179 -0.4163 -0.0544 -0.2422 -0.1022 0.9633
1305031456.2277 -0.4943 0.2184 -0.4311 -0.0517 -0.2299 -0.0978 0.9669
1305031456.2917 -0.5096 0.1891 -0.4299 -0.0584 -0.2113 -0.0940 0.9711
1305031456.3277 -0.5207 0.1772 -0.4292 -0.0596 -0.2006 -0.0847 0.9742
1305031456.3916 -0.5366 0.1651 -0.4277 -0.0584 -0.1778 -0.0746 0.9795
1305031456.4277 -0.5396 0.1496 -0.4287 -0.0583 -0.1716 -0.0675 0.9811
1305031456.4917 -0.5768 0.1675 -0.4289 -0.0600 -0.1630 -0.0551 0.9833
1305031456.5276 -0.5912 0.1721 -0.4205 -0.0646 -0.1634 -0.0510 0.9831
1305031456.5917 -0.6091 0.1935 -0.4110 -0.0597 -0.1599 -0.0403 0.9845
1305031456.6276 -0.6175 0.2000 -0.4055 -0.0736 -0.1557 -0.0357 0.9844
1305031456.6916 -0.6548 0.1868 -0.3965 -0.0859 -0.1435 -0.0258 0.9856
1305031456.7916 -0.7166 0.1828 -0.3838 -0.0983 -0.1456 -0.0061 0.9844
1305031457.0276 -0.7874 0.2252 -0.3427 -0.1099 -0.1292 0.0315 0.9850
1305031457.1917 -0.8401 0.2168 -0.3631 -0.1308 -0.0971 0.0552 0.9851
1305031457.2917 -0.8690 0.2192 -0.3869 -0.1189 -0.0757 0.0730 0.9873
1305031457.3917 -0.9076 0.2053 -0.4198 -0.1148 -0.0392 0.0919 0.9884
1305031457.4917 -0.9407 0.1683 -0.4536 -0.1227 -0.0246 0.1065 0.9864
1305031457.5597 -0.9516 0.1649 -0.4822 -0.1126 -0.0192 0.1145 0.9868
1305031457.6275 -0.9713 0.1359 -0.5062 -0.1172 -0.0120 0.1218 0.9855
1305031457.6916 -0.9986 0.1244 -0.5282 -0.1193 -0.0075 0.1304 0.9842
1305031457.7596 -1.0015 0.0668 -0.5433 -0.1325 -0.0083 0.1252 0.9832
1305031457.7916 -0.9962 0.0677 -0.5490 -0.1191 -0.0087 0.1306 0.9842
1305031457.8277 -0.9986 0.0730 -0.5642 -0.1058 -0.0043 0.1342 0.9853
1305031457.8916 -1.0203 0.0332 -0.5693 -0.1021 0.0118 0.1316 0.9860
1305031457.9276 -1.0344 0.0253 -0.5805 -0.0894 0.0187 0.1376 0.9863
1305031457.9916 -1.0662 0.0040 -0.5855 -0.0790 0.0244 0.1429 0.9863
1305031458.0278 -1.0649 -0.0065 -0.5868 -0.0701 0.0253 0.1440 0.9868
1305031458.0597 -1.0759 -0.0052 -0.5864 -0.0624 0.0294 0.1465 0.9868
1305031458.0917 -1.0861 -0.0053 -0.5835 -0.0617 0.0332 0.1474 0.9866
1305031458.1276 -1.0957 -0.0244 -0.5850 -0.0674 0.0364 0.1472 0.9861
1305031458.1596 -1.1079 -0.0375 -0.5828 -0.0699 0.0397 0.1475 0.9858
1305031458.1916 -1.1334 -0.0365 -0.5664 -0.0687 0.0437 0.1529 0.9849
1305031458.2276 -1.1515 -0.0487 -0.5505 -0.0774 0.0425 0.1505 0.9847
1305031458.2599 -1.1893 -0.0481 -0.5200 -0.0724 0.0481 0.1453 0.9856
1305031458.2917 -1.2129 -0.0688 -0.5173 -0.0701 0.0451 0.1454 0.9859
1305031458.3276 -1.2397 -0.0739 -0.5020 -0.0696 0.0427 0.1441 0.9862
1305031458.3596 -1.2456 -0.1072 -0.4774 -0.0718 0.0390 0.1470 0.9858
1305031458.3916 -1.2602 -0.1106 -0.4682 -0.0614 0.0369 0.1538 0.9855
1305031458.4276 -1.2625 -0.1081 -0.4495 -0.0546 0.0362 0.1675 0.9837
1305031458.4596 -1.2483 -0.1269 -0.4283 -0.0500 0.0369 0.1780 0.9821
1305031458.4917 -1.2536 -0.1472 -0.4139 -0.0368 0.0474 0.1774 0.9823
1305031458.5277 -1.2789 -0.1319 -0.4144 -0.0173 0.0591 0.1715 0.9833
1305031458.5596 -1.2898 -0.1371 -0.4054 -0.0149 0.0673 0.1679 0.9834
1305031458.5916 -1.3012 -0.1372 -0.3885 -0.0070 0.0727 0.1582 0.9847
1305031458.6277 -1.3192 -0.1225 -0.3780 -0.0023 0.0750 0.1539 0.9852
1305031458.6596 -1.3443 -0.1152 -0.3607 -0.0056 0.0741 0.1570 0.9848
1305031458.6917 -1.3514 -0.0882 -0.3263 -0.0007 0.0587 0.1538 0.9864
1305031458.7276 -1.3532 -0.0922 -0.3033 -0.0016 0.0434 0.1466 0.9882
1305031458.7599 -1.3687 -0.0910 -0.2855 0.0049 0.0307 0.1366 0.9901
1305031458.7916 -1.3696 -0.0818 -0.2777 0.0071 0.0139 0.1322 0.9911
1305031458.8276 -1.3680 -0.0793 -0.2527 0.0020 0.0039 0.1290 0.9916
1305031458.8917 -1.3601 -0.0891 -0.2242 0.0059 -0.0023 0.1221 0.9925
1305031458.9276 -1.3720 -0.0761 -0.2267 0.0080 0.0049 0.1251 0.9921
1305031458.9596 -1.3852 -0.0868 -0.2173 -0.0033 0.0140 0.1348 0.9908
1305031458.9916 -1.3832 -0.1128 -0.2029 -0.0071 0.0162 0.1433 0.9895
1305031459.0277 -1.4157 -0.1068 -0.1991 0.0097 0.0189 0.1395 0.9900
1305031459.0596 -1.4333 -0.1070 -0.1760 0.0192 0.0126 0.1513 0.9882
1305031459.1276 -1.3856 0.0100 -0.1120 0.0559 -0.0058 0.1621 0.9852
1305031459.1596 -1.3945 0.0090 -0.1070 0.0640 -0.0337 0.1659 0.9835
1305031459.1917 -1.4074 0.0185 -0.0821 0.0738 -0.0521 0.1709 0.9811
1305031459.2276 -1.4126 0.0225 -0.0746 0.0772 -0.0658 0.1794 0.9785
1305031459.2598 -1.4155 0.0262 -0.0581 0.0769 -0.0684 0.1880 0.9768
1305031459.3276 -1.4225 0.0267 -0.0416 0.0650 -0.0387 0.2105 0.9747
1305031459.3597 -1.4287 0.0363 -0.0223 0.0673 -0.0153 0.2287 0.9710
1305031459.3917 -1.4437 0.0390 -0.0293 0.0550 0.0148 0.2514 0.9662
1305031459.4276 -1.4431 0.0611 -0.0050 0.0443 0.0460 0.2840 0.9567
1305031459.4597 -1.4504 0.0618 -0.0058 0.0368 0.0814 0.3195 0.9434
1305031459.5276 -1.5536 0.2330 0.1998 0.1056 0.1531 0.2776 0.9425
1305031459.5596 -1.5753 0.2284 0.1999 0.1004 0.1707 0.2999 0.9332
1305031459.5917 -1.5993 0.2382 0.2018 0.1023 0.1793 0.3154 0.9262
1305031459.6276 -1.5972 0.2407 0.2152 0.1000 0.1762 0.3281 0.9226
1305031459.6596 -1.6030 0.2435 0.2250 0.1010 0.1810 0.3281 0.9216
1305031459.6916 -1.6294 0.2361 0.2354 0.0948 0.2002 0.3301 0.9176
1305031459.7276 -1.6378 0.2211 0.2326 0.0869 0.2055 0.3338 0.9159
1305031459.7917 -1.6693 0.2027 0.2334 0.0880 0.2123 0.3303 0.9155
1305031459.8277 -1.6878 0.1812 0.2336 0.0829 0.2146 0.3317 0.9149
1305031459.8597 -1.7124 0.1623 0.2354 0.0770 0.2176 0.3301 0.9153
1305031459.8916 -1.7222 0.1485 0.2410 0.0714 0.2135 0.3338 0.9153
1305031459.9276 -1.7350 0.1401 0.2452 0.0728 0.2108 0.3351 0.9154
1305031459.9917 -1.7654 0.1280 0.2589 0.0721 0.2108 0.3373 0.9147
1305031460.0276 -1.7721 0.1154 0.2577 0.0703 0.2088 0.3430 0.9131
1305031460.0597 -1.7896 0.0980 0.2603 0.0692 0.2124 0.3454 0.9115
1305031460.0917 -1.8000 0.0781 0.2543 0.0680 0.2060 0.3564 0.9088
1305031460.1277 -1.8091 0.0716 0.2645 0.0752 0.1988 0.3629 0.9073
1305031460.1597 -1.8244 0.0602 0.2653 0.0795 0.1931 0.3668 0.9066
1305031460.1916 -1.8194 0.0587 0.2822 0.0804 0.1833 0.3713 0.9067
1305031460.2278 -1.8177 0.0550 0.2876 0.0819 0.1822 0.3739 0.9057
1305031460.2917 -1.8242 0.0484 0.3038 0.0912 0.1983 0.3705 0.9028
1305031460.3275 -1.8219 0.0426 0.3120 0.0927 0.2036 0.3743 0.8999
1305031460.3916 -1.8254 0.0256 0.3228 0.0890 0.2221 0.3827 0.8923
1305031460.4275 -1.8295 0.0096 0.3256 0.0845 0.2329 0.3890 0.8873
1305031460.4596 -1.8156 0.0000 0.3246 0.0776 0.2391 0.3960 0.8832
1305031460.4915 -1.8252 -0.0101 0.3246 0.0699 0.2561 0.4017 0.8765
1305031460.5276 -1.8199 -0.0210 0.3228 0.0620 0.2636 0.4121 0.8700
1305031460.5596 -1.8094 -0.0273 0.3265 0.0567 0.2674 0.4210 0.8649
1305031460.5919 -1.8165 -0.0356 0.3321 0.0547 0.2762 0.4203 0.8626
1305031460.6276 -1.8108 -0.0471 0.3369 0.0492 0.2818 0.4229 0.8598
1305031460.6598 -1.8163 -0.0550 0.3365 0.0484 0.2875 0.4236 0.8577
1305031460.6917 -1.8183 -0.0590 0.3446 0.0470 0.2910 0.4238 0.8565
1305031460.7277 -1.8163 -0.0655 0.3469 0.0428 0.2916 0.4244 0.8562
1305031460.7597 -1.8163 -0.0723 0.3500 0.0404 0.2941 0.4232 0.8560
1305031460.7917 -1.8200 -0.0782 0.3589 0.0393 0.2977 0.4223 0.8553
1305031460.8277 -1.8217 -0.0829 0.3646 0.0360 0.2992 0.4209 0.8556
1305031460.8597 -1.8254 -0.0897 0.3657 0.0335 0.3015 0.4209 0.8549
1305031460.8918 -1.8240 -0.0942 0.3696 0.0296 0.3036 0.4193 0.8551
1305031460.9276 -1.8243 -0.1113 0.3718 0.0220 0.3055 0.4196 0.8545
1305031460.9917 -1.8204 -0.1389 0.3844 0.0155 0.3115 0.4182 0.8531
1305031461.0276 -1.8137 -0.1393 0.3949 0.0189 0.3121 0.4208 0.8516
1305031461.0917 -1.8212 -0.1711 0.4069 0.0149 0.3141 0.4216 0.8505
1305031461.1276 -1.8135 -0.1777 0.4111 0.0128 0.3131 0.4186 0.8524
1305031461.1597 -1.8165 -0.1885 0.4212 0.0151 0.3182 0.4166 0.8515
1305031461.1920 -1.8134 -0.2016 0.4178 0.0127 0.3179 0.4144 0.8527
1305031461.2276 -1.8110 -0.2068 0.4211 0.0128 0.3182 0.4127 0.8534
1305031461.2596 -1.8226 -0.2149 0.4410 0.0143 0.3274 0.4043 0.8539
1305031461.2917 -1.8107 -0.2226 0.4355 0.0131 0.3241 0.4016 0.8565
1305031461.3278 -1.8136 -0.2178 0.4498 0.0165 0.3291 0.3948 0.8576
1305031461.3597 -1.8161 -0.2165 0.4599 0.0143 0.3342 0.3919 0.8570
1305031461.3917 -1.8081 -0.2184 0.4559 0.0111 0.3302 0.3934 0.8579
1305031461.4276 -1.8035 -0.2190 0.4589 0.0115 0.3305 0.3922 0.8584
1305031461.4598 -1.8055 -0.2081 0.4733 0.0132 0.3336 0.3899 0.8582
1305031461.4917 -1.7941 -0.2186 0.4710 0.0079 0.3319 0.3903 0.8588
1305031461.5277 -1.7907 -0.2209 0.4750 0.0106 0.3343 0.3890 0.8584
1305031461.5597 -1.7844 -0.2150 0.4733 0.0112 0.3346 0.3870 0.8592
1305031461.5917 -1.7728 -0.1960 0.4671 0.0155 0.3368 0.3826 0.8602
1305031461.6275 -1.7738 -0.1889 0.4703 0.0151 0.3444 0.3807 0.8580
1305031461.6596 -1.7656 -0.1860 0.4677 0.0116 0.3461 0.3807 0.8574
1305031461.6916 -1.7745 -0.1917 0.4745 0.0089 0.3561 0.3841 0.8518
1305031461.7276 -1.7663 -0.1911 0.4708 0.0050 0.3547 0.3898 0.8498
1305031461.7597 -1.7645 -0.1802 0.4660 0.0065 0.3561 0.3913 0.8485
1305031461.7916 -1.7626 -0.1696 0.4620 0.0037 0.3582 0.3957 0.8456
1305031461.8276 -1.7625 -0.1624 0.4564 0.0029 0.3641 0.4004 0.8409
1305031461.8598 -1.7672 -0.1560 0.4583 0.0013 0.3740 0.4054 0.8341
1305031461.8917 -1.7776 -0.1533 0.4568 -0.0051 0.3786 0.4175 0.8260
1305031461.9278 -1.7739 -0.1213 0.4600 -0.0010 0.3753 0.4273 0.8225
1305031461.9597 -1.7650 -0.1058 0.4473 -0.0056 0.3761 0.4315 0.8199
1305031461.9916 -1.7815 -0.1044 0.4594 -0.0168 0.3916 0.4352 0.8105
1305031462.0277 -1.7879 -0.0959 0.4766 -0.0256 0.3961 0.4420 0.8044
1305031462.0598 -1.7908 -0.0849 0.4784 -0.0290 0.3911 0.4525 0.8009
1305031462.0918 -1.7877 -0.0801 0.4754 -0.0343 0.3839 0.4650 0.7970
1305031462.1277 -1.7909 -0.0639 0.4718 -0.0322 0.3792 0.4742 0.7939
1305031462.1596 -1.7859 -0.0469 0.4669 -0.0315 0.3708 0.4830 0.7926
1305031462.1916 -1.7920 -0.0299 0.4593 -0.0297 0.3666 0.4810 0.7958
1305031462.2276 -1.8003 -0.0233 0.4633 -0.0356 0.3700 0.4799 0.7947
1305031462.2598 -1.8002 -0.0238 0.4679 -0.0459 0.3692 0.4798 0.7946
1305031462.2916 -1.8078 -0.0397 0.4835 -0.0646 0.3759 0.4750 0.7931
1305031462.3917 -1.8610 -0.0401 0.5506 -0.0894 0.4056 0.4533 0.7887
1305031462.4920 -1.8261 -0.0915 0.6264 -0.1635 0.3942 0.4665 0.7748
1305031462.6925 -1.8603 -0.0999 0.6184 -0.1975 0.3737 0.4280 0.7989
1305031462.8598 -1.8750 -0.0732 0.6036 -0.2132 0.3442 0.3836 0.8300
1305031463.0277 -1.8699 -0.0588 0.5592 -0.2124 0.3345 0.3654 0.8423
1305031463.0958 -1.8649 -0.0633 0.5360 -0.2158 0.3244 0.3517 0.8512
1305031463.1598 -1.8630 -0.0570 0.5064 -0.2101 0.3186 0.3345 0.8617
1305031463.2600 -1.8572 -0.0311 0.4770 -0.2019 0.3163 0.3120 0.8728
1305031463.3598 -1.8449 -0.0203 0.4417 -0.1949 0.3093 0.3025 0.8803
1305031463.4598 -1.8057 -0.0058 0.4047 -0.1954 0.2922 0.2981 0.8875
1305031463.5277 -1.7944 0.0304 0.3882 -0.1850 0.3010 0.2882 0.8900
1305031463.6276 -1.7669 0.0703 0.3531 -0.1694 0.2990 0.2763 0.8975
1305031463.6598 -1.7681 0.0828 0.3414 -0.1536 0.3070 0.2676 0.9003
1305031463.7276 -1.7504 0.0747 0.3199 -0.1586 0.3101 0.2551 0.9020
1305031463.7597 -1.7405 0.0760 0.3041 -0.1504 0.3143 0.2446 0.9048
1305031463.7956 -1.7394 0.0679 0.2891 -0.1482 0.3208 0.2318 0.9063
1305031463.8599 -1.7086 0.0490 0.2595 -0.1510 0.3182 0.2150 0.9109
1305031463.8956 -1.7104 0.0432 0.2466 -0.1489 0.3229 0.1984 0.9133
1305031463.9597 -1.6848 0.0203 0.2226 -0.1505 0.3153 0.1901 0.9175
1305031463.9958 -1.6820 0.0130 0.2120 -0.1465 0.3143 0.1803 0.9205
1305031464.0277 -1.6810 0.0101 0.1989 -0.1441 0.3126 0.1732 0.9228
1305031464.0597 -1.6612 -0.0077 0.1841 -0.1506 0.3067 0.1611 0.9259
1305031464.0956 -1.6607 -0.0164 0.1623 -0.1444 0.3060 0.1509 0.9288
1305031464.1277 -1.6689 -0.0255 0.1594 -0.1433 0.3096 0.1442 0.9289
1305031464.1598 -1.6702 -0.0453 0.1657 -0.1440 0.3108 0.1423 0.9287
1305031464.1956 -1.6660 -0.0403 0.1577 -0.1293 0.3054 0.1377 0.9333
1305031464.2276 -1.6684 -0.0375 0.1437 -0.1155 0.2945 0.1319 0.9394
1305031464.2596 -1.6694 -0.0287 0.1346 -0.1059 0.2804 0.1301 0.9451
1305031464.2957 -1.6659 -0.0243 0.1321 -0.1024 0.2651 0.1277 0.9502
1305031464.3279 -1.6500 -0.0267 0.1203 -0.1026 0.2479 0.1237 0.9554
1305031464.3597 -1.6329 -0.0237 0.1107 -0.0981 0.2365 0.1187 0.9594
1305031464.3956 -1.6280 -0.0316 0.0997 -0.0972 0.2323 0.1070 0.9618
1305031464.4276 -1.6218 -0.0312 0.0989 -0.0956 0.2324 0.0978 0.9629
1305031464.4597 -1.6231 -0.0346 0.0903 -0.0941 0.2318 0.0882 0.9642
1305031464.4956 -1.6200 -0.0263 0.0776 -0.0892 0.2304 0.0775 0.9659
1305031464.5276 -1.6066 -0.0335 0.0630 -0.0904 0.2277 0.0717 0.9669
1305031464.5597 -1.5989 -0.0220 0.0430 -0.0877 0.2239 0.0579 0.9689
1305031464.5957 -1.5933 -0.0366 0.0245 -0.0876 0.2264 0.0413 0.9692
1305031464.6277 -1.5853 -0.0485 0.0145 -0.0774 0.2392 0.0341 0.9673
1305031464.6597 -1.5671 -0.0696 -0.0003 -0.0717 0.2460 0.0224 0.9664
1305031464.6957 -1.5521 -0.0880 -0.0276 -0.0600 0.2496 0.0057 0.9665
1305031464.7277 -1.5465 -0.0944 -0.0328 -0.0433 0.2520 -0.0155 0.9666
1305031464.7597 -1.5536 -0.0825 -0.0380 -0.0293 0.2519 -0.0352 0.9667
1305031464.7960 -1.5520 -0.0895 -0.0351 -0.0255 0.2467 -0.0528 0.9673
1305031464.8278 -1.5627 -0.0899 -0.0174 -0.0153 0.2365 -0.0667 0.9692
1305031464.8597 -1.5668 -0.0709 0.0000 -0.0087 0.2208 -0.0877 0.9713
1305031464.8958 -1.5553 -0.0857 -0.0068 -0.0169 0.2005 -0.1058 0.9738
1305031464.9278 -1.5242 -0.0877 0.0093 -0.0216 0.1830 -0.1242 0.9750
1305031464.9598 -1.5140 -0.1140 0.0262 -0.0242 0.1768 -0.1410 0.9738
1305031464.9957 -1.5059 -0.1098 0.0350 -0.0198 0.1734 -0.1615 0.9713
1305031465.0278 -1.5072 -0.1164 0.0449 -0.0204 0.1723 -0.1801 0.9682
1305031465.0597 -1.5161 -0.0967 0.0643 -0.0142 0.1702 -0.2028 0.9642
1305031465.0957 -1.4767 -0.0772 0.0771 -0.0197 0.1508 -0.2201 0.9635
1305031465.1277 -1.4512 -0.0805 0.0943 -0.0420 0.1359 -0.2284 0.9631
1305031465.1598 -1.4346 -0.0926 0.1125 -0.0641 0.1244 -0.2340 0.9621
1305031465.1956 -1.4036 -0.0851 0.1290 -0.0782 0.1109 -0.2379 0.9618
1305031465.2279 -1.3818 -0.0640 0.1498 -0.0891 0.1031 -0.2431 0.9604
1305031465.2956 -1.3640 -0.0566 0.1808 -0.1098 0.0922 -0.2345 0.9615
1305031465.3277 -1.3594 -0.0382 0.1917 -0.1157 0.0872 -0.2166 0.9654
1305031465.3956 -1.3198 -0.0282 0.2126 -0.1218 0.0581 -0.1905 0.9724
1305031465.4277 -1.2912 -0.0295 0.2154 -0.1214 0.0448 -0.1822 0.9747
1305031465.4601 -1.2793 -0.0283 0.2101 -0.1212 0.0392 -0.1698 0.9772
1305031465.4957 -1.2631 -0.0171 0.2098 -0.1223 0.0343 -0.1583 0.9792
1305031465.5276 -1.2527 -0.0192 0.2153 -0.1259 0.0293 -0.1545 0.9795
1305031465.5598 -1.2286 -0.0242 0.2094 -0.1241 0.0189 -0.1498 0.9807
1305031465.5956 -1.2096 -0.0263 0.2050 -0.1225 0.0153 -0.1438 0.9819
1305031465.6277 -1.2007 -0.0218 0.1996 -0.1204 0.0148 -0.1377 0.9830
1305031465.6601 -1.1955 -0.0203 0.1889 -0.1186 0.0120 -0.1338 0.9838
1305031465.6957 -1.1723 -0.0201 0.1900 -0.1166 0.0046 -0.1285 0.9848
1305031465.7277 -1.1574 -0.0140 0.1848 -0.1107 0.0028 -0.1231 0.9862
1305031465.7598 -1.1385 -0.0107 0.1744 -0.1070 -0.0010 -0.1138 0.9877
1305031465.7959 -1.1213 0.0010 0.1706 -0.1011 -0.0033 -0.1099 0.9888
1305031465.8280 -1.1113 0.0085 0.1599 -0.0949 -0.0031 -0.1064 0.9898
1305031465.8599 -1.0887 0.0074 0.1378 -0.0875 -0.0052 -0.1040 0.9907
1305031465.8955 -1.0657 0.0322 0.1237 -0.0791 0.0005 -0.1063 0.9912
1305031465.9275 -1.0506 0.0381 0.1251 -0.0744 0.0094 -0.1089 0.9912
1305031465.9597 -1.0219 0.0500 0.1199 -0.0634 0.0132 -0.1093 0.9919
1305031465.9958 -1.0059 0.0599 0.1119 -0.0575 0.0192 -0.1143 0.9916
1305031466.0276 -0.9895 0.0629 0.0941 -0.0544 0.0203 -0.1150 0.9917
1305031466.0598 -0.9801 0.0841 0.0745 -0.0531 0.0245 -0.1165 0.9915
1305031466.0958 -0.9605 0.0936 0.0628 -0.0578 0.0217 -0.1108 0.9919
1305031466.1276 -0.9535 0.1134 0.0522 -0.0598 0.0209 -0.1132 0.9915
1305031466.1604 -0.9432 0.1253 0.0480 -0.0643 0.0186 -0.1071 0.9920
1305031466.1958 -0.9235 0.1324 0.0289 -0.0717 0.0087 -0.1011 0.9922
1305031466.2280 -0.9070 0.1336 0.0192 -0.0852 0.0031 -0.0976 0.9916
1305031466.2598 -0.8888 0.1323 0.0033 -0.0875 -0.0010 -0.1062 0.9905
1305031466.2957 -0.8636 0.1329 -0.0120 -0.0851 -0.0011 -0.1163 0.9896
1305031466.3277 -0.8614 0.1342 -0.0290 -0.0845 0.0118 -0.1269 0.9882
1305031466.3598 -0.8529 0.1447 -0.0455 -0.0854 0.0223 -0.1342 0.9870
1305031466.3958 -0.8371 0.1250 -0.0523 -0.0910 0.0204 -0.1356 0.9864
1305031466.4278 -0.8320 0.1234 -0.0726 -0.0877 0.0193 -0.1394 0.9862
1305031466.4598 -0.8162 0.1192 -0.0878 -0.0905 0.0132 -0.1397 0.9860
1305031466.4958 -0.8006 0.1320 -0.1019 -0.0893 0.0103 -0.1445 0.9854
1305031466.5275 -0.7791 0.1169 -0.1140 -0.0935 0.0106 -0.1439 0.9851
1305031466.5604 -0.7662 0.1237 -0.1316 -0.0918 0.0177 -0.1474 0.9846
1305031466.5959 -0.7360 0.1237 -0.1367 -0.1016 0.0144 -0.1487 0.9835
1305031466.6275 -0.7165 0.0954 -0.1362 -0.1141 0.0148 -0.1530 0.9815
1305031466.6597 -0.6943 0.0975 -0.1405 -0.1075 0.0155 -0.1577 0.9815
1305031466.6958 -0.6737 0.0987 -0.1540 -0.1072 0.0116 -0.1616 0.9810
1305031466.7281 -0.6597 0.0848 -0.1576 -0.1177 0.0096 -0.1729 0.9778
1305031466.7596 -0.6356 0.0769 -0.1485 -0.1173 0.0045 -0.1814 0.9764
1305031466.7956 -0.6229 0.0696 -0.1568 -0.1153 0.0023 -0.1850 0.9760
1305031466.8279 -0.6083 0.0719 -0.1688 -0.1168 0.0001 -0.1836 0.9760
1305031466.8597 -0.6025 0.0622 -0.1729 -0.1201 -0.0031 -0.1827 0.9758
1305031466.8957 -0.5902 0.0292 -0.1849 -0.1277 -0.0171 -0.1827 0.9747
1305031466.9278 -0.5768 0.0269 -0.1892 -0.1291 -0.0315 -0.1812 0.9744
1305031466.9597 -0.5687 0.0174 -0.1917 -0.1313 -0.0374 -0.1829 0.9736
1305031466.9957 -0.5638 0.0161 -0.1987 -0.1310 -0.0395 -0.1868 0.9728
1305031467.0278 -0.5535 0.0120 -0.2018 -0.1314 -0.0425 -0.1890 0.9722
1305031467.0597 -0.5401 0.0009 -0.2062 -0.1345 -0.0454 -0.1905 0.9714
1305031467.0957 -0.5354 -0.0038 -0.2152 -0.1368 -0.0452 -0.1961 0.9699
1305031467.1290 -0.5254 0.0013 -0.2101 -0.1346 -0.0482 -0.2005 0.9692
1305031467.1597 -0.5151 -0.0086 -0.2132 -0.1361 -0.0527 -0.2060 0.9676
1305031467.1957 -0.5087 -0.0133 -0.2217 -0.1369 -0.0559 -0.2085 0.9668
1305031467.2277 -0.4941 -0.0199 -0.2245 -0.1377 -0.0633 -0.2106 0.9658
1305031467.2597 -0.4895 -0.0259 -0.2270 -0.1387 -0.0661 -0.2137 0.9647
1305031467.2958 -0.4805 -0.0347 -0.2335 -0.1394 -0.0710 -0.2173 0.9635
1305031467.3280 -0.4661 -0.0384 -0.2378 -0.1387 -0.0769 -0.2190 0.9627
1305031467.3597 -0.4486 -0.0492 -0.2471 -0.1432 -0.0843 -0.2209 0.9610
1305031467.3958 -0.4412 -0.0498 -0.2562 -0.1470 -0.0886 -0.2233 0.9595
1305031467.4278 -0.4341 -0.0530 -0.2605 -0.1481 -0.0919 -0.2233 0.9590
1305031467.4597 -0.4237 -0.0609 -0.2641 -0.1503 -0.0978 -0.2253 0.9576
1305031467.4961 -0.3957 -0.0625 -0.2759 -0.1524 -0.1078 -0.2277 0.9557
1305031467.5277 -0.3912 -0.0668 -0.2799 -0.1568 -0.1092 -0.2326 0.9536
1305031467.5598 -0.3876 -0.0650 -0.2791 -0.1554 -0.1084 -0.2319 0.9541
1305031467.5960 -0.3772 -0.0709 -0.2813 -0.1562 -0.1101 -0.2301 0.9542
1305031467.6275 -0.3661 -0.0673 -0.2828 -0.1529 -0.1138 -0.2280 0.9548
1305031467.6596 -0.3654 -0.0729 -0.2713 -0.1493 -0.1171 -0.2286 0.9548
1305031467.6959 -0.3601 -0.0777 -0.2672 -0.1489 -0.1195 -0.2300 0.9543
1305031467.7275 -0.3583 -0.0771 -0.2595 -0.1453 -0.1205 -0.2346 0.9536
1305031467.7599 -0.3547 -0.0672 -0.2515 -0.1370 -0.1224 -0.2395 0.9534
1305031467.7961 -0.3571 -0.0708 -0.2562 -0.1338 -0.1225 -0.2449 0.9524
1305031467.8278 -0.3487 -0.0897 -0.2407 -0.1337 -0.1271 -0.2426 0.9524
1305031467.8597 -0.3423 -0.0956 -0.2262 -0.1274 -0.1321 -0.2416 0.9529
1305031467.8959 -0.3502 -0.1050 -0.2279 -0.1244 -0.1340 -0.2420 0.9529
1305031467.9278 -0.3490 -0.0982 -0.1960 -0.1209 -0.1410 -0.2436 0.9519
1305031467.9598 -0.3574 -0.1122 -0.1834 -0.1185 -0.1432 -0.2473 0.9510
1305031467.9958 -0.3521 -0.1153 -0.1793 -0.1171 -0.1449 -0.2496 0.9503
1305031468.0281 -0.3520 -0.1215 -0.1616 -0.1193 -0.1449 -0.2496 0.9500
1305031468.0598 -0.3570 -0.1319 -0.1358 -0.1166 -0.1474 -0.2535 0.9489
1305031468.0959 -0.3555 -0.1292 -0.1305 -0.1142 -0.1486 -0.2536 0.9490
1305031468.1278 -0.3501 -0.1359 -0.1110 -0.1157 -0.1512 -0.2534 0.9484
1305031468.1599 -0.3480 -0.1426 -0.1043 -0.1143 -0.1523 -0.2553 0.9479
1305031468.1960 -0.3371 -0.1419 -0.0823 -0.1131 -0.1551 -0.2588 0.9467
1305031468.2282 -0.3340 -0.1532 -0.0709 -0.1143 -0.1543 -0.2589 0.9466
1305031468.2598 -0.3203 -0.1655 -0.0454 -0.1143 -0.1553 -0.2578 0.9468
1305031468.2958 -0.3117 -0.1709 -0.0324 -0.1130 -0.1549 -0.2588 0.9467
1305031468.3278 -0.3010 -0.1904 0.0070 -0.1152 -0.1569 -0.2550 0.9471
1305031468.3959 -0.2941 -0.2058 0.0305 -0.1124 -0.1510 -0.2493 0.9500
1305031468.4598 -0.2859 -0.2343 0.0670 -0.1173 -0.1535 -0.2445 0.9502
1305031468.5278 -0.2849 -0.2556 0.0972 -0.1172 -0.1525 -0.2505 0.9488
1305031468.5597 -0.2938 -0.2752 0.1062 -0.1135 -0.1554 -0.2619 0.9457
1305031468.6596 -0.3154 -0.3074 0.1250 -0.1156 -0.1599 -0.2691 0.9427
1305031468.6958 -0.3295 -0.3224 0.1428 -0.1139 -0.1665 -0.2731 0.9406
1305031468.7278 -0.3433 -0.3174 0.1424 -0.1045 -0.1693 -0.2764 0.9402
1305031468.7958 -0.3664 -0.3505 0.1619 -0.1041 -0.1751 -0.2797 0.9382
1305031468.8292 -0.3781 -0.3592 0.1628 -0.0956 -0.1775 -0.2882 0.9361
1305031468.9596 -0.3894 -0.3684 0.1791 -0.0982 -0.1584 -0.2891 0.9390
1305031469.0277 -0.3961 -0.3624 0.1878 -0.1282 -0.1477 -0.2988 0.9341
1305031469.1277 -0.3978 -0.3794 0.2211 -0.1677 -0.1411 -0.3184 0.9223
1305031469.1955 -0.4090 -0.3917 0.2452 -0.1881 -0.1203 -0.3289 0.9176
1305031469.2596 -0.4270 -0.3989 0.2753 -0.2031 -0.1109 -0.3392 0.9118
1305031469.2968 -0.4271 -0.3933 0.2876 -0.2047 -0.1066 -0.3428 0.9106
1305031469.3276 -0.4159 -0.3891 0.2910 -0.2066 -0.1077 -0.3433 0.9099
1305031469.3596 -0.4181 -0.4034 0.3104 -0.2197 -0.1044 -0.3496 0.9048
1305031469.3957 -0.4153 -0.3910 0.3285 -0.2165 -0.0935 -0.3569 0.9039
1305031469.4277 -0.4044 -0.3937 0.3436 -0.2166 -0.0882 -0.3627 0.9021
1305031469.4597 -0.4037 -0.3885 0.3571 -0.2175 -0.0810 -0.3719 0.8988
1305031469.4957 -0.4112 -0.3711 0.3646 -0.2155 -0.0739 -0.3750 0.8986
1305031469.5276 -0.4138 -0.3687 0.3716 -0.2215 -0.0726 -0.3739 0.8977
1305031469.5596 -0.4098 -0.3595 0.3825 -0.2276 -0.0731 -0.3739 0.8961
1305031469.6596 -0.4105 -0.3394 0.4154 -0.2578 -0.0619 -0.3710 0.8900
1305031469.7596 -0.4064 -0.2887 0.4346 -0.2690 -0.0424 -0.3624 0.8914
1305031469.9279 -0.4179 -0.2009 0.4663 -0.2975 -0.0396 -0.3467 0.8887
1305031470.0959 -0.4525 -0.1017 0.4692 -0.3029 -0.0373 -0.3353 0.8913
1305031470.2600 -0.4955 -0.0230 0.4600 -0.3204 -0.0330 -0.3160 0.8924
1305031470.3958 -0.5424 0.0443 0.4453 -0.3331 -0.0211 -0.3011 0.8933
1305031470.5597 -0.5944 0.0934 0.4360 -0.3366 -0.0296 -0.2997 0.8922
1305031470.7597 -0.6437 0.1337 0.4316 -0.3437 -0.0254 -0.2753 0.8974
1305031470.7956 -0.6506 0.1449 0.4287 -0.3395 -0.0189 -0.2717 0.9003
1305031470.8278 -0.6522 0.1534 0.4252 -0.3314 -0.0202 -0.2676 0.9045
1305031470.8596 -0.6641 0.1640 0.4212 -0.3219 -0.0152 -0.2599 0.9103
1305031470.8957 -0.6728 0.1648 0.4185 -0.3198 -0.0167 -0.2564 0.9120
1305031470.9277 -0.6838 0.1757 0.4173 -0.3100 -0.0158 -0.2518 0.9167
1305031470.9596 -0.6963 0.1774 0.4169 -0.2998 -0.0177 -0.2475 0.9212
1305031470.9960 -0.7048 0.1764 0.4166 -0.2935 -0.0186 -0.2456 0.9237
1305031471.0276 -0.7071 0.1749 0.4154 -0.2846 -0.0224 -0.2463 0.9262
1305031471.0596 -0.7151 0.1755 0.4146 -0.2737 -0.0200 -0.2433 0.9303
1305031471.0958 -0.7194 0.1815 0.4080 -0.2586 -0.0200 -0.2370 0.9362
1305031471.1277 -0.7341 0.1815 0.4082 -0.2541 -0.0148 -0.2332 0.9385
1305031471.1596 -0.7342 0.1858 0.4063 -0.2454 -0.0159 -0.2265 0.9425
1305031471.1957 -0.7393 0.1826 0.4058 -0.2456 -0.0134 -0.2224 0.9434
1305031471.2276 -0.7486 0.1838 0.4063 -0.2453 -0.0079 -0.2198 0.9442
1305031471.2597 -0.7508 0.1870 0.4077 -0.2439 -0.0074 -0.2182 0.9449
1305031471.2961 -0.7518 0.1868 0.4075 -0.2419 -0.0069 -0.2144 0.9463
1305031471.3276 -0.7583 0.1836 0.4052 -0.2396 -0.0019 -0.2116 0.9475
1305031471.3596 -0.7609 0.1855 0.4038 -0.2372 0.0036 -0.2107 0.9483
1305031471.3957 -0.7619 0.1874 0.4059 -0.2342 0.0072 -0.2083 0.9496
1305031471.4277 -0.7640 0.1866 0.4029 -0.2303 0.0075 -0.2030 0.9517
1305031471.4596 -0.7666 0.1879 0.3999 -0.2279 0.0073 -0.1970 0.9535
1305031471.5597 -0.7794 0.1891 0.3967 -0.2283 0.0119 -0.1915 0.9545
1305031471.5957 -0.7848 0.1877 0.3962 -0.2295 0.0179 -0.1914 0.9541
1305031471.6276 -0.7847 0.1914 0.3927 -0.2256 0.0201 -0.1902 0.9553
1305031471.6596 -0.7908 0.1915 0.3920 -0.2252 0.0256 -0.1917 0.9549
1305031471.7958 -0.8034 0.1821 0.3829 -0.2285 0.0474 -0.1781 0.9559
1305031472.0276 -0.8117 0.1873 0.3789 -0.2549 0.0865 -0.1483 0.9516
1305031472.5276 -0.8332 0.1544 0.3892 -0.2574 0.0859 -0.1342 0.9531
1305031472.7276 -0.8278 0.1375 0.4000 -0.2447 0.0807 -0.1219 0.9585
1305031473.1277 -0.8239 0.1251 0.4137 -0.2383 0.0777 -0.1238 0.9601
