1305031453.4237 0.0059 0.0035 -0.0081 0.0016 0.0035 0.0096 0.9999
1305031453.4597 0.0114 0.0082 -0.0178 0.0056 0.0091 0.0186 0.9998
1305031453.4917 0.0133 0.0123 -0.0281 0.0095 0.0159 0.0287 0.9994
1305031453.5237 0.0137 0.0173 -0.0416 0.0162 0.0210 0.0374 0.9989
1305031453.5598 0.0167 0.0223 -0.0552 0.0230 0.0229 0.0441 0.9985
1305031453.5916 0.0155 0.0300 -0.0700 0.0308 0.0261 0.0483 0.9980
1305031453.6277 0.0096 0.0350 -0.0842 0.0373 0.0282 0.0523 0.9975
1305031453.6596 0.0044 0.0437 -0.0999 0.0455 0.0246 0.0504 0.9974
1305031453.6917 -0.0001 0.0549 -0.1160 0.0529 0.0194 0.0460 0.9973
1305031453.7277 -0.0083 0.0634 -0.1309 0.0572 0.0149 0.0409 0.9974
1305031453.7597 -0.0181 0.0686 -0.1432 0.0611 0.0071 0.0328 0.9976
1305031453.7917 -0.0231 0.0798 -0.1578 0.0664 -0.0028 0.0250 0.9975
1305031453.8278 -0.0338 0.0861 -0.1700 0.0687 -0.0093 0.0185 0.9974
1305031453.8597 -0.0482 0.0942 -0.1819 0.0707 -0.0204 0.0104 0.9972
1305031453.8917 -0.0610 0.1019 -0.1929 0.0704 -0.0358 0.0030 0.9969
1305031453.9277 -0.0686 0.1054 -0.2001 0.0669 -0.0555 -0.0011 0.9962
1305031453.9596 -0.0731 0.1095 -0.2102 0.0642 -0.0730 -0.0098 0.9952
1305031453.9916 -0.0825 0.1097 -0.2099 0.0625 -0.0852 -0.0208 0.9942
1305031454.0277 -0.0890 0.1122 -0.2180 0.0644 -0.0985 -0.0303 0.9926
1305031454.0597 -0.0944 0.1187 -0.2243 0.0661 -0.1110 -0.0407 0.9908
1305031454.0917 -0.1032 0.1192 -0.2198 0.0669 -0.1235 -0.0540 0.9886
1305031454.1277 -0.1041 0.1175 -0.2190 0.0696 -0.1411 -0.0674 0.9852
1305031454.1597 -0.1066 0.1199 -0.2261 0.0695 -0.1579 -0.0792 0.9818
1305031454.1917 -0.1163 0.1178 -0.2290 0.0662 -0.1744 -0.0947 0.9779
1305031454.2277 -0.1266 0.1141 -0.2275 0.0675 -0.1914 -0.1124 0.9727
1305031454.2596 -0.1264 0.1099 -0.2304 0.0707 -0.2065 -0.1273 0.9676
1305031454.2916 -0.1238 0.1085 -0.2321 0.0681 -0.2147 -0.1360 0.9647
1305031454.3277 -0.1414 0.1060 -0.2383 0.0683 -0.2211 -0.1523 0.9609
1305031454.3596 -0.1458 0.1036 -0.2426 0.0729 -0.2325 -0.1660 0.9556
1305031454.3917 -0.1543 0.1069 -0.2476 0.0739 -0.2387 -0.1770 0.9520
1305031454.4275 -0.1693 0.1101 -0.2523 0.0754 -0.2480 -0.1921 0.9465
1305031454.4599 -0.1710 0.1079 -0.2528 0.0768 -0.2590 -0.2068 0.9403
1305031454.4916 -0.1766 0.1088 -0.2579 0.0775 -0.2625 -0.2219 0.9359
1305031454.5277 -0.1814 0.1134 -0.2630 0.0773 -0.2677 -0.2380 0.9304
1305031454.5596 -0.1884 0.1137 -0.2673 0.0728 -0.2725 -0.2511 0.9259
1305031454.5916 -0.1988 0.1160 -0.2730 0.0690 -0.2801 -0.2682 0.9191
1305031454.6276 -0.2040 0.1162 -0.2766 0.0659 -0.2915 -0.2828 0.9114
1305031454.6595 -0.2045 0.1196 -0.2817 0.0596 -0.3028 -0.2919 0.9053
1305031454.6919 -0.2086 0.1163 -0.2844 0.0499 -0.3151 -0.3010 0.8987
1305031454.7277 -0.2089 0.1145 -0.2829 0.0433 -0.3277 -0.3067 0.8926
1305031454.7597 -0.2044 0.1143 -0.2819 0.0362 -0.3343 -0.3048 0.8911
1305031454.7916 -0.2010 0.1194 -0.2811 0.0307 -0.3371 -0.2984 0.8924
1305031454.8276 -0.1935 0.1281 -0.2786 0.0267 -0.3392 -0.2922 0.8938
1305031454.8596 -0.1915 0.1329 -0.2769 0.0199 -0.3359 -0.2864 0.8971
1305031454.8918 -0.1890 0.1415 -0.2773 0.0164 -0.3306 -0.2800 0.9011
1305031454.9276 -0.1867 0.1511 -0.2792 0.0129 -0.3244 -0.2741 0.9052
1305031454.9596 -0.1879 0.1601 -0.2838 0.0095 -0.3179 -0.2685 0.9092
1305031454.9919 -0.1925 0.1692 -0.2903 0.0068 -0.3132 -0.2636 0.9123
1305031455.0278 -0.1921 0.1808 -0.2942 0.0070 -0.3124 -0.2607 0.9134
1305031455.0596 -0.1961 0.1880 -0.2970 0.0053 -0.3091 -0.2590 0.9150
1305031455.0917 -0.2010 0.1977 -0.3023 0.0081 -0.3052 -0.2587 0.9164
1305031455.1277 -0.2058 0.2092 -0.3088 0.0097 -0.2998 -0.2573 0.9186
1305031455.1597 -0.2148 0.2197 -0.3162 0.0088 -0.2940 -0.2536 0.9215
1305031455.1917 -0.2242 0.2280 -0.3208 0.0049 -0.2898 -0.2484 0.9243
1305031455.2276 -0.2331 0.2345 -0.3259 0.0038 -0.2862 -0.2430 0.9268
1305031455.2596 -0.2381 0.2479 -0.3327 0.0023 -0.2811 -0.2369 0.9300
1305031455.2918 -0.2519 0.2529 -0.3376 -0.0070 -0.2741 -0.2282 0.9342
1305031455.3278 -0.2631 0.2636 -0.3460 -0.0123 -0.2702 -0.2181 0.9377
1305031455.3596 -0.2676 0.2733 -0.3494 -0.0199 -0.2687 -0.2121 0.9394
1305031455.3917 -0.2787 0.2743 -0.3520 -0.0316 -0.2612 -0.2048 0.9428
1305031455.4276 -0.2935 0.2802 -0.3597 -0.0387 -0.2527 -0.1955 0.9468
1305031455.4596 -0.3079 0.2809 -0.3670 -0.0447 -0.2480 -0.1873 0.9494
1305031455.4916 -0.3190 0.2862 -0.3758 -0.0493 -0.2437 -0.1765 0.9524
1305031455.5276 -0.3366 0.2843 -0.3838 -0.0561 -0.2391 -0.1637 0.9555
1305031455.5597 -0.3531 0.2857 -0.3960 -0.0593 -0.2383 -0.1505 0.9576
1305031455.5916 -0.3644 0.2904 -0.4084 -0.0620 -0.2387 -0.1364 0.9595
1305031455.6276 -0.3796 0.2860 -0.4115 -0.0690 -0.2375 -0.1239 0.9610
1305031455.6596 -0.3955 0.2822 -0.4232 -0.0675 -0.2348 -0.1185 0.9624
1305031455.6916 -0.4094 0.2846 -0.4362 -0.0628 -0.2328 -0.1198 0.9631
1305031455.7276 -0.4228 0.2822 -0.4476 -0.0607 -0.2296 -0.1245 0.9634
1305031455.7597 -0.4362 0.2804 -0.4601 -0.0591 -0.2241 -0.1275 0.9644
1305031455.7917 -0.4522 0.2711 -0.4728 -0.0591 -0.2183 -0.1268 0.9658
1305031455.8276 -0.4660 0.2705 -0.4896 -0.0554 -0.2143 -0.1267 0.9669
1305031455.8595 -0.4777 0.2656 -0.5017 -0.0555 -0.2125 -0.1279 0.9672
1305031455.8917 -0.4880 0.2621 -0.5139 -0.0553 -0.2097 -0.1282 0.9678
1305031455.9280 -0.4986 0.2571 -0.5237 -0.0561 -0.2062 -0.1290 0.9683
1305031455.9597 -0.5078 0.2563 -0.5367 -0.0546 -0.2025 -0.1313 0.9689
1305031455.9917 -0.5164 0.2551 -0.5462 -0.0557 -0.1978 -0.1339 0.9695
1305031456.0278 -0.5250 0.2607 -0.5592 -0.0577 -0.1907 -0.1385 0.9701
1305031456.0597 -0.5392 0.2524 -0.5640 -0.0678 -0.1846 -0.1472 0.9694
1305031456.0917 -0.5520 0.2432 -0.5679 -0.0740 -0.1799 -0.1526 0.9690
1305031456.1276 -0.5634 0.2375 -0.5740 -0.0754 -0.1751 -0.1541 0.9695
1305031456.1597 -0.5725 0.2275 -0.5742 -0.0776 -0.1703 -0.1545 0.9701
1305031456.1917 -0.5823 0.2194 -0.5777 -0.0732 -0.1623 -0.1519 0.9722
1305031456.2277 -0.5884 0.2245 -0.5841 -0.0679 -0.1525 -0.1484 0.9747
1305031456.2917 -0.6150 0.2091 -0.5818 -0.0683 -0.1292 -0.1421 0.9790
1305031456.3277 -0.6260 0.2036 -0.5800 -0.0645 -0.1187 -0.1353 0.9815
1305031456.3916 -0.6487 0.1993 -0.5739 -0.0597 -0.0938 -0.1265 0.9857
1305031456.4277 -0.6669 0.2035 -0.5726 -0.0517 -0.0814 -0.1202 0.9881
1305031456.4917 -0.7045 0.2227 -0.5658 -0.0541 -0.0706 -0.1090 0.9901
1305031456.5276 -0.7167 0.2240 -0.5561 -0.0604 -0.0720 -0.1036 0.9902
1305031456.5917 -0.7372 0.2311 -0.5419 -0.0619 -0.0670 -0.0914 0.9916
1305031456.6276 -0.7473 0.2424 -0.5344 -0.0728 -0.0610 -0.0856 0.9918
1305031456.6916 -0.7842 0.2333 -0.5123 -0.0854 -0.0475 -0.0712 0.9927
1305031456.7277 -0.7992 0.2497 -0.5062 -0.0873 -0.0451 -0.0614 0.9933
1305031456.7916 -0.8342 0.2421 -0.4858 -0.0932 -0.0525 -0.0477 0.9931
1305031456.8276 -0.8392 0.2582 -0.4808 -0.0920 -0.0566 -0.0388 0.9934
1305031456.8917 -0.8565 0.2501 -0.4548 -0.1058 -0.0543 -0.0279 0.9925
1305031456.9277 -0.8703 0.2599 -0.4508 -0.0988 -0.0470 -0.0216 0.9938
1305031456.9597 -0.8846 0.2751 -0.4495 -0.0975 -0.0393 -0.0170 0.9943
1305031456.9917 -0.8979 0.2722 -0.4407 -0.1072 -0.0339 -0.0155 0.9935
1305031457.0276 -0.9109 0.2731 -0.4375 -0.1091 -0.0288 -0.0119 0.9935
1305031457.0917 -0.9341 0.2799 -0.4360 -0.1209 -0.0169 -0.0031 0.9925
1305031457.1276 -0.9454 0.2718 -0.4340 -0.1260 -0.0105 0.0010 0.9920
1305031457.1917 -0.9709 0.2760 -0.4461 -0.1222 0.0054 0.0133 0.9924
1305031457.2275 -0.9841 0.2711 -0.4497 -0.1272 0.0127 0.0188 0.9916
1305031457.2917 -1.0086 0.2604 -0.4637 -0.1192 0.0281 0.0309 0.9920
1305031457.3275 -1.0223 0.2632 -0.4749 -0.1154 0.0388 0.0357 0.9919
1305031457.3917 -1.0527 0.2482 -0.4912 -0.1124 0.0628 0.0480 0.9905
1305031457.4276 -1.0735 0.2477 -0.5028 -0.1087 0.0733 0.0547 0.9899
1305031457.4917 -1.1019 0.2305 -0.5202 -0.1098 0.0790 0.0630 0.9888
1305031457.5276 -1.1136 0.2231 -0.5309 -0.1063 0.0822 0.0663 0.9887
1305031457.5597 -1.1273 0.2181 -0.5412 -0.1026 0.0875 0.0700 0.9884
1305031457.5917 -1.1454 0.2168 -0.5513 -0.0987 0.0934 0.0733 0.9880
1305031457.6275 -1.1599 0.2047 -0.5564 -0.1002 0.0963 0.0760 0.9874
1305031457.6596 -1.1748 0.2095 -0.5688 -0.0942 0.0983 0.0804 0.9874
1305031457.6916 -1.1888 0.2020 -0.5743 -0.1002 0.0992 0.0825 0.9866
1305031457.7277 -1.1997 0.1831 -0.5767 -0.1046 0.1000 0.0815 0.9861
1305031457.7596 -1.2125 0.1711 -0.5814 -0.1028 0.1023 0.0800 0.9862
1305031457.7916 -1.2186 0.1534 -0.5863 -0.0977 0.1051 0.0796 0.9864
1305031457.8277 -1.2318 0.1566 -0.5975 -0.0853 0.1126 0.0803 0.9867
1305031457.8596 -1.2449 0.1471 -0.6012 -0.0834 0.1208 0.0805 0.9859
1305031457.8916 -1.2601 0.1228 -0.5992 -0.0801 0.1290 0.0805 0.9851
1305031457.9276 -1.2782 0.1216 -0.6043 -0.0657 0.1341 0.0850 0.9851
1305031457.9916 -1.3009 0.1062 -0.6057 -0.0548 0.1352 0.0906 0.9852
1305031458.0278 -1.3106 0.0969 -0.6029 -0.0463 0.1381 0.0914 0.9851
1305031458.0597 -1.3260 0.1056 -0.6035 -0.0349 0.1432 0.0940 0.9846
1305031458.0917 -1.3407 0.1067 -0.5985 -0.0341 0.1480 0.0960 0.9837
1305031458.1276 -1.3543 0.0968 -0.5874 -0.0366 0.1521 0.0962 0.9830
1305031458.1596 -1.3683 0.0903 -0.5775 -0.0350 0.1544 0.0984 0.9825
1305031458.1916 -1.3816 0.0958 -0.5689 -0.0330 0.1535 0.1029 0.9822
1305031458.2276 -1.3949 0.0936 -0.5550 -0.0392 0.1512 0.1046 0.9822
1305031458.2599 -1.4043 0.0678 -0.5333 -0.0459 0.1484 0.1019 0.9826
1305031458.2917 -1.4181 0.0664 -0.5245 -0.0370 0.1435 0.1033 0.9835
1305031458.3276 -1.4254 0.0658 -0.5102 -0.0347 0.1365 0.1056 0.9844
1305031458.3596 -1.4321 0.0545 -0.4882 -0.0282 0.1315 0.1065 0.9852
1305031458.3916 -1.4400 0.0544 -0.4785 -0.0166 0.1276 0.1109 0.9855
1305031458.4276 -1.4405 0.0535 -0.4633 -0.0091 0.1253 0.1202 0.9848
1305031458.4596 -1.4355 0.0431 -0.4449 0.0001 0.1273 0.1279 0.9836
1305031458.4917 -1.4340 0.0356 -0.4288 0.0190 0.1352 0.1279 0.9823
1305031458.5277 -1.4416 0.0433 -0.4143 0.0366 0.1447 0.1272 0.9806
1305031458.5596 -1.4462 0.0476 -0.3950 0.0438 0.1528 0.1251 0.9793
1305031458.5916 -1.4558 0.0499 -0.3723 0.0535 0.1593 0.1190 0.9786
1305031458.6277 -1.4676 0.0718 -0.3569 0.0589 0.1597 0.1149 0.9787
1305031458.6596 -1.4747 0.0727 -0.3337 0.0519 0.1558 0.1150 0.9797
1305031458.6917 -1.4773 0.0757 -0.3086 0.0464 0.1407 0.1097 0.9829
1305031458.7276 -1.4602 0.0678 -0.2862 0.0417 0.1208 0.1033 0.9864
1305031458.7599 -1.4678 0.0676 -0.2728 0.0461 0.1068 0.0951 0.9887
1305031458.7916 -1.4696 0.0787 -0.2615 0.0466 0.0910 0.0880 0.9909
1305031458.8276 -1.4644 0.0768 -0.2456 0.0394 0.0814 0.0862 0.9922
1305031458.8917 -1.4620 0.0724 -0.2235 0.0458 0.0776 0.0762 0.9930
1305031458.9276 -1.4720 0.0765 -0.2193 0.0445 0.0846 0.0806 0.9922
1305031458.9596 -1.4771 0.0693 -0.2117 0.0357 0.0904 0.0931 0.9909
1305031458.9916 -1.4846 0.0445 -0.2030 0.0328 0.0941 0.0981 0.9902
1305031459.0277 -1.5030 0.0380 -0.1980 0.0424 0.0928 0.0985 0.9899
1305031459.0596 -1.5233 0.0286 -0.1873 0.0495 0.0879 0.1085 0.9890
1305031459.1276 -1.5721 -0.0168 -0.2061 0.0422 0.1021 0.1215 0.9864
1305031459.1596 -1.5821 -0.0195 -0.1979 0.0508 0.0770 0.1252 0.9878
1305031459.1917 -1.5920 -0.0194 -0.1911 0.0566 0.0589 0.1329 0.9878
1305031459.2276 -1.5992 -0.0171 -0.1816 0.0594 0.0465 0.1445 0.9866
1305031459.2598 -1.5979 -0.0073 -0.1664 0.0607 0.0422 0.1545 0.9852
1305031459.3276 -1.6062 0.0009 -0.1435 0.0567 0.0742 0.1826 0.9787
1305031459.3597 -1.6166 0.0107 -0.1305 0.0622 0.0999 0.2009 0.9725
1305031459.3917 -1.6322 0.0355 -0.1211 0.0633 0.1283 0.2235 0.9641
1305031459.4276 -1.6300 0.0427 -0.1094 0.0518 0.1608 0.2573 0.9515
1305031459.4597 -1.6480 0.0387 -0.1072 0.0489 0.1997 0.2930 0.9337
1305031459.5276 -1.6601 0.0867 -0.0589 0.0632 0.2168 0.2894 0.9302
1305031459.5596 -1.6783 0.0750 -0.0614 0.0558 0.2340 0.3152 0.9180
1305031459.5917 -1.6979 0.0756 -0.0585 0.0543 0.2421 0.3323 0.9100
1305031459.6276 -1.7068 0.0715 -0.0554 0.0497 0.2433 0.3429 0.9060
1305031459.6596 -1.7197 0.0739 -0.0514 0.0505 0.2501 0.3432 0.9040
1305031459.6916 -1.7374 0.0702 -0.0458 0.0452 0.2630 0.3475 0.8989
1305031459.7276 -1.7507 0.0556 -0.0419 0.0383 0.2717 0.3509 0.8953
1305031459.7917 -1.7885 0.0286 -0.0320 0.0379 0.2841 0.3440 0.8941
1305031459.8277 -1.8054 0.0182 -0.0259 0.0367 0.2852 0.3418 0.8947
1305031459.8597 -1.8235 0.0072 -0.0183 0.0324 0.2851 0.3405 0.8954
1305031459.8916 -1.8341 -0.0066 -0.0108 0.0268 0.2812 0.3439 0.8955
1305031459.9276 -1.8440 -0.0197 -0.0041 0.0256 0.2788 0.3471 0.8951
1305031459.9917 -1.8653 -0.0423 0.0099 0.0208 0.2767 0.3548 0.8928
1305031460.0276 -1.8705 -0.0574 0.0166 0.0189 0.2764 0.3589 0.8913
1305031460.0597 -1.8823 -0.0724 0.0235 0.0191 0.2779 0.3607 0.8901
1305031460.0917 -1.8961 -0.0919 0.0314 0.0198 0.2757 0.3680 0.8878
1305031460.1277 -1.8992 -0.1052 0.0389 0.0248 0.2666 0.3781 0.8862
1305031460.1597 -1.9078 -0.1129 0.0470 0.0320 0.2599 0.3855 0.8848
1305031460.1916 -1.9085 -0.1173 0.0574 0.0327 0.2529 0.3925 0.8837
1305031460.2278 -1.8983 -0.1252 0.0659 0.0326 0.2502 0.3972 0.8824
1305031460.2917 -1.8996 -0.1444 0.0789 0.0346 0.2659 0.3967 0.8779
1305031460.3275 -1.9025 -0.1561 0.0844 0.0356 0.2749 0.3980 0.8745
1305031460.3916 -1.9029 -0.1741 0.0983 0.0313 0.2939 0.4039 0.8657
1305031460.4275 -1.9032 -0.1852 0.1042 0.0301 0.3045 0.4085 0.8600
1305031460.4596 -1.9024 -0.1906 0.1096 0.0288 0.3166 0.4120 0.8539
1305031460.4915 -1.9092 -0.1988 0.1157 0.0234 0.3319 0.4174 0.8456
1305031460.5276 -1.9088 -0.2111 0.1205 0.0164 0.3426 0.4270 0.8367
1305031460.5596 -1.9054 -0.2226 0.1259 0.0098 0.3514 0.4310 0.8311
1305031460.5919 -1.9088 -0.2336 0.1316 0.0060 0.3610 0.4313 0.8268
1305031460.6276 -1.9080 -0.2442 0.1369 0.0031 0.3689 0.4334 0.8222
1305031460.6598 -1.9135 -0.2556 0.1443 0.0012 0.3778 0.4322 0.8188
1305031460.6917 -1.9201 -0.2662 0.1532 -0.0019 0.3834 0.4329 0.8158
1305031460.7277 -1.9191 -0.2735 0.1605 -0.0066 0.3851 0.4334 0.8148
1305031460.7597 -1.9179 -0.2849 0.1679 -0.0104 0.3900 0.4322 0.8130
1305031460.7917 -1.9224 -0.2963 0.1784 -0.0134 0.3952 0.4307 0.8112
1305031460.8277 -1.9228 -0.3026 0.1874 -0.0178 0.3965 0.4283 0.8118
1305031460.8597 -1.9212 -0.3092 0.1951 -0.0240 0.3995 0.4260 0.8114
1305031460.8918 -1.9200 -0.3214 0.2051 -0.0319 0.4046 0.4236 0.8098
1305031460.9276 -1.9199 -0.3319 0.2162 -0.0376 0.4070 0.4235 0.8084
1305031460.9917 -1.9051 -0.3564 0.2312 -0.0424 0.4102 0.4267 0.8049
1305031461.0276 -1.9010 -0.3668 0.2414 -0.0413 0.4129 0.4276 0.8031
1305031461.0917 -1.8980 -0.3796 0.2598 -0.0389 0.4123 0.4268 0.8040
1305031461.1276 -1.8877 -0.3888 0.2655 -0.0417 0.4112 0.4259 0.8049
1305031461.1597 -1.8816 -0.4004 0.2744 -0.0408 0.4131 0.4241 0.8049
1305031461.1920 -1.8796 -0.4029 0.2815 -0.0375 0.4137 0.4193 0.8072
1305031461.2276 -1.8760 -0.4083 0.2882 -0.0375 0.4150 0.4170 0.8077
1305031461.2596 -1.8699 -0.4154 0.2954 -0.0368 0.4152 0.4139 0.8092
1305031461.2917 -1.8658 -0.4173 0.3018 -0.0348 0.4156 0.4079 0.8122
1305031461.3278 -1.8601 -0.4160 0.3068 -0.0333 0.4172 0.4032 0.8138
1305031461.3597 -1.8628 -0.4126 0.3144 -0.0357 0.4216 0.3986 0.8137
1305031461.3917 -1.8504 -0.4229 0.3221 -0.0454 0.4209 0.4010 0.8124
1305031461.4276 -1.8427 -0.4254 0.3255 -0.0463 0.4210 0.3995 0.8130
1305031461.4598 -1.8421 -0.4216 0.3291 -0.0483 0.4214 0.4007 0.8121
1305031461.4917 -1.8243 -0.4346 0.3293 -0.0553 0.4197 0.4044 0.8107
1305031461.5277 -1.8238 -0.4315 0.3293 -0.0490 0.4216 0.4010 0.8118
1305031461.5597 -1.8165 -0.4254 0.3229 -0.0491 0.4210 0.3983 0.8134
1305031461.5917 -1.8135 -0.4240 0.3182 -0.0494 0.4278 0.3941 0.8119
1305031461.6275 -1.8111 -0.4192 0.3161 -0.0512 0.4332 0.3935 0.8093
1305031461.6596 -1.8078 -0.4167 0.3149 -0.0536 0.4379 0.3931 0.8068
1305031461.6916 -1.8088 -0.4099 0.3126 -0.0535 0.4409 0.3978 0.8028
1305031461.7276 -1.8007 -0.4057 0.3076 -0.0564 0.4403 0.4040 0.7998
1305031461.7597 -1.8011 -0.3975 0.3003 -0.0557 0.4416 0.4064 0.7979
1305031461.7916 -1.7989 -0.3874 0.2929 -0.0586 0.4427 0.4108 0.7949
1305031461.8276 -1.7951 -0.3805 0.2866 -0.0607 0.4464 0.4152 0.7903
1305031461.8598 -1.8003 -0.3666 0.2808 -0.0591 0.4508 0.4210 0.7849
1305031461.8917 -1.8052 -0.3559 0.2777 -0.0619 0.4532 0.4319 0.7773
1305031461.9278 -1.8001 -0.3491 0.2742 -0.0699 0.4511 0.4422 0.7721
1305031461.9597 -1.7963 -0.3360 0.2620 -0.0742 0.4523 0.4457 0.7689
1305031461.9916 -1.8104 -0.3227 0.2612 -0.0784 0.4611 0.4507 0.7604
1305031462.0277 -1.8112 -0.3236 0.2667 -0.0904 0.4627 0.4620 0.7512
1305031462.0598 -1.8136 -0.3196 0.2679 -0.0944 0.4593 0.4742 0.7451
1305031462.0918 -1.8141 -0.3114 0.2623 -0.0958 0.4527 0.4866 0.7410
1305031462.1277 -1.8173 -0.3023 0.2571 -0.0976 0.4489 0.4960 0.7369
1305031462.1596 -1.8188 -0.2982 0.2544 -0.1019 0.4466 0.5028 0.7330
1305031462.1916 -1.8247 -0.2895 0.2507 -0.1045 0.4453 0.5028 0.7335
1305031462.2276 -1.8323 -0.2822 0.2494 -0.1100 0.4457 0.5033 0.7321
1305031462.2598 -1.8380 -0.2786 0.2505 -0.1178 0.4447 0.5023 0.7322
1305031462.2916 -1.8455 -0.2716 0.2513 -0.1243 0.4420 0.4988 0.7352
1305031462.3275 -1.8509 -0.2638 0.2493 -0.1318 0.4384 0.4949 0.7386
1305031462.3597 -1.8630 -0.2566 0.2523 -0.1388 0.4384 0.4884 0.7416
1305031462.3917 -1.8760 -0.2488 0.2579 -0.1463 0.4362 0.4834 0.7447
1305031462.4276 -1.8839 -0.2482 0.2660 -0.1587 0.4331 0.4798 0.7464
1305031462.4599 -1.8874 -0.2794 0.2920 -0.1858 0.4377 0.4749 0.7405
1305031462.4920 -1.8843 -0.2695 0.2874 -0.1958 0.4239 0.4747 0.7461
1305031462.5277 -1.8462 -0.2290 0.2641 -0.1899 0.3898 0.4854 0.7592
1305031462.5599 -1.8144 -0.2137 0.2406 -0.1902 0.3636 0.4969 0.7647
1305031462.5919 -1.8219 -0.2131 0.2408 -0.1952 0.3621 0.4882 0.7697
1305031462.6279 -1.8310 -0.2058 0.2375 -0.1965 0.3599 0.4777 0.7769
1305031462.6597 -1.8375 -0.2006 0.2310 -0.1967 0.3576 0.4684 0.7836
1305031462.6925 -1.8374 -0.2122 0.2253 -0.2045 0.3542 0.4631 0.7863
1305031462.7277 -1.8463 -0.2101 0.2179 -0.2059 0.3478 0.4536 0.7943
1305031462.7598 -1.8523 -0.2067 0.2112 -0.2083 0.3407 0.4432 0.8026
1305031462.7919 -1.8564 -0.2074 0.2038 -0.2126 0.3360 0.4368 0.8070
1305031462.8278 -1.8618 -0.2117 0.1914 -0.2187 0.3309 0.4305 0.8108
1305031462.8598 -1.8654 -0.2097 0.1843 -0.2232 0.3279 0.4226 0.8149
1305031462.8918 -1.8648 -0.2052 0.1724 -0.2263 0.3258 0.4176 0.8175
1305031462.9276 -1.8687 -0.2006 0.1611 -0.2260 0.3257 0.4144 0.8192
1305031462.9597 -1.8707 -0.1964 0.1481 -0.2247 0.3229 0.4126 0.8216
1305031462.9955 -1.8737 -0.1864 0.1380 -0.2188 0.3205 0.4091 0.8259
1305031463.0277 -1.8739 -0.1834 0.1218 -0.2138 0.3168 0.4036 0.8313
1305031463.0598 -1.8781 -0.1853 0.1037 -0.2118 0.3124 0.3968 0.8367
1305031463.0958 -1.8823 -0.1768 0.0925 -0.2095 0.3096 0.3878 0.8426
1305031463.1275 -1.8813 -0.1723 0.0811 -0.2065 0.3071 0.3785 0.8484
1305031463.1598 -1.8854 -0.1726 0.0622 -0.2036 0.3065 0.3681 0.8538
1305031463.1957 -1.8853 -0.1734 0.0463 -0.2071 0.3047 0.3610 0.8567
1305031463.2278 -1.8829 -0.1605 0.0377 -0.2036 0.3024 0.3569 0.8601
1305031463.2600 -1.8859 -0.1574 0.0265 -0.1981 0.3051 0.3523 0.8623
1305031463.2957 -1.8831 -0.1585 0.0071 -0.1992 0.3034 0.3468 0.8649
1305031463.3277 -1.8797 -0.1499 -0.0007 -0.1974 0.3001 0.3448 0.8672
1305031463.3598 -1.8816 -0.1526 -0.0100 -0.1936 0.3004 0.3427 0.8688
1305031463.3956 -1.8847 -0.1439 -0.0263 -0.1888 0.2982 0.3353 0.8735
1305031463.4277 -1.8753 -0.1357 -0.0358 -0.1885 0.2942 0.3337 0.8755
1305031463.4598 -1.8771 -0.1377 -0.0457 -0.1899 0.2983 0.3324 0.8744
1305031463.4956 -1.8731 -0.1275 -0.0556 -0.1898 0.3024 0.3285 0.8744
1305031463.5277 -1.8615 -0.1209 -0.0648 -0.1897 0.3076 0.3248 0.8740
1305031463.5598 -1.8565 -0.1159 -0.0783 -0.1860 0.3113 0.3241 0.8738
1305031463.5956 -1.8498 -0.1066 -0.0884 -0.1842 0.3108 0.3231 0.8747
1305031463.6276 -1.8343 -0.1033 -0.0974 -0.1838 0.3098 0.3200 0.8763
1305031463.6598 -1.8260 -0.1030 -0.1119 -0.1768 0.3131 0.3159 0.8780
1305031463.6956 -1.8228 -0.0945 -0.1267 -0.1707 0.3147 0.3107 0.8805
1305031463.7276 -1.8040 -0.0953 -0.1406 -0.1731 0.3127 0.3078 0.8818
1305031463.7597 -1.7836 -0.1025 -0.1593 -0.1705 0.3126 0.3032 0.8839
1305031463.7956 -1.7754 -0.1046 -0.1779 -0.1665 0.3143 0.2923 0.8877
1305031463.8278 -1.7588 -0.1095 -0.1965 -0.1684 0.3119 0.2827 0.8913
1305031463.8599 -1.7426 -0.1198 -0.2138 -0.1693 0.3117 0.2731 0.8942
1305031463.8956 -1.7331 -0.1246 -0.2325 -0.1662 0.3121 0.2638 0.8974
1305031463.9277 -1.7229 -0.1310 -0.2469 -0.1660 0.3103 0.2584 0.8997
1305031463.9597 -1.7088 -0.1411 -0.2618 -0.1658 0.3050 0.2534 0.9029
1305031463.9958 -1.6975 -0.1494 -0.2797 -0.1624 0.3008 0.2472 0.9067
1305031464.0277 -1.6889 -0.1553 -0.2976 -0.1613 0.2967 0.2394 0.9103
1305031464.0597 -1.6732 -0.1669 -0.3131 -0.1627 0.2935 0.2314 0.9132
1305031464.0956 -1.6671 -0.1763 -0.3279 -0.1596 0.2946 0.2216 0.9157
1305031464.1277 -1.6652 -0.1845 -0.3390 -0.1570 0.2947 0.2165 0.9174
1305031464.1598 -1.6588 -0.1992 -0.3463 -0.1539 0.2916 0.2150 0.9193
1305031464.1956 -1.6544 -0.2101 -0.3563 -0.1446 0.2853 0.2109 0.9237
1305031464.2276 -1.6562 -0.2115 -0.3699 -0.1322 0.2765 0.2074 0.9290
1305031464.2596 -1.6571 -0.2121 -0.3826 -0.1240 0.2631 0.2062 0.9343
1305031464.2957 -1.6469 -0.2141 -0.3971 -0.1203 0.2444 0.2037 0.9404
1305031464.3279 -1.6325 -0.2167 -0.4114 -0.1179 0.2290 0.1998 0.9454
1305031464.3597 -1.6175 -0.2237 -0.4239 -0.1145 0.2182 0.1959 0.9492
1305031464.3956 -1.6017 -0.2218 -0.4422 -0.1085 0.2101 0.1883 0.9532
1305031464.4276 -1.5913 -0.2222 -0.4564 -0.1068 0.2080 0.1785 0.9558
1305031464.4597 -1.5827 -0.2305 -0.4686 -0.1057 0.2052 0.1700 0.9580
1305031464.4956 -1.5676 -0.2322 -0.4861 -0.1032 0.2010 0.1643 0.9602
1305031464.5276 -1.5606 -0.2336 -0.5024 -0.1015 0.2005 0.1559 0.9619
1305031464.5597 -1.5448 -0.2398 -0.5183 -0.1048 0.1959 0.1450 0.9642
1305031464.5957 -1.5187 -0.2621 -0.5367 -0.1063 0.1960 0.1351 0.9654
1305031464.6277 -1.5048 -0.2703 -0.5543 -0.0977 0.2059 0.1247 0.9657
1305031464.6597 -1.4923 -0.2769 -0.5668 -0.0898 0.2158 0.1102 0.9660
1305031464.6957 -1.4795 -0.2995 -0.5719 -0.0822 0.2247 0.0925 0.9665
1305031464.7277 -1.4802 -0.2999 -0.5754 -0.0645 0.2310 0.0740 0.9680
1305031464.7597 -1.4761 -0.2923 -0.5834 -0.0516 0.2285 0.0546 0.9706
1305031464.7960 -1.4747 -0.3008 -0.5784 -0.0467 0.2232 0.0367 0.9730
1305031464.8278 -1.4738 -0.3004 -0.5733 -0.0361 0.2110 0.0230 0.9766
1305031464.8597 -1.4622 -0.2882 -0.5797 -0.0279 0.1913 0.0091 0.9811
1305031464.8958 -1.4437 -0.2847 -0.5839 -0.0300 0.1711 -0.0091 0.9848
1305031464.9278 -1.4220 -0.3047 -0.5788 -0.0369 0.1550 -0.0282 0.9868
1305031464.9598 -1.4006 -0.3191 -0.5731 -0.0364 0.1458 -0.0455 0.9876
1305031464.9957 -1.3800 -0.3161 -0.5700 -0.0305 0.1403 -0.0639 0.9876
1305031465.0278 -1.3710 -0.3120 -0.5554 -0.0275 0.1385 -0.0856 0.9863
1305031465.0597 -1.3711 -0.2858 -0.5374 -0.0187 0.1331 -0.1053 0.9853
1305031465.0957 -1.3542 -0.2371 -0.5303 -0.0171 0.1188 -0.1205 0.9854
1305031465.1277 -1.3357 -0.2234 -0.5167 -0.0348 0.1038 -0.1335 0.9850
1305031465.1598 -1.3225 -0.2167 -0.4970 -0.0524 0.0921 -0.1408 0.9844
1305031465.1956 -1.3056 -0.2088 -0.4799 -0.0653 0.0807 -0.1466 0.9837
1305031465.2279 -1.2872 -0.1904 -0.4677 -0.0755 0.0711 -0.1506 0.9831
1305031465.2598 -1.2759 -0.1851 -0.4474 -0.0882 0.0636 -0.1505 0.9826
1305031465.2956 -1.2619 -0.1698 -0.4372 -0.0919 0.0559 -0.1406 0.9842
1305031465.3277 -1.2460 -0.1517 -0.4268 -0.0972 0.0450 -0.1264 0.9862
1305031465.3599 -1.2348 -0.1465 -0.4142 -0.1026 0.0320 -0.1138 0.9877
1305031465.3956 -1.2096 -0.1426 -0.4126 -0.1023 0.0140 -0.1011 0.9895
1305031465.4277 -1.1807 -0.1342 -0.4136 -0.0994 -0.0005 -0.0882 0.9911
1305031465.4601 -1.1577 -0.1192 -0.4177 -0.0952 -0.0109 -0.0736 0.9927
1305031465.4957 -1.1328 -0.1025 -0.4221 -0.0957 -0.0213 -0.0627 0.9932
1305031465.5276 -1.1131 -0.1047 -0.4196 -0.1001 -0.0306 -0.0584 0.9928
1305031465.5598 -1.0884 -0.0969 -0.4251 -0.0942 -0.0397 -0.0515 0.9934
1305031465.5956 -1.0626 -0.0828 -0.4327 -0.0878 -0.0448 -0.0422 0.9942
1305031465.6277 -1.0479 -0.0693 -0.4412 -0.0829 -0.0469 -0.0328 0.9949
1305031465.6601 -1.0301 -0.0581 -0.4480 -0.0789 -0.0553 -0.0239 0.9951
1305031465.6957 -0.9993 -0.0452 -0.4538 -0.0730 -0.0645 -0.0156 0.9951
1305031465.7277 -0.9775 -0.0306 -0.4618 -0.0655 -0.0673 -0.0062 0.9956
1305031465.7598 -0.9552 -0.0119 -0.4705 -0.0575 -0.0714 0.0030 0.9958
1305031465.7959 -0.9297 0.0044 -0.4752 -0.0519 -0.0752 0.0098 0.9958
1305031465.8280 -0.9069 0.0150 -0.4800 -0.0442 -0.0785 0.0158 0.9958
1305031465.8599 -0.8825 0.0414 -0.4890 -0.0314 -0.0806 0.0206 0.9960
1305031465.8955 -0.8549 0.0649 -0.4921 -0.0270 -0.0777 0.0231 0.9963
1305031465.9275 -0.8311 0.0750 -0.4952 -0.0227 -0.0714 0.0243 0.9969
1305031465.9597 -0.8101 0.0945 -0.5038 -0.0113 -0.0642 0.0227 0.9976
1305031465.9958 -0.7970 0.1159 -0.5140 -0.0031 -0.0572 0.0181 0.9982
1305031466.0276 -0.7821 0.1375 -0.5245 0.0036 -0.0549 0.0162 0.9984
1305031466.0598 -0.7686 0.1626 -0.5340 0.0037 -0.0525 0.0168 0.9985
1305031466.0958 -0.7572 0.1787 -0.5434 -0.0009 -0.0532 0.0171 0.9984
1305031466.1276 -0.7427 0.1942 -0.5533 -0.0065 -0.0578 0.0175 0.9982
1305031466.1604 -0.7319 0.2077 -0.5670 -0.0117 -0.0619 0.0196 0.9978
1305031466.1958 -0.7216 0.2237 -0.5819 -0.0184 -0.0695 0.0205 0.9972
1305031466.2280 -0.7035 0.2312 -0.5922 -0.0297 -0.0796 0.0167 0.9962
1305031466.2598 -0.6787 0.2287 -0.6005 -0.0347 -0.0854 0.0102 0.9957
1305031466.2957 -0.6582 0.2374 -0.6144 -0.0315 -0.0825 -0.0015 0.9961
1305031466.3277 -0.6437 0.2463 -0.6319 -0.0305 -0.0730 -0.0117 0.9968
1305031466.3598 -0.6311 0.2511 -0.6462 -0.0359 -0.0645 -0.0187 0.9971
1305031466.3958 -0.6198 0.2416 -0.6567 -0.0391 -0.0613 -0.0234 0.9971
1305031466.4278 -0.6092 0.2510 -0.6735 -0.0316 -0.0628 -0.0276 0.9971
1305031466.4598 -0.5927 0.2610 -0.6869 -0.0311 -0.0683 -0.0312 0.9967
1305031466.4958 -0.5699 0.2657 -0.6946 -0.0355 -0.0737 -0.0312 0.9962
1305031466.5275 -0.5442 0.2671 -0.6990 -0.0382 -0.0741 -0.0311 0.9960
1305031466.5604 -0.5286 0.2775 -0.7104 -0.0389 -0.0695 -0.0335 0.9963
1305031466.5959 -0.5088 0.2860 -0.7165 -0.0465 -0.0696 -0.0365 0.9958
1305031466.6275 -0.4823 0.2761 -0.7139 -0.0556 -0.0703 -0.0401 0.9952
1305031466.6597 -0.4633 0.2791 -0.7199 -0.0493 -0.0679 -0.0456 0.9954
1305031466.6958 -0.4489 0.2948 -0.7303 -0.0457 -0.0679 -0.0536 0.9952
1305031466.7281 -0.4264 0.2973 -0.7300 -0.0521 -0.0724 -0.0623 0.9941
1305031466.7596 -0.4054 0.2902 -0.7275 -0.0518 -0.0741 -0.0701 0.9934
1305031466.7956 -0.3904 0.2995 -0.7375 -0.0437 -0.0752 -0.0757 0.9933
1305031466.8279 -0.3733 0.3063 -0.7434 -0.0454 -0.0798 -0.0784 0.9927
1305031466.8597 -0.3611 0.3035 -0.7420 -0.0484 -0.0851 -0.0775 0.9922
1305031466.8957 -0.3457 0.3047 -0.7498 -0.0450 -0.0971 -0.0774 0.9912
1305031466.9278 -0.3284 0.3046 -0.7573 -0.0451 -0.1110 -0.0781 0.9897
1305031466.9597 -0.3106 0.3028 -0.7600 -0.0449 -0.1207 -0.0784 0.9886
1305031466.9957 -0.2918 0.3025 -0.7666 -0.0441 -0.1260 -0.0807 0.9878
1305031467.0278 -0.2758 0.3026 -0.7714 -0.0436 -0.1302 -0.0844 0.9869
1305031467.0597 -0.2582 0.3025 -0.7767 -0.0434 -0.1332 -0.0877 0.9862
1305031467.0957 -0.2419 0.3038 -0.7813 -0.0451 -0.1350 -0.0922 0.9855
1305031467.1290 -0.2287 0.3047 -0.7810 -0.0439 -0.1388 -0.1022 0.9841
1305031467.1597 -0.2142 0.3051 -0.7845 -0.0418 -0.1425 -0.1094 0.9828
1305031467.1957 -0.2017 0.3058 -0.7889 -0.0405 -0.1473 -0.1134 0.9817
1305031467.2277 -0.1886 0.3069 -0.7920 -0.0393 -0.1542 -0.1183 0.9802
1305031467.2597 -0.1753 0.3086 -0.7952 -0.0368 -0.1594 -0.1229 0.9788
1305031467.2958 -0.1617 0.3100 -0.8013 -0.0341 -0.1647 -0.1287 0.9773
1305031467.3280 -0.1477 0.3110 -0.8082 -0.0328 -0.1703 -0.1327 0.9759
1305031467.3597 -0.1323 0.3145 -0.8153 -0.0351 -0.1769 -0.1337 0.9745
1305031467.3958 -0.1197 0.3174 -0.8196 -0.0393 -0.1834 -0.1381 0.9725
1305031467.4278 -0.1069 0.3185 -0.8214 -0.0400 -0.1891 -0.1409 0.9710
1305031467.4597 -0.0929 0.3200 -0.8294 -0.0398 -0.1955 -0.1418 0.9696
1305031467.4961 -0.0756 0.3226 -0.8387 -0.0431 -0.2025 -0.1460 0.9674
1305031467.5277 -0.0616 0.3268 -0.8392 -0.0458 -0.2056 -0.1516 0.9657
1305031467.5598 -0.0476 0.3254 -0.8376 -0.0453 -0.2072 -0.1535 0.9651
1305031467.5960 -0.0340 0.3253 -0.8406 -0.0455 -0.2089 -0.1518 0.9650
1305031467.6275 -0.0244 0.3194 -0.8342 -0.0445 -0.2139 -0.1482 0.9645
1305031467.6596 -0.0088 0.3215 -0.8345 -0.0369 -0.2194 -0.1442 0.9642
1305031467.6959 0.0024 0.3191 -0.8352 -0.0338 -0.2223 -0.1466 0.9633
1305031467.7275 0.0103 0.3156 -0.8229 -0.0286 -0.2250 -0.1513 0.9621
1305031467.7599 0.0211 0.3144 -0.8156 -0.0214 -0.2276 -0.1526 0.9615
1305031467.7961 0.0291 0.3127 -0.8074 -0.0164 -0.2303 -0.1555 0.9605
1305031467.8278 0.0339 0.3082 -0.7879 -0.0106 -0.2336 -0.1555 0.9598
1305031467.8597 0.0398 0.3040 -0.7735 -0.0029 -0.2382 -0.1517 0.9593
1305031467.8959 0.0444 0.3032 -0.7637 0.0031 -0.2445 -0.1513 0.9578
1305031467.9278 0.0480 0.2971 -0.7430 0.0067 -0.2525 -0.1538 0.9553
1305031467.9598 0.0538 0.2884 -0.7243 0.0133 -0.2584 -0.1543 0.9536
1305031467.9958 0.0630 0.2901 -0.7137 0.0185 -0.2605 -0.1567 0.9525
1305031468.0281 0.0614 0.2810 -0.6871 0.0168 -0.2613 -0.1597 0.9518
1305031468.0598 0.0619 0.2701 -0.6676 0.0218 -0.2638 -0.1620 0.9506
1305031468.0959 0.0682 0.2674 -0.6538 0.0252 -0.2672 -0.1635 0.9493
1305031468.1278 0.0695 0.2561 -0.6302 0.0236 -0.2700 -0.1644 0.9484
1305031468.1599 0.0734 0.2471 -0.6116 0.0263 -0.2723 -0.1675 0.9471
1305031468.1960 0.0781 0.2393 -0.5931 0.0270 -0.2734 -0.1709 0.9462
1305031468.2282 0.0803 0.2253 -0.5728 0.0250 -0.2729 -0.1708 0.9464
1305031468.2598 0.0850 0.2134 -0.5545 0.0251 -0.2717 -0.1694 0.9470
1305031468.2958 0.0865 0.2015 -0.5375 0.0248 -0.2690 -0.1698 0.9477
1305031468.3278 0.0879 0.1819 -0.5197 0.0251 -0.2671 -0.1677 0.9486
1305031468.3598 0.0931 0.1736 -0.5096 0.0296 -0.2640 -0.1634 0.9501
1305031468.3959 0.0953 0.1663 -0.5003 0.0287 -0.2619 -0.1634 0.9507
1305031468.4280 0.0954 0.1417 -0.4889 0.0220 -0.2617 -0.1637 0.9509
1305031468.4598 0.1008 0.1238 -0.4795 0.0201 -0.2630 -0.1611 0.9510
1305031468.4958 0.1032 0.1114 -0.4690 0.0183 -0.2618 -0.1617 0.9513
1305031468.5278 0.0978 0.0880 -0.4605 0.0167 -0.2597 -0.1677 0.9509
1305031468.5597 0.0937 0.0697 -0.4552 0.0230 -0.2598 -0.1757 0.9493
1305031468.5958 0.0944 0.0610 -0.4556 0.0267 -0.2604 -0.1808 0.9480
1305031468.6276 0.0877 0.0469 -0.4477 0.0210 -0.2613 -0.1826 0.9476
1305031468.6596 0.0771 0.0200 -0.4428 0.0165 -0.2641 -0.1840 0.9466
1305031468.6958 0.0706 0.0029 -0.4382 0.0208 -0.2704 -0.1871 0.9442
1305031468.7278 0.0665 -0.0086 -0.4325 0.0254 -0.2769 -0.1874 0.9421
1305031468.7596 0.0624 -0.0217 -0.4260 0.0266 -0.2817 -0.1875 0.9406
1305031468.7958 0.0558 -0.0431 -0.4193 0.0292 -0.2845 -0.1922 0.9388
1305031468.8292 0.0505 -0.0542 -0.4153 0.0379 -0.2867 -0.1974 0.9367
1305031468.8597 0.0534 -0.0577 -0.4079 0.0418 -0.2877 -0.2006 0.9355
1305031468.8959 0.0492 -0.0699 -0.4012 0.0386 -0.2832 -0.2028 0.9366
1305031468.9281 0.0436 -0.0775 -0.3961 0.0346 -0.2771 -0.2004 0.9391
1305031468.9596 0.0400 -0.0780 -0.3955 0.0291 -0.2705 -0.1978 0.9417
1305031468.9957 0.0374 -0.0679 -0.3956 0.0180 -0.2661 -0.2023 0.9423
1305031469.0277 0.0293 -0.0798 -0.3873 -0.0019 -0.2629 -0.2100 0.9417
1305031469.0598 0.0193 -0.0915 -0.3815 -0.0166 -0.2608 -0.2172 0.9405
1305031469.0957 0.0238 -0.0930 -0.3694 -0.0262 -0.2622 -0.2272 0.9375
1305031469.1277 0.0228 -0.1025 -0.3543 -0.0391 -0.2572 -0.2383 0.9357
1305031469.1597 0.0188 -0.1079 -0.3427 -0.0489 -0.2489 -0.2464 0.9354
1305031469.1955 0.0095 -0.1150 -0.3310 -0.0573 -0.2392 -0.2528 0.9357
1305031469.2278 -0.0023 -0.1160 -0.3243 -0.0615 -0.2313 -0.2569 0.9363
1305031469.2596 -0.0047 -0.1150 -0.3123 -0.0658 -0.2293 -0.2611 0.9354
1305031469.2968 -0.0096 -0.1154 -0.3006 -0.0707 -0.2244 -0.2639 0.9354
1305031469.3276 -0.0127 -0.1091 -0.2913 -0.0744 -0.2209 -0.2656 0.9355
1305031469.3596 -0.0091 -0.1111 -0.2730 -0.0817 -0.2186 -0.2703 0.9340
1305031469.3957 -0.0119 -0.1125 -0.2582 -0.0837 -0.2082 -0.2765 0.9345
1305031469.4277 -0.0150 -0.1030 -0.2487 -0.0809 -0.1963 -0.2832 0.9353
1305031469.4597 -0.0229 -0.0938 -0.2376 -0.0802 -0.1857 -0.2911 0.9351
1305031469.4957 -0.0346 -0.0821 -0.2283 -0.0797 -0.1780 -0.2951 0.9353
1305031469.5276 -0.0363 -0.0693 -0.2189 -0.0816 -0.1780 -0.2951 0.9352
1305031469.5596 -0.0364 -0.0593 -0.2063 -0.0874 -0.1792 -0.2952 0.9344
1305031469.5958 -0.0357 -0.0476 -0.1947 -0.0945 -0.1799 -0.2942 0.9339
1305031469.6278 -0.0373 -0.0395 -0.1802 -0.1048 -0.1787 -0.2941 0.9331
1305031469.6596 -0.0452 -0.0312 -0.1674 -0.1117 -0.1734 -0.2948 0.9330
1305031469.6956 -0.0464 -0.0188 -0.1565 -0.1154 -0.1702 -0.2941 0.9334
1305031469.7277 -0.0512 -0.0069 -0.1461 -0.1210 -0.1649 -0.2929 0.9340
1305031469.7596 -0.0568 0.0083 -0.1379 -0.1264 -0.1595 -0.2908 0.9349
1305031469.7956 -0.0685 0.0246 -0.1284 -0.1329 -0.1553 -0.2891 0.9352
1305031469.8275 -0.0746 0.0379 -0.1212 -0.1388 -0.1562 -0.2872 0.9348
1305031469.8596 -0.0836 0.0536 -0.1143 -0.1460 -0.1562 -0.2850 0.9344
1305031469.8958 -0.0936 0.0682 -0.1085 -0.1519 -0.1557 -0.2829 0.9342
1305031469.9279 -0.1075 0.0817 -0.1035 -0.1578 -0.1545 -0.2811 0.9339
1305031469.9598 -0.1174 0.0976 -0.0996 -0.1601 -0.1567 -0.2786 0.9339
1305031469.9956 -0.1272 0.1134 -0.0973 -0.1620 -0.1580 -0.2764 0.9340
1305031470.0277 -0.1375 0.1286 -0.0960 -0.1648 -0.1597 -0.2756 0.9335
1305031470.0596 -0.1484 0.1443 -0.0952 -0.1669 -0.1598 -0.2748 0.9333
1305031470.0959 -0.1592 0.1597 -0.0968 -0.1679 -0.1590 -0.2729 0.9338
1305031470.1276 -0.1697 0.1750 -0.0999 -0.1715 -0.1584 -0.2706 0.9340
1305031470.1596 -0.1838 0.1901 -0.1012 -0.1751 -0.1574 -0.2678 0.9343
1305031470.1961 -0.1955 0.2027 -0.1057 -0.1776 -0.1579 -0.2648 0.9345
1305031470.2276 -0.2065 0.2149 -0.1099 -0.1819 -0.1576 -0.2616 0.9347
1305031470.2600 -0.2186 0.2270 -0.1141 -0.1868 -0.1564 -0.2590 0.9347
1305031470.2957 -0.2306 0.2396 -0.1189 -0.1922 -0.1546 -0.2569 0.9344
1305031470.3276 -0.2439 0.2524 -0.1221 -0.1987 -0.1530 -0.2540 0.9341
1305031470.3596 -0.2579 0.2645 -0.1260 -0.2043 -0.1524 -0.2494 0.9342
1305031470.3958 -0.2708 0.2750 -0.1297 -0.2090 -0.1530 -0.2457 0.9341
1305031470.4276 -0.2837 0.2841 -0.1326 -0.2113 -0.1550 -0.2462 0.9331
1305031470.4597 -0.2964 0.2919 -0.1364 -0.2119 -0.1566 -0.2459 0.9328
1305031470.4957 -0.3078 0.2995 -0.1412 -0.2114 -0.1585 -0.2439 0.9331
1305031470.5277 -0.3186 0.3066 -0.1458 -0.2113 -0.1598 -0.2439 0.9329
1305031470.5597 -0.3267 0.3210 -0.1487 -0.2071 -0.1605 -0.2414 0.9344
1305031470.5958 -0.3362 0.3299 -0.1519 -0.2061 -0.1606 -0.2376 0.9356
1305031470.6277 -0.3437 0.3407 -0.1534 -0.2053 -0.1616 -0.2324 0.9369
1305031470.6597 -0.3539 0.3460 -0.1558 -0.2075 -0.1612 -0.2283 0.9375
1305031470.6956 -0.3639 0.3539 -0.1576 -0.2088 -0.1618 -0.2248 0.9379
1305031470.7277 -0.3752 0.3554 -0.1580 -0.2113 -0.1618 -0.2230 0.9378
1305031470.7597 -0.3762 0.3632 -0.1601 -0.2080 -0.1632 -0.2175 0.9396
1305031470.7956 -0.3941 0.3613 -0.1624 -0.2164 -0.1518 -0.2163 0.9399
1305031470.8278 -0.4038 0.3602 -0.1620 -0.2169 -0.1520 -0.2124 0.9406
1305031470.8596 -0.4117 0.3629 -0.1644 -0.2117 -0.1531 -0.2075 0.9427
1305031470.8957 -0.4204 0.3660 -0.1682 -0.2071 -0.1540 -0.2024 0.9447
1305031470.9277 -0.4282 0.3691 -0.1690 -0.2018 -0.1580 -0.1975 0.9462
1305031470.9596 -0.4333 0.3698 -0.1704 -0.1914 -0.1652 -0.1928 0.9481
1305031470.9960 -0.4379 0.3715 -0.1737 -0.1815 -0.1682 -0.1895 0.9502
1305031471.0276 -0.4429 0.3730 -0.1744 -0.1709 -0.1694 -0.1860 0.9526
1305031471.0596 -0.4499 0.3754 -0.1778 -0.1586 -0.1674 -0.1810 0.9561
1305031471.0958 -0.4571 0.3790 -0.1821 -0.1480 -0.1661 -0.1737 0.9594
1305031471.1277 -0.4629 0.3790 -0.1844 -0.1415 -0.1674 -0.1664 0.9614
1305031471.1596 -0.4677 0.3786 -0.1886 -0.1357 -0.1671 -0.1599 0.9634
1305031471.1957 -0.4725 0.3799 -0.1917 -0.1324 -0.1644 -0.1538 0.9653
1305031471.2276 -0.4800 0.3809 -0.1940 -0.1317 -0.1602 -0.1491 0.9668
1305031471.2597 -0.4867 0.3789 -0.1945 -0.1333 -0.1582 -0.1460 0.9674
1305031471.2961 -0.4917 0.3760 -0.1945 -0.1335 -0.1567 -0.1414 0.9683
1305031471.3276 -0.4938 0.3754 -0.1973 -0.1295 -0.1536 -0.1380 0.9699
1305031471.3596 -0.4970 0.3761 -0.2007 -0.1281 -0.1458 -0.1358 0.9716
1305031471.3957 -0.5057 0.3711 -0.2005 -0.1303 -0.1370 -0.1313 0.9731
1305031471.4277 -0.5136 0.3708 -0.2055 -0.1266 -0.1321 -0.1245 0.9752
1305031471.4596 -0.5173 0.3716 -0.2096 -0.1255 -0.1320 -0.1193 0.9760
1305031471.4965 -0.5213 0.3705 -0.2117 -0.1272 -0.1312 -0.1151 0.9764
1305031471.5276 -0.5258 0.3694 -0.2148 -0.1280 -0.1298 -0.1107 0.9770
1305031471.5597 -0.5272 0.3695 -0.2186 -0.1280 -0.1286 -0.1086 0.9774
1305031471.5957 -0.5293 0.3678 -0.2223 -0.1288 -0.1242 -0.1065 0.9781
1305031471.6276 -0.5319 0.3655 -0.2271 -0.1293 -0.1192 -0.1049 0.9788
1305031471.6596 -0.5346 0.3624 -0.2316 -0.1294 -0.1137 -0.1015 0.9798
1305031471.6956 -0.5364 0.3590 -0.2377 -0.1301 -0.1094 -0.0972 0.9806
1305031471.7275 -0.5385 0.3590 -0.2420 -0.1312 -0.1051 -0.0940 0.9813
1305031471.7597 -0.5391 0.3597 -0.2424 -0.1324 -0.1004 -0.0872 0.9822
1305031471.7958 -0.5396 0.3604 -0.2475 -0.1315 -0.0937 -0.0814 0.9835
1305031471.8276 -0.5409 0.3609 -0.2520 -0.1359 -0.0885 -0.0747 0.9839
1305031471.8597 -0.5426 0.3640 -0.2509 -0.1392 -0.0847 -0.0675 0.9843
1305031471.8956 -0.5454 0.3657 -0.2549 -0.1428 -0.0793 -0.0629 0.9846
1305031471.9277 -0.5475 0.3683 -0.2547 -0.1483 -0.0737 -0.0595 0.9844
1305031471.9596 -0.5492 0.3679 -0.2510 -0.1513 -0.0681 -0.0581 0.9844
1305031471.9956 -0.5544 0.3724 -0.2576 -0.1503 -0.0575 -0.0554 0.9854
1305031472.0276 -0.5577 0.3766 -0.2590 -0.1554 -0.0518 -0.0519 0.9851
1305031472.0597 -0.5619 0.3795 -0.2548 -0.1578 -0.0472 -0.0498 0.9851
1305031472.0956 -0.5649 0.3810 -0.2581 -0.1585 -0.0420 -0.0436 0.9855
1305031472.1276 -0.5686 0.3841 -0.2587 -0.1631 -0.0395 -0.0404 0.9850
1305031472.1596 -0.5749 0.3856 -0.2524 -0.1667 -0.0373 -0.0387 0.9845
1305031472.1957 -0.5814 0.3761 -0.2532 -0.1710 -0.0333 -0.0360 0.9840
1305031472.2276 -0.5821 0.3742 -0.2552 -0.1710 -0.0332 -0.0325 0.9842
1305031472.2638 -0.5800 0.3699 -0.2517 -0.1713 -0.0355 -0.0309 0.9841
1305031472.2957 -0.5679 0.3651 -0.2505 -0.1691 -0.0440 -0.0206 0.9844
1305031472.3277 -0.5543 0.3639 -0.2505 -0.1673 -0.0535 -0.0102 0.9844
1305031472.3636 -0.5354 0.3717 -0.2454 -0.1633 -0.0693 0.0003 0.9841
1305031472.3956 -0.5056 0.3630 -0.2320 -0.1745 -0.0953 0.0214 0.9798
1305031472.4277 -0.5053 0.3604 -0.2311 -0.1731 -0.0987 0.0223 0.9797
1305031472.4636 -0.5038 0.3577 -0.2313 -0.1717 -0.1004 0.0218 0.9798
1305031472.4956 -0.5022 0.3562 -0.2315 -0.1717 -0.0992 0.0211 0.9799
1305031472.5276 -0.5018 0.3501 -0.2282 -0.1738 -0.0977 0.0215 0.9797
1305031472.5636 -0.5006 0.3453 -0.2273 -0.1701 -0.0984 0.0238 0.9802
1305031472.5957 -0.5000 0.3464 -0.2298 -0.1643 -0.0985 0.0268 0.9811
1305031472.6277 -0.4977 0.3436 -0.2283 -0.1650 -0.0998 0.0287 0.9808
1305031472.6636 -0.4953 0.3397 -0.2254 -0.1655 -0.1010 0.0303 0.9806
1305031472.6958 -0.4935 0.3364 -0.2235 -0.1644 -0.1018 0.0318 0.9806
1305031472.7276 -0.4915 0.3333 -0.2217 -0.1624 -0.1029 0.0320 0.9808
1305031472.7636 -0.4891 0.3312 -0.2204 -0.1605 -0.1034 0.0309 0.9811
1305031472.7956 -0.4880 0.3281 -0.2181 -0.1592 -0.1026 0.0293 0.9815
1305031472.8276 -0.4877 0.3262 -0.2165 -0.1568 -0.1015 0.0294 0.9820
1305031472.8636 -0.4887 0.3266 -0.2163 -0.1537 -0.1006 0.0309 0.9825
1305031472.8957 -0.4890 0.3265 -0.2154 -0.1533 -0.1015 0.0333 0.9824
1305031472.9277 -0.4871 0.3242 -0.2128 -0.1547 -0.1033 0.0350 0.9819
1305031472.9638 -0.4871 0.3250 -0.2124 -0.1535 -0.1027 0.0363 0.9821
1305031472.9957 -0.4883 0.3246 -0.2113 -0.1543 -0.1030 0.0370 0.9819
1305031473.0276 -0.4877 0.3245 -0.2103 -0.1548 -0.1048 0.0372 0.9817
1305031473.0637 -0.4864 0.3228 -0.2084 -0.1563 -0.1062 0.0360 0.9813
1305031473.0957 -0.4860 0.3228 -0.2080 -0.1552 -0.1056 0.0340 0.9816
1305031473.1277 -0.4874 0.3218 -0.2073 -0.1556 -0.1039 0.0324 0.9818
1305031473.1671 -0.4885 0.3202 -0.2069 -0.1553 -0.1040 0.0321 0.9819
1305031473.1961 -0.4875 0.3196 -0.2070 -0.1541 -0.1050 0.0323 0.9819
