1305031453.3917 0.0000 0.0000 0.0000 0.0000 0.0000 0.0000 1.0000
1305031453.5237 0.0073 0.0144 -0.0435 0.0151 0.0237 0.0352 0.9990
1305031453.6277 0.0058 0.0285 -0.0912 0.0343 0.0299 0.0484 0.9978
1305031453.6917 -0.0047 0.0464 -0.1295 0.0487 0.0213 0.0442 0.9976
1305031453.8278 -0.0296 0.0648 -0.1724 0.0604 -0.0095 0.0195 0.9979
1305031453.9277 -0.0601 0.0779 -0.1970 0.0586 -0.0556 0.0045 0.9967
1305031453.9596 -0.0596 0.0765 -0.1959 0.0562 -0.0735 -0.0003 0.9957
1305031453.9916 -0.0682 0.0768 -0.1953 0.0556 -0.0861 -0.0092 0.9947
1305031454.0277 -0.0848 0.0852 -0.1935 0.0593 -0.0969 -0.0147 0.9934
1305031454.0597 -0.0999 0.0943 -0.1949 0.0628 -0.1057 -0.0210 0.9922
1305031454.0917 -0.1198 0.1029 -0.1834 0.0665 -0.1142 -0.0287 0.9908
1305031454.1277 -0.1391 0.1110 -0.1764 0.0724 -0.1250 -0.0384 0.9888
1305031454.1597 -0.1578 0.1183 -0.1782 0.0746 -0.1359 -0.0463 0.9868
1305031454.1917 -0.1709 0.1196 -0.1727 0.0743 -0.1512 -0.0558 0.9841
1305031454.2277 -0.1928 0.1282 -0.1655 0.0802 -0.1639 -0.0715 0.9806
1305031454.2596 -0.1945 0.1247 -0.1743 0.0807 -0.1781 -0.0833 0.9772
1305031454.2916 -0.2067 0.1284 -0.1748 0.0807 -0.1850 -0.0933 0.9750
1305031454.3277 -0.2172 0.1285 -0.1730 0.0807 -0.1947 -0.1024 0.9722
1305031454.3596 -0.2271 0.1332 -0.1825 0.0862 -0.2034 -0.1153 0.9685
1305031454.3917 -0.2369 0.1394 -0.1854 0.0878 -0.2114 -0.1238 0.9655
1305031454.4275 -0.2491 0.1432 -0.1911 0.0888 -0.2206 -0.1334 0.9621
1305031454.4599 -0.2605 0.1459 -0.1935 0.0908 -0.2290 -0.1450 0.9583
1305031454.4916 -0.2641 0.1502 -0.1908 0.0934 -0.2348 -0.1586 0.9545
1305031454.5277 -0.2695 0.1572 -0.1886 0.0948 -0.2417 -0.1729 0.9501
1305031454.5596 -0.2753 0.1616 -0.1842 0.0931 -0.2494 -0.1829 0.9464
1305031454.5916 -0.2862 0.1670 -0.1866 0.0920 -0.2578 -0.1957 0.9417
1305031454.6276 -0.2961 0.1689 -0.1869 0.0893 -0.2688 -0.2048 0.9369
1305031454.6595 -0.3050 0.1826 -0.1811 0.0887 -0.2797 -0.2089 0.9329
1305031454.6919 -0.3159 0.1891 -0.1787 0.0841 -0.2918 -0.2126 0.9288
1305031454.7277 -0.3177 0.1950 -0.1846 0.0826 -0.3035 -0.2178 0.9239
1305031454.7597 -0.3194 0.2014 -0.1742 0.0803 -0.3104 -0.2142 0.9227
1305031454.7916 -0.3202 0.2058 -0.1663 0.0763 -0.3138 -0.2078 0.9233
1305031454.8276 -0.3171 0.2114 -0.1666 0.0729 -0.3150 -0.2024 0.9244
1305031454.8596 -0.3161 0.2095 -0.1607 0.0656 -0.3153 -0.1983 0.9257
1305031454.8918 -0.3159 0.2073 -0.1639 0.0583 -0.3109 -0.1926 0.9289
1305031454.9276 -0.3146 0.2145 -0.1630 0.0549 -0.3081 -0.1860 0.9314
1305031454.9596 -0.3166 0.2201 -0.1651 0.0527 -0.3045 -0.1826 0.9334
1305031454.9919 -0.3192 0.2211 -0.1686 0.0489 -0.3024 -0.1787 0.9350
1305031455.0278 -0.3210 0.2268 -0.1713 0.0488 -0.3014 -0.1766 0.9357
1305031455.0596 -0.3231 0.2294 -0.1718 0.0470 -0.3000 -0.1744 0.9367
1305031455.0917 -0.3260 0.2320 -0.1764 0.0477 -0.2974 -0.1745 0.9375
1305031455.1277 -0.3307 0.2403 -0.1814 0.0498 -0.2934 -0.1739 0.9387
1305031455.1597 -0.3394 0.2467 -0.1881 0.0493 -0.2884 -0.1715 0.9407
1305031455.1917 -0.3441 0.2492 -0.1864 0.0458 -0.2881 -0.1668 0.9419
1305031455.2276 -0.3489 0.2504 -0.1901 0.0444 -0.2863 -0.1636 0.9430
1305031455.2596 -0.3525 0.2599 -0.1946 0.0441 -0.2833 -0.1591 0.9447
1305031455.2918 -0.3582 0.2524 -0.1932 0.0302 -0.2822 -0.1493 0.9472
1305031455.3278 -0.3679 0.2588 -0.2031 0.0254 -0.2790 -0.1406 0.9496
1305031455.3596 -0.3748 0.2695 -0.1963 0.0190 -0.2794 -0.1302 0.9511
1305031455.3917 -0.3816 0.2650 -0.1939 0.0046 -0.2764 -0.1209 0.9534
1305031455.4276 -0.3937 0.2686 -0.2014 -0.0009 -0.2703 -0.1133 0.9561
1305031455.4596 -0.4089 0.2699 -0.2120 -0.0040 -0.2645 -0.1085 0.9582
1305031455.4916 -0.4213 0.2714 -0.2218 -0.0080 -0.2601 -0.1012 0.9602
1305031455.5276 -0.4374 0.2685 -0.2335 -0.0131 -0.2553 -0.0925 0.9623
1305031455.5597 -0.4593 0.2760 -0.2479 -0.0128 -0.2526 -0.0823 0.9640
1305031455.5916 -0.4742 0.2785 -0.2638 -0.0152 -0.2522 -0.0722 0.9649
1305031455.6276 -0.4927 0.2768 -0.2744 -0.0188 -0.2482 -0.0648 0.9664
1305031455.6596 -0.5029 0.2729 -0.2841 -0.0184 -0.2468 -0.0596 0.9670
1305031455.6916 -0.5182 0.2746 -0.3011 -0.0151 -0.2425 -0.0611 0.9681
1305031455.7276 -0.5269 0.2739 -0.3076 -0.0136 -0.2406 -0.0638 0.9684
1305031455.7597 -0.5327 0.2729 -0.3134 -0.0128 -0.2382 -0.0654 0.9689
1305031455.7917 -0.5383 0.2666 -0.3217 -0.0129 -0.2357 -0.0643 0.9696
1305031455.8276 -0.5451 0.2645 -0.3340 -0.0116 -0.2339 -0.0636 0.9701
1305031455.8595 -0.5530 0.2630 -0.3431 -0.0112 -0.2325 -0.0640 0.9704
1305031455.8917 -0.5570 0.2597 -0.3524 -0.0113 -0.2310 -0.0647 0.9707
1305031455.9280 -0.5628 0.2563 -0.3607 -0.0122 -0.2288 -0.0650 0.9712
1305031455.9597 -0.5666 0.2558 -0.3675 -0.0112 -0.2270 -0.0667 0.9715
1305031455.9917 -0.5702 0.2542 -0.3714 -0.0123 -0.2250 -0.0678 0.9719
1305031456.0278 -0.5765 0.2581 -0.3780 -0.0144 -0.2204 -0.0711 0.9727
1305031456.0597 -0.5868 0.2456 -0.3812 -0.0236 -0.2163 -0.0782 0.9729
1305031456.0917 -0.5942 0.2402 -0.3849 -0.0269 -0.2133 -0.0814 0.9732
1305031456.1276 -0.5980 0.2376 -0.3887 -0.0273 -0.2111 -0.0818 0.9736
1305031456.1597 -0.6014 0.2357 -0.3895 -0.0271 -0.2085 -0.0822 0.9742
1305031456.1917 -0.6061 0.2169 -0.4005 -0.0277 -0.2022 -0.0814 0.9756
1305031456.2277 -0.6095 0.2209 -0.4071 -0.0245 -0.1953 -0.0793 0.9772
1305031456.2917 -0.6190 0.1998 -0.4046 -0.0288 -0.1778 -0.0728 0.9809
1305031456.3277 -0.6233 0.1909 -0.4085 -0.0280 -0.1693 -0.0664 0.9829
1305031456.3916 -0.6313 0.1719 -0.4013 -0.0305 -0.1510 -0.0557 0.9865
1305031456.4277 -0.6347 0.1665 -0.3982 -0.0281 -0.1451 -0.0456 0.9880
1305031456.4917 -0.6768 0.1834 -0.3962 -0.0293 -0.1345 -0.0335 0.9899
1305031456.5276 -0.6997 0.1917 -0.3901 -0.0301 -0.1317 -0.0294 0.9904
1305031456.5917 -0.7211 0.2055 -0.3781 -0.0274 -0.1275 -0.0210 0.9912
1305031456.6276 -0.7277 0.2167 -0.3703 -0.0393 -0.1249 -0.0163 0.9913
1305031456.6916 -0.7642 0.1994 -0.3508 -0.0540 -0.1143 -0.0040 0.9920
1305031456.7916 -0.8225 0.2042 -0.3313 -0.0609 -0.1184 0.0172 0.9909
1305031457.0276 -0.9008 0.2329 -0.2809 -0.0748 -0.1015 0.0535 0.9906
1305031457.1917 -0.9556 0.2345 -0.2911 -0.0891 -0.0714 0.0798 0.9903
1305031457.3275 -0.9990 0.2271 -0.3241 -0.0820 -0.0393 0.1030 0.9905
1305031457.4276 -1.0390 0.2158 -0.3554 -0.0757 -0.0079 0.1226 0.9895
1305031457.5276 -1.0679 0.1901 -0.3924 -0.0743 -0.0007 0.1372 0.9878
1305031457.5917 -1.0912 0.1916 -0.4148 -0.0650 0.0088 0.1451 0.9872
1305031457.6596 -1.1214 0.1778 -0.4356 -0.0640 0.0165 0.1506 0.9864
1305031457.7277 -1.1465 0.1426 -0.4490 -0.0762 0.0205 0.1507 0.9854
1305031457.7916 -1.1547 0.1215 -0.4586 -0.0661 0.0249 0.1500 0.9862
1305031457.8277 -1.1626 0.1305 -0.4758 -0.0518 0.0308 0.1523 0.9865
1305031457.8916 -1.1877 0.1082 -0.4840 -0.0420 0.0477 0.1525 0.9863
1305031457.9276 -1.2024 0.1039 -0.4915 -0.0282 0.0536 0.1555 0.9860
1305031457.9916 -1.2349 0.0902 -0.4925 -0.0146 0.0596 0.1606 0.9851
1305031458.0278 -1.2387 0.0853 -0.4967 -0.0044 0.0623 0.1641 0.9845
1305031458.0597 -1.2526 0.0968 -0.5028 0.0077 0.0669 0.1662 0.9838
1305031458.1276 -1.2681 0.0848 -0.4999 0.0047 0.0718 0.1678 0.9832
1305031458.1596 -1.2785 0.0788 -0.4994 0.0052 0.0738 0.1691 0.9828
1305031458.1916 -1.2985 0.0748 -0.4899 0.0054 0.0758 0.1734 0.9819
1305031458.2276 -1.3116 0.0579 -0.4692 -0.0044 0.0747 0.1727 0.9821
1305031458.2599 -1.3353 0.0394 -0.4599 -0.0068 0.0755 0.1691 0.9827
1305031458.2917 -1.3609 0.0195 -0.4567 -0.0030 0.0747 0.1714 0.9824
1305031458.3276 -1.3778 0.0198 -0.4423 0.0008 0.0690 0.1726 0.9826
1305031458.3596 -1.3867 -0.0054 -0.4267 0.0030 0.0660 0.1760 0.9822
1305031458.3916 -1.4107 0.0066 -0.4147 0.0196 0.0663 0.1808 0.9811
1305031458.4276 -1.4184 0.0123 -0.3970 0.0292 0.0659 0.1909 0.9790
1305031458.4596 -1.4123 0.0032 -0.3912 0.0389 0.0672 0.1974 0.9773
1305031458.4917 -1.4003 -0.0110 -0.3833 0.0524 0.0711 0.1983 0.9762
1305031458.5277 -1.4109 -0.0064 -0.3862 0.0693 0.0795 0.1980 0.9745
1305031458.5596 -1.4238 -0.0051 -0.3783 0.0740 0.0875 0.1948 0.9741
1305031458.5916 -1.4468 -0.0042 -0.3719 0.0827 0.0967 0.1860 0.9743
1305031458.6277 -1.4587 0.0123 -0.3488 0.0891 0.0981 0.1835 0.9740
1305031458.6596 -1.4771 0.0054 -0.3420 0.0822 0.0956 0.1848 0.9747
1305031458.6917 -1.4930 -0.0005 -0.3216 0.0768 0.0845 0.1748 0.9780
1305031458.7276 -1.4917 0.0006 -0.3033 0.0789 0.0694 0.1696 0.9799
1305031458.7599 -1.5033 -0.0019 -0.2946 0.0833 0.0567 0.1624 0.9816
1305031458.7916 -1.5048 0.0020 -0.2782 0.0846 0.0417 0.1551 0.9834
1305031458.8276 -1.4973 -0.0028 -0.2535 0.0788 0.0311 0.1539 0.9844
1305031458.8917 -1.5041 -0.0078 -0.2325 0.0855 0.0305 0.1411 0.9858
1305031458.9276 -1.5093 -0.0044 -0.2303 0.0855 0.0345 0.1434 0.9854
1305031458.9596 -1.5073 -0.0132 -0.2207 0.0754 0.0357 0.1538 0.9846
1305031458.9916 -1.5139 -0.0317 -0.2195 0.0730 0.0395 0.1571 0.9841
1305031459.0277 -1.5489 -0.0284 -0.2117 0.0869 0.0452 0.1526 0.9834
1305031459.0596 -1.5667 -0.0380 -0.2042 0.0929 0.0392 0.1631 0.9814
1305031459.1276 -1.5705 0.0230 -0.1546 0.1092 0.0426 0.1479 0.9820
1305031459.1596 -1.5831 0.0260 -0.1462 0.1187 0.0167 0.1473 0.9818
1305031459.1917 -1.5951 0.0273 -0.1372 0.1251 -0.0014 0.1503 0.9807
1305031459.2276 -1.6021 0.0313 -0.1273 0.1292 -0.0148 0.1573 0.9789
1305031459.2598 -1.6058 0.0345 -0.1133 0.1295 -0.0171 0.1635 0.9779
1305031459.3276 -1.6142 0.0410 -0.0819 0.1247 0.0112 0.1911 0.9736
1305031459.3597 -1.6221 0.0471 -0.0729 0.1267 0.0328 0.2064 0.9697
1305031459.3917 -1.6356 0.0643 -0.0644 0.1240 0.0593 0.2299 0.9635
1305031459.4276 -1.6263 0.0717 -0.0552 0.1094 0.0860 0.2628 0.9548
1305031459.4597 -1.6403 0.0737 -0.0575 0.1047 0.1205 0.3020 0.9398
1305031459.5276 -1.6617 0.0915 -0.0449 0.0861 0.1592 0.3634 0.9139
1305031459.5596 -1.6732 0.0781 -0.0489 0.0751 0.1726 0.3867 0.9028
1305031459.5917 -1.6830 0.0777 -0.0465 0.0719 0.1761 0.4061 0.8938
1305031459.6276 -1.6863 0.0734 -0.0437 0.0667 0.1752 0.4188 0.8885
1305031459.6596 -1.6923 0.0746 -0.0398 0.0673 0.1793 0.4188 0.8877
1305031459.6916 -1.7083 0.0675 -0.0389 0.0623 0.1906 0.4234 0.8835
1305031459.7276 -1.7138 0.0515 -0.0390 0.0544 0.1963 0.4259 0.8815
1305031459.7917 -1.7401 0.0169 -0.0411 0.0508 0.2047 0.4239 0.8808
1305031459.8277 -1.7538 0.0004 -0.0347 0.0492 0.2072 0.4236 0.8805
1305031459.8597 -1.7741 -0.0178 -0.0289 0.0461 0.2098 0.4224 0.8806
1305031459.8916 -1.7788 -0.0389 -0.0228 0.0400 0.2060 0.4268 0.8797
1305031459.9276 -1.7882 -0.0556 -0.0155 0.0386 0.2055 0.4285 0.8790
1305031459.9917 -1.8052 -0.0889 -0.0011 0.0328 0.2044 0.4371 0.8753
1305031460.0276 -1.8120 -0.1008 0.0069 0.0323 0.2059 0.4389 0.8740
1305031460.0597 -1.8226 -0.1181 0.0133 0.0316 0.2085 0.4409 0.8724
1305031460.0917 -1.8338 -0.1441 0.0154 0.0297 0.2064 0.4467 0.8700
1305031460.1277 -1.8383 -0.1535 0.0219 0.0355 0.1976 0.4516 0.8694
1305031460.1597 -1.8489 -0.1640 0.0280 0.0418 0.1915 0.4553 0.8685
1305031460.1916 -1.8509 -0.1729 0.0408 0.0421 0.1864 0.4605 0.8669
1305031460.2278 -1.8529 -0.1742 0.0478 0.0442 0.1872 0.4606 0.8665
1305031460.2917 -1.8579 -0.1898 0.0585 0.0480 0.2036 0.4593 0.8633
1305031460.3275 -1.8627 -0.1954 0.0598 0.0502 0.2101 0.4605 0.8610
1305031460.3916 -1.8696 -0.1987 0.0758 0.0492 0.2294 0.4621 0.8552
1305031460.4275 -1.8727 -0.2041 0.0782 0.0483 0.2374 0.4651 0.8515
1305031460.4596 -1.8691 -0.1983 0.0799 0.0472 0.2456 0.4665 0.8484
1305031460.4915 -1.8750 -0.2079 0.0816 0.0397 0.2603 0.4708 0.8420
1305031460.5276 -1.8771 -0.2234 0.0830 0.0299 0.2725 0.4781 0.8344
1305031460.5596 -1.8759 -0.2308 0.0854 0.0244 0.2797 0.4812 0.8304
1305031460.5919 -1.8794 -0.2361 0.0903 0.0219 0.2871 0.4807 0.8283
1305031460.6276 -1.8831 -0.2405 0.0941 0.0210 0.2932 0.4815 0.8257
1305031460.6598 -1.8889 -0.2476 0.0996 0.0200 0.2998 0.4799 0.8243
1305031460.6917 -1.8915 -0.2537 0.1025 0.0179 0.3023 0.4806 0.8230
1305031460.7277 -1.8920 -0.2573 0.1049 0.0161 0.3029 0.4808 0.8227
1305031460.7597 -1.8923 -0.2628 0.1084 0.0142 0.3057 0.4792 0.8226
1305031460.7917 -1.8957 -0.2721 0.1115 0.0118 0.3089 0.4790 0.8216
1305031460.8277 -1.8973 -0.2792 0.1188 0.0086 0.3109 0.4779 0.8215
1305031460.8597 -1.8966 -0.2829 0.1219 0.0057 0.3124 0.4767 0.8217
1305031460.8918 -1.8956 -0.2894 0.1249 0.0017 0.3142 0.4756 0.8216
1305031460.9276 -1.8965 -0.2979 0.1309 -0.0017 0.3162 0.4757 0.8208
1305031460.9917 -1.8837 -0.3167 0.1407 -0.0059 0.3178 0.4791 0.8182
1305031461.0276 -1.8854 -0.3245 0.1489 -0.0050 0.3210 0.4789 0.8170
1305031461.0917 -1.8916 -0.3356 0.1670 -0.0004 0.3217 0.4766 0.8181
1305031461.1276 -1.8863 -0.3379 0.1746 -0.0009 0.3217 0.4754 0.8188
1305031461.1597 -1.8851 -0.3476 0.1846 0.0000 0.3255 0.4738 0.8183
1305031461.1920 -1.8876 -0.3529 0.1906 0.0012 0.3283 0.4690 0.8199
1305031461.2276 -1.8873 -0.3567 0.1962 0.0016 0.3297 0.4679 0.8200
1305031461.2596 -1.8866 -0.3583 0.2026 0.0038 0.3307 0.4646 0.8215
1305031461.2917 -1.8819 -0.3630 0.2065 0.0034 0.3313 0.4592 0.8242
1305031461.3278 -1.8819 -0.3610 0.2114 0.0057 0.3335 0.4549 0.8257
1305031461.3597 -1.8831 -0.3586 0.2163 0.0047 0.3362 0.4525 0.8260
1305031461.3917 -1.8761 -0.3650 0.2204 -0.0011 0.3355 0.4530 0.8260
1305031461.4276 -1.8723 -0.3636 0.2229 -0.0003 0.3355 0.4519 0.8266
1305031461.4598 -1.8722 -0.3673 0.2267 -0.0040 0.3364 0.4521 0.8261
1305031461.4917 -1.8639 -0.3688 0.2266 -0.0056 0.3350 0.4536 0.8258
1305031461.5277 -1.8686 -0.3620 0.2289 0.0017 0.3379 0.4498 0.8268
1305031461.5597 -1.8641 -0.3540 0.2274 0.0030 0.3375 0.4471 0.8284
1305031461.5917 -1.8574 -0.3468 0.2107 0.0016 0.3390 0.4436 0.8296
1305031461.6275 -1.8558 -0.3386 0.2110 0.0008 0.3440 0.4427 0.8281
1305031461.6596 -1.8548 -0.3312 0.2113 0.0002 0.3484 0.4409 0.8272
1305031461.6916 -1.8574 -0.3292 0.2174 -0.0012 0.3542 0.4450 0.8225
1305031461.7276 -1.8523 -0.3205 0.2196 -0.0014 0.3544 0.4479 0.8209
1305031461.7597 -1.8529 -0.3131 0.2174 -0.0013 0.3570 0.4483 0.8195
1305031461.7916 -1.8475 -0.3091 0.2117 -0.0065 0.3588 0.4543 0.8153
1305031461.8276 -1.8460 -0.3015 0.2066 -0.0087 0.3641 0.4570 0.8115
1305031461.8598 -1.8495 -0.2886 0.2067 -0.0082 0.3696 0.4618 0.8063
1305031461.8917 -1.8502 -0.2740 0.2117 -0.0110 0.3722 0.4751 0.7972
1305031461.9278 -1.8414 -0.2642 0.2179 -0.0176 0.3698 0.4867 0.7913
1305031461.9597 -1.8360 -0.2494 0.2079 -0.0229 0.3718 0.4885 0.7891
1305031461.9916 -1.8476 -0.2339 0.2133 -0.0294 0.3808 0.4940 0.7811
1305031462.0277 -1.8507 -0.2389 0.2281 -0.0435 0.3856 0.5039 0.7717
1305031462.0598 -1.8512 -0.2295 0.2283 -0.0470 0.3783 0.5159 0.7672
1305031462.0918 -1.8488 -0.2177 0.2240 -0.0477 0.3692 0.5296 0.7622
1305031462.1277 -1.8446 -0.2058 0.2220 -0.0498 0.3622 0.5413 0.7571
1305031462.1596 -1.8485 -0.1857 0.2177 -0.0462 0.3553 0.5481 0.7557
1305031462.1916 -1.8541 -0.1724 0.2261 -0.0459 0.3571 0.5447 0.7574
1305031462.2276 -1.8603 -0.1573 0.2227 -0.0489 0.3530 0.5438 0.7598
1305031462.2598 -1.8641 -0.1578 0.2272 -0.0584 0.3536 0.5404 0.7612
1305031462.2916 -1.8718 -0.1523 0.2340 -0.0656 0.3535 0.5343 0.7650
1305031462.3597 -1.8849 -0.1262 0.2417 -0.0734 0.3485 0.5225 0.7747
1305031462.4599 -1.9185 -0.0792 0.2653 -0.0842 0.3322 0.5077 0.7904
1305031462.6925 -1.9614 -0.0641 0.2841 -0.1167 0.3149 0.4469 0.8292
1305031462.8598 -1.9599 -0.0615 0.2664 -0.1492 0.2855 0.4105 0.8531
1305031462.9597 -1.9499 -0.0530 0.2424 -0.1577 0.2788 0.3957 0.8607
1305031463.0598 -1.9492 -0.0350 0.2000 -0.1432 0.2675 0.3782 0.8746
1305031463.1598 -1.9448 0.0004 0.1642 -0.1275 0.2590 0.3514 0.8906
1305031463.2600 -1.9287 0.0271 0.1327 -0.1209 0.2544 0.3375 0.8982
1305031463.3598 -1.9130 0.0513 0.1009 -0.1103 0.2455 0.3273 0.9058
1305031463.4598 -1.8861 0.0834 0.0680 -0.1021 0.2378 0.3213 0.9109
1305031463.5598 -1.8580 0.1100 0.0396 -0.0987 0.2484 0.3155 0.9105
1305031463.6598 -1.8153 0.1299 0.0020 -0.0873 0.2432 0.3100 0.9149
1305031463.7276 -1.7901 0.1313 -0.0323 -0.0882 0.2419 0.3011 0.9182
1305031463.7597 -1.7725 0.1273 -0.0527 -0.0846 0.2429 0.2917 0.9213
1305031463.7956 -1.7554 0.1190 -0.0811 -0.0846 0.2407 0.2826 0.9247
1305031463.8599 -1.7217 0.1093 -0.1173 -0.0854 0.2399 0.2632 0.9305
1305031463.8956 -1.7123 0.1100 -0.1439 -0.0795 0.2389 0.2517 0.9345
1305031463.9597 -1.6825 0.0965 -0.1764 -0.0794 0.2305 0.2398 0.9397
1305031463.9958 -1.6807 0.0942 -0.1912 -0.0724 0.2307 0.2317 0.9423
1305031464.0597 -1.6553 0.0831 -0.2219 -0.0713 0.2252 0.2132 0.9480
1305031464.0956 -1.6504 0.0678 -0.2422 -0.0697 0.2268 0.2015 0.9503
1305031464.1277 -1.6567 0.0658 -0.2507 -0.0660 0.2297 0.1945 0.9513
1305031464.1598 -1.6498 0.0522 -0.2600 -0.0628 0.2273 0.1925 0.9525
1305031464.1956 -1.6443 0.0443 -0.2711 -0.0522 0.2223 0.1881 0.9552
1305031464.2276 -1.6487 0.0574 -0.2877 -0.0352 0.2136 0.1783 0.9599
1305031464.2596 -1.6541 0.0543 -0.2939 -0.0301 0.2013 0.1779 0.9628
1305031464.2957 -1.6550 0.0576 -0.2926 -0.0257 0.1879 0.1731 0.9665
1305031464.3279 -1.6329 0.0613 -0.3055 -0.0233 0.1701 0.1686 0.9706
1305031464.3597 -1.6264 0.0574 -0.3173 -0.0204 0.1629 0.1633 0.9728
1305031464.3956 -1.6182 0.0581 -0.3263 -0.0162 0.1592 0.1514 0.9754
1305031464.4276 -1.6132 0.0593 -0.3430 -0.0146 0.1588 0.1440 0.9766
1305031464.4597 -1.6127 0.0495 -0.3571 -0.0146 0.1589 0.1360 0.9778
1305031464.4956 -1.6049 0.0489 -0.3677 -0.0132 0.1572 0.1297 0.9789
1305031464.5276 -1.6058 0.0426 -0.3901 -0.0136 0.1588 0.1225 0.9796
1305031464.5597 -1.5885 0.0412 -0.4015 -0.0153 0.1550 0.1155 0.9810
1305031464.5957 -1.5705 0.0294 -0.4282 -0.0142 0.1565 0.1005 0.9825
1305031464.6277 -1.5530 0.0208 -0.4506 -0.0037 0.1661 0.0948 0.9815
1305031464.6597 -1.5433 0.0074 -0.4680 0.0043 0.1778 0.0846 0.9804
1305031464.6957 -1.5190 -0.0073 -0.4987 0.0154 0.1828 0.0726 0.9804
1305031464.7277 -1.5168 -0.0044 -0.4989 0.0348 0.1888 0.0535 0.9799
1305031464.7597 -1.5156 -0.0047 -0.5064 0.0468 0.1889 0.0365 0.9802
1305031464.7960 -1.5182 -0.0140 -0.5150 0.0514 0.1847 0.0167 0.9813
1305031464.8278 -1.5216 -0.0030 -0.5066 0.0657 0.1739 0.0014 0.9826
1305031464.8597 -1.5251 0.0189 -0.5021 0.0761 0.1595 -0.0169 0.9841
1305031464.8958 -1.5157 0.0094 -0.4972 0.0714 0.1440 -0.0340 0.9864
1305031464.9278 -1.4875 -0.0107 -0.5025 0.0656 0.1278 -0.0530 0.9882
1305031464.9598 -1.4791 -0.0224 -0.5016 0.0665 0.1233 -0.0695 0.9877
1305031464.9957 -1.4751 -0.0107 -0.4887 0.0748 0.1238 -0.0893 0.9854
1305031465.0278 -1.4749 -0.0069 -0.4817 0.0783 0.1255 -0.1078 0.9831
1305031465.0597 -1.4759 0.0126 -0.4567 0.0864 0.1230 -0.1275 0.9804
1305031465.0957 -1.4547 0.0469 -0.4507 0.0859 0.1094 -0.1422 0.9800
1305031465.1277 -1.4348 0.0600 -0.4171 0.0704 0.0973 -0.1551 0.9806
1305031465.1598 -1.4196 0.0629 -0.3947 0.0531 0.0856 -0.1620 0.9816
1305031465.1956 -1.4004 0.0532 -0.3728 0.0369 0.0741 -0.1713 0.9817
1305031465.2279 -1.3830 0.0565 -0.3501 0.0234 0.0666 -0.1769 0.9817
1305031465.2598 -1.3631 0.0472 -0.3265 0.0082 0.0565 -0.1752 0.9829
1305031465.3277 -1.3431 0.0742 -0.2948 -0.0020 0.0400 -0.1562 0.9869
1305031465.3956 -1.3057 0.0814 -0.2669 -0.0064 0.0067 -0.1341 0.9909
1305031465.4277 -1.2810 0.0804 -0.2697 -0.0060 -0.0061 -0.1245 0.9922
1305031465.4601 -1.2668 0.0897 -0.2716 -0.0032 -0.0138 -0.1154 0.9932
1305031465.4957 -1.2489 0.0997 -0.2708 -0.0053 -0.0214 -0.1043 0.9943
1305031465.5276 -1.2364 0.0975 -0.2705 -0.0076 -0.0276 -0.1017 0.9944
1305031465.5598 -1.2173 0.1055 -0.2735 -0.0022 -0.0348 -0.0972 0.9947
1305031465.5956 -1.1998 0.1106 -0.2778 0.0006 -0.0388 -0.0913 0.9951
1305031465.6277 -1.1894 0.1191 -0.2787 0.0038 -0.0413 -0.0852 0.9955
1305031465.6601 -1.1790 0.1226 -0.2806 0.0053 -0.0470 -0.0802 0.9957
1305031465.6957 -1.1581 0.1326 -0.2806 0.0101 -0.0540 -0.0753 0.9956
1305031465.7277 -1.1412 0.1439 -0.2827 0.0160 -0.0572 -0.0687 0.9959
1305031465.7598 -1.1278 0.1556 -0.2858 0.0213 -0.0605 -0.0627 0.9960
1305031465.7959 -1.1098 0.1615 -0.2873 0.0238 -0.0632 -0.0597 0.9959
1305031465.8280 -1.0904 0.1694 -0.2885 0.0298 -0.0675 -0.0557 0.9957
1305031465.8599 -1.0671 0.1861 -0.3027 0.0399 -0.0696 -0.0529 0.9954
1305031465.8955 -1.0381 0.1978 -0.3105 0.0428 -0.0668 -0.0516 0.9955
1305031465.9275 -1.0144 0.2020 -0.3061 0.0462 -0.0611 -0.0503 0.9958
1305031465.9597 -0.9884 0.2171 -0.3140 0.0562 -0.0559 -0.0513 0.9955
1305031465.9958 -0.9651 0.2254 -0.3214 0.0610 -0.0522 -0.0527 0.9954
1305031466.0276 -0.9437 0.2331 -0.3319 0.0635 -0.0521 -0.0534 0.9952
1305031466.0598 -0.9196 0.2612 -0.3317 0.0657 -0.0525 -0.0516 0.9951
1305031466.0958 -0.9090 0.2802 -0.3400 0.0626 -0.0528 -0.0518 0.9953
1305031466.1276 -0.8984 0.3014 -0.3432 0.0592 -0.0552 -0.0517 0.9954
1305031466.1604 -0.8890 0.3242 -0.3466 0.0570 -0.0583 -0.0501 0.9954
1305031466.1958 -0.8795 0.3451 -0.3517 0.0520 -0.0631 -0.0476 0.9955
1305031466.2280 -0.8644 0.3494 -0.3545 0.0383 -0.0712 -0.0518 0.9954
1305031466.2598 -0.8493 0.3470 -0.3618 0.0355 -0.0737 -0.0585 0.9949
1305031466.2957 -0.8236 0.3540 -0.3690 0.0388 -0.0728 -0.0683 0.9942
1305031466.3277 -0.8035 0.3609 -0.3856 0.0392 -0.0653 -0.0755 0.9942
1305031466.3598 -0.7932 0.3675 -0.3991 0.0357 -0.0547 -0.0849 0.9942
1305031466.3958 -0.7797 0.3574 -0.4121 0.0329 -0.0535 -0.0865 0.9943
1305031466.4278 -0.7691 0.3615 -0.4242 0.0367 -0.0555 -0.0903 0.9937
1305031466.4598 -0.7593 0.3697 -0.4349 0.0377 -0.0582 -0.0925 0.9933
1305031466.4958 -0.7470 0.3789 -0.4386 0.0365 -0.0601 -0.0938 0.9931
1305031466.5275 -0.7203 0.3733 -0.4480 0.0337 -0.0616 -0.0945 0.9931
1305031466.5604 -0.7040 0.3865 -0.4603 0.0360 -0.0559 -0.0958 0.9932
1305031466.5959 -0.6797 0.3940 -0.4644 0.0274 -0.0571 -0.1005 0.9929
1305031466.6275 -0.6600 0.3746 -0.4724 0.0188 -0.0546 -0.1025 0.9931
1305031466.6597 -0.6341 0.3695 -0.4814 0.0210 -0.0548 -0.1063 0.9926
1305031466.6958 -0.6165 0.3825 -0.4908 0.0240 -0.0550 -0.1125 0.9918
1305031466.7281 -0.6062 0.3854 -0.4946 0.0186 -0.0543 -0.1262 0.9903
1305031466.7596 -0.5807 0.3726 -0.4955 0.0174 -0.0576 -0.1305 0.9896
1305031466.7956 -0.5677 0.3726 -0.5080 0.0204 -0.0589 -0.1344 0.9890
1305031466.8279 -0.5561 0.3796 -0.5096 0.0200 -0.0617 -0.1361 0.9886
1305031466.8597 -0.5504 0.3771 -0.5094 0.0183 -0.0645 -0.1357 0.9885
1305031466.8957 -0.5370 0.3765 -0.5110 0.0193 -0.0752 -0.1350 0.9878
1305031466.9278 -0.5159 0.3701 -0.5152 0.0168 -0.0913 -0.1377 0.9861
1305031466.9597 -0.5028 0.3633 -0.5175 0.0151 -0.0988 -0.1407 0.9850
1305031466.9957 -0.4924 0.3600 -0.5236 0.0147 -0.1018 -0.1422 0.9845
1305031467.0278 -0.4797 0.3578 -0.5266 0.0148 -0.1050 -0.1449 0.9838
1305031467.0597 -0.4639 0.3570 -0.5311 0.0151 -0.1084 -0.1457 0.9833
1305031467.0957 -0.4536 0.3656 -0.5285 0.0164 -0.1092 -0.1484 0.9827
1305031467.1290 -0.4463 0.3643 -0.5254 0.0160 -0.1109 -0.1545 0.9816
1305031467.1597 -0.4376 0.3624 -0.5286 0.0166 -0.1126 -0.1590 0.9807
1305031467.1957 -0.4310 0.3619 -0.5321 0.0170 -0.1152 -0.1628 0.9798
1305031467.2277 -0.4211 0.3616 -0.5332 0.0173 -0.1202 -0.1662 0.9786
1305031467.2597 -0.4153 0.3628 -0.5319 0.0187 -0.1231 -0.1688 0.9777
1305031467.2958 -0.4079 0.3640 -0.5326 0.0199 -0.1265 -0.1732 0.9765
1305031467.3280 -0.3967 0.3634 -0.5383 0.0204 -0.1305 -0.1764 0.9754
1305031467.3597 -0.3848 0.3703 -0.5443 0.0205 -0.1350 -0.1782 0.9745
1305031467.3958 -0.3726 0.3736 -0.5434 0.0174 -0.1405 -0.1817 0.9731
1305031467.4278 -0.3655 0.3735 -0.5451 0.0171 -0.1435 -0.1839 0.9723
1305031467.4597 -0.3545 0.3714 -0.5487 0.0164 -0.1483 -0.1847 0.9714
1305031467.4961 -0.3371 0.3937 -0.5534 0.0193 -0.1542 -0.1892 0.9696
1305031467.5277 -0.3239 0.3865 -0.5560 0.0153 -0.1571 -0.1944 0.9682
1305031467.5598 -0.3152 0.3844 -0.5533 0.0153 -0.1582 -0.1955 0.9677
1305031467.5960 -0.3087 0.3834 -0.5573 0.0151 -0.1587 -0.1941 0.9679
1305031467.6275 -0.3020 0.3854 -0.5482 0.0170 -0.1622 -0.1923 0.9677
1305031467.6596 -0.2977 0.3787 -0.5483 0.0197 -0.1652 -0.1911 0.9674
1305031467.6959 -0.2946 0.3713 -0.5553 0.0197 -0.1658 -0.1934 0.9668
1305031467.7275 -0.2877 0.3667 -0.5469 0.0229 -0.1674 -0.1987 0.9654
1305031467.7599 -0.2850 0.3700 -0.5457 0.0295 -0.1679 -0.2025 0.9643
1305031467.7961 -0.2847 0.3695 -0.5494 0.0323 -0.1675 -0.2042 0.9639
1305031467.8278 -0.2859 0.3602 -0.5392 0.0341 -0.1680 -0.2041 0.9638
1305031467.8597 -0.2812 0.3700 -0.5348 0.0456 -0.1708 -0.1998 0.9638
1305031467.8959 -0.2811 0.3653 -0.5350 0.0486 -0.1735 -0.2000 0.9631
1305031467.9278 -0.2778 0.3557 -0.5169 0.0497 -0.1794 -0.2023 0.9615
1305031467.9598 -0.2719 0.3409 -0.5108 0.0541 -0.1840 -0.2041 0.9600
1305031467.9958 -0.2668 0.3416 -0.5065 0.0563 -0.1851 -0.2053 0.9594
1305031468.0281 -0.2634 0.3368 -0.4901 0.0563 -0.1858 -0.2076 0.9588
1305031468.0598 -0.2648 0.3170 -0.4806 0.0573 -0.1869 -0.2107 0.9578
1305031468.0959 -0.2629 0.3144 -0.4756 0.0590 -0.1884 -0.2125 0.9570
1305031468.1278 -0.2595 0.3098 -0.4633 0.0588 -0.1899 -0.2129 0.9566
1305031468.1599 -0.2575 0.3028 -0.4548 0.0597 -0.1910 -0.2145 0.9560
1305031468.1960 -0.2487 0.2959 -0.4409 0.0601 -0.1926 -0.2173 0.9550
1305031468.2282 -0.2444 0.2891 -0.4236 0.0600 -0.1922 -0.2173 0.9551
1305031468.2598 -0.2310 0.2755 -0.4033 0.0597 -0.1942 -0.2166 0.9549
1305031468.2958 -0.2231 0.2639 -0.3885 0.0599 -0.1934 -0.2178 0.9548
1305031468.3278 -0.2101 0.2350 -0.3682 0.0576 -0.1961 -0.2159 0.9548
1305031468.3598 -0.1953 0.2134 -0.3557 0.0582 -0.1979 -0.2125 0.9551
1305031468.4598 -0.1899 0.1694 -0.3204 0.0517 -0.1973 -0.2071 0.9568
1305031468.5278 -0.1927 0.1432 -0.2923 0.0513 -0.1950 -0.2119 0.9563
1305031468.5597 -0.2010 0.1275 -0.2991 0.0574 -0.1931 -0.2236 0.9536
1305031468.6596 -0.2183 0.0901 -0.2917 0.0542 -0.1956 -0.2307 0.9516
1305031468.6958 -0.2304 0.0689 -0.2883 0.0570 -0.1995 -0.2371 0.9491
1305031468.7278 -0.2374 0.0620 -0.2804 0.0625 -0.2044 -0.2371 0.9477
1305031468.7958 -0.2486 0.0363 -0.2726 0.0686 -0.2103 -0.2414 0.9449
1305031468.8292 -0.2615 0.0189 -0.2824 0.0750 -0.2098 -0.2492 0.9425
1305031468.9596 -0.2648 -0.0067 -0.2761 0.0684 -0.1943 -0.2500 0.9461
1305031469.0277 -0.2726 -0.0059 -0.2675 0.0379 -0.1848 -0.2595 0.9471
1305031469.1277 -0.2726 -0.0329 -0.2345 -0.0006 -0.1785 -0.2845 0.9419
1305031469.1955 -0.2736 -0.0459 -0.2080 -0.0173 -0.1623 -0.2932 0.9420
1305031469.2596 -0.2809 -0.0557 -0.1805 -0.0294 -0.1548 -0.2979 0.9415
1305031469.2968 -0.2807 -0.0639 -0.1650 -0.0349 -0.1534 -0.3006 0.9407
1305031469.3276 -0.2825 -0.0640 -0.1544 -0.0386 -0.1513 -0.3024 0.9403
1305031469.3596 -0.2788 -0.0761 -0.1321 -0.0486 -0.1504 -0.3075 0.9383
1305031469.3957 -0.2826 -0.0779 -0.1172 -0.0490 -0.1377 -0.3137 0.9382
1305031469.4277 -0.2761 -0.0828 -0.1026 -0.0486 -0.1302 -0.3201 0.9371
1305031469.4597 -0.2722 -0.0923 -0.0888 -0.0521 -0.1253 -0.3267 0.9353
1305031469.4957 -0.2761 -0.0843 -0.0794 -0.0513 -0.1214 -0.3288 0.9352
1305031469.5276 -0.2676 -0.0840 -0.0650 -0.0548 -0.1260 -0.3266 0.9351
1305031469.5596 -0.2723 -0.0806 -0.0511 -0.0620 -0.1253 -0.3283 0.9342
1305031469.6596 -0.2768 -0.0569 -0.0105 -0.0861 -0.1185 -0.3274 0.9335
1305031469.7596 -0.2824 -0.0112 0.0230 -0.0972 -0.1028 -0.3195 0.9370
1305031469.9279 -0.3169 0.0765 0.0789 -0.1185 -0.1004 -0.3064 0.9391
1305031470.0959 -0.3684 0.1692 0.1031 -0.1230 -0.1007 -0.2938 0.9426
1305031470.2600 -0.4222 0.2540 0.1082 -0.1324 -0.0988 -0.2790 0.9460
1305031470.4276 -0.4809 0.3291 0.1151 -0.1468 -0.1003 -0.2602 0.9491
1305031470.5958 -0.5360 0.3707 0.1051 -0.1457 -0.1045 -0.2525 0.9508
1305031470.8278 -0.6012 0.4180 0.1089 -0.1433 -0.0983 -0.2253 0.9587
1305031470.8596 -0.6088 0.4134 0.1076 -0.1446 -0.1002 -0.2214 0.9592
1305031470.8957 -0.6171 0.4188 0.1036 -0.1400 -0.1012 -0.2153 0.9611
1305031470.9277 -0.6291 0.4221 0.1022 -0.1362 -0.1016 -0.2100 0.9628
1305031470.9596 -0.6422 0.4243 0.1004 -0.1254 -0.1028 -0.2093 0.9643
1305031470.9960 -0.6453 0.4155 0.0955 -0.1222 -0.1062 -0.2080 0.9646
1305031471.0276 -0.6492 0.4162 0.0927 -0.1107 -0.1071 -0.2051 0.9665
1305031471.0596 -0.6557 0.4126 0.0904 -0.1023 -0.1062 -0.2015 0.9683
1305031471.0958 -0.6645 0.4190 0.0828 -0.0884 -0.1033 -0.1956 0.9712
1305031471.1277 -0.6684 0.4218 0.0794 -0.0794 -0.1049 -0.1861 0.9737
1305031471.1596 -0.6709 0.4226 0.0772 -0.0741 -0.1060 -0.1779 0.9755
1305031471.1957 -0.6734 0.4212 0.0757 -0.0738 -0.1052 -0.1746 0.9762
1305031471.2276 -0.6766 0.4206 0.0744 -0.0742 -0.1039 -0.1717 0.9768
1305031471.2597 -0.6812 0.4203 0.0734 -0.0747 -0.1022 -0.1696 0.9773
1305031471.2961 -0.6857 0.4178 0.0731 -0.0757 -0.1003 -0.1675 0.9778
1305031471.3276 -0.6845 0.4196 0.0722 -0.0711 -0.1002 -0.1638 0.9788
1305031471.3596 -0.6863 0.4211 0.0701 -0.0697 -0.0950 -0.1619 0.9797
1305031471.3957 -0.6940 0.4146 0.0687 -0.0736 -0.0883 -0.1587 0.9806
1305031471.4277 -0.6971 0.4131 0.0648 -0.0721 -0.0869 -0.1538 0.9816
1305031471.4965 -0.7097 0.4107 0.0579 -0.0753 -0.0828 -0.1476 0.9827
1305031471.5276 -0.7130 0.4100 0.0558 -0.0761 -0.0814 -0.1453 0.9831
1305031471.5597 -0.7144 0.4104 0.0543 -0.0763 -0.0804 -0.1441 0.9833
1305031471.5957 -0.7156 0.4098 0.0533 -0.0768 -0.0779 -0.1429 0.9837
1305031471.6276 -0.7184 0.4120 0.0503 -0.0747 -0.0739 -0.1431 0.9841
1305031471.6596 -0.7231 0.4109 0.0451 -0.0745 -0.0688 -0.1415 0.9847
1305031471.7958 -0.7301 0.4036 0.0267 -0.0797 -0.0490 -0.1246 0.9878
1305031471.9956 -0.7419 0.4239 0.0173 -0.0889 -0.0174 -0.1003 0.9908
1305031472.3277 -0.7605 0.4641 0.0041 -0.0645 -0.0002 -0.0600 0.9961
1305031472.5957 -0.7576 0.4429 0.0021 -0.0559 -0.0081 -0.0518 0.9971
1305031472.8276 -0.7539 0.4169 0.0126 -0.0511 -0.0079 -0.0518 0.9973
