1305031453.4237 0.0047 0.0035 -0.0070 0.0017 0.0039 0.0095 0.9999
1305031453.4597 0.0091 0.0080 -0.0173 0.0056 0.0100 0.0182 0.9998
1305031453.4917 0.0120 0.0135 -0.0266 0.0102 0.0163 0.0285 0.9994
1305031453.5237 0.0126 0.0200 -0.0386 0.0175 0.0212 0.0374 0.9989
1305031453.5598 0.0151 0.0254 -0.0518 0.0246 0.0233 0.0442 0.9984
1305031453.5916 0.0156 0.0329 -0.0675 0.0322 0.0258 0.0485 0.9980
1305031453.6277 0.0102 0.0389 -0.0814 0.0390 0.0276 0.0524 0.9975
1305031453.6596 0.0076 0.0476 -0.0975 0.0471 0.0230 0.0507 0.9973
1305031453.6917 0.0029 0.0576 -0.1140 0.0541 0.0179 0.0462 0.9973
1305031453.7277 -0.0051 0.0669 -0.1285 0.0586 0.0133 0.0411 0.9973
1305031453.7597 -0.0144 0.0732 -0.1401 0.0631 0.0052 0.0333 0.9974
1305031453.7917 -0.0195 0.0831 -0.1554 0.0678 -0.0044 0.0253 0.9974
1305031453.8278 -0.0304 0.0903 -0.1664 0.0705 -0.0111 0.0188 0.9973
1305031453.8597 -0.0440 0.0985 -0.1781 0.0725 -0.0226 0.0111 0.9970
1305031453.8917 -0.0550 0.1086 -0.1896 0.0728 -0.0384 0.0037 0.9966
1305031453.9277 -0.0683 0.1133 -0.1966 0.0698 -0.0561 -0.0009 0.9960
1305031453.9596 -0.0730 0.1176 -0.2043 0.0671 -0.0734 -0.0099 0.9950
1305031453.9916 -0.0834 0.1172 -0.2046 0.0650 -0.0849 -0.0210 0.9940
1305031454.0277 -0.0936 0.1195 -0.2089 0.0670 -0.0972 -0.0311 0.9925
1305031454.0597 -0.1024 0.1246 -0.2140 0.0683 -0.1088 -0.0428 0.9908
1305031454.0917 -0.1145 0.1250 -0.2098 0.0689 -0.1201 -0.0562 0.9888
1305031454.1277 -0.1252 0.1255 -0.2102 0.0720 -0.1341 -0.0704 0.9858
1305031454.1597 -0.1321 0.1310 -0.2131 0.0732 -0.1501 -0.0827 0.9825
1305031454.1917 -0.1437 0.1323 -0.2142 0.0711 -0.1660 -0.0973 0.9787
1305031454.2277 -0.1596 0.1328 -0.2080 0.0742 -0.1818 -0.1155 0.9737
1305031454.2596 -0.1602 0.1335 -0.2054 0.0801 -0.1982 -0.1320 0.9679
1305031454.2916 -0.1662 0.1379 -0.2068 0.0792 -0.2060 -0.1442 0.9646
1305031454.3277 -0.1817 0.1390 -0.2100 0.0800 -0.2131 -0.1589 0.9607
1305031454.3596 -0.1873 0.1441 -0.2067 0.0881 -0.2255 -0.1740 0.9545
1305031454.3917 -0.1922 0.1488 -0.2110 0.0899 -0.2329 -0.1861 0.9503
1305031454.4275 -0.2030 0.1545 -0.2151 0.0920 -0.2427 -0.2001 0.9448
1305031454.4599 -0.2017 0.1555 -0.2166 0.0945 -0.2536 -0.2151 0.9383
1305031454.4916 -0.2062 0.1600 -0.2188 0.0968 -0.2582 -0.2314 0.9330
1305031454.5277 -0.2087 0.1657 -0.2214 0.0970 -0.2642 -0.2480 0.9270
1305031454.5596 -0.2127 0.1710 -0.2257 0.0939 -0.2691 -0.2613 0.9222
1305031454.5916 -0.2208 0.1754 -0.2278 0.0910 -0.2778 -0.2783 0.9149
1305031454.6276 -0.2237 0.1770 -0.2263 0.0885 -0.2912 -0.2922 0.9066
1305031454.6595 -0.2226 0.1847 -0.2288 0.0834 -0.3031 -0.3001 0.9006
1305031454.6919 -0.2242 0.1873 -0.2278 0.0757 -0.3169 -0.3077 0.8940
1305031454.7277 -0.2207 0.1923 -0.2202 0.0719 -0.3319 -0.3118 0.8874
1305031454.7597 -0.2157 0.1915 -0.2179 0.0642 -0.3394 -0.3098 0.8859
1305031454.7916 -0.2103 0.1968 -0.2146 0.0587 -0.3435 -0.3023 0.8872
1305031454.8276 -0.2030 0.2042 -0.2133 0.0541 -0.3451 -0.2965 0.8888
1305031454.8596 -0.1991 0.2094 -0.2110 0.0478 -0.3427 -0.2901 0.8923
1305031454.8918 -0.1958 0.2163 -0.2106 0.0436 -0.3381 -0.2832 0.8964
1305031454.9276 -0.1931 0.2234 -0.2119 0.0392 -0.3326 -0.2778 0.9004
1305031454.9596 -0.1933 0.2311 -0.2157 0.0355 -0.3269 -0.2722 0.9043
1305031454.9919 -0.1969 0.2382 -0.2202 0.0320 -0.3233 -0.2669 0.9073
1305031455.0278 -0.1963 0.2489 -0.2245 0.0317 -0.3224 -0.2641 0.9085
1305031455.0596 -0.1994 0.2544 -0.2271 0.0293 -0.3195 -0.2626 0.9100
1305031455.0917 -0.2033 0.2612 -0.2323 0.0312 -0.3160 -0.2622 0.9113
1305031455.1277 -0.2079 0.2739 -0.2385 0.0332 -0.3106 -0.2604 0.9136
1305031455.1597 -0.2167 0.2848 -0.2455 0.0323 -0.3049 -0.2563 0.9167
1305031455.1917 -0.2255 0.2930 -0.2493 0.0283 -0.3012 -0.2507 0.9196
1305031455.2276 -0.2343 0.2994 -0.2547 0.0271 -0.2978 -0.2455 0.9221
1305031455.2596 -0.2393 0.3132 -0.2612 0.0256 -0.2928 -0.2395 0.9254
1305031455.2918 -0.2525 0.3183 -0.2663 0.0162 -0.2861 -0.2305 0.9299
1305031455.3278 -0.2632 0.3285 -0.2744 0.0107 -0.2827 -0.2207 0.9334
1305031455.3596 -0.2682 0.3381 -0.2778 0.0029 -0.2811 -0.2149 0.9353
1305031455.3917 -0.2785 0.3391 -0.2811 -0.0089 -0.2739 -0.2075 0.9391
1305031455.4276 -0.2924 0.3448 -0.2884 -0.0164 -0.2660 -0.1979 0.9433
1305031455.4596 -0.3060 0.3459 -0.2956 -0.0222 -0.2617 -0.1897 0.9461
1305031455.4916 -0.3173 0.3516 -0.3049 -0.0268 -0.2575 -0.1791 0.9492
1305031455.5276 -0.3343 0.3512 -0.3126 -0.0332 -0.2533 -0.1665 0.9524
1305031455.5597 -0.3503 0.3531 -0.3249 -0.0365 -0.2527 -0.1536 0.9546
1305031455.5916 -0.3613 0.3588 -0.3379 -0.0391 -0.2534 -0.1395 0.9564
1305031455.6276 -0.3756 0.3542 -0.3420 -0.0463 -0.2525 -0.1272 0.9581
1305031455.6596 -0.3909 0.3516 -0.3525 -0.0447 -0.2504 -0.1212 0.9595
1305031455.6916 -0.4040 0.3545 -0.3653 -0.0400 -0.2487 -0.1218 0.9601
1305031455.7276 -0.4164 0.3528 -0.3767 -0.0376 -0.2458 -0.1264 0.9603
1305031455.7597 -0.4294 0.3515 -0.3902 -0.0359 -0.2401 -0.1296 0.9614
1305031455.7917 -0.4442 0.3447 -0.4029 -0.0351 -0.2346 -0.1286 0.9629
1305031455.8276 -0.4567 0.3439 -0.4192 -0.0318 -0.2311 -0.1281 0.9639
1305031455.8595 -0.4671 0.3401 -0.4312 -0.0315 -0.2297 -0.1293 0.9641
1305031455.8917 -0.4761 0.3376 -0.4443 -0.0310 -0.2272 -0.1296 0.9647
1305031455.9280 -0.4857 0.3331 -0.4537 -0.0319 -0.2241 -0.1303 0.9653
1305031455.9597 -0.4938 0.3338 -0.4667 -0.0299 -0.2206 -0.1326 0.9659
1305031455.9917 -0.5018 0.3323 -0.4762 -0.0313 -0.2161 -0.1348 0.9665
1305031456.0278 -0.5101 0.3391 -0.4892 -0.0328 -0.2089 -0.1399 0.9673
1305031456.0597 -0.5224 0.3333 -0.4938 -0.0416 -0.2032 -0.1477 0.9670
1305031456.0917 -0.5341 0.3255 -0.4977 -0.0472 -0.1988 -0.1529 0.9669
1305031456.1276 -0.5441 0.3215 -0.5037 -0.0481 -0.1944 -0.1543 0.9675
1305031456.1597 -0.5526 0.3127 -0.5028 -0.0499 -0.1900 -0.1544 0.9683
1305031456.1917 -0.5618 0.3055 -0.5075 -0.0450 -0.1823 -0.1518 0.9704
1305031456.2277 -0.5685 0.3122 -0.5145 -0.0391 -0.1722 -0.1481 0.9731
1305031456.2917 -0.5945 0.2969 -0.5140 -0.0394 -0.1493 -0.1410 0.9779
1305031456.3277 -0.6054 0.2919 -0.5126 -0.0355 -0.1390 -0.1340 0.9805
1305031456.3916 -0.6284 0.2879 -0.5074 -0.0305 -0.1145 -0.1245 0.9851
1305031456.4277 -0.6473 0.2923 -0.5077 -0.0227 -0.1018 -0.1175 0.9876
1305031456.4917 -0.6855 0.3119 -0.5020 -0.0247 -0.0912 -0.1060 0.9899
1305031456.5276 -0.6988 0.3123 -0.4935 -0.0313 -0.0923 -0.1010 0.9901
1305031456.5917 -0.7203 0.3166 -0.4804 -0.0338 -0.0877 -0.0896 0.9915
1305031456.6276 -0.7320 0.3285 -0.4726 -0.0443 -0.0813 -0.0843 0.9921
1305031456.6916 -0.7703 0.3136 -0.4516 -0.0597 -0.0680 -0.0697 0.9935
1305031456.7277 -0.7870 0.3293 -0.4465 -0.0617 -0.0652 -0.0602 0.9941
1305031456.7916 -0.8217 0.3212 -0.4260 -0.0678 -0.0734 -0.0463 0.9939
1305031456.8276 -0.8272 0.3374 -0.4204 -0.0665 -0.0778 -0.0375 0.9940
1305031456.8917 -0.8475 0.3318 -0.3952 -0.0787 -0.0748 -0.0269 0.9937
1305031456.9277 -0.8601 0.3378 -0.3914 -0.0734 -0.0684 -0.0204 0.9947
1305031456.9597 -0.8733 0.3549 -0.3893 -0.0715 -0.0615 -0.0149 0.9954
1305031456.9917 -0.8873 0.3520 -0.3809 -0.0809 -0.0561 -0.0134 0.9951
1305031457.0276 -0.9016 0.3525 -0.3786 -0.0829 -0.0505 -0.0100 0.9952
1305031457.0917 -0.9240 0.3591 -0.3768 -0.0950 -0.0394 -0.0011 0.9947
1305031457.1276 -0.9352 0.3514 -0.3760 -0.1000 -0.0329 0.0031 0.9944
1305031457.1917 -0.9615 0.3551 -0.3891 -0.0969 -0.0164 0.0156 0.9950
1305031457.2275 -0.9740 0.3517 -0.3930 -0.1015 -0.0092 0.0215 0.9946
1305031457.2917 -0.9973 0.3397 -0.4086 -0.0947 0.0057 0.0341 0.9949
1305031457.3275 -1.0102 0.3435 -0.4203 -0.0906 0.0162 0.0392 0.9950
1305031457.3917 -1.0401 0.3280 -0.4379 -0.0890 0.0404 0.0521 0.9938
1305031457.4276 -1.0602 0.3298 -0.4500 -0.0845 0.0508 0.0591 0.9934
1305031457.4917 -1.0872 0.3134 -0.4692 -0.0858 0.0563 0.0680 0.9924
1305031457.5276 -1.0991 0.3058 -0.4805 -0.0828 0.0598 0.0711 0.9922
1305031457.5597 -1.1120 0.3012 -0.4917 -0.0791 0.0649 0.0753 0.9919
1305031457.5917 -1.1294 0.3005 -0.5028 -0.0752 0.0706 0.0788 0.9915
1305031457.6275 -1.1426 0.2895 -0.5084 -0.0766 0.0731 0.0816 0.9910
1305031457.6596 -1.1607 0.2938 -0.5214 -0.0710 0.0767 0.0858 0.9908
1305031457.6916 -1.1735 0.2868 -0.5261 -0.0770 0.0772 0.0877 0.9902
1305031457.7277 -1.1839 0.2683 -0.5294 -0.0812 0.0782 0.0873 0.9898
1305031457.7596 -1.1953 0.2570 -0.5359 -0.0791 0.0800 0.0858 0.9899
1305031457.7916 -1.2026 0.2391 -0.5401 -0.0742 0.0837 0.0851 0.9901
1305031457.8277 -1.2155 0.2414 -0.5521 -0.0622 0.0912 0.0860 0.9902
1305031457.8596 -1.2278 0.2341 -0.5567 -0.0595 0.0992 0.0866 0.9895
1305031457.8916 -1.2430 0.2131 -0.5562 -0.0549 0.1077 0.0870 0.9888
1305031457.9276 -1.2636 0.2115 -0.5618 -0.0408 0.1138 0.0912 0.9885
1305031457.9916 -1.2876 0.1982 -0.5639 -0.0294 0.1154 0.0968 0.9882
1305031458.0278 -1.2967 0.1850 -0.5625 -0.0224 0.1182 0.0980 0.9879
1305031458.0597 -1.3132 0.1943 -0.5632 -0.0107 0.1236 0.1006 0.9872
1305031458.0917 -1.3294 0.1952 -0.5579 -0.0099 0.1288 0.1023 0.9863
1305031458.1276 -1.3436 0.1873 -0.5483 -0.0117 0.1329 0.1026 0.9857
1305031458.1596 -1.3595 0.1787 -0.5392 -0.0108 0.1359 0.1050 0.9851
1305031458.1916 -1.3777 0.1838 -0.5309 -0.0090 0.1363 0.1094 0.9846
1305031458.2276 -1.3888 0.1774 -0.5173 -0.0170 0.1330 0.1103 0.9848
1305031458.2599 -1.3967 0.1546 -0.4945 -0.0225 0.1299 0.1072 0.9855
1305031458.2917 -1.4176 0.1516 -0.4860 -0.0132 0.1270 0.1072 0.9860
1305031458.3276 -1.4269 0.1482 -0.4729 -0.0115 0.1199 0.1096 0.9866
1305031458.3596 -1.4328 0.1344 -0.4503 -0.0059 0.1148 0.1109 0.9872
1305031458.3916 -1.4453 0.1369 -0.4401 0.0075 0.1119 0.1148 0.9870
1305031458.4276 -1.4504 0.1352 -0.4271 0.0149 0.1104 0.1234 0.9861
1305031458.4596 -1.4459 0.1237 -0.4102 0.0233 0.1122 0.1317 0.9846
1305031458.4917 -1.4459 0.1169 -0.3931 0.0426 0.1207 0.1317 0.9830
1305031458.5277 -1.4665 0.1452 -0.3748 0.0694 0.1343 0.1289 0.9801
1305031458.5596 -1.4744 0.1503 -0.3549 0.0777 0.1436 0.1268 0.9784
1305031458.5916 -1.4858 0.1525 -0.3330 0.0876 0.1507 0.1206 0.9773
1305031458.6277 -1.5030 0.1784 -0.3118 0.0951 0.1533 0.1152 0.9768
1305031458.6596 -1.5148 0.1787 -0.2906 0.0884 0.1504 0.1156 0.9779
1305031458.6917 -1.5191 0.1814 -0.2654 0.0832 0.1357 0.1089 0.9812
1305031458.7276 -1.5068 0.1734 -0.2423 0.0792 0.1179 0.1001 0.9848
1305031458.7599 -1.5192 0.1767 -0.2270 0.0854 0.1057 0.0892 0.9867
1305031458.7916 -1.5216 0.1891 -0.2148 0.0862 0.0895 0.0794 0.9891
1305031458.8276 -1.5173 0.1854 -0.1995 0.0789 0.0801 0.0770 0.9907
1305031458.8917 -1.5150 0.1806 -0.1775 0.0858 0.0763 0.0663 0.9912
1305031458.9276 -1.5258 0.1847 -0.1730 0.0842 0.0838 0.0725 0.9903
1305031458.9596 -1.5293 0.1768 -0.1653 0.0755 0.0887 0.0852 0.9895
1305031458.9916 -1.5317 0.1562 -0.1565 0.0741 0.0906 0.0907 0.9890
1305031459.0277 -1.5538 0.1526 -0.1506 0.0854 0.0905 0.0900 0.9881
1305031459.0596 -1.5758 0.1434 -0.1383 0.0931 0.0857 0.0993 0.9870
1305031459.1276 -1.5812 0.1872 -0.1374 0.1057 0.0817 0.0831 0.9875
1305031459.1596 -1.5921 0.1852 -0.1298 0.1137 0.0557 0.0848 0.9883
1305031459.1917 -1.6025 0.1858 -0.1243 0.1188 0.0365 0.0912 0.9880
1305031459.2276 -1.6095 0.1861 -0.1173 0.1202 0.0230 0.1025 0.9872
1305031459.2598 -1.6100 0.1919 -0.1071 0.1202 0.0186 0.1126 0.9862
1305031459.3276 -1.6198 0.1975 -0.0832 0.1169 0.0496 0.1424 0.9816
1305031459.3597 -1.6310 0.2061 -0.0745 0.1223 0.0743 0.1625 0.9763
1305031459.3917 -1.6471 0.2276 -0.0625 0.1229 0.1028 0.1891 0.9688
1305031459.4276 -1.6460 0.2323 -0.0508 0.1116 0.1350 0.2257 0.9583
1305031459.4597 -1.6613 0.2339 -0.0482 0.1104 0.1704 0.2625 0.9433
1305031459.5276 -1.6538 0.2617 -0.0237 0.1155 0.1699 0.2546 0.9450
1305031459.5596 -1.6714 0.2571 -0.0263 0.1094 0.1857 0.2798 0.9355
1305031459.5917 -1.6911 0.2604 -0.0230 0.1078 0.1937 0.2973 0.9287
1305031459.6276 -1.7010 0.2576 -0.0194 0.1032 0.1955 0.3072 0.9256
1305031459.6596 -1.7144 0.2618 -0.0158 0.1043 0.2025 0.3075 0.9239
1305031459.6916 -1.7324 0.2585 -0.0117 0.0989 0.2155 0.3129 0.9197
1305031459.7276 -1.7466 0.2449 -0.0102 0.0919 0.2241 0.3169 0.9170
1305031459.7917 -1.7877 0.2220 -0.0041 0.0926 0.2372 0.3104 0.9159
1305031459.8277 -1.8059 0.2135 0.0001 0.0918 0.2383 0.3077 0.9166
1305031459.8597 -1.8250 0.2040 0.0061 0.0877 0.2385 0.3063 0.9174
1305031459.8916 -1.8365 0.1912 0.0119 0.0821 0.2346 0.3096 0.9178
1305031459.9276 -1.8473 0.1790 0.0174 0.0809 0.2320 0.3129 0.9174
1305031459.9917 -1.8711 0.1580 0.0290 0.0758 0.2300 0.3203 0.9158
1305031460.0276 -1.8793 0.1442 0.0347 0.0742 0.2302 0.3233 0.9149
1305031460.0597 -1.8924 0.1308 0.0399 0.0744 0.2312 0.3253 0.9139
1305031460.0917 -1.9056 0.1160 0.0469 0.0756 0.2275 0.3322 0.9122
1305031460.1277 -1.9110 0.1019 0.0524 0.0794 0.2177 0.3419 0.9107
1305031460.1597 -1.9205 0.0950 0.0585 0.0858 0.2097 0.3489 0.9094
1305031460.1916 -1.9218 0.0884 0.0666 0.0853 0.2018 0.3559 0.9085
1305031460.2278 -1.9147 0.0781 0.0752 0.0849 0.1996 0.3601 0.9074
1305031460.2917 -1.9200 0.0579 0.0853 0.0876 0.2157 0.3602 0.9033
1305031460.3275 -1.9234 0.0463 0.0896 0.0886 0.2242 0.3624 0.9003
1305031460.3916 -1.9270 0.0279 0.1024 0.0851 0.2436 0.3693 0.8928
1305031460.4275 -1.9294 0.0168 0.1077 0.0843 0.2544 0.3743 0.8877
1305031460.4596 -1.9303 0.0112 0.1131 0.0835 0.2669 0.3783 0.8824
1305031460.4915 -1.9378 0.0033 0.1181 0.0784 0.2825 0.3845 0.8753
1305031460.5276 -1.9386 -0.0081 0.1219 0.0716 0.2930 0.3951 0.8677
1305031460.5596 -1.9372 -0.0193 0.1260 0.0656 0.3021 0.3997 0.8629
1305031460.5919 -1.9417 -0.0297 0.1302 0.0622 0.3118 0.4007 0.8592
1305031460.6276 -1.9416 -0.0406 0.1341 0.0592 0.3197 0.4036 0.8553
1305031460.6598 -1.9478 -0.0523 0.1382 0.0573 0.3283 0.4030 0.8524
1305031460.6917 -1.9558 -0.0621 0.1449 0.0547 0.3339 0.4039 0.8499
1305031460.7277 -1.9554 -0.0712 0.1512 0.0497 0.3358 0.4044 0.8493
1305031460.7597 -1.9560 -0.0822 0.1576 0.0465 0.3409 0.4030 0.8480
1305031460.7917 -1.9627 -0.0930 0.1654 0.0440 0.3460 0.4020 0.8466
1305031460.8277 -1.9645 -0.1002 0.1741 0.0398 0.3479 0.3993 0.8473
1305031460.8597 -1.9644 -0.1076 0.1819 0.0341 0.3517 0.3970 0.8471
1305031460.8918 -1.9653 -0.1195 0.1914 0.0270 0.3574 0.3946 0.8461
1305031460.9276 -1.9676 -0.1318 0.2021 0.0213 0.3608 0.3941 0.8450
1305031460.9917 -1.9564 -0.1558 0.2158 0.0178 0.3639 0.3972 0.8423
1305031461.0276 -1.9549 -0.1667 0.2247 0.0192 0.3664 0.3977 0.8409
1305031461.0917 -1.9557 -0.1788 0.2418 0.0229 0.3657 0.3962 0.8419
1305031461.1276 -1.9479 -0.1889 0.2473 0.0207 0.3650 0.3947 0.8429
1305031461.1597 -1.9430 -0.2002 0.2554 0.0222 0.3666 0.3929 0.8431
1305031461.1920 -1.9417 -0.2032 0.2613 0.0260 0.3668 0.3882 0.8450
1305031461.2276 -1.9394 -0.2096 0.2677 0.0264 0.3682 0.3857 0.8455
1305031461.2596 -1.9341 -0.2170 0.2740 0.0275 0.3682 0.3823 0.8471
1305031461.2917 -1.9310 -0.2198 0.2801 0.0302 0.3685 0.3761 0.8496
1305031461.3278 -1.9253 -0.2192 0.2851 0.0325 0.3700 0.3716 0.8508
1305031461.3597 -1.9274 -0.2184 0.2924 0.0293 0.3746 0.3673 0.8508
1305031461.3917 -1.9176 -0.2285 0.3008 0.0207 0.3749 0.3688 0.8503
1305031461.4276 -1.9112 -0.2326 0.3041 0.0199 0.3753 0.3671 0.8509
1305031461.4598 -1.9098 -0.2298 0.3085 0.0173 0.3755 0.3685 0.8502
1305031461.4917 -1.8953 -0.2413 0.3091 0.0118 0.3744 0.3710 0.8498
1305031461.5277 -1.8949 -0.2396 0.3089 0.0180 0.3761 0.3682 0.8501
1305031461.5597 -1.8869 -0.2339 0.3042 0.0180 0.3761 0.3649 0.8515
1305031461.5917 -1.8839 -0.2318 0.3008 0.0186 0.3834 0.3614 0.8497
1305031461.6275 -1.8810 -0.2284 0.2990 0.0164 0.3890 0.3612 0.8473
1305031461.6596 -1.8777 -0.2259 0.2978 0.0144 0.3938 0.3613 0.8451
1305031461.6916 -1.8774 -0.2207 0.2958 0.0135 0.3967 0.3667 0.8414
1305031461.7276 -1.8690 -0.2167 0.2928 0.0105 0.3963 0.3727 0.8390
1305031461.7597 -1.8678 -0.2081 0.2869 0.0107 0.3978 0.3753 0.8371
1305031461.7916 -1.8636 -0.1993 0.2824 0.0067 0.3995 0.3798 0.8343
1305031461.8276 -1.8592 -0.1921 0.2777 0.0048 0.4035 0.3847 0.8301
1305031461.8598 -1.8619 -0.1783 0.2742 0.0051 0.4081 0.3907 0.8251
1305031461.8917 -1.8647 -0.1680 0.2723 0.0009 0.4103 0.4019 0.8186
1305031461.9278 -1.8584 -0.1592 0.2691 -0.0068 0.4079 0.4118 0.8149
1305031461.9597 -1.8531 -0.1434 0.2614 -0.0104 0.4103 0.4142 0.8124
1305031461.9916 -1.8647 -0.1309 0.2623 -0.0164 0.4198 0.4199 0.8045
1305031462.0277 -1.8656 -0.1322 0.2670 -0.0290 0.4215 0.4319 0.7968
1305031462.0598 -1.8676 -0.1288 0.2692 -0.0341 0.4181 0.4444 0.7916
1305031462.0918 -1.8670 -0.1183 0.2649 -0.0358 0.4111 0.4561 0.7885
1305031462.1277 -1.8682 -0.1085 0.2622 -0.0384 0.4076 0.4652 0.7848
1305031462.1596 -1.8688 -0.1032 0.2597 -0.0432 0.4052 0.4717 0.7820
1305031462.1916 -1.8741 -0.0919 0.2584 -0.0452 0.4047 0.4707 0.7827
1305031462.2276 -1.8800 -0.0829 0.2580 -0.0505 0.4053 0.4712 0.7818
1305031462.2598 -1.8854 -0.0757 0.2582 -0.0567 0.4042 0.4698 0.7827
1305031462.2916 -1.8915 -0.0675 0.2587 -0.0627 0.4014 0.4663 0.7858
1305031462.3275 -1.8954 -0.0559 0.2568 -0.0691 0.3978 0.4617 0.7898
1305031462.3597 -1.9070 -0.0485 0.2633 -0.0763 0.4002 0.4545 0.7921
1305031462.3917 -1.9158 -0.0376 0.2679 -0.0838 0.3964 0.4502 0.7957
1305031462.4276 -1.9293 -0.0310 0.2777 -0.0923 0.3963 0.4440 0.7983
1305031462.4599 -1.9457 -0.0365 0.3080 -0.1058 0.4044 0.4350 0.7975
1305031462.4920 -1.9380 -0.0022 0.3010 -0.0941 0.3902 0.4386 0.8041
1305031462.5277 -1.9347 -0.0052 0.3018 -0.0970 0.3892 0.4402 0.8033
1305031462.5599 -1.8833 0.0011 0.2925 -0.1143 0.3499 0.4613 0.8073
1305031462.5919 -1.8738 0.0071 0.2919 -0.1216 0.3403 0.4525 0.8153
1305031462.6279 -1.8824 0.0128 0.2897 -0.1215 0.3396 0.4446 0.8199
1305031462.6597 -1.8859 0.0151 0.2855 -0.1240 0.3380 0.4360 0.8248
1305031462.6925 -1.8921 0.0099 0.2795 -0.1283 0.3375 0.4280 0.8285
1305031462.7277 -1.8991 0.0110 0.2733 -0.1304 0.3323 0.4197 0.8345
1305031462.7598 -1.9040 0.0168 0.2656 -0.1319 0.3245 0.4084 0.8429
1305031462.7919 -1.9076 0.0149 0.2581 -0.1366 0.3210 0.4036 0.8459
1305031462.8278 -1.9111 0.0142 0.2485 -0.1437 0.3154 0.3966 0.8501
1305031462.8598 -1.9158 0.0124 0.2410 -0.1493 0.3151 0.3905 0.8520
1305031462.8918 -1.9126 0.0233 0.2331 -0.1516 0.3122 0.3856 0.8549
1305031462.9276 -1.9136 0.0306 0.2182 -0.1518 0.3111 0.3844 0.8558
1305031462.9597 -1.9132 0.0337 0.2093 -0.1517 0.3088 0.3827 0.8574
1305031462.9955 -1.9129 0.0491 0.1961 -0.1451 0.3045 0.3788 0.8618
1305031463.0277 -1.9112 0.0512 0.1802 -0.1417 0.3007 0.3748 0.8655
1305031463.0598 -1.9123 0.0493 0.1608 -0.1413 0.2954 0.3674 0.8705
1305031463.0958 -1.9120 0.0571 0.1504 -0.1394 0.2916 0.3602 0.8751
1305031463.1275 -1.9096 0.0657 0.1409 -0.1362 0.2890 0.3530 0.8794
1305031463.1598 -1.9100 0.0623 0.1243 -0.1353 0.2886 0.3440 0.8832
1305031463.1957 -1.9071 0.0608 0.1093 -0.1400 0.2866 0.3374 0.8857
1305031463.2278 -1.9022 0.0714 0.1052 -0.1375 0.2843 0.3344 0.8879
1305031463.2600 -1.9007 0.0779 0.0937 -0.1323 0.2846 0.3304 0.8901
1305031463.2957 -1.8939 0.0751 0.0727 -0.1349 0.2821 0.3252 0.8925
1305031463.3277 -1.8881 0.0859 0.0672 -0.1327 0.2782 0.3234 0.8947
1305031463.3598 -1.8861 0.0885 0.0561 -0.1273 0.2761 0.3216 0.8968
1305031463.3956 -1.8813 0.0943 0.0401 -0.1245 0.2716 0.3165 0.9003
1305031463.4277 -1.8707 0.1044 0.0319 -0.1241 0.2677 0.3134 0.9026
1305031463.4598 -1.8565 0.1163 0.0195 -0.1226 0.2644 0.3105 0.9048
1305031463.4956 -1.8436 0.1302 0.0107 -0.1217 0.2651 0.3078 0.9056
1305031463.5277 -1.8276 0.1403 0.0006 -0.1191 0.2673 0.3059 0.9060
1305031463.5598 -1.8204 0.1440 -0.0128 -0.1165 0.2705 0.3064 0.9052
1305031463.5956 -1.8116 0.1528 -0.0220 -0.1153 0.2693 0.3059 0.9059
1305031463.6276 -1.7914 0.1570 -0.0332 -0.1143 0.2649 0.3045 0.9077
1305031463.6598 -1.7813 0.1600 -0.0475 -0.1061 0.2676 0.3012 0.9091
1305031463.6956 -1.7758 0.1706 -0.0611 -0.0996 0.2687 0.2965 0.9110
1305031463.7276 -1.7529 0.1701 -0.0773 -0.1023 0.2643 0.2942 0.9128
1305031463.7597 -1.7316 0.1645 -0.0959 -0.1001 0.2639 0.2890 0.9148
1305031463.7956 -1.7221 0.1651 -0.1135 -0.0950 0.2663 0.2783 0.9179
1305031463.8278 -1.7052 0.1640 -0.1307 -0.0953 0.2647 0.2684 0.9213
1305031463.8599 -1.6874 0.1560 -0.1475 -0.0954 0.2649 0.2590 0.9239
1305031463.8956 -1.6775 0.1539 -0.1656 -0.0915 0.2662 0.2495 0.9265
1305031463.9277 -1.6686 0.1495 -0.1805 -0.0907 0.2652 0.2434 0.9285
1305031463.9597 -1.6529 0.1410 -0.1960 -0.0902 0.2598 0.2386 0.9314
1305031463.9958 -1.6408 0.1347 -0.2143 -0.0866 0.2558 0.2319 0.9345
1305031464.0277 -1.6316 0.1312 -0.2328 -0.0848 0.2521 0.2238 0.9376
1305031464.0597 -1.6156 0.1209 -0.2484 -0.0859 0.2496 0.2153 0.9402
1305031464.0956 -1.6088 0.1132 -0.2643 -0.0823 0.2512 0.2059 0.9422
1305031464.1277 -1.6083 0.1068 -0.2761 -0.0792 0.2521 0.2001 0.9435
1305031464.1598 -1.6029 0.0947 -0.2855 -0.0753 0.2490 0.1987 0.9449
1305031464.1956 -1.5983 0.0855 -0.2972 -0.0655 0.2426 0.1949 0.9481
1305031464.2276 -1.6009 0.0858 -0.3095 -0.0533 0.2344 0.1903 0.9519
1305031464.2596 -1.6005 0.0874 -0.3226 -0.0450 0.2205 0.1888 0.9559
1305031464.2957 -1.5907 0.0888 -0.3347 -0.0406 0.2025 0.1845 0.9609
1305031464.3279 -1.5747 0.0889 -0.3483 -0.0377 0.1867 0.1794 0.9652
1305031464.3597 -1.5600 0.0821 -0.3610 -0.0345 0.1762 0.1745 0.9681
1305031464.3956 -1.5438 0.0860 -0.3769 -0.0280 0.1687 0.1662 0.9711
1305031464.4276 -1.5337 0.0871 -0.3902 -0.0259 0.1677 0.1561 0.9731
1305031464.4597 -1.5248 0.0789 -0.4043 -0.0248 0.1653 0.1476 0.9748
1305031464.4956 -1.5096 0.0795 -0.4198 -0.0219 0.1618 0.1410 0.9765
1305031464.5276 -1.5018 0.0802 -0.4365 -0.0199 0.1619 0.1325 0.9777
1305031464.5597 -1.4863 0.0757 -0.4516 -0.0227 0.1586 0.1211 0.9796
1305031464.5957 -1.4632 0.0537 -0.4713 -0.0239 0.1605 0.1105 0.9805
1305031464.6277 -1.4496 0.0468 -0.4896 -0.0148 0.1710 0.1009 0.9800
1305031464.6597 -1.4370 0.0417 -0.5021 -0.0057 0.1818 0.0873 0.9794
1305031464.6957 -1.4242 0.0193 -0.5102 0.0028 0.1914 0.0700 0.9790
1305031464.7277 -1.4244 0.0177 -0.5165 0.0209 0.1982 0.0522 0.9785
1305031464.7597 -1.4211 0.0267 -0.5238 0.0349 0.1973 0.0328 0.9792
1305031464.7960 -1.4206 0.0169 -0.5209 0.0402 0.1931 0.0142 0.9802
1305031464.8278 -1.4232 0.0133 -0.5178 0.0503 0.1823 -0.0005 0.9820
1305031464.8597 -1.4121 0.0250 -0.5198 0.0584 0.1640 -0.0160 0.9846
1305031464.8958 -1.3938 0.0272 -0.5218 0.0563 0.1454 -0.0356 0.9871
1305031464.9278 -1.3732 0.0044 -0.5204 0.0494 0.1307 -0.0562 0.9886
1305031464.9598 -1.3513 -0.0111 -0.5156 0.0503 0.1223 -0.0741 0.9884
1305031464.9957 -1.3319 -0.0116 -0.5099 0.0561 0.1185 -0.0924 0.9870
1305031465.0278 -1.3242 -0.0107 -0.4947 0.0596 0.1185 -0.1143 0.9846
1305031465.0597 -1.3250 0.0097 -0.4742 0.0680 0.1147 -0.1339 0.9820
1305031465.0957 -1.3056 0.0538 -0.4594 0.0694 0.1019 -0.1495 0.9811
1305031465.1277 -1.2871 0.0637 -0.4439 0.0515 0.0887 -0.1645 0.9810
1305031465.1598 -1.2761 0.0634 -0.4247 0.0327 0.0783 -0.1736 0.9811
1305031465.1956 -1.2595 0.0650 -0.4065 0.0190 0.0677 -0.1808 0.9810
1305031465.2279 -1.2425 0.0790 -0.3906 0.0082 0.0594 -0.1862 0.9807
1305031465.2598 -1.2322 0.0784 -0.3708 -0.0054 0.0523 -0.1871 0.9809
1305031465.2956 -1.2202 0.0905 -0.3574 -0.0098 0.0449 -0.1783 0.9829
1305031465.3277 -1.2069 0.1052 -0.3432 -0.0160 0.0343 -0.1659 0.9854
1305031465.3599 -1.1975 0.1067 -0.3303 -0.0224 0.0211 -0.1546 0.9875
1305031465.3956 -1.1747 0.1077 -0.3262 -0.0234 0.0032 -0.1438 0.9893
1305031465.4277 -1.1474 0.1127 -0.3253 -0.0218 -0.0115 -0.1324 0.9909
1305031465.4601 -1.1246 0.1257 -0.3269 -0.0185 -0.0226 -0.1188 0.9925
1305031465.4957 -1.0994 0.1392 -0.3287 -0.0202 -0.0336 -0.1092 0.9932
1305031465.5276 -1.0806 0.1352 -0.3256 -0.0250 -0.0426 -0.1054 0.9932
1305031465.5598 -1.0577 0.1401 -0.3302 -0.0203 -0.0515 -0.0995 0.9935
1305031465.5956 -1.0318 0.1520 -0.3360 -0.0145 -0.0569 -0.0907 0.9941
1305031465.6277 -1.0172 0.1650 -0.3420 -0.0099 -0.0596 -0.0818 0.9948
1305031465.6601 -0.9979 0.1744 -0.3469 -0.0067 -0.0688 -0.0733 0.9949
1305031465.6957 -0.9667 0.1836 -0.3511 -0.0018 -0.0786 -0.0660 0.9947
1305031465.7277 -0.9438 0.1967 -0.3561 0.0052 -0.0824 -0.0567 0.9950
1305031465.7598 -0.9198 0.2136 -0.3624 0.0126 -0.0875 -0.0478 0.9949
1305031465.7959 -0.8934 0.2267 -0.3643 0.0175 -0.0918 -0.0415 0.9948
1305031465.8280 -0.8709 0.2346 -0.3674 0.0245 -0.0954 -0.0357 0.9945
1305031465.8599 -0.8438 0.2595 -0.3739 0.0372 -0.0984 -0.0312 0.9940
1305031465.8955 -0.8156 0.2791 -0.3747 0.0412 -0.0953 -0.0288 0.9942
1305031465.9275 -0.7922 0.2867 -0.3756 0.0457 -0.0893 -0.0276 0.9946
1305031465.9597 -0.7706 0.3046 -0.3817 0.0573 -0.0821 -0.0292 0.9945
1305031465.9958 -0.7572 0.3245 -0.3893 0.0654 -0.0744 -0.0333 0.9945
1305031466.0276 -0.7416 0.3456 -0.3971 0.0721 -0.0716 -0.0352 0.9942
1305031466.0598 -0.7273 0.3687 -0.4038 0.0717 -0.0684 -0.0348 0.9945
1305031466.0958 -0.7148 0.3838 -0.4118 0.0668 -0.0689 -0.0349 0.9948
1305031466.1276 -0.6994 0.3978 -0.4193 0.0606 -0.0729 -0.0349 0.9949
1305031466.1604 -0.6871 0.4116 -0.4307 0.0551 -0.0769 -0.0330 0.9950
1305031466.1958 -0.6746 0.4277 -0.4427 0.0476 -0.0843 -0.0329 0.9948
1305031466.2280 -0.6552 0.4338 -0.4512 0.0356 -0.0936 -0.0375 0.9943
1305031466.2598 -0.6306 0.4302 -0.4596 0.0305 -0.0986 -0.0444 0.9937
1305031466.2957 -0.6089 0.4389 -0.4717 0.0342 -0.0950 -0.0563 0.9933
1305031466.3277 -0.5941 0.4484 -0.4875 0.0358 -0.0844 -0.0664 0.9936
1305031466.3598 -0.5812 0.4529 -0.5009 0.0306 -0.0751 -0.0725 0.9941
1305031466.3958 -0.5703 0.4436 -0.5122 0.0275 -0.0716 -0.0759 0.9942
1305031466.4278 -0.5588 0.4536 -0.5282 0.0348 -0.0729 -0.0806 0.9935
1305031466.4598 -0.5409 0.4636 -0.5395 0.0351 -0.0783 -0.0848 0.9927
1305031466.4958 -0.5179 0.4675 -0.5455 0.0307 -0.0832 -0.0855 0.9924
1305031466.5275 -0.4926 0.4664 -0.5490 0.0278 -0.0834 -0.0857 0.9924
1305031466.5604 -0.4747 0.4769 -0.5574 0.0275 -0.0790 -0.0881 0.9926
1305031466.5959 -0.4541 0.4837 -0.5618 0.0198 -0.0786 -0.0914 0.9925
1305031466.6275 -0.4303 0.4717 -0.5576 0.0112 -0.0785 -0.0951 0.9923
1305031466.6597 -0.4103 0.4732 -0.5622 0.0176 -0.0764 -0.1004 0.9919
1305031466.6958 -0.3922 0.4877 -0.5707 0.0208 -0.0766 -0.1085 0.9909
1305031466.7281 -0.3711 0.4884 -0.5686 0.0146 -0.0798 -0.1176 0.9897
1305031466.7596 -0.3515 0.4812 -0.5643 0.0158 -0.0812 -0.1254 0.9887
1305031466.7956 -0.3346 0.4906 -0.5724 0.0240 -0.0825 -0.1311 0.9876
1305031466.8279 -0.3167 0.4945 -0.5772 0.0212 -0.0870 -0.1339 0.9869
1305031466.8597 -0.3056 0.4914 -0.5732 0.0185 -0.0924 -0.1337 0.9865
1305031466.8957 -0.2912 0.4938 -0.5768 0.0217 -0.1042 -0.1352 0.9851
1305031466.9278 -0.2721 0.4929 -0.5816 0.0209 -0.1193 -0.1372 0.9831
1305031466.9597 -0.2536 0.4884 -0.5845 0.0200 -0.1296 -0.1384 0.9817
1305031466.9957 -0.2340 0.4858 -0.5887 0.0202 -0.1354 -0.1410 0.9805
1305031467.0278 -0.2183 0.4842 -0.5907 0.0204 -0.1396 -0.1448 0.9793
1305031467.0597 -0.1991 0.4823 -0.5964 0.0203 -0.1427 -0.1478 0.9785
1305031467.0957 -0.1837 0.4823 -0.5979 0.0186 -0.1440 -0.1536 0.9774
1305031467.1290 -0.1704 0.4808 -0.5954 0.0196 -0.1474 -0.1638 0.9752
1305031467.1597 -0.1569 0.4797 -0.5974 0.0215 -0.1507 -0.1713 0.9734
1305031467.1957 -0.1451 0.4796 -0.5990 0.0226 -0.1553 -0.1755 0.9719
1305031467.2277 -0.1318 0.4788 -0.6005 0.0232 -0.1621 -0.1807 0.9698
1305031467.2597 -0.1184 0.4773 -0.6015 0.0250 -0.1676 -0.1856 0.9679
1305031467.2958 -0.1051 0.4774 -0.6042 0.0274 -0.1729 -0.1918 0.9657
1305031467.3280 -0.0905 0.4766 -0.6098 0.0281 -0.1786 -0.1962 0.9637
1305031467.3597 -0.0750 0.4764 -0.6147 0.0244 -0.1852 -0.1983 0.9622
1305031467.3958 -0.0620 0.4773 -0.6157 0.0195 -0.1916 -0.2031 0.9600
1305031467.4278 -0.0490 0.4758 -0.6140 0.0181 -0.1976 -0.2064 0.9581
1305031467.4597 -0.0338 0.4743 -0.6202 0.0176 -0.2044 -0.2082 0.9563
1305031467.4961 -0.0172 0.4717 -0.6285 0.0122 -0.2109 -0.2139 0.9537
1305031467.5277 -0.0019 0.4702 -0.6257 0.0081 -0.2143 -0.2200 0.9516
1305031467.5598 0.0108 0.4662 -0.6238 0.0084 -0.2156 -0.2214 0.9510
1305031467.5960 0.0241 0.4624 -0.6236 0.0077 -0.2178 -0.2201 0.9508
1305031467.6275 0.0300 0.4532 -0.6136 0.0075 -0.2229 -0.2171 0.9503
1305031467.6596 0.0420 0.4460 -0.6108 0.0128 -0.2291 -0.2137 0.9496
1305031467.6959 0.0539 0.4402 -0.6120 0.0158 -0.2326 -0.2170 0.9479
1305031467.7275 0.0586 0.4311 -0.5995 0.0193 -0.2350 -0.2215 0.9462
1305031467.7599 0.0669 0.4226 -0.5923 0.0250 -0.2379 -0.2235 0.9449
1305031467.7961 0.0736 0.4168 -0.5866 0.0293 -0.2405 -0.2262 0.9435
1305031467.8278 0.0712 0.4053 -0.5677 0.0327 -0.2429 -0.2263 0.9427
1305031467.8597 0.0731 0.3958 -0.5553 0.0389 -0.2476 -0.2232 0.9420
1305031467.8959 0.0800 0.3923 -0.5479 0.0443 -0.2548 -0.2221 0.9401
1305031467.9278 0.0817 0.3828 -0.5287 0.0470 -0.2627 -0.2242 0.9373
1305031467.9598 0.0845 0.3707 -0.5109 0.0528 -0.2687 -0.2248 0.9351
1305031467.9958 0.0950 0.3692 -0.5010 0.0578 -0.2714 -0.2269 0.9336
1305031468.0281 0.0915 0.3564 -0.4750 0.0558 -0.2722 -0.2298 0.9327
1305031468.0598 0.0883 0.3430 -0.4577 0.0604 -0.2742 -0.2323 0.9312
1305031468.0959 0.0943 0.3368 -0.4465 0.0633 -0.2777 -0.2339 0.9296
1305031468.1278 0.0922 0.3247 -0.4242 0.0619 -0.2798 -0.2347 0.9289
1305031468.1599 0.0937 0.3126 -0.4080 0.0641 -0.2818 -0.2377 0.9274
1305031468.1960 0.0965 0.3016 -0.3908 0.0643 -0.2826 -0.2408 0.9263
1305031468.2282 0.0955 0.2864 -0.3728 0.0626 -0.2815 -0.2405 0.9268
1305031468.2598 0.0976 0.2708 -0.3573 0.0622 -0.2800 -0.2391 0.9277
1305031468.2958 0.0966 0.2564 -0.3416 0.0618 -0.2772 -0.2393 0.9285
1305031468.3278 0.0938 0.2363 -0.3263 0.0626 -0.2749 -0.2373 0.9296
1305031468.3598 0.0969 0.2258 -0.3173 0.0670 -0.2721 -0.2324 0.9314
1305031468.3959 0.0975 0.2183 -0.3092 0.0663 -0.2698 -0.2324 0.9321
1305031468.4280 0.0945 0.1941 -0.2989 0.0602 -0.2696 -0.2327 0.9325
1305031468.4598 0.0975 0.1744 -0.2918 0.0581 -0.2707 -0.2301 0.9329
1305031468.4958 0.0980 0.1602 -0.2827 0.0561 -0.2694 -0.2307 0.9333
1305031468.5278 0.0899 0.1382 -0.2758 0.0552 -0.2670 -0.2363 0.9326
1305031468.5597 0.0832 0.1204 -0.2723 0.0615 -0.2670 -0.2440 0.9303
1305031468.5958 0.0839 0.1131 -0.2733 0.0659 -0.2678 -0.2492 0.9284
1305031468.6276 0.0750 0.0982 -0.2684 0.0594 -0.2679 -0.2506 0.9284
1305031468.6596 0.0608 0.0751 -0.2658 0.0558 -0.2703 -0.2520 0.9275
1305031468.6958 0.0523 0.0590 -0.2642 0.0596 -0.2764 -0.2550 0.9247
1305031468.7278 0.0478 0.0490 -0.2620 0.0642 -0.2828 -0.2555 0.9223
1305031468.7596 0.0423 0.0383 -0.2562 0.0659 -0.2876 -0.2555 0.9207
1305031468.7958 0.0321 0.0191 -0.2502 0.0686 -0.2904 -0.2597 0.9184
1305031468.8292 0.0260 0.0077 -0.2485 0.0772 -0.2928 -0.2650 0.9155
1305031468.8597 0.0304 0.0024 -0.2436 0.0811 -0.2940 -0.2685 0.9137
1305031468.8959 0.0243 -0.0090 -0.2375 0.0786 -0.2893 -0.2704 0.9149
1305031468.9281 0.0196 -0.0177 -0.2338 0.0750 -0.2838 -0.2681 0.9176
1305031468.9596 0.0162 -0.0174 -0.2334 0.0704 -0.2772 -0.2658 0.9206
1305031468.9957 0.0125 -0.0081 -0.2339 0.0601 -0.2714 -0.2711 0.9216
1305031469.0277 0.0032 -0.0178 -0.2258 0.0410 -0.2668 -0.2787 0.9217
1305031469.0598 -0.0077 -0.0257 -0.2214 0.0279 -0.2633 -0.2860 0.9209
1305031469.0957 -0.0047 -0.0303 -0.2096 0.0179 -0.2635 -0.2961 0.9179
1305031469.1277 -0.0070 -0.0409 -0.1957 0.0055 -0.2573 -0.3070 0.9163
1305031469.1597 -0.0123 -0.0470 -0.1844 -0.0036 -0.2480 -0.3148 0.9162
1305031469.1955 -0.0219 -0.0530 -0.1735 -0.0111 -0.2376 -0.3204 0.9169
1305031469.2278 -0.0330 -0.0542 -0.1673 -0.0148 -0.2296 -0.3240 0.9177
1305031469.2596 -0.0369 -0.0539 -0.1561 -0.0189 -0.2266 -0.3279 0.9169
1305031469.2968 -0.0418 -0.0556 -0.1445 -0.0235 -0.2215 -0.3306 0.9171
1305031469.3276 -0.0459 -0.0521 -0.1342 -0.0277 -0.2177 -0.3328 0.9171
1305031469.3596 -0.0428 -0.0558 -0.1151 -0.0345 -0.2151 -0.3372 0.9159
1305031469.3957 -0.0461 -0.0594 -0.1004 -0.0361 -0.2044 -0.3427 0.9162
1305031469.4277 -0.0493 -0.0502 -0.0904 -0.0324 -0.1920 -0.3486 0.9168
1305031469.4597 -0.0555 -0.0408 -0.0784 -0.0307 -0.1813 -0.3556 0.9164
1305031469.4957 -0.0666 -0.0295 -0.0677 -0.0298 -0.1735 -0.3595 0.9164
1305031469.5276 -0.0673 -0.0189 -0.0567 -0.0318 -0.1736 -0.3597 0.9162
1305031469.5596 -0.0669 -0.0099 -0.0430 -0.0374 -0.1744 -0.3601 0.9157
1305031469.5958 -0.0658 -0.0015 -0.0297 -0.0449 -0.1750 -0.3595 0.9155
1305031469.6278 -0.0668 0.0081 -0.0163 -0.0542 -0.1725 -0.3590 0.9156
1305031469.6596 -0.0731 0.0168 -0.0020 -0.0602 -0.1674 -0.3593 0.9161
1305031469.6956 -0.0737 0.0280 0.0096 -0.0636 -0.1637 -0.3583 0.9169
1305031469.7277 -0.0774 0.0397 0.0218 -0.0685 -0.1582 -0.3571 0.9180
1305031469.7596 -0.0811 0.0533 0.0310 -0.0737 -0.1529 -0.3549 0.9194
1305031469.7956 -0.0899 0.0716 0.0424 -0.0791 -0.1488 -0.3524 0.9205
1305031469.8275 -0.0953 0.0859 0.0509 -0.0845 -0.1493 -0.3504 0.9207
1305031469.8596 -0.1016 0.1019 0.0597 -0.0913 -0.1495 -0.3483 0.9209
1305031469.8958 -0.1086 0.1186 0.0678 -0.0961 -0.1494 -0.3456 0.9214
1305031469.9279 -0.1167 0.1375 0.0764 -0.0992 -0.1502 -0.3417 0.9224
1305031469.9598 -0.1242 0.1538 0.0824 -0.1014 -0.1531 -0.3390 0.9227
1305031469.9956 -0.1323 0.1695 0.0863 -0.1036 -0.1544 -0.3373 0.9229
1305031470.0277 -0.1411 0.1879 0.0889 -0.1054 -0.1557 -0.3360 0.9229
1305031470.0596 -0.1511 0.2050 0.0903 -0.1070 -0.1550 -0.3357 0.9229
1305031470.0959 -0.1605 0.2197 0.0906 -0.1093 -0.1546 -0.3341 0.9233
1305031470.1276 -0.1698 0.2352 0.0892 -0.1134 -0.1537 -0.3320 0.9238
1305031470.1596 -0.1810 0.2533 0.0900 -0.1160 -0.1532 -0.3283 0.9248
1305031470.1961 -0.1913 0.2664 0.0866 -0.1189 -0.1537 -0.3261 0.9252
1305031470.2276 -0.2011 0.2807 0.0843 -0.1230 -0.1532 -0.3228 0.9259
1305031470.2600 -0.2117 0.2942 0.0813 -0.1281 -0.1519 -0.3201 0.9263
1305031470.2957 -0.2220 0.3066 0.0783 -0.1344 -0.1504 -0.3184 0.9263
1305031470.3276 -0.2338 0.3219 0.0763 -0.1405 -0.1484 -0.3154 0.9267
1305031470.3596 -0.2454 0.3363 0.0737 -0.1456 -0.1483 -0.3104 0.9276
1305031470.3958 -0.2566 0.3496 0.0707 -0.1495 -0.1487 -0.3065 0.9282
1305031470.4276 -0.2683 0.3626 0.0680 -0.1504 -0.1499 -0.3066 0.9279
1305031470.4597 -0.2803 0.3732 0.0647 -0.1503 -0.1510 -0.3065 0.9277
1305031470.4957 -0.2920 0.3824 0.0603 -0.1500 -0.1520 -0.3052 0.9280
1305031470.5277 -0.3027 0.3904 0.0559 -0.1503 -0.1524 -0.3055 0.9278
1305031470.5597 -0.3133 0.4002 0.0529 -0.1512 -0.1512 -0.3046 0.9282
1305031470.5958 -0.3241 0.4070 0.0493 -0.1529 -0.1500 -0.3019 0.9290
1305031470.6277 -0.3331 0.4150 0.0474 -0.1553 -0.1493 -0.2974 0.9301
1305031470.6597 -0.3429 0.4217 0.0455 -0.1576 -0.1488 -0.2934 0.9311
1305031470.6956 -0.3535 0.4296 0.0442 -0.1603 -0.1484 -0.2904 0.9316
1305031470.7277 -0.3643 0.4354 0.0434 -0.1606 -0.1478 -0.2881 0.9324
1305031470.7597 -0.3720 0.4359 0.0381 -0.1638 -0.1440 -0.2859 0.9331
1305031470.7956 -0.3820 0.4449 0.0394 -0.1640 -0.1378 -0.2808 0.9356
1305031470.8278 -0.3919 0.4510 0.0404 -0.1603 -0.1371 -0.2757 0.9378
1305031470.8596 -0.4016 0.4547 0.0380 -0.1558 -0.1371 -0.2710 0.9399
1305031470.8957 -0.4111 0.4586 0.0346 -0.1520 -0.1376 -0.2661 0.9419
1305031470.9277 -0.4208 0.4631 0.0339 -0.1471 -0.1402 -0.2613 0.9436
1305031470.9596 -0.4312 0.4618 0.0319 -0.1402 -0.1441 -0.2583 0.9449
1305031470.9960 -0.4382 0.4620 0.0269 -0.1327 -0.1457 -0.2554 0.9466
1305031471.0276 -0.4470 0.4608 0.0250 -0.1252 -0.1450 -0.2527 0.9484
1305031471.0596 -0.4567 0.4606 0.0208 -0.1161 -0.1419 -0.2483 0.9512
1305031471.0958 -0.4650 0.4636 0.0160 -0.1068 -0.1406 -0.2416 0.9542
1305031471.1277 -0.4735 0.4624 0.0130 -0.1024 -0.1409 -0.2348 0.9563
1305031471.1596 -0.4783 0.4620 0.0084 -0.0972 -0.1412 -0.2284 0.9583
1305031471.1957 -0.4839 0.4631 0.0048 -0.0944 -0.1384 -0.2226 0.9604
1305031471.2276 -0.4909 0.4654 0.0030 -0.0933 -0.1346 -0.2176 0.9622
1305031471.2597 -0.4981 0.4647 0.0024 -0.0946 -0.1324 -0.2142 0.9632
1305031471.2961 -0.5046 0.4621 0.0016 -0.0950 -0.1302 -0.2098 0.9644
1305031471.3276 -0.5069 0.4605 -0.0016 -0.0918 -0.1275 -0.2067 0.9657
1305031471.3596 -0.5092 0.4618 -0.0044 -0.0898 -0.1206 -0.2046 0.9672
1305031471.3957 -0.5180 0.4590 -0.0041 -0.0905 -0.1122 -0.1996 0.9692
1305031471.4277 -0.5249 0.4609 -0.0080 -0.0856 -0.1086 -0.1927 0.9715
1305031471.4596 -0.5282 0.4624 -0.0119 -0.0846 -0.1091 -0.1877 0.9725
1305031471.4965 -0.5327 0.4619 -0.0138 -0.0863 -0.1082 -0.1836 0.9732
1305031471.5276 -0.5365 0.4621 -0.0167 -0.0865 -0.1075 -0.1792 0.9741
1305031471.5597 -0.5379 0.4613 -0.0203 -0.0874 -0.1066 -0.1770 0.9745
1305031471.5957 -0.5402 0.4600 -0.0231 -0.0882 -0.1025 -0.1749 0.9753
1305031471.6276 -0.5428 0.4595 -0.0260 -0.0880 -0.0978 -0.1732 0.9761
1305031471.6596 -0.5447 0.4596 -0.0284 -0.0863 -0.0933 -0.1695 0.9773
1305031471.6956 -0.5464 0.4599 -0.0334 -0.0848 -0.0895 -0.1649 0.9786
1305031471.7275 -0.5478 0.4620 -0.0373 -0.0846 -0.0854 -0.1614 0.9795
1305031471.7597 -0.5478 0.4626 -0.0372 -0.0854 -0.0813 -0.1544 0.9810
1305031471.7958 -0.5494 0.4633 -0.0438 -0.0846 -0.0735 -0.1475 0.9827
1305031471.8276 -0.5508 0.4664 -0.0472 -0.0871 -0.0684 -0.1418 0.9837
1305031471.8597 -0.5526 0.4686 -0.0460 -0.0910 -0.0643 -0.1342 0.9847
1305031471.8956 -0.5545 0.4712 -0.0501 -0.0935 -0.0596 -0.1301 0.9853
1305031471.9277 -0.5569 0.4761 -0.0499 -0.0969 -0.0533 -0.1264 0.9858
1305031471.9596 -0.5595 0.4772 -0.0445 -0.0990 -0.0463 -0.1234 0.9863
1305031471.9956 -0.5634 0.4822 -0.0520 -0.0975 -0.0366 -0.1208 0.9872
1305031472.0276 -0.5666 0.4876 -0.0493 -0.1029 -0.0306 -0.1173 0.9873
1305031472.0597 -0.5701 0.4902 -0.0460 -0.1043 -0.0263 -0.1142 0.9876
1305031472.0956 -0.5741 0.4936 -0.0494 -0.1039 -0.0201 -0.1086 0.9884
1305031472.1276 -0.5776 0.4963 -0.0491 -0.1099 -0.0174 -0.1052 0.9882
1305031472.1596 -0.5821 0.5005 -0.0409 -0.1102 -0.0162 -0.1036 0.9884
1305031472.1957 -0.5871 0.5015 -0.0409 -0.1064 -0.0139 -0.0997 0.9892
1305031472.2276 -0.5914 0.5026 -0.0426 -0.1041 -0.0112 -0.0980 0.9897
1305031472.2638 -0.5945 0.5024 -0.0386 -0.1013 -0.0093 -0.0986 0.9899
1305031472.2957 -0.5971 0.4958 -0.0435 -0.0996 -0.0076 -0.0965 0.9903
1305031472.3277 -0.5983 0.4940 -0.0484 -0.0958 -0.0067 -0.0932 0.9910
1305031472.3636 -0.6003 0.4954 -0.0489 -0.0946 -0.0060 -0.0919 0.9912
1305031472.3956 -0.6015 0.4915 -0.0460 -0.0968 -0.0084 -0.0897 0.9912
1305031472.4277 -0.6021 0.4858 -0.0464 -0.0981 -0.0120 -0.0895 0.9911
1305031472.4636 -0.6010 0.4802 -0.0492 -0.0988 -0.0141 -0.0897 0.9909
1305031472.4956 -0.5999 0.4769 -0.0485 -0.1000 -0.0131 -0.0914 0.9907
1305031472.5276 -0.6014 0.4756 -0.0447 -0.0981 -0.0107 -0.0906 0.9910
1305031472.5636 -0.6006 0.4638 -0.0474 -0.0999 -0.0127 -0.0864 0.9912
1305031472.5957 -0.5990 0.4643 -0.0500 -0.0945 -0.0144 -0.0840 0.9919
1305031472.6277 -0.5973 0.4611 -0.0491 -0.0951 -0.0158 -0.0818 0.9920
1305031472.6636 -0.5962 0.4566 -0.0474 -0.0954 -0.0167 -0.0804 0.9920
1305031472.6958 -0.5950 0.4528 -0.0463 -0.0943 -0.0177 -0.0790 0.9923
1305031472.7276 -0.5933 0.4492 -0.0452 -0.0923 -0.0193 -0.0790 0.9924
1305031472.7636 -0.5913 0.4464 -0.0448 -0.0904 -0.0199 -0.0804 0.9925
1305031472.7956 -0.5912 0.4433 -0.0432 -0.0888 -0.0187 -0.0821 0.9925
1305031472.8276 -0.5912 0.4414 -0.0422 -0.0860 -0.0180 -0.0820 0.9928
1305031472.8636 -0.5922 0.4410 -0.0414 -0.0835 -0.0174 -0.0808 0.9931
1305031472.8957 -0.5919 0.4402 -0.0410 -0.0834 -0.0188 -0.0789 0.9932
1305031472.9277 -0.5909 0.4373 -0.0388 -0.0849 -0.0203 -0.0772 0.9932
1305031472.9638 -0.5904 0.4380 -0.0382 -0.0835 -0.0201 -0.0759 0.9934
1305031472.9957 -0.5918 0.4374 -0.0371 -0.0846 -0.0201 -0.0750 0.9934
1305031473.0276 -0.5915 0.4375 -0.0363 -0.0849 -0.0215 -0.0748 0.9933
1305031473.0637 -0.5907 0.4352 -0.0347 -0.0866 -0.0225 -0.0761 0.9931
1305031473.0957 -0.5902 0.4349 -0.0345 -0.0858 -0.0219 -0.0783 0.9930
1305031473.1277 -0.5917 0.4347 -0.0336 -0.0856 -0.0201 -0.0797 0.9929
1305031473.1671 -0.5927 0.4329 -0.0332 -0.0856 -0.0205 -0.0799 0.9929
1305031473.1961 -0.5916 0.4321 -0.0336 -0.0846 -0.0219 -0.0798 0.9930
