1305031453.3917 0.0000 0.0000 0.0000 0.0000 0.0000 0.0000 1.0000
1305031453.5237 0.0124 0.0205 -0.0371 0.0177 0.0214 0.0381 0.9989
1305031453.6277 0.0132 0.0383 -0.0770 0.0389 0.0264 0.0540 0.9974
1305031453.7277 0.0001 0.0632 -0.1217 0.0574 0.0114 0.0431 0.9974
1305031453.8278 -0.0228 0.0855 -0.1592 0.0690 -0.0138 0.0213 0.9973
1305031453.9277 -0.0551 0.1051 -0.1874 0.0680 -0.0604 0.0019 0.9959
1305031453.9596 -0.0624 0.1111 -0.1970 0.0659 -0.0767 -0.0078 0.9948
1305031453.9916 -0.0711 0.1109 -0.1954 0.0642 -0.0887 -0.0185 0.9938
1305031454.0277 -0.0796 0.1127 -0.1970 0.0662 -0.1013 -0.0276 0.9923
1305031454.0597 -0.0885 0.1168 -0.2011 0.0674 -0.1127 -0.0388 0.9906
1305031454.0917 -0.0970 0.1161 -0.1953 0.0681 -0.1252 -0.0516 0.9885
1305031454.1277 -0.1054 0.1157 -0.1914 0.0714 -0.1398 -0.0647 0.9855
1305031454.1597 -0.1046 0.1164 -0.1859 0.0720 -0.1577 -0.0756 0.9820
1305031454.1917 -0.1164 0.1171 -0.1872 0.0700 -0.1733 -0.0903 0.9782
1305031454.2277 -0.1269 0.1165 -0.1808 0.0737 -0.1903 -0.1084 0.9729
1305031454.2596 -0.1146 0.1111 -0.1880 0.0765 -0.2069 -0.1214 0.9678
1305031454.2916 -0.1202 0.1147 -0.1885 0.0754 -0.2149 -0.1332 0.9646
1305031454.3277 -0.1307 0.1125 -0.1947 0.0758 -0.2229 -0.1481 0.9605
1305031454.3596 -0.1349 0.1171 -0.1922 0.0837 -0.2355 -0.1622 0.9546
1305031454.3917 -0.1395 0.1202 -0.1959 0.0852 -0.2434 -0.1745 0.9503
1305031454.4275 -0.1508 0.1260 -0.1996 0.0881 -0.2534 -0.1890 0.9446
1305031454.4599 -0.1504 0.1266 -0.1983 0.0909 -0.2657 -0.2044 0.9377
1305031454.4916 -0.1549 0.1317 -0.1986 0.0937 -0.2705 -0.2201 0.9325
1305031454.5277 -0.1552 0.1371 -0.2019 0.0945 -0.2770 -0.2363 0.9266
1305031454.5596 -0.1581 0.1414 -0.2058 0.0914 -0.2824 -0.2491 0.9219
1305031454.5916 -0.1640 0.1459 -0.2096 0.0888 -0.2906 -0.2643 0.9153
1305031454.6276 -0.1661 0.1492 -0.2074 0.0868 -0.3038 -0.2766 0.9076
1305031454.6595 -0.1644 0.1566 -0.2094 0.0823 -0.3160 -0.2843 0.9014
1305031454.6919 -0.1672 0.1569 -0.2089 0.0739 -0.3296 -0.2927 0.8946
1305031454.7277 -0.1650 0.1573 -0.2032 0.0687 -0.3441 -0.2981 0.8877
1305031454.7597 -0.1594 0.1578 -0.1985 0.0613 -0.3525 -0.2954 0.8859
1305031454.7916 -0.1545 0.1618 -0.1972 0.0554 -0.3561 -0.2888 0.8870
1305031454.8276 -0.1469 0.1732 -0.1937 0.0520 -0.3582 -0.2820 0.8885
1305031454.8596 -0.1435 0.1803 -0.1899 0.0460 -0.3560 -0.2750 0.8919
1305031454.8918 -0.1408 0.1865 -0.1901 0.0413 -0.3512 -0.2685 0.8960
1305031454.9276 -0.1382 0.1932 -0.1913 0.0363 -0.3459 -0.2630 0.8999
1305031454.9596 -0.1388 0.1992 -0.1948 0.0317 -0.3404 -0.2578 0.9037
1305031454.9919 -0.1422 0.2060 -0.2002 0.0281 -0.3367 -0.2528 0.9066
1305031455.0278 -0.1420 0.2176 -0.2048 0.0285 -0.3356 -0.2502 0.9077
1305031455.0596 -0.1450 0.2227 -0.2078 0.0260 -0.3328 -0.2487 0.9092
1305031455.0917 -0.1489 0.2300 -0.2127 0.0280 -0.3294 -0.2482 0.9105
1305031455.1277 -0.1532 0.2417 -0.2187 0.0297 -0.3243 -0.2466 0.9128
1305031455.1597 -0.1619 0.2522 -0.2259 0.0286 -0.3188 -0.2424 0.9158
1305031455.1917 -0.1709 0.2600 -0.2300 0.0244 -0.3151 -0.2370 0.9187
1305031455.2276 -0.1797 0.2663 -0.2358 0.0233 -0.3116 -0.2318 0.9212
1305031455.2596 -0.1852 0.2808 -0.2425 0.0222 -0.3065 -0.2259 0.9244
1305031455.2918 -0.1981 0.2842 -0.2474 0.0119 -0.3003 -0.2170 0.9287
1305031455.3278 -0.2087 0.2935 -0.2569 0.0060 -0.2966 -0.2074 0.9322
1305031455.3596 -0.2141 0.3041 -0.2613 -0.0011 -0.2947 -0.2019 0.9340
1305031455.3917 -0.2247 0.3053 -0.2644 -0.0130 -0.2877 -0.1946 0.9377
1305031455.4276 -0.2386 0.3101 -0.2715 -0.0210 -0.2800 -0.1850 0.9418
1305031455.4596 -0.2519 0.3100 -0.2780 -0.0277 -0.2762 -0.1765 0.9443
1305031455.4916 -0.2627 0.3145 -0.2880 -0.0328 -0.2721 -0.1661 0.9473
1305031455.5276 -0.2789 0.3123 -0.2948 -0.0404 -0.2685 -0.1530 0.9502
1305031455.5597 -0.2945 0.3129 -0.3071 -0.0441 -0.2681 -0.1401 0.9521
1305031455.5916 -0.3051 0.3177 -0.3207 -0.0471 -0.2686 -0.1261 0.9538
1305031455.6596 -0.3344 0.3106 -0.3356 -0.0527 -0.2656 -0.1076 0.9566
1305031455.6916 -0.3475 0.3136 -0.3491 -0.0477 -0.2636 -0.1083 0.9574
1305031455.7276 -0.3597 0.3116 -0.3605 -0.0452 -0.2607 -0.1129 0.9577
1305031455.7597 -0.3724 0.3100 -0.3740 -0.0435 -0.2552 -0.1159 0.9589
1305031455.7917 -0.3868 0.3018 -0.3870 -0.0430 -0.2496 -0.1149 0.9605
1305031455.8276 -0.3989 0.3011 -0.4031 -0.0395 -0.2462 -0.1143 0.9617
1305031455.8595 -0.4090 0.2963 -0.4158 -0.0395 -0.2447 -0.1157 0.9619
1305031455.8917 -0.4177 0.2930 -0.4286 -0.0390 -0.2422 -0.1159 0.9625
1305031455.9280 -0.4276 0.2884 -0.4388 -0.0398 -0.2388 -0.1166 0.9632
1305031455.9597 -0.4355 0.2884 -0.4520 -0.0379 -0.2353 -0.1190 0.9639
1305031455.9917 -0.4434 0.2871 -0.4619 -0.0388 -0.2307 -0.1214 0.9647
1305031456.0278 -0.4513 0.2944 -0.4752 -0.0398 -0.2236 -0.1264 0.9656
1305031456.0597 -0.4646 0.2887 -0.4815 -0.0486 -0.2174 -0.1345 0.9655
1305031456.0917 -0.4766 0.2800 -0.4861 -0.0544 -0.2128 -0.1399 0.9655
1305031456.1276 -0.4869 0.2764 -0.4927 -0.0549 -0.2083 -0.1413 0.9663
1305031456.1597 -0.4961 0.2678 -0.4934 -0.0564 -0.2033 -0.1416 0.9672
1305031456.1917 -0.5057 0.2617 -0.4984 -0.0511 -0.1952 -0.1391 0.9695
1305031456.2277 -0.5124 0.2689 -0.5054 -0.0450 -0.1852 -0.1356 0.9723
1305031456.2917 -0.5384 0.2528 -0.5057 -0.0459 -0.1620 -0.1285 0.9773
1305031456.3277 -0.5497 0.2480 -0.5046 -0.0420 -0.1514 -0.1215 0.9801
1305031456.3916 -0.5724 0.2431 -0.4996 -0.0377 -0.1270 -0.1119 0.9848
1305031456.4277 -0.5907 0.2476 -0.5001 -0.0299 -0.1144 -0.1048 0.9874
1305031456.4917 -0.6291 0.2663 -0.4951 -0.0324 -0.1040 -0.0935 0.9896
1305031456.5276 -0.6418 0.2661 -0.4863 -0.0392 -0.1056 -0.0883 0.9897
1305031456.5917 -0.6630 0.2706 -0.4735 -0.0417 -0.1013 -0.0770 0.9910
1305031456.6276 -0.6742 0.2817 -0.4662 -0.0524 -0.0954 -0.0718 0.9915
1305031456.6916 -0.7112 0.2670 -0.4443 -0.0681 -0.0829 -0.0569 0.9926
1305031456.8276 -0.7698 0.2878 -0.4165 -0.0760 -0.0920 -0.0252 0.9925
1305031457.0917 -0.8676 0.3056 -0.3774 -0.1067 -0.0537 0.0104 0.9928
1305031457.2917 -0.9367 0.2855 -0.4113 -0.1062 -0.0103 0.0459 0.9932
1305031457.3917 -0.9778 0.2719 -0.4415 -0.1013 0.0245 0.0639 0.9925
1305031457.4917 -1.0240 0.2545 -0.4733 -0.0990 0.0409 0.0797 0.9910
1305031457.5597 -1.0478 0.2420 -0.4965 -0.0921 0.0497 0.0871 0.9907
1305031457.6596 -1.0952 0.2322 -0.5266 -0.0844 0.0618 0.0975 0.9897
1305031457.7596 -1.1282 0.1938 -0.5418 -0.0927 0.0650 0.0976 0.9888
1305031457.7916 -1.1335 0.1756 -0.5469 -0.0877 0.0681 0.0973 0.9890
1305031457.8277 -1.1462 0.1772 -0.5593 -0.0761 0.0757 0.0981 0.9894
1305031457.8916 -1.1684 0.1453 -0.5636 -0.0701 0.0909 0.1000 0.9883
1305031457.9276 -1.1886 0.1434 -0.5699 -0.0560 0.0971 0.1046 0.9882
1305031457.9916 -1.2116 0.1276 -0.5723 -0.0452 0.0989 0.1103 0.9879
1305031458.0278 -1.2200 0.1158 -0.5710 -0.0376 0.1017 0.1117 0.9878
1305031458.0597 -1.2370 0.1246 -0.5719 -0.0262 0.1073 0.1142 0.9873
1305031458.0917 -1.2531 0.1239 -0.5676 -0.0259 0.1125 0.1157 0.9865
1305031458.1276 -1.2671 0.1159 -0.5576 -0.0277 0.1166 0.1161 0.9860
1305031458.1596 -1.2823 0.1087 -0.5489 -0.0261 0.1194 0.1185 0.9854
1305031458.1916 -1.3003 0.1129 -0.5410 -0.0244 0.1200 0.1227 0.9849
1305031458.2276 -1.3125 0.1079 -0.5279 -0.0317 0.1169 0.1238 0.9849
1305031458.2599 -1.3187 0.0843 -0.5058 -0.0374 0.1131 0.1212 0.9855
1305031458.2917 -1.3394 0.0817 -0.4970 -0.0281 0.1103 0.1214 0.9861
1305031458.3276 -1.3484 0.0757 -0.4852 -0.0272 0.1030 0.1240 0.9865
1305031458.3596 -1.3564 0.0649 -0.4621 -0.0203 0.0986 0.1258 0.9869
1305031458.3916 -1.3663 0.0679 -0.4498 -0.0070 0.0949 0.1296 0.9870
1305031458.4276 -1.3700 0.0653 -0.4358 -0.0000 0.0932 0.1389 0.9859
1305031458.4596 -1.3679 0.0548 -0.4198 0.0091 0.0961 0.1463 0.9845
1305031458.4917 -1.3682 0.0482 -0.4033 0.0283 0.1048 0.1464 0.9832
1305031458.5277 -1.3821 0.0672 -0.3866 0.0498 0.1158 0.1448 0.9814
1305031458.5596 -1.3902 0.0718 -0.3672 0.0576 0.1249 0.1427 0.9802
1305031458.5916 -1.4009 0.0742 -0.3439 0.0675 0.1317 0.1373 0.9794
1305031458.6277 -1.4176 0.0988 -0.3227 0.0746 0.1338 0.1319 0.9794
1305031458.6596 -1.4288 0.0991 -0.3010 0.0680 0.1305 0.1327 0.9802
1305031458.6917 -1.4348 0.1041 -0.2732 0.0639 0.1160 0.1262 0.9831
1305031458.7276 -1.4208 0.0954 -0.2489 0.0593 0.0970 0.1176 0.9865
1305031458.7599 -1.4349 0.0980 -0.2339 0.0658 0.0850 0.1073 0.9884
1305031458.7916 -1.4442 0.1142 -0.2204 0.0694 0.0714 0.0979 0.9902
1305031458.8276 -1.4413 0.1108 -0.2055 0.0620 0.0619 0.0949 0.9916
1305031458.8917 -1.4417 0.1070 -0.1836 0.0692 0.0586 0.0841 0.9923
1305031458.9276 -1.4528 0.1107 -0.1812 0.0675 0.0661 0.0888 0.9916
1305031458.9596 -1.4564 0.1029 -0.1745 0.0584 0.0709 0.1017 0.9906
1305031458.9916 -1.4589 0.0855 -0.1651 0.0580 0.0731 0.1077 0.9898
1305031459.0277 -1.4764 0.0812 -0.1567 0.0690 0.0716 0.1087 0.9891
1305031459.0596 -1.4978 0.0730 -0.1441 0.0772 0.0669 0.1184 0.9877
1305031459.1276 -1.5518 0.1530 -0.1450 0.1071 0.0774 0.0956 0.9866
1305031459.1596 -1.5631 0.1502 -0.1353 0.1154 0.0515 0.0967 0.9873
1305031459.1917 -1.5730 0.1496 -0.1279 0.1204 0.0320 0.1028 0.9869
1305031459.2276 -1.5793 0.1493 -0.1201 0.1219 0.0181 0.1140 0.9858
1305031459.2598 -1.5814 0.1545 -0.1100 0.1220 0.0142 0.1232 0.9848
1305031459.3276 -1.5931 0.1597 -0.0871 0.1182 0.0459 0.1527 0.9801
1305031459.3597 -1.6043 0.1685 -0.0791 0.1234 0.0704 0.1723 0.9747
1305031459.3917 -1.6238 0.1874 -0.0672 0.1235 0.1003 0.1985 0.9671
1305031459.4276 -1.6233 0.1914 -0.0547 0.1118 0.1326 0.2352 0.9563
1305031459.4597 -1.6338 0.1937 -0.0504 0.1101 0.1665 0.2734 0.9410
1305031459.5276 -1.6099 0.2392 -0.0066 0.1235 0.1602 0.2735 0.9404
1305031459.5596 -1.6247 0.2321 -0.0119 0.1158 0.1741 0.3007 0.9305
1305031459.5917 -1.6429 0.2341 -0.0087 0.1137 0.1814 0.3189 0.9233
1305031459.6276 -1.6514 0.2302 -0.0056 0.1087 0.1826 0.3299 0.9198
1305031459.6596 -1.6649 0.2338 -0.0020 0.1097 0.1895 0.3303 0.9181
1305031459.6916 -1.6825 0.2301 0.0018 0.1042 0.2022 0.3360 0.9140
1305031459.7276 -1.6957 0.2156 0.0026 0.0970 0.2105 0.3406 0.9112
1305031459.7917 -1.7355 0.1915 0.0079 0.0980 0.2239 0.3346 0.9101
1305031459.8277 -1.7529 0.1824 0.0120 0.0974 0.2251 0.3321 0.9108
1305031459.8597 -1.7717 0.1721 0.0173 0.0935 0.2253 0.3307 0.9116
1305031459.8916 -1.7829 0.1587 0.0226 0.0880 0.2212 0.3338 0.9121
1305031459.9276 -1.7933 0.1460 0.0273 0.0867 0.2184 0.3369 0.9118
1305031459.9917 -1.8163 0.1233 0.0373 0.0813 0.2160 0.3441 0.9101
1305031460.0276 -1.8238 0.1089 0.0420 0.0796 0.2159 0.3474 0.9091
1305031460.0597 -1.8361 0.0952 0.0466 0.0798 0.2167 0.3493 0.9081
1305031460.0917 -1.8485 0.0796 0.0529 0.0813 0.2131 0.3564 0.9061
1305031460.1277 -1.8531 0.0651 0.0578 0.0851 0.2031 0.3659 0.9042
1305031460.1597 -1.8617 0.0570 0.0632 0.0911 0.1949 0.3728 0.9026
1305031460.1916 -1.8644 0.0493 0.0705 0.0905 0.1873 0.3793 0.9016
1305031460.2278 -1.8568 0.0389 0.0788 0.0899 0.1849 0.3836 0.9003
1305031460.2917 -1.8616 0.0178 0.0883 0.0921 0.2011 0.3838 0.8965
1305031460.3275 -1.8641 0.0067 0.0924 0.0932 0.2093 0.3860 0.8936
1305031460.3916 -1.8666 -0.0121 0.1043 0.0889 0.2282 0.3930 0.8863
1305031460.4275 -1.8687 -0.0237 0.1087 0.0876 0.2390 0.3981 0.8813
1305031460.4596 -1.8694 -0.0296 0.1141 0.0864 0.2513 0.4022 0.8761
1305031460.4915 -1.8744 -0.0375 0.1180 0.0806 0.2658 0.4086 0.8694
1305031460.5276 -1.8744 -0.0488 0.1212 0.0733 0.2759 0.4193 0.8618
1305031460.5596 -1.8732 -0.0606 0.1247 0.0668 0.2850 0.4241 0.8570
1305031460.5919 -1.8765 -0.0711 0.1278 0.0630 0.2942 0.4253 0.8536
1305031460.6276 -1.8765 -0.0825 0.1309 0.0597 0.3020 0.4282 0.8496
1305031460.6598 -1.8816 -0.0940 0.1340 0.0576 0.3102 0.4278 0.8470
1305031460.6917 -1.8874 -0.1041 0.1390 0.0545 0.3150 0.4290 0.8448
1305031460.7277 -1.8878 -0.1138 0.1449 0.0495 0.3171 0.4295 0.8441
1305031460.7597 -1.8875 -0.1249 0.1502 0.0461 0.3219 0.4282 0.8431
1305031460.7917 -1.8931 -0.1366 0.1571 0.0432 0.3267 0.4274 0.8418
1305031460.8277 -1.8951 -0.1444 0.1653 0.0389 0.3286 0.4246 0.8427
1305031460.8597 -1.8947 -0.1516 0.1729 0.0333 0.3322 0.4223 0.8427
1305031460.8918 -1.8948 -0.1640 0.1816 0.0260 0.3376 0.4199 0.8420
1305031460.9276 -1.8962 -0.1761 0.1910 0.0203 0.3405 0.4194 0.8413
1305031460.9917 -1.8853 -0.1993 0.2052 0.0171 0.3440 0.4223 0.8385
1305031461.0276 -1.8838 -0.2106 0.2135 0.0185 0.3466 0.4230 0.8370
1305031461.0917 -1.8841 -0.2235 0.2296 0.0220 0.3458 0.4218 0.8379
1305031461.1276 -1.8767 -0.2330 0.2355 0.0201 0.3453 0.4200 0.8390
1305031461.1597 -1.8718 -0.2439 0.2428 0.0218 0.3469 0.4183 0.8392
1305031461.1920 -1.8705 -0.2472 0.2490 0.0257 0.3473 0.4136 0.8412
1305031461.2276 -1.8685 -0.2529 0.2561 0.0264 0.3490 0.4108 0.8419
1305031461.2596 -1.8649 -0.2611 0.2621 0.0276 0.3494 0.4076 0.8432
1305031461.2917 -1.8615 -0.2636 0.2683 0.0303 0.3497 0.4014 0.8460
1305031461.3278 -1.8561 -0.2627 0.2740 0.0326 0.3513 0.3966 0.8475
1305031461.3597 -1.8572 -0.2612 0.2818 0.0297 0.3555 0.3922 0.8479
1305031461.3917 -1.8473 -0.2720 0.2886 0.0207 0.3552 0.3942 0.8473
1305031461.4276 -1.8413 -0.2755 0.2923 0.0201 0.3558 0.3922 0.8481
1305031461.4598 -1.8399 -0.2726 0.2972 0.0175 0.3559 0.3932 0.8476
1305031461.4917 -1.8257 -0.2842 0.2975 0.0118 0.3548 0.3961 0.8468
1305031461.5277 -1.8260 -0.2821 0.2982 0.0179 0.3569 0.3927 0.8474
1305031461.5597 -1.8192 -0.2766 0.2938 0.0178 0.3573 0.3891 0.8489
1305031461.5917 -1.8165 -0.2737 0.2914 0.0183 0.3649 0.3851 0.8475
1305031461.6275 -1.8140 -0.2699 0.2904 0.0161 0.3707 0.3848 0.8451
1305031461.6596 -1.8110 -0.2671 0.2896 0.0141 0.3756 0.3847 0.8430
1305031461.6916 -1.8107 -0.2607 0.2892 0.0133 0.3788 0.3895 0.8394
1305031461.7276 -1.8023 -0.2563 0.2865 0.0103 0.3782 0.3958 0.8368
1305031461.7597 -1.8008 -0.2461 0.2824 0.0106 0.3799 0.3975 0.8352
1305031461.7916 -1.7966 -0.2369 0.2782 0.0065 0.3815 0.4019 0.8324
1305031461.8276 -1.7914 -0.2297 0.2730 0.0041 0.3849 0.4068 0.8285
1305031461.8598 -1.7938 -0.2156 0.2712 0.0041 0.3897 0.4124 0.8234
1305031461.8917 -1.7966 -0.2049 0.2712 0.0000 0.3924 0.4235 0.8165
1305031461.9278 -1.7901 -0.1956 0.2664 -0.0077 0.3889 0.4335 0.8129
1305031461.9597 -1.7836 -0.1795 0.2584 -0.0121 0.3905 0.4361 0.8107
1305031461.9916 -1.7956 -0.1671 0.2600 -0.0176 0.4003 0.4420 0.8025
1305031462.0277 -1.7964 -0.1696 0.2647 -0.0307 0.4018 0.4539 0.7947
1305031462.0598 -1.7985 -0.1665 0.2671 -0.0360 0.3983 0.4662 0.7891
1305031462.0918 -1.7983 -0.1576 0.2638 -0.0387 0.3915 0.4775 0.7856
1305031462.1277 -1.8001 -0.1483 0.2626 -0.0417 0.3885 0.4863 0.7816
1305031462.1596 -1.8008 -0.1443 0.2612 -0.0471 0.3864 0.4929 0.7781
1305031462.1916 -1.8051 -0.1320 0.2601 -0.0487 0.3854 0.4920 0.7791
1305031462.2276 -1.8117 -0.1238 0.2607 -0.0542 0.3866 0.4922 0.7780
1305031462.2598 -1.8164 -0.1184 0.2622 -0.0612 0.3858 0.4911 0.7786
1305031462.2916 -1.8226 -0.1109 0.2631 -0.0672 0.3832 0.4876 0.7816
1305031462.3597 -1.8409 -0.0920 0.2695 -0.0795 0.3831 0.4752 0.7881
1305031462.4599 -1.8781 -0.1020 0.3242 -0.1171 0.3951 0.4543 0.7898
1305031462.6597 -1.8158 -0.0393 0.2996 -0.1171 0.3342 0.4668 0.8104
1305031462.7277 -1.8336 -0.0349 0.2847 -0.1188 0.3272 0.4475 0.8238
1305031462.7919 -1.8439 -0.0307 0.2735 -0.1233 0.3192 0.4345 0.8332
1305031462.8278 -1.8503 -0.0321 0.2632 -0.1286 0.3154 0.4306 0.8358
1305031462.9276 -1.8520 -0.0299 0.2390 -0.1412 0.3124 0.4180 0.8413
1305031463.0277 -1.8529 -0.0110 0.2105 -0.1330 0.3047 0.4120 0.8484
1305031463.0958 -1.8522 -0.0038 0.1853 -0.1312 0.2962 0.3966 0.8590
1305031463.1598 -1.8521 0.0000 0.1607 -0.1274 0.2942 0.3828 0.8664
1305031463.2600 -1.8459 0.0171 0.1251 -0.1241 0.2905 0.3691 0.8741
1305031463.3598 -1.8372 0.0239 0.0881 -0.1211 0.2848 0.3600 0.8802
1305031463.4598 -1.8022 0.0486 0.0516 -0.1199 0.2704 0.3496 0.8890
1305031463.5277 -1.7777 0.0765 0.0346 -0.1157 0.2748 0.3445 0.8902
1305031463.6276 -1.7465 0.0988 0.0028 -0.1091 0.2746 0.3426 0.8918
1305031463.6956 -1.7351 0.1158 -0.0226 -0.0940 0.2807 0.3329 0.8953
1305031463.7597 -1.6963 0.1147 -0.0566 -0.0928 0.2788 0.3249 0.8989
1305031463.8278 -1.6716 0.1162 -0.0927 -0.0888 0.2801 0.3042 0.9062
1305031463.8599 -1.6551 0.1091 -0.1107 -0.0893 0.2809 0.2946 0.9091
1305031463.8956 -1.6453 0.1073 -0.1300 -0.0862 0.2819 0.2850 0.9121
1305031463.9597 -1.6213 0.0970 -0.1612 -0.0847 0.2758 0.2742 0.9174
1305031463.9958 -1.6100 0.0920 -0.1798 -0.0810 0.2722 0.2673 0.9208
1305031464.0277 -1.6013 0.0877 -0.1991 -0.0802 0.2687 0.2589 0.9243
1305031464.0597 -1.5868 0.0789 -0.2160 -0.0811 0.2667 0.2503 0.9272
1305031464.0956 -1.5816 0.0728 -0.2315 -0.0774 0.2690 0.2404 0.9294
1305031464.1277 -1.5802 0.0665 -0.2436 -0.0746 0.2697 0.2351 0.9308
1305031464.1598 -1.5742 0.0552 -0.2538 -0.0702 0.2668 0.2338 0.9323
1305031464.1956 -1.5698 0.0471 -0.2650 -0.0601 0.2611 0.2298 0.9357
1305031464.2276 -1.5730 0.0474 -0.2771 -0.0477 0.2534 0.2251 0.9396
1305031464.2596 -1.5738 0.0481 -0.2890 -0.0395 0.2405 0.2231 0.9438
1305031464.2957 -1.5657 0.0514 -0.3015 -0.0340 0.2232 0.2188 0.9493
1305031464.3279 -1.5503 0.0526 -0.3160 -0.0307 0.2075 0.2133 0.9542
1305031464.3597 -1.5363 0.0461 -0.3302 -0.0275 0.1974 0.2083 0.9575
1305031464.3956 -1.5242 0.0512 -0.3463 -0.0210 0.1914 0.1988 0.9610
1305031464.4276 -1.5154 0.0525 -0.3603 -0.0192 0.1908 0.1885 0.9632
1305031464.4597 -1.5066 0.0452 -0.3753 -0.0182 0.1884 0.1801 0.9653
1305031464.4956 -1.4932 0.0461 -0.3915 -0.0157 0.1855 0.1729 0.9672
1305031464.5276 -1.4874 0.0487 -0.4079 -0.0135 0.1860 0.1643 0.9686
1305031464.5597 -1.4727 0.0444 -0.4242 -0.0167 0.1830 0.1525 0.9711
1305031464.5957 -1.4504 0.0233 -0.4466 -0.0183 0.1854 0.1417 0.9722
1305031464.6277 -1.4384 0.0175 -0.4658 -0.0098 0.1964 0.1316 0.9716
1305031464.6597 -1.4259 0.0122 -0.4795 -0.0017 0.2075 0.1178 0.9711
1305031464.6957 -1.4117 -0.0078 -0.4886 0.0067 0.2174 0.1011 0.9708
1305031464.7277 -1.4100 -0.0098 -0.4943 0.0240 0.2244 0.0831 0.9707
1305031464.7597 -1.4071 -0.0010 -0.5013 0.0373 0.2239 0.0636 0.9718
1305031464.7960 -1.4056 -0.0114 -0.4985 0.0421 0.2200 0.0451 0.9736
1305031464.8278 -1.4065 -0.0144 -0.4954 0.0523 0.2094 0.0308 0.9759
1305031464.8597 -1.3964 -0.0038 -0.4973 0.0602 0.1917 0.0154 0.9795
1305031464.8958 -1.3787 -0.0002 -0.5004 0.0583 0.1733 -0.0043 0.9831
1305031464.9278 -1.3587 -0.0215 -0.5013 0.0513 0.1590 -0.0253 0.9856
1305031464.9598 -1.3378 -0.0361 -0.4986 0.0520 0.1513 -0.0438 0.9861
1305031464.9957 -1.3205 -0.0333 -0.4936 0.0579 0.1484 -0.0629 0.9852
1305031465.0278 -1.3119 -0.0324 -0.4781 0.0607 0.1486 -0.0849 0.9834
1305031465.0597 -1.3110 -0.0128 -0.4565 0.0686 0.1448 -0.1047 0.9815
1305031465.0957 -1.2930 0.0325 -0.4413 0.0703 0.1321 -0.1207 0.9814
1305031465.1277 -1.2738 0.0445 -0.4269 0.0527 0.1184 -0.1356 0.9823
1305031465.1598 -1.2612 0.0441 -0.4086 0.0338 0.1073 -0.1442 0.9831
1305031465.1956 -1.2439 0.0461 -0.3914 0.0200 0.0964 -0.1511 0.9836
1305031465.2279 -1.2258 0.0597 -0.3766 0.0092 0.0874 -0.1560 0.9838
1305031465.2598 -1.2149 0.0588 -0.3568 -0.0046 0.0801 -0.1567 0.9844
1305031465.3277 -1.1901 0.0861 -0.3303 -0.0144 0.0619 -0.1353 0.9888
1305031465.3956 -1.1576 0.0913 -0.3144 -0.0201 0.0308 -0.1130 0.9929
1305031465.4277 -1.1305 0.0977 -0.3154 -0.0177 0.0161 -0.1017 0.9945
1305031465.4601 -1.1094 0.1112 -0.3180 -0.0140 0.0052 -0.0885 0.9960
1305031465.4957 -1.0859 0.1265 -0.3209 -0.0150 -0.0055 -0.0790 0.9967
1305031465.5276 -1.0664 0.1239 -0.3189 -0.0194 -0.0148 -0.0750 0.9969
1305031465.5598 -1.0440 0.1295 -0.3248 -0.0144 -0.0237 -0.0696 0.9972
1305031465.5956 -1.0199 0.1425 -0.3325 -0.0085 -0.0287 -0.0614 0.9977
1305031465.6277 -1.0062 0.1559 -0.3394 -0.0037 -0.0314 -0.0527 0.9981
1305031465.6601 -0.9879 0.1663 -0.3449 -0.0004 -0.0407 -0.0441 0.9982
1305031465.6957 -0.9576 0.1763 -0.3512 0.0046 -0.0504 -0.0374 0.9980
1305031465.7277 -0.9361 0.1905 -0.3576 0.0119 -0.0539 -0.0285 0.9981
1305031465.7598 -0.9133 0.2079 -0.3647 0.0193 -0.0589 -0.0200 0.9979
1305031465.7959 -0.8882 0.2223 -0.3684 0.0244 -0.0631 -0.0138 0.9976
1305031465.8280 -0.8662 0.2320 -0.3728 0.0317 -0.0665 -0.0083 0.9972
1305031465.8599 -0.8415 0.2574 -0.3813 0.0443 -0.0690 -0.0047 0.9966
1305031465.8955 -0.8143 0.2783 -0.3840 0.0482 -0.0659 -0.0025 0.9967
1305031465.9275 -0.7915 0.2867 -0.3868 0.0523 -0.0597 -0.0015 0.9968
1305031465.9597 -0.7718 0.3062 -0.3941 0.0638 -0.0520 -0.0036 0.9966
1305031465.9958 -0.7599 0.3262 -0.4023 0.0713 -0.0441 -0.0078 0.9964
1305031466.0276 -0.7445 0.3470 -0.4102 0.0774 -0.0417 -0.0099 0.9961
1305031466.0598 -0.7315 0.3708 -0.4170 0.0770 -0.0388 -0.0096 0.9962
1305031466.0958 -0.7199 0.3863 -0.4249 0.0719 -0.0394 -0.0095 0.9966
1305031466.1276 -0.7058 0.4013 -0.4336 0.0660 -0.0436 -0.0095 0.9968
1305031466.1604 -0.6946 0.4156 -0.4449 0.0605 -0.0479 -0.0074 0.9970
1305031466.1958 -0.6836 0.4325 -0.4573 0.0533 -0.0555 -0.0070 0.9970
1305031466.2280 -0.6649 0.4398 -0.4666 0.0414 -0.0652 -0.0114 0.9969
1305031466.2598 -0.6401 0.4373 -0.4762 0.0360 -0.0706 -0.0182 0.9967
1305031466.2957 -0.6191 0.4473 -0.4895 0.0393 -0.0670 -0.0304 0.9965
1305031466.3277 -0.6061 0.4585 -0.5062 0.0405 -0.0563 -0.0406 0.9968
1305031466.3598 -0.5940 0.4637 -0.5201 0.0350 -0.0472 -0.0465 0.9972
1305031466.3958 -0.5838 0.4555 -0.5314 0.0318 -0.0435 -0.0498 0.9973
1305031466.4278 -0.5731 0.4665 -0.5467 0.0391 -0.0450 -0.0545 0.9967
1305031466.4598 -0.5566 0.4773 -0.5594 0.0393 -0.0503 -0.0589 0.9962
1305031466.4958 -0.5335 0.4822 -0.5672 0.0349 -0.0555 -0.0595 0.9961
1305031466.5275 -0.5083 0.4828 -0.5719 0.0320 -0.0558 -0.0596 0.9961
1305031466.5604 -0.4917 0.4940 -0.5809 0.0316 -0.0514 -0.0622 0.9962
1305031466.5959 -0.4716 0.5025 -0.5863 0.0241 -0.0512 -0.0653 0.9963
1305031466.6275 -0.4457 0.4908 -0.5822 0.0148 -0.0519 -0.0683 0.9962
1305031466.6597 -0.4266 0.4943 -0.5863 0.0213 -0.0495 -0.0735 0.9958
1305031466.6958 -0.4091 0.5084 -0.5946 0.0237 -0.0501 -0.0816 0.9951
1305031466.7281 -0.3882 0.5109 -0.5942 0.0174 -0.0533 -0.0902 0.9943
1305031466.7596 -0.3679 0.5055 -0.5914 0.0186 -0.0546 -0.0979 0.9935
1305031466.7956 -0.3511 0.5156 -0.5976 0.0265 -0.0563 -0.1032 0.9927
1305031466.8279 -0.3335 0.5208 -0.6028 0.0239 -0.0609 -0.1061 0.9922
1305031466.8597 -0.3206 0.5193 -0.5985 0.0217 -0.0670 -0.1047 0.9920
1305031466.8957 -0.3060 0.5223 -0.6015 0.0253 -0.0789 -0.1060 0.9909
1305031466.9278 -0.2874 0.5219 -0.6065 0.0249 -0.0939 -0.1082 0.9894
1305031466.9597 -0.2689 0.5171 -0.6110 0.0238 -0.1041 -0.1097 0.9882
1305031466.9957 -0.2498 0.5150 -0.6163 0.0241 -0.1097 -0.1128 0.9873
1305031467.0278 -0.2347 0.5150 -0.6193 0.0245 -0.1136 -0.1167 0.9863
1305031467.0597 -0.2156 0.5131 -0.6266 0.0242 -0.1167 -0.1203 0.9856
1305031467.0957 -0.1995 0.5140 -0.6296 0.0223 -0.1183 -0.1254 0.9848
1305031467.1290 -0.1861 0.5125 -0.6290 0.0228 -0.1216 -0.1354 0.9830
1305031467.1597 -0.1718 0.5121 -0.6309 0.0246 -0.1251 -0.1431 0.9815
1305031467.1957 -0.1598 0.5131 -0.6330 0.0258 -0.1297 -0.1473 0.9802
1305031467.2277 -0.1469 0.5130 -0.6345 0.0265 -0.1365 -0.1529 0.9784
1305031467.2597 -0.1338 0.5122 -0.6359 0.0282 -0.1418 -0.1580 0.9768
1305031467.2958 -0.1216 0.5130 -0.6404 0.0304 -0.1466 -0.1641 0.9750
1305031467.3280 -0.1079 0.5135 -0.6459 0.0314 -0.1522 -0.1687 0.9733
1305031467.3597 -0.0936 0.5151 -0.6502 0.0282 -0.1586 -0.1703 0.9721
1305031467.3958 -0.0805 0.5171 -0.6521 0.0234 -0.1652 -0.1751 0.9703
1305031467.4278 -0.0669 0.5158 -0.6513 0.0218 -0.1714 -0.1785 0.9686
1305031467.4597 -0.0526 0.5149 -0.6577 0.0212 -0.1781 -0.1801 0.9672
1305031467.4961 -0.0365 0.5126 -0.6674 0.0160 -0.1847 -0.1859 0.9649
1305031467.5277 -0.0207 0.5131 -0.6655 0.0121 -0.1883 -0.1920 0.9631
1305031467.5598 -0.0066 0.5085 -0.6650 0.0119 -0.1899 -0.1937 0.9624
1305031467.5960 0.0073 0.5059 -0.6652 0.0112 -0.1923 -0.1920 0.9623
1305031467.6275 0.0157 0.4966 -0.6586 0.0111 -0.1975 -0.1884 0.9620
1305031467.6596 0.0290 0.4930 -0.6583 0.0176 -0.2034 -0.1851 0.9613
1305031467.6959 0.0394 0.4878 -0.6589 0.0203 -0.2065 -0.1889 0.9598
1305031467.7275 0.0457 0.4783 -0.6487 0.0237 -0.2086 -0.1935 0.9584
1305031467.7599 0.0541 0.4710 -0.6418 0.0295 -0.2111 -0.1955 0.9573
1305031467.7961 0.0607 0.4651 -0.6339 0.0333 -0.2138 -0.1982 0.9560
1305031467.8278 0.0614 0.4521 -0.6158 0.0367 -0.2164 -0.1984 0.9552
1305031467.8597 0.0650 0.4439 -0.6038 0.0433 -0.2210 -0.1949 0.9546
1305031467.8959 0.0703 0.4400 -0.5963 0.0485 -0.2277 -0.1945 0.9529
1305031467.9278 0.0736 0.4297 -0.5790 0.0513 -0.2354 -0.1973 0.9503
1305031467.9598 0.0788 0.4189 -0.5626 0.0577 -0.2413 -0.1984 0.9482
1305031467.9958 0.0883 0.4181 -0.5532 0.0627 -0.2434 -0.2010 0.9468
1305031468.0281 0.0870 0.4043 -0.5281 0.0606 -0.2442 -0.2043 0.9460
1305031468.0598 0.0853 0.3937 -0.5117 0.0660 -0.2457 -0.2070 0.9447
1305031468.0959 0.0914 0.3885 -0.5004 0.0692 -0.2488 -0.2089 0.9432
1305031468.1278 0.0906 0.3766 -0.4784 0.0680 -0.2507 -0.2099 0.9426
1305031468.1599 0.0930 0.3660 -0.4621 0.0707 -0.2524 -0.2129 0.9413
1305031468.1960 0.0960 0.3572 -0.4448 0.0716 -0.2527 -0.2163 0.9403
1305031468.2282 0.0963 0.3429 -0.4271 0.0704 -0.2514 -0.2163 0.9408
1305031468.2598 0.0990 0.3287 -0.4115 0.0706 -0.2495 -0.2150 0.9416
1305031468.2958 0.0987 0.3160 -0.3959 0.0708 -0.2464 -0.2156 0.9422
1305031468.3278 0.0973 0.2961 -0.3806 0.0719 -0.2439 -0.2135 0.9433
1305031468.3598 0.1013 0.2870 -0.3725 0.0769 -0.2407 -0.2089 0.9447
1305031468.4598 0.1050 0.2354 -0.3486 0.0681 -0.2391 -0.2066 0.9463
1305031468.5278 0.0993 0.1994 -0.3341 0.0655 -0.2348 -0.2130 0.9461
1305031468.5597 0.0937 0.1820 -0.3315 0.0718 -0.2344 -0.2211 0.9439
1305031468.6596 0.0739 0.1322 -0.3258 0.0649 -0.2377 -0.2294 0.9416
1305031468.6958 0.0659 0.1158 -0.3249 0.0688 -0.2434 -0.2327 0.9391
1305031468.7278 0.0622 0.1057 -0.3231 0.0740 -0.2497 -0.2336 0.9368
1305031468.7596 0.0572 0.0938 -0.3178 0.0754 -0.2544 -0.2339 0.9354
1305031468.7958 0.0476 0.0743 -0.3124 0.0782 -0.2567 -0.2386 0.9333
1305031468.8292 0.0419 0.0624 -0.3106 0.0866 -0.2589 -0.2443 0.9305
1305031468.9281 0.0364 0.0351 -0.2956 0.0841 -0.2498 -0.2480 0.9322
1305031468.9957 0.0301 0.0457 -0.2941 0.0697 -0.2380 -0.2498 0.9360
1305031469.0598 0.0104 0.0252 -0.2807 0.0359 -0.2305 -0.2636 0.9360
1305031469.1597 0.0091 0.0024 -0.2430 0.0030 -0.2163 -0.2915 0.9318
1305031469.2278 -0.0105 -0.0073 -0.2253 -0.0093 -0.1979 -0.3003 0.9330
1305031469.2968 -0.0177 -0.0076 -0.2022 -0.0178 -0.1900 -0.3065 0.9326
1305031469.3276 -0.0208 -0.0031 -0.1916 -0.0216 -0.1863 -0.3081 0.9327
1305031469.3596 -0.0151 -0.0057 -0.1723 -0.0278 -0.1843 -0.3123 0.9315
1305031469.3957 -0.0177 -0.0089 -0.1585 -0.0294 -0.1734 -0.3177 0.9317
1305031469.4277 -0.0211 0.0012 -0.1475 -0.0259 -0.1606 -0.3233 0.9322
1305031469.4597 -0.0274 0.0097 -0.1353 -0.0248 -0.1497 -0.3303 0.9316
1305031469.4957 -0.0380 0.0200 -0.1237 -0.0242 -0.1420 -0.3340 0.9315
1305031469.5276 -0.0389 0.0313 -0.1129 -0.0259 -0.1418 -0.3341 0.9314
1305031469.5596 -0.0377 0.0393 -0.0988 -0.0316 -0.1429 -0.3343 0.9310
1305031469.6596 -0.0429 0.0664 -0.0567 -0.0540 -0.1364 -0.3326 0.9316
1305031469.7596 -0.0517 0.1021 -0.0217 -0.0676 -0.1221 -0.3278 0.9344
1305031469.9279 -0.0879 0.1818 0.0285 -0.0927 -0.1207 -0.3131 0.9375
1305031470.1276 -0.1468 0.2757 0.0465 -0.1067 -0.1240 -0.3034 0.9387
1305031470.2957 -0.2039 0.3423 0.0414 -0.1289 -0.1217 -0.2895 0.9406
1305031470.4597 -0.2656 0.3996 0.0339 -0.1484 -0.1246 -0.2774 0.9410
1305031470.6597 -0.3326 0.4443 0.0188 -0.1558 -0.1222 -0.2644 0.9439
1305031470.6956 -0.3432 0.4528 0.0181 -0.1576 -0.1220 -0.2608 0.9446
1305031470.7277 -0.3539 0.4585 0.0175 -0.1575 -0.1217 -0.2584 0.9453
1305031470.7597 -0.3613 0.4595 0.0130 -0.1598 -0.1185 -0.2564 0.9459
1305031470.7956 -0.3705 0.4684 0.0149 -0.1596 -0.1131 -0.2505 0.9481
1305031470.8278 -0.3804 0.4742 0.0158 -0.1553 -0.1124 -0.2453 0.9503
1305031470.8596 -0.3902 0.4781 0.0140 -0.1501 -0.1124 -0.2406 0.9523
1305031470.8957 -0.4003 0.4828 0.0112 -0.1452 -0.1123 -0.2356 0.9544
1305031470.9277 -0.4103 0.4880 0.0108 -0.1392 -0.1145 -0.2305 0.9562
1305031470.9596 -0.4209 0.4878 0.0084 -0.1307 -0.1178 -0.2276 0.9577
1305031470.9960 -0.4272 0.4885 0.0042 -0.1222 -0.1198 -0.2249 0.9592
1305031471.0276 -0.4358 0.4879 0.0023 -0.1136 -0.1186 -0.2223 0.9610
1305031471.0596 -0.4458 0.4881 -0.0010 -0.1038 -0.1152 -0.2180 0.9636
1305031471.0958 -0.4540 0.4914 -0.0048 -0.0938 -0.1139 -0.2114 0.9662
1305031471.1277 -0.4626 0.4902 -0.0075 -0.0887 -0.1141 -0.2047 0.9681
1305031471.1596 -0.4671 0.4901 -0.0114 -0.0831 -0.1147 -0.1985 0.9698
1305031471.1957 -0.4727 0.4914 -0.0146 -0.0798 -0.1119 -0.1928 0.9716
1305031471.2276 -0.4799 0.4933 -0.0157 -0.0786 -0.1082 -0.1878 0.9731
1305031471.2597 -0.4869 0.4920 -0.0159 -0.0800 -0.1063 -0.1841 0.9739
1305031471.2961 -0.4933 0.4886 -0.0167 -0.0806 -0.1041 -0.1797 0.9749
1305031471.3276 -0.4961 0.4869 -0.0205 -0.0774 -0.1010 -0.1770 0.9760
1305031471.3596 -0.4987 0.4885 -0.0231 -0.0752 -0.0939 -0.1748 0.9772
1305031471.3957 -0.5067 0.4843 -0.0217 -0.0768 -0.0861 -0.1690 0.9788
1305031471.4277 -0.5132 0.4863 -0.0246 -0.0716 -0.0829 -0.1618 0.9807
1305031471.4596 -0.5172 0.4882 -0.0284 -0.0699 -0.0832 -0.1572 0.9816
1305031471.5597 -0.5277 0.4855 -0.0372 -0.0734 -0.0805 -0.1466 0.9832
1305031471.5957 -0.5306 0.4849 -0.0404 -0.0736 -0.0760 -0.1445 0.9838
1305031471.6276 -0.5334 0.4831 -0.0439 -0.0743 -0.0714 -0.1424 0.9844
1305031471.6596 -0.5361 0.4822 -0.0465 -0.0729 -0.0666 -0.1392 0.9853
1305031471.7958 -0.5415 0.4885 -0.0600 -0.0687 -0.0476 -0.1183 0.9895
1305031471.9956 -0.5531 0.5067 -0.0657 -0.0813 -0.0150 -0.0899 0.9925
1305031472.5636 -0.5769 0.4502 -0.0607 -0.1134 -0.0029 -0.0451 0.9925
1305031472.7956 -0.5667 0.4306 -0.0567 -0.1019 -0.0078 -0.0416 0.9939
