1305031453.3917 0.0000 0.0000 0.0000 0.0000 0.0000 0.0000 1.0000
1305031453.5237 0.0133 0.0250 -0.0396 0.0189 0.0209 0.0363 0.9989
1305031453.6277 0.0045 0.0472 -0.0814 0.0417 0.0293 0.0540 0.9972
1305031453.6917 -0.0072 0.0721 -0.1110 0.0597 0.0221 0.0468 0.9969
1305031453.8278 -0.0368 0.0974 -0.1485 0.0738 -0.0061 0.0190 0.9971
1305031453.9277 -0.0648 0.1166 -0.1646 0.0733 -0.0533 -0.0003 0.9959
1305031453.9596 -0.0665 0.1159 -0.1682 0.0702 -0.0706 -0.0088 0.9950
1305031453.9916 -0.0734 0.1183 -0.1658 0.0704 -0.0834 -0.0183 0.9939
1305031454.0277 -0.0873 0.1205 -0.1645 0.0722 -0.0945 -0.0252 0.9926
1305031454.0597 -0.0974 0.1218 -0.1677 0.0715 -0.1062 -0.0351 0.9912
1305031454.0917 -0.1149 0.1213 -0.1588 0.0712 -0.1163 -0.0455 0.9896
1305031454.1277 -0.1334 0.1312 -0.1518 0.0773 -0.1274 -0.0566 0.9872
1305031454.1597 -0.1446 0.1341 -0.1528 0.0775 -0.1420 -0.0657 0.9846
1305031454.1917 -0.1638 0.1396 -0.1483 0.0778 -0.1552 -0.0772 0.9818
1305031454.2277 -0.1971 0.1443 -0.1428 0.0804 -0.1634 -0.0912 0.9790
1305031454.2596 -0.2078 0.1406 -0.1447 0.0817 -0.1757 -0.1032 0.9756
1305031454.2916 -0.2132 0.1399 -0.1425 0.0794 -0.1866 -0.1111 0.9729
1305031454.3277 -0.2219 0.1374 -0.1465 0.0783 -0.1966 -0.1222 0.9697
1305031454.3596 -0.2295 0.1380 -0.1516 0.0830 -0.2078 -0.1353 0.9652
1305031454.3917 -0.2283 0.1366 -0.1508 0.0818 -0.2197 -0.1420 0.9617
1305031454.4275 -0.2340 0.1376 -0.1516 0.0814 -0.2328 -0.1509 0.9573
1305031454.4599 -0.2402 0.1326 -0.1538 0.0793 -0.2452 -0.1580 0.9532
1305031454.4916 -0.2330 0.1306 -0.1490 0.0796 -0.2556 -0.1708 0.9482
1305031454.5277 -0.2303 0.1376 -0.1425 0.0810 -0.2662 -0.1821 0.9431
1305031454.5596 -0.2338 0.1399 -0.1378 0.0785 -0.2751 -0.1907 0.9391
1305031454.5916 -0.2430 0.1447 -0.1401 0.0768 -0.2846 -0.2021 0.9339
1305031454.6276 -0.2478 0.1530 -0.1336 0.0776 -0.2989 -0.2114 0.9273
1305031454.6595 -0.2543 0.1647 -0.1241 0.0761 -0.3118 -0.2159 0.9222
1305031454.6919 -0.2690 0.1771 -0.1241 0.0750 -0.3216 -0.2222 0.9174
1305031454.7277 -0.2716 0.1784 -0.1187 0.0713 -0.3362 -0.2262 0.9114
1305031454.7597 -0.2764 0.1721 -0.1088 0.0624 -0.3436 -0.2235 0.9100
1305031454.7916 -0.2799 0.1759 -0.1104 0.0589 -0.3439 -0.2196 0.9111
1305031454.8276 -0.2766 0.1778 -0.1059 0.0537 -0.3461 -0.2139 0.9119
1305031454.8596 -0.2794 0.1765 -0.0933 0.0447 -0.3472 -0.2085 0.9132
1305031454.8918 -0.2893 0.1791 -0.0983 0.0392 -0.3396 -0.2041 0.9173
1305031454.9276 -0.2967 0.1871 -0.1002 0.0356 -0.3335 -0.1992 0.9208
1305031454.9596 -0.2985 0.1935 -0.0992 0.0319 -0.3304 -0.1926 0.9234
1305031454.9919 -0.3027 0.1987 -0.0995 0.0297 -0.3285 -0.1888 0.9250
1305031455.0278 -0.3035 0.2042 -0.1005 0.0287 -0.3283 -0.1863 0.9256
1305031455.0596 -0.3056 0.2086 -0.1030 0.0280 -0.3263 -0.1849 0.9266
1305031455.0917 -0.3095 0.2137 -0.1069 0.0293 -0.3235 -0.1845 0.9276
1305031455.1277 -0.3123 0.2199 -0.1111 0.0303 -0.3206 -0.1838 0.9287
1305031455.1597 -0.3178 0.2280 -0.1147 0.0306 -0.3174 -0.1809 0.9304
1305031455.1917 -0.3265 0.2340 -0.1212 0.0285 -0.3136 -0.1773 0.9324
1305031455.2276 -0.3333 0.2394 -0.1221 0.0286 -0.3117 -0.1739 0.9337
1305031455.2596 -0.3382 0.2496 -0.1261 0.0275 -0.3083 -0.1683 0.9359
1305031455.2918 -0.3480 0.2530 -0.1258 0.0197 -0.3051 -0.1596 0.9387
1305031455.3278 -0.3597 0.2606 -0.1369 0.0147 -0.3008 -0.1504 0.9416
1305031455.3596 -0.3636 0.2711 -0.1333 0.0069 -0.3016 -0.1423 0.9427
1305031455.3917 -0.3638 0.2660 -0.1234 -0.0071 -0.3028 -0.1327 0.9437
1305031455.4276 -0.3766 0.2730 -0.1324 -0.0114 -0.2959 -0.1251 0.9469
1305031455.4596 -0.3889 0.2729 -0.1402 -0.0160 -0.2919 -0.1190 0.9489
1305031455.4916 -0.4007 0.2757 -0.1532 -0.0206 -0.2869 -0.1104 0.9514
1305031455.5276 -0.4157 0.2705 -0.1656 -0.0273 -0.2824 -0.1015 0.9535
1305031455.5597 -0.4322 0.2716 -0.1799 -0.0300 -0.2818 -0.0903 0.9548
1305031455.5916 -0.4456 0.2698 -0.1957 -0.0352 -0.2812 -0.0784 0.9558
1305031455.6596 -0.4679 0.2562 -0.2130 -0.0429 -0.2800 -0.0588 0.9572
1305031455.6916 -0.4783 0.2544 -0.2228 -0.0415 -0.2785 -0.0592 0.9577
1305031455.7276 -0.4838 0.2510 -0.2298 -0.0411 -0.2772 -0.0615 0.9580
1305031455.7597 -0.4888 0.2494 -0.2368 -0.0404 -0.2749 -0.0627 0.9586
1305031455.7917 -0.4945 0.2406 -0.2434 -0.0412 -0.2727 -0.0615 0.9593
1305031455.8276 -0.5017 0.2376 -0.2555 -0.0401 -0.2704 -0.0604 0.9600
1305031455.8595 -0.5083 0.2349 -0.2637 -0.0403 -0.2692 -0.0609 0.9603
1305031455.8917 -0.5123 0.2336 -0.2697 -0.0397 -0.2681 -0.0611 0.9606
1305031455.9280 -0.5160 0.2300 -0.2743 -0.0405 -0.2668 -0.0612 0.9610
1305031455.9597 -0.5195 0.2282 -0.2813 -0.0401 -0.2649 -0.0623 0.9614
1305031455.9917 -0.5239 0.2250 -0.2860 -0.0419 -0.2626 -0.0634 0.9619
1305031456.0278 -0.5266 0.2254 -0.2941 -0.0449 -0.2590 -0.0664 0.9625
1305031456.0597 -0.5355 0.2120 -0.2968 -0.0548 -0.2562 -0.0748 0.9622
1305031456.0917 -0.5421 0.2059 -0.2998 -0.0581 -0.2538 -0.0784 0.9623
1305031456.1276 -0.5462 0.2010 -0.3026 -0.0594 -0.2519 -0.0791 0.9627
1305031456.1597 -0.5505 0.1984 -0.2994 -0.0592 -0.2497 -0.0794 0.9632
1305031456.1917 -0.5610 0.1879 -0.3010 -0.0565 -0.2426 -0.0766 0.9655
1305031456.2277 -0.5678 0.1834 -0.3066 -0.0568 -0.2334 -0.0729 0.9680
1305031456.2917 -0.5836 0.1638 -0.3009 -0.0609 -0.2141 -0.0653 0.9727
1305031456.3277 -0.5945 0.1570 -0.2987 -0.0598 -0.2037 -0.0566 0.9756
1305031456.3916 -0.6034 0.1389 -0.2917 -0.0625 -0.1838 -0.0452 0.9799
1305031456.4277 -0.6106 0.1280 -0.2879 -0.0629 -0.1765 -0.0359 0.9816
1305031456.4917 -0.6518 0.1404 -0.2910 -0.0660 -0.1659 -0.0250 0.9836
1305031456.5276 -0.6736 0.1451 -0.2841 -0.0693 -0.1644 -0.0213 0.9837
1305031456.5917 -0.6932 0.1532 -0.2724 -0.0702 -0.1610 -0.0108 0.9844
1305031456.6276 -0.7008 0.1622 -0.2695 -0.0827 -0.1574 -0.0072 0.9840
1305031456.6916 -0.7354 0.1477 -0.2499 -0.0977 -0.1476 0.0052 0.9842
1305031456.8276 -0.8005 0.1601 -0.2290 -0.1081 -0.1558 0.0362 0.9812
1305031457.0917 -0.9004 0.1738 -0.1978 -0.1409 -0.1204 0.0693 0.9802
1305031457.2917 -0.9611 0.1458 -0.2324 -0.1449 -0.0767 0.1017 0.9812
1305031457.3917 -0.9899 0.1291 -0.2659 -0.1413 -0.0440 0.1197 0.9817
1305031457.4917 -1.0308 0.1026 -0.2955 -0.1424 -0.0262 0.1335 0.9804
1305031457.5597 -1.0426 0.0897 -0.3192 -0.1356 -0.0193 0.1429 0.9802
1305031457.6596 -1.0797 0.0752 -0.3521 -0.1285 -0.0079 0.1541 0.9796
1305031457.7277 -1.1071 0.0449 -0.3595 -0.1380 -0.0029 0.1537 0.9784
1305031457.7916 -1.1187 0.0218 -0.3697 -0.1282 0.0034 0.1523 0.9800
1305031457.8277 -1.1273 0.0366 -0.3837 -0.1104 0.0096 0.1537 0.9819
1305031457.8916 -1.1555 0.0061 -0.3901 -0.1028 0.0278 0.1516 0.9827
1305031457.9276 -1.1639 0.0003 -0.3959 -0.0901 0.0323 0.1573 0.9829
1305031457.9916 -1.1949 -0.0186 -0.4022 -0.0783 0.0386 0.1631 0.9827
1305031458.0278 -1.1956 -0.0334 -0.4034 -0.0715 0.0408 0.1658 0.9827
1305031458.0597 -1.2043 -0.0228 -0.4122 -0.0587 0.0442 0.1703 0.9826
1305031458.1276 -1.2203 -0.0273 -0.4097 -0.0587 0.0489 0.1725 0.9820
1305031458.1596 -1.2282 -0.0326 -0.4059 -0.0581 0.0500 0.1744 0.9817
1305031458.1916 -1.2467 -0.0357 -0.3987 -0.0576 0.0516 0.1795 0.9807
1305031458.2276 -1.2623 -0.0465 -0.3793 -0.0660 0.0495 0.1805 0.9801
1305031458.2599 -1.2747 -0.0631 -0.3610 -0.0691 0.0482 0.1782 0.9804
1305031458.2917 -1.2965 -0.0657 -0.3511 -0.0591 0.0460 0.1773 0.9813
1305031458.3276 -1.3152 -0.0738 -0.3401 -0.0582 0.0409 0.1798 0.9811
1305031458.3596 -1.3264 -0.1012 -0.3189 -0.0566 0.0377 0.1799 0.9813
1305031458.3916 -1.3415 -0.0999 -0.3006 -0.0444 0.0366 0.1884 0.9804
1305031458.4276 -1.3498 -0.0955 -0.2885 -0.0361 0.0371 0.2004 0.9783
1305031458.4596 -1.3419 -0.0980 -0.2788 -0.0255 0.0379 0.2080 0.9771
1305031458.4917 -1.3388 -0.1073 -0.2671 -0.0098 0.0453 0.2097 0.9767
1305031458.5277 -1.3417 -0.1027 -0.2590 0.0068 0.0520 0.2101 0.9763
1305031458.5596 -1.3465 -0.1024 -0.2450 0.0116 0.0582 0.2093 0.9761
1305031458.5916 -1.3542 -0.1137 -0.2381 0.0165 0.0630 0.2029 0.9770
1305031458.6277 -1.3711 -0.0967 -0.2194 0.0224 0.0648 0.2013 0.9771
1305031458.6596 -1.3836 -0.1070 -0.2020 0.0142 0.0609 0.2036 0.9771
1305031458.6917 -1.3944 -0.1003 -0.1739 0.0129 0.0461 0.1976 0.9791
1305031458.7276 -1.3946 -0.0997 -0.1552 0.0148 0.0311 0.1924 0.9807
1305031458.7599 -1.4091 -0.1022 -0.1385 0.0204 0.0190 0.1847 0.9824
1305031458.7916 -1.4105 -0.0936 -0.1222 0.0234 0.0021 0.1794 0.9835
1305031458.8276 -1.4170 -0.0918 -0.0968 0.0212 -0.0042 0.1756 0.9842
1305031458.8917 -1.4219 -0.0944 -0.0727 0.0291 -0.0057 0.1626 0.9863
1305031458.9276 -1.4333 -0.0911 -0.0693 0.0290 0.0006 0.1657 0.9858
1305031458.9596 -1.4380 -0.0981 -0.0544 0.0206 0.0047 0.1752 0.9843
1305031458.9916 -1.4383 -0.1137 -0.0525 0.0194 0.0062 0.1783 0.9838
1305031459.0277 -1.4648 -0.1167 -0.0425 0.0323 0.0093 0.1777 0.9835
1305031459.0596 -1.4863 -0.1198 -0.0372 0.0415 0.0046 0.1870 0.9815
1305031459.1276 -1.4713 -0.1195 0.0341 0.0429 0.0023 0.1886 0.9811
1305031459.1596 -1.4786 -0.1175 0.0413 0.0541 -0.0250 0.1919 0.9796
1305031459.1917 -1.4918 -0.1152 0.0561 0.0617 -0.0422 0.1978 0.9774
1305031459.2276 -1.5023 -0.1153 0.0729 0.0646 -0.0548 0.2061 0.9748
1305031459.2598 -1.5120 -0.1102 0.0939 0.0663 -0.0567 0.2118 0.9734
1305031459.3276 -1.5223 -0.1020 0.1244 0.0586 -0.0274 0.2364 0.9695
1305031459.3597 -1.5319 -0.0980 0.1332 0.0586 -0.0028 0.2538 0.9655
1305031459.3917 -1.5489 -0.0810 0.1406 0.0540 0.0255 0.2746 0.9597
1305031459.4276 -1.5432 -0.0737 0.1596 0.0369 0.0546 0.3058 0.9498
1305031459.4597 -1.5552 -0.0815 0.1613 0.0267 0.0925 0.3423 0.9347
1305031459.5276 -1.5171 -0.1024 0.2005 0.0037 0.0876 0.3527 0.9316
1305031459.5596 -1.5255 -0.1132 0.1980 -0.0074 0.1032 0.3787 0.9197
1305031459.5917 -1.5369 -0.1173 0.1958 -0.0135 0.1096 0.3968 0.9112
1305031459.6276 -1.5459 -0.1134 0.1990 -0.0157 0.1100 0.4044 0.9078
1305031459.6596 -1.5541 -0.1098 0.2009 -0.0145 0.1143 0.4043 0.9074
1305031459.6916 -1.5687 -0.1160 0.2018 -0.0206 0.1255 0.4092 0.9035
1305031459.7276 -1.5744 -0.1277 0.2011 -0.0263 0.1301 0.4104 0.9022
1305031459.7917 -1.6021 -0.1561 0.2003 -0.0275 0.1387 0.4057 0.9030
1305031459.8277 -1.6159 -0.1739 0.2026 -0.0302 0.1400 0.4050 0.9030
1305031459.8597 -1.6307 -0.1926 0.2064 -0.0351 0.1402 0.4045 0.9030
1305031459.8916 -1.6340 -0.2103 0.2131 -0.0412 0.1340 0.4102 0.9012
1305031459.9276 -1.6390 -0.2268 0.2164 -0.0437 0.1295 0.4139 0.9000
1305031459.9917 -1.6488 -0.2537 0.2250 -0.0510 0.1228 0.4241 0.8958
1305031460.0276 -1.6536 -0.2695 0.2309 -0.0537 0.1226 0.4277 0.8940
1305031460.0597 -1.6599 -0.2904 0.2360 -0.0568 0.1237 0.4316 0.8917
1305031460.0917 -1.6671 -0.3141 0.2367 -0.0586 0.1198 0.4382 0.8889
1305031460.1277 -1.6727 -0.3202 0.2443 -0.0520 0.1108 0.4454 0.8869
1305031460.1597 -1.6807 -0.3312 0.2486 -0.0470 0.1041 0.4512 0.8851
1305031460.1916 -1.6773 -0.3413 0.2587 -0.0492 0.0954 0.4606 0.8811
1305031460.2278 -1.6785 -0.3386 0.2706 -0.0464 0.0953 0.4610 0.8811
1305031460.2917 -1.6817 -0.3578 0.2820 -0.0445 0.1115 0.4594 0.8801
1305031460.3275 -1.6814 -0.3593 0.2879 -0.0421 0.1164 0.4602 0.8792
1305031460.3916 -1.6820 -0.3645 0.3036 -0.0454 0.1330 0.4652 0.8740
1305031460.4275 -1.6820 -0.3664 0.3141 -0.0456 0.1413 0.4687 0.8708
1305031460.4596 -1.6856 -0.3730 0.3226 -0.0496 0.1557 0.4716 0.8665
1305031460.4915 -1.6839 -0.3764 0.3225 -0.0570 0.1678 0.4758 0.8615
1305031460.5276 -1.6801 -0.3914 0.3268 -0.0684 0.1791 0.4827 0.8545
1305031460.5596 -1.6818 -0.4024 0.3352 -0.0750 0.1893 0.4846 0.8507
1305031460.5919 -1.6822 -0.4064 0.3407 -0.0777 0.1952 0.4846 0.8491
1305031460.6276 -1.6817 -0.4124 0.3486 -0.0805 0.2018 0.4856 0.8467
1305031460.6598 -1.6865 -0.4168 0.3508 -0.0805 0.2070 0.4840 0.8464
1305031460.6917 -1.6887 -0.4208 0.3539 -0.0821 0.2088 0.4839 0.8459
1305031460.7277 -1.6883 -0.4270 0.3588 -0.0859 0.2097 0.4838 0.8453
1305031460.7597 -1.6894 -0.4308 0.3626 -0.0870 0.2123 0.4816 0.8458
1305031460.7917 -1.6907 -0.4379 0.3646 -0.0890 0.2140 0.4815 0.8453
1305031460.8277 -1.6910 -0.4427 0.3677 -0.0918 0.2141 0.4802 0.8457
1305031460.8597 -1.6907 -0.4473 0.3718 -0.0954 0.2154 0.4784 0.8459
1305031460.8918 -1.6907 -0.4539 0.3764 -0.0995 0.2177 0.4764 0.8460
1305031460.9276 -1.6914 -0.4632 0.3811 -0.1038 0.2192 0.4763 0.8452
1305031460.9917 -1.6848 -0.4789 0.3977 -0.1057 0.2223 0.4770 0.8437
1305031461.0276 -1.6832 -0.4847 0.4046 -0.1055 0.2238 0.4785 0.8425
1305031461.0917 -1.6909 -0.4985 0.4220 -0.1029 0.2241 0.4766 0.8438
1305031461.1276 -1.6883 -0.5017 0.4294 -0.1029 0.2238 0.4751 0.8447
1305031461.1597 -1.6857 -0.5082 0.4359 -0.1016 0.2252 0.4722 0.8461
1305031461.1920 -1.6894 -0.5112 0.4423 -0.0989 0.2272 0.4684 0.8480
1305031461.2276 -1.6894 -0.5145 0.4491 -0.0986 0.2289 0.4668 0.8485
1305031461.2596 -1.6909 -0.5189 0.4549 -0.0969 0.2309 0.4639 0.8498
1305031461.2917 -1.6929 -0.5184 0.4619 -0.0931 0.2320 0.4585 0.8528
1305031461.3278 -1.6933 -0.5153 0.4681 -0.0907 0.2342 0.4549 0.8544
1305031461.3597 -1.6961 -0.5130 0.4735 -0.0916 0.2367 0.4521 0.8551
1305031461.3917 -1.6903 -0.5211 0.4812 -0.0990 0.2366 0.4516 0.8546
1305031461.4276 -1.6892 -0.5196 0.4872 -0.0979 0.2375 0.4501 0.8552
1305031461.4598 -1.6898 -0.5202 0.4894 -0.1000 0.2381 0.4504 0.8546
1305031461.4917 -1.6809 -0.5236 0.4929 -0.1030 0.2371 0.4514 0.8541
1305031461.5277 -1.6835 -0.5223 0.4947 -0.0986 0.2401 0.4483 0.8554
1305031461.5597 -1.6782 -0.5131 0.4942 -0.0971 0.2394 0.4457 0.8571
1305031461.5917 -1.6713 -0.5034 0.4841 -0.0960 0.2422 0.4412 0.8588
1305031461.6275 -1.6710 -0.4999 0.4866 -0.0986 0.2495 0.4400 0.8570
1305031461.6596 -1.6686 -0.4948 0.4848 -0.0997 0.2525 0.4393 0.8564
1305031461.6916 -1.6712 -0.4927 0.4864 -0.1016 0.2577 0.4417 0.8533
1305031461.7276 -1.6617 -0.4920 0.4884 -0.1060 0.2575 0.4468 0.8502
1305031461.7597 -1.6596 -0.4832 0.4858 -0.1057 0.2586 0.4477 0.8494
1305031461.7916 -1.6509 -0.4759 0.4783 -0.1103 0.2589 0.4528 0.8460
1305031461.8276 -1.6437 -0.4645 0.4712 -0.1117 0.2611 0.4553 0.8438
1305031461.8598 -1.6417 -0.4607 0.4653 -0.1156 0.2667 0.4616 0.8381
1305031461.8917 -1.6452 -0.4466 0.4661 -0.1205 0.2712 0.4740 0.8290
1305031461.9278 -1.6372 -0.4342 0.4629 -0.1278 0.2658 0.4847 0.8234
1305031461.9597 -1.6275 -0.4193 0.4537 -0.1337 0.2672 0.4855 0.8216
1305031461.9916 -1.6394 -0.4048 0.4521 -0.1408 0.2760 0.4895 0.8151
1305031462.0277 -1.6392 -0.4057 0.4626 -0.1564 0.2773 0.4970 0.8072
1305031462.0598 -1.6386 -0.3940 0.4612 -0.1605 0.2698 0.5085 0.8018
1305031462.0918 -1.6373 -0.3853 0.4604 -0.1643 0.2635 0.5203 0.7955
1305031462.1277 -1.6398 -0.3711 0.4579 -0.1650 0.2593 0.5298 0.7904
1305031462.1596 -1.6389 -0.3640 0.4540 -0.1693 0.2550 0.5358 0.7869
1305031462.1916 -1.6455 -0.3570 0.4591 -0.1724 0.2567 0.5315 0.7886
1305031462.2276 -1.6482 -0.3533 0.4656 -0.1806 0.2589 0.5318 0.7858
1305031462.2598 -1.6479 -0.3648 0.4757 -0.1973 0.2602 0.5268 0.7848
1305031462.2916 -1.6496 -0.3665 0.4822 -0.2076 0.2581 0.5221 0.7859
1305031462.4276 -1.6687 -0.3318 0.5002 -0.2364 0.2376 0.4985 0.7994
1305031462.5277 -1.6230 -0.3036 0.5223 -0.2712 0.1792 0.4982 0.8038
1305031462.8278 -1.6482 -0.2831 0.4994 -0.2791 0.1270 0.4320 0.8481
1305031463.0277 -1.6300 -0.2613 0.4657 -0.2774 0.1100 0.4059 0.8638
1305031463.0958 -1.6276 -0.2496 0.4459 -0.2680 0.1019 0.3894 0.8753
1305031463.1598 -1.6183 -0.2426 0.4194 -0.2580 0.0984 0.3746 0.8851
1305031463.2600 -1.6078 -0.2111 0.3935 -0.2426 0.0955 0.3570 0.8970
1305031463.3956 -1.6014 -0.1792 0.3726 -0.2238 0.0937 0.3399 0.9086
1305031463.4956 -1.5844 -0.1348 0.3657 -0.2127 0.0980 0.3301 0.9144
1305031463.5598 -1.5620 -0.1059 0.3518 -0.2027 0.1040 0.3241 0.9182
1305031463.6598 -1.5234 -0.0857 0.3311 -0.1897 0.1058 0.3183 0.9228
1305031463.7276 -1.5016 -0.0811 0.3131 -0.1862 0.1095 0.3076 0.9267
1305031463.7597 -1.4743 -0.0842 0.3027 -0.1818 0.1091 0.3022 0.9294
1305031463.7956 -1.4581 -0.0848 0.2843 -0.1755 0.1098 0.2911 0.9340
1305031463.8599 -1.4094 -0.0973 0.2598 -0.1752 0.1049 0.2735 0.9400
1305031463.8956 -1.3958 -0.0961 0.2400 -0.1676 0.1046 0.2646 0.9439
1305031463.9597 -1.3540 -0.1054 0.2156 -0.1628 0.0934 0.2568 0.9481
1305031463.9958 -1.3459 -0.1131 0.2076 -0.1578 0.0925 0.2461 0.9518
1305031464.0277 -1.3401 -0.1189 0.1964 -0.1557 0.0920 0.2376 0.9544
1305031464.0597 -1.3220 -0.1329 0.1869 -0.1572 0.0892 0.2268 0.9570
1305031464.0956 -1.3136 -0.1392 0.1750 -0.1507 0.0906 0.2154 0.9606
1305031464.1277 -1.3160 -0.1458 0.1676 -0.1478 0.0931 0.2087 0.9623
1305031464.1598 -1.3089 -0.1602 0.1693 -0.1453 0.0920 0.2057 0.9634
1305031464.1956 -1.2979 -0.1662 0.1574 -0.1332 0.0854 0.2048 0.9659
1305031464.2276 -1.2973 -0.1756 0.1491 -0.1239 0.0783 0.2011 0.9685
1305031464.2596 -1.2992 -0.1783 0.1408 -0.1173 0.0658 0.2007 0.9704
1305031464.2957 -1.2969 -0.1866 0.1369 -0.1158 0.0510 0.1962 0.9724
1305031464.3279 -1.2714 -0.1798 0.1304 -0.1109 0.0320 0.1917 0.9746
1305031464.3597 -1.2588 -0.1899 0.1256 -0.1092 0.0242 0.1867 0.9760
1305031464.3956 -1.2501 -0.1934 0.1228 -0.1043 0.0199 0.1778 0.9783
1305031464.4276 -1.2429 -0.1951 0.1134 -0.1022 0.0197 0.1688 0.9801
1305031464.4597 -1.2392 -0.2073 0.1064 -0.1011 0.0196 0.1614 0.9815
1305031464.4956 -1.2303 -0.2132 0.0982 -0.0999 0.0183 0.1547 0.9827
1305031464.5276 -1.2196 -0.2178 0.0827 -0.0988 0.0179 0.1477 0.9839
1305031464.5597 -1.2045 -0.2226 0.0750 -0.0998 0.0145 0.1383 0.9852
1305031464.5957 -1.1709 -0.2423 0.0688 -0.0996 0.0132 0.1255 0.9870
1305031464.6277 -1.1583 -0.2516 0.0598 -0.0893 0.0263 0.1184 0.9886
1305031464.6597 -1.1450 -0.2601 0.0515 -0.0790 0.0380 0.1072 0.9904
1305031464.6957 -1.1133 -0.2838 0.0541 -0.0690 0.0426 0.0925 0.9924
1305031464.7277 -1.1130 -0.2925 0.0460 -0.0500 0.0482 0.0790 0.9945
1305031464.7597 -1.1194 -0.2875 0.0426 -0.0339 0.0496 0.0641 0.9961
1305031464.7960 -1.1219 -0.2927 0.0439 -0.0248 0.0456 0.0457 0.9976
1305031464.8278 -1.1266 -0.2879 0.0547 -0.0092 0.0341 0.0344 0.9988
1305031464.8597 -1.1246 -0.2666 0.0589 0.0043 0.0163 0.0182 0.9997
1305031464.8958 -1.1085 -0.2618 0.0717 0.0064 -0.0032 0.0019 1.0000
1305031464.9278 -1.0830 -0.2797 0.0807 0.0031 -0.0194 -0.0160 0.9997
1305031464.9598 -1.0772 -0.2969 0.0938 0.0058 -0.0244 -0.0347 0.9991
1305031464.9957 -1.0728 -0.2848 0.1073 0.0165 -0.0258 -0.0519 0.9982
1305031465.0278 -1.0777 -0.2838 0.1200 0.0226 -0.0247 -0.0737 0.9967
1305031465.0597 -1.0936 -0.2622 0.1352 0.0339 -0.0263 -0.0940 0.9946
1305031465.0957 -1.0866 -0.2081 0.1643 0.0411 -0.0384 -0.1083 0.9925
1305031465.1277 -1.0727 -0.2054 0.1926 0.0246 -0.0535 -0.1235 0.9906
1305031465.1598 -1.0695 -0.2050 0.2245 0.0072 -0.0651 -0.1316 0.9891
1305031465.1956 -1.0547 -0.2059 0.2552 -0.0068 -0.0782 -0.1402 0.9870
1305031465.2279 -1.0456 -0.1964 0.2796 -0.0187 -0.0852 -0.1458 0.9855
1305031465.2598 -1.0404 -0.1924 0.3145 -0.0325 -0.0933 -0.1476 0.9841
1305031465.3277 -1.0347 -0.1628 0.3427 -0.0454 -0.1081 -0.1300 0.9846
1305031465.3956 -1.0103 -0.1585 0.3773 -0.0556 -0.1377 -0.1056 0.9833
1305031465.4277 -0.9887 -0.1475 0.3898 -0.0536 -0.1499 -0.0949 0.9827
1305031465.4601 -0.9769 -0.1384 0.3932 -0.0525 -0.1564 -0.0855 0.9826
1305031465.4957 -0.9566 -0.1311 0.3969 -0.0569 -0.1645 -0.0754 0.9818
1305031465.5276 -0.9435 -0.1337 0.4033 -0.0600 -0.1707 -0.0728 0.9808
1305031465.5598 -0.9295 -0.1306 0.4043 -0.0577 -0.1758 -0.0677 0.9804
1305031465.5956 -0.9162 -0.1204 0.4053 -0.0538 -0.1785 -0.0618 0.9805
1305031465.6277 -0.9065 -0.1120 0.4050 -0.0516 -0.1803 -0.0544 0.9807
1305031465.6601 -0.8948 -0.1080 0.4038 -0.0511 -0.1851 -0.0481 0.9802
1305031465.6957 -0.8771 -0.1013 0.4081 -0.0485 -0.1909 -0.0420 0.9795
1305031465.7277 -0.8647 -0.0881 0.4109 -0.0429 -0.1928 -0.0343 0.9797
1305031465.7598 -0.8521 -0.0747 0.4110 -0.0379 -0.1953 -0.0276 0.9796
1305031465.7959 -0.8363 -0.0689 0.4092 -0.0357 -0.1968 -0.0236 0.9795
1305031465.8280 -0.8207 -0.0648 0.4119 -0.0321 -0.1994 -0.0179 0.9792
1305031465.8599 -0.7944 -0.0436 0.4101 -0.0210 -0.2016 -0.0127 0.9792
1305031465.8955 -0.7735 -0.0380 0.4114 -0.0207 -0.1958 -0.0120 0.9803
1305031465.9275 -0.7503 -0.0360 0.4164 -0.0192 -0.1901 -0.0107 0.9815
1305031465.9597 -0.7295 -0.0231 0.4154 -0.0107 -0.1823 -0.0095 0.9831
1305031465.9958 -0.7073 -0.0153 0.4187 -0.0070 -0.1788 -0.0110 0.9838
1305031466.0276 -0.6848 -0.0074 0.4117 -0.0039 -0.1786 -0.0120 0.9838
1305031466.0598 -0.6650 0.0144 0.4092 -0.0036 -0.1776 -0.0109 0.9840
1305031466.0958 -0.6553 0.0378 0.4044 -0.0049 -0.1780 -0.0110 0.9840
1305031466.1276 -0.6456 0.0515 0.4003 -0.0115 -0.1805 -0.0111 0.9834
1305031466.1604 -0.6353 0.0712 0.3934 -0.0141 -0.1833 -0.0090 0.9829
1305031466.1958 -0.6247 0.0868 0.3914 -0.0223 -0.1890 -0.0075 0.9817
1305031466.2280 -0.6072 0.0897 0.3949 -0.0355 -0.1976 -0.0121 0.9796
1305031466.2598 -0.5833 0.0792 0.3918 -0.0401 -0.2024 -0.0187 0.9783
1305031466.2957 -0.5567 0.0801 0.3855 -0.0378 -0.2019 -0.0283 0.9783
1305031466.3277 -0.5367 0.0815 0.3785 -0.0378 -0.1945 -0.0360 0.9795
1305031466.3598 -0.5219 0.0891 0.3720 -0.0397 -0.1865 -0.0457 0.9806
1305031466.3958 -0.5036 0.0773 0.3640 -0.0427 -0.1856 -0.0484 0.9805
1305031466.4278 -0.4941 0.0772 0.3530 -0.0394 -0.1865 -0.0508 0.9803
1305031466.4598 -0.4810 0.0820 0.3439 -0.0390 -0.1897 -0.0535 0.9796
1305031466.4958 -0.4645 0.0864 0.3409 -0.0413 -0.1926 -0.0557 0.9788
1305031466.5275 -0.4343 0.0791 0.3407 -0.0449 -0.1944 -0.0555 0.9783
1305031466.5604 -0.4122 0.0825 0.3353 -0.0458 -0.1920 -0.0583 0.9786
1305031466.5959 -0.3908 0.0929 0.3383 -0.0524 -0.1932 -0.0632 0.9777
1305031466.6275 -0.3625 0.0761 0.3446 -0.0603 -0.1949 -0.0693 0.9765
1305031466.6597 -0.3362 0.0715 0.3464 -0.0575 -0.1949 -0.0719 0.9765
1305031466.6958 -0.3208 0.0759 0.3436 -0.0565 -0.1962 -0.0785 0.9758
1305031466.7281 -0.3110 0.0803 0.3492 -0.0602 -0.1970 -0.0890 0.9745
1305031466.7596 -0.2864 0.0739 0.3549 -0.0574 -0.2001 -0.0963 0.9733
1305031466.7956 -0.2749 0.0777 0.3533 -0.0527 -0.2017 -0.0995 0.9730
1305031466.8279 -0.2575 0.0873 0.3508 -0.0520 -0.2051 -0.1003 0.9722
1305031466.8597 -0.2496 0.0826 0.3532 -0.0543 -0.2086 -0.1003 0.9713
1305031466.8957 -0.2376 0.0835 0.3602 -0.0530 -0.2193 -0.0996 0.9691
1305031466.9278 -0.2184 0.0821 0.3615 -0.0532 -0.2342 -0.0997 0.9656
1305031466.9597 -0.2056 0.0804 0.3666 -0.0528 -0.2418 -0.1019 0.9635
1305031466.9957 -0.1935 0.0780 0.3664 -0.0525 -0.2452 -0.1041 0.9624
1305031467.0278 -0.1839 0.0775 0.3671 -0.0519 -0.2479 -0.1067 0.9615
1305031467.0597 -0.1721 0.0805 0.3676 -0.0505 -0.2499 -0.1085 0.9608
1305031467.0957 -0.1585 0.0828 0.3690 -0.0504 -0.2517 -0.1117 0.9600
1305031467.1290 -0.1531 0.0807 0.3715 -0.0500 -0.2534 -0.1183 0.9588
1305031467.1597 -0.1428 0.0813 0.3753 -0.0476 -0.2567 -0.1228 0.9575
1305031467.1957 -0.1357 0.0810 0.3709 -0.0466 -0.2589 -0.1254 0.9566
1305031467.2277 -0.1269 0.0795 0.3693 -0.0458 -0.2633 -0.1291 0.9549
1305031467.2597 -0.1183 0.0808 0.3731 -0.0442 -0.2677 -0.1317 0.9534
1305031467.2958 -0.1123 0.0804 0.3739 -0.0431 -0.2706 -0.1352 0.9522
1305031467.3280 -0.1022 0.0815 0.3709 -0.0416 -0.2743 -0.1380 0.9508
1305031467.3597 -0.0839 0.0779 0.3686 -0.0440 -0.2815 -0.1400 0.9483
1305031467.3958 -0.0714 0.0864 0.3697 -0.0443 -0.2872 -0.1445 0.9459
1305031467.4278 -0.0618 0.0866 0.3720 -0.0443 -0.2914 -0.1472 0.9442
1305031467.4597 -0.0476 0.0833 0.3685 -0.0453 -0.2965 -0.1481 0.9424
1305031467.4961 -0.0347 0.0898 0.3740 -0.0470 -0.3039 -0.1496 0.9397
1305031467.5277 -0.0223 0.0992 0.3799 -0.0458 -0.3081 -0.1560 0.9374
1305031467.5598 -0.0162 0.0977 0.3829 -0.0462 -0.3082 -0.1567 0.9372
1305031467.5960 -0.0084 0.0956 0.3843 -0.0468 -0.3094 -0.1554 0.9370
1305031467.6275 -0.0034 0.0935 0.3926 -0.0460 -0.3130 -0.1535 0.9361
1305031467.6596 -0.0002 0.0845 0.3991 -0.0434 -0.3163 -0.1528 0.9353
1305031467.6959 0.0037 0.0876 0.3996 -0.0397 -0.3176 -0.1541 0.9348
1305031467.7275 0.0049 0.0852 0.4136 -0.0362 -0.3201 -0.1578 0.9335
1305031467.7599 0.0024 0.0771 0.4239 -0.0329 -0.3215 -0.1588 0.9329
1305031467.7961 0.0022 0.0675 0.4316 -0.0315 -0.3232 -0.1609 0.9320
1305031467.8278 -0.0051 0.0541 0.4443 -0.0307 -0.3243 -0.1614 0.9316
1305031467.8597 -0.0125 0.0404 0.4546 -0.0274 -0.3262 -0.1586 0.9315
1305031467.8959 -0.0120 0.0344 0.4603 -0.0243 -0.3301 -0.1589 0.9301
1305031467.9278 -0.0176 0.0281 0.4790 -0.0217 -0.3350 -0.1619 0.9279
1305031467.9598 -0.0218 0.0226 0.4938 -0.0156 -0.3384 -0.1618 0.9269
1305031467.9958 -0.0182 0.0242 0.5076 -0.0125 -0.3409 -0.1626 0.9259
1305031468.0281 -0.0192 0.0213 0.5340 -0.0125 -0.3430 -0.1648 0.9247
1305031468.0598 -0.0282 0.0094 0.5500 -0.0094 -0.3446 -0.1667 0.9238
1305031468.0959 -0.0271 0.0085 0.5620 -0.0080 -0.3471 -0.1667 0.9229
1305031468.1278 -0.0292 0.0053 0.5788 -0.0080 -0.3487 -0.1679 0.9220
1305031468.1599 -0.0278 0.0013 0.5962 -0.0062 -0.3508 -0.1689 0.9211
1305031468.1960 -0.0278 0.0001 0.6133 -0.0049 -0.3519 -0.1714 0.9202
1305031468.2282 -0.0249 -0.0039 0.6404 -0.0043 -0.3536 -0.1719 0.9194
1305031468.2598 -0.0206 -0.0084 0.6701 -0.0034 -0.3553 -0.1708 0.9190
1305031468.2958 -0.0202 -0.0115 0.6920 -0.0020 -0.3550 -0.1712 0.9191
1305031468.3278 -0.0189 -0.0363 0.7247 -0.0049 -0.3574 -0.1691 0.9185
1305031468.3598 -0.0125 -0.0439 0.7483 -0.0034 -0.3586 -0.1615 0.9194
1305031468.4598 -0.0135 -0.0810 0.7934 -0.0107 -0.3593 -0.1578 0.9197
1305031468.5278 -0.0197 -0.1093 0.8287 -0.0123 -0.3598 -0.1629 0.9186
1305031468.5597 -0.0321 -0.1267 0.8283 -0.0050 -0.3581 -0.1721 0.9177
1305031468.6596 -0.0559 -0.1709 0.8368 -0.0095 -0.3601 -0.1800 0.9154
1305031468.6958 -0.0693 -0.1917 0.8386 -0.0063 -0.3633 -0.1834 0.9134
1305031468.7278 -0.0762 -0.2061 0.8410 -0.0019 -0.3678 -0.1841 0.9115
1305031468.7958 -0.0913 -0.2390 0.8461 0.0028 -0.3725 -0.1884 0.9087
1305031468.8292 -0.1022 -0.2522 0.8409 0.0113 -0.3725 -0.1942 0.9074
1305031468.9596 -0.1132 -0.2687 0.8529 0.0064 -0.3568 -0.1976 0.9130
1305031469.0277 -0.1231 -0.2663 0.8665 -0.0218 -0.3513 -0.2128 0.9115
1305031469.1277 -0.1372 -0.2946 0.8991 -0.0582 -0.3467 -0.2432 0.9040
1305031469.1955 -0.1454 -0.3081 0.9175 -0.0750 -0.3307 -0.2579 0.9047
1305031469.2596 -0.1735 -0.2989 0.9436 -0.0820 -0.3206 -0.2683 0.9047
1305031469.2968 -0.1805 -0.2993 0.9528 -0.0859 -0.3175 -0.2709 0.9047
1305031469.3276 -0.1866 -0.2899 0.9598 -0.0870 -0.3146 -0.2735 0.9048
1305031469.3596 -0.1884 -0.2912 0.9782 -0.0937 -0.3126 -0.2794 0.9030
1305031469.3957 -0.1930 -0.2910 0.9944 -0.0934 -0.3028 -0.2860 0.9043
1305031469.4277 -0.1989 -0.2792 1.0022 -0.0888 -0.2904 -0.2910 0.9072
1305031469.4597 -0.2007 -0.2669 1.0208 -0.0854 -0.2853 -0.2998 0.9063
1305031469.4957 -0.2127 -0.2497 1.0252 -0.0821 -0.2786 -0.3016 0.9081
1305031469.5276 -0.2108 -0.2378 1.0345 -0.0827 -0.2808 -0.3005 0.9078
1305031469.5596 -0.2105 -0.2182 1.0461 -0.0830 -0.2822 -0.3013 0.9070
1305031469.5958 -0.2059 -0.1981 1.0561 -0.0865 -0.2830 -0.2994 0.9071
1305031469.6956 -0.2327 -0.1388 1.0886 -0.0969 -0.2680 -0.2979 0.9110
1305031469.7956 -0.2571 -0.0783 1.1094 -0.1079 -0.2526 -0.2911 0.9164
1305031469.9598 -0.3118 0.0129 1.1335 -0.1271 -0.2546 -0.2801 0.9168
1305031470.1276 -0.3694 0.1031 1.1306 -0.1330 -0.2546 -0.2719 0.9185
1305031470.2957 -0.4337 0.1901 1.1079 -0.1412 -0.2464 -0.2602 0.9228
1305031470.4597 -0.4846 0.2624 1.0842 -0.1447 -0.2550 -0.2442 0.9244
1305031470.6597 -0.5446 0.3064 1.0532 -0.1480 -0.2563 -0.2291 0.9273
1305031470.6956 -0.5569 0.3148 1.0491 -0.1492 -0.2555 -0.2250 0.9283
1305031470.7277 -0.5679 0.3214 1.0457 -0.1476 -0.2548 -0.2230 0.9293
1305031470.7597 -0.5730 0.3249 1.0420 -0.1479 -0.2522 -0.2203 0.9306
1305031470.7956 -0.5800 0.3307 1.0399 -0.1480 -0.2480 -0.2165 0.9326
1305031470.8278 -0.5895 0.3400 1.0349 -0.1414 -0.2454 -0.2084 0.9361
1305031470.8596 -0.5976 0.3404 1.0311 -0.1392 -0.2460 -0.2012 0.9379
1305031470.8957 -0.6060 0.3477 1.0258 -0.1340 -0.2451 -0.1918 0.9408
1305031470.9277 -0.6177 0.3447 1.0231 -0.1337 -0.2477 -0.1886 0.9409
1305031470.9596 -0.6285 0.3446 1.0179 -0.1245 -0.2496 -0.1833 0.9427
1305031470.9960 -0.6346 0.3446 1.0119 -0.1149 -0.2499 -0.1812 0.9442
1305031471.0276 -0.6415 0.3390 1.0086 -0.1090 -0.2488 -0.1786 0.9457
1305031471.0596 -0.6457 0.3341 1.0046 -0.1018 -0.2484 -0.1740 0.9474
1305031471.0958 -0.6500 0.3339 0.9984 -0.0948 -0.2480 -0.1636 0.9501
1305031471.1277 -0.6548 0.3314 0.9958 -0.0915 -0.2494 -0.1553 0.9515
1305031471.1596 -0.6555 0.3378 0.9929 -0.0818 -0.2503 -0.1477 0.9533
1305031471.1957 -0.6571 0.3375 0.9911 -0.0810 -0.2497 -0.1431 0.9543
1305031471.2276 -0.6601 0.3393 0.9895 -0.0802 -0.2481 -0.1390 0.9553
1305031471.2597 -0.6641 0.3386 0.9877 -0.0812 -0.2467 -0.1370 0.9559
1305031471.2961 -0.6661 0.3390 0.9876 -0.0799 -0.2462 -0.1343 0.9565
1305031471.3276 -0.6677 0.3395 0.9867 -0.0770 -0.2439 -0.1299 0.9580
1305031471.3596 -0.6682 0.3404 0.9862 -0.0764 -0.2400 -0.1266 0.9595
1305031471.3957 -0.6715 0.3363 0.9864 -0.0783 -0.2366 -0.1234 0.9606
1305031471.4277 -0.6720 0.3355 0.9817 -0.0766 -0.2358 -0.1158 0.9618
1305031471.5276 -0.6822 0.3400 0.9737 -0.0761 -0.2352 -0.1023 0.9636
1305031471.5597 -0.6829 0.3404 0.9712 -0.0760 -0.2340 -0.1009 0.9640
1305031471.5957 -0.6825 0.3415 0.9705 -0.0752 -0.2327 -0.0988 0.9646
1305031471.6276 -0.6833 0.3417 0.9685 -0.0743 -0.2303 -0.0978 0.9653
1305031471.6596 -0.6842 0.3417 0.9674 -0.0736 -0.2279 -0.0962 0.9661
1305031471.8276 -0.6836 0.3394 0.9565 -0.0871 -0.2094 -0.0688 0.9715
1305031472.0597 -0.6918 0.3524 0.9601 -0.1180 -0.1811 -0.0377 0.9756
1305031472.4636 -0.6860 0.3671 0.9705 -0.0984 -0.1988 -0.0045 0.9751
1305031472.6958 -0.6823 0.3466 0.9754 -0.0914 -0.1980 0.0068 0.9759
1305031472.9638 -0.6815 0.3322 0.9852 -0.0823 -0.1980 0.0112 0.9767
