1305031453.3917 0.0000 0.0000 0.0000 0.0000 0.0000 0.0000 1.0000
1305031453.5237 0.0127 0.0145 -0.0447 0.0148 0.0216 0.0371 0.9990
1305031453.6277 0.0068 0.0307 -0.0880 0.0354 0.0294 0.0523 0.9976
1305031453.7277 -0.0127 0.0581 -0.1283 0.0552 0.0172 0.0415 0.9975
1305031453.8278 -0.0383 0.0817 -0.1659 0.0673 -0.0071 0.0196 0.9975
1305031453.9277 -0.0764 0.1002 -0.1898 0.0656 -0.0521 0.0000 0.9965
1305031453.9596 -0.0822 0.1051 -0.1926 0.0635 -0.0693 -0.0095 0.9955
1305031453.9916 -0.0943 0.1044 -0.1924 0.0616 -0.0805 -0.0211 0.9946
1305031454.0277 -0.1063 0.1090 -0.1967 0.0649 -0.0920 -0.0314 0.9931
1305031454.0597 -0.1165 0.1155 -0.1987 0.0672 -0.1031 -0.0428 0.9915
1305031454.0917 -0.1242 0.1191 -0.1912 0.0694 -0.1164 -0.0552 0.9892
1305031454.1277 -0.1314 0.1221 -0.1857 0.0739 -0.1320 -0.0689 0.9861
1305031454.1597 -0.1352 0.1253 -0.1825 0.0748 -0.1494 -0.0800 0.9827
1305031454.1917 -0.1469 0.1274 -0.1814 0.0733 -0.1652 -0.0944 0.9790
1305031454.2277 -0.1653 0.1313 -0.1759 0.0778 -0.1793 -0.1119 0.9743
1305031454.2596 -0.1670 0.1324 -0.1741 0.0834 -0.1941 -0.1273 0.9691
1305031454.2916 -0.1753 0.1377 -0.1707 0.0831 -0.2017 -0.1387 0.9660
1305031454.3277 -0.1931 0.1388 -0.1751 0.0847 -0.2079 -0.1561 0.9619
1305031454.3596 -0.1989 0.1417 -0.1729 0.0917 -0.2197 -0.1707 0.9561
1305031454.3917 -0.2072 0.1473 -0.1744 0.0938 -0.2265 -0.1819 0.9523
1305031454.4275 -0.2249 0.1530 -0.1749 0.0962 -0.2355 -0.1973 0.9468
1305031454.4599 -0.2285 0.1565 -0.1753 0.0996 -0.2451 -0.2118 0.9408
1305031454.4916 -0.2377 0.1613 -0.1750 0.1018 -0.2484 -0.2276 0.9360
1305031454.5277 -0.2466 0.1683 -0.1763 0.1023 -0.2523 -0.2436 0.9309
1305031454.5596 -0.2607 0.1755 -0.1733 0.1001 -0.2552 -0.2565 0.9269
1305031454.5916 -0.2788 0.1827 -0.1684 0.0983 -0.2612 -0.2733 0.9205
1305031454.6276 -0.2890 0.1874 -0.1678 0.0966 -0.2713 -0.2877 0.9134
1305031454.6595 -0.3057 0.2011 -0.1558 0.0936 -0.2791 -0.2935 0.9095
1305031454.6919 -0.3264 0.2045 -0.1435 0.0854 -0.2890 -0.3011 0.9047
1305031454.7277 -0.3384 0.2053 -0.1357 0.0789 -0.2989 -0.3071 0.9001
1305031454.7597 -0.3418 0.2054 -0.1268 0.0727 -0.3053 -0.3065 0.8987
1305031454.7916 -0.3413 0.2105 -0.1234 0.0675 -0.3080 -0.3002 0.9003
1305031454.8276 -0.3397 0.2154 -0.1198 0.0627 -0.3092 -0.2953 0.9018
1305031454.8596 -0.3410 0.2180 -0.1175 0.0556 -0.3057 -0.2901 0.9051
1305031454.8918 -0.3400 0.2213 -0.1189 0.0503 -0.3002 -0.2839 0.9092
1305031454.9276 -0.3402 0.2282 -0.1216 0.0464 -0.2938 -0.2786 0.9132
1305031454.9596 -0.3432 0.2372 -0.1245 0.0433 -0.2876 -0.2728 0.9171
1305031454.9919 -0.3472 0.2449 -0.1297 0.0402 -0.2835 -0.2670 0.9202
1305031455.0278 -0.3508 0.2598 -0.1330 0.0421 -0.2816 -0.2650 0.9212
1305031455.0596 -0.3530 0.2638 -0.1334 0.0394 -0.2796 -0.2635 0.9224
1305031455.0917 -0.3545 0.2697 -0.1350 0.0408 -0.2779 -0.2630 0.9230
1305031455.1277 -0.3584 0.2807 -0.1380 0.0423 -0.2738 -0.2613 0.9247
1305031455.1597 -0.3671 0.2896 -0.1440 0.0406 -0.2685 -0.2566 0.9276
1305031455.1917 -0.3767 0.2986 -0.1463 0.0371 -0.2649 -0.2509 0.9303
1305031455.2276 -0.3871 0.3066 -0.1508 0.0369 -0.2609 -0.2460 0.9328
1305031455.2596 -0.3925 0.3204 -0.1555 0.0355 -0.2561 -0.2393 0.9359
1305031455.2918 -0.4054 0.3233 -0.1592 0.0255 -0.2500 -0.2296 0.9403
1305031455.3278 -0.4180 0.3351 -0.1685 0.0212 -0.2456 -0.2199 0.9439
1305031455.3596 -0.4235 0.3456 -0.1699 0.0142 -0.2444 -0.2140 0.9457
1305031455.3917 -0.4339 0.3447 -0.1712 0.0019 -0.2380 -0.2057 0.9492
1305031455.4276 -0.4488 0.3492 -0.1790 -0.0059 -0.2297 -0.1958 0.9533
1305031455.4596 -0.4627 0.3481 -0.1862 -0.0125 -0.2257 -0.1873 0.9560
1305031455.4916 -0.4728 0.3505 -0.1933 -0.0186 -0.2228 -0.1754 0.9588
1305031455.5276 -0.4898 0.3456 -0.2011 -0.0270 -0.2189 -0.1616 0.9619
1305031455.5597 -0.5050 0.3442 -0.2106 -0.0319 -0.2198 -0.1469 0.9639
1305031455.5916 -0.5161 0.3488 -0.2205 -0.0349 -0.2213 -0.1320 0.9656
1305031455.6276 -0.5306 0.3417 -0.2252 -0.0426 -0.2205 -0.1196 0.9671
1305031455.6596 -0.5469 0.3364 -0.2363 -0.0420 -0.2181 -0.1136 0.9684
1305031455.6916 -0.5614 0.3362 -0.2481 -0.0390 -0.2162 -0.1144 0.9688
1305031455.7276 -0.5728 0.3330 -0.2580 -0.0374 -0.2142 -0.1185 0.9688
1305031455.7597 -0.5879 0.3298 -0.2706 -0.0369 -0.2080 -0.1212 0.9699
1305031455.7917 -0.6042 0.3202 -0.2832 -0.0371 -0.2022 -0.1203 0.9712
1305031455.8276 -0.6156 0.3183 -0.2982 -0.0345 -0.1995 -0.1190 0.9720
1305031455.8595 -0.6257 0.3151 -0.3087 -0.0341 -0.1985 -0.1204 0.9721
1305031455.8917 -0.6355 0.3114 -0.3211 -0.0340 -0.1959 -0.1198 0.9727
1305031455.9280 -0.6485 0.3046 -0.3328 -0.0358 -0.1914 -0.1204 0.9735
1305031455.9597 -0.6570 0.3035 -0.3438 -0.0350 -0.1879 -0.1217 0.9740
1305031455.9917 -0.6619 0.3017 -0.3492 -0.0366 -0.1852 -0.1236 0.9742
1305031456.0278 -0.6706 0.3085 -0.3612 -0.0379 -0.1785 -0.1278 0.9749
1305031456.0597 -0.6821 0.2986 -0.3668 -0.0486 -0.1732 -0.1354 0.9743
1305031456.0917 -0.6921 0.2910 -0.3701 -0.0544 -0.1693 -0.1406 0.9740
1305031456.1276 -0.6965 0.2879 -0.3728 -0.0545 -0.1674 -0.1413 0.9742
1305031456.1597 -0.7079 0.2809 -0.3773 -0.0550 -0.1607 -0.1423 0.9751
1305031456.1917 -0.7152 0.2757 -0.3793 -0.0494 -0.1538 -0.1400 0.9769
1305031456.2277 -0.7183 0.2777 -0.3818 -0.0458 -0.1461 -0.1355 0.9789
1305031456.2917 -0.7151 0.2178 -0.3930 -0.0682 -0.1466 -0.1435 0.9764
1305031456.3277 -0.7253 0.2102 -0.3914 -0.0657 -0.1371 -0.1382 0.9787
1305031456.3916 -0.7274 0.2015 -0.3914 -0.0691 -0.1365 -0.1388 0.9784
1305031456.4277 -0.7427 0.2047 -0.3903 -0.0624 -0.1254 -0.1306 0.9815
1305031456.4917 -0.7502 0.1892 -0.3863 -0.0710 -0.1241 -0.1325 0.9808
1305031456.5276 -0.7624 0.1952 -0.3791 -0.0755 -0.1251 -0.1279 0.9810
1305031456.5917 -0.7832 0.2036 -0.3660 -0.0774 -0.1205 -0.1173 0.9827
1305031456.6276 -0.7938 0.2151 -0.3622 -0.0879 -0.1136 -0.1129 0.9832
1305031456.6916 -0.8340 0.2038 -0.3439 -0.1035 -0.0994 -0.0998 0.9846
1305031456.7916 -0.7690 0.3685 -0.3695 -0.0430 -0.1241 -0.0863 0.9876
1305031457.0276 -0.8529 0.4033 -0.3285 -0.0590 -0.1013 -0.0509 0.9918
1305031457.1917 -0.9118 0.4115 -0.3466 -0.0727 -0.0670 -0.0251 0.9948
1305031457.2917 -0.9481 0.4021 -0.3730 -0.0691 -0.0445 -0.0062 0.9966
1305031457.3917 -0.9883 0.3961 -0.4085 -0.0626 -0.0105 0.0137 0.9979
1305031457.4917 -1.0342 0.3847 -0.4467 -0.0607 0.0056 0.0306 0.9977
1305031457.5597 -1.0568 0.3766 -0.4724 -0.0536 0.0136 0.0385 0.9977
1305031457.6275 -1.0870 0.3685 -0.4941 -0.0508 0.0218 0.0454 0.9974
1305031457.6916 -1.1120 0.3677 -0.5155 -0.0521 0.0241 0.0527 0.9970
1305031457.7596 -1.1346 0.3429 -0.5307 -0.0523 0.0268 0.0499 0.9970
1305031457.8277 -1.1518 0.3324 -0.5495 -0.0337 0.0366 0.0513 0.9974
1305031457.8916 -1.1790 0.3028 -0.5615 -0.0276 0.0523 0.0540 0.9968
1305031457.9276 -1.1935 0.3027 -0.5706 -0.0137 0.0558 0.0609 0.9965
1305031457.9916 -1.2155 0.2890 -0.5778 -0.0034 0.0560 0.0681 0.9961
1305031458.0278 -1.2261 0.2794 -0.5772 0.0049 0.0588 0.0701 0.9958
1305031458.0597 -1.2400 0.2907 -0.5757 0.0167 0.0634 0.0735 0.9951
1305031458.0917 -1.2555 0.2928 -0.5725 0.0178 0.0682 0.0759 0.9946
1305031458.1276 -1.2685 0.2861 -0.5655 0.0163 0.0714 0.0770 0.9943
1305031458.1596 -1.2832 0.2811 -0.5579 0.0183 0.0734 0.0798 0.9939
1305031458.1916 -1.2922 0.2882 -0.5473 0.0204 0.0706 0.0856 0.9936
1305031458.2276 -1.3040 0.2809 -0.5357 0.0126 0.0670 0.0864 0.9939
1305031458.2599 -1.3182 0.2548 -0.5175 0.0068 0.0648 0.0827 0.9944
1305031458.2917 -1.3320 0.2540 -0.5091 0.0162 0.0590 0.0842 0.9946
1305031458.3276 -1.3418 0.2519 -0.4972 0.0181 0.0512 0.0863 0.9948
1305031458.3596 -1.3510 0.2385 -0.4776 0.0243 0.0458 0.0870 0.9949
1305031458.3916 -1.3566 0.2407 -0.4676 0.0370 0.0395 0.0908 0.9944
1305031458.4276 -1.3600 0.2411 -0.4528 0.0448 0.0364 0.0997 0.9933
1305031458.4596 -1.3637 0.2364 -0.4360 0.0562 0.0396 0.1063 0.9920
1305031458.4917 -1.3691 0.2298 -0.4198 0.0764 0.0484 0.1075 0.9901
1305031458.5277 -1.3809 0.2412 -0.4018 0.0964 0.0584 0.1069 0.9879
1305031458.5596 -1.3901 0.2452 -0.3824 0.1049 0.0672 0.1060 0.9865
1305031458.5916 -1.4019 0.2458 -0.3630 0.1151 0.0734 0.1021 0.9854
1305031458.6277 -1.4121 0.2671 -0.3432 0.1218 0.0729 0.0989 0.9849
1305031458.6596 -1.4200 0.2636 -0.3215 0.1141 0.0686 0.0988 0.9862
1305031458.6917 -1.4235 0.2605 -0.2971 0.1077 0.0526 0.0921 0.9885
1305031458.7276 -1.4136 0.2449 -0.2729 0.1017 0.0341 0.0832 0.9907
1305031458.7599 -1.4229 0.2472 -0.2575 0.1081 0.0201 0.0728 0.9913
1305031458.7916 -1.4220 0.2547 -0.2409 0.1084 0.0033 0.0644 0.9920
1305031458.8276 -1.4184 0.2457 -0.2243 0.0995 -0.0065 0.0619 0.9931
1305031458.8917 -1.4193 0.2386 -0.2011 0.1068 -0.0105 0.0516 0.9929
1305031458.9276 -1.4311 0.2420 -0.1970 0.1052 -0.0025 0.0570 0.9928
1305031458.9596 -1.4374 0.2326 -0.1923 0.0949 0.0028 0.0699 0.9930
1305031458.9916 -1.4467 0.2084 -0.1894 0.0919 0.0060 0.0765 0.9928
1305031459.0277 -1.4632 0.2065 -0.1845 0.1026 0.0034 0.0782 0.9916
1305031459.0596 -1.4818 0.1968 -0.1800 0.1083 -0.0040 0.0897 0.9901
1305031459.1276 -1.5013 0.1744 -0.1999 0.1224 -0.0492 0.1104 0.9851
1305031459.1596 -1.5070 0.1696 -0.1902 0.1295 -0.0777 0.1137 0.9820
1305031459.1917 -1.5142 0.1720 -0.1811 0.1346 -0.0991 0.1200 0.9786
1305031459.2276 -1.5200 0.1724 -0.1699 0.1348 -0.1140 0.1312 0.9755
1305031459.2598 -1.5223 0.1774 -0.1509 0.1340 -0.1194 0.1400 0.9737
1305031459.3276 -1.5364 0.1806 -0.1312 0.1255 -0.0886 0.1718 0.9731
1305031459.3597 -1.5472 0.1898 -0.1227 0.1279 -0.0651 0.1941 0.9704
1305031459.3917 -1.5632 0.2105 -0.1117 0.1243 -0.0389 0.2197 0.9668
1305031459.4276 -1.5631 0.2142 -0.1001 0.1065 -0.0080 0.2557 0.9608
1305031459.4597 -1.5753 0.2155 -0.0956 0.0989 0.0264 0.2945 0.9502
1305031459.5276 -1.6096 0.3756 -0.0087 0.1605 0.0457 0.2798 0.9454
1305031459.5596 -1.6193 0.3697 -0.0163 0.1494 0.0566 0.3082 0.9378
1305031459.5917 -1.6327 0.3702 -0.0181 0.1434 0.0608 0.3290 0.9314
1305031459.6276 -1.6368 0.3641 -0.0184 0.1356 0.0592 0.3416 0.9281
1305031459.6596 -1.6494 0.3687 -0.0156 0.1370 0.0657 0.3432 0.9269
1305031459.6916 -1.6644 0.3636 -0.0175 0.1296 0.0769 0.3510 0.9242
1305031459.7276 -1.6759 0.3488 -0.0233 0.1215 0.0842 0.3561 0.9227
1305031459.7917 -1.7123 0.3268 -0.0311 0.1234 0.0957 0.3525 0.9227
1305031459.8277 -1.7290 0.3167 -0.0325 0.1225 0.0964 0.3503 0.9236
1305031459.8597 -1.7451 0.3045 -0.0351 0.1180 0.0951 0.3504 0.9243
1305031459.8916 -1.7559 0.2908 -0.0346 0.1122 0.0901 0.3531 0.9244
1305031459.9276 -1.7662 0.2779 -0.0343 0.1108 0.0868 0.3562 0.9238
1305031459.9917 -1.7889 0.2546 -0.0330 0.1044 0.0832 0.3631 0.9221
1305031460.0276 -1.7981 0.2406 -0.0330 0.1027 0.0832 0.3662 0.9211
1305031460.0597 -1.8129 0.2269 -0.0338 0.1030 0.0849 0.3675 0.9204
1305031460.0917 -1.8228 0.2100 -0.0339 0.1020 0.0794 0.3749 0.9180
1305031460.1277 -1.8300 0.1970 -0.0338 0.1060 0.0692 0.3844 0.9145
1305031460.1597 -1.8417 0.1879 -0.0319 0.1115 0.0618 0.3912 0.9114
1305031460.1916 -1.8430 0.1782 -0.0260 0.1094 0.0531 0.3976 0.9095
1305031460.2278 -1.8370 0.1634 -0.0216 0.1070 0.0510 0.4014 0.9082
1305031460.2917 -1.8413 0.1391 -0.0199 0.1075 0.0667 0.4034 0.9062
1305031460.3275 -1.8430 0.1261 -0.0215 0.1072 0.0746 0.4075 0.9038
1305031460.3916 -1.8549 0.1002 -0.0226 0.1000 0.0967 0.4141 0.8996
1305031460.4275 -1.8592 0.0903 -0.0207 0.0985 0.1075 0.4199 0.8958
1305031460.4596 -1.8643 0.0856 -0.0180 0.0974 0.1211 0.4235 0.8925
1305031460.4915 -1.8668 0.0777 -0.0163 0.0900 0.1341 0.4320 0.8873
1305031460.5276 -1.8666 0.0662 -0.0148 0.0810 0.1438 0.4426 0.8814
1305031460.5596 -1.8671 0.0518 -0.0141 0.0729 0.1535 0.4471 0.8782
1305031460.5919 -1.8714 0.0400 -0.0125 0.0683 0.1629 0.4484 0.8762
1305031460.6276 -1.8726 0.0278 -0.0117 0.0648 0.1710 0.4516 0.8733
1305031460.6598 -1.8786 0.0153 -0.0100 0.0623 0.1795 0.4519 0.8716
1305031460.6917 -1.8825 0.0050 -0.0081 0.0587 0.1831 0.4544 0.8698
1305031460.7277 -1.8843 0.0005 -0.0063 0.0560 0.1840 0.4550 0.8695
1305031460.7597 -1.8848 -0.0110 -0.0033 0.0525 0.1886 0.4531 0.8697
1305031460.7917 -1.8905 -0.0170 0.0001 0.0518 0.1920 0.4530 0.8690
1305031460.8277 -1.8960 -0.0261 0.0057 0.0480 0.1947 0.4493 0.8706
1305031460.8597 -1.8974 -0.0358 0.0102 0.0421 0.1982 0.4462 0.8717
1305031460.8918 -1.8981 -0.0498 0.0146 0.0350 0.2028 0.4440 0.8721
1305031460.9276 -1.9027 -0.0605 0.0210 0.0312 0.2058 0.4434 0.8718
1305031460.9917 -1.8946 -0.0903 0.0316 0.0249 0.2094 0.4459 0.8699
1305031461.0276 -1.8939 -0.1035 0.0354 0.0258 0.2111 0.4481 0.8683
1305031461.0917 -1.8996 -0.1224 0.0497 0.0280 0.2116 0.4472 0.8686
1305031461.1276 -1.8941 -0.1344 0.0534 0.0254 0.2109 0.4449 0.8700
1305031461.1597 -1.8942 -0.1400 0.0563 0.0299 0.2114 0.4432 0.8706
1305031461.1920 -1.8960 -0.1446 0.0613 0.0343 0.2125 0.4392 0.8722
1305031461.2276 -1.8950 -0.1514 0.0676 0.0348 0.2140 0.4365 0.8732
1305031461.2596 -1.8917 -0.1605 0.0713 0.0365 0.2140 0.4340 0.8743
1305031461.2917 -1.8910 -0.1650 0.0774 0.0400 0.2152 0.4283 0.8767
1305031461.3278 -1.8875 -0.1659 0.0827 0.0425 0.2172 0.4243 0.8780
1305031461.3597 -1.8892 -0.1658 0.0895 0.0397 0.2212 0.4208 0.8789
1305031461.3917 -1.8820 -0.1790 0.0953 0.0300 0.2212 0.4216 0.8789
1305031461.4276 -1.8763 -0.1831 0.0981 0.0295 0.2214 0.4200 0.8796
1305031461.4598 -1.8754 -0.1814 0.1049 0.0264 0.2216 0.4207 0.8793
1305031461.4917 -1.8608 -0.1954 0.1054 0.0197 0.2203 0.4228 0.8788
1305031461.5277 -1.8591 -0.1948 0.1052 0.0248 0.2220 0.4216 0.8788
1305031461.5597 -1.8520 -0.1890 0.1024 0.0251 0.2225 0.4177 0.8806
1305031461.5917 -1.8490 -0.1858 0.1020 0.0261 0.2307 0.4144 0.8800
1305031461.6275 -1.8465 -0.1818 0.1031 0.0239 0.2370 0.4144 0.8784
1305031461.6596 -1.8431 -0.1791 0.1035 0.0214 0.2423 0.4150 0.8767
1305031461.6916 -1.8423 -0.1709 0.1059 0.0206 0.2455 0.4204 0.8732
1305031461.7276 -1.8325 -0.1696 0.1050 0.0153 0.2448 0.4265 0.8706
1305031461.7597 -1.8295 -0.1588 0.1032 0.0149 0.2463 0.4285 0.8692
1305031461.7916 -1.8245 -0.1494 0.1021 0.0101 0.2481 0.4326 0.8667
1305031461.8276 -1.8183 -0.1414 0.1007 0.0069 0.2520 0.4374 0.8632
1305031461.8598 -1.8208 -0.1278 0.1029 0.0056 0.2579 0.4438 0.8582
1305031461.8917 -1.8230 -0.1166 0.1057 0.0001 0.2607 0.4551 0.8514
1305031461.9278 -1.8125 -0.1135 0.1043 -0.0122 0.2573 0.4661 0.8464
1305031461.9597 -1.8023 -0.0974 0.0983 -0.0181 0.2580 0.4691 0.8444
1305031461.9916 -1.8088 -0.0830 0.1003 -0.0234 0.2662 0.4782 0.8366
1305031462.0277 -1.8087 -0.0830 0.1038 -0.0374 0.2664 0.4893 0.8296
1305031462.0598 -1.8093 -0.0811 0.1062 -0.0448 0.2622 0.5014 0.8233
1305031462.0918 -1.8064 -0.0714 0.1041 -0.0488 0.2543 0.5130 0.8184
1305031462.1277 -1.8077 -0.0614 0.1022 -0.0525 0.2503 0.5213 0.8142
1305031462.1596 -1.8090 -0.0571 0.1026 -0.0587 0.2487 0.5262 0.8111
1305031462.1916 -1.8098 -0.0527 0.1032 -0.0649 0.2481 0.5265 0.8106
1305031462.2276 -1.8161 -0.0454 0.1032 -0.0710 0.2489 0.5261 0.8101
1305031462.2598 -1.8193 -0.0418 0.1051 -0.0793 0.2479 0.5246 0.8106
1305031462.2916 -1.8234 -0.0420 0.1082 -0.0885 0.2464 0.5208 0.8125
1305031462.3597 -1.8381 -0.0312 0.1155 -0.1041 0.2457 0.5072 0.8195
1305031462.5277 -1.8885 -0.0032 0.2184 -0.1016 0.2885 0.4831 0.8204
1305031463.4956 -1.5346 -0.1433 0.0954 -0.2741 0.1459 0.3985 0.8630
1305031463.5598 -1.5127 -0.1257 0.0779 -0.2702 0.1541 0.3957 0.8641
1305031463.6598 -1.4780 -0.1039 0.0517 -0.2587 0.1558 0.3887 0.8705
1305031463.7276 -1.4540 -0.0898 0.0283 -0.2522 0.1561 0.3800 0.8761
1305031463.7597 -1.4382 -0.0943 0.0206 -0.2503 0.1613 0.3707 0.8797
1305031463.8278 -1.4024 -0.0939 -0.0066 -0.2453 0.1596 0.3522 0.8890
1305031463.8599 -1.3806 -0.1011 -0.0175 -0.2457 0.1589 0.3420 0.8930
1305031463.8956 -1.3656 -0.1011 -0.0318 -0.2406 0.1593 0.3339 0.8974
1305031463.9597 -1.3281 -0.1134 -0.0522 -0.2391 0.1508 0.3255 0.9023
1305031463.9958 -1.3112 -0.1178 -0.0652 -0.2343 0.1466 0.3197 0.9063
1305031464.0277 -1.2968 -0.1204 -0.0789 -0.2315 0.1420 0.3123 0.9103
1305031464.0597 -1.2756 -0.1287 -0.0892 -0.2315 0.1387 0.3043 0.9136
1305031464.0956 -1.2645 -0.1350 -0.1002 -0.2271 0.1401 0.2954 0.9173
1305031464.1277 -1.2566 -0.1427 -0.1099 -0.2240 0.1397 0.2910 0.9196
1305031464.1598 -1.2438 -0.1548 -0.1177 -0.2195 0.1361 0.2913 0.9211
1305031464.1956 -1.2353 -0.1659 -0.1239 -0.2100 0.1314 0.2893 0.9246
1305031464.2276 -1.2338 -0.1675 -0.1344 -0.1970 0.1239 0.2878 0.9290
1305031464.2596 -1.2310 -0.1675 -0.1454 -0.1875 0.1112 0.2887 0.9323
1305031464.2957 -1.2196 -0.1684 -0.1534 -0.1825 0.0935 0.2862 0.9360
1305031464.3279 -1.2028 -0.1668 -0.1628 -0.1772 0.0781 0.2827 0.9395
1305031464.3597 -1.1855 -0.1700 -0.1710 -0.1719 0.0678 0.2789 0.9424
1305031464.3956 -1.1692 -0.1652 -0.1836 -0.1643 0.0608 0.2713 0.9464
1305031464.4276 -1.1568 -0.1628 -0.1942 -0.1607 0.0591 0.2617 0.9498
1305031464.4597 -1.1435 -0.1687 -0.2042 -0.1579 0.0562 0.2545 0.9524
1305031464.4956 -1.1273 -0.1678 -0.2153 -0.1546 0.0529 0.2475 0.9550
1305031464.5276 -1.1160 -0.1673 -0.2278 -0.1519 0.0525 0.2401 0.9573
1305031464.5597 -1.0953 -0.1716 -0.2378 -0.1541 0.0474 0.2282 0.9602
1305031464.5957 -1.0638 -0.1857 -0.2467 -0.1531 0.0481 0.2164 0.9630
1305031464.6277 -1.0459 -0.1893 -0.2596 -0.1438 0.0592 0.2070 0.9659
1305031464.6597 -1.0303 -0.1990 -0.2700 -0.1365 0.0698 0.1930 0.9692
1305031464.6957 -1.0151 -0.2116 -0.2728 -0.1245 0.0801 0.1782 0.9728
1305031464.7277 -1.0125 -0.2152 -0.2780 -0.1059 0.0875 0.1637 0.9769
1305031464.7597 -1.0084 -0.2063 -0.2859 -0.0901 0.0862 0.1466 0.9813
1305031464.7960 -1.0046 -0.2137 -0.2837 -0.0820 0.0806 0.1315 0.9846
1305031464.8278 -1.0009 -0.2130 -0.2814 -0.0685 0.0684 0.1218 0.9878
1305031464.8597 -0.9936 -0.2021 -0.2822 -0.0574 0.0501 0.1091 0.9911
1305031464.8958 -0.9788 -0.1978 -0.2777 -0.0558 0.0298 0.0894 0.9940
1305031464.9278 -0.9615 -0.2117 -0.2643 -0.0577 0.0142 0.0685 0.9959
1305031464.9598 -0.9435 -0.2178 -0.2518 -0.0528 0.0056 0.0503 0.9973
1305031464.9957 -0.9302 -0.2112 -0.2419 -0.0442 0.0018 0.0318 0.9985
1305031465.0278 -0.9270 -0.2064 -0.2252 -0.0385 0.0006 0.0106 0.9992
1305031465.0597 -0.9332 -0.1830 -0.2085 -0.0273 -0.0047 -0.0069 0.9996
1305031465.0957 -0.9284 -0.1478 -0.1940 -0.0255 -0.0186 -0.0211 0.9993
1305031465.1277 -0.9181 -0.1280 -0.1748 -0.0391 -0.0352 -0.0366 0.9979
1305031465.1598 -0.9135 -0.1173 -0.1524 -0.0540 -0.0482 -0.0460 0.9963
1305031465.1956 -0.9038 -0.1060 -0.1312 -0.0648 -0.0608 -0.0534 0.9946
1305031465.2279 -0.8933 -0.0868 -0.1140 -0.0741 -0.0714 -0.0587 0.9930
1305031465.2598 -0.8868 -0.0824 -0.0921 -0.0869 -0.0807 -0.0595 0.9912
1305031465.3277 -0.8722 -0.0450 -0.0630 -0.0980 -0.0998 -0.0364 0.9895
1305031465.3956 -0.8474 -0.0304 -0.0392 -0.1039 -0.1299 -0.0122 0.9860
1305031465.4277 -0.8245 -0.0167 -0.0315 -0.1017 -0.1430 -0.0003 0.9845
1305031465.4601 -0.8071 0.0022 -0.0290 -0.0987 -0.1522 0.0138 0.9833
1305031465.4957 -0.7924 0.0203 -0.0285 -0.1007 -0.1602 0.0228 0.9817
1305031465.5276 -0.7748 0.0213 -0.0208 -0.1050 -0.1693 0.0260 0.9796
1305031465.5598 -0.7559 0.0331 -0.0210 -0.0994 -0.1759 0.0326 0.9788
1305031465.5956 -0.7357 0.0502 -0.0235 -0.0944 -0.1785 0.0415 0.9785
1305031465.6277 -0.7263 0.0642 -0.0302 -0.0910 -0.1785 0.0506 0.9784
1305031465.6601 -0.7120 0.0764 -0.0351 -0.0879 -0.1850 0.0596 0.9770
1305031465.6957 -0.6848 0.0927 -0.0345 -0.0828 -0.1930 0.0674 0.9754
1305031465.7277 -0.6680 0.1108 -0.0375 -0.0763 -0.1938 0.0768 0.9751
1305031465.7598 -0.6502 0.1325 -0.0426 -0.0694 -0.1958 0.0859 0.9744
1305031465.7959 -0.6299 0.1496 -0.0448 -0.0651 -0.1976 0.0920 0.9738
1305031465.8280 -0.6115 0.1621 -0.0469 -0.0583 -0.1987 0.0977 0.9734
1305031465.8599 -0.5910 0.1919 -0.0518 -0.0460 -0.1992 0.1027 0.9735
1305031465.8955 -0.5698 0.2163 -0.0515 -0.0431 -0.1949 0.1045 0.9743
1305031465.9275 -0.5509 0.2302 -0.0516 -0.0389 -0.1872 0.1045 0.9760
1305031465.9597 -0.5339 0.2526 -0.0573 -0.0279 -0.1784 0.1035 0.9781
1305031465.9958 -0.5225 0.2738 -0.0669 -0.0205 -0.1706 0.0996 0.9801
1305031466.0276 -0.5089 0.2963 -0.0728 -0.0150 -0.1679 0.0991 0.9807
1305031466.0598 -0.4970 0.3215 -0.0800 -0.0161 -0.1655 0.0998 0.9810
1305031466.0958 -0.4868 0.3390 -0.0891 -0.0205 -0.1664 0.0994 0.9808
1305031466.1276 -0.4728 0.3564 -0.0954 -0.0258 -0.1713 0.0991 0.9799
1305031466.1604 -0.4617 0.3711 -0.1066 -0.0308 -0.1757 0.1006 0.9788
1305031466.1958 -0.4510 0.3883 -0.1197 -0.0371 -0.1835 0.1009 0.9771
1305031466.2280 -0.4326 0.3975 -0.1259 -0.0471 -0.1943 0.0955 0.9751
1305031466.2598 -0.4068 0.3988 -0.1287 -0.0506 -0.2002 0.0879 0.9745
1305031466.2957 -0.3846 0.4110 -0.1375 -0.0462 -0.1977 0.0763 0.9762
1305031466.3277 -0.3691 0.4235 -0.1502 -0.0440 -0.1883 0.0656 0.9789
1305031466.3598 -0.3547 0.4281 -0.1622 -0.0500 -0.1801 0.0585 0.9806
1305031466.3958 -0.3413 0.4175 -0.1722 -0.0536 -0.1763 0.0534 0.9814
1305031466.4278 -0.3298 0.4283 -0.1864 -0.0456 -0.1769 0.0500 0.9819
1305031466.4598 -0.3124 0.4400 -0.1961 -0.0446 -0.1823 0.0465 0.9811
1305031466.4958 -0.2888 0.4489 -0.1987 -0.0482 -0.1880 0.0459 0.9799
1305031466.5275 -0.2633 0.4529 -0.1975 -0.0514 -0.1885 0.0453 0.9797
1305031466.5604 -0.2468 0.4676 -0.2033 -0.0515 -0.1845 0.0430 0.9805
1305031466.5959 -0.2274 0.4788 -0.2054 -0.0588 -0.1852 0.0393 0.9802
1305031466.6275 -0.2027 0.4688 -0.2017 -0.0680 -0.1852 0.0336 0.9798
1305031466.6597 -0.1856 0.4780 -0.2032 -0.0601 -0.1816 0.0291 0.9811
1305031466.6958 -0.1698 0.4967 -0.2084 -0.0558 -0.1826 0.0222 0.9814
1305031466.7281 -0.1503 0.5002 -0.2034 -0.0618 -0.1869 0.0125 0.9803
1305031466.7596 -0.1300 0.4974 -0.1957 -0.0604 -0.1885 0.0046 0.9802
1305031466.7956 -0.1147 0.5114 -0.1991 -0.0512 -0.1896 0.0005 0.9805
1305031466.8279 -0.0986 0.5197 -0.2000 -0.0527 -0.1944 -0.0025 0.9795
1305031466.8597 -0.0866 0.5159 -0.1974 -0.0567 -0.1994 -0.0015 0.9783
1305031466.8957 -0.0702 0.5202 -0.1985 -0.0520 -0.2116 -0.0002 0.9760
1305031466.9278 -0.0520 0.5217 -0.1987 -0.0509 -0.2261 -0.0016 0.9728
1305031466.9597 -0.0342 0.5189 -0.1947 -0.0509 -0.2364 -0.0039 0.9703
1305031466.9957 -0.0160 0.5194 -0.1958 -0.0500 -0.2415 -0.0065 0.9691
1305031467.0278 0.0010 0.5199 -0.1959 -0.0492 -0.2460 -0.0102 0.9680
1305031467.0597 0.0182 0.5232 -0.1956 -0.0480 -0.2491 -0.0137 0.9672
1305031467.0957 0.0347 0.5271 -0.1957 -0.0488 -0.2512 -0.0183 0.9665
1305031467.1290 0.0473 0.5278 -0.1939 -0.0469 -0.2548 -0.0282 0.9654
1305031467.1597 0.0619 0.5301 -0.1932 -0.0439 -0.2586 -0.0347 0.9644
1305031467.1957 0.0754 0.5316 -0.1952 -0.0421 -0.2633 -0.0379 0.9630
1305031467.2277 0.0881 0.5348 -0.1950 -0.0395 -0.2700 -0.0427 0.9611
1305031467.2597 0.1016 0.5371 -0.1931 -0.0365 -0.2757 -0.0471 0.9594
1305031467.2958 0.1152 0.5401 -0.1942 -0.0327 -0.2811 -0.0526 0.9577
1305031467.3280 0.1303 0.5428 -0.1953 -0.0302 -0.2871 -0.0570 0.9557
1305031467.3597 0.1453 0.5483 -0.1982 -0.0318 -0.2937 -0.0580 0.9536
1305031467.3958 0.1592 0.5525 -0.1985 -0.0348 -0.3012 -0.0633 0.9508
1305031467.4278 0.1729 0.5557 -0.1965 -0.0344 -0.3075 -0.0666 0.9486
1305031467.4597 0.1880 0.5588 -0.1985 -0.0333 -0.3142 -0.0672 0.9464
1305031467.4961 0.2053 0.5628 -0.2023 -0.0354 -0.3214 -0.0723 0.9435
1305031467.5277 0.2173 0.5684 -0.1976 -0.0372 -0.3251 -0.0794 0.9416
1305031467.5598 0.2310 0.5694 -0.1912 -0.0363 -0.3271 -0.0809 0.9408
1305031467.5960 0.2443 0.5694 -0.1896 -0.0369 -0.3289 -0.0788 0.9404
1305031467.6275 0.2513 0.5561 -0.1853 -0.0395 -0.3322 -0.0763 0.9393
1305031467.6596 0.2600 0.5532 -0.1808 -0.0339 -0.3360 -0.0732 0.9384
1305031467.6959 0.2701 0.5519 -0.1797 -0.0302 -0.3384 -0.0760 0.9375
1305031467.7275 0.2735 0.5515 -0.1677 -0.0235 -0.3400 -0.0801 0.9367
1305031467.7599 0.2785 0.5523 -0.1555 -0.0153 -0.3417 -0.0814 0.9361
1305031467.7961 0.2846 0.5606 -0.1438 -0.0066 -0.3444 -0.0826 0.9352
1305031467.8278 0.2828 0.5532 -0.1279 -0.0021 -0.3456 -0.0835 0.9347
1305031467.8597 0.2814 0.5499 -0.1166 0.0050 -0.3477 -0.0795 0.9342
1305031467.8959 0.2817 0.5535 -0.1062 0.0126 -0.3527 -0.0783 0.9324
1305031467.9278 0.2815 0.5486 -0.0893 0.0176 -0.3591 -0.0814 0.9296
1305031467.9598 0.2803 0.5471 -0.0708 0.0274 -0.3631 -0.0822 0.9277
1305031467.9958 0.2806 0.5544 -0.0585 0.0354 -0.3631 -0.0860 0.9271
1305031468.0281 0.2758 0.5473 -0.0379 0.0357 -0.3629 -0.0908 0.9267
1305031468.0598 0.2698 0.5369 -0.0226 0.0413 -0.3628 -0.0940 0.9262
1305031468.0959 0.2684 0.5407 -0.0063 0.0471 -0.3649 -0.0953 0.9250
1305031468.1278 0.2645 0.5312 0.0133 0.0469 -0.3659 -0.0978 0.9243
1305031468.1599 0.2613 0.5240 0.0290 0.0508 -0.3660 -0.1020 0.9236
1305031468.1960 0.2601 0.5200 0.0476 0.0535 -0.3660 -0.1066 0.9230
1305031468.2282 0.2572 0.5085 0.0648 0.0527 -0.3639 -0.1076 0.9237
1305031468.2598 0.2582 0.4988 0.0812 0.0535 -0.3615 -0.1071 0.9246
1305031468.2958 0.2588 0.4868 0.0967 0.0534 -0.3588 -0.1082 0.9256
1305031468.3278 0.2599 0.4679 0.1121 0.0542 -0.3564 -0.1069 0.9266
1305031468.3598 0.2637 0.4593 0.1214 0.0578 -0.3528 -0.1023 0.9283
1305031468.4280 0.2666 0.4262 0.1397 0.0501 -0.3505 -0.1039 0.9295
1305031468.4598 0.2703 0.4132 0.1478 0.0496 -0.3505 -0.1011 0.9298
1305031468.5278 0.2692 0.3764 0.1634 0.0473 -0.3468 -0.1085 0.9304
1305031468.5597 0.2670 0.3562 0.1667 0.0538 -0.3462 -0.1159 0.9294
1305031468.6596 0.2559 0.3020 0.1756 0.0470 -0.3506 -0.1239 0.9271
1305031468.6958 0.2498 0.2851 0.1762 0.0522 -0.3555 -0.1264 0.9246
1305031468.7278 0.2465 0.2718 0.1781 0.0564 -0.3609 -0.1258 0.9224
1305031468.7596 0.2409 0.2603 0.1846 0.0591 -0.3653 -0.1259 0.9204
1305031468.7958 0.2334 0.2402 0.1882 0.0640 -0.3670 -0.1313 0.9187
1305031468.8292 0.2253 0.2299 0.1935 0.0741 -0.3685 -0.1359 0.9167
1305031468.9281 0.2112 0.2077 0.2140 0.0720 -0.3590 -0.1404 0.9199
1305031468.9957 0.2076 0.2165 0.2178 0.0554 -0.3510 -0.1408 0.9241
1305031469.0598 0.1908 0.1918 0.2308 0.0226 -0.3479 -0.1589 0.9237
1305031469.1597 0.1837 0.1771 0.2691 -0.0060 -0.3371 -0.1926 0.9216
1305031469.2278 0.1662 0.1628 0.2843 -0.0203 -0.3216 -0.2025 0.9247
1305031469.2968 0.1537 0.1639 0.3059 -0.0286 -0.3148 -0.2101 0.9252
1305031469.3276 0.1451 0.1674 0.3144 -0.0333 -0.3113 -0.2122 0.9257
1305031469.3596 0.1435 0.1659 0.3285 -0.0385 -0.3077 -0.2201 0.9249
1305031469.3957 0.1388 0.1601 0.3411 -0.0412 -0.2975 -0.2277 0.9263
1305031469.4277 0.1346 0.1704 0.3509 -0.0384 -0.2863 -0.2324 0.9287
1305031469.4597 0.1255 0.1763 0.3607 -0.0385 -0.2765 -0.2398 0.9298
1305031469.4957 0.1141 0.1867 0.3687 -0.0382 -0.2702 -0.2420 0.9311
1305031469.5276 0.1125 0.1943 0.3765 -0.0414 -0.2709 -0.2419 0.9308
1305031469.5596 0.1055 0.2019 0.3879 -0.0479 -0.2712 -0.2440 0.9299
1305031469.6596 0.0893 0.2295 0.4250 -0.0712 -0.2682 -0.2463 0.9286
1305031469.7956 0.0497 0.2744 0.4549 -0.0967 -0.2496 -0.2448 0.9319
1305031469.9598 -0.0060 0.3438 0.4771 -0.1229 -0.2557 -0.2354 0.9296
1305031470.1276 -0.0689 0.4162 0.4663 -0.1340 -0.2567 -0.2283 0.9296
1305031470.2957 -0.1319 0.4680 0.4380 -0.1606 -0.2557 -0.2139 0.9290
1305031470.4276 -0.1869 0.4658 0.4297 -0.2118 -0.2649 -0.2087 0.9173
1305031470.5958 -0.2427 0.4977 0.3945 -0.2108 -0.2671 -0.2031 0.9181
1305031470.7956 -0.3033 0.5202 0.3692 -0.2247 -0.2557 -0.1855 0.9218
1305031470.8278 -0.3152 0.5180 0.3663 -0.2258 -0.2534 -0.1815 0.9230
1305031470.8596 -0.3254 0.5171 0.3622 -0.2237 -0.2524 -0.1767 0.9247
1305031470.8957 -0.3341 0.5179 0.3566 -0.2205 -0.2526 -0.1709 0.9265
1305031470.9277 -0.3444 0.5160 0.3539 -0.2188 -0.2544 -0.1664 0.9272
1305031470.9596 -0.3538 0.5133 0.3505 -0.2112 -0.2574 -0.1632 0.9287
1305031470.9960 -0.3597 0.5147 0.3460 -0.2017 -0.2585 -0.1591 0.9312
1305031471.0276 -0.3674 0.5099 0.3433 -0.1954 -0.2574 -0.1563 0.9333
1305031471.0596 -0.3757 0.5065 0.3381 -0.1879 -0.2535 -0.1505 0.9369
1305031471.0958 -0.3825 0.5062 0.3321 -0.1802 -0.2516 -0.1424 0.9402
1305031471.1277 -0.3896 0.5036 0.3288 -0.1758 -0.2514 -0.1352 0.9421
1305031471.1596 -0.3920 0.5041 0.3245 -0.1694 -0.2520 -0.1274 0.9442
1305031471.1957 -0.3970 0.5039 0.3209 -0.1673 -0.2487 -0.1213 0.9463
1305031471.2276 -0.4025 0.5037 0.3176 -0.1676 -0.2452 -0.1159 0.9478
1305031471.2597 -0.4109 0.5002 0.3159 -0.1703 -0.2417 -0.1134 0.9485
1305031471.2961 -0.4164 0.4964 0.3149 -0.1713 -0.2392 -0.1092 0.9495
1305031471.3276 -0.4189 0.4961 0.3117 -0.1671 -0.2353 -0.1067 0.9515
1305031471.3596 -0.4209 0.4968 0.3085 -0.1657 -0.2283 -0.1051 0.9536
1305031471.3957 -0.4288 0.4896 0.3068 -0.1693 -0.2195 -0.1011 0.9555
1305031471.4277 -0.4352 0.4912 0.3009 -0.1643 -0.2145 -0.0937 0.9582
1305031471.4965 -0.4435 0.4866 0.2939 -0.1681 -0.2122 -0.0851 0.9589
1305031471.5276 -0.4469 0.4840 0.2907 -0.1702 -0.2108 -0.0803 0.9592
1305031471.5597 -0.4474 0.4841 0.2886 -0.1705 -0.2099 -0.0786 0.9595
1305031471.5957 -0.4502 0.4805 0.2852 -0.1728 -0.2044 -0.0769 0.9604
1305031471.6276 -0.4528 0.4752 0.2809 -0.1756 -0.1987 -0.0759 0.9612
1305031471.6596 -0.4541 0.4713 0.2766 -0.1767 -0.1934 -0.0726 0.9623
1305031471.8276 -0.4575 0.4619 0.2632 -0.1904 -0.1682 -0.0473 0.9660
1305031472.0597 -0.4785 0.4820 0.2583 -0.2130 -0.1279 -0.0258 0.9683
1305031472.2276 -0.5630 0.4995 0.2446 -0.2029 -0.0679 -0.0515 0.9755
1305031472.3956 -0.5006 0.5219 0.2297 -0.1648 -0.1120 -0.0210 0.9797
1305031472.5957 -0.4962 0.5027 0.2332 -0.1569 -0.1159 -0.0166 0.9806
1305031472.8276 -0.4876 0.4813 0.2449 -0.1489 -0.1183 -0.0143 0.9816
