1305031453.4237 0.0050 0.0035 -0.0080 0.0016 0.0038 0.0096 0.9999
1305031453.4597 0.0105 0.0079 -0.0177 0.0054 0.0095 0.0186 0.9998
1305031453.4917 0.0128 0.0122 -0.0285 0.0095 0.0161 0.0287 0.9994
1305031453.5237 0.0129 0.0181 -0.0424 0.0165 0.0213 0.0374 0.9989
1305031453.5598 0.0145 0.0232 -0.0558 0.0234 0.0237 0.0441 0.9985
1305031453.5916 0.0144 0.0312 -0.0709 0.0313 0.0264 0.0484 0.9980
1305031453.6277 0.0082 0.0372 -0.0865 0.0380 0.0285 0.0522 0.9975
1305031453.6596 0.0028 0.0464 -0.1024 0.0463 0.0250 0.0502 0.9973
1305031453.6917 -0.0023 0.0578 -0.1178 0.0539 0.0200 0.0458 0.9973
1305031453.7277 -0.0097 0.0669 -0.1327 0.0583 0.0152 0.0406 0.9974
1305031453.7597 -0.0211 0.0725 -0.1462 0.0624 0.0079 0.0324 0.9975
1305031453.7917 -0.0252 0.0833 -0.1591 0.0676 -0.0022 0.0247 0.9974
1305031453.8278 -0.0364 0.0900 -0.1718 0.0699 -0.0086 0.0181 0.9974
1305031453.8597 -0.0502 0.0984 -0.1843 0.0719 -0.0199 0.0102 0.9972
1305031453.8917 -0.0614 0.1063 -0.1954 0.0715 -0.0357 0.0025 0.9968
1305031453.9277 -0.0737 0.1118 -0.2027 0.0688 -0.0536 -0.0020 0.9962
1305031453.9596 -0.0766 0.1169 -0.2092 0.0664 -0.0716 -0.0108 0.9952
1305031453.9916 -0.0860 0.1161 -0.2112 0.0641 -0.0836 -0.0221 0.9942
1305031454.0277 -0.0974 0.1175 -0.2180 0.0657 -0.0955 -0.0323 0.9927
1305031454.0597 -0.1067 0.1239 -0.2232 0.0673 -0.1071 -0.0442 0.9910
1305031454.0917 -0.1214 0.1236 -0.2248 0.0670 -0.1175 -0.0583 0.9891
1305031454.1277 -0.1359 0.1250 -0.2293 0.0699 -0.1303 -0.0726 0.9863
1305031454.1597 -0.1468 0.1316 -0.2343 0.0712 -0.1452 -0.0854 0.9831
1305031454.1917 -0.1586 0.1341 -0.2352 0.0691 -0.1612 -0.0999 0.9794
1305031454.2277 -0.1706 0.1258 -0.2322 0.0688 -0.1782 -0.1182 0.9744
1305031454.2596 -0.1734 0.1311 -0.2328 0.0752 -0.1923 -0.1334 0.9693
1305031454.2916 -0.1818 0.1390 -0.2338 0.0752 -0.1991 -0.1451 0.9663
1305031454.3277 -0.1962 0.1311 -0.2362 0.0739 -0.2083 -0.1618 0.9618
1305031454.3596 -0.2014 0.1356 -0.2369 0.0808 -0.2199 -0.1758 0.9561
1305031454.3917 -0.2103 0.1438 -0.2401 0.0834 -0.2263 -0.1877 0.9522
1305031454.4275 -0.2223 0.1462 -0.2431 0.0848 -0.2374 -0.2036 0.9460
1305031454.4599 -0.2202 0.1490 -0.2411 0.0877 -0.2492 -0.2184 0.9394
1305031454.4916 -0.2271 0.1554 -0.2436 0.0903 -0.2528 -0.2347 0.9343
1305031454.5277 -0.2305 0.1647 -0.2460 0.0911 -0.2583 -0.2500 0.9287
1305031454.5596 -0.2376 0.1737 -0.2490 0.0892 -0.2626 -0.2632 0.9240
1305031454.5916 -0.2458 0.1801 -0.2514 0.0869 -0.2716 -0.2810 0.9164
1305031454.6276 -0.2470 0.1855 -0.2541 0.0852 -0.2840 -0.2940 0.9087
1305031454.6595 -0.2463 0.1950 -0.2560 0.0798 -0.2957 -0.3009 0.9031
1305031454.6919 -0.2478 0.1988 -0.2548 0.0724 -0.3099 -0.3087 0.8963
1305031454.7277 -0.2419 0.1998 -0.2545 0.0669 -0.3235 -0.3127 0.8905
1305031454.7597 -0.2346 0.2036 -0.2519 0.0604 -0.3308 -0.3083 0.8899
1305031454.7916 -0.2298 0.2085 -0.2512 0.0548 -0.3340 -0.3015 0.8914
1305031454.8276 -0.2219 0.2165 -0.2495 0.0504 -0.3359 -0.2950 0.8931
1305031454.8596 -0.2174 0.2216 -0.2481 0.0438 -0.3333 -0.2881 0.8966
1305031454.8918 -0.2138 0.2289 -0.2482 0.0398 -0.3286 -0.2811 0.9008
1305031454.9276 -0.2114 0.2382 -0.2501 0.0362 -0.3225 -0.2750 0.9050
1305031454.9596 -0.2123 0.2467 -0.2543 0.0326 -0.3165 -0.2692 0.9090
1305031454.9919 -0.2168 0.2557 -0.2602 0.0299 -0.3121 -0.2641 0.9121
1305031455.0278 -0.2166 0.2672 -0.2636 0.0299 -0.3113 -0.2611 0.9133
1305031455.0596 -0.2204 0.2742 -0.2667 0.0282 -0.3080 -0.2593 0.9149
1305031455.0917 -0.2253 0.2834 -0.2718 0.0307 -0.3041 -0.2589 0.9163
1305031455.1277 -0.2303 0.2954 -0.2777 0.0324 -0.2987 -0.2574 0.9184
1305031455.1597 -0.2393 0.3057 -0.2848 0.0313 -0.2930 -0.2535 0.9214
1305031455.1917 -0.2486 0.3142 -0.2892 0.0275 -0.2890 -0.2481 0.9242
1305031455.2276 -0.2576 0.3209 -0.2943 0.0265 -0.2855 -0.2426 0.9268
1305031455.2596 -0.2630 0.3348 -0.2999 0.0251 -0.2806 -0.2363 0.9299
1305031455.2918 -0.2763 0.3397 -0.3053 0.0158 -0.2738 -0.2275 0.9343
1305031455.3278 -0.2877 0.3506 -0.3136 0.0107 -0.2701 -0.2173 0.9379
1305031455.3596 -0.2928 0.3611 -0.3159 0.0032 -0.2688 -0.2113 0.9397
1305031455.3917 -0.3037 0.3616 -0.3193 -0.0085 -0.2614 -0.2038 0.9434
1305031455.4276 -0.3180 0.3670 -0.3275 -0.0160 -0.2531 -0.1942 0.9476
1305031455.4596 -0.3321 0.3677 -0.3355 -0.0220 -0.2485 -0.1860 0.9503
1305031455.4916 -0.3435 0.3729 -0.3443 -0.0266 -0.2444 -0.1752 0.9533
1305031455.5276 -0.3612 0.3707 -0.3544 -0.0335 -0.2395 -0.1626 0.9566
1305031455.5597 -0.3782 0.3728 -0.3672 -0.0364 -0.2386 -0.1497 0.9588
1305031455.5916 -0.3897 0.3783 -0.3793 -0.0390 -0.2393 -0.1354 0.9607
1305031455.6276 -0.4049 0.3739 -0.3840 -0.0459 -0.2380 -0.1230 0.9623
1305031455.6596 -0.4208 0.3711 -0.3954 -0.0441 -0.2356 -0.1175 0.9637
1305031455.6916 -0.4344 0.3733 -0.4087 -0.0396 -0.2336 -0.1186 0.9643
1305031455.7276 -0.4476 0.3715 -0.4202 -0.0373 -0.2303 -0.1231 0.9646
1305031455.7597 -0.4607 0.3701 -0.4330 -0.0358 -0.2247 -0.1259 0.9656
1305031455.7917 -0.4764 0.3618 -0.4462 -0.0354 -0.2189 -0.1252 0.9670
1305031455.8276 -0.4900 0.3613 -0.4634 -0.0319 -0.2149 -0.1248 0.9681
1305031455.8595 -0.5015 0.3571 -0.4758 -0.0319 -0.2130 -0.1260 0.9684
1305031455.8917 -0.5114 0.3539 -0.4883 -0.0317 -0.2103 -0.1260 0.9690
1305031455.9280 -0.5218 0.3494 -0.4983 -0.0324 -0.2068 -0.1268 0.9696
1305031455.9597 -0.5306 0.3494 -0.5111 -0.0307 -0.2031 -0.1289 0.9701
1305031455.9917 -0.5393 0.3473 -0.5208 -0.0324 -0.1984 -0.1313 0.9707
1305031456.0278 -0.5477 0.3526 -0.5330 -0.0348 -0.1914 -0.1356 0.9715
1305031456.0597 -0.5612 0.3447 -0.5392 -0.0446 -0.1852 -0.1440 0.9711
1305031456.0917 -0.5737 0.3360 -0.5438 -0.0506 -0.1804 -0.1492 0.9709
1305031456.1276 -0.5850 0.3304 -0.5500 -0.0519 -0.1756 -0.1506 0.9715
1305031456.1597 -0.5945 0.3212 -0.5507 -0.0537 -0.1705 -0.1509 0.9723
1305031456.1917 -0.6046 0.3145 -0.5548 -0.0487 -0.1623 -0.1480 0.9744
1305031456.2277 -0.6101 0.3192 -0.5606 -0.0436 -0.1529 -0.1442 0.9767
1305031456.2917 -0.6370 0.3043 -0.5595 -0.0437 -0.1293 -0.1371 0.9811
1305031456.3277 -0.6479 0.2985 -0.5578 -0.0400 -0.1190 -0.1301 0.9835
1305031456.3916 -0.6710 0.2936 -0.5522 -0.0352 -0.0941 -0.1206 0.9876
1305031456.4277 -0.6899 0.2981 -0.5514 -0.0271 -0.0814 -0.1138 0.9898
1305031456.4917 -0.7282 0.3165 -0.5450 -0.0294 -0.0706 -0.1024 0.9918
1305031456.5276 -0.7413 0.3170 -0.5362 -0.0357 -0.0717 -0.0972 0.9920
1305031456.5917 -0.7620 0.3224 -0.5213 -0.0375 -0.0671 -0.0852 0.9934
1305031456.6276 -0.7735 0.3335 -0.5139 -0.0482 -0.0607 -0.0795 0.9938
1305031456.6916 -0.8096 0.3200 -0.4928 -0.0621 -0.0479 -0.0647 0.9948
1305031456.7277 -0.8264 0.3371 -0.4869 -0.0633 -0.0450 -0.0551 0.9955
1305031456.7916 -0.8600 0.3270 -0.4664 -0.0698 -0.0532 -0.0413 0.9953
1305031456.8276 -0.8662 0.3439 -0.4606 -0.0680 -0.0572 -0.0327 0.9955
1305031456.8917 -0.8845 0.3344 -0.4360 -0.0816 -0.0546 -0.0219 0.9949
1305031456.9277 -0.8978 0.3432 -0.4313 -0.0748 -0.0477 -0.0152 0.9959
1305031456.9597 -0.9119 0.3591 -0.4289 -0.0733 -0.0403 -0.0103 0.9964
1305031456.9917 -0.9263 0.3552 -0.4209 -0.0831 -0.0344 -0.0089 0.9959
1305031457.0276 -0.9390 0.3562 -0.4175 -0.0848 -0.0296 -0.0050 0.9959
1305031457.0917 -0.9627 0.3622 -0.4159 -0.0968 -0.0178 0.0040 0.9951
1305031457.1276 -0.9742 0.3539 -0.4147 -0.1019 -0.0113 0.0080 0.9947
1305031457.1917 -0.9994 0.3582 -0.4261 -0.0983 0.0041 0.0210 0.9949
1305031457.2275 -1.0133 0.3530 -0.4305 -0.1035 0.0117 0.0265 0.9942
1305031457.2917 -1.0380 0.3430 -0.4449 -0.0953 0.0271 0.0391 0.9943
1305031457.3275 -1.0514 0.3457 -0.4559 -0.0918 0.0375 0.0442 0.9941
1305031457.3917 -1.0823 0.3314 -0.4730 -0.0889 0.0616 0.0570 0.9925
1305031457.4276 -1.1030 0.3315 -0.4846 -0.0851 0.0719 0.0640 0.9917
1305031457.4917 -1.1316 0.3143 -0.5031 -0.0864 0.0777 0.0725 0.9906
1305031457.5276 -1.1434 0.3075 -0.5139 -0.0829 0.0809 0.0759 0.9904
1305031457.5597 -1.1573 0.3025 -0.5243 -0.0793 0.0862 0.0798 0.9899
1305031457.5917 -1.1752 0.3017 -0.5345 -0.0753 0.0919 0.0832 0.9894
1305031457.6275 -1.1896 0.2897 -0.5400 -0.0770 0.0948 0.0859 0.9888
1305031457.6596 -1.2050 0.2946 -0.5520 -0.0710 0.0970 0.0903 0.9886
1305031457.6916 -1.2194 0.2870 -0.5579 -0.0770 0.0979 0.0925 0.9879
1305031457.7277 -1.2303 0.2679 -0.5610 -0.0816 0.0989 0.0914 0.9875
1305031457.7596 -1.2430 0.2561 -0.5666 -0.0797 0.1012 0.0899 0.9876
1305031457.7916 -1.2498 0.2393 -0.5718 -0.0742 0.1045 0.0895 0.9877
1305031457.8277 -1.2623 0.2422 -0.5827 -0.0620 0.1117 0.0906 0.9877
1305031457.8596 -1.2753 0.2325 -0.5870 -0.0602 0.1200 0.0910 0.9868
1305031457.8916 -1.2910 0.2095 -0.5868 -0.0562 0.1285 0.0912 0.9859
1305031457.9276 -1.3092 0.2085 -0.5918 -0.0417 0.1335 0.0956 0.9855
1305031457.9916 -1.3329 0.1928 -0.5935 -0.0309 0.1351 0.1012 0.9852
1305031458.0278 -1.3428 0.1826 -0.5911 -0.0226 0.1384 0.1023 0.9848
1305031458.0597 -1.3581 0.1910 -0.5914 -0.0112 0.1434 0.1053 0.9840
1305031458.0917 -1.3734 0.1921 -0.5859 -0.0102 0.1484 0.1073 0.9830
1305031458.1276 -1.3889 0.1812 -0.5756 -0.0127 0.1531 0.1077 0.9822
1305031458.1596 -1.4065 0.1725 -0.5650 -0.0116 0.1568 0.1098 0.9815
1305031458.1916 -1.4266 0.1783 -0.5552 -0.0093 0.1580 0.1137 0.9808
1305031458.2276 -1.4402 0.1732 -0.5415 -0.0166 0.1555 0.1148 0.9810
1305031458.2599 -1.4538 0.1395 -0.5207 -0.0248 0.1543 0.1125 0.9813
1305031458.2917 -1.4728 0.1411 -0.5112 -0.0140 0.1510 0.1125 0.9820
1305031458.3276 -1.4853 0.1364 -0.4958 -0.0124 0.1456 0.1150 0.9826
1305031458.3596 -1.4950 0.1153 -0.4772 -0.0084 0.1419 0.1163 0.9830
1305031458.3916 -1.5062 0.1217 -0.4656 0.0061 0.1391 0.1199 0.9830
1305031458.4276 -1.5111 0.1204 -0.4502 0.0140 0.1385 0.1286 0.9819
1305031458.4596 -1.5051 0.1072 -0.4337 0.0228 0.1410 0.1360 0.9804
1305031458.4917 -1.5089 0.1023 -0.4158 0.0431 0.1514 0.1347 0.9783
1305031458.5277 -1.5284 0.1318 -0.3972 0.0686 0.1643 0.1307 0.9753
1305031458.5596 -1.5358 0.1370 -0.3766 0.0770 0.1740 0.1282 0.9733
1305031458.5916 -1.5495 0.1395 -0.3533 0.0870 0.1820 0.1217 0.9718
1305031458.6277 -1.5618 0.1700 -0.3307 0.0959 0.1833 0.1165 0.9714
1305031458.6596 -1.5753 0.1701 -0.3044 0.0893 0.1817 0.1162 0.9724
1305031458.6917 -1.5789 0.1730 -0.2815 0.0838 0.1668 0.1095 0.9763
1305031458.7276 -1.5713 0.1642 -0.2620 0.0799 0.1505 0.1015 0.9801
1305031458.7599 -1.5764 0.1704 -0.2458 0.0865 0.1361 0.0899 0.9828
1305031458.7916 -1.5729 0.1846 -0.2327 0.0875 0.1191 0.0805 0.9857
1305031458.8276 -1.5676 0.1828 -0.2183 0.0807 0.1093 0.0779 0.9877
1305031458.8917 -1.5615 0.1760 -0.1997 0.0864 0.1043 0.0677 0.9885
1305031458.9276 -1.5718 0.1832 -0.1910 0.0866 0.1122 0.0733 0.9872
1305031458.9596 -1.5773 0.1752 -0.1818 0.0783 0.1181 0.0867 0.9861
1305031458.9916 -1.5906 0.1451 -0.1740 0.0744 0.1240 0.0912 0.9853
1305031459.0277 -1.6124 0.1396 -0.1669 0.0849 0.1239 0.0908 0.9845
1305031459.0596 -1.6338 0.1282 -0.1574 0.0919 0.1188 0.1001 0.9836
1305031459.1276 -1.7068 0.1031 -0.2009 0.0869 0.1392 0.1049 0.9809
1305031459.1596 -1.7157 0.1022 -0.1922 0.0960 0.1135 0.1065 0.9831
1305031459.1917 -1.7238 0.1041 -0.1827 0.1025 0.0946 0.1130 0.9838
1305031459.2276 -1.7288 0.1062 -0.1727 0.1055 0.0812 0.1243 0.9833
1305031459.2598 -1.7257 0.1146 -0.1584 0.1069 0.0761 0.1341 0.9822
1305031459.3276 -1.7331 0.1193 -0.1384 0.1037 0.1067 0.1640 0.9752
1305031459.3597 -1.7433 0.1273 -0.1275 0.1096 0.1314 0.1832 0.9681
1305031459.3917 -1.7565 0.1496 -0.1136 0.1113 0.1582 0.2071 0.9590
1305031459.4276 -1.7556 0.1540 -0.1034 0.1010 0.1898 0.2429 0.9459
1305031459.4597 -1.7730 0.1527 -0.0982 0.1007 0.2263 0.2793 0.9277
1305031459.5276 -1.7783 0.1827 -0.0056 0.1100 0.2618 0.2798 0.9171
1305031459.5596 -1.7980 0.1743 -0.0069 0.1054 0.2772 0.3056 0.9048
1305031459.5917 -1.8178 0.1763 -0.0005 0.1053 0.2847 0.3224 0.8966
1305031459.6276 -1.8276 0.1736 0.0047 0.1020 0.2861 0.3324 0.8929
1305031459.6596 -1.8399 0.1766 0.0110 0.1031 0.2929 0.3328 0.8904
1305031459.6916 -1.8568 0.1727 0.0180 0.0979 0.3052 0.3381 0.8849
1305031459.7276 -1.8704 0.1586 0.0223 0.0914 0.3136 0.3418 0.8812
1305031459.7917 -1.9078 0.1321 0.0356 0.0907 0.3264 0.3353 0.8791
1305031459.8277 -1.9242 0.1220 0.0433 0.0895 0.3276 0.3330 0.8796
1305031459.8597 -1.9417 0.1109 0.0523 0.0851 0.3278 0.3319 0.8804
1305031459.8916 -1.9519 0.0971 0.0602 0.0796 0.3238 0.3354 0.8811
1305031459.9276 -1.9616 0.0839 0.0670 0.0786 0.3214 0.3385 0.8809
1305031459.9917 -1.9821 0.0613 0.0831 0.0742 0.3193 0.3462 0.8790
1305031460.0276 -1.9871 0.0460 0.0895 0.0724 0.3189 0.3501 0.8778
1305031460.0597 -1.9986 0.0310 0.0969 0.0726 0.3203 0.3519 0.8765
1305031460.0917 -2.0101 0.0133 0.1047 0.0738 0.3169 0.3588 0.8749
1305031460.1277 -2.0129 0.0002 0.1122 0.0793 0.3075 0.3679 0.8740
1305031460.1597 -2.0210 -0.0080 0.1195 0.0865 0.3001 0.3748 0.8729
1305031460.1916 -2.0215 -0.0138 0.1296 0.0873 0.2931 0.3815 0.8723
1305031460.2278 -2.0116 -0.0227 0.1365 0.0874 0.2906 0.3857 0.8713
1305031460.2917 -2.0134 -0.0422 0.1489 0.0897 0.3065 0.3850 0.8659
1305031460.3275 -2.0164 -0.0541 0.1538 0.0907 0.3153 0.3864 0.8620
1305031460.3916 -2.0161 -0.0722 0.1677 0.0871 0.3341 0.3929 0.8523
1305031460.4275 -2.0159 -0.0831 0.1733 0.0864 0.3441 0.3979 0.8461
1305031460.4596 -2.0147 -0.0885 0.1795 0.0855 0.3561 0.4017 0.8394
1305031460.4915 -2.0207 -0.0968 0.1850 0.0806 0.3704 0.4082 0.8305
1305031460.5276 -2.0206 -0.1089 0.1896 0.0743 0.3806 0.4185 0.8213
1305031460.5596 -2.0176 -0.1196 0.1943 0.0685 0.3892 0.4229 0.8154
1305031460.5919 -2.0208 -0.1304 0.2000 0.0649 0.3987 0.4238 0.8107
1305031460.6276 -2.0198 -0.1414 0.2048 0.0621 0.4064 0.4265 0.8057
1305031460.6598 -2.0245 -0.1527 0.2115 0.0603 0.4149 0.4258 0.8018
1305031460.6917 -2.0308 -0.1632 0.2198 0.0574 0.4202 0.4269 0.7987
1305031460.7277 -2.0298 -0.1714 0.2275 0.0527 0.4223 0.4275 0.7976
1305031460.7597 -2.0285 -0.1829 0.2348 0.0491 0.4275 0.4264 0.7956
1305031460.7917 -2.0324 -0.1946 0.2442 0.0461 0.4324 0.4253 0.7937
1305031460.8277 -2.0323 -0.2018 0.2531 0.0415 0.4341 0.4232 0.7941
1305031460.8597 -2.0301 -0.2090 0.2606 0.0352 0.4375 0.4213 0.7936
1305031460.8918 -2.0284 -0.2214 0.2689 0.0273 0.4423 0.4196 0.7922
1305031460.9276 -2.0275 -0.2325 0.2787 0.0218 0.4447 0.4198 0.7909
1305031460.9917 -2.0122 -0.2579 0.2907 0.0173 0.4477 0.4234 0.7874
1305031461.0276 -2.0075 -0.2699 0.2986 0.0182 0.4498 0.4245 0.7856
1305031461.0917 -2.0030 -0.2840 0.3144 0.0206 0.4488 0.4237 0.7866
1305031461.1276 -1.9926 -0.2939 0.3187 0.0177 0.4479 0.4227 0.7877
1305031461.1597 -1.9858 -0.3056 0.3257 0.0185 0.4496 0.4207 0.7877
1305031461.1920 -1.9828 -0.3087 0.3316 0.0217 0.4501 0.4159 0.7899
1305031461.2276 -1.9786 -0.3147 0.3372 0.0216 0.4514 0.4136 0.7904
1305031461.2596 -1.9723 -0.3222 0.3435 0.0222 0.4519 0.4101 0.7919
1305031461.2917 -1.9677 -0.3247 0.3491 0.0239 0.4526 0.4039 0.7947
1305031461.3278 -1.9613 -0.3243 0.3529 0.0252 0.4542 0.3992 0.7960
1305031461.3597 -1.9629 -0.3212 0.3611 0.0227 0.4588 0.3949 0.7957
1305031461.3917 -1.9504 -0.3313 0.3670 0.0135 0.4583 0.3974 0.7949
1305031461.4276 -1.9427 -0.3341 0.3692 0.0127 0.4585 0.3959 0.7956
1305031461.4598 -1.9413 -0.3306 0.3725 0.0106 0.4586 0.3974 0.7948
1305031461.4917 -1.9244 -0.3433 0.3697 0.0041 0.4567 0.4010 0.7941
1305031461.5277 -1.9237 -0.3405 0.3695 0.0103 0.4585 0.3976 0.7948
1305031461.5597 -1.9165 -0.3338 0.3625 0.0101 0.4580 0.3947 0.7964
1305031461.5917 -1.9139 -0.3317 0.3585 0.0099 0.4651 0.3908 0.7943
1305031461.6275 -1.9115 -0.3273 0.3564 0.0078 0.4704 0.3905 0.7914
1305031461.6596 -1.9083 -0.3248 0.3552 0.0055 0.4750 0.3904 0.7886
1305031461.6916 -1.9090 -0.3177 0.3540 0.0057 0.4779 0.3953 0.7845
1305031461.7276 -1.9017 -0.3139 0.3484 0.0031 0.4770 0.4017 0.7817
1305031461.7597 -1.9023 -0.3046 0.3423 0.0039 0.4784 0.4039 0.7797
1305031461.7916 -1.9000 -0.2945 0.3366 0.0008 0.4797 0.4085 0.7765
1305031461.8276 -1.8967 -0.2873 0.3310 -0.0010 0.4833 0.4132 0.7718
1305031461.8598 -1.9012 -0.2737 0.3282 0.0001 0.4878 0.4190 0.7658
1305031461.8917 -1.9057 -0.2628 0.3276 -0.0024 0.4900 0.4300 0.7583
1305031461.9278 -1.9010 -0.2553 0.3240 -0.0095 0.4875 0.4407 0.7537
1305031461.9597 -1.8982 -0.2408 0.3130 -0.0133 0.4889 0.4443 0.7506
1305031461.9916 -1.9106 -0.2284 0.3168 -0.0184 0.4980 0.4498 0.7412
1305031462.0277 -1.9121 -0.2279 0.3202 -0.0285 0.4983 0.4622 0.7330
1305031462.0598 -1.9146 -0.2229 0.3212 -0.0312 0.4939 0.4748 0.7277
1305031462.0918 -1.9157 -0.2137 0.3165 -0.0317 0.4869 0.4868 0.7245
1305031462.1277 -1.9188 -0.2038 0.3126 -0.0330 0.4827 0.4963 0.7208
1305031462.1596 -1.9210 -0.1984 0.3093 -0.0364 0.4796 0.5033 0.7178
1305031462.1916 -1.9272 -0.1884 0.3073 -0.0387 0.4785 0.5031 0.7186
1305031462.2276 -1.9344 -0.1813 0.3081 -0.0446 0.4794 0.5039 0.7172
1305031462.2598 -1.9402 -0.1771 0.3098 -0.0521 0.4785 0.5033 0.7177
1305031462.2916 -1.9471 -0.1701 0.3113 -0.0588 0.4759 0.5002 0.7210
1305031462.3275 -1.9520 -0.1617 0.3097 -0.0665 0.4724 0.4969 0.7249
1305031462.3597 -1.9624 -0.1545 0.3145 -0.0743 0.4728 0.4909 0.7279
1305031462.3917 -1.9718 -0.1467 0.3189 -0.0831 0.4689 0.4875 0.7318
1305031462.4276 -1.9790 -0.1407 0.3216 -0.0929 0.4631 0.4847 0.7362
1305031462.4599 -1.9901 -0.1324 0.3246 -0.1002 0.4564 0.4803 0.7422
1305031462.4920 -1.9959 -0.1247 0.3230 -0.1104 0.4470 0.4785 0.7476
1305031462.5277 -2.0026 -0.1215 0.3241 -0.1176 0.4399 0.4763 0.7522
1305031462.5599 -2.0065 -0.1138 0.3170 -0.1224 0.4284 0.4720 0.7608
1305031462.5919 -2.0117 -0.1085 0.3107 -0.1267 0.4225 0.4650 0.7676
1305031462.6279 -2.0189 -0.1012 0.3053 -0.1295 0.4190 0.4555 0.7747
1305031462.6597 -2.0243 -0.0981 0.2992 -0.1325 0.4168 0.4462 0.7807
1305031462.6925 -2.0349 -0.0948 0.2943 -0.1322 0.4155 0.4364 0.7870
1305031462.7277 -2.0437 -0.0895 0.2878 -0.1338 0.4094 0.4265 0.7953
1305031462.7598 -2.0512 -0.0789 0.2782 -0.1338 0.4014 0.4162 0.8049
1305031462.7919 -2.0572 -0.0727 0.2687 -0.1361 0.3958 0.4095 0.8106
1305031462.8278 -2.0656 -0.0611 0.2564 -0.1360 0.3893 0.4043 0.8164
1305031462.8598 -2.0677 -0.0471 0.2451 -0.1389 0.3839 0.3986 0.8213
1305031462.8918 -2.0702 -0.0380 0.2308 -0.1401 0.3821 0.3954 0.8234
1305031462.9276 -2.0725 -0.0314 0.2163 -0.1406 0.3807 0.3939 0.8247
1305031462.9597 -2.0742 -0.0238 0.2014 -0.1394 0.3768 0.3915 0.8278
1305031462.9955 -2.0740 -0.0148 0.1872 -0.1350 0.3728 0.3862 0.8328
1305031463.0277 -2.0756 -0.0108 0.1705 -0.1305 0.3690 0.3795 0.8383
1305031463.0598 -2.0794 -0.0061 0.1543 -0.1275 0.3634 0.3723 0.8444
1305031463.0958 -2.0777 0.0061 0.1394 -0.1261 0.3577 0.3629 0.8512
1305031463.1275 -2.0769 0.0110 0.1239 -0.1235 0.3553 0.3536 0.8564
1305031463.1598 -2.0779 0.0170 0.1074 -0.1202 0.3529 0.3443 0.8617
1305031463.1957 -2.0790 0.0241 0.0913 -0.1212 0.3504 0.3375 0.8652
1305031463.2278 -2.0713 0.0324 0.0791 -0.1217 0.3470 0.3331 0.8682
1305031463.2600 -2.0675 0.0400 0.0640 -0.1156 0.3460 0.3279 0.8714
1305031463.2957 -2.0676 0.0473 0.0497 -0.1135 0.3451 0.3223 0.8742
1305031463.3277 -2.0587 0.0525 0.0380 -0.1149 0.3400 0.3198 0.8769
1305031463.3598 -2.0521 0.0590 0.0256 -0.1090 0.3354 0.3165 0.8806
1305031463.3956 -2.0477 0.0712 0.0111 -0.1034 0.3302 0.3121 0.8848
1305031463.4277 -2.0373 0.0809 -0.0017 -0.1032 0.3254 0.3089 0.8877
1305031463.4598 -2.0275 0.0921 -0.0154 -0.1013 0.3233 0.3063 0.8896
1305031463.4956 -2.0165 0.1040 -0.0267 -0.1014 0.3243 0.3036 0.8902
1305031463.5277 -2.0042 0.1072 -0.0402 -0.1017 0.3276 0.3023 0.8894
1305031463.5598 -2.0009 0.1133 -0.0525 -0.0978 0.3317 0.3015 0.8885
1305031463.5956 -1.9929 0.1215 -0.0631 -0.0968 0.3304 0.3009 0.8894
1305031463.6276 -1.9744 0.1229 -0.0772 -0.0970 0.3267 0.2995 0.8912
1305031463.6598 -1.9652 0.1251 -0.0930 -0.0895 0.3288 0.2958 0.8924
1305031463.6956 -1.9608 0.1346 -0.1079 -0.0838 0.3295 0.2906 0.8944
1305031463.7276 -1.9419 0.1333 -0.1244 -0.0866 0.3270 0.2880 0.8959
1305031463.7597 -1.9249 0.1269 -0.1452 -0.0842 0.3277 0.2826 0.8976
1305031463.7956 -1.9179 0.1278 -0.1634 -0.0796 0.3303 0.2712 0.9006
1305031463.8278 -1.9030 0.1243 -0.1834 -0.0815 0.3287 0.2615 0.9038
1305031463.8599 -1.8885 0.1155 -0.2031 -0.0823 0.3291 0.2520 0.9063
1305031463.8956 -1.8806 0.1137 -0.2217 -0.0786 0.3304 0.2423 0.9088
1305031463.9277 -1.8722 0.1082 -0.2380 -0.0786 0.3288 0.2367 0.9109
1305031463.9597 -1.8597 0.0982 -0.2559 -0.0790 0.3237 0.2315 0.9140
1305031463.9958 -1.8502 0.0923 -0.2753 -0.0754 0.3199 0.2245 0.9174
1305031464.0277 -1.8431 0.0896 -0.2940 -0.0738 0.3163 0.2161 0.9207
1305031464.0597 -1.8298 0.0781 -0.3122 -0.0757 0.3140 0.2079 0.9233
1305031464.0956 -1.8252 0.0709 -0.3287 -0.0725 0.3155 0.1981 0.9252
1305031464.1277 -1.8250 0.0641 -0.3411 -0.0698 0.3158 0.1928 0.9264
1305031464.1598 -1.8207 0.0497 -0.3521 -0.0668 0.3124 0.1913 0.9281
1305031464.1956 -1.8182 0.0399 -0.3641 -0.0577 0.3062 0.1864 0.9318
1305031464.2276 -1.8210 0.0411 -0.3771 -0.0454 0.2973 0.1815 0.9363
1305031464.2596 -1.8224 0.0426 -0.3896 -0.0375 0.2837 0.1790 0.9413
1305031464.2957 -1.8138 0.0424 -0.4035 -0.0344 0.2658 0.1744 0.9475
1305031464.3279 -1.8006 0.0407 -0.4190 -0.0325 0.2507 0.1689 0.9527
1305031464.3597 -1.7876 0.0342 -0.4331 -0.0295 0.2403 0.1638 0.9563
1305031464.3956 -1.7725 0.0378 -0.4521 -0.0237 0.2323 0.1550 0.9599
1305031464.4276 -1.7630 0.0383 -0.4673 -0.0222 0.2309 0.1448 0.9619
1305031464.4597 -1.7559 0.0306 -0.4816 -0.0215 0.2286 0.1362 0.9637
1305031464.4956 -1.7420 0.0300 -0.5000 -0.0193 0.2247 0.1298 0.9655
1305031464.5276 -1.7364 0.0295 -0.5173 -0.0179 0.2248 0.1212 0.9667
1305031464.5597 -1.7228 0.0240 -0.5351 -0.0217 0.2214 0.1098 0.9688
1305031464.5957 -1.7018 0.0022 -0.5574 -0.0233 0.2229 0.0995 0.9695
1305031464.6277 -1.6903 -0.0046 -0.5769 -0.0145 0.2331 0.0895 0.9682
1305031464.6597 -1.6800 -0.0103 -0.5906 -0.0065 0.2436 0.0754 0.9669
1305031464.6957 -1.6703 -0.0344 -0.6010 0.0008 0.2533 0.0582 0.9656
1305031464.7277 -1.6716 -0.0344 -0.6054 0.0183 0.2601 0.0396 0.9646
1305031464.7597 -1.6687 -0.0255 -0.6131 0.0310 0.2587 0.0195 0.9653
1305031464.7960 -1.6689 -0.0368 -0.6112 0.0347 0.2545 0.0011 0.9665
1305031464.8278 -1.6682 -0.0390 -0.6087 0.0441 0.2427 -0.0137 0.9690
1305031464.8597 -1.6555 -0.0271 -0.6157 0.0511 0.2236 -0.0294 0.9729
1305031464.8958 -1.6372 -0.0253 -0.6199 0.0475 0.2050 -0.0491 0.9764
1305031464.9278 -1.6176 -0.0483 -0.6186 0.0392 0.1909 -0.0692 0.9784
1305031464.9598 -1.5981 -0.0651 -0.6155 0.0387 0.1831 -0.0872 0.9784
1305031464.9957 -1.5780 -0.0651 -0.6135 0.0435 0.1789 -0.1061 0.9772
1305031465.0278 -1.5678 -0.0655 -0.6003 0.0453 0.1783 -0.1278 0.9746
1305031465.0597 -1.5645 -0.0441 -0.5817 0.0526 0.1737 -0.1477 0.9722
1305031465.0957 -1.5428 -0.0022 -0.5722 0.0522 0.1605 -0.1633 0.9720
1305031465.1277 -1.5223 0.0083 -0.5583 0.0337 0.1476 -0.1766 0.9726
1305031465.1598 -1.5070 0.0110 -0.5393 0.0153 0.1373 -0.1839 0.9732
1305031465.1956 -1.4885 0.0150 -0.5227 0.0018 0.1271 -0.1899 0.9735
1305031465.2279 -1.4680 0.0298 -0.5093 -0.0091 0.1185 -0.1944 0.9737
1305031465.2598 -1.4547 0.0318 -0.4898 -0.0219 0.1117 -0.1940 0.9744
1305031465.2956 -1.4390 0.0447 -0.4782 -0.0254 0.1039 -0.1847 0.9770
1305031465.3277 -1.4235 0.0594 -0.4662 -0.0309 0.0934 -0.1718 0.9802
1305031465.3599 -1.4113 0.0612 -0.4544 -0.0365 0.0800 -0.1601 0.9832
1305031465.3956 -1.3873 0.0623 -0.4534 -0.0368 0.0619 -0.1492 0.9862
1305031465.4277 -1.3584 0.0673 -0.4560 -0.0344 0.0466 -0.1375 0.9888
1305031465.4601 -1.3339 0.0801 -0.4602 -0.0302 0.0350 -0.1239 0.9912
1305031465.4957 -1.3079 0.0940 -0.4647 -0.0310 0.0240 -0.1139 0.9927
1305031465.5276 -1.2889 0.0891 -0.4644 -0.0358 0.0148 -0.1101 0.9932
1305031465.5598 -1.2640 0.0951 -0.4705 -0.0301 0.0050 -0.1042 0.9941
1305031465.5956 -1.2371 0.1073 -0.4782 -0.0238 -0.0010 -0.0954 0.9952
1305031465.6277 -1.2218 0.1198 -0.4861 -0.0188 -0.0040 -0.0865 0.9961
1305031465.6601 -1.2022 0.1300 -0.4935 -0.0147 -0.0135 -0.0783 0.9967
1305031465.6957 -1.1700 0.1403 -0.4999 -0.0090 -0.0238 -0.0708 0.9972
1305031465.7277 -1.1469 0.1533 -0.5081 -0.0014 -0.0278 -0.0618 0.9977
1305031465.7598 -1.1227 0.1707 -0.5159 0.0067 -0.0331 -0.0533 0.9980
1305031465.7959 -1.0958 0.1846 -0.5205 0.0122 -0.0378 -0.0470 0.9981
1305031465.8280 -1.0724 0.1932 -0.5257 0.0198 -0.0418 -0.0416 0.9981
1305031465.8599 -1.0446 0.2184 -0.5328 0.0328 -0.0453 -0.0374 0.9977
1305031465.8955 -1.0144 0.2392 -0.5349 0.0375 -0.0430 -0.0348 0.9978
1305031465.9275 -0.9906 0.2466 -0.5381 0.0420 -0.0369 -0.0336 0.9979
1305031465.9597 -0.9682 0.2647 -0.5454 0.0537 -0.0303 -0.0353 0.9975
1305031465.9958 -0.9542 0.2858 -0.5538 0.0622 -0.0231 -0.0399 0.9970
1305031466.0276 -0.9376 0.3075 -0.5616 0.0690 -0.0211 -0.0419 0.9965
1305031466.0598 -0.9218 0.3320 -0.5688 0.0692 -0.0188 -0.0411 0.9966
1305031466.0958 -0.9099 0.3481 -0.5774 0.0646 -0.0191 -0.0409 0.9969
1305031466.1276 -0.8944 0.3630 -0.5863 0.0588 -0.0234 -0.0407 0.9972
1305031466.1604 -0.8832 0.3771 -0.5990 0.0534 -0.0274 -0.0388 0.9974
1305031466.1958 -0.8720 0.3940 -0.6122 0.0463 -0.0346 -0.0382 0.9976
1305031466.2280 -0.8538 0.4004 -0.6231 0.0342 -0.0438 -0.0423 0.9976
1305031466.2598 -0.8305 0.3967 -0.6335 0.0288 -0.0488 -0.0492 0.9972
1305031466.2957 -0.8095 0.4056 -0.6469 0.0319 -0.0454 -0.0610 0.9966
1305031466.3277 -0.7951 0.4154 -0.6634 0.0332 -0.0353 -0.0706 0.9963
1305031466.3598 -0.7834 0.4200 -0.6784 0.0278 -0.0259 -0.0766 0.9963
1305031466.3958 -0.7741 0.4108 -0.6921 0.0246 -0.0222 -0.0810 0.9962
1305031466.4278 -0.7632 0.4210 -0.7085 0.0318 -0.0240 -0.0856 0.9955
1305031466.4598 -0.7462 0.4312 -0.7211 0.0319 -0.0294 -0.0897 0.9950
1305031466.4958 -0.7235 0.4350 -0.7292 0.0274 -0.0345 -0.0900 0.9950
1305031466.5275 -0.6985 0.4345 -0.7352 0.0247 -0.0347 -0.0899 0.9950
1305031466.5604 -0.6809 0.4450 -0.7458 0.0244 -0.0304 -0.0918 0.9950
1305031466.5959 -0.6606 0.4520 -0.7526 0.0166 -0.0299 -0.0945 0.9949
1305031466.6275 -0.6359 0.4393 -0.7525 0.0076 -0.0300 -0.0980 0.9947
1305031466.6597 -0.6170 0.4405 -0.7602 0.0137 -0.0274 -0.1035 0.9942
1305031466.6958 -0.5999 0.4555 -0.7699 0.0168 -0.0276 -0.1114 0.9933
1305031466.7281 -0.5779 0.4551 -0.7706 0.0098 -0.0310 -0.1204 0.9922
1305031466.7596 -0.5586 0.4451 -0.7717 0.0095 -0.0320 -0.1285 0.9912
1305031466.7956 -0.5431 0.4547 -0.7808 0.0177 -0.0330 -0.1346 0.9902
1305031466.8279 -0.5251 0.4608 -0.7864 0.0158 -0.0374 -0.1378 0.9896
1305031466.8597 -0.5138 0.4539 -0.7887 0.0115 -0.0423 -0.1372 0.9896
1305031466.8957 -0.5013 0.4561 -0.7966 0.0146 -0.0532 -0.1382 0.9889
1305031466.9278 -0.4836 0.4566 -0.8022 0.0142 -0.0681 -0.1403 0.9877
1305031466.9597 -0.4624 0.4522 -0.8060 0.0135 -0.0800 -0.1411 0.9867
1305031466.9957 -0.4434 0.4515 -0.8109 0.0142 -0.0860 -0.1439 0.9858
1305031467.0278 -0.4277 0.4499 -0.8155 0.0141 -0.0903 -0.1482 0.9847
1305031467.0597 -0.4091 0.4495 -0.8195 0.0144 -0.0938 -0.1513 0.9839
1305031467.0957 -0.3943 0.4498 -0.8232 0.0125 -0.0948 -0.1566 0.9830
1305031467.1290 -0.3813 0.4467 -0.8244 0.0123 -0.0979 -0.1671 0.9810
1305031467.1597 -0.3676 0.4457 -0.8278 0.0139 -0.1013 -0.1749 0.9793
1305031467.1957 -0.3565 0.4455 -0.8325 0.0147 -0.1055 -0.1795 0.9780
1305031467.2277 -0.3432 0.4445 -0.8354 0.0150 -0.1126 -0.1848 0.9762
1305031467.2597 -0.3291 0.4430 -0.8383 0.0165 -0.1185 -0.1897 0.9745
1305031467.2958 -0.3156 0.4429 -0.8428 0.0185 -0.1241 -0.1960 0.9726
1305031467.3280 -0.3014 0.4431 -0.8490 0.0196 -0.1300 -0.2009 0.9707
1305031467.3597 -0.2873 0.4466 -0.8564 0.0173 -0.1359 -0.2028 0.9696
1305031467.3958 -0.2730 0.4454 -0.8586 0.0113 -0.1432 -0.2074 0.9677
1305031467.4278 -0.2597 0.4416 -0.8601 0.0088 -0.1492 -0.2112 0.9660
1305031467.4597 -0.2458 0.4420 -0.8679 0.0088 -0.1556 -0.2127 0.9646
1305031467.4961 -0.2282 0.4444 -0.8749 0.0051 -0.1629 -0.2173 0.9624
1305031467.5277 -0.2123 0.4408 -0.8732 -0.0003 -0.1669 -0.2238 0.9602
1305031467.5598 -0.1990 0.4355 -0.8731 -0.0006 -0.1684 -0.2265 0.9594
1305031467.5960 -0.1863 0.4331 -0.8758 -0.0009 -0.1699 -0.2250 0.9594
1305031467.6275 -0.1792 0.4238 -0.8726 -0.0014 -0.1742 -0.2231 0.9591
1305031467.6596 -0.1675 0.4162 -0.8723 0.0040 -0.1804 -0.2196 0.9588
1305031467.6959 -0.1537 0.4138 -0.8718 0.0078 -0.1849 -0.2213 0.9575
1305031467.7275 -0.1458 0.4038 -0.8615 0.0112 -0.1878 -0.2263 0.9557
1305031467.7599 -0.1379 0.3958 -0.8553 0.0170 -0.1904 -0.2285 0.9546
1305031467.7961 -0.1296 0.3901 -0.8472 0.0212 -0.1939 -0.2313 0.9531
1305031467.8278 -0.1255 0.3777 -0.8328 0.0249 -0.1971 -0.2322 0.9522
1305031467.8597 -0.1213 0.3684 -0.8221 0.0315 -0.2019 -0.2292 0.9517
1305031467.8959 -0.1157 0.3645 -0.8120 0.0367 -0.2094 -0.2284 0.9501
1305031467.9278 -0.1109 0.3537 -0.7940 0.0390 -0.2179 -0.2313 0.9474
1305031467.9598 -0.1057 0.3408 -0.7767 0.0447 -0.2243 -0.2323 0.9454
1305031467.9958 -0.0955 0.3408 -0.7618 0.0499 -0.2278 -0.2343 0.9438
1305031468.0281 -0.0961 0.3274 -0.7393 0.0476 -0.2283 -0.2374 0.9430
1305031468.0598 -0.0969 0.3130 -0.7233 0.0517 -0.2306 -0.2401 0.9415
1305031468.0959 -0.0902 0.3084 -0.7080 0.0550 -0.2348 -0.2416 0.9400
1305031468.1278 -0.0889 0.2933 -0.6872 0.0528 -0.2374 -0.2427 0.9391
1305031468.1599 -0.0861 0.2810 -0.6706 0.0548 -0.2396 -0.2458 0.9376
1305031468.1960 -0.0812 0.2694 -0.6531 0.0549 -0.2408 -0.2492 0.9364
1305031468.2282 -0.0796 0.2518 -0.6356 0.0526 -0.2402 -0.2491 0.9367
1305031468.2598 -0.0763 0.2369 -0.6195 0.0526 -0.2388 -0.2478 0.9374
1305031468.2958 -0.0752 0.2215 -0.6046 0.0520 -0.2363 -0.2481 0.9380
1305031468.3278 -0.0754 0.1983 -0.5905 0.0521 -0.2343 -0.2462 0.9390
1305031468.3598 -0.0707 0.1872 -0.5816 0.0566 -0.2319 -0.2418 0.9405
1305031468.3959 -0.0689 0.1776 -0.5735 0.0554 -0.2298 -0.2417 0.9411
1305031468.4280 -0.0705 0.1513 -0.5648 0.0487 -0.2295 -0.2418 0.9415
1305031468.4598 -0.0678 0.1316 -0.5576 0.0466 -0.2306 -0.2393 0.9420
1305031468.4958 -0.0662 0.1160 -0.5494 0.0444 -0.2293 -0.2399 0.9423
1305031468.5278 -0.0736 0.0927 -0.5440 0.0429 -0.2267 -0.2457 0.9415
1305031468.5597 -0.0799 0.0734 -0.5407 0.0484 -0.2270 -0.2538 0.9390
1305031468.5958 -0.0803 0.0659 -0.5399 0.0522 -0.2279 -0.2588 0.9372
1305031468.6276 -0.0873 0.0497 -0.5348 0.0455 -0.2284 -0.2601 0.9371
1305031468.6596 -0.1021 0.0247 -0.5325 0.0410 -0.2306 -0.2617 0.9363
1305031468.6958 -0.1104 0.0073 -0.5297 0.0443 -0.2370 -0.2648 0.9337
1305031468.7278 -0.1150 -0.0044 -0.5252 0.0482 -0.2440 -0.2653 0.9316
1305031468.7596 -0.1205 -0.0175 -0.5200 0.0490 -0.2488 -0.2655 0.9302
1305031468.7958 -0.1298 -0.0379 -0.5149 0.0513 -0.2516 -0.2701 0.9279
1305031468.8292 -0.1362 -0.0486 -0.5118 0.0597 -0.2543 -0.2756 0.9251
1305031468.8597 -0.1328 -0.0531 -0.5049 0.0636 -0.2556 -0.2788 0.9235
1305031468.8959 -0.1382 -0.0654 -0.4991 0.0607 -0.2508 -0.2807 0.9244
1305031468.9281 -0.1442 -0.0729 -0.4943 0.0572 -0.2447 -0.2781 0.9271
1305031468.9596 -0.1483 -0.0723 -0.4931 0.0526 -0.2378 -0.2752 0.9300
1305031468.9957 -0.1498 -0.0612 -0.4909 0.0423 -0.2325 -0.2785 0.9309
1305031469.0277 -0.1573 -0.0716 -0.4833 0.0230 -0.2279 -0.2853 0.9307
1305031469.0598 -0.1678 -0.0810 -0.4791 0.0088 -0.2245 -0.2919 0.9297
1305031469.0957 -0.1649 -0.0838 -0.4668 -0.0011 -0.2245 -0.3018 0.9266
1305031469.1277 -0.1662 -0.0942 -0.4526 -0.0139 -0.2183 -0.3122 0.9245
1305031469.1597 -0.1695 -0.1002 -0.4409 -0.0231 -0.2093 -0.3195 0.9239
1305031469.1955 -0.1779 -0.1077 -0.4300 -0.0311 -0.1989 -0.3251 0.9240
1305031469.2278 -0.1882 -0.1088 -0.4231 -0.0351 -0.1907 -0.3283 0.9244
1305031469.2596 -0.1903 -0.1086 -0.4111 -0.0392 -0.1881 -0.3321 0.9234
1305031469.2968 -0.1942 -0.1103 -0.3991 -0.0440 -0.1831 -0.3346 0.9234
1305031469.3276 -0.1970 -0.1059 -0.3891 -0.0481 -0.1791 -0.3360 0.9234
1305031469.3596 -0.1942 -0.1102 -0.3720 -0.0556 -0.1756 -0.3406 0.9220
1305031469.3957 -0.1964 -0.1128 -0.3569 -0.0569 -0.1648 -0.3464 0.9217
1305031469.4277 -0.1979 -0.1055 -0.3467 -0.0540 -0.1528 -0.3525 0.9217
1305031469.4597 -0.2023 -0.0977 -0.3341 -0.0530 -0.1427 -0.3597 0.9206
1305031469.4957 -0.2108 -0.0868 -0.3224 -0.0522 -0.1355 -0.3633 0.9203
1305031469.5276 -0.2112 -0.0759 -0.3116 -0.0547 -0.1352 -0.3631 0.9203
1305031469.5596 -0.2104 -0.0688 -0.2986 -0.0613 -0.1358 -0.3634 0.9197
1305031469.5958 -0.2093 -0.0599 -0.2867 -0.0692 -0.1355 -0.3624 0.9195
1305031469.6278 -0.2100 -0.0522 -0.2720 -0.0790 -0.1332 -0.3623 0.9191
1305031469.6596 -0.2134 -0.0431 -0.2573 -0.0845 -0.1286 -0.3624 0.9193
1305031469.6956 -0.2136 -0.0334 -0.2458 -0.0888 -0.1247 -0.3614 0.9197
1305031469.7277 -0.2160 -0.0217 -0.2342 -0.0937 -0.1190 -0.3602 0.9205
1305031469.7596 -0.2180 -0.0080 -0.2246 -0.0988 -0.1139 -0.3573 0.9217
1305031469.7956 -0.2236 0.0100 -0.2124 -0.1039 -0.1108 -0.3546 0.9226
1305031469.8275 -0.2280 0.0222 -0.2037 -0.1102 -0.1114 -0.3525 0.9226
1305031469.8596 -0.2330 0.0407 -0.1946 -0.1159 -0.1115 -0.3498 0.9229
1305031469.8958 -0.2386 0.0571 -0.1863 -0.1207 -0.1117 -0.3468 0.9234
1305031469.9279 -0.2450 0.0769 -0.1779 -0.1231 -0.1123 -0.3426 0.9246
1305031469.9598 -0.2519 0.0949 -0.1718 -0.1245 -0.1148 -0.3395 0.9252
1305031469.9956 -0.2598 0.1111 -0.1672 -0.1266 -0.1160 -0.3376 0.9255
1305031470.0277 -0.2680 0.1274 -0.1643 -0.1292 -0.1175 -0.3367 0.9253
1305031470.0596 -0.2775 0.1452 -0.1618 -0.1306 -0.1169 -0.3362 0.9253
1305031470.0959 -0.2864 0.1600 -0.1610 -0.1326 -0.1164 -0.3344 0.9257
1305031470.1276 -0.2953 0.1755 -0.1621 -0.1367 -0.1156 -0.3322 0.9261
1305031470.1596 -0.3058 0.1946 -0.1609 -0.1386 -0.1150 -0.3284 0.9272
1305031470.1961 -0.3160 0.2081 -0.1631 -0.1415 -0.1158 -0.3255 0.9277
1305031470.2276 -0.3262 0.2214 -0.1657 -0.1460 -0.1150 -0.3226 0.9281
1305031470.2600 -0.3366 0.2354 -0.1681 -0.1506 -0.1136 -0.3197 0.9286
1305031470.2957 -0.3472 0.2484 -0.1713 -0.1567 -0.1117 -0.3177 0.9285
1305031470.3276 -0.3588 0.2634 -0.1727 -0.1628 -0.1098 -0.3144 0.9288
1305031470.3596 -0.3704 0.2773 -0.1748 -0.1680 -0.1096 -0.3095 0.9295
1305031470.3958 -0.3821 0.2918 -0.1773 -0.1711 -0.1095 -0.3057 0.9302
1305031470.4276 -0.3942 0.3054 -0.1793 -0.1717 -0.1106 -0.3061 0.9299
1305031470.4597 -0.4063 0.3165 -0.1820 -0.1713 -0.1116 -0.3060 0.9298
1305031470.4957 -0.4179 0.3259 -0.1853 -0.1711 -0.1129 -0.3045 0.9302
1305031470.5277 -0.4289 0.3344 -0.1885 -0.1716 -0.1134 -0.3045 0.9300
1305031470.5597 -0.4398 0.3436 -0.1910 -0.1725 -0.1120 -0.3039 0.9303
1305031470.5958 -0.4508 0.3510 -0.1936 -0.1740 -0.1106 -0.3009 0.9311
1305031470.6277 -0.4609 0.3592 -0.1950 -0.1764 -0.1092 -0.2966 0.9322
1305031470.6597 -0.4709 0.3658 -0.1964 -0.1787 -0.1085 -0.2926 0.9331
1305031470.6956 -0.4811 0.3735 -0.1969 -0.1813 -0.1083 -0.2895 0.9336
1305031470.7277 -0.4921 0.3794 -0.1963 -0.1817 -0.1078 -0.2876 0.9342
1305031470.7597 -0.4998 0.3808 -0.1998 -0.1846 -0.1044 -0.2842 0.9350
1305031470.7956 -0.5097 0.3889 -0.1986 -0.1851 -0.0980 -0.2800 0.9369
1305031470.8278 -0.5193 0.3942 -0.1975 -0.1814 -0.0975 -0.2762 0.9388
1305031470.8596 -0.5287 0.3970 -0.1991 -0.1774 -0.0979 -0.2720 0.9407
1305031470.8957 -0.5385 0.4005 -0.2021 -0.1737 -0.0983 -0.2673 0.9427
1305031470.9277 -0.5479 0.4039 -0.2021 -0.1694 -0.1014 -0.2634 0.9443
1305031470.9596 -0.5581 0.4038 -0.2037 -0.1615 -0.1054 -0.2609 0.9459
1305031470.9960 -0.5650 0.4051 -0.2068 -0.1532 -0.1075 -0.2583 0.9478
1305031471.0276 -0.5737 0.4039 -0.2081 -0.1457 -0.1068 -0.2563 0.9496
1305031471.0596 -0.5836 0.4038 -0.2114 -0.1365 -0.1039 -0.2522 0.9523
1305031471.0958 -0.5926 0.4063 -0.2154 -0.1275 -0.1023 -0.2456 0.9555
1305031471.1277 -0.6006 0.4055 -0.2176 -0.1225 -0.1030 -0.2391 0.9577
1305031471.1596 -0.6058 0.4058 -0.2212 -0.1167 -0.1033 -0.2328 0.9600
1305031471.1957 -0.6112 0.4072 -0.2238 -0.1135 -0.1007 -0.2268 0.9621
1305031471.2276 -0.6189 0.4089 -0.2255 -0.1127 -0.0964 -0.2221 0.9637
1305031471.2597 -0.6265 0.4074 -0.2255 -0.1144 -0.0941 -0.2189 0.9644
1305031471.2961 -0.6322 0.4054 -0.2253 -0.1142 -0.0925 -0.2144 0.9656
1305031471.3276 -0.6345 0.4054 -0.2276 -0.1097 -0.0899 -0.2111 0.9671
1305031471.3596 -0.6376 0.4070 -0.2303 -0.1074 -0.0823 -0.2087 0.9686
1305031471.3957 -0.6473 0.4032 -0.2301 -0.1087 -0.0732 -0.2042 0.9701
1305031471.4277 -0.6553 0.4047 -0.2343 -0.1040 -0.0688 -0.1975 0.9723
1305031471.4596 -0.6592 0.4065 -0.2378 -0.1026 -0.0690 -0.1923 0.9735
1305031471.4965 -0.6636 0.4062 -0.2393 -0.1040 -0.0681 -0.1880 0.9743
1305031471.5276 -0.6683 0.4062 -0.2419 -0.1043 -0.0668 -0.1836 0.9752
1305031471.5597 -0.6696 0.4061 -0.2447 -0.1045 -0.0662 -0.1814 0.9756
1305031471.5957 -0.6723 0.4058 -0.2474 -0.1044 -0.0616 -0.1792 0.9763
1305031471.6276 -0.6751 0.4058 -0.2504 -0.1034 -0.0569 -0.1776 0.9770
1305031471.6596 -0.6781 0.4053 -0.2532 -0.1018 -0.0516 -0.1745 0.9780
1305031471.6956 -0.6810 0.4072 -0.2576 -0.0988 -0.0468 -0.1698 0.9794
1305031471.7275 -0.6820 0.4096 -0.2607 -0.0985 -0.0431 -0.1652 0.9804
1305031471.7597 -0.6822 0.4078 -0.2613 -0.1005 -0.0392 -0.1590 0.9814
1305031471.7958 -0.6828 0.4112 -0.2648 -0.0976 -0.0323 -0.1511 0.9831
1305031471.8276 -0.6857 0.4170 -0.2672 -0.0986 -0.0256 -0.1445 0.9842
1305031471.8597 -0.6874 0.4173 -0.2671 -0.1030 -0.0219 -0.1382 0.9848
1305031471.8956 -0.6885 0.4229 -0.2689 -0.1038 -0.0172 -0.1315 0.9857
1305031471.9277 -0.6895 0.4246 -0.2685 -0.1096 -0.0122 -0.1276 0.9857
1305031471.9596 -0.6921 0.4221 -0.2661 -0.1131 -0.0053 -0.1259 0.9856
1305031471.9956 -0.6955 0.4324 -0.2705 -0.1078 0.0039 -0.1224 0.9866
1305031472.0276 -0.6996 0.4371 -0.2692 -0.1138 0.0110 -0.1196 0.9862
1305031472.0597 -0.7046 0.4345 -0.2669 -0.1190 0.0164 -0.1171 0.9858
1305031472.0956 -0.7077 0.4417 -0.2689 -0.1152 0.0219 -0.1115 0.9868
1305031472.1276 -0.7130 0.4479 -0.2681 -0.1187 0.0263 -0.1083 0.9867
1305031472.1596 -0.7197 0.4424 -0.2645 -0.1264 0.0291 -0.1071 0.9858
1305031472.1957 -0.7238 0.4420 -0.2643 -0.1235 0.0305 -0.1026 0.9866
1305031472.2276 -0.7246 0.4468 -0.2655 -0.1185 0.0304 -0.0996 0.9875
1305031472.2638 -0.7286 0.4392 -0.2642 -0.1212 0.0324 -0.0994 0.9871
1305031472.2957 -0.7308 0.4376 -0.2652 -0.1150 0.0341 -0.0972 0.9880
1305031472.3277 -0.7319 0.4437 -0.2679 -0.1058 0.0351 -0.0955 0.9892
1305031472.3636 -0.7335 0.4459 -0.2689 -0.1041 0.0353 -0.0943 0.9895
1305031472.3956 -0.7366 0.4414 -0.2676 -0.1066 0.0343 -0.0932 0.9893
1305031472.4277 -0.7371 0.4377 -0.2676 -0.1062 0.0307 -0.0926 0.9896
1305031472.4636 -0.7347 0.4361 -0.2681 -0.1041 0.0279 -0.0931 0.9898
1305031472.4956 -0.7336 0.4347 -0.2685 -0.1038 0.0291 -0.0934 0.9898
1305031472.5276 -0.7368 0.4256 -0.2668 -0.1076 0.0324 -0.0932 0.9893
1305031472.5636 -0.7376 0.4198 -0.2668 -0.1043 0.0315 -0.0920 0.9898
1305031472.5957 -0.7355 0.4216 -0.2693 -0.0977 0.0293 -0.0893 0.9908
1305031472.6277 -0.7337 0.4184 -0.2684 -0.0983 0.0279 -0.0874 0.9909
1305031472.6636 -0.7326 0.4130 -0.2670 -0.0992 0.0271 -0.0860 0.9910
1305031472.6958 -0.7316 0.4093 -0.2661 -0.0979 0.0261 -0.0848 0.9912
1305031472.7276 -0.7298 0.4054 -0.2652 -0.0961 0.0245 -0.0850 0.9914
1305031472.7636 -0.7275 0.4032 -0.2645 -0.0939 0.0236 -0.0862 0.9916
1305031472.7956 -0.7274 0.3988 -0.2629 -0.0932 0.0248 -0.0879 0.9914
1305031472.8276 -0.7273 0.3966 -0.2618 -0.0907 0.0256 -0.0881 0.9916
1305031472.8636 -0.7280 0.3969 -0.2611 -0.0876 0.0260 -0.0870 0.9920
1305031472.8957 -0.7282 0.3968 -0.2603 -0.0871 0.0250 -0.0846 0.9923
1305031472.9277 -0.7265 0.3937 -0.2584 -0.0885 0.0231 -0.0829 0.9923
1305031472.9638 -0.7261 0.3940 -0.2578 -0.0874 0.0233 -0.0817 0.9925
1305031472.9957 -0.7272 0.3938 -0.2565 -0.0881 0.0232 -0.0809 0.9925
1305031473.0276 -0.7264 0.3935 -0.2557 -0.0887 0.0214 -0.0807 0.9925
1305031473.0637 -0.7253 0.3911 -0.2544 -0.0906 0.0203 -0.0818 0.9923
1305031473.0957 -0.7249 0.3910 -0.2541 -0.0896 0.0210 -0.0839 0.9922
1305031473.1277 -0.7263 0.3900 -0.2532 -0.0901 0.0228 -0.0853 0.9920
1305031473.1671 -0.7278 0.3886 -0.2528 -0.0899 0.0227 -0.0857 0.9920
1305031473.1961 -0.7271 0.3881 -0.2533 -0.0886 0.0215 -0.0857 0.9921
