1305031453.3917 0.0000 0.0000 0.0000 0.0000 0.0000 0.0000 1.0000
1305031453.5237 0.0129 0.0176 -0.0388 0.0165 0.0216 0.0370 0.9989
1305031453.6277 0.0112 0.0339 -0.0784 0.0374 0.0279 0.0519 0.9976
1305031453.7277 -0.0033 0.0587 -0.1231 0.0561 0.0137 0.0413 0.9975
1305031453.8278 -0.0277 0.0806 -0.1610 0.0676 -0.0111 0.0191 0.9975
1305031453.9277 -0.0612 0.0984 -0.1916 0.0653 -0.0574 0.0001 0.9962
1305031453.9596 -0.0680 0.1045 -0.2009 0.0632 -0.0742 -0.0092 0.9952
1305031453.9916 -0.0805 0.1083 -0.2012 0.0627 -0.0852 -0.0208 0.9942
1305031454.0277 -0.0866 0.1128 -0.2058 0.0657 -0.0983 -0.0302 0.9925
1305031454.0597 -0.0879 0.1146 -0.2071 0.0663 -0.1118 -0.0405 0.9907
1305031454.0917 -0.0824 0.1113 -0.1921 0.0666 -0.1280 -0.0517 0.9882
1305031454.1277 -0.0803 0.1093 -0.1741 0.0704 -0.1460 -0.0648 0.9846
1305031454.1597 -0.0623 0.1011 -0.1562 0.0693 -0.1666 -0.0725 0.9809
1305031454.1917 -0.0567 0.0935 -0.1403 0.0673 -0.1826 -0.0814 0.9775
1305031454.2277 -0.0566 0.1019 -0.1364 0.0719 -0.1859 -0.0827 0.9764
1305031454.2596 -0.0424 0.0996 -0.1366 0.0740 -0.1951 -0.0873 0.9741
1305031454.2916 -0.0484 0.1007 -0.1329 0.0726 -0.2033 -0.0972 0.9716
1305031454.3277 -0.0498 0.0980 -0.1354 0.0735 -0.2099 -0.1080 0.9690
1305031454.3596 -0.0339 0.0928 -0.1440 0.0769 -0.2228 -0.1184 0.9646
1305031454.3917 -0.0276 0.0897 -0.1486 0.0766 -0.2303 -0.1268 0.9618
1305031454.4275 -0.0323 0.0936 -0.1528 0.0793 -0.2350 -0.1354 0.9592
1305031454.4599 -0.0294 0.0916 -0.1527 0.0816 -0.2462 -0.1493 0.9542
1305031454.4916 -0.0306 0.0916 -0.1550 0.0823 -0.2471 -0.1555 0.9529
1305031454.5277 -0.0354 0.0954 -0.1529 0.0835 -0.2472 -0.1583 0.9523
1305031454.5596 -0.0375 0.0924 -0.1479 0.0814 -0.2487 -0.1597 0.9518
1305031454.5916 -0.0403 0.0921 -0.1461 0.0809 -0.2489 -0.1610 0.9516
1305031454.6276 -0.0436 0.0933 -0.1440 0.0811 -0.2491 -0.1616 0.9515
1305031454.6595 -0.0471 0.0935 -0.1407 0.0804 -0.2495 -0.1618 0.9514
1305031454.6919 -0.0503 0.0917 -0.1375 0.0791 -0.2500 -0.1622 0.9513
1305031454.7277 -0.0512 0.0890 -0.1318 0.0766 -0.2544 -0.1631 0.9502
1305031454.7597 -0.0465 0.0901 -0.1292 0.0709 -0.2625 -0.1608 0.9488
1305031454.7916 -0.0442 0.0922 -0.1289 0.0662 -0.2660 -0.1555 0.9490
1305031454.8276 -0.0388 0.1020 -0.1251 0.0635 -0.2694 -0.1494 0.9492
1305031454.8596 -0.0384 0.1045 -0.1241 0.0562 -0.2671 -0.1437 0.9512
1305031454.8918 -0.0389 0.1118 -0.1265 0.0522 -0.2619 -0.1375 0.9538
1305031454.9276 -0.0407 0.1197 -0.1289 0.0475 -0.2560 -0.1314 0.9565
1305031454.9596 -0.0463 0.1269 -0.1330 0.0435 -0.2496 -0.1256 0.9592
1305031454.9919 -0.0536 0.1323 -0.1394 0.0399 -0.2453 -0.1202 0.9611
1305031455.0278 -0.0579 0.1441 -0.1430 0.0405 -0.2441 -0.1172 0.9618
1305031455.0596 -0.0648 0.1498 -0.1451 0.0385 -0.2410 -0.1153 0.9629
1305031455.0917 -0.0730 0.1568 -0.1493 0.0407 -0.2366 -0.1152 0.9639
1305031455.1277 -0.0815 0.1664 -0.1545 0.0418 -0.2312 -0.1136 0.9654
1305031455.1597 -0.0931 0.1731 -0.1599 0.0399 -0.2258 -0.1088 0.9672
1305031455.1917 -0.1049 0.1779 -0.1626 0.0357 -0.2223 -0.1028 0.9689
1305031455.2276 -0.1161 0.1813 -0.1666 0.0346 -0.2187 -0.0974 0.9703
1305031455.2596 -0.1259 0.1927 -0.1714 0.0329 -0.2139 -0.0906 0.9721
1305031455.2918 -0.1408 0.1931 -0.1746 0.0233 -0.2081 -0.0808 0.9745
1305031455.3278 -0.1561 0.1997 -0.1831 0.0184 -0.2042 -0.0704 0.9762
1305031455.3596 -0.1642 0.2074 -0.1843 0.0110 -0.2040 -0.0636 0.9768
1305031455.3917 -0.1757 0.2056 -0.1850 -0.0008 -0.1982 -0.0550 0.9786
1305031455.4276 -0.1922 0.2063 -0.1910 -0.0087 -0.1906 -0.0445 0.9806
1305031455.4596 -0.2066 0.2032 -0.1962 -0.0144 -0.1869 -0.0356 0.9816
1305031455.4916 -0.2199 0.2046 -0.2027 -0.0189 -0.1833 -0.0240 0.9826
1305031455.5276 -0.2374 0.1981 -0.2088 -0.0251 -0.1795 -0.0105 0.9834
1305031455.5597 -0.2543 0.1941 -0.2185 -0.0276 -0.1793 0.0031 0.9834
1305031455.5916 -0.2677 0.1950 -0.2288 -0.0292 -0.1803 0.0176 0.9830
1305031455.6596 -0.2955 0.1786 -0.2378 -0.0337 -0.1781 0.0365 0.9828
1305031455.6916 -0.3102 0.1766 -0.2483 -0.0295 -0.1759 0.0357 0.9833
1305031455.7276 -0.3240 0.1709 -0.2567 -0.0277 -0.1726 0.0307 0.9841
1305031455.7597 -0.3376 0.1651 -0.2666 -0.0271 -0.1671 0.0276 0.9852
1305031455.7917 -0.3508 0.1530 -0.2767 -0.0272 -0.1617 0.0287 0.9860
1305031455.8276 -0.3640 0.1475 -0.2912 -0.0245 -0.1579 0.0292 0.9867
1305031455.8595 -0.3752 0.1396 -0.3018 -0.0246 -0.1562 0.0279 0.9870
1305031455.8917 -0.3852 0.1337 -0.3123 -0.0244 -0.1536 0.0276 0.9874
1305031455.9280 -0.3942 0.1258 -0.3202 -0.0258 -0.1507 0.0271 0.9879
1305031455.9597 -0.4043 0.1228 -0.3314 -0.0248 -0.1469 0.0246 0.9885
1305031455.9917 -0.4135 0.1196 -0.3388 -0.0262 -0.1424 0.0220 0.9892
1305031456.0278 -0.4264 0.1228 -0.3505 -0.0290 -0.1350 0.0171 0.9903
1305031456.0597 -0.4370 0.1136 -0.3532 -0.0391 -0.1311 0.0097 0.9906
1305031456.0917 -0.4463 0.1026 -0.3549 -0.0456 -0.1277 0.0047 0.9908
1305031456.1276 -0.4551 0.0955 -0.3585 -0.0469 -0.1236 0.0033 0.9912
1305031456.1597 -0.4603 0.0854 -0.3562 -0.0488 -0.1195 0.0030 0.9916
1305031456.1917 -0.4676 0.0768 -0.3583 -0.0445 -0.1110 0.0054 0.9928
1305031456.2277 -0.4761 0.0800 -0.3634 -0.0402 -0.1003 0.0090 0.9941
1305031456.2917 -0.4950 0.0585 -0.3578 -0.0433 -0.0776 0.0163 0.9959
1305031456.3277 -0.5033 0.0507 -0.3545 -0.0404 -0.0667 0.0231 0.9967
1305031456.3916 -0.5211 0.0403 -0.3450 -0.0387 -0.0421 0.0325 0.9978
1305031456.4277 -0.5392 0.0379 -0.3420 -0.0328 -0.0285 0.0389 0.9983
1305031456.4917 -0.5791 0.0449 -0.3305 -0.0359 -0.0184 0.0506 0.9979
1305031456.5276 -0.5899 0.0421 -0.3189 -0.0417 -0.0208 0.0562 0.9973
1305031456.5917 -0.6090 0.0421 -0.3014 -0.0435 -0.0166 0.0682 0.9966
1305031456.6276 -0.6212 0.0510 -0.2926 -0.0542 -0.0123 0.0746 0.9957
1305031456.6916 -0.6478 0.0273 -0.2657 -0.0704 -0.0021 0.0903 0.9934
1305031456.8276 -0.7006 0.0307 -0.2299 -0.0754 -0.0134 0.1231 0.9894
1305031457.0917 -0.7893 0.0221 -0.1732 -0.1085 0.0195 0.1606 0.9808
1305031457.2917 -0.8546 -0.0194 -0.1934 -0.1119 0.0629 0.1947 0.9724
1305031457.3917 -0.8943 -0.0463 -0.2159 -0.1109 0.0980 0.2116 0.9661
1305031457.4917 -0.9385 -0.0782 -0.2397 -0.1098 0.1145 0.2262 0.9611
1305031457.5597 -0.9606 -0.0985 -0.2583 -0.1039 0.1238 0.2328 0.9590
1305031457.6596 -1.0070 -0.1227 -0.2802 -0.0972 0.1366 0.2424 0.9556
1305031457.7596 -1.0304 -0.1706 -0.2889 -0.1062 0.1385 0.2422 0.9544
1305031457.8277 -1.0453 -0.1926 -0.3022 -0.0915 0.1513 0.2414 0.9542
1305031457.8916 -1.0593 -0.2336 -0.3027 -0.0892 0.1674 0.2413 0.9517
1305031457.9276 -1.0760 -0.2417 -0.3066 -0.0760 0.1745 0.2449 0.9507
1305031457.9916 -1.0919 -0.2620 -0.3068 -0.0645 0.1767 0.2498 0.9499
1305031458.0278 -1.0973 -0.2755 -0.3038 -0.0572 0.1808 0.2503 0.9494
1305031458.0597 -1.1131 -0.2723 -0.3034 -0.0467 0.1869 0.2522 0.9483
1305031458.0917 -1.1263 -0.2755 -0.2965 -0.0465 0.1914 0.2536 0.9470
1305031458.1276 -1.1344 -0.2859 -0.2849 -0.0486 0.1946 0.2537 0.9463
1305031458.1596 -1.1434 -0.2935 -0.2754 -0.0463 0.1965 0.2556 0.9455
1305031458.1916 -1.1594 -0.2912 -0.2649 -0.0433 0.1968 0.2595 0.9445
1305031458.2276 -1.1694 -0.2951 -0.2500 -0.0482 0.1934 0.2613 0.9445
1305031458.2599 -1.1676 -0.3230 -0.2238 -0.0547 0.1901 0.2585 0.9456
1305031458.2917 -1.1823 -0.3252 -0.2102 -0.0440 0.1879 0.2587 0.9465
1305031458.3276 -1.1869 -0.3315 -0.1950 -0.0416 0.1811 0.2611 0.9472
1305031458.3596 -1.1893 -0.3407 -0.1685 -0.0331 0.1785 0.2616 0.9480
1305031458.3916 -1.1945 -0.3389 -0.1567 -0.0195 0.1756 0.2648 0.9480
1305031458.4276 -1.1897 -0.3371 -0.1404 -0.0105 0.1734 0.2740 0.9459
1305031458.4596 -1.1823 -0.3430 -0.1231 -0.0004 0.1772 0.2798 0.9436
1305031458.4917 -1.1785 -0.3503 -0.1070 0.0168 0.1885 0.2776 0.9419
1305031458.5277 -1.1861 -0.3396 -0.0892 0.0348 0.2001 0.2757 0.9395
1305031458.5596 -1.1910 -0.3358 -0.0693 0.0413 0.2095 0.2727 0.9381
1305031458.5916 -1.1964 -0.3371 -0.0471 0.0491 0.2168 0.2667 0.9378
1305031458.6277 -1.2133 -0.3177 -0.0271 0.0551 0.2183 0.2621 0.9384
1305031458.6596 -1.2198 -0.3210 -0.0045 0.0486 0.2139 0.2630 0.9395
1305031458.6917 -1.2201 -0.3166 0.0234 0.0461 0.1983 0.2579 0.9445
1305031458.7276 -1.1968 -0.3186 0.0478 0.0441 0.1780 0.2517 0.9503
1305031458.7599 -1.2019 -0.3191 0.0643 0.0509 0.1652 0.2425 0.9546
1305031458.7916 -1.2042 -0.3081 0.0786 0.0537 0.1496 0.2354 0.9588
1305031458.8276 -1.1947 -0.3085 0.0959 0.0477 0.1385 0.2344 0.9610
1305031458.8917 -1.1884 -0.3127 0.1182 0.0540 0.1357 0.2244 0.9635
1305031458.9276 -1.1982 -0.3118 0.1235 0.0520 0.1425 0.2290 0.9615
1305031458.9596 -1.1996 -0.3207 0.1310 0.0428 0.1464 0.2416 0.9583
1305031458.9916 -1.1959 -0.3461 0.1368 0.0399 0.1483 0.2474 0.9567
1305031459.0277 -1.2045 -0.3538 0.1459 0.0501 0.1459 0.2476 0.9565
1305031459.0596 -1.2151 -0.3653 0.1588 0.0595 0.1396 0.2567 0.9545
1305031459.1276 -1.2370 -0.3915 0.1730 0.0878 0.1007 0.2718 0.9530
1305031459.1596 -1.2390 -0.3984 0.1852 0.1001 0.0745 0.2755 0.9532
1305031459.1917 -1.2436 -0.4021 0.1955 0.1085 0.0552 0.2828 0.9514
1305031459.2276 -1.2476 -0.4046 0.2045 0.1123 0.0415 0.2943 0.9482
1305031459.2598 -1.2490 -0.3984 0.2205 0.1138 0.0371 0.3035 0.9453
1305031459.3276 -1.2576 -0.3950 0.2452 0.1048 0.0659 0.3319 0.9352
1305031459.3597 -1.2680 -0.3871 0.2636 0.1065 0.0908 0.3506 0.9260
1305031459.3917 -1.2874 -0.3671 0.2768 0.1031 0.1168 0.3741 0.9142
1305031459.4276 -1.2862 -0.3609 0.2894 0.0857 0.1452 0.4081 0.8972
1305031459.4597 -1.3018 -0.3703 0.2916 0.0756 0.1815 0.4434 0.8745
1305031459.5276 -1.3369 -0.3633 0.3056 0.0536 0.2205 0.4995 0.8361
1305031459.5596 -1.3461 -0.3817 0.2976 0.0421 0.2328 0.5245 0.8179
1305031459.5917 -1.3635 -0.3908 0.2987 0.0384 0.2394 0.5404 0.8057
1305031459.6276 -1.3679 -0.4009 0.2992 0.0325 0.2392 0.5508 0.7990
1305031459.6596 -1.3808 -0.4042 0.3035 0.0317 0.2460 0.5505 0.7971
1305031459.6916 -1.3942 -0.4155 0.3090 0.0235 0.2569 0.5543 0.7914
1305031459.7276 -1.3999 -0.4356 0.3115 0.0144 0.2641 0.5570 0.7873
1305031459.7917 -1.4223 -0.4771 0.3192 0.0112 0.2766 0.5503 0.7877
1305031459.8277 -1.4339 -0.4930 0.3255 0.0104 0.2779 0.5476 0.7892
1305031459.8597 -1.4444 -0.5117 0.3316 0.0061 0.2768 0.5466 0.7903
1305031459.8916 -1.4471 -0.5294 0.3376 0.0016 0.2715 0.5500 0.7898
1305031459.9276 -1.4494 -0.5447 0.3437 0.0013 0.2685 0.5530 0.7887
1305031459.9917 -1.4578 -0.5750 0.3561 -0.0029 0.2650 0.5598 0.7851
1305031460.0276 -1.4559 -0.5910 0.3616 -0.0046 0.2641 0.5632 0.7830
1305031460.0597 -1.4598 -0.6087 0.3680 -0.0044 0.2654 0.5645 0.7816
1305031460.0917 -1.4626 -0.6292 0.3747 -0.0025 0.2625 0.5707 0.7781
1305031460.1277 -1.4584 -0.6445 0.3802 0.0041 0.2541 0.5802 0.7738
1305031460.1597 -1.4618 -0.6564 0.3880 0.0124 0.2488 0.5869 0.7704
1305031460.1916 -1.4590 -0.6633 0.3960 0.0141 0.2413 0.5937 0.7675
1305031460.2278 -1.4452 -0.6669 0.4043 0.0144 0.2382 0.5980 0.7651
1305031460.2917 -1.4368 -0.6872 0.4140 0.0120 0.2538 0.5973 0.7607
1305031460.3275 -1.4325 -0.6983 0.4179 0.0106 0.2620 0.5984 0.7571
1305031460.3916 -1.4246 -0.7169 0.4297 0.0015 0.2794 0.6031 0.7472
1305031460.4275 -1.4197 -0.7276 0.4341 -0.0023 0.2891 0.6065 0.7406
1305031460.4596 -1.4165 -0.7326 0.4394 -0.0066 0.3006 0.6090 0.7340
1305031460.4915 -1.4180 -0.7414 0.4441 -0.0153 0.3133 0.6128 0.7253
1305031460.5276 -1.4117 -0.7519 0.4472 -0.0249 0.3212 0.6209 0.7147
1305031460.5596 -1.4044 -0.7613 0.4512 -0.0334 0.3283 0.6238 0.7084
1305031460.5919 -1.4019 -0.7725 0.4555 -0.0395 0.3365 0.6238 0.7044
1305031460.6276 -1.3962 -0.7824 0.4593 -0.0446 0.3432 0.6253 0.6995
1305031460.6598 -1.3952 -0.7950 0.4643 -0.0487 0.3509 0.6237 0.6968
1305031460.6917 -1.3961 -0.8074 0.4713 -0.0530 0.3554 0.6239 0.6940
1305031460.7277 -1.3916 -0.8149 0.4776 -0.0582 0.3559 0.6242 0.6931
1305031460.7597 -1.3854 -0.8243 0.4836 -0.0629 0.3596 0.6227 0.6921
1305031460.7917 -1.3844 -0.8370 0.4921 -0.0669 0.3637 0.6212 0.6909
1305031460.8277 -1.3821 -0.8436 0.5009 -0.0715 0.3643 0.6189 0.6922
1305031460.8597 -1.3775 -0.8493 0.5085 -0.0782 0.3661 0.6167 0.6925
1305031460.8918 -1.3709 -0.8600 0.5173 -0.0870 0.3691 0.6143 0.6920
1305031460.9276 -1.3659 -0.8701 0.5271 -0.0932 0.3701 0.6136 0.6913
1305031460.9917 -1.3430 -0.8842 0.5403 -0.0979 0.3719 0.6158 0.6876
1305031461.0276 -1.3358 -0.8926 0.5494 -0.0973 0.3748 0.6160 0.6860
1305031461.0917 -1.3290 -0.9026 0.5648 -0.0939 0.3744 0.6151 0.6875
1305031461.1276 -1.3167 -0.9063 0.5694 -0.0960 0.3726 0.6142 0.6890
1305031461.1597 -1.3089 -0.9123 0.5771 -0.0944 0.3749 0.6119 0.6900
1305031461.1920 -1.3064 -0.9139 0.5840 -0.0909 0.3765 0.6078 0.6933
1305031461.2276 -1.3015 -0.9177 0.5904 -0.0910 0.3780 0.6054 0.6945
1305031461.2596 -1.2936 -0.9212 0.5968 -0.0900 0.3784 0.6027 0.6968
1305031461.2917 -1.2891 -0.9218 0.6037 -0.0880 0.3796 0.5972 0.7010
1305031461.3278 -1.2845 -0.9187 0.6088 -0.0867 0.3817 0.5930 0.7037
1305031461.3597 -1.2868 -0.9170 0.6162 -0.0902 0.3851 0.5888 0.7049
1305031461.3917 -1.2723 -0.9205 0.6245 -0.0991 0.3828 0.5904 0.7037
1305031461.4276 -1.2648 -0.9198 0.6284 -0.0999 0.3831 0.5886 0.7048
1305031461.4598 -1.2660 -0.9158 0.6328 -0.1019 0.3829 0.5896 0.7038
1305031461.4917 -1.2468 -0.9192 0.6336 -0.1078 0.3803 0.5922 0.7022
1305031461.5277 -1.2481 -0.9159 0.6333 -0.1019 0.3835 0.5892 0.7038
1305031461.5597 -1.2448 -0.9073 0.6282 -0.1020 0.3836 0.5864 0.7061
1305031461.5917 -1.2433 -0.9038 0.6249 -0.1036 0.3906 0.5822 0.7055
1305031461.6275 -1.2429 -0.8991 0.6234 -0.1071 0.3955 0.5813 0.7030
1305031461.6596 -1.2413 -0.8947 0.6224 -0.1103 0.3995 0.5806 0.7008
1305031461.6916 -1.2440 -0.8892 0.6212 -0.1116 0.4024 0.5846 0.6956
1305031461.7276 -1.2389 -0.8816 0.6173 -0.1143 0.4011 0.5901 0.6913
1305031461.7597 -1.2421 -0.8744 0.6103 -0.1144 0.4022 0.5922 0.6888
1305031461.7916 -1.2435 -0.8651 0.6047 -0.1186 0.4025 0.5957 0.6849
1305031461.8276 -1.2432 -0.8567 0.5989 -0.1216 0.4055 0.5992 0.6796
1305031461.8598 -1.2530 -0.8466 0.5955 -0.1224 0.4100 0.6032 0.6731
1305031461.8917 -1.2604 -0.8395 0.5935 -0.1270 0.4111 0.6122 0.6634
1305031461.9278 -1.2592 -0.8298 0.5903 -0.1330 0.4069 0.6214 0.6562
1305031461.9597 -1.2612 -0.8152 0.5790 -0.1382 0.4067 0.6236 0.6531
1305031461.9916 -1.2753 -0.8118 0.5785 -0.1466 0.4134 0.6273 0.6435
1305031462.0277 -1.2756 -0.8134 0.5826 -0.1586 0.4116 0.6369 0.6323
1305031462.0598 -1.2780 -0.8115 0.5833 -0.1621 0.4064 0.6480 0.6234
1305031462.0918 -1.2817 -0.8042 0.5798 -0.1627 0.3996 0.6583 0.6169
1305031462.1277 -1.2889 -0.7952 0.5774 -0.1638 0.3956 0.6658 0.6110
1305031462.1596 -1.2942 -0.7914 0.5767 -0.1673 0.3932 0.6706 0.6064
1305031462.1916 -1.3057 -0.7840 0.5757 -0.1693 0.3922 0.6693 0.6079
1305031462.2276 -1.3159 -0.7800 0.5758 -0.1747 0.3917 0.6693 0.6067
1305031462.2598 -1.3257 -0.7766 0.5780 -0.1806 0.3899 0.6674 0.6082
1305031462.2916 -1.3379 -0.7714 0.5815 -0.1854 0.3872 0.6633 0.6130
1305031462.3597 -1.3635 -0.7657 0.5989 -0.2034 0.3876 0.6483 0.6230
1305031462.5599 -1.4516 -0.7021 0.7199 -0.1920 0.4458 0.5884 0.6467
1305031463.5277 -1.5377 -0.4871 0.6557 -0.1002 0.4349 0.4891 0.7494
1305031463.6276 -1.5341 -0.4582 0.6189 -0.0930 0.4396 0.4840 0.7509
1305031463.6956 -1.5384 -0.4404 0.5900 -0.0806 0.4474 0.4729 0.7548
1305031463.7597 -1.5174 -0.4341 0.5421 -0.0811 0.4462 0.4655 0.7600
1305031463.8278 -1.5101 -0.4282 0.4978 -0.0812 0.4485 0.4463 0.7701
1305031463.8599 -1.5014 -0.4327 0.4740 -0.0841 0.4495 0.4374 0.7743
1305031463.8956 -1.4989 -0.4316 0.4524 -0.0823 0.4514 0.4283 0.7785
1305031463.9597 -1.4859 -0.4375 0.4128 -0.0827 0.4461 0.4184 0.7868
1305031463.9958 -1.4815 -0.4408 0.3905 -0.0799 0.4435 0.4119 0.7920
1305031464.0277 -1.4802 -0.4424 0.3696 -0.0794 0.4409 0.4046 0.7972
1305031464.0597 -1.4704 -0.4483 0.3469 -0.0820 0.4387 0.3973 0.8019
1305031464.0956 -1.4693 -0.4550 0.3290 -0.0814 0.4411 0.3878 0.8052
1305031464.1277 -1.4706 -0.4599 0.3178 -0.0792 0.4427 0.3821 0.8073
1305031464.1598 -1.4653 -0.4692 0.3061 -0.0750 0.4406 0.3798 0.8099
1305031464.1956 -1.4631 -0.4772 0.2936 -0.0655 0.4371 0.3743 0.8152
1305031464.2276 -1.4697 -0.4793 0.2832 -0.0536 0.4321 0.3682 0.8215
1305031464.2596 -1.4750 -0.4788 0.2711 -0.0435 0.4211 0.3658 0.8288
1305031464.2957 -1.4734 -0.4783 0.2544 -0.0377 0.4058 0.3621 0.8383
1305031464.3279 -1.4669 -0.4752 0.2337 -0.0335 0.3921 0.3571 0.8471
1305031464.3597 -1.4575 -0.4778 0.2136 -0.0296 0.3828 0.3526 0.8534
1305031464.3956 -1.4530 -0.4713 0.1915 -0.0244 0.3774 0.3437 0.8596
1305031464.4276 -1.4498 -0.4674 0.1740 -0.0241 0.3767 0.3342 0.8636
1305031464.4597 -1.4458 -0.4722 0.1572 -0.0242 0.3751 0.3261 0.8674
1305031464.4956 -1.4400 -0.4681 0.1358 -0.0224 0.3724 0.3196 0.8710
1305031464.5276 -1.4395 -0.4658 0.1176 -0.0221 0.3729 0.3117 0.8737
1305031464.5597 -1.4314 -0.4668 0.0957 -0.0271 0.3693 0.3016 0.8786
1305031464.5957 -1.4134 -0.4801 0.0662 -0.0309 0.3712 0.2915 0.8811
1305031464.6277 -1.4072 -0.4829 0.0433 -0.0261 0.3827 0.2802 0.8800
1305031464.6597 -1.4009 -0.4858 0.0252 -0.0231 0.3943 0.2649 0.8797
1305031464.6957 -1.3872 -0.5023 0.0111 -0.0201 0.4053 0.2463 0.8802
1305031464.7277 -1.3894 -0.5053 0.0061 -0.0083 0.4151 0.2251 0.8815
1305031464.7597 -1.3925 -0.4961 -0.0010 0.0009 0.4166 0.2033 0.8860
1305031464.7960 -1.3875 -0.5051 0.0010 0.0026 0.4138 0.1848 0.8914
1305031464.8278 -1.3855 -0.5066 0.0051 0.0114 0.4051 0.1689 0.8984
1305031464.8597 -1.3815 -0.4916 -0.0013 0.0192 0.3896 0.1530 0.9080
1305031464.8958 -1.3682 -0.4839 -0.0111 0.0160 0.3718 0.1351 0.9183
1305031464.9278 -1.3432 -0.4986 -0.0197 0.0072 0.3571 0.1170 0.9267
1305031464.9598 -1.3196 -0.5086 -0.0258 0.0047 0.3496 0.0997 0.9316
1305031464.9957 -1.3017 -0.5012 -0.0303 0.0070 0.3465 0.0805 0.9346
1305031465.0278 -1.2883 -0.4963 -0.0197 0.0054 0.3463 0.0585 0.9363
1305031465.0597 -1.2862 -0.4740 0.0012 0.0103 0.3434 0.0375 0.9384
1305031465.0957 -1.2804 -0.4249 0.0088 0.0106 0.3312 0.0224 0.9432
1305031465.1277 -1.2621 -0.4066 0.0166 -0.0072 0.3154 0.0123 0.9489
1305031465.1598 -1.2438 -0.3996 0.0301 -0.0249 0.3020 0.0080 0.9529
1305031465.1956 -1.2239 -0.3900 0.0398 -0.0376 0.2895 0.0043 0.9564
1305031465.2279 -1.2073 -0.3687 0.0474 -0.0472 0.2793 0.0018 0.9590
1305031465.2598 -1.1905 -0.3635 0.0627 -0.0593 0.2704 0.0039 0.9609
1305031465.3277 -1.1686 -0.3270 0.0797 -0.0614 0.2529 0.0276 0.9652
1305031465.3956 -1.1360 -0.3113 0.0832 -0.0577 0.2231 0.0514 0.9717
1305031465.4277 -1.1138 -0.2960 0.0719 -0.0504 0.2092 0.0624 0.9746
1305031465.4601 -1.0991 -0.2753 0.0621 -0.0418 0.1992 0.0751 0.9762
1305031465.4957 -1.0841 -0.2524 0.0510 -0.0384 0.1889 0.0853 0.9775
1305031465.5276 -1.0658 -0.2500 0.0448 -0.0407 0.1792 0.0900 0.9788
1305031465.5598 -1.0503 -0.2371 0.0313 -0.0329 0.1715 0.0945 0.9801
1305031465.5956 -1.0349 -0.2174 0.0150 -0.0244 0.1671 0.1019 0.9804
1305031465.6277 -1.0297 -0.1997 0.0045 -0.0171 0.1656 0.1098 0.9799
1305031465.6601 -1.0211 -0.1843 -0.0070 -0.0104 0.1580 0.1172 0.9804
1305031465.6957 -0.9993 -0.1643 -0.0239 -0.0020 0.1491 0.1233 0.9811
1305031465.7277 -0.9869 -0.1439 -0.0375 0.0077 0.1467 0.1307 0.9805
1305031465.7598 -0.9750 -0.1190 -0.0510 0.0181 0.1432 0.1376 0.9799
1305031465.7959 -0.9587 -0.0972 -0.0632 0.0252 0.1399 0.1429 0.9795
1305031465.8280 -0.9432 -0.0811 -0.0752 0.0342 0.1374 0.1469 0.9790
1305031465.8599 -0.9319 -0.0484 -0.0898 0.0480 0.1367 0.1486 0.9782
1305031465.8955 -0.9144 -0.0189 -0.1007 0.0522 0.1399 0.1502 0.9773
1305031465.9275 -0.8982 -0.0028 -0.1105 0.0558 0.1469 0.1503 0.9761
1305031465.9597 -0.8889 0.0217 -0.1228 0.0654 0.1559 0.1465 0.9746
1305031465.9958 -0.8880 0.0456 -0.1336 0.0713 0.1648 0.1406 0.9736
1305031466.0276 -0.8851 0.0704 -0.1479 0.0766 0.1681 0.1373 0.9732
1305031466.0598 -0.8846 0.0966 -0.1567 0.0759 0.1714 0.1376 0.9726
1305031466.0958 -0.8828 0.1147 -0.1673 0.0713 0.1702 0.1388 0.9730
1305031466.1276 -0.8786 0.1337 -0.1791 0.0665 0.1654 0.1400 0.9740
1305031466.1604 -0.8786 0.1501 -0.1935 0.0624 0.1607 0.1428 0.9746
1305031466.1958 -0.8799 0.1688 -0.2086 0.0567 0.1525 0.1445 0.9760
1305031466.2280 -0.8699 0.1806 -0.2235 0.0459 0.1413 0.1426 0.9786
1305031466.2598 -0.8511 0.1856 -0.2413 0.0403 0.1351 0.1367 0.9805
1305031466.2957 -0.8407 0.2005 -0.2608 0.0404 0.1388 0.1248 0.9816
1305031466.3277 -0.8379 0.2143 -0.2807 0.0380 0.1489 0.1151 0.9814
1305031466.3598 -0.8347 0.2225 -0.2980 0.0301 0.1571 0.1105 0.9809
1305031466.3958 -0.8281 0.2173 -0.3131 0.0257 0.1605 0.1069 0.9809
1305031466.4278 -0.8284 0.2302 -0.3314 0.0322 0.1601 0.1011 0.9814
1305031466.4598 -0.8222 0.2456 -0.3487 0.0327 0.1549 0.0969 0.9826
1305031466.4958 -0.8067 0.2567 -0.3643 0.0291 0.1491 0.0972 0.9836
1305031466.5275 -0.7862 0.2648 -0.3786 0.0263 0.1481 0.0980 0.9838
1305031466.5604 -0.7796 0.2798 -0.3939 0.0246 0.1526 0.0959 0.9833
1305031466.5959 -0.7668 0.2940 -0.4061 0.0167 0.1516 0.0944 0.9838
1305031466.6275 -0.7408 0.2899 -0.4166 0.0068 0.1499 0.0926 0.9843
1305031466.6597 -0.7263 0.2988 -0.4295 0.0115 0.1529 0.0865 0.9844
1305031466.6958 -0.7198 0.3181 -0.4425 0.0129 0.1530 0.0780 0.9851
1305031466.7281 -0.6991 0.3266 -0.4497 0.0054 0.1477 0.0710 0.9865
1305031466.7596 -0.6772 0.3257 -0.4564 0.0043 0.1461 0.0636 0.9872
1305031466.7956 -0.6685 0.3391 -0.4699 0.0108 0.1455 0.0570 0.9877
1305031466.8279 -0.6557 0.3490 -0.4806 0.0084 0.1402 0.0550 0.9886
1305031466.8597 -0.6429 0.3490 -0.4848 0.0062 0.1341 0.0566 0.9893
1305031466.8957 -0.6308 0.3538 -0.4959 0.0106 0.1223 0.0554 0.9909
1305031466.9278 -0.6161 0.3594 -0.5082 0.0125 0.1074 0.0540 0.9927
1305031466.9597 -0.5994 0.3633 -0.5155 0.0141 0.0972 0.0525 0.9938
1305031466.9957 -0.5860 0.3675 -0.5277 0.0148 0.0922 0.0494 0.9944
1305031467.0278 -0.5737 0.3719 -0.5380 0.0148 0.0880 0.0452 0.9950
1305031467.0597 -0.5607 0.3775 -0.5483 0.0150 0.0851 0.0414 0.9954
1305031467.0957 -0.5495 0.3821 -0.5610 0.0121 0.0834 0.0373 0.9957
1305031467.1290 -0.5385 0.3858 -0.5671 0.0110 0.0804 0.0273 0.9963
1305031467.1597 -0.5275 0.3902 -0.5758 0.0119 0.0771 0.0193 0.9968
1305031467.1957 -0.5195 0.3939 -0.5860 0.0126 0.0728 0.0147 0.9972
1305031467.2277 -0.5104 0.3983 -0.5935 0.0134 0.0666 0.0086 0.9977
1305031467.2597 -0.5001 0.4029 -0.6007 0.0152 0.0616 0.0034 0.9980
1305031467.2958 -0.4921 0.4064 -0.6113 0.0166 0.0571 -0.0032 0.9982
1305031467.3280 -0.4829 0.4106 -0.6232 0.0174 0.0516 -0.0081 0.9985
1305031467.3597 -0.4724 0.4165 -0.6356 0.0153 0.0444 -0.0088 0.9989
1305031467.3958 -0.4632 0.4239 -0.6436 0.0112 0.0371 -0.0131 0.9992
1305031467.4278 -0.4531 0.4284 -0.6499 0.0102 0.0315 -0.0164 0.9993
1305031467.4597 -0.4437 0.4312 -0.6630 0.0102 0.0250 -0.0179 0.9995
1305031467.4961 -0.4345 0.4373 -0.6763 0.0066 0.0179 -0.0224 0.9996
1305031467.5277 -0.4227 0.4460 -0.6792 0.0030 0.0143 -0.0281 0.9995
1305031467.5598 -0.4096 0.4489 -0.6838 0.0034 0.0128 -0.0303 0.9995
1305031467.5960 -0.3992 0.4507 -0.6929 0.0033 0.0111 -0.0287 0.9995
1305031467.6275 -0.3887 0.4434 -0.6931 0.0043 0.0066 -0.0254 0.9996
1305031467.6596 -0.3767 0.4456 -0.6996 0.0122 0.0024 -0.0233 0.9997
1305031467.6959 -0.3660 0.4478 -0.7025 0.0155 -0.0004 -0.0265 0.9995
1305031467.7275 -0.3541 0.4428 -0.6946 0.0190 -0.0020 -0.0328 0.9993
1305031467.7599 -0.3433 0.4432 -0.6913 0.0259 -0.0032 -0.0361 0.9990
1305031467.7961 -0.3343 0.4482 -0.6866 0.0320 -0.0043 -0.0411 0.9986
1305031467.8278 -0.3256 0.4459 -0.6671 0.0386 -0.0055 -0.0430 0.9983
1305031467.8597 -0.3153 0.4417 -0.6580 0.0473 -0.0087 -0.0418 0.9980
1305031467.8959 -0.3082 0.4415 -0.6528 0.0540 -0.0140 -0.0438 0.9975
1305031467.9278 -0.2973 0.4373 -0.6353 0.0585 -0.0208 -0.0476 0.9969
1305031467.9598 -0.2849 0.4302 -0.6207 0.0656 -0.0252 -0.0503 0.9963
1305031467.9958 -0.2737 0.4337 -0.6145 0.0706 -0.0261 -0.0549 0.9956
1305031468.0281 -0.2639 0.4238 -0.5904 0.0687 -0.0261 -0.0578 0.9956
1305031468.0598 -0.2558 0.4134 -0.5720 0.0736 -0.0269 -0.0615 0.9950
1305031468.0959 -0.2440 0.4112 -0.5644 0.0770 -0.0297 -0.0644 0.9945
1305031468.1278 -0.2318 0.4010 -0.5440 0.0760 -0.0321 -0.0653 0.9945
1305031468.1599 -0.2193 0.3923 -0.5301 0.0782 -0.0337 -0.0691 0.9940
1305031468.1960 -0.2070 0.3858 -0.5155 0.0784 -0.0341 -0.0727 0.9937
1305031468.2282 -0.1950 0.3734 -0.4995 0.0771 -0.0331 -0.0722 0.9939
1305031468.2598 -0.1818 0.3629 -0.4854 0.0777 -0.0313 -0.0706 0.9940
1305031468.2958 -0.1721 0.3519 -0.4714 0.0774 -0.0282 -0.0709 0.9941
1305031468.3278 -0.1608 0.3344 -0.4571 0.0789 -0.0256 -0.0690 0.9942
1305031468.3598 -0.1505 0.3271 -0.4515 0.0840 -0.0219 -0.0653 0.9941
1305031468.4598 -0.1236 0.2852 -0.4327 0.0774 -0.0211 -0.0609 0.9949
1305031468.5278 -0.1110 0.2525 -0.4167 0.0736 -0.0180 -0.0658 0.9950
1305031468.5597 -0.1090 0.2362 -0.4126 0.0786 -0.0170 -0.0750 0.9939
1305031468.6596 -0.1085 0.1877 -0.4017 0.0726 -0.0217 -0.0825 0.9937
1305031468.6958 -0.1087 0.1708 -0.3976 0.0771 -0.0276 -0.0869 0.9928
1305031468.7278 -0.1076 0.1599 -0.3935 0.0829 -0.0335 -0.0894 0.9920
1305031468.7596 -0.1065 0.1460 -0.3868 0.0848 -0.0381 -0.0903 0.9916
1305031468.7958 -0.1052 0.1239 -0.3804 0.0865 -0.0406 -0.0957 0.9908
1305031468.8292 -0.1070 0.1102 -0.3766 0.0937 -0.0415 -0.1035 0.9893
1305031468.9281 -0.1008 0.0827 -0.3608 0.0889 -0.0317 -0.1062 0.9899
1305031468.9957 -0.1104 0.0891 -0.3549 0.0719 -0.0216 -0.1038 0.9918
1305031469.0598 -0.1157 0.0624 -0.3372 0.0351 -0.0199 -0.1104 0.9931
1305031469.1597 -0.0955 0.0428 -0.3030 -0.0045 -0.0117 -0.1312 0.9913
1305031469.2278 -0.1022 0.0271 -0.2805 -0.0215 0.0045 -0.1366 0.9904
1305031469.2968 -0.0987 0.0254 -0.2561 -0.0320 0.0105 -0.1409 0.9894
1305031469.3276 -0.0989 0.0284 -0.2451 -0.0370 0.0137 -0.1415 0.9891
1305031469.3596 -0.0865 0.0269 -0.2299 -0.0451 0.0148 -0.1445 0.9884
1305031469.3957 -0.0814 0.0237 -0.2155 -0.0496 0.0250 -0.1491 0.9873
1305031469.4277 -0.0825 0.0309 -0.2037 -0.0500 0.0378 -0.1551 0.9859
1305031469.4597 -0.0855 0.0370 -0.1885 -0.0524 0.0484 -0.1620 0.9842
1305031469.4957 -0.0933 0.0433 -0.1720 -0.0542 0.0562 -0.1655 0.9831
1305031469.5276 -0.0945 0.0533 -0.1608 -0.0563 0.0566 -0.1654 0.9830
1305031469.5596 -0.0895 0.0618 -0.1471 -0.0619 0.0540 -0.1643 0.9830
1305031469.6596 -0.0857 0.0851 -0.1039 -0.0850 0.0566 -0.1582 0.9821
1305031469.7596 -0.0891 0.1196 -0.0644 -0.0985 0.0684 -0.1495 0.9815
1305031469.9279 -0.1315 0.1764 0.0033 -0.1255 0.0692 -0.1326 0.9808
1305031470.1276 -0.2014 0.2481 0.0518 -0.1359 0.0630 -0.1198 0.9814
1305031470.2957 -0.2700 0.2949 0.0800 -0.1537 0.0605 -0.1011 0.9811
1305031470.4597 -0.3435 0.3246 0.1077 -0.1740 0.0531 -0.0873 0.9794
1305031470.6277 -0.4012 0.3647 0.1226 -0.1604 0.0478 -0.0746 0.9831
1305031470.8278 -0.4620 0.3740 0.1463 -0.1631 0.0557 -0.0512 0.9837
1305031470.8596 -0.4715 0.3743 0.1486 -0.1571 0.0562 -0.0474 0.9848
1305031470.8957 -0.4831 0.3763 0.1500 -0.1504 0.0575 -0.0428 0.9860
1305031470.9277 -0.4922 0.3770 0.1539 -0.1437 0.0551 -0.0394 0.9873
1305031470.9596 -0.5010 0.3750 0.1562 -0.1331 0.0527 -0.0378 0.9890
1305031470.9960 -0.5076 0.3756 0.1558 -0.1222 0.0517 -0.0365 0.9905
1305031471.0276 -0.5142 0.3736 0.1578 -0.1124 0.0534 -0.0357 0.9916
1305031471.0596 -0.5235 0.3724 0.1585 -0.1011 0.0582 -0.0328 0.9926
1305031471.0958 -0.5326 0.3738 0.1584 -0.0895 0.0610 -0.0272 0.9937
1305031471.1277 -0.5397 0.3718 0.1592 -0.0817 0.0612 -0.0217 0.9945
1305031471.1596 -0.5456 0.3705 0.1576 -0.0745 0.0622 -0.0162 0.9951
1305031471.1957 -0.5513 0.3705 0.1573 -0.0701 0.0651 -0.0105 0.9954
1305031471.2276 -0.5589 0.3696 0.1586 -0.0688 0.0691 -0.0054 0.9952
1305031471.2597 -0.5643 0.3657 0.1609 -0.0699 0.0706 -0.0015 0.9951
1305031471.2961 -0.5686 0.3613 0.1627 -0.0693 0.0723 0.0028 0.9950
1305031471.3276 -0.5714 0.3601 0.1609 -0.0651 0.0758 0.0056 0.9950
1305031471.3596 -0.5756 0.3604 0.1598 -0.0639 0.0835 0.0082 0.9944
1305031471.3957 -0.5822 0.3524 0.1626 -0.0665 0.0919 0.0140 0.9934
1305031471.4277 -0.5902 0.3490 0.1608 -0.0630 0.0961 0.0208 0.9932
1305031471.4596 -0.5950 0.3494 0.1586 -0.0606 0.0958 0.0256 0.9932
1305031471.5276 -0.6040 0.3450 0.1569 -0.0615 0.0971 0.0346 0.9928
1305031471.5597 -0.6074 0.3438 0.1548 -0.0622 0.0989 0.0366 0.9925
1305031471.5957 -0.6106 0.3406 0.1520 -0.0639 0.1031 0.0393 0.9918
1305031471.6276 -0.6142 0.3337 0.1484 -0.0681 0.1077 0.0418 0.9910
1305031471.6596 -0.6172 0.3238 0.1455 -0.0732 0.1121 0.0459 0.9899
1305031471.9277 -0.6249 0.3020 0.1324 -0.0893 0.1271 0.0665 0.9856
1305031472.1957 -0.6616 0.3127 0.1546 -0.1010 0.1673 0.0960 0.9760
1305031472.2957 -0.6807 0.3248 0.1687 -0.0784 0.1860 0.0935 0.9749
1305031472.5636 -0.6820 0.3101 0.1682 -0.0635 0.1860 0.0964 0.9757
1305031472.7956 -0.6664 0.2935 0.1649 -0.0509 0.1823 0.0983 0.9770
