1305031453.3917 0.0000 0.0000 0.0000 0.0000 0.0000 0.0000 1.0000
1305031453.5237 0.0083 0.0189 -0.0424 0.0166 0.0239 0.0348 0.9990
1305031453.6277 0.0055 0.0277 -0.0828 0.0345 0.0296 0.0490 0.9978
1305031453.7277 -0.0006 0.0467 -0.1254 0.0513 0.0135 0.0387 0.9978
1305031453.8597 -0.0409 0.0689 -0.1725 0.0624 -0.0223 0.0083 0.9978
1305031453.9277 -0.0561 0.0726 -0.1886 0.0580 -0.0587 -0.0027 0.9966
1305031453.9596 -0.0609 0.0761 -0.1893 0.0563 -0.0753 -0.0105 0.9955
1305031453.9916 -0.0677 0.0776 -0.1912 0.0561 -0.0884 -0.0193 0.9943
1305031454.0277 -0.0792 0.0785 -0.1913 0.0575 -0.1009 -0.0258 0.9929
1305031454.0597 -0.0980 0.0838 -0.1899 0.0591 -0.1097 -0.0338 0.9916
1305031454.0917 -0.1128 0.0918 -0.1770 0.0633 -0.1210 -0.0416 0.9898
1305031454.1277 -0.1349 0.0995 -0.1676 0.0697 -0.1326 -0.0547 0.9872
1305031454.1597 -0.1495 0.1015 -0.1665 0.0700 -0.1462 -0.0646 0.9847
1305031454.1917 -0.1568 0.1093 -0.1591 0.0717 -0.1640 -0.0756 0.9809
1305031454.2277 -0.1876 0.1238 -0.1481 0.0811 -0.1754 -0.0931 0.9767
1305031454.2596 -0.2040 0.1329 -0.1455 0.0875 -0.1855 -0.1059 0.9730
1305031454.2916 -0.2049 0.1345 -0.1414 0.0867 -0.1970 -0.1158 0.9697
1305031454.3277 -0.2227 0.1408 -0.1424 0.0900 -0.2044 -0.1281 0.9663
1305031454.3596 -0.2322 0.1495 -0.1445 0.0979 -0.2148 -0.1422 0.9613
1305031454.3917 -0.2344 0.1567 -0.1402 0.1010 -0.2254 -0.1502 0.9573
1305031454.4275 -0.2432 0.1589 -0.1428 0.1005 -0.2374 -0.1594 0.9530
1305031454.4599 -0.2385 0.1644 -0.1363 0.1042 -0.2522 -0.1688 0.9471
1305031454.4916 -0.2259 0.1597 -0.1285 0.1046 -0.2649 -0.1813 0.9413
1305031454.5277 -0.2193 0.1623 -0.1282 0.1041 -0.2761 -0.1947 0.9354
1305031454.5596 -0.2214 0.1647 -0.1273 0.1016 -0.2841 -0.2086 0.9303
1305031454.5916 -0.2221 0.1669 -0.1260 0.1001 -0.2970 -0.2193 0.9240
1305031454.6276 -0.2271 0.1767 -0.1260 0.1007 -0.3093 -0.2289 0.9175
1305031454.6595 -0.2302 0.1908 -0.1199 0.1008 -0.3214 -0.2350 0.9118
1305031454.6919 -0.2317 0.1973 -0.1161 0.0973 -0.3365 -0.2410 0.9051
1305031454.7277 -0.2323 0.2031 -0.1143 0.0952 -0.3502 -0.2464 0.8987
1305031454.7597 -0.2282 0.1917 -0.1036 0.0825 -0.3601 -0.2429 0.8970
1305031454.7916 -0.2254 0.1915 -0.1019 0.0782 -0.3628 -0.2384 0.8975
1305031454.8276 -0.2180 0.1961 -0.0937 0.0736 -0.3669 -0.2313 0.8980
1305031454.8596 -0.2163 0.2008 -0.0868 0.0677 -0.3665 -0.2239 0.9005
1305031454.8918 -0.2136 0.2068 -0.0851 0.0628 -0.3636 -0.2150 0.9042
1305031454.9276 -0.2128 0.2159 -0.0811 0.0601 -0.3612 -0.2088 0.9068
1305031454.9596 -0.2125 0.2205 -0.0814 0.0554 -0.3579 -0.2030 0.9097
1305031454.9919 -0.2162 0.2245 -0.0837 0.0524 -0.3559 -0.1986 0.9117
1305031455.0278 -0.2164 0.2299 -0.0845 0.0516 -0.3555 -0.1961 0.9124
1305031455.0596 -0.2164 0.2299 -0.0875 0.0492 -0.3540 -0.1955 0.9133
1305031455.0917 -0.2182 0.2335 -0.0897 0.0500 -0.3524 -0.1951 0.9139
1305031455.1277 -0.2197 0.2381 -0.0940 0.0505 -0.3498 -0.1945 0.9150
1305031455.1597 -0.2244 0.2435 -0.0984 0.0492 -0.3469 -0.1914 0.9168
1305031455.1917 -0.2301 0.2443 -0.1075 0.0452 -0.3434 -0.1888 0.9189
1305031455.2276 -0.2378 0.2482 -0.1127 0.0446 -0.3403 -0.1859 0.9207
1305031455.2596 -0.2390 0.2539 -0.1165 0.0421 -0.3383 -0.1812 0.9225
1305031455.2918 -0.2462 0.2445 -0.1181 0.0276 -0.3364 -0.1735 0.9252
1305031455.3278 -0.2552 0.2500 -0.1297 0.0219 -0.3326 -0.1650 0.9283
1305031455.3596 -0.2566 0.2592 -0.1239 0.0141 -0.3352 -0.1554 0.9291
1305031455.3917 -0.2648 0.2477 -0.1210 -0.0032 -0.3322 -0.1485 0.9314
1305031455.4276 -0.2751 0.2474 -0.1331 -0.0115 -0.3252 -0.1408 0.9350
1305031455.4596 -0.2861 0.2457 -0.1444 -0.0166 -0.3208 -0.1352 0.9373
1305031455.4916 -0.2996 0.2504 -0.1571 -0.0208 -0.3154 -0.1271 0.9402
1305031455.5276 -0.3175 0.2469 -0.1721 -0.0272 -0.3100 -0.1172 0.9431
1305031455.5597 -0.3340 0.2487 -0.1909 -0.0296 -0.3078 -0.1068 0.9450
1305031455.5916 -0.3480 0.2535 -0.2083 -0.0325 -0.3062 -0.0944 0.9467
1305031455.6276 -0.3661 0.2490 -0.2123 -0.0391 -0.3049 -0.0833 0.9479
1305031455.6596 -0.3786 0.2486 -0.2242 -0.0379 -0.3028 -0.0773 0.9492
1305031455.6916 -0.3862 0.2480 -0.2373 -0.0351 -0.3018 -0.0789 0.9494
1305031455.7276 -0.3923 0.2443 -0.2477 -0.0346 -0.2999 -0.0811 0.9499
1305031455.7597 -0.3982 0.2393 -0.2563 -0.0353 -0.2969 -0.0823 0.9507
1305031455.7917 -0.4064 0.2328 -0.2610 -0.0352 -0.2947 -0.0808 0.9515
1305031455.8276 -0.4098 0.2310 -0.2689 -0.0345 -0.2943 -0.0795 0.9518
1305031455.8595 -0.4167 0.2254 -0.2793 -0.0356 -0.2926 -0.0795 0.9523
1305031455.8917 -0.4190 0.2211 -0.2870 -0.0364 -0.2920 -0.0793 0.9524
1305031455.9280 -0.4243 0.2164 -0.2944 -0.0375 -0.2898 -0.0800 0.9530
1305031455.9597 -0.4277 0.2147 -0.3020 -0.0372 -0.2878 -0.0808 0.9535
1305031455.9917 -0.4309 0.2118 -0.3076 -0.0387 -0.2857 -0.0815 0.9541
1305031456.0278 -0.4337 0.2140 -0.3174 -0.0404 -0.2818 -0.0843 0.9549
1305031456.0597 -0.4438 0.1981 -0.3220 -0.0508 -0.2777 -0.0932 0.9548
1305031456.0917 -0.4513 0.1914 -0.3248 -0.0544 -0.2750 -0.0965 0.9551
1305031456.1276 -0.4563 0.1875 -0.3288 -0.0550 -0.2725 -0.0974 0.9556
1305031456.1597 -0.4625 0.1851 -0.3303 -0.0550 -0.2688 -0.0974 0.9567
1305031456.1917 -0.4708 0.1682 -0.3325 -0.0544 -0.2630 -0.0964 0.9584
1305031456.2277 -0.4784 0.1655 -0.3381 -0.0545 -0.2545 -0.0926 0.9611
1305031456.2917 -0.4863 0.1353 -0.3305 -0.0626 -0.2388 -0.0850 0.9653
1305031456.3277 -0.5037 0.1252 -0.3285 -0.0632 -0.2271 -0.0783 0.9687
1305031456.3916 -0.5118 0.1081 -0.3178 -0.0654 -0.2092 -0.0684 0.9733
1305031456.4277 -0.5267 0.1107 -0.3216 -0.0596 -0.1985 -0.0597 0.9765
1305031456.4917 -0.5610 0.1291 -0.3181 -0.0628 -0.1913 -0.0445 0.9785
1305031456.5276 -0.5807 0.1364 -0.3128 -0.0652 -0.1904 -0.0402 0.9787
1305031456.5917 -0.6033 0.1414 -0.3073 -0.0673 -0.1855 -0.0318 0.9798
1305031456.6276 -0.6081 0.1606 -0.3022 -0.0755 -0.1834 -0.0269 0.9798
1305031456.6916 -0.6457 0.1470 -0.2822 -0.0916 -0.1736 -0.0150 0.9804
1305031456.7916 -0.7090 0.1509 -0.2701 -0.0996 -0.1755 0.0047 0.9794
1305031457.0276 -0.7975 0.1846 -0.2353 -0.1164 -0.1538 0.0379 0.9805
1305031457.1917 -0.8535 0.1843 -0.2531 -0.1323 -0.1209 0.0619 0.9819
1305031457.2917 -0.8791 0.1734 -0.2763 -0.1289 -0.1001 0.0813 0.9832
1305031457.3917 -0.9059 0.1603 -0.3125 -0.1248 -0.0686 0.1003 0.9847
1305031457.4917 -0.9425 0.1333 -0.3458 -0.1280 -0.0529 0.1142 0.9838
1305031457.5597 -0.9555 0.1211 -0.3725 -0.1209 -0.0452 0.1247 0.9838
1305031457.6596 -0.9898 0.1108 -0.4057 -0.1144 -0.0353 0.1364 0.9834
1305031457.7277 -1.0179 0.0805 -0.4176 -0.1238 -0.0300 0.1347 0.9827
1305031457.7916 -1.0266 0.0545 -0.4289 -0.1150 -0.0251 0.1334 0.9840
1305031457.8277 -1.0300 0.0670 -0.4444 -0.0990 -0.0205 0.1386 0.9852
1305031457.8916 -1.0606 0.0414 -0.4489 -0.0896 -0.0022 0.1372 0.9865
1305031457.9276 -1.0738 0.0383 -0.4554 -0.0753 0.0033 0.1435 0.9868
1305031457.9916 -1.1017 0.0207 -0.4623 -0.0636 0.0076 0.1486 0.9868
1305031458.0278 -1.1082 0.0178 -0.4640 -0.0515 0.0112 0.1529 0.9868
1305031458.0597 -1.1231 0.0273 -0.4660 -0.0409 0.0162 0.1548 0.9870
1305031458.0917 -1.1308 0.0287 -0.4638 -0.0402 0.0181 0.1556 0.9868
1305031458.1276 -1.1378 0.0264 -0.4625 -0.0405 0.0199 0.1559 0.9867
1305031458.1596 -1.1551 0.0177 -0.4566 -0.0402 0.0234 0.1577 0.9864
1305031458.1916 -1.1781 0.0164 -0.4509 -0.0391 0.0264 0.1604 0.9859
1305031458.2276 -1.1995 0.0037 -0.4308 -0.0467 0.0254 0.1606 0.9856
1305031458.2599 -1.2173 -0.0258 -0.4217 -0.0521 0.0242 0.1574 0.9859
1305031458.2917 -1.2384 -0.0222 -0.4205 -0.0400 0.0201 0.1596 0.9862
1305031458.3276 -1.2585 -0.0293 -0.4146 -0.0390 0.0147 0.1603 0.9862
1305031458.3596 -1.2647 -0.0611 -0.4003 -0.0392 0.0091 0.1648 0.9855
1305031458.3916 -1.2864 -0.0514 -0.3918 -0.0236 0.0078 0.1702 0.9851
1305031458.4276 -1.2907 -0.0451 -0.3762 -0.0147 0.0063 0.1805 0.9834
1305031458.4596 -1.2888 -0.0459 -0.3635 -0.0031 0.0084 0.1882 0.9821
1305031458.4917 -1.2850 -0.0503 -0.3544 0.0147 0.0137 0.1887 0.9818
1305031458.5277 -1.2952 -0.0373 -0.3500 0.0342 0.0208 0.1857 0.9818
1305031458.5596 -1.3038 -0.0295 -0.3416 0.0420 0.0262 0.1837 0.9817
1305031458.5916 -1.3068 -0.0475 -0.3295 0.0439 0.0299 0.1799 0.9823
1305031458.6277 -1.3231 -0.0271 -0.3159 0.0507 0.0317 0.1757 0.9826
1305031458.6596 -1.3275 -0.0335 -0.2905 0.0443 0.0247 0.1811 0.9821
1305031458.6917 -1.3280 -0.0348 -0.2692 0.0388 0.0056 0.1762 0.9836
1305031458.7276 -1.3327 -0.0335 -0.2499 0.0414 -0.0095 0.1714 0.9843
1305031458.7599 -1.3418 -0.0343 -0.2414 0.0472 -0.0234 0.1638 0.9851
1305031458.7916 -1.3465 -0.0183 -0.2224 0.0531 -0.0401 0.1555 0.9856
1305031458.8276 -1.3492 -0.0218 -0.1974 0.0487 -0.0481 0.1548 0.9856
1305031458.8917 -1.3515 -0.0251 -0.1719 0.0569 -0.0528 0.1466 0.9861
1305031458.9276 -1.3632 -0.0250 -0.1691 0.0551 -0.0461 0.1490 0.9862
1305031458.9596 -1.3663 -0.0311 -0.1594 0.0458 -0.0430 0.1602 0.9851
1305031458.9916 -1.3717 -0.0538 -0.1600 0.0426 -0.0394 0.1605 0.9853
1305031459.0277 -1.4058 -0.0479 -0.1508 0.0605 -0.0348 0.1600 0.9846
1305031459.0596 -1.4245 -0.0596 -0.1533 0.0659 -0.0415 0.1708 0.9822
1305031459.1276 -1.4616 -0.1690 -0.3624 0.0553 -0.0543 0.1631 0.9836
1305031459.1596 -1.4688 -0.1768 -0.3549 0.0610 -0.0816 0.1659 0.9809
1305031459.1917 -1.4784 -0.1749 -0.3398 0.0658 -0.0998 0.1711 0.9780
1305031459.2276 -1.4826 -0.1770 -0.3239 0.0668 -0.1148 0.1795 0.9748
1305031459.2598 -1.4998 -0.1712 -0.3032 0.0691 -0.1144 0.1842 0.9738
1305031459.3276 -1.5136 -0.1666 -0.2764 0.0592 -0.0858 0.2065 0.9729
1305031459.3597 -1.5213 -0.1630 -0.2665 0.0584 -0.0633 0.2269 0.9701
1305031459.3917 -1.5354 -0.1453 -0.2581 0.0552 -0.0374 0.2483 0.9664
1305031459.4276 -1.5331 -0.1400 -0.2403 0.0369 -0.0078 0.2827 0.9585
1305031459.4597 -1.5445 -0.1515 -0.2471 0.0226 0.0304 0.3207 0.9464
1305031459.5276 -1.5478 -0.1188 -0.1383 0.0193 0.0235 0.3115 0.9498
1305031459.5596 -1.5531 -0.1286 -0.1343 0.0056 0.0388 0.3386 0.9401
1305031459.5917 -1.5655 -0.1345 -0.1394 -0.0022 0.0468 0.3584 0.9324
1305031459.6276 -1.5636 -0.1283 -0.1264 -0.0062 0.0432 0.3691 0.9284
1305031459.6596 -1.5732 -0.1268 -0.1280 -0.0060 0.0481 0.3686 0.9283
1305031459.6916 -1.5907 -0.1335 -0.1291 -0.0109 0.0620 0.3718 0.9262
1305031459.7276 -1.5982 -0.1459 -0.1305 -0.0177 0.0677 0.3727 0.9253
1305031459.7917 -1.6299 -0.1716 -0.1320 -0.0177 0.0782 0.3671 0.9267
1305031459.8277 -1.6435 -0.1894 -0.1334 -0.0212 0.0792 0.3667 0.9267
1305031459.8597 -1.6599 -0.2007 -0.1319 -0.0239 0.0786 0.3658 0.9271
1305031459.8916 -1.6729 -0.2142 -0.1281 -0.0277 0.0751 0.3671 0.9267
1305031459.9276 -1.6872 -0.2311 -0.1273 -0.0297 0.0753 0.3692 0.9258
1305031459.9917 -1.7011 -0.2572 -0.1186 -0.0374 0.0699 0.3774 0.9226
1305031460.0276 -1.7118 -0.2679 -0.1114 -0.0384 0.0714 0.3782 0.9222
1305031460.0597 -1.7197 -0.2902 -0.1136 -0.0424 0.0723 0.3831 0.9199
1305031460.0917 -1.7292 -0.3133 -0.1142 -0.0449 0.0686 0.3904 0.9170
1305031460.1277 -1.7395 -0.3176 -0.1081 -0.0380 0.0597 0.3952 0.9159
1305031460.1597 -1.7485 -0.3262 -0.1041 -0.0334 0.0517 0.4001 0.9144
1305031460.1916 -1.7536 -0.3344 -0.0962 -0.0343 0.0458 0.4074 0.9115
1305031460.2278 -1.7553 -0.3356 -0.0907 -0.0332 0.0462 0.4078 0.9113
1305031460.2917 -1.7662 -0.3512 -0.0827 -0.0282 0.0629 0.4058 0.9114
1305031460.3275 -1.7683 -0.3588 -0.0742 -0.0278 0.0688 0.4053 0.9112
1305031460.3916 -1.7772 -0.3664 -0.0635 -0.0298 0.0879 0.4109 0.9069
1305031460.4275 -1.7779 -0.3744 -0.0546 -0.0323 0.0964 0.4150 0.9041
1305031460.4596 -1.7755 -0.3765 -0.0483 -0.0348 0.1074 0.4192 0.9008
1305031460.4915 -1.7808 -0.3819 -0.0477 -0.0414 0.1223 0.4232 0.8968
1305031460.5276 -1.7860 -0.3961 -0.0445 -0.0503 0.1366 0.4291 0.8914
1305031460.5596 -1.7911 -0.4034 -0.0335 -0.0553 0.1476 0.4293 0.8893
1305031460.5919 -1.7995 -0.4135 -0.0274 -0.0587 0.1584 0.4296 0.8871
1305031460.6276 -1.7978 -0.4171 -0.0213 -0.0607 0.1634 0.4315 0.8851
1305031460.6598 -1.8029 -0.4246 -0.0175 -0.0619 0.1696 0.4307 0.8843
1305031460.6917 -1.8066 -0.4278 -0.0159 -0.0627 0.1718 0.4315 0.8834
1305031460.7277 -1.8091 -0.4311 -0.0118 -0.0648 0.1729 0.4304 0.8836
1305031460.7597 -1.8103 -0.4376 -0.0073 -0.0667 0.1757 0.4287 0.8837
1305031460.7917 -1.8159 -0.4415 -0.0041 -0.0669 0.1785 0.4278 0.8835
1305031460.8277 -1.8170 -0.4481 -0.0002 -0.0703 0.1790 0.4269 0.8836
1305031460.8597 -1.8175 -0.4513 0.0046 -0.0730 0.1808 0.4248 0.8840
1305031460.8918 -1.8207 -0.4577 0.0113 -0.0767 0.1847 0.4219 0.8843
1305031460.9276 -1.8254 -0.4673 0.0175 -0.0804 0.1876 0.4213 0.8836
1305031460.9917 -1.8274 -0.4865 0.0293 -0.0831 0.1929 0.4220 0.8819
1305031461.0276 -1.8299 -0.4925 0.0375 -0.0819 0.1957 0.4226 0.8811
1305031461.0917 -1.8357 -0.5071 0.0521 -0.0802 0.1934 0.4224 0.8819
1305031461.1276 -1.8374 -0.5135 0.0579 -0.0808 0.1949 0.4203 0.8825
1305031461.1597 -1.8339 -0.5209 0.0647 -0.0796 0.1955 0.4201 0.8826
1305031461.1920 -1.8389 -0.5242 0.0688 -0.0764 0.1969 0.4153 0.8848
1305031461.2276 -1.8378 -0.5256 0.0724 -0.0755 0.1971 0.4142 0.8854
1305031461.2596 -1.8389 -0.5340 0.0788 -0.0757 0.1986 0.4120 0.8861
1305031461.2917 -1.8400 -0.5350 0.0821 -0.0732 0.1983 0.4067 0.8888
1305031461.3278 -1.8442 -0.5352 0.0874 -0.0700 0.2019 0.4021 0.8903
1305031461.3597 -1.8481 -0.5321 0.0940 -0.0706 0.2050 0.3988 0.8911
1305031461.3917 -1.8419 -0.5413 0.1003 -0.0782 0.2046 0.3994 0.8903
1305031461.4276 -1.8398 -0.5418 0.1044 -0.0779 0.2049 0.3985 0.8906
1305031461.4598 -1.8410 -0.5402 0.1087 -0.0795 0.2058 0.3980 0.8905
1305031461.4917 -1.8360 -0.5419 0.1123 -0.0808 0.2055 0.3982 0.8903
1305031461.5277 -1.8378 -0.5377 0.1119 -0.0741 0.2074 0.3973 0.8908
1305031461.5597 -1.8312 -0.5288 0.1142 -0.0723 0.2068 0.3944 0.8925
1305031461.5917 -1.8242 -0.5187 0.1086 -0.0699 0.2103 0.3918 0.8930
1305031461.6275 -1.8265 -0.5113 0.1131 -0.0701 0.2191 0.3902 0.8915
1305031461.6596 -1.8246 -0.5072 0.1138 -0.0710 0.2233 0.3892 0.8909
1305031461.6916 -1.8296 -0.4992 0.1221 -0.0706 0.2299 0.3924 0.8878
1305031461.7276 -1.8248 -0.4954 0.1247 -0.0728 0.2315 0.3959 0.8856
1305031461.7597 -1.8215 -0.4845 0.1228 -0.0715 0.2332 0.3973 0.8847
1305031461.7916 -1.8078 -0.4742 0.1150 -0.0760 0.2314 0.4017 0.8828
1305031461.8276 -1.8074 -0.4613 0.1115 -0.0753 0.2382 0.4036 0.8802
1305031461.8598 -1.8091 -0.4490 0.1050 -0.0760 0.2439 0.4103 0.8754
1305031461.8917 -1.8147 -0.4315 0.1113 -0.0796 0.2495 0.4209 0.8685
1305031461.9278 -1.8050 -0.4230 0.1098 -0.0899 0.2461 0.4307 0.8636
1305031461.9597 -1.7881 -0.4018 0.0973 -0.0926 0.2428 0.4339 0.8627
1305031461.9916 -1.8020 -0.3928 0.1028 -0.1021 0.2565 0.4366 0.8563
1305031462.0277 -1.7978 -0.3854 0.1056 -0.1157 0.2549 0.4455 0.8504
1305031462.0598 -1.7981 -0.3779 0.1082 -0.1224 0.2500 0.4562 0.8452
1305031462.0918 -1.7940 -0.3710 0.1082 -0.1285 0.2433 0.4680 0.8398
1305031462.1277 -1.7972 -0.3652 0.1135 -0.1339 0.2435 0.4767 0.8340
1305031462.1596 -1.7923 -0.3607 0.1119 -0.1410 0.2383 0.4834 0.8304
1305031462.1916 -1.7945 -0.3598 0.1166 -0.1460 0.2405 0.4822 0.8296
1305031462.2276 -1.8014 -0.3587 0.1240 -0.1562 0.2440 0.4801 0.8280
1305031462.2598 -1.8076 -0.3725 0.1330 -0.1721 0.2491 0.4738 0.8269
1305031462.2916 -1.8047 -0.3805 0.1413 -0.1872 0.2471 0.4714 0.8256
1305031462.3917 -1.8268 -0.3910 0.1701 -0.2265 0.2514 0.4529 0.8248
1305031462.4920 -1.9126 -0.3668 0.2998 -0.2423 0.3003 0.4413 0.8102
1305031462.7598 -1.9451 -0.3418 0.2844 -0.2600 0.2610 0.3766 0.8500
1305031463.0277 -1.9034 -0.3279 0.2709 -0.2876 0.2251 0.3585 0.8591
1305031463.1275 -1.8939 -0.3230 0.2400 -0.2816 0.2132 0.3383 0.8723
1305031463.2600 -1.8758 -0.3178 0.2011 -0.2769 0.2082 0.3176 0.8827
1305031463.3956 -1.8484 -0.3009 0.1691 -0.2682 0.1955 0.3071 0.8919
1305031463.4956 -1.8120 -0.2666 0.1410 -0.2640 0.1925 0.2996 0.8964
1305031463.5598 -1.7985 -0.2441 0.1237 -0.2539 0.2024 0.2895 0.9004
1305031463.6598 -1.7553 -0.2308 0.0920 -0.2413 0.1999 0.2862 0.9055
1305031463.7276 -1.7290 -0.2315 0.0718 -0.2416 0.1991 0.2734 0.9095
1305031463.7597 -1.7137 -0.2295 0.0589 -0.2319 0.2031 0.2642 0.9139
1305031463.8278 -1.6796 -0.2385 0.0330 -0.2274 0.2015 0.2506 0.9192
1305031463.8599 -1.6559 -0.2507 0.0216 -0.2285 0.1984 0.2377 0.9230
1305031463.8956 -1.6433 -0.2596 0.0055 -0.2249 0.1972 0.2297 0.9262
1305031463.9597 -1.6138 -0.2760 -0.0184 -0.2212 0.1891 0.2201 0.9310
1305031463.9958 -1.6134 -0.2837 -0.0214 -0.2170 0.1901 0.2084 0.9345
1305031464.0597 -1.5790 -0.3018 -0.0460 -0.2154 0.1806 0.1941 0.9399
1305031464.0956 -1.5726 -0.3039 -0.0569 -0.2068 0.1810 0.1834 0.9439
1305031464.1277 -1.5698 -0.3180 -0.0636 -0.2080 0.1807 0.1794 0.9444
1305031464.1598 -1.5650 -0.3209 -0.0697 -0.1988 0.1784 0.1776 0.9472
1305031464.1956 -1.5590 -0.3325 -0.0786 -0.1883 0.1727 0.1749 0.9509
1305031464.2276 -1.5573 -0.3352 -0.0983 -0.1756 0.1614 0.1706 0.9560
1305031464.2596 -1.5635 -0.3380 -0.1035 -0.1704 0.1501 0.1711 0.9587
1305031464.2957 -1.5556 -0.3376 -0.1092 -0.1668 0.1326 0.1695 0.9622
1305031464.3279 -1.5382 -0.3343 -0.1126 -0.1636 0.1157 0.1648 0.9657
1305031464.3597 -1.5340 -0.3406 -0.1188 -0.1604 0.1093 0.1569 0.9684
1305031464.3956 -1.5238 -0.3323 -0.1305 -0.1524 0.1037 0.1479 0.9717
1305031464.4276 -1.5186 -0.3371 -0.1383 -0.1513 0.1031 0.1386 0.9733
1305031464.4597 -1.5172 -0.3470 -0.1427 -0.1501 0.1027 0.1310 0.9746
1305031464.4956 -1.5092 -0.3448 -0.1491 -0.1465 0.1005 0.1256 0.9760
1305031464.5276 -1.5005 -0.3533 -0.1615 -0.1466 0.0996 0.1171 0.9772
1305031464.5597 -1.4887 -0.3528 -0.1660 -0.1464 0.0964 0.1089 0.9785
1305031464.5957 -1.4599 -0.3726 -0.1808 -0.1450 0.0952 0.0958 0.9802
1305031464.6277 -1.4476 -0.3806 -0.1890 -0.1338 0.1073 0.0881 0.9812
1305031464.6597 -1.4333 -0.3895 -0.2002 -0.1231 0.1170 0.0752 0.9826
1305031464.6957 -1.4191 -0.4115 -0.2023 -0.1129 0.1245 0.0578 0.9841
1305031464.7277 -1.4268 -0.4061 -0.2105 -0.0906 0.1306 0.0383 0.9865
1305031464.7597 -1.4245 -0.4003 -0.2229 -0.0742 0.1272 0.0237 0.9888
1305031464.7960 -1.4266 -0.4234 -0.2221 -0.0708 0.1220 0.0062 0.9900
1305031464.8278 -1.4304 -0.4192 -0.2191 -0.0574 0.1084 -0.0069 0.9924
1305031464.8597 -1.4316 -0.4142 -0.2142 -0.0510 0.0910 -0.0222 0.9943
1305031464.8958 -1.4179 -0.4126 -0.2024 -0.0516 0.0714 -0.0369 0.9954
1305031464.9278 -1.3917 -0.4250 -0.1881 -0.0553 0.0532 -0.0549 0.9955
1305031464.9598 -1.3840 -0.4275 -0.1831 -0.0507 0.0461 -0.0745 0.9949
1305031464.9957 -1.3807 -0.4199 -0.1720 -0.0422 0.0438 -0.0947 0.9936
1305031465.0278 -1.3802 -0.4142 -0.1540 -0.0368 0.0430 -0.1157 0.9917
1305031465.0597 -1.3818 -0.3932 -0.1382 -0.0274 0.0362 -0.1364 0.9896
1305031465.0957 -1.3639 -0.3610 -0.1248 -0.0290 0.0212 -0.1496 0.9881
1305031465.1277 -1.3390 -0.3582 -0.0905 -0.0478 0.0045 -0.1598 0.9860
1305031465.1598 -1.3287 -0.3552 -0.0614 -0.0661 -0.0078 -0.1668 0.9837
1305031465.1956 -1.3005 -0.3595 -0.0352 -0.0821 -0.0238 -0.1728 0.9812
1305031465.2279 -1.2771 -0.3403 -0.0072 -0.0930 -0.0359 -0.1779 0.9790
1305031465.2598 -1.2652 -0.3393 0.0155 -0.1078 -0.0439 -0.1787 0.9770
1305031465.3277 -1.2488 -0.3080 0.0447 -0.1209 -0.0589 -0.1589 0.9781
1305031465.3956 -1.2245 -0.2981 0.0709 -0.1295 -0.0856 -0.1327 0.9789
1305031465.4277 -1.2026 -0.2875 0.0790 -0.1276 -0.0968 -0.1229 0.9794
1305031465.4601 -1.1865 -0.2779 0.0794 -0.1253 -0.1032 -0.1122 0.9803
1305031465.4957 -1.1689 -0.2728 0.0805 -0.1292 -0.1100 -0.1025 0.9801
1305031465.5276 -1.1533 -0.2780 0.0873 -0.1334 -0.1174 -0.0981 0.9792
1305031465.5598 -1.1332 -0.2748 0.0861 -0.1300 -0.1244 -0.0918 0.9794
1305031465.5956 -1.1199 -0.2681 0.0846 -0.1271 -0.1266 -0.0870 0.9799
1305031465.6277 -1.1113 -0.2597 0.0816 -0.1241 -0.1272 -0.0806 0.9808
1305031465.6601 -1.0998 -0.2564 0.0784 -0.1228 -0.1320 -0.0743 0.9808
1305031465.6957 -1.0821 -0.2526 0.0779 -0.1206 -0.1371 -0.0693 0.9807
1305031465.7277 -1.0711 -0.2443 0.0779 -0.1166 -0.1382 -0.0632 0.9815
1305031465.7598 -1.0527 -0.2330 0.0723 -0.1112 -0.1410 -0.0548 0.9822
1305031465.7959 -1.0376 -0.2305 0.0680 -0.1095 -0.1421 -0.0513 0.9824
1305031465.8280 -1.0206 -0.2276 0.0650 -0.1052 -0.1447 -0.0460 0.9828
1305031465.8599 -0.9987 -0.2106 0.0533 -0.0939 -0.1455 -0.0414 0.9840
1305031465.8955 -0.9700 -0.2018 0.0519 -0.0915 -0.1420 -0.0399 0.9848
1305031465.9275 -0.9543 -0.1994 0.0500 -0.0888 -0.1326 -0.0411 0.9863
1305031465.9597 -0.9304 -0.1921 0.0467 -0.0817 -0.1259 -0.0405 0.9878
1305031465.9958 -0.9058 -0.1826 0.0441 -0.0759 -0.1222 -0.0419 0.9887
1305031466.0276 -0.8820 -0.1804 0.0366 -0.0745 -0.1232 -0.0410 0.9887
1305031466.0598 -0.8577 -0.1552 0.0255 -0.0722 -0.1225 -0.0393 0.9891
1305031466.0958 -0.8423 -0.1390 0.0232 -0.0773 -0.1246 -0.0376 0.9885
1305031466.1276 -0.8313 -0.1190 0.0132 -0.0800 -0.1264 -0.0383 0.9880
1305031466.1604 -0.8215 -0.1026 0.0076 -0.0843 -0.1292 -0.0352 0.9874
1305031466.1958 -0.8117 -0.0883 0.0003 -0.0922 -0.1344 -0.0349 0.9860
1305031466.2280 -0.7964 -0.0860 -0.0031 -0.1054 -0.1419 -0.0379 0.9835
1305031466.2598 -0.7689 -0.0955 -0.0069 -0.1101 -0.1497 -0.0426 0.9817
1305031466.2957 -0.7419 -0.0893 -0.0141 -0.1049 -0.1507 -0.0541 0.9815
1305031466.3277 -0.7290 -0.0826 -0.0234 -0.1019 -0.1410 -0.0637 0.9827
1305031466.3598 -0.7165 -0.0795 -0.0328 -0.1057 -0.1317 -0.0725 0.9830
1305031466.3958 -0.6966 -0.0924 -0.0413 -0.1080 -0.1319 -0.0750 0.9825
1305031466.4278 -0.6831 -0.0922 -0.0485 -0.1047 -0.1354 -0.0768 0.9822
1305031466.4598 -0.6706 -0.0863 -0.0596 -0.1037 -0.1387 -0.0786 0.9818
1305031466.4958 -0.6544 -0.0796 -0.0644 -0.1054 -0.1419 -0.0777 0.9812
1305031466.5275 -0.6250 -0.0846 -0.0717 -0.1065 -0.1429 -0.0786 0.9808
1305031466.5604 -0.6051 -0.0762 -0.0842 -0.1044 -0.1386 -0.0809 0.9815
1305031466.5959 -0.5820 -0.0739 -0.0883 -0.1141 -0.1401 -0.0842 0.9799
1305031466.6275 -0.5486 -0.0915 -0.0782 -0.1224 -0.1439 -0.0876 0.9781
1305031466.6597 -0.5250 -0.0929 -0.0781 -0.1180 -0.1434 -0.0922 0.9783
1305031466.6958 -0.5111 -0.0840 -0.0845 -0.1153 -0.1447 -0.0991 0.9777
1305031466.7281 -0.4928 -0.0883 -0.0838 -0.1213 -0.1488 -0.1114 0.9751
1305031466.7596 -0.4655 -0.0965 -0.0776 -0.1208 -0.1523 -0.1156 0.9741
1305031466.7956 -0.4539 -0.0909 -0.0804 -0.1153 -0.1541 -0.1186 0.9741
1305031466.8279 -0.4327 -0.0911 -0.0896 -0.1168 -0.1588 -0.1213 0.9728
1305031466.8597 -0.4276 -0.0953 -0.0913 -0.1186 -0.1611 -0.1212 0.9723
1305031466.8957 -0.4122 -0.1050 -0.0972 -0.1187 -0.1716 -0.1212 0.9705
1305031466.9278 -0.3947 -0.1107 -0.0969 -0.1208 -0.1868 -0.1202 0.9675
1305031466.9597 -0.3813 -0.1178 -0.0943 -0.1217 -0.1955 -0.1238 0.9652
1305031466.9957 -0.3696 -0.1233 -0.0977 -0.1226 -0.1985 -0.1261 0.9642
1305031467.0278 -0.3581 -0.1242 -0.0998 -0.1219 -0.2014 -0.1274 0.9635
1305031467.0597 -0.3441 -0.1262 -0.0975 -0.1219 -0.2043 -0.1286 0.9627
1305031467.0957 -0.3339 -0.1220 -0.1020 -0.1210 -0.2053 -0.1323 0.9621
1305031467.1290 -0.3236 -0.1190 -0.0967 -0.1192 -0.2090 -0.1369 0.9609
1305031467.1597 -0.3144 -0.1227 -0.0981 -0.1188 -0.2117 -0.1410 0.9598
1305031467.1957 -0.3071 -0.1229 -0.0999 -0.1179 -0.2144 -0.1430 0.9590
1305031467.2277 -0.2958 -0.1238 -0.0952 -0.1173 -0.2210 -0.1461 0.9571
1305031467.2597 -0.2889 -0.1245 -0.0955 -0.1165 -0.2242 -0.1479 0.9562
1305031467.2958 -0.2781 -0.1260 -0.0949 -0.1148 -0.2291 -0.1514 0.9547
1305031467.3280 -0.2662 -0.1277 -0.0950 -0.1143 -0.2342 -0.1535 0.9532
1305031467.3597 -0.2526 -0.1244 -0.0975 -0.1146 -0.2393 -0.1540 0.9518
1305031467.3958 -0.2333 -0.1347 -0.0943 -0.1206 -0.2483 -0.1566 0.9483
1305031467.4278 -0.2261 -0.1331 -0.0904 -0.1205 -0.2520 -0.1585 0.9470
1305031467.4597 -0.2145 -0.1334 -0.0878 -0.1201 -0.2576 -0.1600 0.9453
1305031467.4961 -0.1892 -0.1299 -0.0961 -0.1200 -0.2666 -0.1642 0.9421
1305031467.5277 -0.1768 -0.1265 -0.0842 -0.1221 -0.2716 -0.1675 0.9398
1305031467.5598 -0.1695 -0.1271 -0.0837 -0.1216 -0.2722 -0.1676 0.9397
1305031467.5960 -0.1618 -0.1286 -0.0835 -0.1219 -0.2731 -0.1671 0.9395
1305031467.6275 -0.1553 -0.1305 -0.0733 -0.1214 -0.2774 -0.1659 0.9385
1305031467.6596 -0.1511 -0.1390 -0.0647 -0.1194 -0.2810 -0.1621 0.9384
1305031467.6959 -0.1415 -0.1461 -0.0616 -0.1187 -0.2842 -0.1631 0.9373
1305031467.7275 -0.1397 -0.1458 -0.0509 -0.1142 -0.2868 -0.1671 0.9364
1305031467.7599 -0.1373 -0.1475 -0.0426 -0.1092 -0.2884 -0.1692 0.9361
1305031467.7961 -0.1403 -0.1545 -0.0340 -0.1081 -0.2897 -0.1717 0.9354
1305031467.8278 -0.1401 -0.1594 -0.0208 -0.1056 -0.2917 -0.1719 0.9350
1305031467.8597 -0.1377 -0.1693 -0.0027 -0.1022 -0.2962 -0.1679 0.9347
1305031467.8959 -0.1388 -0.1683 0.0061 -0.0974 -0.3008 -0.1664 0.9340
1305031467.9278 -0.1439 -0.1656 0.0287 -0.0935 -0.3069 -0.1694 0.9319
1305031467.9598 -0.1456 -0.1817 0.0423 -0.0905 -0.3105 -0.1704 0.9308
1305031467.9958 -0.1416 -0.1836 0.0555 -0.0892 -0.3131 -0.1719 0.9298
1305031468.0281 -0.1433 -0.1824 0.0739 -0.0891 -0.3140 -0.1735 0.9292
1305031468.0598 -0.1467 -0.1926 0.0889 -0.0848 -0.3156 -0.1778 0.9282
1305031468.0959 -0.1481 -0.1942 0.0989 -0.0841 -0.3173 -0.1780 0.9277
1305031468.1278 -0.1503 -0.1953 0.1107 -0.0842 -0.3183 -0.1783 0.9273
1305031468.1599 -0.1496 -0.1985 0.1254 -0.0834 -0.3203 -0.1797 0.9264
1305031468.1960 -0.1457 -0.1955 0.1459 -0.0820 -0.3220 -0.1805 0.9257
1305031468.2282 -0.1458 -0.1993 0.1635 -0.0828 -0.3223 -0.1802 0.9256
1305031468.2598 -0.1385 -0.2052 0.1874 -0.0831 -0.3233 -0.1790 0.9255
1305031468.2958 -0.1386 -0.2033 0.2098 -0.0809 -0.3226 -0.1804 0.9257
1305031468.3278 -0.1347 -0.2253 0.2412 -0.0841 -0.3242 -0.1773 0.9254
1305031468.3959 -0.1324 -0.2415 0.2724 -0.0844 -0.3200 -0.1717 0.9279
1305031468.4598 -0.1299 -0.2699 0.3100 -0.0911 -0.3232 -0.1691 0.9266
1305031468.5278 -0.1386 -0.2931 0.3466 -0.0924 -0.3232 -0.1758 0.9253
1305031468.5597 -0.1480 -0.3070 0.3504 -0.0845 -0.3234 -0.1847 0.9242
1305031468.6596 -0.1733 -0.3513 0.3676 -0.0898 -0.3265 -0.1925 0.9210
1305031468.6958 -0.1884 -0.3774 0.3802 -0.0893 -0.3323 -0.1966 0.9181
1305031468.7278 -0.1952 -0.3984 0.3897 -0.0884 -0.3382 -0.1970 0.9160
1305031468.7958 -0.2109 -0.4230 0.4051 -0.0824 -0.3446 -0.1994 0.9136
1305031468.8292 -0.2247 -0.4445 0.3951 -0.0753 -0.3442 -0.2070 0.9127
1305031468.9596 -0.2365 -0.4622 0.4149 -0.0818 -0.3291 -0.2109 0.9168
1305031469.0277 -0.2449 -0.4601 0.4282 -0.1118 -0.3233 -0.2248 0.9124
1305031469.1277 -0.2643 -0.4680 0.4705 -0.1434 -0.3193 -0.2576 0.9006
1305031469.1955 -0.2742 -0.4797 0.4967 -0.1620 -0.3039 -0.2717 0.8987
1305031469.2596 -0.2926 -0.4725 0.5181 -0.1694 -0.2952 -0.2829 0.8967
1305031469.2968 -0.3034 -0.4692 0.5308 -0.1741 -0.2908 -0.2870 0.8960
1305031469.3276 -0.3020 -0.4617 0.5382 -0.1754 -0.2898 -0.2879 0.8957
1305031469.3596 -0.3039 -0.4607 0.5565 -0.1822 -0.2878 -0.2956 0.8925
1305031469.3957 -0.3104 -0.4661 0.5720 -0.1852 -0.2773 -0.3036 0.8925
1305031469.4277 -0.3143 -0.4550 0.5797 -0.1808 -0.2661 -0.3106 0.8944
1305031469.4597 -0.3182 -0.4476 0.5956 -0.1799 -0.2598 -0.3210 0.8928
1305031469.4957 -0.3244 -0.4325 0.6037 -0.1780 -0.2553 -0.3223 0.8940
1305031469.5276 -0.3301 -0.4177 0.6086 -0.1788 -0.2538 -0.3235 0.8939
1305031469.5596 -0.3280 -0.4024 0.6147 -0.1813 -0.2540 -0.3227 0.8936
1305031469.6596 -0.3406 -0.3601 0.6480 -0.2042 -0.2470 -0.3253 0.8896
1305031469.7596 -0.3513 -0.3057 0.6663 -0.2160 -0.2301 -0.3220 0.8926
1305031469.9279 -0.3953 -0.2161 0.6786 -0.2459 -0.2222 -0.3113 0.8906
1305031470.0959 -0.4463 -0.1273 0.6652 -0.2543 -0.2213 -0.3061 0.8903
1305031470.2600 -0.4940 -0.0534 0.6371 -0.2710 -0.2193 -0.2943 0.8899
1305031470.3958 -0.5434 0.0065 0.6100 -0.2875 -0.2105 -0.2840 0.8902
1305031470.5597 -0.5992 0.0488 0.5832 -0.2902 -0.2158 -0.2817 0.8887
1305031470.7277 -0.6455 0.0788 0.5666 -0.3009 -0.2155 -0.2643 0.8906
1305031470.7597 -0.6497 0.0820 0.5627 -0.3009 -0.2129 -0.2624 0.8918
1305031470.7956 -0.6559 0.0875 0.5621 -0.3017 -0.2092 -0.2594 0.8933
1305031470.8278 -0.6634 0.0929 0.5590 -0.2984 -0.2093 -0.2526 0.8963
1305031470.8596 -0.6723 0.0961 0.5543 -0.2949 -0.2078 -0.2483 0.8990
1305031470.8957 -0.6820 0.1044 0.5445 -0.2876 -0.2043 -0.2404 0.9043
1305031470.9277 -0.6931 0.1060 0.5443 -0.2860 -0.2064 -0.2357 0.9055
1305031470.9596 -0.7002 0.1083 0.5391 -0.2747 -0.2108 -0.2314 0.9092
1305031470.9960 -0.7081 0.1089 0.5333 -0.2654 -0.2100 -0.2291 0.9127
1305031471.0276 -0.7151 0.1071 0.5310 -0.2564 -0.2091 -0.2258 0.9163
1305031471.0596 -0.7206 0.1060 0.5275 -0.2462 -0.2079 -0.2210 0.9205
1305031471.0958 -0.7301 0.1100 0.5198 -0.2351 -0.2034 -0.2129 0.9263
1305031471.1277 -0.7349 0.1143 0.5130 -0.2257 -0.2021 -0.2037 0.9310
1305031471.1596 -0.7409 0.1122 0.5100 -0.2221 -0.2001 -0.1982 0.9335
1305031471.1957 -0.7417 0.1141 0.5081 -0.2193 -0.1991 -0.1934 0.9353
1305031471.2276 -0.7455 0.1157 0.5070 -0.2186 -0.1970 -0.1902 0.9366
1305031471.2597 -0.7518 0.1154 0.5068 -0.2196 -0.1945 -0.1886 0.9372
1305031471.2961 -0.7553 0.1158 0.5057 -0.2186 -0.1925 -0.1859 0.9384
1305031471.3276 -0.7537 0.1197 0.5038 -0.2128 -0.1920 -0.1827 0.9405
1305031471.3596 -0.7554 0.1211 0.5025 -0.2115 -0.1867 -0.1809 0.9422
1305031471.3957 -0.7592 0.1190 0.5021 -0.2123 -0.1815 -0.1758 0.9440
1305031471.4277 -0.7627 0.1185 0.4996 -0.2100 -0.1795 -0.1709 0.9458
1305031471.4965 -0.7772 0.1156 0.4912 -0.2132 -0.1725 -0.1651 0.9474
1305031471.5276 -0.7797 0.1165 0.4898 -0.2129 -0.1714 -0.1633 0.9480
1305031471.5597 -0.7799 0.1176 0.4862 -0.2116 -0.1708 -0.1631 0.9484
1305031471.5957 -0.7826 0.1186 0.4837 -0.2106 -0.1669 -0.1626 0.9494
1305031471.6276 -0.7819 0.1207 0.4799 -0.2074 -0.1653 -0.1628 0.9503
1305031471.6596 -0.7846 0.1205 0.4765 -0.2059 -0.1611 -0.1625 0.9514
1305031471.7958 -0.7915 0.1227 0.4569 -0.2022 -0.1370 -0.1462 0.9586
1305031471.9956 -0.8023 0.1288 0.4485 -0.2253 -0.1013 -0.1236 0.9611
1305031472.3277 -0.8286 0.1777 0.4355 -0.1965 -0.0703 -0.0915 0.9737
1305031472.5957 -0.8300 0.1606 0.4379 -0.1863 -0.0749 -0.0842 0.9760
1305031472.8276 -0.8255 0.1406 0.4529 -0.1786 -0.0778 -0.0824 0.9774
