1305031453.4237 0.0039 0.0052 -0.0073 0.0021 0.0026 0.0064 1.0000
1305031453.4597 0.0091 0.0037 -0.0227 0.0026 0.0091 0.0159 0.9998
1305031453.4917 0.0107 0.0077 -0.0371 0.0079 0.0175 0.0287 0.9994
1305031453.5237 0.0070 0.0102 -0.0421 0.0134 0.0241 0.0343 0.9990
1305031453.5598 0.0054 0.0146 -0.0551 0.0188 0.0269 0.0404 0.9986
1305031453.5916 0.0089 0.0210 -0.0774 0.0274 0.0294 0.0454 0.9982
1305031453.6277 0.0050 0.0246 -0.0792 0.0336 0.0301 0.0484 0.9978
1305031453.6596 -0.0037 0.0254 -0.0919 0.0376 0.0289 0.0469 0.9978
1305031453.6917 -0.0213 0.0305 -0.1031 0.0436 0.0275 0.0421 0.9978
1305031453.7277 -0.0225 0.0257 -0.1164 0.0426 0.0214 0.0375 0.9982
1305031453.7597 -0.0400 0.0335 -0.1279 0.0478 0.0148 0.0293 0.9983
1305031453.7917 -0.0429 0.0298 -0.1403 0.0474 0.0040 0.0224 0.9986
1305031453.8278 -0.0424 0.0305 -0.1579 0.0475 -0.0060 0.0189 0.9987
1305031453.8597 -0.0531 0.0386 -0.1740 0.0501 -0.0192 0.0125 0.9985
1305031453.8917 -0.0716 0.0428 -0.1753 0.0482 -0.0347 0.0054 0.9982
1305031453.9277 -0.0748 0.0372 -0.1757 0.0434 -0.0543 0.0008 0.9976
1305031453.9596 -0.0891 0.0474 -0.1745 0.0416 -0.0698 -0.0079 0.9967
1305031453.9916 -0.1004 0.0501 -0.1731 0.0410 -0.0813 -0.0165 0.9957
1305031454.0277 -0.1140 0.0562 -0.1641 0.0441 -0.0929 -0.0247 0.9944
1305031454.0597 -0.1221 0.0636 -0.1665 0.0461 -0.1048 -0.0305 0.9930
1305031454.0917 -0.1373 0.0715 -0.1536 0.0486 -0.1165 -0.0356 0.9914
1305031454.1277 -0.1569 0.0750 -0.1455 0.0514 -0.1280 -0.0450 0.9894
1305031454.1597 -0.1854 0.0937 -0.1421 0.0572 -0.1367 -0.0489 0.9878
1305031454.1917 -0.2154 0.1052 -0.1335 0.0597 -0.1471 -0.0617 0.9854
1305031454.2277 -0.2456 0.1166 -0.1279 0.0671 -0.1560 -0.0781 0.9824
1305031454.2596 -0.2564 0.1188 -0.1285 0.0728 -0.1679 -0.0927 0.9787
1305031454.2916 -0.2587 0.1274 -0.1166 0.0740 -0.1798 -0.1034 0.9754
1305031454.3277 -0.2762 0.1332 -0.1165 0.0769 -0.1864 -0.1174 0.9724
1305031454.3596 -0.3001 0.1404 -0.1247 0.0837 -0.1900 -0.1315 0.9693
1305031454.3917 -0.3161 0.1477 -0.1118 0.0852 -0.1960 -0.1383 0.9670
1305031454.4275 -0.3359 0.1509 -0.1157 0.0875 -0.2035 -0.1539 0.9629
1305031454.4599 -0.3546 0.1631 -0.1097 0.0916 -0.2084 -0.1687 0.9590
1305031454.4916 -0.3627 0.1757 -0.1017 0.0986 -0.2119 -0.1843 0.9547
1305031454.5277 -0.3719 0.1780 -0.1063 0.0970 -0.2157 -0.2003 0.9507
1305031454.5596 -0.3824 0.1802 -0.0978 0.0944 -0.2230 -0.2109 0.9470
1305031454.5916 -0.4022 0.1873 -0.0907 0.0923 -0.2286 -0.2269 0.9422
1305031454.6276 -0.4128 0.1877 -0.0940 0.0887 -0.2388 -0.2386 0.9371
1305031454.6595 -0.4220 0.1912 -0.0778 0.0823 -0.2522 -0.2426 0.9332
1305031454.6919 -0.4272 0.2046 -0.0756 0.0814 -0.2641 -0.2489 0.9283
1305031454.7277 -0.4392 0.2102 -0.0719 0.0778 -0.2728 -0.2570 0.9238
1305031454.7597 -0.4454 0.2164 -0.0759 0.0735 -0.2740 -0.2538 0.9247
1305031454.7916 -0.4475 0.2156 -0.0706 0.0672 -0.2761 -0.2484 0.9260
1305031454.8276 -0.4474 0.2167 -0.0664 0.0619 -0.2779 -0.2424 0.9274
1305031454.8596 -0.4474 0.2160 -0.0634 0.0547 -0.2765 -0.2379 0.9295
1305031454.8918 -0.4461 0.2159 -0.0591 0.0470 -0.2738 -0.2292 0.9329
1305031454.9276 -0.4454 0.2188 -0.0595 0.0418 -0.2705 -0.2223 0.9358
1305031454.9596 -0.4471 0.2198 -0.0562 0.0353 -0.2680 -0.2156 0.9383
1305031454.9919 -0.4502 0.2242 -0.0626 0.0329 -0.2643 -0.2110 0.9405
1305031455.0278 -0.4511 0.2345 -0.0630 0.0342 -0.2637 -0.2085 0.9412
1305031455.0596 -0.4539 0.2347 -0.0608 0.0315 -0.2632 -0.2066 0.9418
1305031455.0917 -0.4546 0.2382 -0.0615 0.0321 -0.2623 -0.2058 0.9423
1305031455.1277 -0.4595 0.2421 -0.0656 0.0313 -0.2588 -0.2043 0.9436
1305031455.1597 -0.4687 0.2515 -0.0715 0.0315 -0.2536 -0.2007 0.9457
1305031455.1917 -0.4772 0.2542 -0.0758 0.0281 -0.2502 -0.1967 0.9476
1305031455.2276 -0.4838 0.2601 -0.0759 0.0286 -0.2480 -0.1935 0.9488
1305031455.2596 -0.4892 0.2676 -0.0792 0.0264 -0.2449 -0.1865 0.9511
1305031455.2918 -0.4982 0.2586 -0.0810 0.0125 -0.2418 -0.1773 0.9539
1305031455.3278 -0.5105 0.2732 -0.0817 0.0111 -0.2390 -0.1673 0.9564
1305031455.3596 -0.5159 0.2850 -0.0793 0.0065 -0.2385 -0.1597 0.9579
1305031455.3917 -0.5209 0.2753 -0.0735 -0.0087 -0.2371 -0.1516 0.9596
1305031455.4276 -0.5355 0.2829 -0.0785 -0.0120 -0.2302 -0.1439 0.9624
1305031455.4596 -0.5458 0.2842 -0.0839 -0.0154 -0.2273 -0.1367 0.9641
1305031455.4916 -0.5618 0.2944 -0.0906 -0.0160 -0.2220 -0.1269 0.9666
1305031455.5276 -0.5724 0.2917 -0.0969 -0.0223 -0.2200 -0.1125 0.9687
1305031455.5597 -0.5883 0.2961 -0.1077 -0.0228 -0.2209 -0.0997 0.9699
1305031455.5916 -0.6072 0.3025 -0.1212 -0.0230 -0.2190 -0.0867 0.9716
1305031455.6276 -0.6231 0.2932 -0.1281 -0.0310 -0.2161 -0.0758 0.9729
1305031455.6596 -0.6399 0.2956 -0.1358 -0.0274 -0.2131 -0.0700 0.9741
1305031455.6916 -0.6515 0.2937 -0.1476 -0.0258 -0.2115 -0.0714 0.9744
1305031455.7276 -0.6602 0.2949 -0.1543 -0.0233 -0.2095 -0.0747 0.9747
1305031455.7597 -0.6665 0.2964 -0.1566 -0.0218 -0.2077 -0.0753 0.9751
1305031455.7917 -0.6728 0.2865 -0.1626 -0.0230 -0.2055 -0.0733 0.9756
1305031455.8276 -0.6837 0.2820 -0.1773 -0.0224 -0.2022 -0.0737 0.9763
1305031455.8595 -0.6943 0.2767 -0.1881 -0.0231 -0.1997 -0.0751 0.9767
1305031455.8917 -0.6992 0.2770 -0.1930 -0.0220 -0.1984 -0.0755 0.9770
1305031455.9280 -0.7050 0.2752 -0.1996 -0.0217 -0.1965 -0.0760 0.9773
1305031455.9597 -0.7088 0.2775 -0.2060 -0.0197 -0.1949 -0.0769 0.9776
1305031455.9917 -0.7125 0.2723 -0.2102 -0.0223 -0.1932 -0.0774 0.9779
1305031456.0278 -0.7170 0.2812 -0.2172 -0.0224 -0.1894 -0.0790 0.9785
1305031456.0597 -0.7300 0.2643 -0.2219 -0.0352 -0.1843 -0.0866 0.9784
1305031456.0917 -0.7339 0.2549 -0.2250 -0.0402 -0.1830 -0.0893 0.9782
1305031456.1276 -0.7390 0.2503 -0.2276 -0.0413 -0.1807 -0.0900 0.9785
1305031456.1597 -0.7450 0.2388 -0.2285 -0.0446 -0.1774 -0.0906 0.9789
1305031456.1917 -0.7445 0.2082 -0.2343 -0.0496 -0.1739 -0.0858 0.9798
1305031456.2277 -0.7427 0.2088 -0.2368 -0.0475 -0.1684 -0.0798 0.9813
1305031456.2917 -0.7551 0.1756 -0.2281 -0.0561 -0.1506 -0.0724 0.9843
1305031456.3277 -0.7525 0.1683 -0.2219 -0.0544 -0.1455 -0.0613 0.9860
1305031456.3916 -0.7551 0.1538 -0.2151 -0.0534 -0.1279 -0.0505 0.9891
1305031456.4277 -0.7641 0.1648 -0.2113 -0.0442 -0.1190 -0.0387 0.9912
1305031456.4917 -0.8051 0.1835 -0.2062 -0.0449 -0.1090 -0.0258 0.9927
1305031456.5276 -0.8256 0.1960 -0.1949 -0.0451 -0.1074 -0.0212 0.9930
1305031456.5917 -0.8456 0.2043 -0.1796 -0.0440 -0.1041 -0.0124 0.9935
1305031456.6276 -0.8471 0.2142 -0.1730 -0.0552 -0.1032 -0.0064 0.9931
1305031456.6916 -0.8878 0.2021 -0.1512 -0.0685 -0.0894 0.0065 0.9936
1305031456.7277 -0.9023 0.2164 -0.1469 -0.0698 -0.0875 0.0169 0.9936
1305031456.7916 -0.9359 0.2068 -0.1321 -0.0740 -0.0968 0.0293 0.9921
1305031456.8276 -0.9466 0.2260 -0.1189 -0.0714 -0.1006 0.0361 0.9917
1305031456.8917 -0.9641 0.2233 -0.0925 -0.0808 -0.0995 0.0478 0.9906
1305031456.9277 -0.9814 0.2268 -0.0909 -0.0762 -0.0909 0.0515 0.9916
1305031456.9597 -0.9886 0.2345 -0.0887 -0.0793 -0.0876 0.0581 0.9913
1305031456.9917 -1.0033 0.2305 -0.0806 -0.0890 -0.0819 0.0603 0.9908
1305031457.0276 -1.0172 0.2346 -0.0768 -0.0886 -0.0775 0.0639 0.9910
1305031457.0917 -1.0436 0.2333 -0.0738 -0.1039 -0.0658 0.0715 0.9898
1305031457.1276 -1.0472 0.2277 -0.0735 -0.1074 -0.0631 0.0749 0.9894
1305031457.1917 -1.0760 0.2297 -0.0859 -0.1055 -0.0455 0.0876 0.9895
1305031457.2275 -1.0845 0.2182 -0.0890 -0.1131 -0.0403 0.0934 0.9884
1305031457.2917 -1.1079 0.2038 -0.1087 -0.1063 -0.0233 0.1056 0.9884
1305031457.3275 -1.1171 0.2053 -0.1185 -0.1039 -0.0156 0.1098 0.9884
1305031457.3917 -1.1430 0.1904 -0.1381 -0.1014 0.0092 0.1236 0.9871
1305031457.4276 -1.1629 0.1876 -0.1449 -0.0993 0.0206 0.1290 0.9864
1305031457.4917 -1.1864 0.1722 -0.1652 -0.0981 0.0265 0.1393 0.9850
1305031457.5276 -1.1951 0.1667 -0.1757 -0.0950 0.0299 0.1413 0.9849
1305031457.5597 -1.2010 0.1617 -0.1899 -0.0899 0.0330 0.1483 0.9843
1305031457.5917 -1.2193 0.1570 -0.1954 -0.0884 0.0404 0.1503 0.9838
1305031457.6275 -1.2306 0.1559 -0.2057 -0.0837 0.0421 0.1554 0.9834
1305031457.6596 -1.2501 0.1651 -0.2171 -0.0746 0.0467 0.1589 0.9834
1305031457.6916 -1.2633 0.1583 -0.2192 -0.0783 0.0487 0.1612 0.9826
1305031457.7277 -1.2756 0.1344 -0.2247 -0.0847 0.0501 0.1580 0.9825
1305031457.7596 -1.2756 0.1189 -0.2394 -0.0853 0.0489 0.1562 0.9828
1305031457.7916 -1.2767 0.0983 -0.2428 -0.0806 0.0518 0.1573 0.9829
1305031457.8277 -1.2933 0.1151 -0.2555 -0.0619 0.0599 0.1570 0.9838
1305031457.8596 -1.3066 0.0963 -0.2617 -0.0643 0.0692 0.1555 0.9833
1305031457.8916 -1.3046 0.0709 -0.2630 -0.0614 0.0720 0.1545 0.9835
1305031457.9276 -1.3177 0.0746 -0.2606 -0.0445 0.0772 0.1592 0.9832
1305031457.9916 -1.3395 0.0534 -0.2810 -0.0345 0.0793 0.1661 0.9823
1305031458.0278 -1.3439 0.0477 -0.2740 -0.0228 0.0825 0.1681 0.9821
1305031458.0597 -1.3562 0.0585 -0.2738 -0.0113 0.0871 0.1707 0.9814
1305031458.0917 -1.3626 0.0557 -0.2741 -0.0115 0.0891 0.1726 0.9809
1305031458.1276 -1.3732 0.0490 -0.2708 -0.0123 0.0921 0.1726 0.9806
1305031458.1596 -1.3857 0.0404 -0.2667 -0.0117 0.0941 0.1743 0.9801
1305031458.1916 -1.4054 0.0404 -0.2561 -0.0100 0.0961 0.1768 0.9795
1305031458.2276 -1.4212 0.0316 -0.2298 -0.0171 0.0948 0.1783 0.9792
1305031458.2599 -1.4268 -0.0095 -0.2123 -0.0279 0.0929 0.1782 0.9792
1305031458.2917 -1.4504 -0.0210 -0.1947 -0.0203 0.0922 0.1760 0.9799
1305031458.3276 -1.4714 -0.0214 -0.1678 -0.0172 0.0902 0.1785 0.9797
1305031458.3596 -1.4780 -0.0367 -0.1436 -0.0102 0.0867 0.1838 0.9791
1305031458.3916 -1.4957 -0.0284 -0.1202 0.0034 0.0874 0.1884 0.9782
1305031458.4276 -1.5039 -0.0291 -0.1064 0.0095 0.0886 0.1962 0.9765
1305031458.4596 -1.4877 -0.0373 -0.0998 0.0178 0.0860 0.2095 0.9738
1305031458.4917 -1.4923 -0.0396 -0.0931 0.0378 0.0956 0.2084 0.9726
1305031458.5277 -1.4957 -0.0367 -0.0882 0.0524 0.1021 0.2079 0.9714
1305031458.5596 -1.5021 -0.0438 -0.0722 0.0557 0.1105 0.2064 0.9706
1305031458.5916 -1.5049 -0.0507 -0.0644 0.0615 0.1136 0.2033 0.9705
1305031458.6277 -1.5209 -0.0377 -0.0476 0.0663 0.1159 0.1990 0.9709
1305031458.6596 -1.5302 -0.0326 -0.0383 0.0641 0.1112 0.2031 0.9707
1305031458.6917 -1.5288 -0.0239 0.0023 0.0643 0.0955 0.1974 0.9735
1305031458.7276 -1.5195 -0.0253 0.0335 0.0652 0.0785 0.1938 0.9757
1305031458.7599 -1.5250 -0.0249 0.0583 0.0717 0.0643 0.1852 0.9780
1305031458.7916 -1.5291 -0.0016 0.0922 0.0820 0.0504 0.1777 0.9794
1305031458.8276 -1.5142 -0.0185 0.1195 0.0703 0.0383 0.1781 0.9807
1305031458.8917 -1.5079 -0.0305 0.1450 0.0733 0.0339 0.1678 0.9825
1305031458.9276 -1.5222 -0.0279 0.1446 0.0746 0.0421 0.1700 0.9817
1305031458.9596 -1.5198 -0.0460 0.1494 0.0601 0.0447 0.1819 0.9805
1305031458.9916 -1.5257 -0.0685 0.1560 0.0577 0.0479 0.1867 0.9796
1305031459.0277 -1.5455 -0.0701 0.1640 0.0699 0.0483 0.1884 0.9784
1305031459.0596 -1.5669 -0.0926 0.1684 0.0723 0.0446 0.1962 0.9769
1305031459.1276 -1.2669 -0.2575 0.3190 0.0232 -0.0525 0.2166 0.9746
1305031459.1596 -1.2694 -0.2681 0.3341 0.0289 -0.0787 0.2209 0.9717
1305031459.1917 -1.2755 -0.2639 0.3502 0.0375 -0.0978 0.2277 0.9681
1305031459.2276 -1.2754 -0.2710 0.3547 0.0363 -0.1117 0.2405 0.9635
1305031459.2598 -1.2823 -0.2672 0.3695 0.0360 -0.1136 0.2469 0.9617
1305031459.3276 -1.3049 -0.2544 0.4048 0.0286 -0.0827 0.2685 0.9593
1305031459.3597 -1.3117 -0.2527 0.4159 0.0248 -0.0594 0.2843 0.9566
1305031459.3917 -1.3356 -0.2425 0.4134 0.0194 -0.0275 0.3009 0.9531
1305031459.4276 -1.3323 -0.2408 0.4362 -0.0019 0.0034 0.3319 0.9433
1305031459.4597 -1.3364 -0.2475 0.4391 -0.0171 0.0400 0.3674 0.9290
1305031459.5276 -1.2847 -0.1703 0.5849 -0.0057 0.0110 0.3731 0.9277
1305031459.5596 -1.2881 -0.1841 0.5837 -0.0223 0.0260 0.3937 0.9186
1305031459.5917 -1.2920 -0.1893 0.5893 -0.0322 0.0309 0.4148 0.9088
1305031459.6276 -1.2987 -0.1856 0.5903 -0.0349 0.0311 0.4232 0.9049
1305031459.6596 -1.3112 -0.1803 0.5943 -0.0319 0.0370 0.4241 0.9043
1305031459.6916 -1.3197 -0.1946 0.5944 -0.0433 0.0483 0.4290 0.9010
1305031459.7276 -1.3245 -0.2093 0.5943 -0.0508 0.0537 0.4293 0.9001
1305031459.7917 -1.3506 -0.2451 0.5918 -0.0551 0.0640 0.4255 0.9010
1305031459.8277 -1.3647 -0.2625 0.5935 -0.0579 0.0656 0.4231 0.9019
1305031459.8597 -1.3818 -0.2832 0.5950 -0.0644 0.0661 0.4208 0.9025
1305031459.8916 -1.3886 -0.3059 0.5953 -0.0717 0.0628 0.4257 0.8998
1305031459.9276 -1.4014 -0.3200 0.5997 -0.0707 0.0618 0.4258 0.8999
1305031459.9917 -1.4136 -0.3434 0.6046 -0.0777 0.0559 0.4361 0.8948
1305031460.0276 -1.4220 -0.3592 0.6109 -0.0804 0.0577 0.4375 0.8937
1305031460.0597 -1.4303 -0.3782 0.6133 -0.0825 0.0588 0.4404 0.8920
1305031460.0917 -1.4381 -0.3996 0.6177 -0.0846 0.0556 0.4475 0.8885
1305031460.1277 -1.4461 -0.4146 0.6264 -0.0811 0.0484 0.4533 0.8864
1305031460.1597 -1.4600 -0.4206 0.6266 -0.0738 0.0436 0.4597 0.8839
1305031460.1916 -1.4688 -0.4243 0.6430 -0.0723 0.0383 0.4646 0.8817
1305031460.2278 -1.4681 -0.4254 0.6488 -0.0708 0.0380 0.4663 0.8810
1305031460.2917 -1.4745 -0.4400 0.6633 -0.0663 0.0542 0.4631 0.8821
1305031460.3275 -1.4775 -0.4448 0.6659 -0.0652 0.0608 0.4624 0.8822
1305031460.3916 -1.4780 -0.4503 0.6847 -0.0692 0.0778 0.4681 0.8775
1305031460.4275 -1.4766 -0.4490 0.6948 -0.0687 0.0852 0.4740 0.8737
1305031460.4596 -1.4820 -0.4566 0.6933 -0.0726 0.0991 0.4745 0.8717
1305031460.4915 -1.4837 -0.4558 0.6943 -0.0779 0.1118 0.4798 0.8667
1305031460.5276 -1.4779 -0.4718 0.6982 -0.0914 0.1235 0.4846 0.8611
1305031460.5596 -1.4804 -0.4822 0.7078 -0.0986 0.1346 0.4859 0.8579
1305031460.5919 -1.4835 -0.4802 0.7140 -0.0989 0.1411 0.4854 0.8571
1305031460.6276 -1.4843 -0.4861 0.7204 -0.1018 0.1477 0.4856 0.8556
1305031460.6598 -1.4832 -0.5019 0.7212 -0.1080 0.1536 0.4858 0.8537
1305031460.6917 -1.4853 -0.5068 0.7237 -0.1099 0.1554 0.4862 0.8529
1305031460.7277 -1.4843 -0.5113 0.7286 -0.1132 0.1555 0.4860 0.8525
1305031460.7597 -1.4839 -0.5138 0.7318 -0.1140 0.1575 0.4852 0.8525
1305031460.7917 -1.4858 -0.5205 0.7352 -0.1162 0.1589 0.4845 0.8523
1305031460.8277 -1.4884 -0.5303 0.7416 -0.1202 0.1606 0.4821 0.8529
1305031460.8597 -1.4887 -0.5304 0.7443 -0.1216 0.1608 0.4802 0.8537
1305031460.8918 -1.4857 -0.5398 0.7493 -0.1281 0.1622 0.4780 0.8537
1305031460.9276 -1.4878 -0.5466 0.7545 -0.1312 0.1637 0.4781 0.8529
1305031460.9917 -1.4724 -0.5674 0.7705 -0.1372 0.1641 0.4817 0.8498
1305031461.0276 -1.4693 -0.5754 0.7789 -0.1378 0.1652 0.4832 0.8487
1305031461.0917 -1.4747 -0.5903 0.7944 -0.1353 0.1638 0.4810 0.8506
1305031461.1276 -1.4773 -0.5908 0.8074 -0.1336 0.1649 0.4797 0.8514
1305031461.1597 -1.4688 -0.6022 0.8102 -0.1346 0.1641 0.4789 0.8518
1305031461.1920 -1.4687 -0.6041 0.8161 -0.1321 0.1641 0.4748 0.8545
1305031461.2276 -1.4671 -0.6101 0.8221 -0.1328 0.1652 0.4741 0.8546
1305031461.2596 -1.4645 -0.6184 0.8296 -0.1334 0.1655 0.4711 0.8561
1305031461.2917 -1.4672 -0.6179 0.8346 -0.1292 0.1666 0.4668 0.8589
1305031461.3278 -1.4657 -0.6188 0.8406 -0.1285 0.1676 0.4627 0.8610
1305031461.3597 -1.4711 -0.6126 0.8465 -0.1272 0.1708 0.4599 0.8620
1305031461.3917 -1.4617 -0.6224 0.8541 -0.1364 0.1687 0.4596 0.8612
1305031461.4276 -1.4567 -0.6172 0.8599 -0.1349 0.1669 0.4583 0.8625
1305031461.4598 -1.4595 -0.6202 0.8630 -0.1383 0.1683 0.4575 0.8621
1305031461.4917 -1.4498 -0.6201 0.8670 -0.1402 0.1660 0.4570 0.8626
1305031461.5277 -1.4577 -0.6143 0.8645 -0.1315 0.1699 0.4556 0.8639
1305031461.5597 -1.4518 -0.6036 0.8648 -0.1295 0.1683 0.4536 0.8655
1305031461.5917 -1.4434 -0.6086 0.8558 -0.1344 0.1739 0.4486 0.8663
1305031461.6275 -1.4451 -0.5935 0.8623 -0.1323 0.1803 0.4465 0.8664
1305031461.6596 -1.4433 -0.5986 0.8629 -0.1376 0.1868 0.4457 0.8646
1305031461.6916 -1.4486 -0.5863 0.8642 -0.1352 0.1918 0.4481 0.8626
1305031461.7276 -1.4373 -0.5827 0.8622 -0.1392 0.1892 0.4550 0.8590
1305031461.7597 -1.4327 -0.5684 0.8562 -0.1369 0.1893 0.4567 0.8584
1305031461.7916 -1.4230 -0.5623 0.8451 -0.1425 0.1887 0.4610 0.8553
1305031461.8276 -1.4178 -0.5482 0.8432 -0.1436 0.1931 0.4655 0.8517
1305031461.8598 -1.4133 -0.5409 0.8384 -0.1480 0.1983 0.4722 0.8461
1305031461.8917 -1.4141 -0.5341 0.8358 -0.1565 0.2030 0.4849 0.8362
1305031461.9278 -1.3998 -0.5262 0.8256 -0.1666 0.1953 0.4967 0.8291
1305031461.9597 -1.3860 -0.4997 0.8119 -0.1676 0.1906 0.5011 0.8274
1305031461.9916 -1.4164 -0.4879 0.8152 -0.1723 0.2106 0.5001 0.8221
1305031462.0277 -1.4182 -0.4928 0.8300 -0.1922 0.2146 0.5041 0.8142
1305031462.0598 -1.4187 -0.4836 0.8282 -0.1968 0.2091 0.5148 0.8078
1305031462.0918 -1.4202 -0.4766 0.8285 -0.2034 0.2038 0.5232 0.8021
1305031462.1277 -1.4208 -0.4581 0.8175 -0.2008 0.1972 0.5353 0.7964
1305031462.1596 -1.4253 -0.4421 0.8095 -0.1982 0.1924 0.5418 0.7938
1305031462.1916 -1.4328 -0.4411 0.8095 -0.2020 0.1944 0.5384 0.7947
1305031462.2276 -1.4304 -0.4357 0.8033 -0.2110 0.1897 0.5400 0.7924
1305031462.2598 -1.4231 -0.4468 0.8094 -0.2287 0.1864 0.5374 0.7900
1305031462.2916 -1.4327 -0.4499 0.8127 -0.2378 0.1863 0.5302 0.7923
1305031462.3275 -1.4374 -0.4604 0.8205 -0.2527 0.1865 0.5237 0.7919
1305031462.3597 -1.4594 -0.4427 0.8152 -0.2478 0.1880 0.5181 0.7967
1305031462.3917 -1.4650 -0.4386 0.8198 -0.2587 0.1809 0.5178 0.7951
1305031462.4276 -1.4930 -0.4392 0.8390 -0.2656 0.1861 0.5079 0.7980
1305031462.4599 -1.4994 -0.4462 0.8572 -0.2811 0.1815 0.5008 0.7983
1305031462.4920 -1.5232 -0.4112 0.8651 -0.2678 0.1759 0.4988 0.8053
1305031462.5277 -1.5188 -0.4509 0.8944 -0.3020 0.1755 0.4872 0.8004
1305031462.5599 -1.5264 -0.4318 0.8770 -0.2951 0.1605 0.4781 0.8115
1305031462.5919 -1.5405 -0.4016 0.8677 -0.2814 0.1515 0.4700 0.8228
1305031462.6279 -1.5445 -0.4041 0.8610 -0.2846 0.1498 0.4636 0.8256
1305031462.6597 -1.5488 -0.4101 0.8562 -0.2868 0.1510 0.4589 0.8272
1305031462.6925 -1.5505 -0.4132 0.8497 -0.2903 0.1444 0.4446 0.8350
1305031462.7277 -1.5580 -0.4196 0.8522 -0.2937 0.1419 0.4345 0.8395
1305031462.7598 -1.5581 -0.4206 0.8479 -0.2980 0.1315 0.4229 0.8456
1305031462.7919 -1.5632 -0.4213 0.8425 -0.2995 0.1295 0.4165 0.8486
1305031462.8278 -1.5658 -0.4252 0.8453 -0.3068 0.1263 0.4112 0.8490
1305031462.8598 -1.5703 -0.4141 0.8430 -0.3060 0.1222 0.4033 0.8537
1305031462.8918 -1.5653 -0.4102 0.8445 -0.3098 0.1189 0.3997 0.8545
1305031462.9276 -1.5654 -0.4064 0.8428 -0.3103 0.1187 0.3955 0.8563
1305031462.9597 -1.5581 -0.4161 0.8310 -0.3186 0.1185 0.3907 0.8554
1305031462.9955 -1.5644 -0.3923 0.8096 -0.2985 0.1170 0.3849 0.8655
1305031463.0277 -1.5609 -0.3860 0.7992 -0.2923 0.1132 0.3813 0.8697
1305031463.0598 -1.5581 -0.3973 0.7895 -0.2929 0.1105 0.3715 0.8741
1305031463.0958 -1.5540 -0.3824 0.7802 -0.2865 0.1038 0.3640 0.8801
1305031463.1275 -1.5469 -0.3774 0.7669 -0.2819 0.1008 0.3565 0.8850
1305031463.1598 -1.5432 -0.3667 0.7575 -0.2747 0.0973 0.3503 0.8901
1305031463.1957 -1.5342 -0.3742 0.7503 -0.2796 0.0950 0.3435 0.8915
1305031463.2278 -1.5251 -0.3500 0.7454 -0.2715 0.0884 0.3414 0.8955
1305031463.2600 -1.5193 -0.3353 0.7350 -0.2614 0.0863 0.3395 0.8994
1305031463.2957 -1.5119 -0.3480 0.7191 -0.2644 0.0894 0.3317 0.9012
1305031463.3277 -1.5037 -0.3368 0.7151 -0.2610 0.0847 0.3295 0.9034
1305031463.3598 -1.4961 -0.3239 0.7043 -0.2517 0.0804 0.3288 0.9067
1305031463.3956 -1.4888 -0.3184 0.6949 -0.2464 0.0770 0.3239 0.9102
1305031463.4277 -1.4745 -0.3002 0.6863 -0.2409 0.0707 0.3227 0.9126
1305031463.4598 -1.4646 -0.2970 0.6802 -0.2427 0.0732 0.3189 0.9133
1305031463.4956 -1.4521 -0.2945 0.6763 -0.2461 0.0771 0.3179 0.9124
1305031463.5277 -1.4384 -0.2877 0.6733 -0.2474 0.0831 0.3186 0.9113
1305031463.5598 -1.4308 -0.2719 0.6622 -0.2379 0.0873 0.3185 0.9134
1305031463.5956 -1.4148 -0.2644 0.6530 -0.2364 0.0830 0.3204 0.9135
1305031463.6276 -1.4038 -0.2615 0.6522 -0.2354 0.0852 0.3175 0.9146
1305031463.6598 -1.3812 -0.2585 0.6384 -0.2273 0.0835 0.3158 0.9174
1305031463.6956 -1.3696 -0.2495 0.6304 -0.2233 0.0820 0.3142 0.9191
1305031463.7276 -1.3594 -0.2642 0.6239 -0.2280 0.0895 0.3035 0.9208
1305031463.7597 -1.3419 -0.2641 0.6132 -0.2201 0.0933 0.2969 0.9245
1305031463.7956 -1.3236 -0.2658 0.5991 -0.2145 0.0927 0.2855 0.9295
1305031463.8278 -1.2916 -0.2815 0.5897 -0.2221 0.0873 0.2742 0.9316
1305031463.8599 -1.2671 -0.2800 0.5775 -0.2152 0.0849 0.2700 0.9347
1305031463.8956 -1.2597 -0.2943 0.5659 -0.2140 0.0899 0.2583 0.9377
1305031463.9277 -1.2474 -0.2982 0.5578 -0.2125 0.0875 0.2515 0.9402
1305031463.9597 -1.2216 -0.3119 0.5491 -0.2125 0.0812 0.2482 0.9416
1305031463.9958 -1.2080 -0.3318 0.5432 -0.2139 0.0790 0.2395 0.9437
1305031464.0277 -1.2048 -0.3350 0.5331 -0.2098 0.0787 0.2292 0.9472
1305031464.0597 -1.1827 -0.3544 0.5263 -0.2133 0.0749 0.2207 0.9488
1305031464.0956 -1.1736 -0.3701 0.5170 -0.2106 0.0764 0.2079 0.9521
1305031464.1277 -1.1694 -0.3850 0.5099 -0.2100 0.0770 0.2020 0.9535
1305031464.1598 -1.1603 -0.3972 0.5135 -0.2073 0.0752 0.2028 0.9541
1305031464.1956 -1.1542 -0.4165 0.5110 -0.2017 0.0715 0.1994 0.9563
1305031464.2276 -1.1537 -0.4159 0.4993 -0.1864 0.0622 0.1974 0.9604
1305031464.2596 -1.1530 -0.4192 0.4853 -0.1801 0.0490 0.1976 0.9623
1305031464.2957 -1.1419 -0.4215 0.4839 -0.1773 0.0312 0.1965 0.9638
1305031464.3279 -1.1240 -0.4251 0.4767 -0.1756 0.0153 0.1934 0.9652
1305031464.3597 -1.1053 -0.4438 0.4733 -0.1763 0.0057 0.1906 0.9657
1305031464.3956 -1.0903 -0.4484 0.4733 -0.1720 -0.0006 0.1834 0.9679
1305031464.4276 -1.0792 -0.4583 0.4660 -0.1717 -0.0019 0.1754 0.9694
1305031464.4597 -1.0699 -0.4691 0.4574 -0.1696 -0.0040 0.1676 0.9711
1305031464.4956 -1.0587 -0.4710 0.4493 -0.1665 -0.0060 0.1630 0.9725
1305031464.5276 -1.0409 -0.4752 0.4390 -0.1656 -0.0081 0.1582 0.9734
1305031464.5597 -1.0264 -0.4805 0.4299 -0.1657 -0.0117 0.1458 0.9753
1305031464.5957 -0.9987 -0.4927 0.4240 -0.1635 -0.0119 0.1348 0.9772
1305031464.6277 -0.9798 -0.5012 0.4114 -0.1529 -0.0013 0.1279 0.9799
1305031464.6597 -0.9702 -0.5172 0.3983 -0.1442 0.0110 0.1186 0.9824
1305031464.6957 -0.9465 -0.5365 0.3877 -0.1334 0.0167 0.1021 0.9857
1305031464.7277 -0.9542 -0.5459 0.3773 -0.1146 0.0230 0.0850 0.9895
1305031464.7597 -0.9504 -0.5441 0.3635 -0.0978 0.0214 0.0734 0.9923
1305031464.7960 -0.9653 -0.5438 0.3670 -0.0877 0.0188 0.0548 0.9945
1305031464.8278 -0.9752 -0.5509 0.3755 -0.0747 0.0078 0.0443 0.9962
1305031464.8597 -0.9829 -0.5295 0.3772 -0.0598 -0.0071 0.0302 0.9977
1305031464.8958 -0.9665 -0.5165 0.3902 -0.0562 -0.0271 0.0150 0.9979
1305031464.9278 -0.9416 -0.5281 0.3992 -0.0576 -0.0444 -0.0025 0.9973
1305031464.9598 -0.9353 -0.5549 0.4103 -0.0576 -0.0511 -0.0212 0.9968
1305031464.9957 -0.9384 -0.5404 0.4194 -0.0457 -0.0518 -0.0383 0.9969
1305031465.0278 -0.9501 -0.5355 0.4327 -0.0393 -0.0502 -0.0586 0.9962
1305031465.0597 -0.9749 -0.5117 0.4418 -0.0259 -0.0516 -0.0824 0.9949
1305031465.0957 -0.9610 -0.4642 0.4580 -0.0213 -0.0665 -0.0939 0.9931
1305031465.1277 -0.9375 -0.4594 0.4774 -0.0367 -0.0847 -0.1098 0.9897
1305031465.1598 -0.9333 -0.4686 0.5006 -0.0558 -0.0977 -0.1186 0.9865
1305031465.1956 -0.9178 -0.4736 0.5273 -0.0703 -0.1115 -0.1287 0.9829
1305031465.2279 -0.9096 -0.4615 0.5494 -0.0811 -0.1206 -0.1358 0.9800
1305031465.2598 -0.9143 -0.4648 0.5803 -0.0974 -0.1264 -0.1389 0.9774
1305031465.2956 -0.9126 -0.4416 0.5876 -0.0996 -0.1317 -0.1314 0.9775
1305031465.3277 -0.9016 -0.4251 0.6064 -0.1094 -0.1428 -0.1148 0.9770
1305031465.3599 -0.8926 -0.4282 0.6219 -0.1194 -0.1571 -0.1003 0.9752
1305031465.3956 -0.8795 -0.4197 0.6330 -0.1207 -0.1706 -0.0886 0.9739
1305031465.4277 -0.8583 -0.4231 0.6407 -0.1232 -0.1817 -0.0810 0.9722
1305031465.4601 -0.8432 -0.4118 0.6432 -0.1218 -0.1887 -0.0692 0.9720
1305031465.4957 -0.8209 -0.4070 0.6488 -0.1292 -0.1967 -0.0576 0.9702
1305031465.5276 -0.8134 -0.4106 0.6546 -0.1331 -0.2009 -0.0555 0.9689
1305031465.5598 -0.7972 -0.4030 0.6550 -0.1288 -0.2066 -0.0508 0.9686
1305031465.5956 -0.7781 -0.3961 0.6589 -0.1266 -0.2102 -0.0437 0.9684
1305031465.6277 -0.7665 -0.3902 0.6559 -0.1249 -0.2113 -0.0365 0.9687
1305031465.6601 -0.7572 -0.3870 0.6491 -0.1240 -0.2153 -0.0295 0.9682
1305031465.6957 -0.7378 -0.3763 0.6554 -0.1205 -0.2215 -0.0222 0.9674
1305031465.7277 -0.7232 -0.3682 0.6534 -0.1165 -0.2222 -0.0152 0.9679
1305031465.7598 -0.7074 -0.3590 0.6526 -0.1131 -0.2247 -0.0072 0.9678
1305031465.7959 -0.6899 -0.3529 0.6525 -0.1111 -0.2264 -0.0011 0.9677
1305031465.8280 -0.6699 -0.3456 0.6538 -0.1066 -0.2293 0.0061 0.9675
1305031465.8599 -0.6464 -0.3327 0.6426 -0.0972 -0.2303 0.0094 0.9682
1305031465.8955 -0.6195 -0.3237 0.6488 -0.0977 -0.2276 0.0105 0.9688
1305031465.9275 -0.5992 -0.3136 0.6564 -0.0940 -0.2210 0.0119 0.9707
1305031465.9597 -0.5728 -0.2971 0.6638 -0.0859 -0.2165 0.0138 0.9724
1305031465.9958 -0.5533 -0.2875 0.6595 -0.0807 -0.2104 0.0130 0.9742
1305031466.0276 -0.5339 -0.2762 0.6448 -0.0753 -0.2081 0.0101 0.9751
1305031466.0598 -0.5075 -0.2625 0.6542 -0.0786 -0.2106 0.0154 0.9743
1305031466.0958 -0.5023 -0.2575 0.6458 -0.0851 -0.2098 0.0119 0.9740
1305031466.1276 -0.4848 -0.2440 0.6411 -0.0914 -0.2145 0.0129 0.9723
1305031466.1604 -0.4750 -0.2327 0.6312 -0.0972 -0.2169 0.0158 0.9712
1305031466.1958 -0.4629 -0.2202 0.6243 -0.1049 -0.2231 0.0165 0.9690
1305031466.2280 -0.4476 -0.2172 0.6257 -0.1184 -0.2310 0.0134 0.9656
1305031466.2598 -0.4242 -0.2223 0.6243 -0.1208 -0.2368 0.0072 0.9640
1305031466.2957 -0.3978 -0.2140 0.6213 -0.1161 -0.2372 -0.0004 0.9645
1305031466.3277 -0.3792 -0.2155 0.6089 -0.1149 -0.2295 -0.0098 0.9665
1305031466.3598 -0.3651 -0.2079 0.5914 -0.1157 -0.2195 -0.0188 0.9685
1305031466.3958 -0.3453 -0.2282 0.5854 -0.1222 -0.2181 -0.0195 0.9681
1305031466.4278 -0.3375 -0.2218 0.5738 -0.1156 -0.2186 -0.0230 0.9687
1305031466.4598 -0.3268 -0.2200 0.5644 -0.1158 -0.2212 -0.0282 0.9679
1305031466.4958 -0.3063 -0.2122 0.5614 -0.1183 -0.2257 -0.0263 0.9666
1305031466.5275 -0.2826 -0.2227 0.5584 -0.1225 -0.2248 -0.0288 0.9662
1305031466.5604 -0.2553 -0.2154 0.5418 -0.1214 -0.2207 -0.0310 0.9673
1305031466.5959 -0.2352 -0.2180 0.5378 -0.1327 -0.2210 -0.0350 0.9656
1305031466.6275 -0.2091 -0.2377 0.5399 -0.1413 -0.2221 -0.0417 0.9638
1305031466.6597 -0.1822 -0.2466 0.5308 -0.1376 -0.2202 -0.0457 0.9646
1305031466.6958 -0.1667 -0.2454 0.5178 -0.1364 -0.2210 -0.0529 0.9642
1305031466.7281 -0.1492 -0.2547 0.5168 -0.1441 -0.2238 -0.0656 0.9617
1305031466.7596 -0.1256 -0.2622 0.5265 -0.1434 -0.2279 -0.0713 0.9604
1305031466.7956 -0.1097 -0.2625 0.5247 -0.1399 -0.2306 -0.0732 0.9602
1305031466.8279 -0.0964 -0.2563 0.5188 -0.1401 -0.2331 -0.0761 0.9593
1305031466.8597 -0.0916 -0.2586 0.5180 -0.1419 -0.2346 -0.0761 0.9587
1305031466.8957 -0.0829 -0.2572 0.5223 -0.1407 -0.2431 -0.0756 0.9568
1305031466.9278 -0.0611 -0.2654 0.5205 -0.1430 -0.2572 -0.0741 0.9528
1305031466.9597 -0.0452 -0.2698 0.5141 -0.1425 -0.2633 -0.0738 0.9513
1305031466.9957 -0.0358 -0.2750 0.5104 -0.1422 -0.2654 -0.0782 0.9504
1305031467.0278 -0.0261 -0.2750 0.5118 -0.1419 -0.2678 -0.0800 0.9496
1305031467.0597 -0.0073 -0.2841 0.5126 -0.1434 -0.2717 -0.0835 0.9480
1305031467.0957 0.0036 -0.2809 0.5061 -0.1423 -0.2719 -0.0894 0.9475
1305031467.1290 0.0068 -0.2849 0.5104 -0.1427 -0.2735 -0.0964 0.9463
1305031467.1597 0.0227 -0.2863 0.5091 -0.1407 -0.2777 -0.0993 0.9451
1305031467.1957 0.0320 -0.2927 0.5084 -0.1415 -0.2815 -0.1034 0.9434
1305031467.2277 0.0474 -0.2940 0.5064 -0.1398 -0.2876 -0.1059 0.9416
1305031467.2597 0.0503 -0.2963 0.5053 -0.1389 -0.2894 -0.1102 0.9407
1305031467.2958 0.0611 -0.2997 0.4993 -0.1363 -0.2931 -0.1161 0.9392
1305031467.3280 0.0721 -0.3038 0.4972 -0.1365 -0.2971 -0.1180 0.9376
1305031467.3597 0.0981 -0.3055 0.4933 -0.1386 -0.3054 -0.1191 0.9345
1305031467.3958 0.1084 -0.3031 0.4915 -0.1410 -0.3099 -0.1214 0.9324
1305031467.4278 0.1136 -0.3030 0.4894 -0.1410 -0.3127 -0.1252 0.9309
1305031467.4597 0.1311 -0.3125 0.4845 -0.1429 -0.3184 -0.1264 0.9286
1305031467.4961 0.1432 -0.2977 0.4782 -0.1406 -0.3231 -0.1293 0.9269
1305031467.5277 0.1537 -0.2815 0.4734 -0.1374 -0.3250 -0.1323 0.9263
1305031467.5598 0.1659 -0.2901 0.4746 -0.1388 -0.3266 -0.1342 0.9252
1305031467.5960 0.1712 -0.2956 0.4776 -0.1408 -0.3268 -0.1327 0.9251
1305031467.6275 0.1795 -0.2913 0.4799 -0.1381 -0.3296 -0.1295 0.9249
1305031467.6596 0.1851 -0.2956 0.4875 -0.1344 -0.3335 -0.1256 0.9246
1305031467.6959 0.1865 -0.3000 0.4866 -0.1330 -0.3339 -0.1282 0.9243
1305031467.7275 0.1885 -0.3032 0.4899 -0.1281 -0.3351 -0.1337 0.9238
1305031467.7599 0.1910 -0.3074 0.4916 -0.1231 -0.3347 -0.1354 0.9244
1305031467.7961 0.1892 -0.3166 0.4924 -0.1203 -0.3348 -0.1395 0.9241
1305031467.8278 0.1839 -0.3217 0.4987 -0.1157 -0.3342 -0.1411 0.9247
1305031467.8597 0.1787 -0.3307 0.5010 -0.1107 -0.3338 -0.1382 0.9259
1305031467.8959 0.1808 -0.3434 0.5066 -0.1092 -0.3389 -0.1381 0.9242
1305031467.9278 0.1807 -0.3461 0.5181 -0.1054 -0.3432 -0.1407 0.9227
1305031467.9598 0.1830 -0.3570 0.5294 -0.1008 -0.3467 -0.1414 0.9218
1305031467.9958 0.1842 -0.3536 0.5388 -0.0985 -0.3483 -0.1413 0.9214
1305031468.0281 0.1852 -0.3558 0.5563 -0.0988 -0.3496 -0.1437 0.9205
1305031468.0598 0.1815 -0.3714 0.5648 -0.0962 -0.3497 -0.1487 0.9200
1305031468.0959 0.1838 -0.3717 0.5769 -0.0940 -0.3525 -0.1491 0.9190
1305031468.1278 0.1863 -0.3760 0.5930 -0.0946 -0.3547 -0.1501 0.9180
1305031468.1599 0.1868 -0.3787 0.6028 -0.0934 -0.3556 -0.1518 0.9175
1305031468.1960 0.1861 -0.3747 0.6233 -0.0916 -0.3570 -0.1540 0.9167
1305031468.2282 0.1937 -0.3813 0.6448 -0.0920 -0.3583 -0.1540 0.9162
1305031468.2598 0.2011 -0.3865 0.6717 -0.0927 -0.3599 -0.1525 0.9158
1305031468.2958 0.2063 -0.3870 0.7002 -0.0924 -0.3606 -0.1513 0.9157
1305031468.3278 0.2108 -0.4065 0.7243 -0.0930 -0.3609 -0.1524 0.9154
1305031468.3598 0.2155 -0.4113 0.7489 -0.0913 -0.3604 -0.1440 0.9171
1305031468.3959 0.2192 -0.4117 0.7558 -0.0911 -0.3596 -0.1432 0.9175
1305031468.4280 0.2217 -0.4261 0.7812 -0.0948 -0.3612 -0.1435 0.9165
1305031468.4598 0.2152 -0.4465 0.7898 -0.0991 -0.3584 -0.1420 0.9174
1305031468.4958 0.2205 -0.4541 0.8066 -0.1005 -0.3602 -0.1416 0.9166
1305031468.5278 0.2158 -0.4713 0.8244 -0.0999 -0.3596 -0.1462 0.9161
1305031468.5597 0.2064 -0.4930 0.8263 -0.0934 -0.3591 -0.1559 0.9154
1305031468.5958 0.2046 -0.5063 0.8277 -0.0932 -0.3599 -0.1598 0.9145
1305031468.6276 0.2022 -0.5077 0.8326 -0.0951 -0.3607 -0.1597 0.9140
1305031468.6596 0.1882 -0.5320 0.8439 -0.0967 -0.3629 -0.1618 0.9125
1305031468.6958 0.1741 -0.5595 0.8530 -0.0960 -0.3671 -0.1660 0.9102
1305031468.7278 0.1699 -0.5638 0.8549 -0.0880 -0.3718 -0.1640 0.9095
1305031468.7596 0.1625 -0.5710 0.8588 -0.0865 -0.3741 -0.1649 0.9085
1305031468.7958 0.1474 -0.5951 0.8662 -0.0843 -0.3754 -0.1693 0.9074
1305031468.8292 0.1416 -0.6132 0.8611 -0.0764 -0.3761 -0.1761 0.9065
1305031468.8597 0.1381 -0.6125 0.8616 -0.0726 -0.3759 -0.1799 0.9061
1305031468.8959 0.1446 -0.6190 0.8845 -0.0746 -0.3767 -0.1804 0.9055
1305031468.9281 0.1419 -0.6341 0.8937 -0.0815 -0.3710 -0.1789 0.9076
1305031468.9596 0.1428 -0.6388 0.8942 -0.0874 -0.3662 -0.1757 0.9096
1305031468.9957 0.1309 -0.6299 0.8871 -0.0976 -0.3597 -0.1824 0.9098
1305031469.0277 0.1238 -0.6342 0.8966 -0.1153 -0.3573 -0.1905 0.9071
1305031469.0598 0.1139 -0.6589 0.9109 -0.1324 -0.3574 -0.1994 0.9027
1305031469.0957 0.1048 -0.6611 0.9208 -0.1431 -0.3566 -0.2111 0.8988
1305031469.1277 0.1037 -0.6672 0.9430 -0.1547 -0.3549 -0.2219 0.8949
1305031469.1597 0.0993 -0.6816 0.9553 -0.1679 -0.3475 -0.2331 0.8926
1305031469.1955 0.0887 -0.6833 0.9751 -0.1763 -0.3402 -0.2388 0.8923
1305031469.2278 0.0794 -0.6802 0.9759 -0.1791 -0.3325 -0.2440 0.8932
1305031469.2596 0.0828 -0.6774 0.9905 -0.1820 -0.3338 -0.2445 0.8920
1305031469.2968 0.0694 -0.6698 1.0099 -0.1882 -0.3281 -0.2519 0.8908
1305031469.3276 0.0674 -0.6544 1.0123 -0.1874 -0.3258 -0.2523 0.8917
1305031469.3596 0.0731 -0.6543 1.0391 -0.1937 -0.3270 -0.2620 0.8871
1305031469.3957 0.0707 -0.6571 1.0576 -0.1965 -0.3191 -0.2688 0.8873
1305031469.4277 0.0689 -0.6352 1.0620 -0.1893 -0.3081 -0.2737 0.8912
1305031469.4597 0.0568 -0.6248 1.0750 -0.1888 -0.2988 -0.2851 0.8910
1305031469.4957 0.0539 -0.6104 1.0765 -0.1858 -0.2951 -0.2843 0.8931
1305031469.5276 0.0527 -0.5957 1.0799 -0.1864 -0.2948 -0.2831 0.8934
1305031469.5596 0.0470 -0.5853 1.0873 -0.1924 -0.2941 -0.2839 0.8921
1305031469.5958 0.0423 -0.5599 1.0907 -0.1947 -0.2917 -0.2836 0.8925
1305031469.6278 0.0433 -0.5533 1.1072 -0.2058 -0.2934 -0.2844 0.8892
1305031469.6596 0.0311 -0.5460 1.1159 -0.2157 -0.2867 -0.2871 0.8882
1305031469.6956 0.0247 -0.5296 1.1187 -0.2187 -0.2814 -0.2853 0.8897
1305031469.7277 0.0170 -0.5108 1.1249 -0.2234 -0.2744 -0.2849 0.8909
1305031469.7596 0.0096 -0.4937 1.1251 -0.2298 -0.2669 -0.2835 0.8920
1305031469.7956 0.0086 -0.4675 1.1239 -0.2308 -0.2638 -0.2808 0.8935
1305031469.8275 0.0079 -0.4468 1.1255 -0.2335 -0.2660 -0.2749 0.8940
1305031469.8596 -0.0135 -0.4175 1.1260 -0.2380 -0.2602 -0.2752 0.8944
1305031469.8958 -0.0148 -0.4099 1.1280 -0.2458 -0.2642 -0.2736 0.8916
1305031469.9279 -0.0326 -0.3865 1.1299 -0.2495 -0.2617 -0.2701 0.8924
1305031469.9598 -0.0462 -0.3701 1.1333 -0.2523 -0.2643 -0.2686 0.8913
1305031469.9956 -0.0550 -0.3501 1.1263 -0.2536 -0.2635 -0.2639 0.8925
1305031470.0277 -0.0661 -0.3389 1.1205 -0.2579 -0.2641 -0.2637 0.8912
1305031470.0596 -0.0700 -0.3314 1.1240 -0.2640 -0.2702 -0.2617 0.8882
1305031470.0959 -0.0835 -0.3172 1.1164 -0.2660 -0.2680 -0.2609 0.8884
1305031470.1276 -0.0862 -0.3039 1.1091 -0.2695 -0.2699 -0.2563 0.8882
1305031470.1596 -0.1008 -0.2912 1.1050 -0.2734 -0.2703 -0.2544 0.8874
1305031470.1961 -0.1135 -0.2660 1.0901 -0.2704 -0.2650 -0.2487 0.8915
1305031470.2276 -0.1222 -0.2649 1.0830 -0.2777 -0.2668 -0.2508 0.8881
1305031470.2600 -0.1357 -0.2496 1.0747 -0.2811 -0.2641 -0.2461 0.8892
1305031470.2957 -0.1468 -0.2370 1.0600 -0.2835 -0.2599 -0.2485 0.8890
1305031470.3276 -0.1568 -0.2144 1.0523 -0.2841 -0.2585 -0.2426 0.8908
1305031470.3596 -0.1658 -0.2019 1.0428 -0.2873 -0.2594 -0.2380 0.8908
1305031470.3958 -0.1750 -0.1962 1.0382 -0.2950 -0.2624 -0.2315 0.8891
1305031470.4276 -0.1861 -0.1782 1.0255 -0.2907 -0.2616 -0.2281 0.8916
1305031470.4597 -0.1972 -0.1711 1.0152 -0.2893 -0.2624 -0.2283 0.8918
1305031470.4957 -0.2068 -0.1661 1.0091 -0.2898 -0.2655 -0.2257 0.8914
1305031470.5277 -0.2179 -0.1604 1.0011 -0.2901 -0.2648 -0.2230 0.8922
1305031470.5597 -0.2273 -0.1546 0.9954 -0.2899 -0.2660 -0.2250 0.8914
1305031470.5958 -0.2387 -0.1447 0.9876 -0.2900 -0.2623 -0.2180 0.8942
1305031470.6277 -0.2494 -0.1383 0.9794 -0.2919 -0.2593 -0.2141 0.8954
1305031470.6597 -0.2615 -0.1285 0.9715 -0.2912 -0.2554 -0.2077 0.8983
1305031470.6956 -0.2703 -0.1209 0.9679 -0.2923 -0.2557 -0.2026 0.8990
1305031470.7277 -0.2836 -0.1131 0.9622 -0.2895 -0.2523 -0.2019 0.9010
1305031470.7597 -0.2898 -0.1111 0.9591 -0.2897 -0.2495 -0.2018 0.9017
1305031470.7956 -0.2919 -0.1065 0.9551 -0.2886 -0.2477 -0.1988 0.9033
1305031470.8278 -0.2987 -0.0975 0.9473 -0.2812 -0.2452 -0.1918 0.9077
1305031470.8596 -0.3052 -0.0964 0.9443 -0.2788 -0.2455 -0.1848 0.9098
1305031470.8957 -0.3185 -0.0902 0.9337 -0.2725 -0.2399 -0.1786 0.9145
1305031470.9277 -0.3293 -0.0873 0.9285 -0.2677 -0.2397 -0.1728 0.9171
1305031470.9596 -0.3425 -0.0875 0.9223 -0.2577 -0.2393 -0.1691 0.9207
1305031470.9960 -0.3491 -0.0842 0.9148 -0.2447 -0.2386 -0.1698 0.9243
1305031471.0276 -0.3527 -0.0816 0.9112 -0.2320 -0.2386 -0.1664 0.9282
1305031471.0596 -0.3602 -0.0826 0.9076 -0.2218 -0.2358 -0.1631 0.9320
1305031471.0958 -0.3653 -0.0792 0.8995 -0.2105 -0.2338 -0.1578 0.9360
1305031471.1277 -0.3685 -0.0786 0.8988 -0.2047 -0.2361 -0.1504 0.9379
1305031471.1596 -0.3729 -0.0801 0.8970 -0.2013 -0.2351 -0.1443 0.9399
1305031471.1957 -0.3732 -0.0760 0.8935 -0.1959 -0.2342 -0.1395 0.9420
1305031471.2276 -0.3761 -0.0696 0.8895 -0.1907 -0.2323 -0.1356 0.9441
1305031471.2597 -0.3808 -0.0711 0.8892 -0.1922 -0.2304 -0.1337 0.9445
1305031471.2961 -0.3828 -0.0703 0.8895 -0.1910 -0.2297 -0.1306 0.9454
1305031471.3276 -0.3844 -0.0694 0.8892 -0.1876 -0.2276 -0.1278 0.9469
1305031471.3596 -0.3853 -0.0717 0.8909 -0.1893 -0.2240 -0.1257 0.9477
1305031471.3957 -0.3840 -0.0711 0.8900 -0.1876 -0.2209 -0.1165 0.9500
1305031471.4277 -0.3880 -0.0726 0.8859 -0.1861 -0.2179 -0.1109 0.9516
1305031471.4596 -0.3926 -0.0705 0.8814 -0.1841 -0.2159 -0.1089 0.9527
1305031471.4965 -0.4007 -0.0731 0.8764 -0.1865 -0.2114 -0.1067 0.9535
1305031471.5276 -0.4031 -0.0729 0.8741 -0.1866 -0.2102 -0.1041 0.9540
1305031471.5597 -0.4051 -0.0718 0.8736 -0.1864 -0.2090 -0.1034 0.9544
1305031471.5957 -0.4053 -0.0734 0.8731 -0.1879 -0.2068 -0.1021 0.9547
1305031471.6276 -0.4046 -0.0734 0.8711 -0.1878 -0.2049 -0.1000 0.9554
1305031471.6596 -0.4008 -0.0710 0.8660 -0.1828 -0.2037 -0.0949 0.9571
1305031471.6956 -0.4044 -0.0769 0.8627 -0.1863 -0.1989 -0.0942 0.9575
1305031471.7275 -0.4055 -0.0773 0.8583 -0.1875 -0.1949 -0.0912 0.9584
1305031471.7597 -0.4029 -0.0726 0.8575 -0.1864 -0.1903 -0.0805 0.9605
1305031471.7958 -0.4015 -0.0755 0.8532 -0.1891 -0.1839 -0.0733 0.9618
1305031471.8276 -0.4043 -0.0797 0.8519 -0.1968 -0.1791 -0.0711 0.9613
1305031471.8597 -0.4058 -0.0792 0.8532 -0.2023 -0.1757 -0.0651 0.9612
1305031471.8956 -0.4057 -0.0739 0.8499 -0.2055 -0.1704 -0.0570 0.9620
1305031471.9277 -0.4077 -0.0728 0.8515 -0.2128 -0.1646 -0.0512 0.9618
1305031471.9596 -0.4047 -0.0671 0.8549 -0.2128 -0.1625 -0.0466 0.9624
1305031471.9956 -0.3998 -0.0655 0.8510 -0.2142 -0.1585 -0.0397 0.9630
1305031472.0276 -0.4054 -0.0552 0.8483 -0.2160 -0.1515 -0.0381 0.9638
1305031472.0597 -0.4065 -0.0547 0.8493 -0.2176 -0.1496 -0.0360 0.9638
1305031472.0956 -0.4069 -0.0576 0.8481 -0.2223 -0.1465 -0.0310 0.9634
1305031472.1276 -0.4089 -0.0524 0.8450 -0.2248 -0.1450 -0.0287 0.9631
1305031472.1596 -0.4157 -0.0527 0.8510 -0.2292 -0.1428 -0.0284 0.9624
1305031472.1957 -0.4216 -0.0476 0.8504 -0.2230 -0.1390 -0.0219 0.9646
1305031472.2276 -0.4225 -0.0453 0.8460 -0.2180 -0.1389 -0.0205 0.9658
1305031472.2638 -0.4252 -0.0500 0.8459 -0.2173 -0.1363 -0.0207 0.9663
1305031472.2957 -0.4222 -0.0419 0.8442 -0.2052 -0.1374 -0.0169 0.9689
1305031472.3277 -0.4235 -0.0367 0.8313 -0.1928 -0.1345 -0.0133 0.9719
1305031472.3636 -0.4238 -0.0370 0.8267 -0.1912 -0.1338 -0.0097 0.9723
1305031472.3956 -0.4242 -0.0379 0.8277 -0.1913 -0.1351 -0.0087 0.9722
1305031472.4277 -0.4225 -0.0354 0.8294 -0.1870 -0.1395 -0.0077 0.9724
1305031472.4636 -0.4217 -0.0358 0.8293 -0.1832 -0.1408 -0.0082 0.9729
1305031472.4956 -0.4217 -0.0428 0.8296 -0.1864 -0.1388 -0.0108 0.9726
1305031472.5276 -0.4212 -0.0463 0.8321 -0.1860 -0.1377 -0.0091 0.9728
1305031472.5636 -0.4208 -0.0500 0.8325 -0.1826 -0.1381 -0.0067 0.9734
1305031472.5957 -0.4176 -0.0559 0.8342 -0.1828 -0.1403 -0.0021 0.9731
1305031472.6277 -0.4173 -0.0557 0.8355 -0.1821 -0.1404 -0.0010 0.9732
1305031472.6636 -0.4171 -0.0574 0.8377 -0.1817 -0.1402 0.0010 0.9733
1305031472.6958 -0.4149 -0.0641 0.8404 -0.1826 -0.1417 0.0033 0.9729
1305031472.7276 -0.4149 -0.0663 0.8385 -0.1771 -0.1413 0.0015 0.9740
1305031472.7636 -0.4154 -0.0678 0.8397 -0.1754 -0.1408 -0.0002 0.9744
1305031472.7956 -0.4151 -0.0695 0.8427 -0.1749 -0.1395 0.0001 0.9747
1305031472.8276 -0.4119 -0.0764 0.8486 -0.1767 -0.1410 -0.0000 0.9741
1305031472.8636 -0.4125 -0.0752 0.8484 -0.1741 -0.1406 0.0015 0.9746
1305031472.8957 -0.4117 -0.0758 0.8504 -0.1746 -0.1420 0.0036 0.9743
1305031472.9277 -0.4099 -0.0780 0.8531 -0.1757 -0.1438 0.0050 0.9739
1305031472.9638 -0.4100 -0.0795 0.8542 -0.1757 -0.1433 0.0060 0.9739
1305031472.9957 -0.4093 -0.0781 0.8557 -0.1757 -0.1447 0.0079 0.9737
1305031473.0276 -0.4084 -0.0758 0.8570 -0.1753 -0.1466 0.0086 0.9735
1305031473.0637 -0.4082 -0.0798 0.8606 -0.1782 -0.1476 0.0069 0.9728
1305031473.0957 -0.4085 -0.0807 0.8596 -0.1775 -0.1467 0.0045 0.9731
1305031473.1277 -0.4087 -0.0840 0.8594 -0.1786 -0.1459 0.0030 0.9730
1305031473.1671 -0.4079 -0.0825 0.8605 -0.1768 -0.1470 0.0050 0.9732
1305031473.1961 -0.4083 -0.0837 0.8615 -0.1758 -0.1475 0.0048 0.9733
