1305031453.3917 0.0000 0.0000 0.0000 0.0000 0.0000 0.0000 1.0000
1305031453.5237 0.0125 0.0208 -0.0399 0.0177 0.0215 0.0378 0.9989
1305031453.6277 0.0084 0.0402 -0.0824 0.0394 0.0283 0.0531 0.9974
1305031453.7277 -0.0082 0.0681 -0.1285 0.0590 0.0145 0.0418 0.9973
1305031453.8278 -0.0317 0.0904 -0.1680 0.0704 -0.0107 0.0198 0.9973
1305031453.9277 -0.0618 0.1094 -0.1937 0.0686 -0.0585 0.0007 0.9959
1305031453.9596 -0.0691 0.1133 -0.2012 0.0661 -0.0748 -0.0088 0.9950
1305031453.9916 -0.0813 0.1137 -0.2003 0.0646 -0.0861 -0.0204 0.9940
1305031454.0277 -0.0922 0.1151 -0.2046 0.0666 -0.0981 -0.0305 0.9925
1305031454.0597 -0.1022 0.1188 -0.2080 0.0676 -0.1093 -0.0419 0.9908
1305031454.0917 -0.1171 0.1205 -0.2023 0.0690 -0.1201 -0.0554 0.9888
1305031454.1277 -0.1266 0.1215 -0.2010 0.0725 -0.1347 -0.0691 0.9858
1305031454.1597 -0.1337 0.1257 -0.2034 0.0733 -0.1506 -0.0810 0.9825
1305031454.1917 -0.1468 0.1280 -0.2033 0.0716 -0.1661 -0.0957 0.9788
1305031454.2277 -0.1611 0.1261 -0.2003 0.0740 -0.1819 -0.1138 0.9739
1305031454.2596 -0.1647 0.1292 -0.2001 0.0800 -0.1962 -0.1294 0.9687
1305031454.2916 -0.1723 0.1338 -0.2010 0.0791 -0.2034 -0.1414 0.9656
1305031454.3277 -0.1904 0.1326 -0.2034 0.0798 -0.2106 -0.1577 0.9615
1305031454.3596 -0.1952 0.1350 -0.2028 0.0866 -0.2228 -0.1726 0.9556
1305031454.3917 -0.2020 0.1424 -0.2047 0.0892 -0.2298 -0.1842 0.9515
1305031454.4275 -0.2167 0.1484 -0.2075 0.0917 -0.2396 -0.1994 0.9457
1305031454.4599 -0.2162 0.1491 -0.2059 0.0942 -0.2511 -0.2153 0.9390
1305031454.4916 -0.2234 0.1546 -0.2067 0.0967 -0.2550 -0.2312 0.9339
1305031454.5277 -0.2267 0.1608 -0.2097 0.0971 -0.2605 -0.2475 0.9282
1305031454.5596 -0.2328 0.1658 -0.2132 0.0940 -0.2653 -0.2612 0.9234
1305031454.5916 -0.2404 0.1710 -0.2129 0.0916 -0.2748 -0.2782 0.9158
1305031454.6276 -0.2434 0.1741 -0.2135 0.0893 -0.2873 -0.2918 0.9079
1305031454.6595 -0.2443 0.1822 -0.2155 0.0848 -0.2986 -0.3002 0.9020
1305031454.6919 -0.2504 0.1858 -0.2142 0.0768 -0.3110 -0.3081 0.8958
1305031454.7277 -0.2486 0.1863 -0.2070 0.0709 -0.3257 -0.3127 0.8894
1305031454.7597 -0.2448 0.1882 -0.2040 0.0639 -0.3327 -0.3101 0.8883
1305031454.7916 -0.2405 0.1937 -0.2017 0.0585 -0.3363 -0.3031 0.8897
1305031454.8276 -0.2330 0.2023 -0.1992 0.0543 -0.3384 -0.2967 0.8913
1305031454.8596 -0.2293 0.2081 -0.1960 0.0483 -0.3363 -0.2903 0.8946
1305031454.8918 -0.2264 0.2152 -0.1961 0.0440 -0.3314 -0.2835 0.8988
1305031454.9276 -0.2241 0.2242 -0.1978 0.0401 -0.3254 -0.2774 0.9031
1305031454.9596 -0.2256 0.2317 -0.2022 0.0362 -0.3193 -0.2722 0.9070
1305031454.9919 -0.2300 0.2405 -0.2081 0.0334 -0.3150 -0.2670 0.9102
1305031455.0278 -0.2292 0.2527 -0.2114 0.0338 -0.3144 -0.2639 0.9113
1305031455.0596 -0.2332 0.2579 -0.2142 0.0313 -0.3113 -0.2626 0.9128
1305031455.0917 -0.2376 0.2659 -0.2190 0.0336 -0.3077 -0.2622 0.9140
1305031455.1277 -0.2417 0.2783 -0.2243 0.0355 -0.3027 -0.2601 0.9162
1305031455.1597 -0.2503 0.2896 -0.2304 0.0347 -0.2974 -0.2556 0.9192
1305031455.1917 -0.2595 0.2973 -0.2341 0.0305 -0.2936 -0.2501 0.9221
1305031455.2276 -0.2686 0.3040 -0.2395 0.0295 -0.2900 -0.2450 0.9247
1305031455.2596 -0.2733 0.3182 -0.2449 0.0280 -0.2854 -0.2382 0.9279
1305031455.2918 -0.2869 0.3221 -0.2499 0.0181 -0.2788 -0.2293 0.9324
1305031455.3278 -0.2985 0.3334 -0.2573 0.0130 -0.2753 -0.2191 0.9360
1305031455.3596 -0.3026 0.3429 -0.2592 0.0051 -0.2743 -0.2129 0.9378
1305031455.3917 -0.3137 0.3434 -0.2628 -0.0067 -0.2669 -0.2056 0.9415
1305031455.4276 -0.3284 0.3487 -0.2709 -0.0142 -0.2586 -0.1960 0.9458
1305031455.4596 -0.3426 0.3493 -0.2786 -0.0203 -0.2542 -0.1878 0.9485
1305031455.4916 -0.3533 0.3545 -0.2873 -0.0251 -0.2504 -0.1767 0.9515
1305031455.5276 -0.3710 0.3518 -0.2972 -0.0324 -0.2458 -0.1641 0.9548
1305031455.5597 -0.3872 0.3533 -0.3094 -0.0358 -0.2454 -0.1510 0.9569
1305031455.5916 -0.3984 0.3592 -0.3211 -0.0383 -0.2462 -0.1368 0.9588
1305031455.6276 -0.4128 0.3531 -0.3253 -0.0459 -0.2454 -0.1246 0.9603
1305031455.6596 -0.4280 0.3502 -0.3359 -0.0442 -0.2433 -0.1191 0.9616
1305031455.6916 -0.4416 0.3524 -0.3489 -0.0399 -0.2413 -0.1200 0.9622
1305031455.7276 -0.4548 0.3500 -0.3601 -0.0378 -0.2382 -0.1246 0.9624
1305031455.7597 -0.4681 0.3482 -0.3735 -0.0365 -0.2325 -0.1277 0.9635
1305031455.7917 -0.4837 0.3404 -0.3865 -0.0360 -0.2267 -0.1265 0.9650
1305031455.8276 -0.4964 0.3396 -0.4027 -0.0328 -0.2232 -0.1261 0.9660
1305031455.8595 -0.5078 0.3350 -0.4151 -0.0329 -0.2214 -0.1274 0.9663
1305031455.8917 -0.5176 0.3316 -0.4282 -0.0326 -0.2186 -0.1278 0.9669
1305031455.9280 -0.5283 0.3270 -0.4382 -0.0336 -0.2150 -0.1286 0.9675
1305031455.9597 -0.5371 0.3271 -0.4513 -0.0320 -0.2112 -0.1310 0.9681
1305031455.9917 -0.5458 0.3251 -0.4603 -0.0334 -0.2066 -0.1334 0.9687
1305031456.0278 -0.5537 0.3304 -0.4739 -0.0357 -0.1995 -0.1381 0.9695
1305031456.0597 -0.5674 0.3223 -0.4792 -0.0456 -0.1935 -0.1463 0.9691
1305031456.0917 -0.5801 0.3131 -0.4829 -0.0518 -0.1889 -0.1517 0.9688
1305031456.1276 -0.5893 0.3080 -0.4881 -0.0531 -0.1849 -0.1528 0.9694
1305031456.1597 -0.5995 0.2974 -0.4887 -0.0554 -0.1798 -0.1531 0.9701
1305031456.1917 -0.6083 0.2898 -0.4924 -0.0507 -0.1723 -0.1504 0.9722
1305031456.2277 -0.6134 0.2957 -0.4984 -0.0452 -0.1629 -0.1464 0.9747
1305031456.2917 -0.6408 0.2800 -0.4978 -0.0457 -0.1393 -0.1394 0.9793
1305031456.3277 -0.6518 0.2757 -0.4962 -0.0414 -0.1289 -0.1324 0.9819
1305031456.3916 -0.6739 0.2704 -0.4901 -0.0369 -0.1047 -0.1229 0.9862
1305031456.4277 -0.6913 0.2758 -0.4888 -0.0284 -0.0925 -0.1158 0.9885
1305031456.4917 -0.7285 0.2947 -0.4820 -0.0308 -0.0823 -0.1041 0.9907
1305031456.5276 -0.7407 0.2955 -0.4720 -0.0371 -0.0840 -0.0989 0.9909
1305031456.5917 -0.7606 0.3026 -0.4579 -0.0385 -0.0797 -0.0863 0.9923
1305031456.6276 -0.7716 0.3130 -0.4493 -0.0497 -0.0736 -0.0807 0.9928
1305031456.6916 -0.8105 0.3010 -0.4282 -0.0634 -0.0599 -0.0666 0.9940
1305031456.7916 -0.7542 0.2881 -0.4266 -0.0776 -0.0933 -0.0529 0.9912
1305031457.0276 -0.8343 0.3213 -0.3819 -0.0934 -0.0705 -0.0166 0.9930
1305031457.1917 -0.8929 0.3240 -0.3949 -0.1079 -0.0366 0.0085 0.9935
1305031457.2917 -0.9286 0.3093 -0.4155 -0.1056 -0.0142 0.0267 0.9940
1305031457.3917 -0.9701 0.2969 -0.4465 -0.1003 0.0206 0.0447 0.9937
1305031457.4917 -1.0180 0.2807 -0.4803 -0.0978 0.0373 0.0602 0.9927
1305031457.5597 -1.0415 0.2690 -0.5035 -0.0910 0.0457 0.0676 0.9925
1305031457.6275 -1.0721 0.2566 -0.5218 -0.0887 0.0541 0.0739 0.9918
1305031457.6916 -1.1004 0.2538 -0.5417 -0.0892 0.0574 0.0804 0.9911
1305031457.7596 -1.1228 0.2239 -0.5518 -0.0913 0.0603 0.0780 0.9909
1305031457.7916 -1.1297 0.2054 -0.5568 -0.0866 0.0638 0.0777 0.9912
1305031457.8277 -1.1417 0.2093 -0.5693 -0.0739 0.0711 0.0788 0.9916
1305031457.8916 -1.1733 0.1748 -0.5739 -0.0688 0.0890 0.0788 0.9905
1305031457.9276 -1.1923 0.1740 -0.5808 -0.0544 0.0946 0.0836 0.9905
1305031457.9916 -1.2166 0.1589 -0.5839 -0.0435 0.0964 0.0894 0.9904
1305031458.0278 -1.2258 0.1487 -0.5822 -0.0353 0.0993 0.0909 0.9903
1305031458.0597 -1.2413 0.1589 -0.5838 -0.0236 0.1045 0.0938 0.9898
1305031458.0917 -1.2570 0.1595 -0.5798 -0.0229 0.1095 0.0955 0.9891
1305031458.1276 -1.2730 0.1494 -0.5717 -0.0253 0.1142 0.0958 0.9885
1305031458.1596 -1.2908 0.1401 -0.5637 -0.0244 0.1175 0.0978 0.9879
1305031458.1916 -1.3081 0.1463 -0.5556 -0.0223 0.1180 0.1020 0.9875
1305031458.2276 -1.3222 0.1413 -0.5425 -0.0297 0.1155 0.1032 0.9875
1305031458.2599 -1.3362 0.1105 -0.5201 -0.0371 0.1136 0.1004 0.9877
1305031458.2917 -1.3533 0.1114 -0.5127 -0.0273 0.1094 0.1006 0.9885
1305031458.3276 -1.3641 0.1067 -0.4989 -0.0260 0.1028 0.1035 0.9890
1305031458.3596 -1.3722 0.0904 -0.4784 -0.0209 0.0978 0.1051 0.9894
1305031458.3916 -1.3817 0.0958 -0.4696 -0.0075 0.0939 0.1090 0.9896
1305031458.4276 -1.3857 0.0948 -0.4548 -0.0002 0.0924 0.1180 0.9887
1305031458.4596 -1.3866 0.0883 -0.4368 0.0107 0.0961 0.1254 0.9874
1305031458.4917 -1.3905 0.0852 -0.4207 0.0316 0.1054 0.1255 0.9860
1305031458.5277 -1.4013 0.1007 -0.4059 0.0516 0.1153 0.1242 0.9842
1305031458.5596 -1.4083 0.1055 -0.3866 0.0597 0.1240 0.1222 0.9829
1305031458.5916 -1.4206 0.1073 -0.3663 0.0695 0.1308 0.1165 0.9821
1305031458.6277 -1.4337 0.1338 -0.3498 0.0770 0.1315 0.1120 0.9820
1305031458.6596 -1.4460 0.1352 -0.3254 0.0706 0.1290 0.1119 0.9828
1305031458.6917 -1.4488 0.1374 -0.3024 0.0649 0.1131 0.1060 0.9858
1305031458.7276 -1.4359 0.1283 -0.2787 0.0604 0.0938 0.0987 0.9888
1305031458.7599 -1.4429 0.1323 -0.2647 0.0666 0.0792 0.0885 0.9907
1305031458.7916 -1.4399 0.1444 -0.2546 0.0673 0.0612 0.0800 0.9926
1305031458.8276 -1.4320 0.1399 -0.2381 0.0591 0.0499 0.0780 0.9939
1305031458.8917 -1.4280 0.1341 -0.2172 0.0654 0.0444 0.0682 0.9945
1305031458.9276 -1.4396 0.1401 -0.2129 0.0651 0.0523 0.0731 0.9938
1305031458.9596 -1.4453 0.1315 -0.2058 0.0555 0.0580 0.0860 0.9931
1305031458.9916 -1.4550 0.1050 -0.1970 0.0524 0.0623 0.0907 0.9925
1305031459.0277 -1.4758 0.0984 -0.1924 0.0619 0.0615 0.0911 0.9920
1305031459.0596 -1.4962 0.0876 -0.1839 0.0684 0.0556 0.1019 0.9909
1305031459.1276 -1.4641 0.0282 -0.2323 0.0502 0.0379 0.1235 0.9903
1305031459.1596 -1.4732 0.0279 -0.2257 0.0593 0.0117 0.1267 0.9901
1305031459.1917 -1.4833 0.0297 -0.2192 0.0651 -0.0068 0.1340 0.9888
1305031459.2276 -1.4901 0.0321 -0.2084 0.0672 -0.0196 0.1455 0.9869
1305031459.2598 -1.4913 0.0417 -0.1907 0.0682 -0.0237 0.1545 0.9854
1305031459.3276 -1.5001 0.0481 -0.1710 0.0619 0.0067 0.1828 0.9812
1305031459.3597 -1.5106 0.0580 -0.1610 0.0660 0.0316 0.2016 0.9767
1305031459.3917 -1.5285 0.0782 -0.1514 0.0650 0.0603 0.2247 0.9704
1305031459.4276 -1.5077 0.0874 -0.0833 0.0691 0.0552 0.2186 0.9718
1305031459.4597 -1.4831 0.0842 -0.0478 0.0676 0.0514 0.2307 0.9693
1305031459.5276 -1.4339 0.0923 -0.0001 0.0700 0.0362 0.2448 0.9664
1305031459.5596 -1.4492 0.0812 -0.0101 0.0577 0.0543 0.2736 0.9586
1305031459.5917 -1.4670 0.0840 -0.0128 0.0534 0.0628 0.2919 0.9529
1305031459.6276 -1.4763 0.0808 -0.0118 0.0472 0.0648 0.3025 0.9498
1305031459.6596 -1.4896 0.0862 -0.0105 0.0488 0.0719 0.3030 0.9490
1305031459.6916 -1.5071 0.0841 -0.0120 0.0431 0.0848 0.3077 0.9467
1305031459.7276 -1.5213 0.0703 -0.0151 0.0357 0.0937 0.3112 0.9450
1305031459.7917 -1.5620 0.0474 -0.0218 0.0369 0.1061 0.3053 0.9456
1305031459.8277 -1.5802 0.0391 -0.0230 0.0364 0.1069 0.3029 0.9463
1305031459.8597 -1.6005 0.0297 -0.0234 0.0323 0.1069 0.3012 0.9470
1305031459.8916 -1.6132 0.0167 -0.0210 0.0261 0.1030 0.3038 0.9468
1305031459.9276 -1.6252 0.0048 -0.0188 0.0244 0.1003 0.3071 0.9461
1305031459.9917 -1.6516 -0.0155 -0.0141 0.0183 0.0986 0.3137 0.9442
1305031460.0276 -1.6613 -0.0288 -0.0108 0.0162 0.0988 0.3165 0.9433
1305031460.0597 -1.6761 -0.0423 -0.0100 0.0159 0.1001 0.3184 0.9425
1305031460.0917 -1.6898 -0.0604 -0.0102 0.0144 0.0963 0.3262 0.9403
1305031460.1277 -1.6967 -0.0737 -0.0058 0.0168 0.0869 0.3364 0.9375
1305031460.1597 -1.7082 -0.0803 -0.0026 0.0220 0.0796 0.3442 0.9352
1305031460.1916 -1.7117 -0.0855 0.0069 0.0209 0.0722 0.3511 0.9333
1305031460.2278 -1.7071 -0.0946 0.0170 0.0199 0.0701 0.3549 0.9321
1305031460.2917 -1.7154 -0.1146 0.0257 0.0227 0.0865 0.3552 0.9305
1305031460.3275 -1.7198 -0.1259 0.0289 0.0235 0.0952 0.3575 0.9288
1305031460.3916 -1.7271 -0.1438 0.0405 0.0192 0.1155 0.3637 0.9241
1305031460.4275 -1.7311 -0.1548 0.0448 0.0178 0.1270 0.3683 0.9208
1305031460.4596 -1.7338 -0.1598 0.0503 0.0169 0.1403 0.3719 0.9175
1305031460.4915 -1.7424 -0.1668 0.0531 0.0113 0.1565 0.3773 0.9127
1305031460.5276 -1.7446 -0.1791 0.0569 0.0028 0.1684 0.3869 0.9066
1305031460.5596 -1.7449 -0.1909 0.0613 -0.0039 0.1784 0.3904 0.9032
1305031460.5919 -1.7507 -0.2017 0.0642 -0.0074 0.1886 0.3909 0.9009
1305031460.6276 -1.7527 -0.2136 0.0682 -0.0108 0.1973 0.3933 0.8979
1305031460.6598 -1.7608 -0.2255 0.0712 -0.0125 0.2064 0.3925 0.8962
1305031460.6917 -1.7705 -0.2357 0.0755 -0.0154 0.2124 0.3931 0.8945
1305031460.7277 -1.7727 -0.2446 0.0822 -0.0204 0.2146 0.3928 0.8940
1305031460.7597 -1.7757 -0.2562 0.0885 -0.0235 0.2202 0.3909 0.8934
1305031460.7917 -1.7843 -0.2673 0.0945 -0.0260 0.2254 0.3898 0.8925
1305031460.8277 -1.7888 -0.2736 0.1031 -0.0296 0.2272 0.3863 0.8934
1305031460.8597 -1.7911 -0.2811 0.1109 -0.0350 0.2311 0.3832 0.8936
1305031460.8918 -1.7952 -0.2940 0.1198 -0.0422 0.2371 0.3797 0.8932
1305031460.9276 -1.8006 -0.3073 0.1295 -0.0482 0.2406 0.3785 0.8925
1305031460.9917 -1.7941 -0.3333 0.1466 -0.0531 0.2445 0.3813 0.8900
1305031461.0276 -1.7953 -0.3458 0.1561 -0.0524 0.2474 0.3824 0.8887
1305031461.0917 -1.8012 -0.3603 0.1731 -0.0498 0.2469 0.3816 0.8894
1305031461.1276 -1.7954 -0.3712 0.1815 -0.0523 0.2463 0.3800 0.8901
1305031461.1597 -1.7929 -0.3852 0.1905 -0.0516 0.2480 0.3787 0.8902
1305031461.1920 -1.7935 -0.3881 0.1975 -0.0473 0.2481 0.3746 0.8921
1305031461.2276 -1.7944 -0.3946 0.2055 -0.0466 0.2500 0.3721 0.8927
1305031461.2596 -1.7922 -0.4025 0.2132 -0.0451 0.2501 0.3692 0.8939
1305031461.2917 -1.7911 -0.4052 0.2204 -0.0418 0.2502 0.3633 0.8965
1305031461.3278 -1.7876 -0.4046 0.2273 -0.0389 0.2517 0.3588 0.8980
1305031461.3597 -1.7915 -0.4016 0.2344 -0.0406 0.2561 0.3538 0.8986
1305031461.3917 -1.7846 -0.4137 0.2442 -0.0504 0.2565 0.3545 0.8978
1305031461.4276 -1.7791 -0.4183 0.2492 -0.0513 0.2567 0.3528 0.8984
1305031461.4598 -1.7794 -0.4139 0.2538 -0.0534 0.2572 0.3535 0.8978
1305031461.4917 -1.7649 -0.4293 0.2584 -0.0611 0.2561 0.3556 0.8968
1305031461.5277 -1.7642 -0.4263 0.2588 -0.0542 0.2575 0.3533 0.8978
1305031461.5597 -1.7564 -0.4211 0.2559 -0.0538 0.2575 0.3496 0.8992
1305031461.5917 -1.7524 -0.4182 0.2541 -0.0522 0.2649 0.3459 0.8986
1305031461.6275 -1.7497 -0.4130 0.2539 -0.0534 0.2710 0.3450 0.8970
1305031461.6596 -1.7460 -0.4096 0.2532 -0.0550 0.2759 0.3446 0.8956
1305031461.6916 -1.7457 -0.4008 0.2533 -0.0550 0.2798 0.3492 0.8926
1305031461.7276 -1.7358 -0.3983 0.2523 -0.0594 0.2797 0.3551 0.8900
1305031461.7597 -1.7324 -0.3870 0.2474 -0.0582 0.2812 0.3576 0.8886
1305031461.7916 -1.7268 -0.3767 0.2433 -0.0617 0.2831 0.3615 0.8862
1305031461.8276 -1.7203 -0.3691 0.2405 -0.0641 0.2877 0.3661 0.8827
1305031461.8598 -1.7222 -0.3518 0.2358 -0.0624 0.2929 0.3722 0.8785
1305031461.8917 -1.7249 -0.3368 0.2337 -0.0655 0.2964 0.3829 0.8725
1305031461.9278 -1.7169 -0.3294 0.2310 -0.0743 0.2944 0.3931 0.8679
1305031461.9597 -1.7088 -0.3146 0.2236 -0.0782 0.2967 0.3960 0.8655
1305031461.9916 -1.7211 -0.2961 0.2209 -0.0816 0.3073 0.4006 0.8593
1305031462.0277 -1.7231 -0.2956 0.2262 -0.0950 0.3105 0.4107 0.8520
1305031462.0598 -1.7253 -0.2910 0.2277 -0.1013 0.3081 0.4224 0.8464
1305031462.0918 -1.7231 -0.2820 0.2240 -0.1052 0.3021 0.4341 0.8422
1305031462.1277 -1.7237 -0.2716 0.2203 -0.1087 0.2992 0.4428 0.8382
1305031462.1596 -1.7236 -0.2668 0.2181 -0.1145 0.2976 0.4484 0.8350
1305031462.1916 -1.7274 -0.2571 0.2151 -0.1173 0.2971 0.4474 0.8353
1305031462.2276 -1.7328 -0.2491 0.2131 -0.1231 0.2982 0.4472 0.8342
1305031462.2598 -1.7380 -0.2448 0.2133 -0.1310 0.2980 0.4447 0.8344
1305031462.2916 -1.7437 -0.2371 0.2126 -0.1370 0.2953 0.4401 0.8369
1305031462.3597 -1.7572 -0.2183 0.2092 -0.1493 0.2915 0.4269 0.8429
1305031462.4920 -1.7832 -0.2589 0.2866 -0.2191 0.3021 0.4070 0.8337
1305031462.6925 -1.8140 -0.2610 0.2709 -0.2499 0.2787 0.3596 0.8547
1305031462.7598 -1.8211 -0.2507 0.2519 -0.2517 0.2608 0.3393 0.8681
1305031462.8278 -1.8230 -0.2501 0.2346 -0.2616 0.2488 0.3268 0.8734
1305031462.9276 -1.8166 -0.2201 0.1976 -0.2604 0.2387 0.3129 0.8817
1305031462.9955 -1.8085 -0.2011 0.1710 -0.2505 0.2284 0.3061 0.8896
1305031463.0598 -1.8015 -0.2033 0.1364 -0.2440 0.2176 0.2935 0.8983
1305031463.1275 -1.7925 -0.1823 0.1110 -0.2334 0.2072 0.2765 0.9089
1305031463.1598 -1.7898 -0.1829 0.0939 -0.2299 0.2052 0.2665 0.9133
1305031463.2600 -1.7657 -0.1622 0.0567 -0.2208 0.1963 0.2505 0.9219
1305031463.3598 -1.7437 -0.1573 0.0232 -0.2151 0.1869 0.2430 0.9272
1305031463.4598 -1.7158 -0.1519 -0.0063 -0.2138 0.1787 0.2370 0.9307
1305031463.5277 -1.6883 -0.1406 -0.0209 -0.2127 0.1850 0.2330 0.9307
1305031463.6276 -1.6480 -0.1298 -0.0446 -0.2072 0.1849 0.2312 0.9324
1305031463.6956 -1.6285 -0.1233 -0.0693 -0.1925 0.1887 0.2231 0.9368
1305031463.7597 -1.5700 -0.1412 -0.0929 -0.1943 0.1794 0.2187 0.9393
1305031463.8278 -1.5371 -0.1490 -0.1200 -0.1876 0.1780 0.1986 0.9454
1305031463.8599 -1.5170 -0.1599 -0.1315 -0.1864 0.1772 0.1887 0.9478
1305031463.8956 -1.5051 -0.1659 -0.1454 -0.1816 0.1780 0.1795 0.9503
1305031463.9597 -1.4747 -0.1858 -0.1669 -0.1800 0.1698 0.1692 0.9540
1305031463.9958 -1.4597 -0.1966 -0.1804 -0.1765 0.1650 0.1631 0.9566
1305031464.0277 -1.4470 -0.2039 -0.1949 -0.1744 0.1604 0.1553 0.9590
1305031464.0597 -1.4285 -0.2166 -0.2055 -0.1742 0.1567 0.1471 0.9610
1305031464.0956 -1.4196 -0.2261 -0.2180 -0.1694 0.1573 0.1377 0.9631
1305031464.1277 -1.4162 -0.2354 -0.2290 -0.1660 0.1571 0.1325 0.9645
1305031464.1598 -1.4095 -0.2507 -0.2363 -0.1625 0.1532 0.1316 0.9658
1305031464.1956 -1.4041 -0.2635 -0.2445 -0.1536 0.1461 0.1290 0.9687
1305031464.2276 -1.4023 -0.2638 -0.2573 -0.1410 0.1360 0.1267 0.9724
1305031464.2596 -1.3986 -0.2653 -0.2697 -0.1340 0.1212 0.1268 0.9753
1305031464.2957 -1.3862 -0.2662 -0.2788 -0.1303 0.1023 0.1241 0.9783
1305031464.3279 -1.3685 -0.2701 -0.2880 -0.1280 0.0861 0.1202 0.9807
1305031464.3597 -1.3519 -0.2787 -0.2950 -0.1247 0.0748 0.1162 0.9825
1305031464.3956 -1.3314 -0.2785 -0.3069 -0.1180 0.0658 0.1092 0.9848
1305031464.4276 -1.3170 -0.2811 -0.3174 -0.1152 0.0631 0.0994 0.9863
1305031464.4597 -1.3056 -0.2909 -0.3272 -0.1130 0.0598 0.0912 0.9876
1305031464.4956 -1.2856 -0.2942 -0.3386 -0.1098 0.0549 0.0859 0.9887
1305031464.5276 -1.2744 -0.2972 -0.3531 -0.1070 0.0540 0.0776 0.9897
1305031464.5597 -1.2545 -0.3052 -0.3634 -0.1088 0.0491 0.0664 0.9906
1305031464.5957 -1.2230 -0.3294 -0.3722 -0.1086 0.0478 0.0569 0.9913
1305031464.6277 -1.2035 -0.3420 -0.3853 -0.0988 0.0563 0.0482 0.9923
1305031464.6597 -1.1902 -0.3503 -0.3939 -0.0879 0.0661 0.0350 0.9933
1305031464.6957 -1.1799 -0.3742 -0.3937 -0.0770 0.0746 0.0184 0.9941
1305031464.7277 -1.1808 -0.3767 -0.3979 -0.0565 0.0800 0.0023 0.9952
1305031464.7597 -1.1738 -0.3676 -0.4050 -0.0396 0.0766 -0.0152 0.9962
1305031464.7960 -1.1745 -0.3778 -0.4011 -0.0325 0.0705 -0.0323 0.9965
1305031464.8278 -1.1759 -0.3786 -0.3964 -0.0207 0.0574 -0.0447 0.9971
1305031464.8597 -1.1629 -0.3691 -0.3970 -0.0120 0.0371 -0.0580 0.9976
1305031464.8958 -1.1442 -0.3669 -0.3935 -0.0122 0.0167 -0.0771 0.9968
1305031464.9278 -1.1288 -0.3881 -0.3818 -0.0167 0.0013 -0.0974 0.9951
1305031464.9598 -1.1120 -0.4024 -0.3701 -0.0135 -0.0080 -0.1143 0.9933
1305031464.9957 -1.0939 -0.4020 -0.3593 -0.0051 -0.0135 -0.1317 0.9912
1305031465.0278 -1.0882 -0.4007 -0.3424 0.0009 -0.0155 -0.1525 0.9882
1305031465.0597 -1.0893 -0.3771 -0.3239 0.0119 -0.0217 -0.1708 0.9850
1305031465.0957 -1.0686 -0.3369 -0.3107 0.0132 -0.0365 -0.1856 0.9819
1305031465.1277 -1.0517 -0.3258 -0.2912 -0.0030 -0.0505 -0.2007 0.9783
1305031465.1598 -1.0444 -0.3222 -0.2692 -0.0202 -0.0609 -0.2106 0.9755
1305031465.1956 -1.0320 -0.3166 -0.2478 -0.0326 -0.0714 -0.2184 0.9727
1305031465.2279 -1.0150 -0.3010 -0.2298 -0.0428 -0.0806 -0.2237 0.9704
1305031465.2956 -0.9944 -0.2830 -0.1928 -0.0610 -0.0957 -0.2150 0.9700
1305031465.3277 -0.9835 -0.2683 -0.1782 -0.0697 -0.1055 -0.2028 0.9710
1305031465.3956 -0.9550 -0.2628 -0.1526 -0.0806 -0.1352 -0.1792 0.9711
1305031465.4277 -0.9276 -0.2577 -0.1444 -0.0805 -0.1495 -0.1665 0.9713
1305031465.4601 -0.9034 -0.2454 -0.1406 -0.0793 -0.1602 -0.1519 0.9721
1305031465.4957 -0.8774 -0.2322 -0.1369 -0.0821 -0.1702 -0.1414 0.9717
1305031465.5276 -0.8584 -0.2365 -0.1283 -0.0875 -0.1795 -0.1375 0.9702
1305031465.5598 -0.8319 -0.2317 -0.1258 -0.0833 -0.1892 -0.1297 0.9698
1305031465.5956 -0.8039 -0.2210 -0.1253 -0.0788 -0.1945 -0.1200 0.9703
1305031465.6277 -0.7850 -0.2095 -0.1283 -0.0753 -0.1974 -0.1099 0.9712
1305031465.6601 -0.7617 -0.2010 -0.1286 -0.0734 -0.2070 -0.0996 0.9705
1305031465.6957 -0.7290 -0.1919 -0.1239 -0.0693 -0.2167 -0.0906 0.9695
1305031465.7277 -0.7035 -0.1804 -0.1242 -0.0636 -0.2204 -0.0801 0.9700
1305031465.7598 -0.6763 -0.1650 -0.1246 -0.0576 -0.2254 -0.0694 0.9701
1305031465.7959 -0.6483 -0.1524 -0.1205 -0.0534 -0.2297 -0.0618 0.9698
1305031465.8280 -0.6222 -0.1444 -0.1175 -0.0468 -0.2340 -0.0543 0.9696
1305031465.8599 -0.5925 -0.1209 -0.1181 -0.0347 -0.2372 -0.0478 0.9697
1305031465.8955 -0.5625 -0.1012 -0.1114 -0.0307 -0.2349 -0.0446 0.9705
1305031465.9275 -0.5377 -0.0934 -0.1064 -0.0259 -0.2293 -0.0427 0.9721
1305031465.9597 -0.5132 -0.0767 -0.1077 -0.0139 -0.2229 -0.0426 0.9738
1305031465.9958 -0.4944 -0.0584 -0.1132 -0.0050 -0.2167 -0.0457 0.9752
1305031466.0276 -0.4738 -0.0397 -0.1169 0.0016 -0.2151 -0.0462 0.9755
1305031466.0598 -0.4550 -0.0169 -0.1210 0.0017 -0.2128 -0.0455 0.9760
1305031466.0958 -0.4389 -0.0030 -0.1266 -0.0031 -0.2132 -0.0459 0.9759
1305031466.1276 -0.4202 0.0101 -0.1309 -0.0089 -0.2175 -0.0466 0.9749
1305031466.1604 -0.4038 0.0222 -0.1401 -0.0145 -0.2213 -0.0452 0.9741
1305031466.1958 -0.3872 0.0360 -0.1500 -0.0221 -0.2284 -0.0452 0.9723
1305031466.2280 -0.3657 0.0404 -0.1520 -0.0334 -0.2377 -0.0506 0.9694
1305031466.2598 -0.3397 0.0352 -0.1514 -0.0374 -0.2433 -0.0578 0.9675
1305031466.2957 -0.3144 0.0415 -0.1571 -0.0320 -0.2410 -0.0689 0.9675
1305031466.3277 -0.2938 0.0480 -0.1685 -0.0289 -0.2321 -0.0787 0.9691
1305031466.3598 -0.2762 0.0501 -0.1777 -0.0330 -0.2237 -0.0859 0.9703
1305031466.3958 -0.2644 0.0386 -0.1843 -0.0354 -0.2199 -0.0909 0.9706
1305031466.4278 -0.2478 0.0461 -0.1971 -0.0275 -0.2220 -0.0941 0.9701
1305031466.4598 -0.2264 0.0541 -0.2044 -0.0266 -0.2275 -0.0975 0.9685
1305031466.4958 -0.2015 0.0563 -0.2031 -0.0312 -0.2326 -0.0980 0.9671
1305031466.5275 -0.1768 0.0541 -0.1991 -0.0340 -0.2327 -0.0986 0.9669
1305031466.5604 -0.1560 0.0619 -0.2038 -0.0342 -0.2287 -0.1009 0.9676
1305031466.5959 -0.1337 0.0676 -0.2028 -0.0413 -0.2286 -0.1049 0.9670
1305031466.6275 -0.1120 0.0570 -0.1911 -0.0485 -0.2285 -0.1102 0.9661
1305031466.6597 -0.0917 0.0569 -0.1910 -0.0413 -0.2265 -0.1148 0.9663
1305031466.6958 -0.0704 0.0680 -0.1956 -0.0376 -0.2278 -0.1217 0.9653
1305031466.7281 -0.0499 0.0686 -0.1879 -0.0423 -0.2314 -0.1314 0.9630
1305031466.7596 -0.0320 0.0617 -0.1783 -0.0396 -0.2329 -0.1393 0.9617
1305031466.7956 -0.0131 0.0683 -0.1818 -0.0314 -0.2349 -0.1431 0.9609
1305031466.8279 0.0063 0.0707 -0.1810 -0.0339 -0.2396 -0.1457 0.9593
1305031466.8597 0.0188 0.0669 -0.1752 -0.0368 -0.2455 -0.1450 0.9578
1305031466.8957 0.0344 0.0670 -0.1743 -0.0341 -0.2575 -0.1445 0.9548
1305031466.9278 0.0520 0.0638 -0.1740 -0.0353 -0.2712 -0.1454 0.9508
1305031466.9597 0.0698 0.0569 -0.1724 -0.0366 -0.2806 -0.1462 0.9479
1305031466.9957 0.0884 0.0525 -0.1719 -0.0363 -0.2857 -0.1485 0.9460
1305031467.0278 0.1043 0.0495 -0.1699 -0.0358 -0.2900 -0.1522 0.9442
1305031467.0597 0.1222 0.0470 -0.1696 -0.0353 -0.2927 -0.1549 0.9429
1305031467.0957 0.1373 0.0466 -0.1666 -0.0361 -0.2940 -0.1606 0.9415
1305031467.1290 0.1496 0.0463 -0.1611 -0.0331 -0.2977 -0.1705 0.9387
1305031467.1597 0.1634 0.0446 -0.1593 -0.0302 -0.3012 -0.1771 0.9365
1305031467.1957 0.1755 0.0439 -0.1576 -0.0287 -0.3059 -0.1806 0.9343
1305031467.2277 0.1885 0.0425 -0.1560 -0.0274 -0.3126 -0.1850 0.9313
1305031467.2597 0.2021 0.0403 -0.1537 -0.0251 -0.3181 -0.1891 0.9287
1305031467.2958 0.2161 0.0387 -0.1537 -0.0221 -0.3235 -0.1945 0.9258
1305031467.3280 0.2310 0.0373 -0.1532 -0.0208 -0.3293 -0.1981 0.9230
1305031467.3597 0.2459 0.0370 -0.1535 -0.0241 -0.3351 -0.1996 0.9205
1305031467.3958 0.2595 0.0367 -0.1528 -0.0284 -0.3413 -0.2050 0.9169
1305031467.4278 0.2728 0.0350 -0.1495 -0.0292 -0.3472 -0.2083 0.9139
1305031467.4597 0.2881 0.0327 -0.1503 -0.0296 -0.3536 -0.2091 0.9113
1305031467.4961 0.3061 0.0307 -0.1521 -0.0334 -0.3599 -0.2141 0.9075
1305031467.5277 0.3215 0.0296 -0.1471 -0.0361 -0.3635 -0.2208 0.9043
1305031467.5598 0.3339 0.0255 -0.1411 -0.0356 -0.3651 -0.2225 0.9033
1305031467.5960 0.3469 0.0225 -0.1368 -0.0363 -0.3672 -0.2209 0.9028
1305031467.6275 0.3519 0.0160 -0.1276 -0.0361 -0.3719 -0.2174 0.9017
1305031467.6596 0.3616 0.0094 -0.1224 -0.0311 -0.3772 -0.2133 0.9007
1305031467.6959 0.3718 0.0053 -0.1191 -0.0276 -0.3803 -0.2157 0.8990
1305031467.7275 0.3728 -0.0011 -0.1055 -0.0227 -0.3825 -0.2199 0.8971
1305031467.7599 0.3771 -0.0069 -0.0969 -0.0163 -0.3848 -0.2210 0.8960
1305031467.7961 0.3812 -0.0110 -0.0861 -0.0118 -0.3878 -0.2227 0.8944
1305031467.8278 0.3766 -0.0180 -0.0683 -0.0074 -0.3906 -0.2220 0.8933
1305031467.8597 0.3750 -0.0237 -0.0564 -0.0012 -0.3947 -0.2176 0.8926
1305031467.8959 0.3756 -0.0257 -0.0465 0.0039 -0.4012 -0.2159 0.8902
1305031467.9278 0.3718 -0.0322 -0.0259 0.0071 -0.4091 -0.2174 0.8862
1305031467.9598 0.3692 -0.0417 -0.0066 0.0132 -0.4150 -0.2168 0.8835
1305031467.9958 0.3740 -0.0412 0.0063 0.0187 -0.4174 -0.2185 0.8819
1305031468.0281 0.3647 -0.0522 0.0294 0.0168 -0.4182 -0.2220 0.8807
1305031468.0598 0.3569 -0.0637 0.0460 0.0215 -0.4204 -0.2236 0.8791
1305031468.0959 0.3585 -0.0673 0.0616 0.0250 -0.4242 -0.2244 0.8770
1305031468.1278 0.3516 -0.0783 0.0830 0.0232 -0.4266 -0.2254 0.8756
1305031468.1599 0.3477 -0.0892 0.1003 0.0255 -0.4286 -0.2282 0.8738
1305031468.1960 0.3454 -0.0979 0.1202 0.0263 -0.4300 -0.2313 0.8723
1305031468.2282 0.3406 -0.1131 0.1390 0.0241 -0.4296 -0.2316 0.8725
1305031468.2598 0.3372 -0.1272 0.1568 0.0234 -0.4284 -0.2308 0.8733
1305031468.2958 0.3318 -0.1400 0.1737 0.0230 -0.4262 -0.2315 0.8742
1305031468.3278 0.3247 -0.1611 0.1903 0.0226 -0.4245 -0.2300 0.8755
1305031468.3598 0.3248 -0.1720 0.2015 0.0256 -0.4221 -0.2252 0.8778
1305031468.4280 0.3164 -0.2035 0.2211 0.0184 -0.4195 -0.2268 0.8788
1305031468.4598 0.3147 -0.2203 0.2315 0.0165 -0.4203 -0.2246 0.8790
1305031468.5278 0.3011 -0.2560 0.2475 0.0145 -0.4167 -0.2319 0.8788
1305031468.5597 0.2928 -0.2744 0.2508 0.0217 -0.4171 -0.2389 0.8766
1305031468.6596 0.2660 -0.3224 0.2551 0.0157 -0.4201 -0.2479 0.8728
1305031468.6958 0.2561 -0.3394 0.2572 0.0195 -0.4264 -0.2499 0.8691
1305031468.7278 0.2486 -0.3509 0.2606 0.0234 -0.4327 -0.2492 0.8661
1305031468.7596 0.2405 -0.3623 0.2661 0.0245 -0.4373 -0.2488 0.8639
1305031468.7958 0.2288 -0.3818 0.2720 0.0272 -0.4404 -0.2523 0.8612
1305031468.8292 0.2213 -0.3929 0.2745 0.0364 -0.4432 -0.2559 0.8584
1305031468.9281 0.2075 -0.4154 0.2914 0.0343 -0.4347 -0.2597 0.8616
1305031468.9957 0.2024 -0.4033 0.2930 0.0197 -0.4237 -0.2636 0.8664
1305031469.0598 0.1773 -0.4224 0.3010 -0.0108 -0.4158 -0.2841 0.8639
1305031469.1597 0.1615 -0.4371 0.3378 -0.0365 -0.4014 -0.3180 0.8582
1305031469.2278 0.1350 -0.4422 0.3477 -0.0462 -0.3833 -0.3305 0.8612
1305031469.2968 0.1205 -0.4394 0.3678 -0.0535 -0.3758 -0.3388 0.8609
1305031469.3276 0.1139 -0.4337 0.3761 -0.0572 -0.3721 -0.3415 0.8612
1305031469.3596 0.1109 -0.4365 0.3945 -0.0637 -0.3692 -0.3477 0.8595
1305031469.3957 0.1033 -0.4363 0.4080 -0.0637 -0.3591 -0.3541 0.8612
1305031469.4277 0.0979 -0.4259 0.4154 -0.0592 -0.3473 -0.3603 0.8638
1305031469.4597 0.0901 -0.4164 0.4239 -0.0567 -0.3375 -0.3677 0.8647
1305031469.4957 0.0772 -0.4013 0.4290 -0.0546 -0.3298 -0.3715 0.8662
1305031469.5276 0.0738 -0.3893 0.4379 -0.0569 -0.3299 -0.3719 0.8658
1305031469.5596 0.0711 -0.3787 0.4494 -0.0627 -0.3303 -0.3729 0.8648
1305031469.6596 0.0545 -0.3483 0.4825 -0.0859 -0.3225 -0.3770 0.8640
1305031469.7956 0.0281 -0.2875 0.5117 -0.1068 -0.3033 -0.3751 0.8694
1305031469.9598 -0.0103 -0.1993 0.5272 -0.1317 -0.3055 -0.3652 0.8695
1305031470.1596 -0.0588 -0.0968 0.5033 -0.1475 -0.3044 -0.3565 0.8709
1305031470.3276 -0.1001 -0.0285 0.4640 -0.1732 -0.2979 -0.3468 0.8723
1305031470.4957 -0.1472 0.0332 0.4217 -0.1826 -0.2997 -0.3376 0.8734
1305031470.6277 -0.1823 0.0647 0.3927 -0.1898 -0.2956 -0.3312 0.8757
1305031470.8278 -0.2338 0.0985 0.3640 -0.1992 -0.2836 -0.3131 0.8842
1305031470.8596 -0.2416 0.1012 0.3584 -0.1959 -0.2841 -0.3079 0.8866
1305031470.8957 -0.2491 0.1042 0.3519 -0.1934 -0.2850 -0.3025 0.8887
1305031470.9277 -0.2573 0.1089 0.3475 -0.1894 -0.2880 -0.2965 0.8907
1305031470.9596 -0.2654 0.1084 0.3428 -0.1823 -0.2928 -0.2922 0.8920
1305031470.9960 -0.2701 0.1102 0.3373 -0.1739 -0.2954 -0.2878 0.8943
1305031471.0276 -0.2775 0.1092 0.3334 -0.1667 -0.2954 -0.2840 0.8968
1305031471.0596 -0.2849 0.1096 0.3273 -0.1578 -0.2934 -0.2783 0.9009
1305031471.0958 -0.2913 0.1122 0.3203 -0.1498 -0.2924 -0.2703 0.9050
1305031471.1277 -0.2974 0.1116 0.3159 -0.1458 -0.2937 -0.2626 0.9075
1305031471.1596 -0.3006 0.1112 0.3111 -0.1417 -0.2943 -0.2555 0.9100
1305031471.1957 -0.3042 0.1122 0.3066 -0.1396 -0.2920 -0.2493 0.9127
1305031471.2276 -0.3101 0.1138 0.3026 -0.1396 -0.2884 -0.2447 0.9151
1305031471.2597 -0.3169 0.1134 0.3001 -0.1413 -0.2861 -0.2415 0.9164
1305031471.2961 -0.3228 0.1111 0.2979 -0.1421 -0.2839 -0.2375 0.9180
1305031471.3276 -0.3245 0.1102 0.2947 -0.1387 -0.2812 -0.2343 0.9202
1305031471.3596 -0.3261 0.1111 0.2913 -0.1372 -0.2744 -0.2324 0.9230
1305031471.3957 -0.3356 0.1073 0.2881 -0.1392 -0.2652 -0.2289 0.9262
1305031471.4277 -0.3407 0.1090 0.2818 -0.1355 -0.2617 -0.2215 0.9296
1305031471.4965 -0.3463 0.1098 0.2740 -0.1372 -0.2609 -0.2125 0.9316
1305031471.5276 -0.3498 0.1088 0.2701 -0.1389 -0.2596 -0.2083 0.9327
1305031471.5597 -0.3507 0.1087 0.2672 -0.1394 -0.2583 -0.2065 0.9334
1305031471.5957 -0.3530 0.1078 0.2634 -0.1398 -0.2533 -0.2049 0.9350
1305031471.6276 -0.3542 0.1070 0.2598 -0.1395 -0.2488 -0.2031 0.9367
1305031471.6596 -0.3550 0.1061 0.2556 -0.1379 -0.2443 -0.1998 0.9388
1305031471.7958 -0.3542 0.1095 0.2402 -0.1378 -0.2253 -0.1794 0.9477
1305031471.9956 -0.3623 0.1246 0.2271 -0.1555 -0.1893 -0.1573 0.9567
1305031472.5636 -0.4012 0.1146 0.2209 -0.1586 -0.1619 -0.1251 0.9659
1305031472.7956 -0.3956 0.0944 0.2303 -0.1488 -0.1674 -0.1188 0.9673
