1305031453.4237 0.0046 0.0033 -0.0073 0.0015 0.0040 0.0096 0.9999
1305031453.4597 0.0107 0.0071 -0.0183 0.0051 0.0094 0.0185 0.9998
1305031453.4917 0.0115 0.0124 -0.0283 0.0096 0.0166 0.0285 0.9994
1305031453.5237 0.0112 0.0180 -0.0403 0.0165 0.0220 0.0374 0.9989
1305031453.5598 0.0130 0.0224 -0.0536 0.0232 0.0244 0.0442 0.9985
1305031453.5916 0.0126 0.0305 -0.0686 0.0312 0.0272 0.0484 0.9980
1305031453.6277 0.0051 0.0360 -0.0818 0.0379 0.0300 0.0525 0.9975
1305031453.6596 -0.0001 0.0446 -0.0969 0.0461 0.0264 0.0508 0.9973
1305031453.6917 -0.0040 0.0542 -0.1130 0.0530 0.0211 0.0461 0.9973
1305031453.7277 -0.0137 0.0640 -0.1264 0.0579 0.0171 0.0412 0.9973
1305031453.7597 -0.0239 0.0701 -0.1387 0.0622 0.0093 0.0332 0.9975
1305031453.7917 -0.0280 0.0798 -0.1533 0.0669 -0.0008 0.0253 0.9974
1305031453.8278 -0.0394 0.0868 -0.1644 0.0695 -0.0072 0.0188 0.9974
1305031453.8597 -0.0515 0.0936 -0.1754 0.0710 -0.0192 0.0112 0.9972
1305031453.8917 -0.0656 0.1034 -0.1853 0.0713 -0.0339 0.0036 0.9969
1305031453.9277 -0.0741 0.1073 -0.1922 0.0681 -0.0530 -0.0008 0.9963
1305031453.9596 -0.0782 0.1109 -0.2014 0.0651 -0.0708 -0.0098 0.9953
1305031453.9916 -0.0911 0.1123 -0.2015 0.0634 -0.0820 -0.0207 0.9944
1305031454.0277 -0.1006 0.1151 -0.2057 0.0657 -0.0945 -0.0305 0.9929
1305031454.0597 -0.1062 0.1186 -0.2122 0.0663 -0.1072 -0.0424 0.9911
1305031454.0917 -0.1165 0.1181 -0.2086 0.0665 -0.1192 -0.0559 0.9891
1305031454.1277 -0.1226 0.1176 -0.2072 0.0694 -0.1348 -0.0696 0.9860
1305031454.1597 -0.1267 0.1182 -0.2108 0.0687 -0.1521 -0.0821 0.9826
1305031454.1917 -0.1355 0.1190 -0.2088 0.0668 -0.1689 -0.0960 0.9787
1305031454.2277 -0.1533 0.1219 -0.2027 0.0705 -0.1839 -0.1131 0.9739
1305031454.2596 -0.1506 0.1216 -0.1973 0.0765 -0.2024 -0.1299 0.9676
1305031454.2916 -0.1538 0.1238 -0.1970 0.0750 -0.2117 -0.1420 0.9640
1305031454.3277 -0.1744 0.1275 -0.2002 0.0769 -0.2170 -0.1569 0.9604
1305031454.3596 -0.1801 0.1316 -0.1977 0.0847 -0.2295 -0.1722 0.9542
1305031454.3917 -0.1841 0.1360 -0.1989 0.0868 -0.2379 -0.1843 0.9497
1305031454.4275 -0.2046 0.1505 -0.2032 0.0918 -0.2435 -0.1967 0.9453
1305031454.4599 -0.2033 0.1524 -0.1999 0.0953 -0.2562 -0.2125 0.9382
1305031454.4916 -0.2085 0.1564 -0.2014 0.0974 -0.2605 -0.2290 0.9329
1305031454.5277 -0.2133 0.1630 -0.2010 0.0981 -0.2664 -0.2452 0.9270
1305031454.5596 -0.2190 0.1678 -0.2021 0.0953 -0.2713 -0.2588 0.9221
1305031454.5916 -0.2323 0.1745 -0.2015 0.0934 -0.2783 -0.2758 0.9153
1305031454.6276 -0.2364 0.1770 -0.2006 0.0912 -0.2910 -0.2902 0.9071
1305031454.6595 -0.2401 0.1866 -0.1984 0.0869 -0.3019 -0.2976 0.9015
1305031454.6919 -0.2469 0.1919 -0.1958 0.0800 -0.3139 -0.3051 0.8955
1305031454.7277 -0.2473 0.1917 -0.1897 0.0741 -0.3279 -0.3110 0.8890
1305031454.7597 -0.2416 0.1929 -0.1837 0.0671 -0.3366 -0.3079 0.8874
1305031454.7916 -0.2381 0.1967 -0.1813 0.0609 -0.3401 -0.3010 0.8888
1305031454.8276 -0.2318 0.2042 -0.1787 0.0563 -0.3420 -0.2949 0.8904
1305031454.8596 -0.2293 0.2098 -0.1768 0.0501 -0.3391 -0.2885 0.8940
1305031454.8918 -0.2261 0.2162 -0.1769 0.0456 -0.3343 -0.2815 0.8983
1305031454.9276 -0.2241 0.2234 -0.1785 0.0410 -0.3286 -0.2758 0.9024
1305031454.9596 -0.2250 0.2316 -0.1821 0.0373 -0.3228 -0.2701 0.9063
1305031454.9919 -0.2291 0.2402 -0.1869 0.0343 -0.3188 -0.2645 0.9095
1305031455.0278 -0.2290 0.2521 -0.1907 0.0344 -0.3178 -0.2613 0.9108
1305031455.0596 -0.2324 0.2583 -0.1933 0.0321 -0.3150 -0.2597 0.9123
1305031455.0917 -0.2369 0.2657 -0.1980 0.0342 -0.3113 -0.2592 0.9136
1305031455.1277 -0.2422 0.2796 -0.2044 0.0367 -0.3055 -0.2572 0.9161
1305031455.1597 -0.2513 0.2908 -0.2108 0.0358 -0.2998 -0.2527 0.9192
1305031455.1917 -0.2607 0.2992 -0.2142 0.0319 -0.2960 -0.2470 0.9221
1305031455.2276 -0.2696 0.3058 -0.2198 0.0308 -0.2925 -0.2420 0.9246
1305031455.2596 -0.2750 0.3199 -0.2253 0.0295 -0.2877 -0.2356 0.9278
1305031455.2918 -0.2884 0.3251 -0.2299 0.0203 -0.2810 -0.2266 0.9323
1305031455.3278 -0.2993 0.3353 -0.2379 0.0147 -0.2777 -0.2165 0.9358
1305031455.3596 -0.3045 0.3446 -0.2401 0.0067 -0.2766 -0.2106 0.9376
1305031455.3917 -0.3154 0.3459 -0.2430 -0.0048 -0.2694 -0.2032 0.9413
1305031455.4276 -0.3298 0.3518 -0.2509 -0.0121 -0.2612 -0.1935 0.9456
1305031455.4596 -0.3436 0.3529 -0.2584 -0.0179 -0.2569 -0.1853 0.9483
1305031455.4916 -0.3547 0.3585 -0.2669 -0.0225 -0.2530 -0.1745 0.9513
1305031455.5276 -0.3718 0.3574 -0.2763 -0.0291 -0.2486 -0.1618 0.9546
1305031455.5597 -0.3881 0.3595 -0.2886 -0.0322 -0.2480 -0.1487 0.9567
1305031455.5916 -0.3993 0.3654 -0.3004 -0.0346 -0.2489 -0.1346 0.9585
1305031455.6276 -0.4136 0.3605 -0.3048 -0.0419 -0.2482 -0.1221 0.9601
1305031455.6596 -0.4292 0.3570 -0.3161 -0.0406 -0.2459 -0.1163 0.9614
1305031455.6916 -0.4422 0.3595 -0.3287 -0.0361 -0.2442 -0.1169 0.9620
1305031455.7276 -0.4541 0.3567 -0.3396 -0.0342 -0.2417 -0.1217 0.9621
1305031455.7597 -0.4674 0.3554 -0.3532 -0.0324 -0.2360 -0.1250 0.9631
1305031455.7917 -0.4821 0.3480 -0.3661 -0.0319 -0.2305 -0.1239 0.9646
1305031455.8276 -0.4946 0.3476 -0.3819 -0.0284 -0.2271 -0.1234 0.9656
1305031455.8595 -0.5044 0.3427 -0.3936 -0.0286 -0.2261 -0.1248 0.9657
1305031455.8917 -0.5133 0.3398 -0.4062 -0.0281 -0.2238 -0.1251 0.9662
1305031455.9280 -0.5222 0.3349 -0.4155 -0.0292 -0.2211 -0.1258 0.9667
1305031455.9597 -0.5304 0.3353 -0.4287 -0.0274 -0.2177 -0.1284 0.9672
1305031455.9917 -0.5376 0.3330 -0.4371 -0.0289 -0.2137 -0.1304 0.9677
1305031456.0278 -0.5455 0.3390 -0.4492 -0.0309 -0.2069 -0.1351 0.9685
1305031456.0597 -0.5574 0.3318 -0.4541 -0.0403 -0.2015 -0.1430 0.9682
1305031456.0917 -0.5682 0.3222 -0.4573 -0.0466 -0.1977 -0.1482 0.9679
1305031456.1276 -0.5776 0.3171 -0.4633 -0.0478 -0.1936 -0.1495 0.9684
1305031456.1597 -0.5853 0.3060 -0.4632 -0.0504 -0.1896 -0.1498 0.9691
1305031456.1917 -0.5937 0.2981 -0.4673 -0.0459 -0.1822 -0.1470 0.9711
1305031456.2277 -0.5999 0.3042 -0.4737 -0.0401 -0.1723 -0.1431 0.9738
1305031456.2917 -0.6260 0.2890 -0.4735 -0.0405 -0.1492 -0.1359 0.9786
1305031456.3277 -0.6367 0.2837 -0.4723 -0.0367 -0.1390 -0.1288 0.9812
1305031456.3916 -0.6592 0.2789 -0.4666 -0.0320 -0.1147 -0.1193 0.9857
1305031456.4277 -0.6777 0.2830 -0.4662 -0.0242 -0.1021 -0.1122 0.9881
1305031456.4917 -0.7162 0.3013 -0.4597 -0.0267 -0.0917 -0.1010 0.9903
1305031456.5276 -0.7293 0.3016 -0.4504 -0.0333 -0.0932 -0.0960 0.9905
1305031456.5917 -0.7503 0.3059 -0.4369 -0.0357 -0.0888 -0.0845 0.9918
1305031456.6276 -0.7618 0.3192 -0.4293 -0.0455 -0.0825 -0.0790 0.9924
1305031456.6916 -0.7994 0.3040 -0.4079 -0.0611 -0.0697 -0.0643 0.9936
1305031456.7277 -0.8161 0.3198 -0.4025 -0.0630 -0.0670 -0.0549 0.9943
1305031456.7916 -0.8268 0.3031 -0.3932 -0.0721 -0.0820 -0.0425 0.9931
1305031456.8276 -0.8576 0.3262 -0.3781 -0.0684 -0.0788 -0.0325 0.9940
1305031456.8917 -0.8769 0.3187 -0.3536 -0.0814 -0.0763 -0.0216 0.9935
1305031456.9277 -0.8900 0.3261 -0.3496 -0.0754 -0.0697 -0.0153 0.9946
1305031456.9597 -0.9040 0.3420 -0.3477 -0.0740 -0.0624 -0.0104 0.9953
1305031456.9917 -0.9181 0.3381 -0.3400 -0.0838 -0.0569 -0.0090 0.9948
1305031457.0276 -0.9314 0.3385 -0.3376 -0.0858 -0.0518 -0.0055 0.9949
1305031457.0917 -0.9549 0.3455 -0.3365 -0.0976 -0.0401 0.0036 0.9944
1305031457.1276 -0.9660 0.3375 -0.3358 -0.1026 -0.0338 0.0076 0.9941
1305031457.1917 -0.9909 0.3410 -0.3483 -0.0996 -0.0182 0.0202 0.9947
1305031457.2275 -1.0041 0.3365 -0.3525 -0.1046 -0.0109 0.0260 0.9941
1305031457.2917 -1.0278 0.3259 -0.3682 -0.0969 0.0043 0.0385 0.9945
1305031457.3275 -1.0410 0.3293 -0.3797 -0.0932 0.0148 0.0437 0.9946
1305031457.3917 -1.0702 0.3138 -0.3976 -0.0913 0.0386 0.0565 0.9935
1305031457.4276 -1.0905 0.3150 -0.4097 -0.0870 0.0490 0.0638 0.9930
1305031457.4917 -1.1180 0.2979 -0.4290 -0.0884 0.0548 0.0724 0.9919
1305031457.5276 -1.1291 0.2906 -0.4402 -0.0852 0.0579 0.0757 0.9918
1305031457.5597 -1.1425 0.2857 -0.4514 -0.0816 0.0634 0.0797 0.9914
1305031457.5917 -1.1599 0.2848 -0.4625 -0.0777 0.0691 0.0833 0.9911
1305031457.6275 -1.1734 0.2732 -0.4683 -0.0792 0.0718 0.0861 0.9905
1305031457.6596 -1.1907 0.2772 -0.4805 -0.0737 0.0752 0.0903 0.9903
1305031457.6916 -1.2040 0.2693 -0.4862 -0.0799 0.0757 0.0921 0.9896
1305031457.7277 -1.2138 0.2512 -0.4896 -0.0840 0.0766 0.0918 0.9893
1305031457.7596 -1.2254 0.2396 -0.4953 -0.0821 0.0785 0.0905 0.9894
1305031457.7916 -1.2322 0.2202 -0.5010 -0.0777 0.0820 0.0899 0.9895
1305031457.8277 -1.2449 0.2230 -0.5130 -0.0654 0.0895 0.0909 0.9897
1305031457.8596 -1.2583 0.2141 -0.5175 -0.0634 0.0981 0.0912 0.9890
1305031457.8916 -1.2731 0.1922 -0.5170 -0.0591 0.1065 0.0916 0.9883
1305031457.9276 -1.2927 0.1904 -0.5224 -0.0450 0.1123 0.0959 0.9880
1305031457.9916 -1.3154 0.1763 -0.5248 -0.0338 0.1136 0.1018 0.9877
1305031458.0278 -1.3247 0.1651 -0.5232 -0.0260 0.1165 0.1029 0.9875
1305031458.0597 -1.3404 0.1725 -0.5240 -0.0148 0.1217 0.1056 0.9868
1305031458.0917 -1.3548 0.1731 -0.5194 -0.0141 0.1263 0.1074 0.9861
1305031458.1276 -1.3695 0.1654 -0.5095 -0.0158 0.1306 0.1078 0.9854
1305031458.1596 -1.3843 0.1571 -0.5001 -0.0147 0.1333 0.1102 0.9848
1305031458.1916 -1.4004 0.1618 -0.4907 -0.0129 0.1332 0.1148 0.9843
1305031458.2276 -1.4097 0.1559 -0.4762 -0.0206 0.1294 0.1158 0.9846
1305031458.2599 -1.4176 0.1342 -0.4522 -0.0258 0.1264 0.1125 0.9852
1305031458.2917 -1.4343 0.1308 -0.4437 -0.0166 0.1223 0.1126 0.9859
1305031458.3276 -1.4418 0.1287 -0.4309 -0.0145 0.1145 0.1147 0.9867
1305031458.3596 -1.4461 0.1148 -0.4096 -0.0094 0.1087 0.1152 0.9873
1305031458.3916 -1.4545 0.1176 -0.3986 0.0039 0.1044 0.1184 0.9874
1305031458.4276 -1.4574 0.1177 -0.3852 0.0118 0.1021 0.1268 0.9866
1305031458.4596 -1.4509 0.1074 -0.3684 0.0203 0.1030 0.1352 0.9852
1305031458.4917 -1.4530 0.1022 -0.3514 0.0403 0.1122 0.1350 0.9837
1305031458.5277 -1.4718 0.1261 -0.3325 0.0655 0.1252 0.1319 0.9811
1305031458.5596 -1.4794 0.1309 -0.3123 0.0737 0.1344 0.1297 0.9796
1305031458.5916 -1.4892 0.1317 -0.2919 0.0830 0.1408 0.1240 0.9787
1305031458.6277 -1.5029 0.1576 -0.2701 0.0904 0.1420 0.1190 0.9785
1305031458.6596 -1.5120 0.1576 -0.2485 0.0836 0.1383 0.1195 0.9796
1305031458.6917 -1.5152 0.1586 -0.2237 0.0779 0.1231 0.1132 0.9828
1305031458.7276 -1.5025 0.1493 -0.2011 0.0733 0.1046 0.1046 0.9863
1305031458.7599 -1.5140 0.1524 -0.1844 0.0796 0.0922 0.0936 0.9881
1305031458.7916 -1.5150 0.1624 -0.1729 0.0797 0.0754 0.0848 0.9903
1305031458.8276 -1.5096 0.1576 -0.1580 0.0718 0.0654 0.0825 0.9919
1305031458.8917 -1.5082 0.1530 -0.1361 0.0787 0.0614 0.0719 0.9924
1305031458.9276 -1.5194 0.1564 -0.1307 0.0768 0.0696 0.0786 0.9915
1305031458.9596 -1.5238 0.1489 -0.1229 0.0680 0.0747 0.0916 0.9907
1305031458.9916 -1.5276 0.1332 -0.1163 0.0677 0.0768 0.0959 0.9901
1305031459.0277 -1.5462 0.1289 -0.1104 0.0786 0.0754 0.0955 0.9895
1305031459.0596 -1.5657 0.1197 -0.0995 0.0858 0.0694 0.1050 0.9883
1305031459.1276 -1.6490 0.1348 -0.1055 0.0923 0.0923 0.0911 0.9872
1305031459.1596 -1.6578 0.1323 -0.0984 0.1005 0.0655 0.0935 0.9884
1305031459.1917 -1.6675 0.1330 -0.0935 0.1059 0.0460 0.0999 0.9883
1305031459.2276 -1.6749 0.1333 -0.0877 0.1075 0.0326 0.1110 0.9875
1305031459.2598 -1.6763 0.1389 -0.0783 0.1076 0.0285 0.1208 0.9864
1305031459.3276 -1.6853 0.1453 -0.0564 0.1043 0.0595 0.1498 0.9814
1305031459.3597 -1.6962 0.1540 -0.0467 0.1098 0.0843 0.1691 0.9758
1305031459.3917 -1.7096 0.1791 -0.0332 0.1116 0.1116 0.1933 0.9684
1305031459.4276 -1.7079 0.1839 -0.0205 0.1004 0.1439 0.2295 0.9573
1305031459.4597 -1.7245 0.1843 -0.0157 0.0993 0.1808 0.2663 0.9415
1305031459.5276 -1.7531 0.2059 0.0004 0.0868 0.2232 0.3268 0.9142
1305031459.5596 -1.7698 0.1974 -0.0014 0.0804 0.2385 0.3514 0.9018
1305031459.5917 -1.7891 0.1969 0.0020 0.0788 0.2459 0.3684 0.8931
1305031459.6276 -1.7984 0.1918 0.0065 0.0744 0.2475 0.3787 0.8887
1305031459.6596 -1.8112 0.1942 0.0110 0.0751 0.2542 0.3786 0.8868
1305031459.6916 -1.8274 0.1886 0.0167 0.0690 0.2663 0.3834 0.8817
1305031459.7276 -1.8395 0.1730 0.0201 0.0616 0.2745 0.3869 0.8782
1305031459.7917 -1.8743 0.1448 0.0303 0.0611 0.2868 0.3798 0.8773
1305031459.8277 -1.8904 0.1332 0.0363 0.0600 0.2880 0.3775 0.8781
1305031459.8597 -1.9073 0.1211 0.0443 0.0560 0.2880 0.3763 0.8788
1305031459.8916 -1.9152 0.1069 0.0509 0.0507 0.2833 0.3798 0.8792
1305031459.9276 -1.9230 0.0935 0.0573 0.0499 0.2805 0.3832 0.8786
1305031459.9917 -1.9420 0.0692 0.0710 0.0452 0.2780 0.3907 0.8764
1305031460.0276 -1.9472 0.0534 0.0765 0.0433 0.2778 0.3942 0.8750
1305031460.0597 -1.9575 0.0389 0.0840 0.0438 0.2790 0.3957 0.8739
1305031460.0917 -1.9666 0.0215 0.0911 0.0452 0.2752 0.4026 0.8719
1305031460.1277 -1.9694 0.0065 0.0969 0.0501 0.2659 0.4123 0.8699
1305031460.1597 -1.9773 -0.0020 0.1052 0.0576 0.2592 0.4192 0.8682
1305031460.1916 -1.9773 -0.0086 0.1137 0.0580 0.2516 0.4263 0.8670
1305031460.2278 -1.9667 -0.0169 0.1207 0.0578 0.2487 0.4308 0.8656
1305031460.2917 -1.9673 -0.0373 0.1306 0.0589 0.2645 0.4302 0.8611
1305031460.3275 -1.9685 -0.0487 0.1356 0.0594 0.2728 0.4315 0.8578
1305031460.3916 -1.9684 -0.0675 0.1488 0.0545 0.2918 0.4375 0.8488
1305031460.4275 -1.9683 -0.0790 0.1535 0.0529 0.3023 0.4420 0.8429
1305031460.4596 -1.9681 -0.0849 0.1585 0.0511 0.3146 0.4453 0.8367
1305031460.4915 -1.9731 -0.0928 0.1642 0.0452 0.3290 0.4508 0.8285
1305031460.5276 -1.9712 -0.1047 0.1684 0.0377 0.3389 0.4607 0.8195
1305031460.5596 -1.9679 -0.1162 0.1729 0.0309 0.3475 0.4648 0.8138
1305031460.5919 -1.9708 -0.1278 0.1782 0.0265 0.3571 0.4652 0.8096
1305031460.6276 -1.9684 -0.1390 0.1822 0.0229 0.3645 0.4676 0.8050
1305031460.6598 -1.9719 -0.1508 0.1877 0.0204 0.3727 0.4666 0.8019
1305031460.6917 -1.9771 -0.1616 0.1956 0.0173 0.3781 0.4673 0.7990
1305031460.7277 -1.9750 -0.1699 0.2016 0.0122 0.3794 0.4678 0.7982
1305031460.7597 -1.9731 -0.1814 0.2078 0.0082 0.3841 0.4664 0.7968
1305031460.7917 -1.9772 -0.1932 0.2179 0.0052 0.3893 0.4651 0.7951
1305031460.8277 -1.9772 -0.2000 0.2269 0.0007 0.3907 0.4626 0.7958
1305031460.8597 -1.9753 -0.2067 0.2350 -0.0054 0.3939 0.4603 0.7956
1305031460.8918 -1.9736 -0.2181 0.2450 -0.0130 0.3988 0.4580 0.7944
1305031460.9276 -1.9732 -0.2296 0.2562 -0.0187 0.4017 0.4574 0.7932
1305031460.9917 -1.9568 -0.2525 0.2694 -0.0232 0.4045 0.4606 0.7898
1305031461.0276 -1.9527 -0.2634 0.2787 -0.0223 0.4071 0.4611 0.7881
1305031461.0917 -1.9500 -0.2754 0.2958 -0.0191 0.4066 0.4598 0.7893
1305031461.1276 -1.9396 -0.2840 0.3007 -0.0216 0.4055 0.4587 0.7904
1305031461.1597 -1.9327 -0.2941 0.3085 -0.0205 0.4071 0.4566 0.7908
1305031461.1920 -1.9304 -0.2964 0.3145 -0.0170 0.4077 0.4520 0.7932
1305031461.2276 -1.9266 -0.3021 0.3202 -0.0170 0.4088 0.4497 0.7940
1305031461.2596 -1.9204 -0.3082 0.3264 -0.0160 0.4090 0.4465 0.7957
1305031461.2917 -1.9165 -0.3102 0.3325 -0.0137 0.4097 0.4404 0.7988
1305031461.3278 -1.9105 -0.3089 0.3366 -0.0121 0.4112 0.4359 0.8005
1305031461.3597 -1.9120 -0.3069 0.3433 -0.0153 0.4149 0.4317 0.8008
1305031461.3917 -1.9000 -0.3149 0.3519 -0.0240 0.4146 0.4335 0.7997
1305031461.4276 -1.8930 -0.3172 0.3550 -0.0248 0.4151 0.4316 0.8005
1305031461.4598 -1.8924 -0.3137 0.3594 -0.0271 0.4153 0.4330 0.7996
1305031461.4917 -1.8757 -0.3234 0.3598 -0.0328 0.4139 0.4359 0.7985
1305031461.5277 -1.8753 -0.3208 0.3589 -0.0268 0.4157 0.4327 0.7995
1305031461.5597 -1.8686 -0.3149 0.3525 -0.0274 0.4154 0.4296 0.8013
1305031461.5917 -1.8671 -0.3130 0.3496 -0.0276 0.4231 0.4255 0.7995
1305031461.6275 -1.8648 -0.3092 0.3479 -0.0302 0.4285 0.4252 0.7967
1305031461.6596 -1.8621 -0.3062 0.3469 -0.0325 0.4333 0.4250 0.7941
1305031461.6916 -1.8629 -0.3004 0.3458 -0.0331 0.4364 0.4299 0.7897
1305031461.7276 -1.8554 -0.2952 0.3420 -0.0358 0.4359 0.4358 0.7866
1305031461.7597 -1.8564 -0.2875 0.3353 -0.0357 0.4374 0.4383 0.7844
1305031461.7916 -1.8540 -0.2790 0.3302 -0.0399 0.4389 0.4425 0.7810
1305031461.8276 -1.8513 -0.2715 0.3252 -0.0421 0.4428 0.4468 0.7762
1305031461.8598 -1.8564 -0.2599 0.3217 -0.0425 0.4476 0.4520 0.7704
1305031461.8917 -1.8605 -0.2508 0.3203 -0.0468 0.4498 0.4627 0.7625
1305031461.9278 -1.8565 -0.2414 0.3178 -0.0535 0.4474 0.4727 0.7573
1305031461.9597 -1.8539 -0.2263 0.3075 -0.0578 0.4489 0.4753 0.7545
1305031461.9916 -1.8668 -0.2166 0.3092 -0.0648 0.4578 0.4800 0.7455
1305031462.0277 -1.8674 -0.2179 0.3137 -0.0768 0.4585 0.4917 0.7362
1305031462.0598 -1.8695 -0.2147 0.3153 -0.0810 0.4547 0.5039 0.7299
1305031462.0918 -1.8708 -0.2054 0.3114 -0.0819 0.4481 0.5156 0.7257
1305031462.1277 -1.8739 -0.1960 0.3081 -0.0837 0.4445 0.5246 0.7213
1305031462.1596 -1.8762 -0.1914 0.3064 -0.0878 0.4423 0.5310 0.7174
1305031462.1916 -1.8833 -0.1819 0.3054 -0.0903 0.4419 0.5301 0.7180
1305031462.2276 -1.8904 -0.1750 0.3055 -0.0961 0.4423 0.5306 0.7166
1305031462.2598 -1.8964 -0.1702 0.3071 -0.1032 0.4412 0.5297 0.7170
1305031462.2916 -1.9037 -0.1637 0.3086 -0.1096 0.4384 0.5265 0.7201
1305031462.3275 -1.9088 -0.1546 0.3075 -0.1167 0.4345 0.5228 0.7241
1305031462.3597 -1.9202 -0.1491 0.3129 -0.1250 0.4352 0.5162 0.7270
1305031462.3917 -1.9293 -0.1414 0.3177 -0.1335 0.4309 0.5127 0.7305
1305031462.4276 -1.9386 -0.1390 0.3302 -0.1447 0.4295 0.5084 0.7322
1305031462.4599 -1.9378 -0.1451 0.3419 -0.1540 0.4324 0.5047 0.7311
1305031462.4920 -1.9389 -0.1427 0.3441 -0.1534 0.4334 0.5035 0.7315
1305031462.5277 -1.9411 -0.1336 0.3467 -0.1505 0.4341 0.5009 0.7335
1305031462.5599 -1.9614 0.0223 0.3657 -0.0886 0.4307 0.4711 0.7647
1305031462.5919 -1.9676 0.0230 0.3633 -0.0932 0.4291 0.4649 0.7689
1305031462.6279 -1.9673 0.0228 0.3629 -0.0944 0.4284 0.4641 0.7695
1305031462.6597 -1.9671 0.0227 0.3627 -0.0950 0.4280 0.4637 0.7699
1305031462.6925 -1.9672 0.0216 0.3634 -0.0958 0.4284 0.4633 0.7699
1305031462.7277 -1.9669 0.0194 0.3640 -0.0974 0.4287 0.4630 0.7697
1305031462.7598 -1.9670 0.0185 0.3647 -0.0980 0.4290 0.4628 0.7695
1305031462.7919 -1.9675 0.0192 0.3662 -0.0975 0.4295 0.4625 0.7695
1305031462.8278 -1.9681 0.0213 0.3676 -0.0961 0.4299 0.4622 0.7696
1305031462.8598 -1.9687 0.0234 0.3688 -0.0949 0.4302 0.4618 0.7699
1305031462.8918 -1.9699 0.0260 0.3712 -0.0932 0.4310 0.4611 0.7700
1305031462.9276 -1.9708 0.0271 0.3734 -0.0925 0.4321 0.4606 0.7698
1305031462.9597 -1.9678 0.0392 0.3934 -0.0875 0.4369 0.4588 0.7688
1305031462.9955 -1.9969 0.1158 0.4294 -0.0443 0.4486 0.4380 0.7778
1305031463.0277 -2.0025 0.1175 0.4208 -0.0421 0.4481 0.4338 0.7805
1305031463.0598 -2.0028 0.1161 0.4188 -0.0428 0.4479 0.4335 0.7808
1305031463.0958 -2.0034 0.1122 0.4167 -0.0446 0.4481 0.4332 0.7807
1305031463.1275 -2.0036 0.1086 0.4153 -0.0463 0.4482 0.4334 0.7805
1305031463.1598 -2.0050 0.1059 0.4140 -0.0472 0.4490 0.4327 0.7803
1305031463.1957 -2.0056 0.0998 0.4122 -0.0502 0.4499 0.4325 0.7797
1305031463.2278 -2.0056 0.0952 0.4107 -0.0526 0.4503 0.4327 0.7793
1305031463.2600 -2.0058 0.0942 0.4097 -0.0530 0.4504 0.4327 0.7792
1305031463.2957 -2.0061 0.0899 0.4066 -0.0546 0.4505 0.4331 0.7788
1305031463.3277 -2.0061 0.0874 0.4037 -0.0558 0.4503 0.4333 0.7787
1305031463.3598 -2.0062 0.0872 0.4013 -0.0558 0.4499 0.4333 0.7789
1305031463.3956 -2.0094 0.0951 0.3855 -0.0534 0.4466 0.4275 0.7842
1305031463.4277 -2.0043 0.1016 0.3737 -0.0543 0.4430 0.4272 0.7863
1305031463.4598 -1.9990 0.0993 0.3576 -0.0571 0.4409 0.4311 0.7852
1305031463.4956 -1.9952 0.1137 0.3458 -0.0573 0.4423 0.4288 0.7856
1305031463.5277 -1.9907 0.1224 0.3295 -0.0569 0.4454 0.4272 0.7848
1305031463.5598 -1.9913 0.1288 0.3164 -0.0545 0.4492 0.4260 0.7834
1305031463.5956 -1.9899 0.1396 0.3061 -0.0532 0.4489 0.4248 0.7843
1305031463.6276 -1.9799 0.1487 0.2903 -0.0512 0.4467 0.4229 0.7867
1305031463.6598 -1.9788 0.1541 0.2746 -0.0441 0.4512 0.4175 0.7875
1305031463.6956 -1.9801 0.1665 0.2582 -0.0387 0.4516 0.4122 0.7903
1305031463.7276 -1.9674 0.1702 0.2347 -0.0412 0.4482 0.4111 0.7927
1305031463.7597 -1.9555 0.1678 0.2067 -0.0408 0.4480 0.4062 0.7954
1305031463.7956 -1.9551 0.1720 0.1872 -0.0377 0.4518 0.3951 0.7990
1305031463.8278 -1.9474 0.1735 0.1639 -0.0405 0.4510 0.3861 0.8037
1305031463.8599 -1.9385 0.1696 0.1397 -0.0425 0.4519 0.3772 0.8073
1305031463.8956 -1.9372 0.1702 0.1197 -0.0407 0.4545 0.3675 0.8104
1305031463.9277 -1.9338 0.1670 0.1012 -0.0417 0.4537 0.3619 0.8133
1305031463.9597 -1.9257 0.1622 0.0803 -0.0416 0.4495 0.3572 0.8177
1305031463.9958 -1.9221 0.1587 0.0580 -0.0389 0.4469 0.3502 0.8223
1305031464.0277 -1.9213 0.1577 0.0376 -0.0384 0.4444 0.3421 0.8270
1305031464.0597 -1.9127 0.1506 0.0152 -0.0411 0.4426 0.3346 0.8310
1305031464.0956 -1.9123 0.1458 -0.0024 -0.0395 0.4452 0.3248 0.8335
1305031464.1277 -1.9156 0.1400 -0.0138 -0.0378 0.4468 0.3187 0.8351
1305031464.1598 -1.9119 0.1287 -0.0263 -0.0343 0.4443 0.3164 0.8374
1305031464.1956 -1.9113 0.1205 -0.0390 -0.0252 0.4401 0.3106 0.8421
1305031464.2276 -1.9185 0.1209 -0.0490 -0.0131 0.4342 0.3036 0.8480
1305031464.2596 -1.9235 0.1230 -0.0607 -0.0037 0.4225 0.3005 0.8551
1305031464.2957 -1.9208 0.1251 -0.0768 0.0011 0.4066 0.2957 0.8645
1305031464.3279 -1.9144 0.1277 -0.0959 0.0045 0.3931 0.2898 0.8726
1305031464.3597 -1.9061 0.1236 -0.1151 0.0075 0.3840 0.2845 0.8784
1305031464.3956 -1.9001 0.1305 -0.1373 0.0125 0.3781 0.2751 0.8839
1305031464.4276 -1.8974 0.1335 -0.1538 0.0126 0.3780 0.2651 0.8870
1305031464.4597 -1.8949 0.1273 -0.1706 0.0120 0.3766 0.2567 0.8900
1305031464.4956 -1.8890 0.1312 -0.1915 0.0138 0.3740 0.2500 0.8930
1305031464.5276 -1.8894 0.1328 -0.2090 0.0138 0.3748 0.2416 0.8949
1305031464.5597 -1.8825 0.1308 -0.2299 0.0086 0.3722 0.2311 0.8989
1305031464.5957 -1.8681 0.1153 -0.2596 0.0052 0.3747 0.2211 0.9004
1305031464.6277 -1.8637 0.1114 -0.2821 0.0108 0.3862 0.2098 0.8982
1305031464.6597 -1.8580 0.1080 -0.2990 0.0147 0.3979 0.1949 0.8964
1305031464.6957 -1.8456 0.0900 -0.3147 0.0187 0.4082 0.1770 0.8954
1305031464.7277 -1.8479 0.0890 -0.3192 0.0316 0.4170 0.1558 0.8949
1305031464.7597 -1.8507 0.0998 -0.3244 0.0409 0.4185 0.1332 0.8974
1305031464.7960 -1.8475 0.0895 -0.3233 0.0422 0.4156 0.1144 0.9013
1305031464.8278 -1.8459 0.0878 -0.3198 0.0502 0.4063 0.0978 0.9071
1305031464.8597 -1.8388 0.1035 -0.3264 0.0569 0.3902 0.0807 0.9154
1305031464.8958 -1.8238 0.1092 -0.3363 0.0522 0.3729 0.0619 0.9243
1305031464.9278 -1.8011 0.0899 -0.3464 0.0420 0.3590 0.0435 0.9314
1305031464.9598 -1.7793 0.0773 -0.3531 0.0392 0.3519 0.0257 0.9349
1305031464.9957 -1.7605 0.0811 -0.3579 0.0409 0.3488 0.0061 0.9363
1305031465.0278 -1.7465 0.0837 -0.3471 0.0391 0.3490 -0.0160 0.9362
1305031465.0597 -1.7414 0.1057 -0.3256 0.0434 0.3461 -0.0375 0.9364
1305031465.0957 -1.7297 0.1509 -0.3186 0.0415 0.3342 -0.0537 0.9400
1305031465.1277 -1.7094 0.1642 -0.3111 0.0220 0.3202 -0.0645 0.9449
1305031465.1598 -1.6906 0.1681 -0.2977 0.0032 0.3086 -0.0692 0.9487
1305031465.1956 -1.6689 0.1744 -0.2882 -0.0103 0.2972 -0.0732 0.9520
1305031465.2279 -1.6503 0.1921 -0.2796 -0.0212 0.2884 -0.0765 0.9542
1305031465.2598 -1.6328 0.1941 -0.2644 -0.0339 0.2807 -0.0744 0.9563
1305031465.2956 -1.6191 0.2086 -0.2563 -0.0354 0.2734 -0.0651 0.9590
1305031465.3277 -1.6051 0.2260 -0.2473 -0.0375 0.2634 -0.0520 0.9626
1305031465.3599 -1.5912 0.2291 -0.2395 -0.0397 0.2502 -0.0395 0.9666
1305031465.3956 -1.5702 0.2350 -0.2454 -0.0363 0.2331 -0.0293 0.9713
1305031465.4277 -1.5463 0.2457 -0.2569 -0.0304 0.2188 -0.0187 0.9751
1305031465.4601 -1.5295 0.2630 -0.2676 -0.0229 0.2084 -0.0064 0.9778
1305031465.4957 -1.5122 0.2809 -0.2794 -0.0213 0.1980 0.0030 0.9800
1305031465.5276 -1.4947 0.2799 -0.2855 -0.0245 0.1889 0.0073 0.9817
1305031465.5598 -1.4780 0.2891 -0.2997 -0.0178 0.1807 0.0115 0.9833
1305031465.5956 -1.4606 0.3055 -0.3162 -0.0098 0.1759 0.0186 0.9842
1305031465.6277 -1.4538 0.3209 -0.3265 -0.0032 0.1741 0.0262 0.9844
1305031465.6601 -1.4435 0.3338 -0.3385 0.0028 0.1662 0.0332 0.9855
1305031465.6957 -1.4204 0.3491 -0.3570 0.0101 0.1570 0.0389 0.9868
1305031465.7277 -1.4056 0.3663 -0.3708 0.0195 0.1541 0.0461 0.9868
1305031465.7598 -1.3908 0.3879 -0.3856 0.0293 0.1499 0.0528 0.9869
1305031465.7959 -1.3719 0.4064 -0.3982 0.0360 0.1462 0.0578 0.9869
1305031465.8280 -1.3561 0.4189 -0.4107 0.0445 0.1437 0.0614 0.9867
1305031465.8599 -1.3405 0.4484 -0.4279 0.0580 0.1419 0.0629 0.9862
1305031465.8955 -1.3200 0.4736 -0.4396 0.0622 0.1452 0.0645 0.9853
1305031465.9275 -1.3026 0.4860 -0.4502 0.0663 0.1522 0.0646 0.9840
1305031465.9597 -1.2905 0.5079 -0.4636 0.0764 0.1605 0.0605 0.9822
1305031465.9958 -1.2863 0.5309 -0.4741 0.0828 0.1690 0.0546 0.9806
1305031466.0276 -1.2806 0.5554 -0.4851 0.0888 0.1726 0.0511 0.9796
1305031466.0598 -1.2747 0.5811 -0.4952 0.0882 0.1753 0.0518 0.9792
1305031466.0958 -1.2699 0.5988 -0.5059 0.0837 0.1744 0.0530 0.9797
1305031466.1276 -1.2628 0.6160 -0.5184 0.0783 0.1700 0.0541 0.9808
1305031466.1604 -1.2602 0.6321 -0.5325 0.0739 0.1657 0.0569 0.9817
1305031466.1958 -1.2580 0.6504 -0.5471 0.0676 0.1579 0.0587 0.9834
1305031466.2280 -1.2467 0.6604 -0.5628 0.0559 0.1477 0.0567 0.9858
1305031466.2598 -1.2283 0.6618 -0.5818 0.0498 0.1422 0.0510 0.9873
1305031466.2957 -1.2170 0.6743 -0.6016 0.0499 0.1463 0.0387 0.9872
1305031466.3277 -1.2124 0.6867 -0.6214 0.0481 0.1567 0.0290 0.9861
1305031466.3598 -1.2083 0.6938 -0.6381 0.0408 0.1656 0.0246 0.9850
1305031466.3958 -1.2023 0.6875 -0.6537 0.0368 0.1689 0.0219 0.9847
1305031466.4278 -1.2014 0.7000 -0.6716 0.0432 0.1684 0.0157 0.9847
1305031466.4598 -1.1932 0.7140 -0.6884 0.0432 0.1633 0.0113 0.9856
1305031466.4958 -1.1774 0.7224 -0.7043 0.0392 0.1582 0.0114 0.9866
1305031466.5275 -1.1564 0.7264 -0.7190 0.0363 0.1575 0.0120 0.9868
1305031466.5604 -1.1469 0.7408 -0.7329 0.0352 0.1620 0.0100 0.9861
1305031466.5959 -1.1328 0.7523 -0.7453 0.0272 0.1619 0.0085 0.9864
1305031466.6275 -1.1070 0.7460 -0.7543 0.0182 0.1608 0.0073 0.9868
1305031466.6597 -1.0935 0.7515 -0.7689 0.0228 0.1641 0.0006 0.9862
1305031466.6958 -1.0852 0.7706 -0.7807 0.0245 0.1648 -0.0083 0.9860
1305031466.7281 -1.0661 0.7748 -0.7894 0.0163 0.1609 -0.0157 0.9867
1305031466.7596 -1.0454 0.7705 -0.7965 0.0151 0.1595 -0.0230 0.9868
1305031466.7956 -1.0374 0.7839 -0.8105 0.0221 0.1594 -0.0309 0.9865
1305031466.8279 -1.0251 0.7919 -0.8221 0.0194 0.1549 -0.0333 0.9872
1305031466.8597 -1.0125 0.7908 -0.8258 0.0173 0.1491 -0.0316 0.9882
1305031466.8957 -1.0022 0.7960 -0.8372 0.0213 0.1378 -0.0334 0.9897
1305031466.9278 -0.9879 0.7967 -0.8515 0.0208 0.1229 -0.0357 0.9916
1305031466.9597 -0.9714 0.7941 -0.8617 0.0200 0.1123 -0.0376 0.9928
1305031466.9957 -0.9564 0.7952 -0.8749 0.0198 0.1066 -0.0409 0.9933
1305031467.0278 -0.9438 0.7967 -0.8856 0.0193 0.1024 -0.0450 0.9935
1305031467.0597 -0.9309 0.7991 -0.8979 0.0189 0.0998 -0.0482 0.9937
1305031467.0957 -0.9180 0.8024 -0.9074 0.0160 0.0982 -0.0532 0.9936
1305031467.1290 -0.9058 0.8043 -0.9122 0.0150 0.0948 -0.0634 0.9934
1305031467.1597 -0.8950 0.8062 -0.9208 0.0154 0.0916 -0.0713 0.9931
1305031467.1957 -0.8853 0.8084 -0.9290 0.0158 0.0868 -0.0758 0.9932
1305031467.2277 -0.8748 0.8101 -0.9372 0.0158 0.0799 -0.0811 0.9934
1305031467.2597 -0.8633 0.8115 -0.9439 0.0167 0.0744 -0.0866 0.9933
1305031467.2958 -0.8527 0.8137 -0.9535 0.0177 0.0689 -0.0935 0.9931
1305031467.3280 -0.8423 0.8159 -0.9652 0.0180 0.0629 -0.0986 0.9930
1305031467.3597 -0.8318 0.8197 -0.9776 0.0149 0.0562 -0.1000 0.9933
1305031467.3958 -0.8215 0.8233 -0.9861 0.0096 0.0489 -0.1037 0.9934
1305031467.4278 -0.8100 0.8245 -0.9929 0.0080 0.0426 -0.1072 0.9933
1305031467.4597 -0.7987 0.8259 -1.0057 0.0077 0.0354 -0.1090 0.9934
1305031467.4961 -0.7879 0.8272 -1.0198 0.0019 0.0283 -0.1135 0.9931
1305031467.5277 -0.7744 0.8294 -1.0253 -0.0031 0.0244 -0.1188 0.9926
1305031467.5598 -0.7612 0.8280 -1.0299 -0.0031 0.0229 -0.1204 0.9925
1305031467.5960 -0.7485 0.8258 -1.0374 -0.0035 0.0205 -0.1190 0.9927
1305031467.6275 -0.7367 0.8191 -1.0343 -0.0022 0.0153 -0.1162 0.9931
1305031467.6596 -0.7242 0.8133 -1.0385 0.0039 0.0097 -0.1142 0.9934
1305031467.6959 -0.7145 0.8096 -1.0464 0.0060 0.0068 -0.1182 0.9929
1305031467.7275 -0.7040 0.8047 -1.0369 0.0093 0.0049 -0.1235 0.9923
1305031467.7599 -0.6920 0.7981 -1.0346 0.0147 0.0025 -0.1274 0.9917
1305031467.7961 -0.6833 0.7956 -1.0304 0.0190 0.0005 -0.1315 0.9911
1305031467.8278 -0.6730 0.7861 -1.0142 0.0232 -0.0020 -0.1329 0.9909
1305031467.8597 -0.6643 0.7795 -1.0039 0.0312 -0.0058 -0.1315 0.9908
1305031467.8959 -0.6567 0.7780 -0.9985 0.0376 -0.0120 -0.1331 0.9903
1305031467.9278 -0.6442 0.7696 -0.9829 0.0406 -0.0201 -0.1361 0.9897
1305031467.9598 -0.6312 0.7583 -0.9690 0.0465 -0.0259 -0.1383 0.9890
1305031467.9958 -0.6184 0.7600 -0.9622 0.0517 -0.0279 -0.1426 0.9880
1305031468.0281 -0.6085 0.7472 -0.9414 0.0490 -0.0283 -0.1450 0.9878
1305031468.0598 -0.6011 0.7343 -0.9252 0.0531 -0.0300 -0.1485 0.9870
1305031468.0959 -0.5904 0.7319 -0.9159 0.0569 -0.0329 -0.1515 0.9863
1305031468.1278 -0.5802 0.7202 -0.8969 0.0556 -0.0350 -0.1521 0.9862
1305031468.1599 -0.5697 0.7099 -0.8829 0.0575 -0.0368 -0.1557 0.9854
1305031468.1960 -0.5583 0.7009 -0.8689 0.0575 -0.0373 -0.1592 0.9849
1305031468.2282 -0.5494 0.6873 -0.8527 0.0562 -0.0358 -0.1585 0.9851
1305031468.2598 -0.5380 0.6735 -0.8401 0.0565 -0.0340 -0.1570 0.9854
1305031468.2958 -0.5296 0.6605 -0.8267 0.0561 -0.0310 -0.1572 0.9855
1305031468.3278 -0.5214 0.6410 -0.8126 0.0573 -0.0284 -0.1551 0.9858
1305031468.3598 -0.5118 0.6309 -0.8064 0.0624 -0.0254 -0.1513 0.9862
1305031468.3959 -0.5070 0.6246 -0.8000 0.0617 -0.0228 -0.1508 0.9864
1305031468.4280 -0.5007 0.5996 -0.7923 0.0556 -0.0228 -0.1497 0.9869
1305031468.4598 -0.4905 0.5809 -0.7884 0.0542 -0.0244 -0.1466 0.9874
1305031468.4958 -0.4827 0.5664 -0.7820 0.0517 -0.0234 -0.1464 0.9876
1305031468.5278 -0.4826 0.5437 -0.7741 0.0493 -0.0212 -0.1511 0.9871
1305031468.5597 -0.4831 0.5255 -0.7703 0.0536 -0.0209 -0.1603 0.9854
1305031468.5958 -0.4826 0.5171 -0.7714 0.0563 -0.0213 -0.1669 0.9841
1305031468.6276 -0.4837 0.5008 -0.7645 0.0498 -0.0225 -0.1667 0.9845
1305031468.6596 -0.4902 0.4735 -0.7597 0.0455 -0.0253 -0.1673 0.9845
1305031468.6958 -0.4935 0.4550 -0.7556 0.0486 -0.0316 -0.1714 0.9835
1305031468.7278 -0.4941 0.4437 -0.7514 0.0536 -0.0381 -0.1733 0.9827
1305031468.7596 -0.4943 0.4308 -0.7451 0.0553 -0.0431 -0.1740 0.9823
1305031468.7958 -0.4967 0.4096 -0.7380 0.0570 -0.0458 -0.1791 0.9811
1305031468.8292 -0.4990 0.3982 -0.7339 0.0645 -0.0478 -0.1864 0.9792
1305031468.8597 -0.4929 0.3938 -0.7302 0.0675 -0.0488 -0.1912 0.9780
1305031468.8959 -0.4930 0.3816 -0.7227 0.0641 -0.0442 -0.1919 0.9783
1305031468.9281 -0.4940 0.3721 -0.7180 0.0606 -0.0385 -0.1882 0.9795
1305031468.9596 -0.4973 0.3721 -0.7150 0.0562 -0.0318 -0.1842 0.9808
1305031468.9957 -0.5012 0.3824 -0.7120 0.0451 -0.0273 -0.1859 0.9812
1305031469.0277 -0.5038 0.3694 -0.7021 0.0239 -0.0246 -0.1884 0.9815
1305031469.0598 -0.5100 0.3579 -0.6943 0.0086 -0.0227 -0.1923 0.9810
1305031469.0957 -0.5011 0.3548 -0.6850 -0.0033 -0.0244 -0.2002 0.9795
1305031469.1277 -0.4941 0.3441 -0.6727 -0.0185 -0.0199 -0.2075 0.9779
1305031469.1597 -0.4924 0.3371 -0.6612 -0.0301 -0.0117 -0.2127 0.9766
1305031469.1955 -0.4946 0.3275 -0.6479 -0.0402 -0.0020 -0.2162 0.9755
1305031469.2278 -0.5019 0.3241 -0.6373 -0.0457 0.0059 -0.2184 0.9748
1305031469.2596 -0.4989 0.3243 -0.6250 -0.0504 0.0078 -0.2212 0.9739
1305031469.2968 -0.4978 0.3227 -0.6125 -0.0557 0.0125 -0.2226 0.9732
1305031469.3276 -0.4973 0.3256 -0.6010 -0.0606 0.0159 -0.2236 0.9727
1305031469.3596 -0.4853 0.3235 -0.5861 -0.0683 0.0176 -0.2264 0.9715
1305031469.3957 -0.4804 0.3208 -0.5714 -0.0716 0.0279 -0.2312 0.9699
1305031469.4277 -0.4795 0.3315 -0.5594 -0.0697 0.0405 -0.2374 0.9681
1305031469.4597 -0.4805 0.3405 -0.5441 -0.0704 0.0510 -0.2444 0.9658
1305031469.4957 -0.4863 0.3514 -0.5269 -0.0702 0.0587 -0.2481 0.9644
1305031469.5276 -0.4844 0.3645 -0.5145 -0.0712 0.0588 -0.2479 0.9644
1305031469.5596 -0.4801 0.3766 -0.5008 -0.0754 0.0579 -0.2470 0.9644
1305031469.5958 -0.4751 0.3896 -0.4878 -0.0807 0.0571 -0.2448 0.9645
1305031469.6278 -0.4696 0.3964 -0.4739 -0.0903 0.0574 -0.2421 0.9643
1305031469.6596 -0.4698 0.4019 -0.4581 -0.0972 0.0617 -0.2408 0.9637
1305031469.6956 -0.4665 0.4166 -0.4451 -0.0989 0.0651 -0.2386 0.9639
1305031469.7277 -0.4658 0.4265 -0.4316 -0.1040 0.0698 -0.2361 0.9636
1305031469.7596 -0.4673 0.4419 -0.4193 -0.1077 0.0750 -0.2321 0.9638
1305031469.7956 -0.4726 0.4617 -0.4021 -0.1106 0.0787 -0.2280 0.9641
1305031469.8275 -0.4747 0.4744 -0.3903 -0.1150 0.0772 -0.2246 0.9646
1305031469.8596 -0.4795 0.4893 -0.3775 -0.1206 0.0764 -0.2207 0.9648
1305031469.8958 -0.4840 0.5058 -0.3652 -0.1233 0.0757 -0.2163 0.9655
1305031469.9279 -0.4920 0.5209 -0.3516 -0.1261 0.0755 -0.2120 0.9661
1305031469.9598 -0.4996 0.5369 -0.3407 -0.1263 0.0730 -0.2093 0.9669
1305031469.9956 -0.5072 0.5512 -0.3304 -0.1274 0.0711 -0.2066 0.9675
1305031470.0277 -0.5148 0.5675 -0.3223 -0.1277 0.0686 -0.2048 0.9680
1305031470.0596 -0.5254 0.5812 -0.3139 -0.1300 0.0683 -0.2039 0.9679
1305031470.0959 -0.5366 0.5955 -0.3080 -0.1302 0.0693 -0.2017 0.9683
1305031470.1276 -0.5476 0.6152 -0.3020 -0.1298 0.0699 -0.1979 0.9691
1305031470.1596 -0.5602 0.6262 -0.2943 -0.1338 0.0697 -0.1945 0.9692
1305031470.1961 -0.5734 0.6397 -0.2905 -0.1341 0.0694 -0.1911 0.9699
1305031470.2276 -0.5858 0.6514 -0.2873 -0.1372 0.0692 -0.1870 0.9703
1305031470.2600 -0.5972 0.6630 -0.2825 -0.1409 0.0690 -0.1827 0.9706
1305031470.2957 -0.6117 0.6784 -0.2792 -0.1431 0.0714 -0.1794 0.9707
1305031470.3276 -0.6242 0.6903 -0.2728 -0.1485 0.0715 -0.1747 0.9707
1305031470.3596 -0.6392 0.7027 -0.2681 -0.1515 0.0720 -0.1687 0.9713
1305031470.3958 -0.6527 0.7134 -0.2633 -0.1541 0.0709 -0.1635 0.9718
1305031470.4276 -0.6653 0.7221 -0.2581 -0.1557 0.0686 -0.1632 0.9718
1305031470.4597 -0.6788 0.7289 -0.2546 -0.1556 0.0671 -0.1631 0.9720
1305031470.4957 -0.6924 0.7346 -0.2522 -0.1554 0.0657 -0.1617 0.9723
1305031470.5277 -0.7049 0.7402 -0.2496 -0.1559 0.0648 -0.1619 0.9723
1305031470.5597 -0.7190 0.7497 -0.2472 -0.1549 0.0673 -0.1615 0.9723
1305031470.5958 -0.7304 0.7536 -0.2438 -0.1561 0.0676 -0.1579 0.9727
1305031470.6277 -0.7417 0.7607 -0.2400 -0.1566 0.0689 -0.1527 0.9734
1305031470.6597 -0.7526 0.7649 -0.2363 -0.1579 0.0694 -0.1485 0.9738
1305031470.6956 -0.7639 0.7710 -0.2321 -0.1590 0.0696 -0.1447 0.9741
1305031470.7277 -0.7744 0.7728 -0.2271 -0.1597 0.0696 -0.1424 0.9744
1305031470.7597 -0.7815 0.7749 -0.2274 -0.1601 0.0715 -0.1390 0.9747
1305031470.7956 -0.7932 0.7785 -0.2212 -0.1619 0.0791 -0.1337 0.9745
1305031470.8278 -0.8030 0.7822 -0.2161 -0.1567 0.0807 -0.1292 0.9758
1305031470.8596 -0.8129 0.7834 -0.2134 -0.1513 0.0811 -0.1255 0.9771
1305031470.8957 -0.8239 0.7864 -0.2116 -0.1453 0.0817 -0.1214 0.9785
1305031470.9277 -0.8330 0.7882 -0.2076 -0.1391 0.0793 -0.1177 0.9801
1305031470.9596 -0.8424 0.7860 -0.2050 -0.1301 0.0762 -0.1166 0.9817
1305031470.9960 -0.8490 0.7877 -0.2055 -0.1194 0.0747 -0.1155 0.9833
1305031471.0276 -0.8565 0.7854 -0.2035 -0.1107 0.0760 -0.1147 0.9843
1305031471.0596 -0.8662 0.7845 -0.2027 -0.0999 0.0800 -0.1121 0.9854
1305031471.0958 -0.8752 0.7870 -0.2026 -0.0883 0.0821 -0.1073 0.9869
1305031471.1277 -0.8829 0.7847 -0.2017 -0.0816 0.0819 -0.1016 0.9881
1305031471.1596 -0.8891 0.7841 -0.2035 -0.0745 0.0823 -0.0965 0.9891
1305031471.1957 -0.8954 0.7847 -0.2039 -0.0701 0.0853 -0.0913 0.9897
1305031471.2276 -0.9029 0.7860 -0.2019 -0.0677 0.0893 -0.0862 0.9900
1305031471.2597 -0.9090 0.7832 -0.1993 -0.0685 0.0911 -0.0822 0.9901
1305031471.2961 -0.9140 0.7791 -0.1976 -0.0681 0.0928 -0.0776 0.9903
1305031471.3276 -0.9172 0.7772 -0.1997 -0.0645 0.0959 -0.0752 0.9905
1305031471.3596 -0.9210 0.7781 -0.2008 -0.0628 0.1031 -0.0731 0.9900
1305031471.3957 -0.9284 0.7724 -0.1976 -0.0637 0.1116 -0.0673 0.9894
1305031471.4277 -0.9372 0.7733 -0.1978 -0.0575 0.1163 -0.0611 0.9897
1305031471.4596 -0.9421 0.7748 -0.1992 -0.0548 0.1159 -0.0564 0.9901
1305031471.4965 -0.9469 0.7731 -0.1993 -0.0557 0.1166 -0.0519 0.9903
1305031471.5276 -0.9520 0.7724 -0.2001 -0.0550 0.1175 -0.0473 0.9904
1305031471.5597 -0.9549 0.7718 -0.2025 -0.0552 0.1185 -0.0450 0.9904
1305031471.5957 -0.9587 0.7704 -0.2041 -0.0558 0.1230 -0.0428 0.9899
1305031471.6276 -0.9623 0.7694 -0.2060 -0.0557 0.1278 -0.0407 0.9894
1305031471.6596 -0.9658 0.7691 -0.2082 -0.0536 0.1327 -0.0366 0.9890
1305031471.6956 -0.9694 0.7673 -0.2129 -0.0528 0.1363 -0.0317 0.9887
1305031471.7275 -0.9727 0.7678 -0.2158 -0.0533 0.1402 -0.0271 0.9883
1305031471.7597 -0.9729 0.7682 -0.2156 -0.0528 0.1439 -0.0199 0.9880
1305031471.7958 -0.9774 0.7693 -0.2196 -0.0510 0.1517 -0.0132 0.9870
1305031471.8276 -0.9810 0.7703 -0.2222 -0.0537 0.1557 -0.0073 0.9863
1305031471.8597 -0.9828 0.7724 -0.2211 -0.0555 0.1589 0.0005 0.9857
1305031471.8956 -0.9865 0.7749 -0.2221 -0.0575 0.1632 0.0060 0.9849
1305031471.9277 -0.9898 0.7790 -0.2205 -0.0607 0.1691 0.0098 0.9837
1305031471.9596 -0.9889 0.7778 -0.2154 -0.0641 0.1745 0.0147 0.9825
1305031471.9956 -0.9948 0.7818 -0.2187 -0.0632 0.1823 0.0167 0.9811
1305031472.0276 -0.9981 0.7837 -0.2148 -0.0691 0.1871 0.0207 0.9797
1305031472.0597 -1.0000 0.7871 -0.2099 -0.0695 0.1912 0.0246 0.9788
1305031472.0956 -1.0043 0.7883 -0.2114 -0.0695 0.1955 0.0298 0.9778
1305031472.1276 -1.0091 0.7920 -0.2077 -0.0727 0.1989 0.0350 0.9767
1305031472.1596 -1.0090 0.7954 -0.1970 -0.0728 0.1993 0.0387 0.9765
1305031472.1957 -1.0119 0.7940 -0.1954 -0.0696 0.2005 0.0431 0.9763
1305031472.2276 -1.0176 0.7920 -0.1968 -0.0689 0.2033 0.0443 0.9757
1305031472.2638 -1.0204 0.7820 -0.1937 -0.0733 0.2062 0.0449 0.9747
1305031472.2957 -1.0258 0.7698 -0.1956 -0.0749 0.2109 0.0468 0.9735
1305031472.3277 -1.0287 0.7660 -0.1982 -0.0731 0.2125 0.0486 0.9732
1305031472.3636 -1.0301 0.7644 -0.1971 -0.0742 0.2125 0.0493 0.9731
1305031472.3956 -1.0297 0.7570 -0.1920 -0.0795 0.2107 0.0498 0.9730
1305031472.4277 -1.0288 0.7491 -0.1871 -0.0842 0.2084 0.0489 0.9732
1305031472.4636 -1.0268 0.7436 -0.1847 -0.0876 0.2068 0.0461 0.9734
1305031472.4956 -1.0243 0.7391 -0.1865 -0.0898 0.2063 0.0459 0.9733
1305031472.5276 -1.0205 0.7299 -0.1838 -0.0950 0.2058 0.0472 0.9728
1305031472.5636 -1.0194 0.7252 -0.1840 -0.0906 0.2052 0.0482 0.9733
1305031472.5957 -1.0197 0.7261 -0.1868 -0.0845 0.2046 0.0491 0.9740
1305031472.6277 -1.0177 0.7242 -0.1869 -0.0839 0.2035 0.0512 0.9741
1305031472.6636 -1.0146 0.7190 -0.1864 -0.0846 0.2023 0.0528 0.9742
1305031472.6958 -1.0124 0.7159 -0.1863 -0.0827 0.2014 0.0538 0.9745
1305031472.7276 -1.0097 0.7124 -0.1865 -0.0809 0.2001 0.0533 0.9750
1305031472.7636 -1.0070 0.7104 -0.1872 -0.0791 0.1997 0.0517 0.9753
1305031472.7956 -1.0057 0.7067 -0.1862 -0.0786 0.2012 0.0496 0.9751
1305031472.8276 -1.0050 0.7052 -0.1852 -0.0758 0.2025 0.0490 0.9751
1305031472.8636 -1.0050 0.7050 -0.1842 -0.0729 0.2030 0.0499 0.9752
1305031472.8957 -1.0046 0.7039 -0.1838 -0.0725 0.2019 0.0519 0.9753
1305031472.9277 -1.0013 0.7013 -0.1829 -0.0732 0.1997 0.0540 0.9756
1305031472.9638 -1.0016 0.7025 -0.1824 -0.0713 0.2005 0.0549 0.9756
1305031472.9957 -1.0014 0.7020 -0.1809 -0.0719 0.1998 0.0560 0.9756
1305031473.0276 -1.0006 0.7018 -0.1804 -0.0723 0.1981 0.0560 0.9759
1305031473.0637 -0.9990 0.6999 -0.1797 -0.0741 0.1971 0.0550 0.9760
1305031473.0957 -0.9978 0.6995 -0.1797 -0.0739 0.1975 0.0529 0.9761
1305031473.1277 -0.9984 0.6981 -0.1784 -0.0750 0.1991 0.0518 0.9757
1305031473.1671 -0.9996 0.6965 -0.1779 -0.0748 0.1992 0.0514 0.9757
1305031473.1961 -0.9986 0.6957 -0.1786 -0.0736 0.1982 0.0510 0.9761
