1305031453.3917 0.0000 0.0000 0.0000 0.0000 0.0000 0.0000 1.0000
1305031453.5237 0.0096 0.0198 -0.0360 0.0175 0.0228 0.0372 0.9989
1305031453.6277 0.0090 0.0387 -0.0739 0.0393 0.0286 0.0530 0.9974
1305031453.7277 0.0068 0.0681 -0.0967 0.0613 0.0132 0.0421 0.9971
1305031453.8597 -0.0233 0.0946 -0.1369 0.0746 -0.0249 0.0131 0.9968
1305031453.9277 -0.0435 0.1084 -0.1510 0.0729 -0.0595 0.0031 0.9956
1305031453.9596 -0.0465 0.1141 -0.1534 0.0715 -0.0776 -0.0071 0.9944
1305031453.9916 -0.0371 0.1113 -0.1305 0.0707 -0.0940 -0.0181 0.9929
1305031454.0277 -0.0367 0.1172 -0.1156 0.0754 -0.1087 -0.0294 0.9908
1305031454.0597 -0.0187 0.1074 -0.0946 0.0742 -0.1265 -0.0383 0.9884
1305031454.0917 -0.0221 0.1065 -0.0726 0.0766 -0.1395 -0.0514 0.9859
1305031454.1277 -0.0037 0.0912 -0.0410 0.0780 -0.1610 -0.0623 0.9819
1305031454.1597 0.0341 0.0668 -0.0196 0.0730 -0.1868 -0.0707 0.9771
1305031454.1917 0.0733 0.0397 0.0107 0.0664 -0.2152 -0.0831 0.9708
1305031454.2277 0.0605 0.0402 0.0237 0.0715 -0.2320 -0.1009 0.9648
1305031454.2596 0.0736 0.0325 0.0185 0.0741 -0.2485 -0.1136 0.9591
1305031454.2916 0.0675 0.0381 0.0203 0.0737 -0.2566 -0.1234 0.9558
1305031454.3277 0.0716 0.0285 0.0092 0.0732 -0.2654 -0.1383 0.9514
1305031454.3596 0.0658 0.0327 0.0093 0.0818 -0.2764 -0.1522 0.9454
1305031454.3917 0.0602 0.0373 0.0061 0.0842 -0.2835 -0.1632 0.9412
1305031454.4275 0.0525 0.0415 0.0047 0.0877 -0.2944 -0.1777 0.9349
1305031454.4599 0.0509 0.0438 0.0109 0.0922 -0.3059 -0.1923 0.9279
1305031454.4916 0.0507 0.0423 0.0047 0.0940 -0.3102 -0.2082 0.9228
1305031454.5277 0.0511 0.0483 0.0036 0.0960 -0.3163 -0.2226 0.9172
1305031454.5596 0.0463 0.0530 0.0038 0.0939 -0.3218 -0.2352 0.9123
1305031454.5916 0.0379 0.0557 0.0031 0.0925 -0.3306 -0.2528 0.9046
1305031454.6276 0.0297 0.0580 0.0072 0.0915 -0.3426 -0.2668 0.8961
1305031454.6595 0.0232 0.0680 0.0124 0.0883 -0.3534 -0.2743 0.8900
1305031454.6919 0.0108 0.0697 0.0149 0.0815 -0.3636 -0.2840 0.8834
1305031454.7277 0.0077 0.0769 0.0220 0.0786 -0.3759 -0.2884 0.8771
1305031454.7597 0.0127 0.0783 0.0281 0.0709 -0.3835 -0.2843 0.8758
1305031454.7916 0.0148 0.0852 0.0300 0.0659 -0.3863 -0.2779 0.8770
1305031454.8276 0.0213 0.0990 0.0367 0.0626 -0.3890 -0.2699 0.8786
1305031454.8596 0.0218 0.1057 0.0423 0.0553 -0.3868 -0.2630 0.8821
1305031454.8918 0.0253 0.1116 0.0417 0.0501 -0.3823 -0.2565 0.8863
1305031454.9276 0.0279 0.1196 0.0386 0.0446 -0.3762 -0.2501 0.8910
1305031454.9596 0.0245 0.1313 0.0347 0.0418 -0.3696 -0.2448 0.8954
1305031454.9919 0.0211 0.1380 0.0270 0.0374 -0.3652 -0.2393 0.8989
1305031455.0278 0.0199 0.1535 0.0214 0.0382 -0.3630 -0.2352 0.9008
1305031455.0596 0.0208 0.1533 0.0233 0.0342 -0.3630 -0.2346 0.9011
1305031455.0917 0.0218 0.1545 0.0246 0.0342 -0.3634 -0.2347 0.9009
1305031455.1277 0.0195 0.1624 0.0218 0.0343 -0.3603 -0.2331 0.9026
1305031455.1597 0.0119 0.1720 0.0132 0.0329 -0.3550 -0.2294 0.9057
1305031455.1917 0.0023 0.1812 0.0099 0.0290 -0.3517 -0.2242 0.9084
1305031455.2276 -0.0056 0.1875 0.0060 0.0275 -0.3493 -0.2187 0.9107
1305031455.2596 -0.0101 0.2021 -0.0025 0.0264 -0.3440 -0.2127 0.9142
1305031455.2918 -0.0231 0.2056 -0.0087 0.0157 -0.3377 -0.2044 0.9187
1305031455.3278 -0.0321 0.2147 -0.0209 0.0094 -0.3337 -0.1945 0.9224
1305031455.3596 -0.0377 0.2246 -0.0257 0.0015 -0.3318 -0.1887 0.9243
1305031455.3917 -0.0486 0.2250 -0.0278 -0.0108 -0.3256 -0.1824 0.9277
1305031455.4276 -0.0616 0.2288 -0.0377 -0.0194 -0.3179 -0.1735 0.9319
1305031455.4596 -0.0732 0.2272 -0.0451 -0.0271 -0.3148 -0.1655 0.9342
1305031455.4916 -0.0836 0.2307 -0.0544 -0.0331 -0.3113 -0.1551 0.9370
1305031455.5276 -0.0990 0.2270 -0.0634 -0.0418 -0.3077 -0.1425 0.9398
1305031455.5597 -0.1145 0.2285 -0.0778 -0.0456 -0.3066 -0.1294 0.9419
1305031455.5916 -0.1247 0.2325 -0.0912 -0.0496 -0.3071 -0.1153 0.9434
1305031455.6276 -0.1390 0.2264 -0.0967 -0.0578 -0.3062 -0.1035 0.9445
1305031455.6596 -0.1525 0.2241 -0.1098 -0.0556 -0.3040 -0.0978 0.9460
1305031455.6916 -0.1673 0.2265 -0.1264 -0.0505 -0.3008 -0.0990 0.9472
1305031455.7276 -0.1768 0.2223 -0.1365 -0.0488 -0.2994 -0.1037 0.9472
1305031455.7597 -0.1905 0.2189 -0.1510 -0.0478 -0.2930 -0.1063 0.9490
1305031455.7917 -0.2042 0.2083 -0.1657 -0.0482 -0.2874 -0.1058 0.9507
1305031455.8276 -0.2131 0.2065 -0.1815 -0.0451 -0.2847 -0.1050 0.9518
1305031455.8595 -0.2204 0.2011 -0.1923 -0.0452 -0.2843 -0.1064 0.9517
1305031455.8917 -0.2296 0.1973 -0.2060 -0.0449 -0.2815 -0.1064 0.9526
1305031455.9280 -0.2420 0.1905 -0.2217 -0.0461 -0.2759 -0.1076 0.9540
1305031455.9597 -0.2491 0.1886 -0.2356 -0.0449 -0.2716 -0.1091 0.9552
1305031455.9917 -0.2516 0.1841 -0.2383 -0.0474 -0.2702 -0.1112 0.9552
1305031456.0278 -0.2565 0.1894 -0.2509 -0.0492 -0.2650 -0.1159 0.9560
1305031456.0597 -0.2666 0.1784 -0.2557 -0.0597 -0.2603 -0.1245 0.9556
1305031456.0917 -0.2749 0.1682 -0.2584 -0.0658 -0.2571 -0.1298 0.9554
1305031456.1276 -0.2751 0.1590 -0.2569 -0.0687 -0.2578 -0.1306 0.9549
1305031456.1597 -0.2921 0.1562 -0.2663 -0.0673 -0.2483 -0.1321 0.9573
1305031456.1917 -0.2963 0.1453 -0.2671 -0.0645 -0.2433 -0.1293 0.9591
1305031456.2277 -0.3053 0.1541 -0.2773 -0.0582 -0.2317 -0.1255 0.9629
1305031456.2917 -0.3293 0.1358 -0.2783 -0.0603 -0.2097 -0.1192 0.9686
1305031456.3277 -0.3395 0.1304 -0.2777 -0.0572 -0.1998 -0.1122 0.9717
1305031456.3916 -0.3611 0.1247 -0.2747 -0.0538 -0.1760 -0.1028 0.9775
1305031456.4277 -0.3807 0.1284 -0.2774 -0.0468 -0.1629 -0.0959 0.9809
1305031456.4917 -0.4181 0.1450 -0.2769 -0.0505 -0.1528 -0.0846 0.9833
1305031456.5276 -0.4304 0.1452 -0.2678 -0.0575 -0.1551 -0.0795 0.9830
1305031456.5917 -0.4508 0.1502 -0.2563 -0.0605 -0.1513 -0.0674 0.9843
1305031456.6276 -0.4609 0.1586 -0.2511 -0.0726 -0.1461 -0.0629 0.9846
1305031456.6916 -0.4979 0.1476 -0.2331 -0.0872 -0.1342 -0.0487 0.9859
1305031456.7916 -0.5524 0.1611 -0.2141 -0.0933 -0.1383 -0.0238 0.9857
1305031457.0276 -0.6363 0.1974 -0.1771 -0.1080 -0.1168 0.0122 0.9872
1305031457.1917 -0.6937 0.1953 -0.1956 -0.1250 -0.0831 0.0357 0.9880
1305031457.2917 -0.7264 0.1777 -0.2201 -0.1239 -0.0601 0.0535 0.9890
1305031457.3917 -0.7626 0.1623 -0.2541 -0.1203 -0.0258 0.0714 0.9898
1305031457.4917 -0.8062 0.1420 -0.2896 -0.1193 -0.0087 0.0862 0.9891
1305031457.5597 -0.8270 0.1307 -0.3147 -0.1117 0.0000 0.0939 0.9893
1305031457.6596 -0.8706 0.1208 -0.3490 -0.1038 0.0123 0.1051 0.9890
1305031457.7277 -0.8960 0.0881 -0.3601 -0.1163 0.0155 0.1040 0.9876
1305031457.7916 -0.9127 0.0559 -0.3705 -0.1099 0.0219 0.1027 0.9884
1305031457.8277 -0.9279 0.0595 -0.3858 -0.0969 0.0312 0.1041 0.9893
1305031457.8916 -0.9502 0.0214 -0.3909 -0.0932 0.0469 0.1048 0.9890
1305031457.9276 -0.9673 0.0205 -0.4006 -0.0785 0.0525 0.1112 0.9893
1305031457.9916 -0.9880 0.0027 -0.4040 -0.0686 0.0541 0.1177 0.9892
1305031458.0278 -0.9990 -0.0060 -0.4036 -0.0595 0.0584 0.1207 0.9892
1305031458.0597 -1.0143 0.0058 -0.4050 -0.0471 0.0637 0.1239 0.9891
1305031458.0917 -1.0330 0.0078 -0.4019 -0.0457 0.0697 0.1257 0.9886
1305031458.1276 -1.0454 -0.0009 -0.3927 -0.0478 0.0731 0.1261 0.9882
1305031458.1596 -1.0598 -0.0076 -0.3866 -0.0459 0.0756 0.1287 0.9877
1305031458.1916 -1.0743 -0.0007 -0.3777 -0.0434 0.0754 0.1339 0.9872
1305031458.2276 -1.0905 -0.0008 -0.3651 -0.0483 0.0736 0.1343 0.9870
1305031458.2599 -1.0967 -0.0265 -0.3380 -0.0541 0.0694 0.1313 0.9874
1305031458.2917 -1.1185 -0.0214 -0.3252 -0.0428 0.0671 0.1314 0.9881
1305031458.3276 -1.1316 -0.0247 -0.3122 -0.0412 0.0613 0.1333 0.9883
1305031458.3596 -1.1426 -0.0241 -0.2813 -0.0301 0.0581 0.1358 0.9886
1305031458.3916 -1.1572 -0.0192 -0.2678 -0.0169 0.0568 0.1410 0.9882
1305031458.4276 -1.1605 -0.0183 -0.2513 -0.0092 0.0549 0.1505 0.9870
1305031458.4596 -1.1645 -0.0220 -0.2348 0.0023 0.0593 0.1556 0.9860
1305031458.4917 -1.1633 -0.0279 -0.2183 0.0214 0.0675 0.1567 0.9851
1305031458.5277 -1.1531 -0.0185 -0.2023 0.0375 0.0705 0.1624 0.9835
1305031458.5596 -1.1581 -0.0123 -0.1833 0.0457 0.0782 0.1627 0.9825
1305031458.5916 -1.1692 -0.0085 -0.1636 0.0560 0.0846 0.1584 0.9821
1305031458.6277 -1.1828 0.0153 -0.1442 0.0631 0.0848 0.1559 0.9821
1305031458.6596 -1.1860 0.0220 -0.1130 0.0588 0.0808 0.1569 0.9825
1305031458.6917 -1.1930 0.0300 -0.0812 0.0567 0.0661 0.1512 0.9847
1305031458.7276 -1.1781 0.0234 -0.0448 0.0537 0.0468 0.1425 0.9872
1305031458.7599 -1.1845 0.0321 -0.0247 0.0628 0.0320 0.1325 0.9887
1305031458.7916 -1.1939 0.0523 0.0010 0.0689 0.0199 0.1239 0.9897
1305031458.8276 -1.1895 0.0516 0.0228 0.0630 0.0100 0.1219 0.9905
1305031458.8917 -1.1895 0.0452 0.0430 0.0698 0.0065 0.1119 0.9912
1305031458.9276 -1.1959 0.0499 0.0446 0.0686 0.0114 0.1170 0.9907
1305031458.9596 -1.2001 0.0423 0.0476 0.0587 0.0160 0.1290 0.9898
1305031458.9916 -1.2048 0.0161 0.0489 0.0553 0.0190 0.1352 0.9891
1305031459.0277 -1.2247 0.0117 0.0557 0.0654 0.0190 0.1362 0.9883
1305031459.0596 -1.2532 0.0001 0.0648 0.0722 0.0174 0.1460 0.9865
1305031459.1276 -1.3089 -0.0319 0.0635 0.0906 -0.0152 0.1626 0.9824
1305031459.1596 -1.3157 -0.0388 0.0728 0.0981 -0.0425 0.1673 0.9801
1305031459.1917 -1.3235 -0.0406 0.0820 0.1027 -0.0627 0.1760 0.9770
1305031459.2276 -1.3306 -0.0399 0.0954 0.1041 -0.0767 0.1878 0.9737
1305031459.2598 -1.3354 -0.0332 0.1127 0.1044 -0.0802 0.1969 0.9715
1305031459.3276 -1.3534 -0.0259 0.1370 0.0971 -0.0481 0.2234 0.9687
1305031459.3597 -1.3654 -0.0145 0.1598 0.1005 -0.0237 0.2433 0.9644
1305031459.3917 -1.3834 0.0100 0.1769 0.0985 0.0036 0.2671 0.9586
1305031459.4276 -1.3832 0.0178 0.1935 0.0821 0.0350 0.3022 0.9491
1305031459.4597 -1.4003 0.0089 0.1871 0.0713 0.0723 0.3400 0.9349
1305031459.5276 -1.4529 0.0684 0.2354 0.0865 0.1022 0.3649 0.9214
1305031459.5596 -1.4666 0.0572 0.2291 0.0754 0.1166 0.3913 0.9097
1305031459.5917 -1.4827 0.0544 0.2259 0.0704 0.1222 0.4101 0.9011
1305031459.6276 -1.4904 0.0503 0.2295 0.0646 0.1231 0.4200 0.8968
1305031459.6596 -1.5050 0.0515 0.2327 0.0649 0.1309 0.4205 0.8954
1305031459.6916 -1.5217 0.0440 0.2325 0.0579 0.1428 0.4259 0.8916
1305031459.7276 -1.5306 0.0280 0.2299 0.0502 0.1492 0.4306 0.8887
1305031459.7917 -1.5657 -0.0030 0.2306 0.0504 0.1633 0.4249 0.8890
1305031459.8277 -1.5816 -0.0156 0.2315 0.0499 0.1644 0.4229 0.8898
1305031459.8597 -1.5983 -0.0285 0.2365 0.0462 0.1645 0.4205 0.8911
1305031459.8916 -1.6076 -0.0456 0.2389 0.0404 0.1600 0.4240 0.8905
1305031459.9276 -1.6161 -0.0602 0.2423 0.0391 0.1571 0.4268 0.8897
1305031459.9917 -1.6361 -0.0854 0.2509 0.0341 0.1547 0.4328 0.8875
1305031460.0276 -1.6399 -0.1017 0.2547 0.0316 0.1540 0.4365 0.8859
1305031460.0597 -1.6521 -0.1154 0.2610 0.0327 0.1565 0.4370 0.8852
1305031460.0917 -1.6664 -0.1355 0.2677 0.0334 0.1562 0.4426 0.8824
1305031460.1277 -1.6728 -0.1442 0.2795 0.0399 0.1486 0.4494 0.8800
1305031460.1597 -1.6825 -0.1493 0.2898 0.0479 0.1424 0.4548 0.8779
1305031460.1916 -1.6876 -0.1534 0.3018 0.0492 0.1363 0.4595 0.8763
1305031460.2278 -1.6833 -0.1620 0.3154 0.0494 0.1362 0.4621 0.8749
1305031460.2917 -1.6866 -0.1820 0.3262 0.0505 0.1531 0.4613 0.8725
1305031460.3275 -1.6863 -0.1917 0.3273 0.0508 0.1607 0.4634 0.8700
1305031460.3916 -1.6894 -0.2126 0.3379 0.0443 0.1806 0.4695 0.8631
1305031460.4275 -1.6915 -0.2252 0.3424 0.0419 0.1917 0.4741 0.8583
1305031460.4596 -1.6918 -0.2323 0.3446 0.0390 0.2038 0.4786 0.8532
1305031460.4915 -1.6958 -0.2408 0.3496 0.0319 0.2184 0.4841 0.8467
1305031460.5276 -1.6937 -0.2514 0.3530 0.0233 0.2279 0.4937 0.8389
1305031460.5596 -1.6916 -0.2628 0.3563 0.0160 0.2369 0.4976 0.8343
1305031460.5919 -1.6964 -0.2760 0.3598 0.0113 0.2473 0.4979 0.8312
1305031460.6276 -1.6957 -0.2873 0.3638 0.0073 0.2554 0.5000 0.8275
1305031460.6598 -1.6993 -0.2989 0.3660 0.0049 0.2635 0.4998 0.8251
1305031460.6917 -1.7017 -0.3084 0.3699 0.0015 0.2669 0.5010 0.8233
1305031460.7277 -1.7007 -0.3143 0.3719 -0.0032 0.2677 0.5008 0.8231
1305031460.7597 -1.6954 -0.3234 0.3767 -0.0069 0.2703 0.5000 0.8227
1305031460.7917 -1.6981 -0.3325 0.3832 -0.0094 0.2744 0.4990 0.8220
1305031460.8277 -1.6974 -0.3385 0.3943 -0.0130 0.2753 0.4961 0.8233
1305031460.8597 -1.6965 -0.3469 0.4020 -0.0190 0.2784 0.4938 0.8236
1305031460.8918 -1.6943 -0.3570 0.4119 -0.0261 0.2823 0.4905 0.8240
1305031460.9276 -1.6974 -0.3641 0.4242 -0.0294 0.2857 0.4892 0.8235
1305031460.9917 -1.6809 -0.3838 0.4376 -0.0340 0.2875 0.4908 0.8218
1305031461.0276 -1.6760 -0.3966 0.4431 -0.0339 0.2890 0.4923 0.8204
1305031461.0917 -1.6786 -0.4122 0.4641 -0.0306 0.2913 0.4913 0.8203
1305031461.1276 -1.6686 -0.4248 0.4669 -0.0338 0.2896 0.4909 0.8210
1305031461.1597 -1.6597 -0.4334 0.4683 -0.0318 0.2888 0.4901 0.8218
1305031461.1920 -1.6595 -0.4390 0.4723 -0.0286 0.2899 0.4868 0.8235
1305031461.2276 -1.6560 -0.4456 0.4832 -0.0286 0.2922 0.4839 0.8244
1305031461.2596 -1.6512 -0.4541 0.4855 -0.0277 0.2919 0.4815 0.8259
1305031461.2917 -1.6478 -0.4594 0.4905 -0.0259 0.2924 0.4765 0.8287
1305031461.3278 -1.6428 -0.4613 0.4924 -0.0249 0.2938 0.4726 0.8305
1305031461.3597 -1.6441 -0.4562 0.4985 -0.0262 0.2965 0.4688 0.8316
1305031461.3917 -1.6332 -0.4693 0.5013 -0.0372 0.2950 0.4702 0.8310
1305031461.4276 -1.6253 -0.4757 0.4983 -0.0396 0.2940 0.4693 0.8317
1305031461.4598 -1.6288 -0.4754 0.5074 -0.0421 0.2962 0.4695 0.8307
1305031461.4917 -1.6129 -0.4884 0.5061 -0.0494 0.2939 0.4720 0.8297
1305031461.5277 -1.6111 -0.4921 0.5036 -0.0461 0.2964 0.4703 0.8300
1305031461.5597 -1.6035 -0.4848 0.4980 -0.0459 0.2954 0.4673 0.8320
1305031461.5917 -1.6009 -0.4821 0.4947 -0.0459 0.3024 0.4633 0.8317
1305031461.6275 -1.5996 -0.4772 0.4942 -0.0480 0.3083 0.4627 0.8298
1305031461.6596 -1.5957 -0.4736 0.4917 -0.0508 0.3123 0.4625 0.8282
1305031461.6916 -1.5978 -0.4667 0.4925 -0.0512 0.3165 0.4674 0.8239
1305031461.7276 -1.5888 -0.4599 0.4927 -0.0545 0.3154 0.4732 0.8207
1305031461.7597 -1.5890 -0.4503 0.4839 -0.0542 0.3163 0.4756 0.8190
1305031461.7916 -1.5870 -0.4412 0.4796 -0.0587 0.3177 0.4793 0.8160
1305031461.8276 -1.5826 -0.4321 0.4743 -0.0614 0.3208 0.4836 0.8121
1305031461.8598 -1.5888 -0.4177 0.4724 -0.0607 0.3263 0.4891 0.8066
1305031461.8917 -1.5953 -0.4044 0.4723 -0.0638 0.3292 0.4992 0.7990
1305031461.9278 -1.5891 -0.3979 0.4664 -0.0732 0.3251 0.5100 0.7930
1305031461.9597 -1.5805 -0.3900 0.4511 -0.0819 0.3237 0.5140 0.7901
1305031461.9916 -1.5971 -0.3705 0.4494 -0.0831 0.3321 0.5193 0.7830
1305031462.0277 -1.5979 -0.3754 0.4554 -0.0976 0.3337 0.5302 0.7733
1305031462.0598 -1.6003 -0.3689 0.4589 -0.1020 0.3303 0.5419 0.7660
1305031462.0918 -1.5991 -0.3650 0.4566 -0.1072 0.3238 0.5535 0.7598
1305031462.1277 -1.6028 -0.3554 0.4537 -0.1100 0.3197 0.5610 0.7556
1305031462.1596 -1.6048 -0.3486 0.4515 -0.1140 0.3168 0.5664 0.7522
1305031462.1916 -1.6081 -0.3488 0.4499 -0.1201 0.3172 0.5678 0.7500
1305031462.2276 -1.6183 -0.3345 0.4475 -0.1216 0.3161 0.5668 0.7510
1305031462.2598 -1.6251 -0.3344 0.4503 -0.1304 0.3171 0.5651 0.7504
1305031462.2916 -1.6307 -0.3363 0.4500 -0.1388 0.3143 0.5629 0.7517
1305031462.3597 -1.6551 -0.3223 0.4511 -0.1483 0.3128 0.5501 0.7600
1305031462.5277 -1.7032 -0.3431 0.5341 -0.1714 0.3564 0.5107 0.7634
1305031463.1275 -1.7554 -0.3024 0.5819 -0.1427 0.3888 0.4860 0.7696
1305031463.3956 -1.7633 -0.3114 0.5701 -0.1468 0.3942 0.4756 0.7726
1305031463.4956 -1.7570 -0.2693 0.5283 -0.1418 0.3887 0.4689 0.7804
1305031463.5598 -1.7522 -0.2502 0.5014 -0.1386 0.3968 0.4639 0.7799
1305031463.6598 -1.7378 -0.2276 0.4636 -0.1299 0.4016 0.4547 0.7843
1305031463.7276 -1.7298 -0.2169 0.4370 -0.1304 0.4058 0.4438 0.7883
1305031463.7597 -1.7189 -0.2174 0.4206 -0.1284 0.4109 0.4369 0.7898
1305031463.8278 -1.7058 -0.2152 0.3771 -0.1281 0.4120 0.4172 0.7998
1305031463.8599 -1.6941 -0.2206 0.3556 -0.1301 0.4130 0.4080 0.8038
1305031463.8956 -1.6884 -0.2225 0.3345 -0.1292 0.4139 0.3989 0.8081
1305031463.9597 -1.6709 -0.2322 0.2965 -0.1296 0.4076 0.3889 0.8160
1305031463.9958 -1.6635 -0.2365 0.2761 -0.1269 0.4045 0.3820 0.8212
1305031464.0277 -1.6588 -0.2401 0.2562 -0.1269 0.4011 0.3744 0.8263
1305031464.0597 -1.6470 -0.2474 0.2353 -0.1288 0.3987 0.3669 0.8305
1305031464.0956 -1.6441 -0.2522 0.2218 -0.1265 0.4021 0.3570 0.8336
1305031464.1277 -1.6416 -0.2617 0.2077 -0.1257 0.4017 0.3522 0.8359
1305031464.1598 -1.6373 -0.2732 0.1948 -0.1209 0.4000 0.3512 0.8379
1305031464.1956 -1.6340 -0.2862 0.1893 -0.1138 0.3983 0.3462 0.8418
1305031464.2276 -1.6399 -0.2878 0.1809 -0.1016 0.3933 0.3407 0.8479
1305031464.2596 -1.6450 -0.2894 0.1706 -0.0929 0.3824 0.3381 0.8549
1305031464.2957 -1.6391 -0.2889 0.1550 -0.0878 0.3659 0.3349 0.8639
1305031464.3279 -1.6295 -0.2881 0.1384 -0.0842 0.3525 0.3309 0.8713
1305031464.3597 -1.6165 -0.2915 0.1194 -0.0802 0.3423 0.3270 0.8772
1305031464.3956 -1.6110 -0.2887 0.1003 -0.0758 0.3375 0.3170 0.8831
1305031464.4276 -1.6069 -0.2867 0.0844 -0.0754 0.3370 0.3074 0.8867
1305031464.4597 -1.6009 -0.2935 0.0695 -0.0757 0.3347 0.2995 0.8903
1305031464.4956 -1.5923 -0.2932 0.0472 -0.0743 0.3315 0.2932 0.8937
1305031464.5276 -1.5891 -0.2907 0.0305 -0.0736 0.3315 0.2854 0.8962
1305031464.5597 -1.5773 -0.2957 0.0086 -0.0789 0.3271 0.2749 0.9007
1305031464.5957 -1.5531 -0.3139 -0.0178 -0.0830 0.3279 0.2656 0.9028
1305031464.6277 -1.5453 -0.3181 -0.0382 -0.0773 0.3396 0.2538 0.9024
1305031464.6597 -1.5378 -0.3214 -0.0553 -0.0724 0.3510 0.2377 0.9028
1305031464.6957 -1.5208 -0.3430 -0.0683 -0.0695 0.3603 0.2196 0.9039
1305031464.7277 -1.5189 -0.3519 -0.0754 -0.0573 0.3683 0.2003 0.9061
1305031464.7597 -1.5189 -0.3497 -0.0880 -0.0481 0.3681 0.1804 0.9108
1305031464.7960 -1.5158 -0.3576 -0.0846 -0.0454 0.3648 0.1618 0.9158
1305031464.8278 -1.5127 -0.3585 -0.0784 -0.0360 0.3553 0.1470 0.9224
1305031464.8597 -1.5069 -0.3436 -0.0842 -0.0278 0.3385 0.1313 0.9314
1305031464.8958 -1.4909 -0.3378 -0.0929 -0.0308 0.3191 0.1137 0.9404
1305031464.9278 -1.4655 -0.3512 -0.0967 -0.0384 0.3033 0.0954 0.9473
1305031464.9598 -1.4351 -0.3590 -0.0991 -0.0397 0.2939 0.0781 0.9518
1305031464.9957 -1.4152 -0.3533 -0.1053 -0.0366 0.2892 0.0592 0.9547
1305031465.0278 -1.4054 -0.3504 -0.0969 -0.0373 0.2884 0.0377 0.9560
1305031465.0597 -1.4067 -0.3238 -0.0771 -0.0307 0.2848 0.0171 0.9579
1305031465.0957 -1.3948 -0.2746 -0.0707 -0.0297 0.2709 0.0021 0.9621
1305031465.1277 -1.3767 -0.2569 -0.0647 -0.0472 0.2542 -0.0083 0.9660
1305031465.1598 -1.3607 -0.2455 -0.0491 -0.0636 0.2408 -0.0126 0.9684
1305031465.1956 -1.3385 -0.2361 -0.0400 -0.0761 0.2272 -0.0163 0.9707
1305031465.2279 -1.3212 -0.2178 -0.0343 -0.0864 0.2164 -0.0186 0.9723
1305031465.2598 -1.3033 -0.2125 -0.0230 -0.0979 0.2064 -0.0167 0.9734
1305031465.3277 -1.2781 -0.1753 -0.0086 -0.1017 0.1879 0.0084 0.9769
1305031465.3956 -1.2400 -0.1575 -0.0067 -0.0987 0.1562 0.0341 0.9822
1305031465.4277 -1.2146 -0.1416 -0.0144 -0.0919 0.1428 0.0461 0.9844
1305031465.4601 -1.1948 -0.1224 -0.0231 -0.0849 0.1321 0.0597 0.9858
1305031465.4957 -1.1807 -0.1010 -0.0316 -0.0833 0.1224 0.0695 0.9865
1305031465.5276 -1.1583 -0.0983 -0.0356 -0.0859 0.1118 0.0743 0.9872
1305031465.5598 -1.1453 -0.0841 -0.0466 -0.0773 0.1066 0.0800 0.9881
1305031465.5956 -1.1308 -0.0646 -0.0601 -0.0690 0.1048 0.0878 0.9882
1305031465.6277 -1.1262 -0.0457 -0.0707 -0.0614 0.1039 0.0961 0.9880
1305031465.6601 -1.1149 -0.0263 -0.0814 -0.0536 0.0958 0.1046 0.9884
1305031465.6957 -1.0907 -0.0087 -0.0968 -0.0461 0.0876 0.1118 0.9888
1305031465.7277 -1.0759 0.0132 -0.1074 -0.0361 0.0856 0.1202 0.9884
1305031465.7598 -1.0612 0.0366 -0.1205 -0.0265 0.0824 0.1279 0.9880
1305031465.7959 -1.0437 0.0569 -0.1317 -0.0201 0.0796 0.1337 0.9876
1305031465.8280 -1.0279 0.0734 -0.1417 -0.0110 0.0776 0.1384 0.9873
1305031465.8599 -1.0107 0.1056 -0.1553 0.0026 0.0760 0.1410 0.9871
1305031465.8955 -0.9897 0.1351 -0.1650 0.0070 0.0787 0.1431 0.9865
1305031465.9275 -0.9704 0.1500 -0.1745 0.0102 0.0852 0.1434 0.9859
1305031465.9597 -0.9587 0.1751 -0.1867 0.0207 0.0939 0.1399 0.9855
1305031465.9958 -0.9557 0.1982 -0.1986 0.0269 0.1024 0.1344 0.9852
1305031466.0276 -0.9466 0.2243 -0.2117 0.0334 0.1045 0.1319 0.9852
1305031466.0598 -0.9433 0.2503 -0.2214 0.0328 0.1074 0.1330 0.9847
1305031466.0958 -0.9382 0.2680 -0.2352 0.0279 0.1053 0.1333 0.9851
1305031466.1276 -0.9293 0.2883 -0.2453 0.0237 0.0995 0.1346 0.9856
1305031466.1604 -0.9254 0.3045 -0.2598 0.0195 0.0944 0.1376 0.9858
1305031466.1958 -0.9233 0.3226 -0.2752 0.0138 0.0860 0.1397 0.9864
1305031466.2280 -0.9109 0.3335 -0.2887 0.0029 0.0747 0.1374 0.9877
1305031466.2598 -0.8916 0.3361 -0.3059 -0.0026 0.0690 0.1313 0.9889
1305031466.2957 -0.8770 0.3515 -0.3249 -0.0010 0.0717 0.1193 0.9903
1305031466.3277 -0.8714 0.3675 -0.3442 -0.0015 0.0813 0.1086 0.9908
1305031466.3598 -0.8655 0.3740 -0.3609 -0.0092 0.0894 0.1032 0.9906
1305031466.3958 -0.8586 0.3658 -0.3766 -0.0139 0.0934 0.0990 0.9906
1305031466.4278 -0.8568 0.3779 -0.3955 -0.0068 0.0934 0.0935 0.9912
1305031466.4598 -0.8504 0.3912 -0.4135 -0.0063 0.0890 0.0899 0.9919
1305031466.4958 -0.8327 0.4024 -0.4282 -0.0094 0.0831 0.0898 0.9924
1305031466.5275 -0.8100 0.4092 -0.4401 -0.0125 0.0821 0.0903 0.9925
1305031466.5604 -0.8038 0.4201 -0.4542 -0.0149 0.0879 0.0883 0.9921
1305031466.5959 -0.7887 0.4322 -0.4663 -0.0233 0.0868 0.0872 0.9921
1305031466.6275 -0.7610 0.4298 -0.4736 -0.0324 0.0847 0.0840 0.9923
1305031466.6597 -0.7480 0.4371 -0.4847 -0.0271 0.0889 0.0778 0.9926
1305031466.6958 -0.7433 0.4541 -0.4979 -0.0253 0.0905 0.0703 0.9931
1305031466.7281 -0.7195 0.4627 -0.5025 -0.0322 0.0840 0.0636 0.9939
1305031466.7596 -0.6970 0.4608 -0.5079 -0.0328 0.0824 0.0557 0.9945
1305031466.7956 -0.6856 0.4742 -0.5187 -0.0257 0.0815 0.0497 0.9951
1305031466.8279 -0.6754 0.4841 -0.5319 -0.0272 0.0778 0.0475 0.9955
1305031466.8597 -0.6651 0.4875 -0.5331 -0.0280 0.0731 0.0496 0.9957
1305031466.8957 -0.6561 0.4924 -0.5439 -0.0233 0.0638 0.0486 0.9965
1305031466.9278 -0.6440 0.4986 -0.5523 -0.0209 0.0503 0.0460 0.9975
1305031466.9597 -0.6289 0.5029 -0.5584 -0.0189 0.0413 0.0447 0.9980
1305031466.9957 -0.6162 0.5057 -0.5677 -0.0182 0.0369 0.0419 0.9983
1305031467.0278 -0.6042 0.5090 -0.5761 -0.0179 0.0332 0.0386 0.9985
1305031467.0597 -0.5887 0.5129 -0.5878 -0.0176 0.0297 0.0347 0.9988
1305031467.0957 -0.5746 0.5149 -0.5988 -0.0210 0.0275 0.0310 0.9989
1305031467.1290 -0.5624 0.5161 -0.6033 -0.0221 0.0239 0.0212 0.9992
1305031467.1597 -0.5500 0.5190 -0.6091 -0.0210 0.0202 0.0131 0.9995
1305031467.1957 -0.5418 0.5215 -0.6192 -0.0203 0.0166 0.0090 0.9996
1305031467.2277 -0.5319 0.5235 -0.6264 -0.0196 0.0107 0.0030 0.9997
1305031467.2597 -0.5221 0.5277 -0.6319 -0.0174 0.0059 -0.0026 0.9998
1305031467.2958 -0.5130 0.5301 -0.6410 -0.0158 0.0015 -0.0088 0.9998
1305031467.3280 -0.5010 0.5334 -0.6507 -0.0147 -0.0045 -0.0137 0.9998
1305031467.3597 -0.4902 0.5397 -0.6595 -0.0163 -0.0111 -0.0155 0.9997
1305031467.3958 -0.4826 0.5446 -0.6669 -0.0205 -0.0176 -0.0207 0.9994
1305031467.4278 -0.4691 0.5457 -0.6726 -0.0223 -0.0240 -0.0236 0.9992
1305031467.4597 -0.4572 0.5457 -0.6831 -0.0231 -0.0309 -0.0251 0.9989
1305031467.4961 -0.4514 0.5526 -0.6995 -0.0253 -0.0361 -0.0302 0.9986
1305031467.5277 -0.4374 0.5588 -0.7017 -0.0295 -0.0405 -0.0359 0.9981
1305031467.5598 -0.4199 0.5573 -0.7024 -0.0304 -0.0435 -0.0372 0.9979
1305031467.5960 -0.4056 0.5563 -0.7094 -0.0311 -0.0461 -0.0351 0.9978
1305031467.6275 -0.3946 0.5559 -0.7075 -0.0279 -0.0506 -0.0312 0.9978
1305031467.6596 -0.3846 0.5587 -0.7124 -0.0193 -0.0542 -0.0297 0.9979
1305031467.6959 -0.3783 0.5589 -0.7200 -0.0159 -0.0556 -0.0332 0.9978
1305031467.7275 -0.3671 0.5528 -0.7128 -0.0127 -0.0574 -0.0387 0.9975
1305031467.7599 -0.3543 0.5493 -0.7045 -0.0068 -0.0599 -0.0412 0.9973
1305031467.7961 -0.3413 0.5450 -0.7048 -0.0033 -0.0627 -0.0445 0.9970
1305031467.8278 -0.3382 0.5376 -0.6838 0.0010 -0.0633 -0.0450 0.9970
1305031467.8597 -0.3278 0.5270 -0.6746 0.0068 -0.0672 -0.0420 0.9968
1305031467.8959 -0.3196 0.5226 -0.6687 0.0116 -0.0730 -0.0421 0.9964
1305031467.9278 -0.3110 0.5178 -0.6570 0.0157 -0.0794 -0.0464 0.9956
1305031467.9598 -0.3015 0.5121 -0.6397 0.0231 -0.0838 -0.0489 0.9950
1305031467.9958 -0.2928 0.5182 -0.6303 0.0291 -0.0845 -0.0534 0.9946
1305031468.0281 -0.2822 0.5092 -0.6098 0.0269 -0.0856 -0.0559 0.9944
1305031468.0598 -0.2752 0.4956 -0.5936 0.0300 -0.0862 -0.0595 0.9940
1305031468.0959 -0.2631 0.4972 -0.5823 0.0348 -0.0897 -0.0620 0.9934
1305031468.1278 -0.2531 0.4848 -0.5664 0.0327 -0.0913 -0.0636 0.9933
1305031468.1599 -0.2457 0.4757 -0.5524 0.0347 -0.0915 -0.0684 0.9928
1305031468.1960 -0.2368 0.4719 -0.5356 0.0359 -0.0916 -0.0727 0.9925
1305031468.2282 -0.2264 0.4578 -0.5218 0.0338 -0.0901 -0.0737 0.9926
1305031468.2598 -0.2127 0.4475 -0.5039 0.0338 -0.0894 -0.0715 0.9929
1305031468.2958 -0.2031 0.4369 -0.4884 0.0334 -0.0868 -0.0721 0.9931
1305031468.3278 -0.1924 0.4178 -0.4737 0.0341 -0.0846 -0.0713 0.9933
1305031468.3598 -0.1834 0.4092 -0.4702 0.0388 -0.0803 -0.0684 0.9937
1305031468.4598 -0.1570 0.3632 -0.4453 0.0300 -0.0802 -0.0650 0.9942
1305031468.5278 -0.1450 0.3304 -0.4268 0.0261 -0.0777 -0.0705 0.9941
1305031468.5597 -0.1427 0.3106 -0.4232 0.0302 -0.0772 -0.0793 0.9934
1305031468.6596 -0.1462 0.2561 -0.4144 0.0221 -0.0807 -0.0867 0.9927
1305031468.6958 -0.1534 0.2381 -0.4135 0.0264 -0.0845 -0.0913 0.9919
1305031468.7278 -0.1626 0.2271 -0.4169 0.0321 -0.0870 -0.0933 0.9913
1305031468.7596 -0.1600 0.2166 -0.4063 0.0349 -0.0925 -0.0939 0.9907
1305031468.7958 -0.1592 0.1968 -0.3949 0.0376 -0.0961 -0.0994 0.9897
1305031468.8292 -0.1595 0.1868 -0.3812 0.0457 -0.0991 -0.1056 0.9884
1305031468.9281 -0.1602 0.1669 -0.3541 0.0426 -0.0891 -0.1086 0.9892
1305031468.9957 -0.1586 0.1715 -0.3477 0.0242 -0.0822 -0.1057 0.9907
1305031469.0598 -0.1627 0.1465 -0.3282 -0.0121 -0.0807 -0.1139 0.9901
1305031469.1597 -0.1457 0.1265 -0.2926 -0.0513 -0.0731 -0.1377 0.9864
1305031469.2278 -0.1512 0.1123 -0.2707 -0.0680 -0.0580 -0.1442 0.9855
1305031469.2968 -0.1666 0.1174 -0.2423 -0.0785 -0.0458 -0.1496 0.9846
1305031469.3276 -0.1675 0.1237 -0.2291 -0.0829 -0.0430 -0.1500 0.9843
1305031469.3596 -0.1592 0.1248 -0.2148 -0.0899 -0.0409 -0.1541 0.9831
1305031469.3957 -0.1592 0.1230 -0.2020 -0.0940 -0.0293 -0.1596 0.9823
1305031469.4277 -0.1602 0.1320 -0.1911 -0.0937 -0.0170 -0.1659 0.9815
1305031469.4597 -0.1635 0.1353 -0.1790 -0.0972 -0.0069 -0.1734 0.9800
1305031469.4957 -0.1698 0.1459 -0.1620 -0.0976 -0.0010 -0.1769 0.9794
1305031469.5276 -0.1646 0.1492 -0.1538 -0.1026 -0.0034 -0.1764 0.9790
1305031469.5596 -0.1640 0.1609 -0.1410 -0.1071 -0.0043 -0.1761 0.9785
1305031469.6596 -0.1636 0.1900 -0.0989 -0.1301 -0.0014 -0.1716 0.9765
1305031469.7596 -0.1678 0.2277 -0.0643 -0.1443 0.0096 -0.1636 0.9759
1305031469.9279 -0.2170 0.3209 -0.0027 -0.1564 0.0161 -0.1469 0.9766
1305031470.0277 -0.2470 0.4305 0.0410 -0.1207 0.0133 -0.1370 0.9831
1305031470.1276 -0.2987 0.5433 0.0887 -0.0777 0.0291 -0.1309 0.9879
1305031470.1961 -0.3392 0.6361 0.1404 -0.0316 0.0444 -0.1253 0.9906
1305031470.2957 -0.3989 0.7345 0.2067 0.0104 0.0661 -0.1113 0.9915
1305031470.4597 -0.4674 0.7805 0.2485 0.0101 0.0566 -0.0992 0.9934
1305031470.6277 -0.5271 0.8098 0.2736 0.0192 0.0515 -0.0898 0.9944
1305031470.8278 -0.5861 0.8167 0.2989 0.0197 0.0539 -0.0673 0.9961
1305031470.8596 -0.5976 0.8184 0.3022 0.0272 0.0553 -0.0633 0.9961
1305031470.8957 -0.6121 0.8217 0.3043 0.0350 0.0583 -0.0587 0.9960
1305031470.9277 -0.6219 0.8211 0.3088 0.0416 0.0558 -0.0552 0.9960
1305031470.9596 -0.6336 0.8197 0.3103 0.0526 0.0556 -0.0553 0.9955
1305031470.9960 -0.6419 0.8191 0.3103 0.0619 0.0561 -0.0530 0.9951
1305031471.0276 -0.6500 0.8149 0.3101 0.0699 0.0581 -0.0531 0.9944
1305031471.0596 -0.6614 0.8123 0.3094 0.0798 0.0637 -0.0480 0.9936
1305031471.0958 -0.6704 0.8139 0.3091 0.0911 0.0651 -0.0423 0.9928
1305031471.1277 -0.6791 0.8135 0.3104 0.1001 0.0653 -0.0378 0.9921
1305031471.1596 -0.6854 0.8150 0.3089 0.1086 0.0656 -0.0328 0.9914
1305031471.1957 -0.6914 0.8162 0.3086 0.1136 0.0679 -0.0275 0.9908
1305031471.2276 -0.6992 0.8159 0.3089 0.1154 0.0712 -0.0218 0.9905
1305031471.2597 -0.7069 0.8113 0.3100 0.1139 0.0737 -0.0171 0.9906
1305031471.2961 -0.7129 0.8066 0.3093 0.1144 0.0760 -0.0119 0.9905
1305031471.3276 -0.7157 0.8065 0.3066 0.1186 0.0783 -0.0091 0.9898
1305031471.3596 -0.7170 0.8080 0.3056 0.1201 0.0831 -0.0065 0.9893
1305031471.3957 -0.7233 0.8010 0.3058 0.1184 0.0897 0.0001 0.9889
1305031471.4277 -0.7328 0.8020 0.3054 0.1246 0.0940 0.0069 0.9877
1305031471.4596 -0.7395 0.8049 0.3046 0.1284 0.0941 0.0105 0.9872
1305031471.5276 -0.7510 0.8045 0.3032 0.1300 0.0954 0.0190 0.9867
1305031471.5597 -0.7519 0.8061 0.3018 0.1309 0.0955 0.0211 0.9866
1305031471.5957 -0.7564 0.8058 0.2986 0.1307 0.1002 0.0255 0.9860
1305031471.6276 -0.7630 0.8040 0.2934 0.1295 0.1065 0.0290 0.9854
1305031471.6596 -0.7687 0.7998 0.2891 0.1285 0.1122 0.0349 0.9847
1305031471.7958 -0.7817 0.8042 0.2788 0.1317 0.1278 0.0564 0.9814
1305031471.9956 -0.7998 0.8101 0.2807 0.1139 0.1497 0.0950 0.9775
1305031472.3956 -0.8400 0.8466 0.2871 0.1335 0.1770 0.0924 0.9707
1305031472.5957 -0.8317 0.8300 0.2755 0.1422 0.1712 0.0941 0.9704
1305031472.7956 -0.8250 0.8144 0.2702 0.1506 0.1735 0.0935 0.9687
