1305031453.4237 -0.0006 0.0079 -0.0102 0.0032 0.0047 0.0058 1.0000
1305031453.4597 0.0054 0.0101 -0.0196 0.0064 0.0128 0.0153 0.9998
1305031453.4917 0.0137 0.0110 -0.0317 0.0100 0.0166 0.0259 0.9995
1305031453.5237 0.0205 0.0215 -0.0463 0.0178 0.0190 0.0326 0.9991
1305031453.5598 0.0304 0.0191 -0.0694 0.0209 0.0177 0.0387 0.9989
1305031453.5916 0.0200 0.0218 -0.0833 0.0278 0.0252 0.0449 0.9983
1305031453.6277 0.0196 0.0217 -0.0963 0.0322 0.0247 0.0465 0.9981
1305031453.6596 0.0201 0.0318 -0.1114 0.0393 0.0205 0.0478 0.9979
1305031453.6917 0.0205 0.0367 -0.1316 0.0448 0.0128 0.0423 0.9980
1305031453.7277 0.0156 0.0385 -0.1434 0.0474 0.0068 0.0366 0.9982
1305031453.7597 -0.0005 0.0430 -0.1516 0.0511 0.0006 0.0313 0.9982
1305031453.7917 0.0040 0.0443 -0.1700 0.0523 -0.0108 0.0248 0.9983
1305031453.8278 -0.0092 0.0554 -0.1795 0.0578 -0.0170 0.0175 0.9980
1305031453.8597 -0.0304 0.0597 -0.1774 0.0598 -0.0255 0.0125 0.9978
1305031453.8917 -0.0397 0.0689 -0.1839 0.0611 -0.0407 0.0075 0.9973
1305031453.9277 -0.0546 0.0814 -0.1960 0.0612 -0.0582 0.0010 0.9964
1305031453.9596 -0.0546 0.0892 -0.2066 0.0603 -0.0759 -0.0076 0.9953
1305031453.9916 -0.0603 0.0937 -0.2067 0.0610 -0.0888 -0.0160 0.9940
1305031454.0277 -0.0748 0.0951 -0.2065 0.0620 -0.0997 -0.0232 0.9928
1305031454.0597 -0.0822 0.0904 -0.2134 0.0598 -0.1125 -0.0320 0.9913
1305031454.0917 -0.1029 0.0996 -0.2008 0.0629 -0.1211 -0.0418 0.9898
1305031454.1277 -0.1149 0.0986 -0.1930 0.0645 -0.1351 -0.0512 0.9874
1305031454.1597 -0.1305 0.0994 -0.1876 0.0644 -0.1486 -0.0575 0.9851
1305031454.1917 -0.1459 0.1083 -0.1808 0.0667 -0.1624 -0.0676 0.9821
1305031454.2277 -0.1632 0.1179 -0.1690 0.0718 -0.1775 -0.0811 0.9781
1305031454.2596 -0.1752 0.1153 -0.1879 0.0739 -0.1886 -0.0941 0.9747
1305031454.2916 -0.1951 0.1313 -0.1867 0.0780 -0.1921 -0.1016 0.9730
1305031454.3277 -0.1972 0.1304 -0.1950 0.0781 -0.2037 -0.1123 0.9694
1305031454.3596 -0.2068 0.1352 -0.2094 0.0828 -0.2128 -0.1253 0.9655
1305031454.3917 -0.2018 0.1340 -0.2154 0.0828 -0.2254 -0.1350 0.9613
1305031454.4275 -0.2128 0.1421 -0.2178 0.0838 -0.2363 -0.1438 0.9573
1305031454.4599 -0.2171 0.1404 -0.2203 0.0838 -0.2482 -0.1529 0.9529
1305031454.4916 -0.2141 0.1429 -0.2246 0.0852 -0.2550 -0.1626 0.9494
1305031454.5277 -0.2215 0.1530 -0.2346 0.0864 -0.2606 -0.1768 0.9452
1305031454.5596 -0.2220 0.1577 -0.2315 0.0855 -0.2711 -0.1833 0.9410
1305031454.5916 -0.2396 0.1657 -0.2298 0.0853 -0.2786 -0.1924 0.9371
1305031454.6276 -0.2448 0.1738 -0.2255 0.0861 -0.2905 -0.1989 0.9320
1305031454.6595 -0.2605 0.1876 -0.2135 0.0857 -0.3006 -0.2001 0.9286
1305031454.6919 -0.2832 0.2074 -0.2097 0.0878 -0.3070 -0.2037 0.9255
1305031454.7277 -0.2858 0.2031 -0.2069 0.0811 -0.3217 -0.2061 0.9206
1305031454.7597 -0.2913 0.2008 -0.1972 0.0756 -0.3289 -0.2031 0.9191
1305031454.7916 -0.2919 0.1961 -0.1979 0.0701 -0.3310 -0.2004 0.9195
1305031454.8276 -0.2956 0.1994 -0.1941 0.0671 -0.3315 -0.1960 0.9204
1305031454.8596 -0.3061 0.2025 -0.1868 0.0626 -0.3296 -0.1910 0.9225
1305031454.8918 -0.3044 0.2019 -0.1810 0.0560 -0.3291 -0.1834 0.9246
1305031454.9276 -0.3087 0.2027 -0.1850 0.0504 -0.3240 -0.1784 0.9277
1305031454.9596 -0.3135 0.2039 -0.1830 0.0450 -0.3205 -0.1716 0.9305
1305031454.9919 -0.3133 0.2063 -0.1830 0.0422 -0.3204 -0.1671 0.9315
1305031455.0278 -0.3141 0.2073 -0.1868 0.0402 -0.3196 -0.1662 0.9320
1305031455.0596 -0.3149 0.2126 -0.1865 0.0396 -0.3188 -0.1635 0.9328
1305031455.0917 -0.3184 0.2153 -0.1878 0.0399 -0.3169 -0.1627 0.9336
1305031455.1277 -0.3205 0.2169 -0.1925 0.0393 -0.3144 -0.1626 0.9344
1305031455.1597 -0.3248 0.2234 -0.1949 0.0383 -0.3124 -0.1586 0.9359
1305031455.1917 -0.3314 0.2237 -0.1974 0.0342 -0.3105 -0.1543 0.9373
1305031455.2276 -0.3385 0.2272 -0.1993 0.0342 -0.3084 -0.1525 0.9383
1305031455.2596 -0.3443 0.2373 -0.2042 0.0335 -0.3047 -0.1470 0.9404
1305031455.2918 -0.3524 0.2302 -0.1974 0.0192 -0.3049 -0.1344 0.9427
1305031455.3278 -0.3634 0.2378 -0.2103 0.0159 -0.3007 -0.1272 0.9451
1305031455.3596 -0.3699 0.2524 -0.2018 0.0098 -0.3022 -0.1171 0.9460
1305031455.3917 -0.3792 0.2481 -0.1970 -0.0026 -0.2992 -0.1082 0.9480
1305031455.4276 -0.3895 0.2604 -0.2025 -0.0045 -0.2936 -0.0986 0.9508
1305031455.4596 -0.4031 0.2647 -0.2080 -0.0065 -0.2897 -0.0920 0.9527
1305031455.4916 -0.4168 0.2692 -0.2159 -0.0098 -0.2855 -0.0841 0.9546
1305031455.5276 -0.4347 0.2704 -0.2250 -0.0129 -0.2808 -0.0744 0.9568
1305031455.5597 -0.4511 0.2668 -0.2389 -0.0176 -0.2802 -0.0622 0.9578
1305031455.5916 -0.4693 0.2773 -0.2495 -0.0165 -0.2792 -0.0495 0.9588
1305031455.6276 -0.4924 0.2769 -0.2591 -0.0196 -0.2747 -0.0412 0.9605
1305031455.6596 -0.5061 0.2708 -0.2685 -0.0208 -0.2715 -0.0362 0.9615
1305031455.6916 -0.5124 0.2763 -0.2744 -0.0155 -0.2716 -0.0368 0.9616
1305031455.7276 -0.5209 0.2760 -0.2823 -0.0136 -0.2692 -0.0396 0.9622
1305031455.7597 -0.5258 0.2746 -0.2880 -0.0132 -0.2669 -0.0405 0.9628
1305031455.7917 -0.5330 0.2661 -0.2948 -0.0140 -0.2643 -0.0395 0.9635
1305031455.8276 -0.5364 0.2642 -0.3026 -0.0122 -0.2637 -0.0403 0.9637
1305031455.8595 -0.5404 0.2589 -0.3113 -0.0134 -0.2632 -0.0403 0.9638
1305031455.8917 -0.5427 0.2574 -0.3175 -0.0134 -0.2624 -0.0390 0.9641
1305031455.9280 -0.5454 0.2556 -0.3214 -0.0133 -0.2615 -0.0396 0.9643
1305031455.9597 -0.5500 0.2541 -0.3278 -0.0128 -0.2595 -0.0410 0.9648
1305031455.9917 -0.5553 0.2527 -0.3326 -0.0138 -0.2565 -0.0418 0.9655
1305031456.0278 -0.5641 0.2465 -0.3421 -0.0200 -0.2511 -0.0443 0.9667
1305031456.0597 -0.5737 0.2347 -0.3493 -0.0278 -0.2468 -0.0513 0.9673
1305031456.0917 -0.5785 0.2303 -0.3509 -0.0305 -0.2449 -0.0532 0.9676
1305031456.1276 -0.5802 0.2265 -0.3534 -0.0311 -0.2435 -0.0535 0.9679
1305031456.1597 -0.5840 0.2221 -0.3518 -0.0316 -0.2415 -0.0547 0.9683
1305031456.1917 -0.5882 0.2029 -0.3561 -0.0330 -0.2357 -0.0527 0.9698
1305031456.2277 -0.5897 0.2015 -0.3593 -0.0314 -0.2297 -0.0500 0.9715
1305031456.2917 -0.6039 0.1803 -0.3549 -0.0365 -0.2106 -0.0442 0.9759
1305031456.3277 -0.6134 0.1687 -0.3538 -0.0368 -0.2002 -0.0344 0.9785
1305031456.3916 -0.6169 0.1457 -0.3449 -0.0417 -0.1831 -0.0248 0.9819
1305031456.4277 -0.6300 0.1388 -0.3402 -0.0412 -0.1743 -0.0171 0.9837
1305031456.4917 -0.6661 0.1452 -0.3411 -0.0463 -0.1662 -0.0055 0.9850
1305031456.5276 -0.6901 0.1558 -0.3335 -0.0467 -0.1641 0.0003 0.9853
1305031456.5917 -0.7082 0.1590 -0.3248 -0.0483 -0.1613 0.0089 0.9857
1305031456.6276 -0.7203 0.1651 -0.3201 -0.0620 -0.1564 0.0130 0.9857
1305031456.6916 -0.7537 0.1505 -0.2945 -0.0766 -0.1488 0.0256 0.9856
1305031456.7277 -0.7750 0.1582 -0.2938 -0.0805 -0.1447 0.0348 0.9856
1305031456.7916 -0.8153 0.1436 -0.2800 -0.0863 -0.1522 0.0441 0.9836
1305031456.8276 -0.8257 0.1552 -0.2681 -0.0872 -0.1561 0.0536 0.9824
1305031456.8917 -0.8487 0.1588 -0.2458 -0.0941 -0.1544 0.0635 0.9815
1305031456.9277 -0.8613 0.1580 -0.2468 -0.0916 -0.1482 0.0687 0.9823
1305031456.9597 -0.8785 0.1774 -0.2451 -0.0880 -0.1414 0.0742 0.9832
1305031456.9917 -0.8850 0.1706 -0.2324 -0.1007 -0.1413 0.0764 0.9819
1305031457.0276 -0.8997 0.1669 -0.2307 -0.1033 -0.1361 0.0781 0.9822
1305031457.0917 -0.9221 0.1675 -0.2308 -0.1181 -0.1264 0.0832 0.9814
1305031457.1276 -0.9389 0.1573 -0.2317 -0.1235 -0.1167 0.0873 0.9816
1305031457.1917 -0.9629 0.1496 -0.2445 -0.1256 -0.1012 0.0976 0.9821
1305031457.2275 -0.9729 0.1473 -0.2484 -0.1278 -0.0954 0.1007 0.9820
1305031457.2917 -0.9881 0.1371 -0.2655 -0.1219 -0.0808 0.1178 0.9822
1305031457.3275 -1.0001 0.1339 -0.2744 -0.1220 -0.0714 0.1195 0.9827
1305031457.3917 -1.0243 0.1157 -0.3015 -0.1205 -0.0445 0.1339 0.9826
1305031457.4276 -1.0338 0.1142 -0.3110 -0.1186 -0.0385 0.1388 0.9824
1305031457.4917 -1.0618 0.1012 -0.3308 -0.1158 -0.0288 0.1507 0.9814
1305031457.5276 -1.0634 0.0977 -0.3400 -0.1131 -0.0277 0.1536 0.9812
1305031457.5597 -1.0772 0.0848 -0.3598 -0.1097 -0.0202 0.1593 0.9809
1305031457.5917 -1.0906 0.0813 -0.3694 -0.1080 -0.0146 0.1616 0.9808
1305031457.6275 -1.1041 0.0626 -0.3812 -0.1113 -0.0101 0.1648 0.9800
1305031457.6596 -1.1075 0.0746 -0.3960 -0.1006 -0.0115 0.1734 0.9796
1305031457.6916 -1.1107 0.0679 -0.3990 -0.1045 -0.0132 0.1757 0.9788
1305031457.7277 -1.1290 0.0385 -0.4064 -0.1124 -0.0083 0.1732 0.9784
1305031457.7596 -1.1363 0.0339 -0.4076 -0.1101 -0.0060 0.1722 0.9789
1305031457.7916 -1.1366 0.0085 -0.4178 -0.1057 -0.0022 0.1711 0.9796
1305031457.8277 -1.1451 0.0291 -0.4342 -0.0866 0.0035 0.1748 0.9808
1305031457.8596 -1.1534 0.0177 -0.4337 -0.0857 0.0096 0.1743 0.9809
1305031457.8916 -1.1735 -0.0068 -0.4389 -0.0808 0.0223 0.1732 0.9813
1305031457.9276 -1.1824 -0.0120 -0.4418 -0.0668 0.0267 0.1786 0.9813
1305031457.9916 -1.1904 -0.0441 -0.4651 -0.0608 0.0267 0.1880 0.9799
1305031458.0278 -1.1930 -0.0473 -0.4643 -0.0482 0.0298 0.1907 0.9800
1305031458.0597 -1.1968 -0.0503 -0.4761 -0.0426 0.0314 0.1919 0.9800
1305031458.0917 -1.2013 -0.0528 -0.4758 -0.0431 0.0326 0.1927 0.9798
1305031458.1276 -1.2156 -0.0628 -0.4734 -0.0451 0.0366 0.1917 0.9797
1305031458.1596 -1.2248 -0.0703 -0.4707 -0.0452 0.0384 0.1941 0.9792
1305031458.1916 -1.2308 -0.0701 -0.4573 -0.0450 0.0369 0.1988 0.9783
1305031458.2276 -1.2540 -0.0886 -0.4429 -0.0529 0.0375 0.1976 0.9781
1305031458.2599 -1.2808 -0.1169 -0.4233 -0.0575 0.0407 0.2010 0.9771
1305031458.2917 -1.2939 -0.1236 -0.4129 -0.0484 0.0362 0.2043 0.9770
1305031458.3276 -1.3062 -0.1312 -0.3982 -0.0471 0.0293 0.2087 0.9764
1305031458.3596 -1.3076 -0.1551 -0.3641 -0.0456 0.0251 0.2111 0.9761
1305031458.3916 -1.3246 -0.1461 -0.3440 -0.0302 0.0243 0.2194 0.9749
1305031458.4276 -1.3294 -0.1493 -0.3259 -0.0240 0.0245 0.2305 0.9725
1305031458.4596 -1.3211 -0.1439 -0.3205 -0.0126 0.0247 0.2397 0.9705
1305031458.4917 -1.3333 -0.1499 -0.3080 0.0055 0.0367 0.2376 0.9706
1305031458.5277 -1.3345 -0.1549 -0.3070 0.0188 0.0443 0.2377 0.9701
1305031458.5596 -1.3417 -0.1615 -0.2915 0.0215 0.0513 0.2337 0.9707
1305031458.5916 -1.3444 -0.1686 -0.2814 0.0258 0.0545 0.2273 0.9720
1305031458.6277 -1.3597 -0.1571 -0.2703 0.0309 0.0560 0.2235 0.9726
1305031458.6596 -1.3732 -0.1537 -0.2319 0.0275 0.0531 0.2270 0.9720
1305031458.6917 -1.3983 -0.1423 -0.2064 0.0302 0.0434 0.2224 0.9735
1305031458.7276 -1.4103 -0.1381 -0.1824 0.0347 0.0321 0.2149 0.9755
1305031458.7599 -1.4176 -0.1397 -0.1670 0.0405 0.0182 0.2098 0.9767
1305031458.7916 -1.4207 -0.1320 -0.1453 0.0446 0.0032 0.2020 0.9784
1305031458.8276 -1.4290 -0.1214 -0.1142 0.0474 -0.0039 0.1996 0.9787
1305031458.8917 -1.4319 -0.1287 -0.0971 0.0536 -0.0055 0.1848 0.9813
1305031458.9276 -1.4521 -0.1259 -0.0929 0.0532 0.0041 0.1877 0.9808
1305031458.9596 -1.4630 -0.1217 -0.0781 0.0500 0.0098 0.1951 0.9795
1305031458.9916 -1.4577 -0.1399 -0.0740 0.0472 0.0095 0.1993 0.9787
1305031459.0277 -1.4795 -0.1466 -0.0555 0.0608 0.0126 0.2008 0.9777
1305031459.0596 -1.4924 -0.1545 -0.0511 0.0685 0.0050 0.2132 0.9746
1305031459.1276 -1.4135 -0.0923 0.0726 0.0829 -0.0206 0.2241 0.9708
1305031459.1596 -1.4191 -0.0936 0.0784 0.0937 -0.0484 0.2259 0.9684
1305031459.1917 -1.4359 -0.0960 0.0989 0.1016 -0.0650 0.2307 0.9655
1305031459.2276 -1.4389 -0.0950 0.1148 0.1044 -0.0807 0.2397 0.9619
1305031459.2598 -1.4489 -0.0939 0.1297 0.1049 -0.0822 0.2451 0.9603
1305031459.3276 -1.4702 -0.0927 0.1564 0.0950 -0.0504 0.2723 0.9562
1305031459.3597 -1.4761 -0.0895 0.1753 0.0951 -0.0287 0.2919 0.9513
1305031459.3917 -1.5073 -0.0830 0.1786 0.0874 0.0041 0.3105 0.9465
1305031459.4276 -1.3764 0.1284 0.4300 0.1692 -0.0572 0.3107 0.9336
1305031459.4597 -1.3825 0.1200 0.4166 0.1526 -0.0266 0.3525 0.9229
1305031459.5276 -1.3758 0.1633 0.4683 0.1689 -0.0314 0.3601 0.9169
1305031459.5596 -1.3720 0.1588 0.4636 0.1527 -0.0250 0.3872 0.9089
1305031459.5917 -1.3835 0.1587 0.4548 0.1445 -0.0225 0.4051 0.9025
1305031459.6276 -1.3837 0.1535 0.4541 0.1361 -0.0265 0.4171 0.8982
1305031459.6596 -1.3888 0.1571 0.4548 0.1372 -0.0243 0.4170 0.8982
1305031459.6916 -1.4050 0.1487 0.4493 0.1296 -0.0121 0.4233 0.8966
1305031459.7276 -1.4102 0.1374 0.4406 0.1227 -0.0080 0.4266 0.8960
1305031459.7917 -1.4418 0.1147 0.4329 0.1257 0.0029 0.4208 0.8984
1305031459.8277 -1.4544 0.0984 0.4190 0.1218 0.0045 0.4216 0.8986
1305031459.8597 -1.4710 0.0861 0.4113 0.1189 0.0036 0.4228 0.8984
1305031459.8916 -1.4777 0.0701 0.4131 0.1135 -0.0016 0.4229 0.8990
1305031459.9276 -1.4871 0.0549 0.4082 0.1128 -0.0047 0.4247 0.8983
1305031459.9917 -1.5094 0.0305 0.4075 0.1084 -0.0079 0.4332 0.8947
1305031460.0276 -1.5153 0.0130 0.4039 0.1054 -0.0081 0.4364 0.8935
1305031460.0597 -1.5247 -0.0050 0.4030 0.1039 -0.0074 0.4394 0.8922
1305031460.0917 -1.5289 -0.0306 0.3958 0.0993 -0.0127 0.4464 0.8892
1305031460.1277 -1.5361 -0.0410 0.3985 0.1044 -0.0227 0.4515 0.8858
1305031460.1597 -1.5460 -0.0474 0.3999 0.1105 -0.0307 0.4555 0.8828
1305031460.1916 -1.5538 -0.0634 0.3981 0.1071 -0.0350 0.4631 0.8791
1305031460.2278 -1.5577 -0.0663 0.4119 0.1104 -0.0350 0.4634 0.8786
1305031460.2917 -1.5618 -0.0880 0.4046 0.1102 -0.0189 0.4647 0.8784
1305031460.3275 -1.5700 -0.0954 0.4043 0.1121 -0.0102 0.4658 0.8777
1305031460.3916 -1.5774 -0.1148 0.4079 0.1038 0.0090 0.4731 0.8748
1305031460.4275 -1.5831 -0.1237 0.4148 0.1020 0.0199 0.4793 0.8715
1305031460.4596 -1.5876 -0.1286 0.4180 0.0982 0.0327 0.4819 0.8701
1305031460.4915 -1.5872 -0.1369 0.4211 0.0893 0.0453 0.4867 0.8678
1305031460.5276 -1.5883 -0.1509 0.4228 0.0786 0.0566 0.4960 0.8629
1305031460.5596 -1.5928 -0.1640 0.4277 0.0725 0.0666 0.4978 0.8617
1305031460.5919 -1.5957 -0.1694 0.4300 0.0698 0.0735 0.4984 0.8610
1305031460.6276 -1.5991 -0.1744 0.4311 0.0685 0.0794 0.4994 0.8600
1305031460.6598 -1.6032 -0.1841 0.4335 0.0661 0.0854 0.4990 0.8599
1305031460.6917 -1.6068 -0.1910 0.4331 0.0639 0.0881 0.4994 0.8595
1305031460.7277 -1.6074 -0.1956 0.4351 0.0619 0.0887 0.4997 0.8594
1305031460.7597 -1.6082 -0.2020 0.4357 0.0601 0.0913 0.4983 0.8601
1305031460.7917 -1.6108 -0.2115 0.4375 0.0575 0.0939 0.4984 0.8599
1305031460.8277 -1.6141 -0.2154 0.4395 0.0565 0.0955 0.4970 0.8606
1305031460.8597 -1.6136 -0.2220 0.4414 0.0528 0.0971 0.4954 0.8616
1305031460.8918 -1.6132 -0.2283 0.4422 0.0494 0.0988 0.4942 0.8623
1305031460.9276 -1.6146 -0.2379 0.4445 0.0456 0.1003 0.4939 0.8625
1305031460.9917 -1.6123 -0.2573 0.4573 0.0429 0.1041 0.4959 0.8611
1305031461.0276 -1.6131 -0.2658 0.4621 0.0438 0.1064 0.4976 0.8597
1305031461.0917 -1.6181 -0.2802 0.4752 0.0482 0.1042 0.4958 0.8608
1305031461.1276 -1.6178 -0.2858 0.4792 0.0485 0.1051 0.4959 0.8606
1305031461.1597 -1.6191 -0.2913 0.4923 0.0531 0.1079 0.4924 0.8620
1305031461.1920 -1.6211 -0.2949 0.4982 0.0567 0.1096 0.4893 0.8634
1305031461.2276 -1.6248 -0.2993 0.5015 0.0581 0.1125 0.4868 0.8643
1305031461.2596 -1.6199 -0.3019 0.5040 0.0603 0.1110 0.4853 0.8652
1305031461.2917 -1.6212 -0.3119 0.5083 0.0615 0.1142 0.4794 0.8680
1305031461.3278 -1.6228 -0.3088 0.5137 0.0656 0.1166 0.4763 0.8691
1305031461.3597 -1.6225 -0.3080 0.5170 0.0641 0.1179 0.4755 0.8694
1305031461.3917 -1.6215 -0.3180 0.5237 0.0585 0.1199 0.4749 0.8699
1305031461.4276 -1.6187 -0.3165 0.5259 0.0596 0.1197 0.4727 0.8710
1305031461.4598 -1.6232 -0.3172 0.5330 0.0589 0.1218 0.4740 0.8701
1305031461.4917 -1.6175 -0.3216 0.5364 0.0570 0.1224 0.4729 0.8707
1305031461.5277 -1.6173 -0.3132 0.5406 0.0649 0.1228 0.4743 0.8693
1305031461.5597 -1.6157 -0.3058 0.5452 0.0668 0.1250 0.4713 0.8705
1305031461.5917 -1.5959 -0.2951 0.5366 0.0657 0.1237 0.4687 0.8722
1305031461.6275 -1.5968 -0.2888 0.5419 0.0645 0.1314 0.4675 0.8718
1305031461.6596 -1.5935 -0.2848 0.5428 0.0630 0.1349 0.4685 0.8708
1305031461.6916 -1.5992 -0.2868 0.5428 0.0592 0.1407 0.4748 0.8667
1305031461.7276 -1.5881 -0.2808 0.5447 0.0557 0.1374 0.4795 0.8649
1305031461.7597 -1.5886 -0.2759 0.5395 0.0546 0.1395 0.4805 0.8641
1305031461.7916 -1.5883 -0.2673 0.5449 0.0505 0.1449 0.4833 0.8619
1305031461.8276 -1.5844 -0.2606 0.5427 0.0468 0.1501 0.4869 0.8592
1305031461.8598 -1.5942 -0.2550 0.5427 0.0430 0.1593 0.4932 0.8541
1305031461.8917 -1.6029 -0.2398 0.5481 0.0395 0.1636 0.5069 0.8454
1305031461.9278 -1.5945 -0.2200 0.5420 0.0329 0.1544 0.5169 0.8414
1305031461.9597 -1.5896 -0.1955 0.5462 0.0332 0.1569 0.5195 0.8393
1305031461.9916 -1.6083 -0.1859 0.5509 0.0240 0.1699 0.5215 0.8358
1305031462.0277 -1.6077 -0.1892 0.5543 0.0070 0.1689 0.5303 0.8308
1305031462.0598 -1.6031 -0.1837 0.5555 -0.0016 0.1589 0.5419 0.8253
1305031462.0918 -1.5977 -0.1772 0.5565 -0.0088 0.1493 0.5527 0.8198
1305031462.1277 -1.6037 -0.1413 0.5613 0.0007 0.1390 0.5616 0.8156
1305031462.1596 -1.5959 -0.1359 0.5598 -0.0071 0.1309 0.5684 0.8122
1305031462.1916 -1.6082 -0.1254 0.5648 -0.0041 0.1342 0.5660 0.8134
1305031462.2276 -1.6173 -0.1245 0.5731 -0.0127 0.1387 0.5624 0.8151
1305031462.2598 -1.6178 -0.1385 0.5743 -0.0284 0.1404 0.5580 0.8174
1305031462.2916 -1.6080 -0.1448 0.5713 -0.0433 0.1331 0.5563 0.8191
1305031462.3275 -1.6078 -0.1703 0.5859 -0.0656 0.1401 0.5491 0.8213
1305031462.3597 -1.6105 -0.1445 0.5952 -0.0617 0.1330 0.5416 0.8278
1305031462.3917 -1.5960 -0.1485 0.6125 -0.0821 0.1241 0.5425 0.8267
1305031462.4276 -1.5805 -0.1563 0.6296 -0.1003 0.1106 0.5430 0.8263
1305031462.4599 -1.6411 -0.1585 0.7224 -0.0847 0.1418 0.5472 0.8206
1305031462.4920 -1.6291 -0.2100 0.7505 -0.1233 0.1441 0.5416 0.8189
1305031462.5277 -1.6191 -0.2500 0.7726 -0.1514 0.1500 0.5438 0.8117
1305031462.5599 -1.6376 -0.2578 0.7925 -0.1542 0.1552 0.5313 0.8185
1305031462.5919 -1.6455 -0.2455 0.7899 -0.1499 0.1488 0.5193 0.8281
1305031462.6279 -1.6473 -0.2721 0.7897 -0.1669 0.1568 0.5051 0.8321
1305031462.6597 -1.6400 -0.2559 0.7850 -0.1631 0.1446 0.5055 0.8348
1305031462.6925 -1.6459 -0.2429 0.7797 -0.1558 0.1412 0.4976 0.8415
1305031462.7277 -1.6489 -0.2414 0.7690 -0.1578 0.1322 0.4843 0.8504
1305031462.7598 -1.6521 -0.2320 0.7674 -0.1532 0.1238 0.4732 0.8587
1305031462.7919 -1.6529 -0.2240 0.7601 -0.1509 0.1166 0.4690 0.8624
1305031462.8278 -1.6527 -0.2190 0.7607 -0.1552 0.1104 0.4610 0.8667
1305031462.8598 -1.6499 -0.2220 0.7576 -0.1632 0.1064 0.4569 0.8679
1305031462.8918 -1.6374 -0.2176 0.7522 -0.1683 0.0997 0.4544 0.8690
1305031462.9276 -1.6405 -0.1993 0.7364 -0.1634 0.1010 0.4481 0.8731
1305031462.9597 -1.6359 -0.1935 0.7312 -0.1629 0.0979 0.4456 0.8748
1305031462.9955 -1.6339 -0.1880 0.7209 -0.1584 0.0968 0.4414 0.8779
1305031463.0277 -1.6284 -0.1769 0.7092 -0.1525 0.0924 0.4388 0.8807
1305031463.0598 -1.6266 -0.1806 0.6944 -0.1517 0.0909 0.4306 0.8850
1305031463.0958 -1.6242 -0.1716 0.6890 -0.1487 0.0876 0.4245 0.8888
1305031463.1275 -1.6205 -0.1590 0.6817 -0.1432 0.0850 0.4203 0.8920
1305031463.1598 -1.6094 -0.1619 0.6580 -0.1424 0.0832 0.4123 0.8960
1305031463.1957 -1.6061 -0.1588 0.6528 -0.1438 0.0827 0.4044 0.8994
1305031463.2278 -1.6046 -0.1403 0.6525 -0.1377 0.0819 0.3986 0.9030
1305031463.2600 -1.5996 -0.1384 0.6367 -0.1341 0.0847 0.3964 0.9043
1305031463.2957 -1.5935 -0.1337 0.6275 -0.1327 0.0836 0.3924 0.9063
1305031463.3277 -1.5939 -0.1165 0.6303 -0.1260 0.0820 0.3883 0.9092
1305031463.3598 -1.5898 -0.1264 0.6163 -0.1277 0.0834 0.3880 0.9089
1305031463.3956 -1.5951 -0.1238 0.6061 -0.1227 0.0881 0.3798 0.9126
1305031463.4277 -1.5887 -0.1142 0.6022 -0.1209 0.0865 0.3772 0.9141
1305031463.4598 -1.5770 -0.0915 0.5997 -0.1160 0.0850 0.3740 0.9162
1305031463.4956 -1.5631 -0.0683 0.5963 -0.1119 0.0835 0.3721 0.9176
1305031463.5277 -1.5627 -0.0486 0.5928 -0.1058 0.0920 0.3653 0.9203
1305031463.5598 -1.5608 -0.0623 0.5852 -0.1111 0.1019 0.3645 0.9189
1305031463.5956 -1.5516 -0.0471 0.5812 -0.1067 0.0986 0.3646 0.9198
1305031463.6276 -1.5465 -0.0442 0.5835 -0.1079 0.1052 0.3588 0.9212
1305031463.6598 -1.5259 -0.0438 0.5660 -0.1023 0.1057 0.3566 0.9226
1305031463.6956 -1.5171 -0.0245 0.5566 -0.0936 0.1042 0.3542 0.9246
1305031463.7276 -1.5128 -0.0308 0.5485 -0.0958 0.1134 0.3439 0.9272
1305031463.7597 -1.4923 -0.0320 0.5393 -0.0919 0.1182 0.3359 0.9299
1305031463.7956 -1.4822 -0.0239 0.5209 -0.0820 0.1211 0.3244 0.9346
1305031463.8278 -1.4533 -0.0332 0.5023 -0.0880 0.1162 0.3140 0.9382
1305031463.8599 -1.4374 -0.0384 0.4930 -0.0865 0.1214 0.3055 0.9405
1305031463.8956 -1.4158 -0.0430 0.4741 -0.0848 0.1195 0.2988 0.9430
1305031463.9277 -1.4058 -0.0446 0.4656 -0.0839 0.1177 0.2953 0.9444
1305031463.9597 -1.3755 -0.0501 0.4442 -0.0816 0.1083 0.2902 0.9473
1305031463.9958 -1.3632 -0.0541 0.4280 -0.0768 0.1061 0.2832 0.9501
1305031464.0277 -1.3535 -0.0592 0.4216 -0.0763 0.1047 0.2762 0.9523
1305031464.0597 -1.3243 -0.0614 0.4017 -0.0736 0.0988 0.2678 0.9556
1305031464.0956 -1.3205 -0.0721 0.3900 -0.0699 0.1037 0.2538 0.9592
1305031464.1277 -1.3213 -0.0803 0.3822 -0.0679 0.1065 0.2476 0.9606
1305031464.1598 -1.3120 -0.0845 0.3766 -0.0627 0.1035 0.2484 0.9611
1305031464.1956 -1.2991 -0.0941 0.3568 -0.0527 0.0962 0.2451 0.9633
1305031464.2276 -1.2905 -0.0828 0.3427 -0.0362 0.0865 0.2411 0.9660
1305031464.2596 -1.2913 -0.0723 0.3448 -0.0254 0.0734 0.2413 0.9673
1305031464.2957 -1.2861 -0.0731 0.3399 -0.0218 0.0576 0.2375 0.9694
1305031464.3279 -1.2688 -0.0597 0.3397 -0.0147 0.0414 0.2293 0.9724
1305031464.3597 -1.2572 -0.0547 0.3382 -0.0083 0.0330 0.2229 0.9742
1305031464.3956 -1.2407 -0.0529 0.3320 -0.0028 0.0280 0.2146 0.9763
1305031464.4276 -1.2292 -0.0525 0.3212 -0.0007 0.0272 0.2066 0.9780
1305031464.4597 -1.2256 -0.0498 0.3165 0.0030 0.0273 0.2001 0.9794
1305031464.4956 -1.2156 -0.0543 0.3056 0.0037 0.0266 0.1938 0.9807
1305031464.5276 -1.2068 -0.0547 0.2949 0.0049 0.0267 0.1873 0.9819
1305031464.5597 -1.1970 -0.0547 0.2848 0.0045 0.0256 0.1785 0.9836
1305031464.5957 -1.1439 -0.0753 0.2747 0.0015 0.0198 0.1671 0.9857
1305031464.6277 -1.1245 -0.0787 0.2637 0.0121 0.0318 0.1628 0.9861
1305031464.6597 -1.1061 -0.0742 0.2525 0.0249 0.0436 0.1544 0.9867
1305031464.6957 -1.0887 -0.0842 0.2458 0.0370 0.0549 0.1403 0.9879
1305031464.7277 -1.0888 -0.0732 0.2411 0.0597 0.0626 0.1253 0.9883
1305031464.7597 -1.0947 -0.0544 0.2360 0.0780 0.0653 0.1111 0.9886
1305031464.7960 -1.0996 -0.0627 0.2329 0.0865 0.0644 0.0921 0.9899
1305031464.8278 -1.0993 -0.0569 0.2408 0.1023 0.0528 0.0770 0.9904
1305031464.8597 -1.1000 -0.0370 0.2586 0.1157 0.0386 0.0629 0.9905
1305031464.8958 -1.0898 -0.0340 0.2699 0.1171 0.0223 0.0454 0.9918
1305031464.9278 -1.0536 -0.0489 0.2758 0.1146 0.0054 0.0274 0.9930
1305031464.9598 -1.0421 -0.0634 0.2858 0.1173 0.0018 0.0119 0.9930
1305031464.9957 -1.0440 -0.0514 0.3015 0.1278 0.0045 -0.0058 0.9918
1305031465.0278 -1.0552 -0.0401 0.3179 0.1356 0.0096 -0.0239 0.9904
1305031465.0597 -1.0576 -0.0155 0.3452 0.1482 0.0073 -0.0419 0.9880
1305031465.0957 -1.0432 0.0199 0.3689 0.1505 -0.0039 -0.0611 0.9867
1305031465.1277 -1.0272 0.0209 0.3977 0.1346 -0.0182 -0.0756 0.9878
1305031465.1598 -1.0156 0.0063 0.4152 0.1152 -0.0313 -0.0843 0.9893
1305031465.1956 -0.9829 -0.0101 0.4381 0.0985 -0.0485 -0.0937 0.9895
1305031465.2279 -0.9738 -0.0029 0.4685 0.0878 -0.0566 -0.1011 0.9894
1305031465.2598 -0.9618 -0.0064 0.4948 0.0741 -0.0665 -0.1059 0.9894
1305031465.2956 -0.9597 -0.0057 0.5207 0.0683 -0.0737 -0.0952 0.9904
1305031465.3277 -0.9581 0.0098 0.5429 0.0614 -0.0843 -0.0856 0.9909
1305031465.3599 -0.9480 -0.0012 0.5583 0.0514 -0.0999 -0.0726 0.9910
1305031465.3956 -0.9446 -0.0002 0.5644 0.0503 -0.1137 -0.0659 0.9901
1305031465.4277 -0.9198 0.0065 0.5714 0.0507 -0.1272 -0.0555 0.9890
1305031465.4601 -0.9068 0.0174 0.5799 0.0531 -0.1356 -0.0466 0.9882
1305031465.4957 -0.8914 0.0208 0.5870 0.0487 -0.1437 -0.0367 0.9877
1305031465.5276 -0.8854 0.0167 0.5893 0.0460 -0.1476 -0.0351 0.9874
1305031465.5598 -0.8677 0.0228 0.5933 0.0492 -0.1551 -0.0308 0.9862
1305031465.5956 -0.8507 0.0355 0.5979 0.0537 -0.1599 -0.0230 0.9854
1305031465.6277 -0.8443 0.0406 0.5970 0.0553 -0.1611 -0.0191 0.9852
1305031465.6601 -0.8366 0.0471 0.5943 0.0574 -0.1657 -0.0140 0.9844
1305031465.6957 -0.8205 0.0559 0.6011 0.0615 -0.1716 -0.0106 0.9832
1305031465.7277 -0.8047 0.0646 0.6057 0.0650 -0.1756 -0.0031 0.9823
1305031465.7598 -0.7948 0.0759 0.6100 0.0693 -0.1787 0.0033 0.9814
1305031465.7959 -0.7828 0.0850 0.6133 0.0723 -0.1806 0.0066 0.9809
1305031465.8280 -0.7633 0.0829 0.6103 0.0728 -0.1839 0.0119 0.9802
1305031465.8599 -0.7480 0.1100 0.6103 0.0864 -0.1842 0.0161 0.9789
1305031465.8955 -0.7280 0.1173 0.6090 0.0869 -0.1773 0.0162 0.9802
1305031465.9275 -0.7012 0.1238 0.6092 0.0900 -0.1726 0.0164 0.9807
1305031465.9597 -0.6768 0.1372 0.6135 0.0970 -0.1666 0.0179 0.9811
1305031465.9958 -0.6548 0.1538 0.6210 0.1033 -0.1630 0.0151 0.9811
1305031466.0276 -0.6370 0.1631 0.6175 0.1059 -0.1626 0.0138 0.9809
1305031466.0598 -0.6163 0.1916 0.6193 0.1072 -0.1617 0.0148 0.9809
1305031466.0958 -0.6108 0.2116 0.6212 0.1053 -0.1617 0.0140 0.9811
1305031466.1276 -0.6004 0.2315 0.6216 0.1007 -0.1654 0.0148 0.9810
1305031466.1604 -0.5903 0.2501 0.6206 0.0979 -0.1685 0.0172 0.9807
1305031466.1958 -0.5819 0.2701 0.6222 0.0921 -0.1745 0.0193 0.9801
1305031466.2280 -0.5628 0.2720 0.6259 0.0785 -0.1843 0.0143 0.9796
1305031466.2598 -0.5416 0.2712 0.6260 0.0767 -0.1883 0.0093 0.9791
1305031466.2957 -0.5171 0.2791 0.6276 0.0802 -0.1863 -0.0006 0.9792
1305031466.3277 -0.5043 0.2827 0.6199 0.0801 -0.1755 -0.0101 0.9812
1305031466.3598 -0.4946 0.2953 0.6082 0.0788 -0.1638 -0.0180 0.9832
1305031466.3958 -0.4755 0.2876 0.6037 0.0764 -0.1643 -0.0206 0.9832
1305031466.4278 -0.4610 0.2925 0.5963 0.0796 -0.1672 -0.0224 0.9824
1305031466.4598 -0.4497 0.2989 0.5837 0.0789 -0.1694 -0.0237 0.9821
1305031466.4958 -0.4317 0.3062 0.5792 0.0769 -0.1724 -0.0251 0.9817
1305031466.5275 -0.4039 0.3044 0.5804 0.0745 -0.1730 -0.0258 0.9818
1305031466.5604 -0.3866 0.3195 0.5685 0.0764 -0.1670 -0.0303 0.9825
1305031466.5959 -0.3632 0.3238 0.5627 0.0667 -0.1674 -0.0360 0.9830
1305031466.6275 -0.3367 0.3139 0.5723 0.0611 -0.1684 -0.0392 0.9830
1305031466.6597 -0.3087 0.3149 0.5736 0.0650 -0.1685 -0.0439 0.9826
1305031466.6958 -0.2915 0.3266 0.5596 0.0668 -0.1680 -0.0479 0.9824
1305031466.7281 -0.2801 0.3295 0.5649 0.0628 -0.1677 -0.0620 0.9819
1305031466.7596 -0.2534 0.3231 0.5715 0.0634 -0.1706 -0.0669 0.9810
1305031466.7956 -0.2397 0.3287 0.5655 0.0690 -0.1713 -0.0716 0.9802
1305031466.8279 -0.2286 0.3362 0.5614 0.0682 -0.1735 -0.0736 0.9797
1305031466.8597 -0.2185 0.3327 0.5600 0.0667 -0.1775 -0.0742 0.9791
1305031466.8957 -0.1973 0.3299 0.5646 0.0673 -0.1908 -0.0747 0.9765
1305031466.9278 -0.1846 0.3278 0.5598 0.0663 -0.2029 -0.0740 0.9741
1305031466.9597 -0.1757 0.3204 0.5565 0.0638 -0.2076 -0.0783 0.9730
1305031466.9957 -0.1655 0.3186 0.5529 0.0634 -0.2095 -0.0801 0.9725
1305031467.0278 -0.1591 0.3188 0.5537 0.0635 -0.2111 -0.0821 0.9719
1305031467.0597 -0.1490 0.3197 0.5513 0.0640 -0.2124 -0.0826 0.9716
1305031467.0957 -0.1385 0.3224 0.5455 0.0630 -0.2119 -0.0857 0.9715
1305031467.1290 -0.1333 0.3232 0.5475 0.0638 -0.2129 -0.0908 0.9707
1305031467.1597 -0.1270 0.3249 0.5468 0.0655 -0.2137 -0.0948 0.9701
1305031467.1957 -0.1206 0.3233 0.5439 0.0655 -0.2159 -0.0974 0.9693
1305031467.2277 -0.1098 0.3192 0.5412 0.0648 -0.2200 -0.1012 0.9681
1305031467.2597 -0.1053 0.3195 0.5439 0.0658 -0.2221 -0.1032 0.9673
1305031467.2958 -0.0992 0.3208 0.5437 0.0675 -0.2250 -0.1079 0.9660
1305031467.3280 -0.0929 0.3231 0.5471 0.0685 -0.2281 -0.1099 0.9650
1305031467.3597 -0.0822 0.3327 0.5464 0.0688 -0.2327 -0.1101 0.9639
1305031467.3958 -0.0712 0.3306 0.5470 0.0634 -0.2372 -0.1115 0.9630
1305031467.4278 -0.0618 0.3309 0.5502 0.0636 -0.2409 -0.1126 0.9619
1305031467.4597 -0.0521 0.3251 0.5445 0.0611 -0.2448 -0.1142 0.9609
1305031467.4961 -0.0304 0.3244 0.5416 0.0587 -0.2523 -0.1158 0.9589
1305031467.5277 -0.0141 0.3212 0.5481 0.0553 -0.2564 -0.1217 0.9573
1305031467.5598 -0.0080 0.3211 0.5469 0.0553 -0.2566 -0.1224 0.9572
1305031467.5960 -0.0012 0.3196 0.5447 0.0543 -0.2576 -0.1213 0.9571
1305031467.6275 -0.0004 0.3166 0.5468 0.0549 -0.2587 -0.1196 0.9570
1305031467.6596 0.0044 0.3094 0.5492 0.0578 -0.2620 -0.1157 0.9564
1305031467.6959 0.0073 0.3093 0.5569 0.0594 -0.2643 -0.1169 0.9555
1305031467.7275 0.0003 0.3047 0.5765 0.0625 -0.2652 -0.1220 0.9544
1305031467.7599 -0.0013 0.3010 0.5841 0.0683 -0.2655 -0.1270 0.9533
1305031467.7961 -0.0028 0.2958 0.5887 0.0700 -0.2658 -0.1285 0.9529
1305031467.8278 -0.0032 0.2754 0.5910 0.0707 -0.2675 -0.1285 0.9523
1305031467.8597 -0.0066 0.2642 0.6045 0.0766 -0.2703 -0.1275 0.9512
1305031467.8959 -0.0101 0.2436 0.6089 0.0756 -0.2739 -0.1291 0.9501
1305031467.9278 -0.0114 0.2427 0.6290 0.0811 -0.2793 -0.1349 0.9472
1305031467.9598 -0.0122 0.2244 0.6367 0.0848 -0.2817 -0.1375 0.9458
1305031467.9958 -0.0097 0.2229 0.6439 0.0862 -0.2827 -0.1378 0.9453
1305031468.0281 -0.0057 0.2145 0.6671 0.0860 -0.2855 -0.1392 0.9443
1305031468.0598 -0.0148 0.2052 0.6775 0.0915 -0.2851 -0.1448 0.9431
1305031468.0959 -0.0149 0.2040 0.6853 0.0931 -0.2865 -0.1446 0.9425
1305031468.1278 -0.0164 0.1983 0.6978 0.0928 -0.2878 -0.1459 0.9420
1305031468.1599 -0.0201 0.1948 0.7124 0.0956 -0.2880 -0.1468 0.9415
1305031468.1960 -0.0154 0.1894 0.7270 0.0959 -0.2893 -0.1485 0.9408
1305031468.2282 -0.0132 0.1788 0.7502 0.0955 -0.2905 -0.1488 0.9404
1305031468.2598 -0.0064 0.1728 0.7784 0.0969 -0.2925 -0.1471 0.9399
1305031468.2958 0.0018 0.1643 0.7986 0.0975 -0.2927 -0.1475 0.9397
1305031468.3278 0.0013 0.1411 0.8301 0.0970 -0.2943 -0.1463 0.9395
1305031468.3598 0.0190 0.1267 0.8470 0.0989 -0.2970 -0.1408 0.9392
1305031468.3959 0.0184 0.1265 0.8574 0.0994 -0.2959 -0.1403 0.9396
1305031468.4280 0.0154 0.1091 0.8763 0.0961 -0.2959 -0.1389 0.9402
1305031468.4598 0.0185 0.0874 0.8883 0.0924 -0.2971 -0.1361 0.9406
1305031468.4958 0.0183 0.0832 0.9006 0.0927 -0.2967 -0.1367 0.9406
1305031468.5278 0.0235 0.0580 0.9200 0.0919 -0.2985 -0.1403 0.9396
1305031468.5597 0.0138 0.0320 0.9134 0.0962 -0.2950 -0.1519 0.9384
1305031468.5958 0.0106 0.0304 0.9112 0.0998 -0.2941 -0.1556 0.9377
1305031468.6276 0.0029 0.0278 0.9163 0.0990 -0.2939 -0.1571 0.9376
1305031468.6596 -0.0073 -0.0038 0.9261 0.0965 -0.2969 -0.1613 0.9362
1305031468.6958 -0.0126 -0.0276 0.9298 0.0992 -0.3028 -0.1647 0.9335
1305031468.7278 -0.0175 -0.0472 0.9277 0.1019 -0.3065 -0.1659 0.9317
1305031468.7596 -0.0291 -0.0607 0.9333 0.1013 -0.3088 -0.1668 0.9309
1305031468.7958 -0.0311 -0.0880 0.9312 0.1038 -0.3112 -0.1714 0.9290
1305031468.8292 -0.0399 -0.0949 0.9204 0.1137 -0.3095 -0.1780 0.9271
1305031468.8597 -0.0387 -0.0954 0.9185 0.1161 -0.3090 -0.1803 0.9266
1305031468.8959 -0.0350 -0.1087 0.9435 0.1146 -0.3095 -0.1817 0.9263
1305031468.9281 -0.0370 -0.1194 0.9376 0.1103 -0.3019 -0.1807 0.9295
1305031468.9596 -0.0483 -0.1164 0.9280 0.1072 -0.2935 -0.1792 0.9329
1305031468.9957 -0.0504 -0.1107 0.9358 0.0956 -0.2909 -0.1834 0.9342
1305031469.0277 -0.0531 -0.1208 0.9425 0.0763 -0.2890 -0.1906 0.9351
1305031469.0598 -0.0664 -0.1376 0.9427 0.0620 -0.2854 -0.2007 0.9351
1305031469.0957 -0.0692 -0.1414 0.9576 0.0516 -0.2858 -0.2090 0.9338
1305031469.1277 -0.0689 -0.1499 0.9761 0.0412 -0.2826 -0.2220 0.9323
1305031469.1597 -0.0781 -0.1609 1.0011 0.0307 -0.2761 -0.2324 0.9321
1305031469.1955 -0.0755 -0.1758 0.9987 0.0197 -0.2669 -0.2339 0.9347
1305031469.2278 -0.0873 -0.1782 1.0035 0.0169 -0.2608 -0.2366 0.9358
1305031469.2596 -0.0914 -0.1790 1.0253 0.0126 -0.2587 -0.2436 0.9347
1305031469.2968 -0.0991 -0.1807 1.0363 0.0097 -0.2554 -0.2480 0.9344
1305031469.3276 -0.1043 -0.1726 1.0468 0.0092 -0.2526 -0.2491 0.9349
1305031469.3596 -0.1119 -0.1748 1.0707 0.0039 -0.2492 -0.2583 0.9334
1305031469.3957 -0.1106 -0.1775 1.0897 0.0052 -0.2403 -0.2626 0.9345
1305031469.4277 -0.1173 -0.1665 1.1045 0.0104 -0.2281 -0.2676 0.9361
1305031469.4597 -0.1210 -0.1723 1.1247 0.0092 -0.2213 -0.2774 0.9349
1305031469.4957 -0.1307 -0.1571 1.1317 0.0125 -0.2151 -0.2772 0.9364
1305031469.5276 -0.1309 -0.1433 1.1442 0.0141 -0.2164 -0.2744 0.9368
1305031469.5596 -0.1304 -0.1236 1.1627 0.0147 -0.2187 -0.2705 0.9374
1305031469.5958 -0.1422 -0.0868 1.1808 0.0183 -0.2144 -0.2660 0.9397
1305031469.6278 -0.1460 -0.0590 1.1999 0.0175 -0.2126 -0.2610 0.9415
1305031469.6596 -0.1474 -0.0474 1.2196 0.0162 -0.2129 -0.2604 0.9416
1305031469.6956 -0.1564 -0.0257 1.2289 0.0178 -0.2068 -0.2581 0.9436
1305031469.7277 -0.1626 -0.0122 1.2431 0.0132 -0.2023 -0.2562 0.9451
1305031469.7596 -0.1837 0.0034 1.2533 0.0075 -0.1917 -0.2534 0.9481
1305031469.7956 -0.1968 0.0363 1.2696 0.0104 -0.1871 -0.2463 0.9509
1305031469.8275 -0.1951 0.0412 1.2819 0.0038 -0.1955 -0.2448 0.9497
1305031469.8596 -0.2201 0.0641 1.2931 -0.0004 -0.1900 -0.2427 0.9513
1305031469.8958 -0.2210 0.0792 1.3031 -0.0019 -0.1953 -0.2380 0.9514
1305031469.9279 -0.2424 0.0973 1.3161 -0.0049 -0.1934 -0.2347 0.9526
1305031469.9598 -0.2540 0.1043 1.3210 -0.0078 -0.1967 -0.2349 0.9519
1305031469.9956 -0.2765 0.1319 1.3325 -0.0063 -0.1940 -0.2279 0.9541
1305031470.0277 -0.2842 0.1437 1.3350 -0.0079 -0.1985 -0.2289 0.9530
1305031470.0596 -0.2971 0.1507 1.3380 -0.0135 -0.1992 -0.2285 0.9529
1305031470.0959 -0.3159 0.1638 1.3377 -0.0154 -0.1956 -0.2289 0.9535
1305031470.1276 -0.3355 0.1880 1.3399 -0.0136 -0.1908 -0.2228 0.9559
1305031470.1596 -0.3425 0.1957 1.3435 -0.0199 -0.1971 -0.2231 0.9544
1305031470.1961 -0.3510 0.1977 1.3356 -0.0268 -0.2001 -0.2229 0.9537
1305031470.2276 -0.3697 0.2107 1.3396 -0.0315 -0.2000 -0.2188 0.9545
1305031470.2600 -0.3837 0.2183 1.3315 -0.0388 -0.1964 -0.2175 0.9553
1305031470.2957 -0.3948 0.2356 1.3292 -0.0408 -0.1972 -0.2130 0.9561
1305031470.3276 -0.4128 0.2531 1.3307 -0.0440 -0.1957 -0.2057 0.9578
1305031470.3596 -0.4242 0.2671 1.3256 -0.0472 -0.1965 -0.2017 0.9584
1305031470.3958 -0.4386 0.2829 1.3244 -0.0467 -0.1981 -0.1943 0.9596
1305031470.4276 -0.4590 0.2986 1.3284 -0.0433 -0.1969 -0.1938 0.9601
1305031470.4597 -0.4712 0.3052 1.3255 -0.0429 -0.2008 -0.1941 0.9593
1305031470.4957 -0.4825 0.3118 1.3227 -0.0424 -0.2026 -0.1912 0.9595
1305031470.5277 -0.4907 0.3169 1.3211 -0.0420 -0.2062 -0.1921 0.9586
1305031470.5597 -0.5034 0.3240 1.3195 -0.0425 -0.2066 -0.1899 0.9589
1305031470.5958 -0.5177 0.3315 1.3130 -0.0423 -0.2030 -0.1869 0.9602
1305031470.6277 -0.5323 0.3408 1.3110 -0.0416 -0.2011 -0.1828 0.9615
1305031470.6597 -0.5365 0.3433 1.3118 -0.0442 -0.2063 -0.1787 0.9610
1305031470.6956 -0.5539 0.3558 1.3085 -0.0429 -0.2022 -0.1706 0.9634
1305031470.7277 -0.5627 0.3573 1.3109 -0.0442 -0.2055 -0.1698 0.9628
1305031470.7597 -0.5685 0.3593 1.3063 -0.0459 -0.2037 -0.1664 0.9637
1305031470.7956 -0.5802 0.3656 1.3097 -0.0453 -0.1995 -0.1628 0.9652
1305031470.8278 -0.5938 0.3727 1.3080 -0.0399 -0.1960 -0.1520 0.9679
1305031470.8596 -0.6040 0.3803 1.3050 -0.0327 -0.1945 -0.1411 0.9701
1305031470.8957 -0.6123 0.3803 1.3001 -0.0315 -0.1952 -0.1346 0.9710
1305031470.9277 -0.6208 0.3879 1.2994 -0.0222 -0.1982 -0.1246 0.9720
1305031470.9596 -0.6255 0.3810 1.2935 -0.0161 -0.2048 -0.1237 0.9708
1305031470.9960 -0.6293 0.3792 1.2904 -0.0085 -0.2071 -0.1191 0.9710
1305031471.0276 -0.6337 0.3771 1.2888 0.0016 -0.2074 -0.1173 0.9712
1305031471.0596 -0.6374 0.3734 1.2852 0.0101 -0.2077 -0.1112 0.9718
1305031471.0958 -0.6372 0.3730 1.2794 0.0178 -0.2117 -0.1006 0.9720
1305031471.1277 -0.6359 0.3709 1.2758 0.0218 -0.2173 -0.0914 0.9716
1305031471.1596 -0.6349 0.3731 1.2740 0.0281 -0.2206 -0.0833 0.9714
1305031471.1957 -0.6346 0.3717 1.2736 0.0279 -0.2219 -0.0788 0.9715
1305031471.2276 -0.6378 0.3736 1.2728 0.0296 -0.2211 -0.0754 0.9719
1305031471.2597 -0.6404 0.3741 1.2734 0.0300 -0.2212 -0.0735 0.9720
1305031471.2961 -0.6424 0.3753 1.2742 0.0320 -0.2211 -0.0709 0.9721
1305031471.3276 -0.6427 0.3769 1.2728 0.0358 -0.2196 -0.0692 0.9725
1305031471.3596 -0.6456 0.3792 1.2711 0.0376 -0.2140 -0.0658 0.9739
1305031471.3957 -0.6477 0.3801 1.2724 0.0393 -0.2113 -0.0625 0.9746
1305031471.4277 -0.6494 0.3798 1.2693 0.0413 -0.2112 -0.0573 0.9749
1305031471.4596 -0.6484 0.3799 1.2692 0.0411 -0.2143 -0.0538 0.9744
1305031471.4965 -0.6540 0.3825 1.2655 0.0419 -0.2130 -0.0483 0.9750
1305031471.5276 -0.6565 0.3829 1.2615 0.0417 -0.2142 -0.0424 0.9750
1305031471.5597 -0.6580 0.3823 1.2607 0.0407 -0.2134 -0.0417 0.9752
1305031471.5957 -0.6591 0.3810 1.2563 0.0401 -0.2099 -0.0418 0.9760
1305031471.6276 -0.6600 0.3812 1.2536 0.0402 -0.2077 -0.0410 0.9765
1305031471.6596 -0.6627 0.3793 1.2514 0.0393 -0.2041 -0.0394 0.9774
1305031471.6956 -0.6628 0.3831 1.2509 0.0422 -0.2030 -0.0343 0.9777
1305031471.7275 -0.6622 0.3837 1.2457 0.0406 -0.2012 -0.0324 0.9782
1305031471.7597 -0.6611 0.3856 1.2460 0.0402 -0.1990 -0.0232 0.9789
1305031471.7958 -0.6579 0.3911 1.2441 0.0416 -0.1975 -0.0143 0.9793
1305031471.8276 -0.6589 0.3918 1.2420 0.0371 -0.1949 -0.0093 0.9801
1305031471.8597 -0.6563 0.3961 1.2400 0.0376 -0.1955 -0.0036 0.9800
1305031471.8956 -0.6594 0.4038 1.2375 0.0387 -0.1923 -0.0015 0.9806
1305031471.9277 -0.6608 0.4040 1.2458 0.0283 -0.1909 0.0061 0.9812
1305031471.9596 -0.6592 0.4026 1.2456 0.0241 -0.1880 0.0172 0.9817
1305031471.9956 -0.6656 0.4071 1.2389 0.0229 -0.1781 0.0169 0.9836
1305031472.0276 -0.6684 0.4154 1.2466 0.0191 -0.1766 0.0226 0.9838
1305031472.0597 -0.6767 0.4084 1.2458 0.0122 -0.1682 0.0237 0.9854
1305031472.0956 -0.6769 0.4103 1.2424 0.0119 -0.1669 0.0271 0.9855
1305031472.1276 -0.6775 0.4210 1.2399 0.0119 -0.1671 0.0342 0.9853
1305031472.1596 -0.6839 0.4184 1.2440 0.0057 -0.1655 0.0363 0.9855
1305031472.1957 -0.6899 0.4056 1.2354 0.0003 -0.1610 0.0408 0.9861
1305031472.2276 -0.6938 0.4092 1.2342 0.0030 -0.1598 0.0423 0.9862
1305031472.2638 -0.6968 0.4028 1.2251 -0.0007 -0.1543 0.0469 0.9869
1305031472.2957 -0.7072 0.3878 1.2136 -0.0094 -0.1421 0.0498 0.9886
1305031472.3277 -0.7092 0.3911 1.2113 -0.0042 -0.1404 0.0499 0.9888
1305031472.3636 -0.7106 0.3910 1.2107 -0.0044 -0.1399 0.0508 0.9889
1305031472.3956 -0.7123 0.3906 1.2114 -0.0033 -0.1411 0.0517 0.9886
1305031472.4277 -0.7160 0.3874 1.2097 0.0002 -0.1424 0.0524 0.9884
1305031472.4636 -0.7172 0.3826 1.2076 0.0008 -0.1417 0.0532 0.9885
1305031472.4956 -0.7157 0.3816 1.2072 0.0013 -0.1398 0.0515 0.9888
1305031472.5276 -0.7097 0.3802 1.2115 0.0014 -0.1411 0.0522 0.9886
1305031472.5636 -0.7091 0.3785 1.2112 0.0058 -0.1422 0.0568 0.9882
1305031472.5957 -0.7098 0.3738 1.2059 0.0084 -0.1415 0.0619 0.9880
1305031472.6277 -0.7087 0.3733 1.2069 0.0088 -0.1422 0.0626 0.9878
1305031472.6636 -0.7087 0.3715 1.2085 0.0092 -0.1421 0.0636 0.9878
1305031472.6958 -0.7067 0.3638 1.2074 0.0089 -0.1420 0.0656 0.9876
1305031472.7276 -0.7045 0.3639 1.2072 0.0149 -0.1434 0.0659 0.9874
1305031472.7636 -0.7059 0.3652 1.2065 0.0188 -0.1412 0.0647 0.9877
1305031472.7956 -0.7040 0.3640 1.2091 0.0202 -0.1412 0.0637 0.9877
1305031472.8276 -0.7011 0.3540 1.2136 0.0174 -0.1417 0.0635 0.9877
1305031472.8636 -0.7019 0.3564 1.2143 0.0207 -0.1415 0.0643 0.9876
1305031472.8957 -0.7036 0.3567 1.2152 0.0213 -0.1412 0.0656 0.9876
1305031472.9277 -0.7027 0.3560 1.2156 0.0217 -0.1422 0.0671 0.9873
1305031472.9638 -0.7010 0.3555 1.2167 0.0221 -0.1434 0.0697 0.9870
1305031472.9957 -0.7011 0.3574 1.2181 0.0232 -0.1444 0.0704 0.9867
1305031473.0276 -0.7033 0.3576 1.2203 0.0234 -0.1446 0.0708 0.9867
1305031473.0637 -0.7009 0.3554 1.2215 0.0218 -0.1462 0.0692 0.9866
1305031473.0957 -0.7009 0.3514 1.2200 0.0203 -0.1446 0.0663 0.9871
1305031473.1277 -0.7016 0.3519 1.2211 0.0212 -0.1438 0.0661 0.9872
1305031473.1671 -0.7023 0.3483 1.2221 0.0207 -0.1442 0.0666 0.9871
1305031473.1961 -0.6996 0.3441 1.2212 0.0201 -0.1458 0.0682 0.9868
