1305031453.3917 0.0000 0.0000 0.0000 0.0000 0.0000 0.0000 1.0000
1305031453.5237 0.0109 0.0228 -0.0384 0.0185 0.0219 0.0381 0.9989
1305031453.6277 0.0077 0.0439 -0.0805 0.0409 0.0283 0.0535 0.9973
1305031453.7277 -0.0075 0.0724 -0.1267 0.0607 0.0140 0.0422 0.9972
1305031453.8278 -0.0306 0.0951 -0.1646 0.0724 -0.0112 0.0200 0.9971
1305031453.9277 -0.0663 0.1180 -0.1913 0.0720 -0.0570 0.0010 0.9958
1305031453.9596 -0.0728 0.1222 -0.1995 0.0692 -0.0739 -0.0082 0.9948
1305031453.9916 -0.0839 0.1227 -0.1991 0.0675 -0.0855 -0.0194 0.9939
1305031454.0277 -0.0940 0.1248 -0.2035 0.0694 -0.0979 -0.0293 0.9923
1305031454.0597 -0.1019 0.1291 -0.2093 0.0703 -0.1099 -0.0410 0.9906
1305031454.0917 -0.1127 0.1289 -0.2048 0.0706 -0.1216 -0.0538 0.9886
1305031454.1277 -0.1216 0.1289 -0.2036 0.0737 -0.1363 -0.0676 0.9856
1305031454.1597 -0.1280 0.1324 -0.2080 0.0740 -0.1524 -0.0801 0.9823
1305031454.1917 -0.1381 0.1310 -0.2094 0.0709 -0.1687 -0.0949 0.9785
1305031454.2277 -0.1542 0.1291 -0.2066 0.0731 -0.1839 -0.1132 0.9737
1305031454.2596 -0.1579 0.1312 -0.2034 0.0795 -0.1997 -0.1301 0.9679
1305031454.2916 -0.1629 0.1339 -0.2050 0.0779 -0.2078 -0.1420 0.9647
1305031454.3277 -0.1797 0.1345 -0.2079 0.0785 -0.2147 -0.1564 0.9609
1305031454.3596 -0.1870 0.1391 -0.2066 0.0865 -0.2263 -0.1719 0.9549
1305031454.3917 -0.1945 0.1460 -0.2090 0.0893 -0.2331 -0.1841 0.9507
1305031454.4275 -0.2060 0.1503 -0.2122 0.0911 -0.2436 -0.1987 0.9449
1305031454.4599 -0.2077 0.1524 -0.2098 0.0944 -0.2552 -0.2148 0.9380
1305031454.4916 -0.2131 0.1556 -0.2131 0.0963 -0.2592 -0.2315 0.9327
1305031454.5277 -0.2163 0.1624 -0.2152 0.0969 -0.2650 -0.2476 0.9269
1305031454.5596 -0.2223 0.1666 -0.2198 0.0936 -0.2694 -0.2615 0.9221
1305031454.5916 -0.2321 0.1727 -0.2218 0.0912 -0.2770 -0.2779 0.9153
1305031454.6276 -0.2355 0.1774 -0.2210 0.0896 -0.2897 -0.2916 0.9072
1305031454.6595 -0.2372 0.1849 -0.2212 0.0849 -0.3009 -0.2998 0.9013
1305031454.6919 -0.2424 0.1878 -0.2227 0.0773 -0.3126 -0.3078 0.8953
1305031454.7277 -0.2398 0.1925 -0.2164 0.0735 -0.3268 -0.3122 0.8890
1305031454.7597 -0.2343 0.1916 -0.2141 0.0657 -0.3344 -0.3099 0.8876
1305031454.7916 -0.2301 0.1977 -0.2125 0.0609 -0.3377 -0.3031 0.8891
1305031454.8276 -0.2227 0.2041 -0.2114 0.0555 -0.3395 -0.2967 0.8909
1305031454.8596 -0.2194 0.2092 -0.2096 0.0493 -0.3368 -0.2904 0.8943
1305031454.8918 -0.2161 0.2169 -0.2097 0.0454 -0.3319 -0.2835 0.8986
1305031454.9276 -0.2140 0.2251 -0.2107 0.0414 -0.3262 -0.2776 0.9027
1305031454.9596 -0.2148 0.2331 -0.2146 0.0377 -0.3202 -0.2720 0.9067
1305031454.9919 -0.2191 0.2416 -0.2196 0.0348 -0.3162 -0.2666 0.9098
1305031455.0278 -0.2190 0.2530 -0.2240 0.0348 -0.3151 -0.2638 0.9110
1305031455.0596 -0.2224 0.2587 -0.2266 0.0324 -0.3121 -0.2623 0.9126
1305031455.0917 -0.2266 0.2658 -0.2317 0.0345 -0.3084 -0.2619 0.9138
1305031455.1277 -0.2310 0.2786 -0.2377 0.0365 -0.3031 -0.2600 0.9161
1305031455.1597 -0.2401 0.2903 -0.2441 0.0359 -0.2974 -0.2557 0.9192
1305031455.1917 -0.2490 0.2983 -0.2475 0.0318 -0.2937 -0.2498 0.9221
1305031455.2276 -0.2581 0.3047 -0.2532 0.0307 -0.2901 -0.2448 0.9246
1305031455.2596 -0.2632 0.3184 -0.2593 0.0292 -0.2852 -0.2385 0.9279
1305031455.2918 -0.2767 0.3231 -0.2643 0.0197 -0.2785 -0.2295 0.9324
1305031455.3278 -0.2881 0.3340 -0.2721 0.0145 -0.2748 -0.2195 0.9360
1305031455.3596 -0.2931 0.3435 -0.2754 0.0067 -0.2732 -0.2135 0.9379
1305031455.3917 -0.3035 0.3444 -0.2786 -0.0051 -0.2661 -0.2059 0.9417
1305031455.4276 -0.3180 0.3501 -0.2860 -0.0125 -0.2579 -0.1962 0.9460
1305031455.4596 -0.3318 0.3515 -0.2935 -0.0182 -0.2536 -0.1879 0.9487
1305031455.4916 -0.3431 0.3572 -0.3025 -0.0227 -0.2494 -0.1772 0.9518
1305031455.5276 -0.3605 0.3556 -0.3109 -0.0296 -0.2451 -0.1644 0.9550
1305031455.5597 -0.3768 0.3574 -0.3231 -0.0328 -0.2447 -0.1513 0.9572
1305031455.5916 -0.3878 0.3631 -0.3352 -0.0352 -0.2455 -0.1373 0.9590
1305031455.6276 -0.4028 0.3586 -0.3393 -0.0423 -0.2444 -0.1248 0.9607
1305031455.6596 -0.4179 0.3560 -0.3497 -0.0405 -0.2424 -0.1191 0.9620
1305031455.6916 -0.4309 0.3587 -0.3619 -0.0360 -0.2407 -0.1195 0.9625
1305031455.7276 -0.4437 0.3569 -0.3732 -0.0336 -0.2376 -0.1242 0.9628
1305031455.7597 -0.4568 0.3553 -0.3865 -0.0321 -0.2320 -0.1273 0.9638
1305031455.7917 -0.4720 0.3488 -0.3990 -0.0312 -0.2265 -0.1263 0.9653
1305031455.8276 -0.4843 0.3481 -0.4146 -0.0279 -0.2232 -0.1257 0.9662
1305031455.8595 -0.4955 0.3438 -0.4271 -0.0278 -0.2215 -0.1272 0.9664
1305031455.8917 -0.5045 0.3412 -0.4395 -0.0273 -0.2190 -0.1273 0.9670
1305031455.9280 -0.5146 0.3369 -0.4492 -0.0281 -0.2158 -0.1280 0.9676
1305031455.9597 -0.5228 0.3369 -0.4620 -0.0266 -0.2123 -0.1304 0.9681
1305031455.9917 -0.5306 0.3361 -0.4708 -0.0275 -0.2079 -0.1326 0.9687
1305031456.0278 -0.5388 0.3420 -0.4836 -0.0294 -0.2008 -0.1375 0.9695
1305031456.0597 -0.5518 0.3364 -0.4880 -0.0382 -0.1949 -0.1454 0.9692
1305031456.0917 -0.5640 0.3282 -0.4919 -0.0440 -0.1902 -0.1506 0.9691
1305031456.1276 -0.5738 0.3236 -0.4976 -0.0450 -0.1860 -0.1519 0.9697
1305031456.1597 -0.5831 0.3136 -0.4971 -0.0472 -0.1812 -0.1519 0.9705
1305031456.1917 -0.5924 0.3058 -0.5020 -0.0424 -0.1733 -0.1495 0.9725
1305031456.2277 -0.5986 0.3119 -0.5086 -0.0367 -0.1635 -0.1457 0.9750
1305031456.2917 -0.6252 0.2960 -0.5082 -0.0373 -0.1401 -0.1385 0.9797
1305031456.3277 -0.6361 0.2906 -0.5069 -0.0334 -0.1298 -0.1315 0.9822
1305031456.3916 -0.6592 0.2856 -0.5016 -0.0288 -0.1051 -0.1219 0.9865
1305031456.4277 -0.6772 0.2907 -0.5005 -0.0205 -0.0928 -0.1149 0.9888
1305031456.4917 -0.7157 0.3092 -0.4941 -0.0228 -0.0821 -0.1034 0.9910
1305031456.5276 -0.7289 0.3095 -0.4851 -0.0293 -0.0833 -0.0982 0.9912
1305031456.5917 -0.7491 0.3130 -0.4720 -0.0320 -0.0791 -0.0868 0.9926
1305031456.6276 -0.7611 0.3254 -0.4644 -0.0421 -0.0725 -0.0815 0.9931
1305031456.6916 -0.7994 0.3097 -0.4427 -0.0578 -0.0591 -0.0665 0.9944
1305031456.7916 -0.8518 0.3166 -0.4168 -0.0659 -0.0639 -0.0432 0.9948
1305031457.0276 -0.9317 0.3478 -0.3665 -0.0806 -0.0408 -0.0068 0.9959
1305031457.1917 -0.9920 0.3502 -0.3757 -0.0944 -0.0068 0.0190 0.9953
1305031457.2917 -1.0291 0.3346 -0.3947 -0.0920 0.0158 0.0372 0.9949
1305031457.3917 -1.0730 0.3232 -0.4232 -0.0858 0.0508 0.0554 0.9935
1305031457.4917 -1.1208 0.3069 -0.4537 -0.0832 0.0667 0.0713 0.9917
1305031457.5597 -1.1465 0.2951 -0.4757 -0.0762 0.0754 0.0785 0.9911
1305031457.6596 -1.1956 0.2868 -0.5042 -0.0682 0.0872 0.0890 0.9899
1305031457.7277 -1.2192 0.2605 -0.5127 -0.0787 0.0888 0.0906 0.9888
1305031457.7916 -1.2380 0.2312 -0.5239 -0.0715 0.0943 0.0889 0.9890
1305031457.8277 -1.2509 0.2345 -0.5355 -0.0593 0.1017 0.0897 0.9890
1305031457.8916 -1.2815 0.2027 -0.5389 -0.0532 0.1193 0.0900 0.9873
1305031457.9276 -1.3004 0.2015 -0.5445 -0.0389 0.1245 0.0944 0.9870
1305031457.9916 -1.3241 0.1870 -0.5467 -0.0277 0.1261 0.0999 0.9866
1305031458.0278 -1.3330 0.1748 -0.5451 -0.0203 0.1289 0.1011 0.9863
1305031458.0597 -1.3493 0.1832 -0.5456 -0.0090 0.1343 0.1036 0.9855
1305031458.0917 -1.3654 0.1842 -0.5397 -0.0081 0.1396 0.1054 0.9846
1305031458.1276 -1.3799 0.1753 -0.5301 -0.0102 0.1438 0.1057 0.9839
1305031458.1596 -1.3952 0.1648 -0.5217 -0.0098 0.1466 0.1080 0.9832
1305031458.1916 -1.4126 0.1710 -0.5123 -0.0077 0.1469 0.1125 0.9827
1305031458.2276 -1.4243 0.1635 -0.4981 -0.0160 0.1439 0.1137 0.9829
1305031458.2599 -1.4361 0.1352 -0.4775 -0.0227 0.1420 0.1108 0.9834
1305031458.2917 -1.4538 0.1331 -0.4690 -0.0132 0.1382 0.1107 0.9841
1305031458.3276 -1.4632 0.1304 -0.4551 -0.0111 0.1313 0.1134 0.9848
1305031458.3596 -1.4687 0.1118 -0.4349 -0.0072 0.1259 0.1144 0.9854
1305031458.3916 -1.4794 0.1165 -0.4246 0.0069 0.1225 0.1180 0.9854
1305031458.4276 -1.4831 0.1157 -0.4115 0.0146 0.1208 0.1265 0.9845
1305031458.4596 -1.4773 0.1040 -0.3943 0.0233 0.1226 0.1347 0.9830
1305031458.4917 -1.4762 0.0962 -0.3780 0.0421 0.1308 0.1348 0.9813
1305031458.5277 -1.4938 0.1240 -0.3587 0.0688 0.1437 0.1323 0.9783
1305031458.5596 -1.5012 0.1293 -0.3385 0.0772 0.1530 0.1301 0.9766
1305031458.5916 -1.5124 0.1311 -0.3168 0.0869 0.1600 0.1235 0.9755
1305031458.6277 -1.5264 0.1590 -0.2957 0.0949 0.1613 0.1186 0.9751
1305031458.6596 -1.5360 0.1591 -0.2725 0.0882 0.1583 0.1186 0.9763
1305031458.6917 -1.5396 0.1603 -0.2488 0.0824 0.1434 0.1123 0.9798
1305031458.7276 -1.5267 0.1530 -0.2269 0.0789 0.1250 0.1042 0.9835
1305031458.7599 -1.5350 0.1580 -0.2108 0.0856 0.1115 0.0932 0.9857
1305031458.7916 -1.5342 0.1689 -0.2002 0.0856 0.0941 0.0838 0.9883
1305031458.8276 -1.5278 0.1660 -0.1849 0.0786 0.0838 0.0819 0.9900
1305031458.8917 -1.5251 0.1615 -0.1633 0.0856 0.0799 0.0713 0.9906
1305031458.9276 -1.5358 0.1665 -0.1578 0.0845 0.0875 0.0773 0.9896
1305031458.9596 -1.5404 0.1575 -0.1493 0.0755 0.0928 0.0899 0.9887
1305031458.9916 -1.5467 0.1330 -0.1415 0.0730 0.0961 0.0950 0.9881
1305031459.0277 -1.5694 0.1289 -0.1351 0.0842 0.0963 0.0939 0.9873
1305031459.0596 -1.5910 0.1191 -0.1234 0.0917 0.0913 0.1034 0.9862
1305031459.1276 -1.6107 0.1231 -0.1290 0.0929 0.0993 0.1053 0.9851
1305031459.1596 -1.6204 0.1224 -0.1200 0.1020 0.0735 0.1075 0.9862
1305031459.1917 -1.6304 0.1239 -0.1122 0.1081 0.0548 0.1138 0.9861
1305031459.2276 -1.6366 0.1254 -0.1019 0.1107 0.0417 0.1249 0.9851
1305031459.2598 -1.6370 0.1328 -0.0885 0.1117 0.0374 0.1346 0.9839
1305031459.3276 -1.6132 0.1559 -0.0702 0.1107 0.0438 0.1494 0.9816
1305031459.3597 -1.6235 0.1651 -0.0597 0.1161 0.0683 0.1690 0.9764
1305031459.3917 -1.6237 0.1866 -0.0132 0.1213 0.0829 0.1808 0.9725
1305031459.4276 -1.6235 0.1916 0.0001 0.1099 0.1157 0.2170 0.9631
1305031459.4597 -1.6395 0.1921 0.0041 0.1082 0.1523 0.2548 0.9488
1305031459.5276 -1.6255 0.2236 0.0509 0.1182 0.1563 0.2529 0.9474
1305031459.5596 -1.6428 0.2178 0.0453 0.1112 0.1719 0.2792 0.9382
1305031459.5917 -1.6620 0.2206 0.0468 0.1091 0.1794 0.2971 0.9315
1305031459.6276 -1.6727 0.2187 0.0513 0.1049 0.1815 0.3072 0.9283
1305031459.6596 -1.6860 0.2229 0.0551 0.1061 0.1886 0.3076 0.9266
1305031459.6916 -1.7036 0.2207 0.0589 0.1010 0.2014 0.3127 0.9228
1305031459.7276 -1.7183 0.2076 0.0603 0.0942 0.2103 0.3165 0.9202
1305031459.7917 -1.7596 0.1848 0.0644 0.0949 0.2233 0.3102 0.9192
1305031459.8277 -1.7780 0.1761 0.0677 0.0941 0.2246 0.3078 0.9198
1305031459.8597 -1.7968 0.1669 0.0723 0.0901 0.2245 0.3064 0.9207
1305031459.8916 -1.8077 0.1540 0.0776 0.0844 0.2202 0.3098 0.9211
1305031459.9276 -1.8182 0.1416 0.0825 0.0831 0.2174 0.3132 0.9207
1305031459.9917 -1.8426 0.1209 0.0934 0.0780 0.2155 0.3204 0.9191
1305031460.0276 -1.8510 0.1069 0.0984 0.0762 0.2156 0.3236 0.9181
1305031460.0597 -1.8643 0.0936 0.1027 0.0763 0.2166 0.3253 0.9173
1305031460.0917 -1.8767 0.0761 0.1054 0.0762 0.2122 0.3329 0.9156
1305031460.1277 -1.8819 0.0632 0.1113 0.0804 0.2024 0.3424 0.9140
1305031460.1597 -1.8910 0.0564 0.1173 0.0866 0.1944 0.3495 0.9125
1305031460.1916 -1.8926 0.0504 0.1272 0.0864 0.1868 0.3564 0.9114
1305031460.2278 -1.8849 0.0403 0.1360 0.0860 0.1843 0.3608 0.9102
1305031460.2917 -1.8904 0.0199 0.1457 0.0886 0.2005 0.3611 0.9064
1305031460.3275 -1.8942 0.0087 0.1502 0.0898 0.2092 0.3632 0.9035
1305031460.3916 -1.8980 -0.0097 0.1629 0.0862 0.2287 0.3703 0.8962
1305031460.4275 -1.9011 -0.0209 0.1681 0.0854 0.2398 0.3752 0.8913
1305031460.4596 -1.9025 -0.0262 0.1735 0.0846 0.2526 0.3792 0.8862
1305031460.4915 -1.9102 -0.0333 0.1788 0.0797 0.2681 0.3853 0.8794
1305031460.5276 -1.9112 -0.0456 0.1827 0.0724 0.2790 0.3959 0.8719
1305031460.5596 -1.9105 -0.0573 0.1875 0.0662 0.2886 0.4003 0.8672
1305031460.5919 -1.9164 -0.0683 0.1920 0.0627 0.2989 0.4011 0.8636
1305031460.6276 -1.9171 -0.0799 0.1960 0.0596 0.3072 0.4037 0.8597
1305031460.6598 -1.9241 -0.0917 0.2007 0.0579 0.3163 0.4032 0.8568
1305031460.6917 -1.9324 -0.1019 0.2076 0.0551 0.3222 0.4041 0.8543
1305031460.7277 -1.9323 -0.1108 0.2137 0.0502 0.3242 0.4045 0.8537
1305031460.7597 -1.9332 -0.1226 0.2197 0.0468 0.3295 0.4030 0.8525
1305031460.7917 -1.9405 -0.1338 0.2281 0.0443 0.3350 0.4021 0.8510
1305031460.8277 -1.9427 -0.1408 0.2372 0.0403 0.3371 0.3992 0.8517
1305031460.8597 -1.9428 -0.1484 0.2451 0.0345 0.3410 0.3969 0.8515
1305031460.8918 -1.9443 -0.1612 0.2543 0.0271 0.3469 0.3945 0.8505
1305031460.9276 -1.9469 -0.1742 0.2650 0.0212 0.3505 0.3940 0.8494
1305031460.9917 -1.9354 -0.2009 0.2774 0.0163 0.3533 0.3976 0.8467
1305031461.0276 -1.9341 -0.2134 0.2865 0.0172 0.3561 0.3984 0.8451
1305031461.0917 -1.9356 -0.2271 0.3033 0.0202 0.3556 0.3970 0.8459
1305031461.1276 -1.9275 -0.2384 0.3087 0.0175 0.3548 0.3960 0.8468
1305031461.1597 -1.9225 -0.2517 0.3156 0.0181 0.3561 0.3944 0.8470
1305031461.1920 -1.9205 -0.2543 0.3217 0.0219 0.3561 0.3898 0.8490
1305031461.2276 -1.9186 -0.2613 0.3281 0.0221 0.3576 0.3875 0.8494
1305031461.2596 -1.9131 -0.2698 0.3344 0.0227 0.3574 0.3843 0.8509
1305031461.2917 -1.9105 -0.2722 0.3408 0.0256 0.3580 0.3781 0.8533
1305031461.3278 -1.9042 -0.2717 0.3456 0.0276 0.3592 0.3737 0.8547
1305031461.3597 -1.9074 -0.2693 0.3537 0.0253 0.3640 0.3689 0.8548
1305031461.3917 -1.8973 -0.2809 0.3616 0.0159 0.3642 0.3707 0.8542
1305031461.4276 -1.8909 -0.2855 0.3646 0.0149 0.3645 0.3691 0.8548
1305031461.4598 -1.8902 -0.2812 0.3696 0.0129 0.3649 0.3701 0.8543
1305031461.4917 -1.8748 -0.2948 0.3704 0.0063 0.3638 0.3730 0.8535
1305031461.5277 -1.8746 -0.2915 0.3701 0.0130 0.3652 0.3700 0.8541
1305031461.5597 -1.8664 -0.2854 0.3653 0.0130 0.3651 0.3666 0.8557
1305031461.5917 -1.8638 -0.2826 0.3624 0.0140 0.3725 0.3630 0.8540
1305031461.6275 -1.8607 -0.2776 0.3611 0.0124 0.3780 0.3627 0.8517
1305031461.6596 -1.8574 -0.2747 0.3600 0.0105 0.3828 0.3627 0.8496
1305031461.6916 -1.8571 -0.2684 0.3582 0.0099 0.3856 0.3678 0.8461
1305031461.7276 -1.8482 -0.2647 0.3547 0.0067 0.3849 0.3741 0.8437
1305031461.7597 -1.8471 -0.2556 0.3487 0.0073 0.3863 0.3767 0.8419
1305031461.7916 -1.8431 -0.2458 0.3435 0.0038 0.3876 0.3811 0.8393
1305031461.8276 -1.8385 -0.2376 0.3391 0.0022 0.3917 0.3859 0.8353
1305031461.8598 -1.8417 -0.2223 0.3355 0.0034 0.3961 0.3916 0.8305
1305031461.8917 -1.8445 -0.2105 0.3337 -0.0003 0.3983 0.4025 0.8242
1305031461.9278 -1.8385 -0.2009 0.3298 -0.0073 0.3954 0.4130 0.8204
1305031461.9597 -1.8328 -0.1853 0.3207 -0.0108 0.3973 0.4160 0.8179
1305031461.9916 -1.8440 -0.1694 0.3219 -0.0155 0.4066 0.4209 0.8107
1305031462.0277 -1.8452 -0.1696 0.3259 -0.0280 0.4083 0.4326 0.8033
1305031462.0598 -1.8472 -0.1649 0.3274 -0.0326 0.4047 0.4450 0.7982
1305031462.0918 -1.8464 -0.1545 0.3238 -0.0345 0.3977 0.4567 0.7950
1305031462.1277 -1.8476 -0.1442 0.3207 -0.0372 0.3939 0.4658 0.7915
1305031462.1596 -1.8485 -0.1390 0.3185 -0.0421 0.3917 0.4723 0.7885
1305031462.1916 -1.8533 -0.1297 0.3169 -0.0452 0.3913 0.4716 0.7890
1305031462.2276 -1.8592 -0.1212 0.3164 -0.0507 0.3921 0.4720 0.7880
1305031462.2598 -1.8643 -0.1156 0.3173 -0.0578 0.3914 0.4707 0.7886
1305031462.2916 -1.8700 -0.1075 0.3176 -0.0638 0.3886 0.4674 0.7915
1305031462.3597 -1.8825 -0.0867 0.3188 -0.0765 0.3849 0.4563 0.7986
1305031462.4599 -1.8981 -0.1141 0.3572 -0.1271 0.3867 0.4459 0.7972
1305031462.5919 -1.8240 -0.0924 0.3476 -0.1419 0.3337 0.4794 0.7992
1305031462.7277 -1.8232 -0.1310 0.3333 -0.1678 0.3253 0.4691 0.8037
1305031462.7919 -1.8382 -0.1225 0.3062 -0.1674 0.3134 0.4557 0.8162
1305031462.8278 -1.8447 -0.1267 0.2951 -0.1720 0.3099 0.4522 0.8185
1305031462.8918 -1.8520 -0.1274 0.2698 -0.1785 0.3086 0.4441 0.8220
1305031462.9597 -1.8564 -0.1188 0.2492 -0.1775 0.3061 0.4413 0.8246
1305031463.0277 -1.8603 -0.1058 0.2249 -0.1667 0.3011 0.4335 0.8328
1305031463.0598 -1.8632 -0.1084 0.2082 -0.1654 0.2976 0.4268 0.8378
1305031463.1275 -1.8687 -0.0900 0.1866 -0.1579 0.2929 0.4120 0.8483
1305031463.1598 -1.8714 -0.0918 0.1717 -0.1563 0.2931 0.4035 0.8525
1305031463.2600 -1.8687 -0.0700 0.1375 -0.1503 0.2900 0.3888 0.8615
1305031463.3598 -1.8617 -0.0621 0.1054 -0.1465 0.2853 0.3802 0.8675
1305031463.4598 -1.8435 -0.0424 0.0698 -0.1441 0.2783 0.3720 0.8737
1305031463.5277 -1.8237 -0.0234 0.0500 -0.1437 0.2845 0.3682 0.8734
1305031463.6276 -1.7955 -0.0001 0.0189 -0.1376 0.2855 0.3651 0.8754
1305031463.6956 -1.7849 0.0141 -0.0097 -0.1236 0.2908 0.3564 0.8792
1305031463.7597 -1.7435 0.0128 -0.0460 -0.1234 0.2872 0.3496 0.8832
1305031463.8278 -1.7187 0.0139 -0.0828 -0.1199 0.2878 0.3293 0.8913
1305031463.8599 -1.7015 0.0077 -0.1007 -0.1203 0.2881 0.3200 0.8945
1305031463.8956 -1.6926 0.0061 -0.1188 -0.1169 0.2897 0.3106 0.8977
1305031463.9597 -1.6674 -0.0031 -0.1500 -0.1151 0.2830 0.3002 0.9036
1305031463.9958 -1.6557 -0.0092 -0.1687 -0.1117 0.2793 0.2938 0.9073
1305031464.0277 -1.6469 -0.0125 -0.1875 -0.1102 0.2757 0.2860 0.9111
1305031464.0597 -1.6305 -0.0208 -0.2042 -0.1112 0.2729 0.2779 0.9143
1305031464.0956 -1.6240 -0.0283 -0.2201 -0.1082 0.2747 0.2683 0.9170
1305031464.1277 -1.6226 -0.0349 -0.2321 -0.1054 0.2755 0.2627 0.9187
1305031464.1598 -1.6156 -0.0464 -0.2421 -0.1012 0.2724 0.2614 0.9205
1305031464.1956 -1.6104 -0.0554 -0.2540 -0.0911 0.2666 0.2576 0.9243
1305031464.2276 -1.6130 -0.0557 -0.2660 -0.0786 0.2590 0.2532 0.9288
1305031464.2596 -1.6135 -0.0548 -0.2784 -0.0697 0.2461 0.2520 0.9333
1305031464.2957 -1.6052 -0.0536 -0.2919 -0.0646 0.2286 0.2483 0.9391
1305031464.3279 -1.5909 -0.0523 -0.3064 -0.0608 0.2134 0.2435 0.9442
1305031464.3597 -1.5760 -0.0575 -0.3202 -0.0570 0.2031 0.2389 0.9479
1305031464.3956 -1.5611 -0.0518 -0.3378 -0.0504 0.1958 0.2307 0.9518
1305031464.4276 -1.5516 -0.0499 -0.3518 -0.0485 0.1947 0.2207 0.9545
1305031464.4597 -1.5427 -0.0570 -0.3664 -0.0473 0.1924 0.2123 0.9569
1305031464.4956 -1.5278 -0.0548 -0.3837 -0.0443 0.1886 0.2062 0.9591
1305031464.5276 -1.5203 -0.0547 -0.4007 -0.0429 0.1886 0.1980 0.9609
1305031464.5597 -1.5050 -0.0582 -0.4177 -0.0459 0.1848 0.1870 0.9637
1305031464.5957 -1.4783 -0.0754 -0.4388 -0.0471 0.1858 0.1766 0.9655
1305031464.6277 -1.4645 -0.0817 -0.4579 -0.0392 0.1966 0.1667 0.9654
1305031464.6597 -1.4529 -0.0857 -0.4710 -0.0315 0.2080 0.1526 0.9656
1305031464.6957 -1.4391 -0.1077 -0.4784 -0.0244 0.2184 0.1352 0.9662
1305031464.7277 -1.4402 -0.1098 -0.4833 -0.0073 0.2264 0.1168 0.9670
1305031464.7597 -1.4358 -0.1004 -0.4916 0.0061 0.2252 0.0976 0.9694
1305031464.7960 -1.4343 -0.1114 -0.4887 0.0108 0.2212 0.0792 0.9719
1305031464.8278 -1.4351 -0.1141 -0.4846 0.0214 0.2106 0.0645 0.9752
1305031464.8597 -1.4252 -0.0988 -0.4872 0.0309 0.1926 0.0496 0.9795
1305031464.8958 -1.4065 -0.0936 -0.4897 0.0298 0.1734 0.0304 0.9839
1305031464.9278 -1.3830 -0.1134 -0.4881 0.0233 0.1579 0.0101 0.9871
1305031464.9598 -1.3587 -0.1258 -0.4844 0.0243 0.1492 -0.0076 0.9885
1305031464.9957 -1.3385 -0.1226 -0.4806 0.0301 0.1451 -0.0263 0.9886
1305031465.0278 -1.3294 -0.1207 -0.4661 0.0329 0.1447 -0.0482 0.9878
1305031465.0597 -1.3312 -0.0985 -0.4456 0.0415 0.1409 -0.0682 0.9868
1305031465.0957 -1.3172 -0.0511 -0.4328 0.0436 0.1277 -0.0839 0.9873
1305031465.1277 -1.2993 -0.0381 -0.4178 0.0264 0.1130 -0.0982 0.9884
1305031465.1598 -1.2865 -0.0344 -0.3981 0.0087 0.1011 -0.1062 0.9892
1305031465.1956 -1.2690 -0.0289 -0.3806 -0.0041 0.0893 -0.1127 0.9896
1305031465.2279 -1.2524 -0.0112 -0.3653 -0.0140 0.0799 -0.1179 0.9897
1305031465.2598 -1.2411 -0.0077 -0.3445 -0.0265 0.0719 -0.1182 0.9900
1305031465.3277 -1.2151 0.0246 -0.3185 -0.0348 0.0524 -0.0959 0.9934
1305031465.3956 -1.1808 0.0330 -0.3023 -0.0393 0.0204 -0.0723 0.9964
1305031465.4277 -1.1529 0.0428 -0.3026 -0.0359 0.0054 -0.0603 0.9975
1305031465.4601 -1.1308 0.0594 -0.3049 -0.0312 -0.0058 -0.0463 0.9984
1305031465.4957 -1.1079 0.0770 -0.3077 -0.0317 -0.0167 -0.0363 0.9987
1305031465.5276 -1.0879 0.0757 -0.3053 -0.0358 -0.0264 -0.0322 0.9985
1305031465.5598 -1.0645 0.0844 -0.3109 -0.0300 -0.0356 -0.0261 0.9986
1305031465.5956 -1.0398 0.1002 -0.3177 -0.0236 -0.0409 -0.0172 0.9987
1305031465.6277 -1.0262 0.1148 -0.3248 -0.0188 -0.0435 -0.0080 0.9988
1305031465.6601 -1.0080 0.1272 -0.3307 -0.0146 -0.0527 0.0009 0.9985
1305031465.6957 -0.9777 0.1416 -0.3363 -0.0086 -0.0623 0.0085 0.9980
1305031465.7277 -0.9564 0.1581 -0.3422 -0.0010 -0.0657 0.0178 0.9977
1305031465.7598 -0.9346 0.1789 -0.3491 0.0071 -0.0704 0.0268 0.9971
1305031465.7959 -0.9101 0.1963 -0.3521 0.0127 -0.0744 0.0334 0.9966
1305031465.8280 -0.8877 0.2082 -0.3563 0.0203 -0.0779 0.0393 0.9960
1305031465.8599 -0.8650 0.2370 -0.3638 0.0333 -0.0799 0.0437 0.9953
1305031465.8955 -0.8392 0.2612 -0.3652 0.0374 -0.0769 0.0461 0.9953
1305031465.9275 -0.8168 0.2732 -0.3670 0.0417 -0.0704 0.0474 0.9955
1305031465.9597 -0.7982 0.2945 -0.3736 0.0530 -0.0624 0.0457 0.9956
1305031465.9958 -0.7868 0.3172 -0.3814 0.0609 -0.0548 0.0416 0.9958
1305031466.0276 -0.7744 0.3405 -0.3891 0.0674 -0.0517 0.0398 0.9956
1305031466.0598 -0.7629 0.3663 -0.3955 0.0673 -0.0491 0.0404 0.9957
1305031466.0958 -0.7527 0.3836 -0.4037 0.0626 -0.0499 0.0403 0.9960
1305031466.1276 -0.7396 0.4001 -0.4115 0.0570 -0.0544 0.0405 0.9961
1305031466.1604 -0.7299 0.4156 -0.4236 0.0519 -0.0587 0.0424 0.9960
1305031466.1958 -0.7204 0.4333 -0.4361 0.0451 -0.0666 0.0428 0.9958
1305031466.2280 -0.7025 0.4418 -0.4454 0.0337 -0.0769 0.0385 0.9957
1305031466.2598 -0.6779 0.4417 -0.4544 0.0289 -0.0823 0.0318 0.9957
1305031466.2957 -0.6580 0.4531 -0.4676 0.0319 -0.0787 0.0200 0.9962
1305031466.3277 -0.6450 0.4644 -0.4844 0.0326 -0.0684 0.0100 0.9971
1305031466.3598 -0.6323 0.4706 -0.4981 0.0266 -0.0598 0.0041 0.9978
1305031466.3958 -0.6205 0.4632 -0.5087 0.0233 -0.0563 0.0006 0.9981
1305031466.4278 -0.6108 0.4744 -0.5246 0.0306 -0.0574 -0.0041 0.9979
1305031466.4598 -0.5953 0.4870 -0.5368 0.0314 -0.0626 -0.0082 0.9975
1305031466.4958 -0.5732 0.4941 -0.5441 0.0273 -0.0679 -0.0088 0.9973
1305031466.5275 -0.5480 0.4962 -0.5486 0.0241 -0.0685 -0.0089 0.9973
1305031466.5604 -0.5319 0.5083 -0.5582 0.0232 -0.0643 -0.0111 0.9976
1305031466.5959 -0.5125 0.5179 -0.5638 0.0154 -0.0645 -0.0143 0.9977
1305031466.6275 -0.4865 0.5102 -0.5612 0.0068 -0.0651 -0.0178 0.9977
1305031466.6597 -0.4669 0.5145 -0.5664 0.0129 -0.0625 -0.0232 0.9977
1305031466.6958 -0.4521 0.5308 -0.5753 0.0159 -0.0626 -0.0312 0.9974
1305031466.7281 -0.4310 0.5348 -0.5745 0.0098 -0.0663 -0.0402 0.9969
1305031466.7596 -0.4100 0.5319 -0.5708 0.0114 -0.0676 -0.0479 0.9965
1305031466.7956 -0.3953 0.5432 -0.5798 0.0195 -0.0684 -0.0537 0.9960
1305031466.8279 -0.3780 0.5497 -0.5850 0.0168 -0.0732 -0.0563 0.9956
1305031466.8597 -0.3653 0.5484 -0.5817 0.0146 -0.0790 -0.0555 0.9952
1305031466.8957 -0.3514 0.5525 -0.5866 0.0185 -0.0907 -0.0570 0.9941
1305031466.9278 -0.3338 0.5541 -0.5929 0.0187 -0.1051 -0.0587 0.9925
1305031466.9597 -0.3155 0.5529 -0.5961 0.0187 -0.1151 -0.0599 0.9914
1305031466.9957 -0.2969 0.5537 -0.6012 0.0194 -0.1205 -0.0623 0.9906
1305031467.0278 -0.2807 0.5543 -0.6044 0.0197 -0.1248 -0.0661 0.9898
1305031467.0597 -0.2625 0.5554 -0.6097 0.0199 -0.1278 -0.0692 0.9892
1305031467.0957 -0.2473 0.5571 -0.6123 0.0179 -0.1293 -0.0752 0.9886
1305031467.1290 -0.2342 0.5589 -0.6102 0.0194 -0.1325 -0.0852 0.9873
1305031467.1597 -0.2211 0.5601 -0.6137 0.0215 -0.1354 -0.0929 0.9862
1305031467.1957 -0.2088 0.5609 -0.6168 0.0225 -0.1402 -0.0970 0.9851
1305031467.2277 -0.1957 0.5615 -0.6195 0.0235 -0.1469 -0.1022 0.9836
1305031467.2597 -0.1821 0.5621 -0.6210 0.0254 -0.1524 -0.1071 0.9822
1305031467.2958 -0.1687 0.5639 -0.6249 0.0281 -0.1577 -0.1136 0.9805
1305031467.3280 -0.1540 0.5652 -0.6310 0.0293 -0.1635 -0.1182 0.9790
1305031467.3597 -0.1390 0.5669 -0.6366 0.0257 -0.1704 -0.1203 0.9777
1305031467.3958 -0.1262 0.5698 -0.6393 0.0213 -0.1772 -0.1252 0.9759
1305031467.4278 -0.1133 0.5710 -0.6391 0.0206 -0.1833 -0.1284 0.9744
1305031467.4597 -0.0974 0.5712 -0.6462 0.0204 -0.1904 -0.1303 0.9728
1305031467.4961 -0.0809 0.5729 -0.6532 0.0159 -0.1975 -0.1357 0.9707
1305031467.5277 -0.0668 0.5747 -0.6513 0.0124 -0.2008 -0.1417 0.9692
1305031467.5598 -0.0535 0.5724 -0.6492 0.0126 -0.2022 -0.1430 0.9688
1305031467.5960 -0.0402 0.5704 -0.6502 0.0121 -0.2044 -0.1418 0.9685
1305031467.6275 -0.0321 0.5631 -0.6403 0.0124 -0.2096 -0.1386 0.9678
1305031467.6596 -0.0208 0.5574 -0.6381 0.0181 -0.2148 -0.1356 0.9670
1305031467.6959 -0.0069 0.5540 -0.6399 0.0214 -0.2183 -0.1388 0.9657
1305031467.7275 -0.0012 0.5480 -0.6267 0.0256 -0.2202 -0.1435 0.9645
1305031467.7599 0.0074 0.5403 -0.6196 0.0312 -0.2225 -0.1460 0.9634
1305031467.7961 0.0158 0.5356 -0.6138 0.0358 -0.2250 -0.1492 0.9622
1305031467.8278 0.0174 0.5257 -0.5952 0.0400 -0.2273 -0.1496 0.9614
1305031467.8597 0.0206 0.5172 -0.5843 0.0466 -0.2312 -0.1467 0.9607
1305031467.8959 0.0271 0.5138 -0.5761 0.0524 -0.2381 -0.1460 0.9588
1305031467.9278 0.0311 0.5063 -0.5572 0.0561 -0.2457 -0.1484 0.9563
1305031467.9598 0.0351 0.4960 -0.5393 0.0628 -0.2510 -0.1492 0.9544
1305031467.9958 0.0453 0.4970 -0.5281 0.0683 -0.2534 -0.1516 0.9530
1305031468.0281 0.0458 0.4839 -0.5038 0.0662 -0.2544 -0.1547 0.9523
1305031468.0598 0.0451 0.4701 -0.4859 0.0708 -0.2562 -0.1573 0.9511
1305031468.0959 0.0528 0.4665 -0.4730 0.0745 -0.2598 -0.1588 0.9496
1305031468.1278 0.0543 0.4539 -0.4512 0.0730 -0.2623 -0.1596 0.9489
1305031468.1599 0.0581 0.4423 -0.4349 0.0752 -0.2642 -0.1628 0.9476
1305031468.1960 0.0633 0.4328 -0.4164 0.0757 -0.2653 -0.1660 0.9467
1305031468.2282 0.0657 0.4179 -0.3981 0.0739 -0.2646 -0.1657 0.9471
1305031468.2598 0.0707 0.4028 -0.3818 0.0733 -0.2633 -0.1644 0.9478
1305031468.2958 0.0724 0.3891 -0.3662 0.0729 -0.2605 -0.1647 0.9485
1305031468.3278 0.0740 0.3679 -0.3509 0.0733 -0.2584 -0.1629 0.9494
1305031468.3598 0.0790 0.3579 -0.3408 0.0772 -0.2555 -0.1581 0.9507
1305031468.4598 0.0883 0.3077 -0.3146 0.0682 -0.2548 -0.1554 0.9520
1305031468.5278 0.0872 0.2702 -0.2994 0.0648 -0.2511 -0.1617 0.9521
1305031468.5597 0.0837 0.2511 -0.2955 0.0708 -0.2509 -0.1697 0.9504
1305031468.6596 0.0693 0.2012 -0.2882 0.0646 -0.2549 -0.1780 0.9482
1305031468.6958 0.0635 0.1838 -0.2854 0.0689 -0.2609 -0.1813 0.9457
1305031468.7278 0.0612 0.1722 -0.2820 0.0737 -0.2672 -0.1819 0.9434
1305031468.7596 0.0581 0.1596 -0.2760 0.0754 -0.2721 -0.1820 0.9419
1305031468.7958 0.0514 0.1393 -0.2702 0.0784 -0.2746 -0.1865 0.9400
1305031468.8292 0.0473 0.1278 -0.2674 0.0872 -0.2766 -0.1919 0.9376
1305031468.9281 0.0469 0.1011 -0.2513 0.0836 -0.2682 -0.1943 0.9399
1305031468.9957 0.0377 0.1101 -0.2496 0.0677 -0.2569 -0.1959 0.9439
1305031469.0598 0.0209 0.0881 -0.2364 0.0342 -0.2517 -0.2105 0.9440
1305031469.1597 0.0208 0.0677 -0.1981 0.0014 -0.2395 -0.2390 0.9410
1305031469.2278 0.0014 0.0567 -0.1810 -0.0118 -0.2217 -0.2483 0.9429
1305031469.2968 -0.0059 0.0545 -0.1569 -0.0211 -0.2149 -0.2549 0.9426
1305031469.3276 -0.0103 0.0565 -0.1464 -0.0259 -0.2115 -0.2571 0.9426
1305031469.3596 -0.0062 0.0532 -0.1279 -0.0333 -0.2094 -0.2616 0.9416
1305031469.3957 -0.0088 0.0505 -0.1130 -0.0355 -0.1988 -0.2670 0.9423
1305031469.4277 -0.0133 0.0600 -0.1026 -0.0328 -0.1861 -0.2729 0.9433
1305031469.4597 -0.0197 0.0685 -0.0905 -0.0320 -0.1757 -0.2798 0.9433
1305031469.4957 -0.0335 0.0798 -0.0798 -0.0315 -0.1672 -0.2836 0.9437
1305031469.5276 -0.0358 0.0907 -0.0690 -0.0334 -0.1674 -0.2838 0.9436
1305031469.5596 -0.0365 0.1003 -0.0557 -0.0389 -0.1685 -0.2839 0.9431
1305031469.6596 -0.0458 0.1254 -0.0146 -0.0626 -0.1634 -0.2831 0.9430
1305031469.7956 -0.0707 0.1789 0.0289 -0.0828 -0.1458 -0.2757 0.9465
1305031469.9598 -0.1170 0.2573 0.0682 -0.1037 -0.1511 -0.2614 0.9477
1305031470.1596 -0.1892 0.3475 0.0758 -0.1178 -0.1518 -0.2505 0.9488
1305031470.3276 -0.2532 0.4072 0.0622 -0.1424 -0.1486 -0.2367 0.9495
1305031470.4957 -0.3216 0.4595 0.0463 -0.1502 -0.1520 -0.2262 0.9503
1305031470.6277 -0.3694 0.4847 0.0342 -0.1561 -0.1486 -0.2184 0.9518
1305031470.8278 -0.4330 0.5097 0.0281 -0.1622 -0.1370 -0.1962 0.9573
1305031470.8596 -0.4427 0.5113 0.0258 -0.1579 -0.1370 -0.1914 0.9590
1305031470.8957 -0.4529 0.5136 0.0226 -0.1539 -0.1370 -0.1863 0.9606
1305031470.9277 -0.4632 0.5162 0.0226 -0.1491 -0.1396 -0.1810 0.9621
1305031470.9596 -0.4731 0.5140 0.0205 -0.1411 -0.1429 -0.1781 0.9633
1305031470.9960 -0.4799 0.5150 0.0165 -0.1319 -0.1440 -0.1749 0.9650
1305031471.0276 -0.4882 0.5126 0.0149 -0.1242 -0.1427 -0.1723 0.9667
1305031471.0596 -0.4975 0.5117 0.0113 -0.1147 -0.1392 -0.1676 0.9692
1305031471.0958 -0.5061 0.5136 0.0070 -0.1053 -0.1373 -0.1605 0.9718
1305031471.1277 -0.5135 0.5119 0.0046 -0.1000 -0.1378 -0.1536 0.9734
1305031471.1596 -0.5182 0.5109 0.0002 -0.0946 -0.1377 -0.1470 0.9749
1305031471.1957 -0.5234 0.5113 -0.0030 -0.0918 -0.1350 -0.1411 0.9765
1305031471.2276 -0.5306 0.5121 -0.0047 -0.0911 -0.1311 -0.1359 0.9778
1305031471.2597 -0.5377 0.5103 -0.0047 -0.0925 -0.1291 -0.1322 0.9784
1305031471.2961 -0.5433 0.5070 -0.0051 -0.0927 -0.1272 -0.1278 0.9792
1305031471.3276 -0.5456 0.5058 -0.0080 -0.0891 -0.1241 -0.1248 0.9803
1305031471.3596 -0.5486 0.5068 -0.0105 -0.0877 -0.1168 -0.1225 0.9817
1305031471.3957 -0.5573 0.5018 -0.0107 -0.0895 -0.1080 -0.1177 0.9831
1305031471.4277 -0.5649 0.5021 -0.0149 -0.0853 -0.1037 -0.1106 0.9847
1305031471.4965 -0.5733 0.5018 -0.0207 -0.0859 -0.1030 -0.1014 0.9858
1305031471.5276 -0.5774 0.5009 -0.0231 -0.0866 -0.1022 -0.0967 0.9863
1305031471.5597 -0.5794 0.5005 -0.0263 -0.0871 -0.1008 -0.0949 0.9865
1305031471.5957 -0.5821 0.4997 -0.0290 -0.0876 -0.0963 -0.0927 0.9871
1305031471.6276 -0.5845 0.4985 -0.0320 -0.0879 -0.0917 -0.0912 0.9877
1305031471.6596 -0.5869 0.4982 -0.0350 -0.0864 -0.0866 -0.0874 0.9886
1305031471.7958 -0.5927 0.5028 -0.0484 -0.0843 -0.0675 -0.0662 0.9919
1305031471.9956 -0.6075 0.5177 -0.0572 -0.1003 -0.0338 -0.0401 0.9936
1305031472.4636 -0.5531 0.5110 -0.0330 -0.1024 -0.0951 0.0173 0.9900
1305031472.6958 -0.5430 0.4886 -0.0286 -0.0952 -0.0970 0.0273 0.9903
1305031472.8636 -0.5380 0.4775 -0.0227 -0.0848 -0.0958 0.0265 0.9914
