1305031453.3917 0.0000 0.0000 0.0000 0.0000 0.0000 0.0000 1.0000
1305031453.5237 0.0058 0.0194 -0.0395 0.0176 0.0239 0.0352 0.9989
1305031453.6277 -0.0002 0.0350 -0.0787 0.0380 0.0316 0.0499 0.9975
1305031453.6917 -0.0117 0.0566 -0.1142 0.0538 0.0239 0.0456 0.9972
1305031453.8278 -0.0336 0.0778 -0.1637 0.0656 -0.0090 0.0213 0.9976
1305031453.9277 -0.0603 0.1000 -0.1906 0.0654 -0.0575 0.0058 0.9962
1305031453.9596 -0.0621 0.0987 -0.1946 0.0624 -0.0755 -0.0010 0.9952
1305031453.9916 -0.0739 0.0982 -0.1955 0.0612 -0.0868 -0.0118 0.9943
1305031454.0277 -0.0863 0.1025 -0.1929 0.0635 -0.0992 -0.0174 0.9929
1305031454.0597 -0.0977 0.1070 -0.1968 0.0651 -0.1093 -0.0256 0.9915
1305031454.0917 -0.1130 0.1155 -0.1841 0.0688 -0.1195 -0.0352 0.9898
1305031454.1277 -0.1281 0.1221 -0.1782 0.0743 -0.1319 -0.0453 0.9874
1305031454.1597 -0.1474 0.1299 -0.1799 0.0765 -0.1422 -0.0553 0.9853
1305031454.1917 -0.1615 0.1330 -0.1780 0.0759 -0.1570 -0.0656 0.9825
1305031454.2277 -0.1680 0.1351 -0.1693 0.0803 -0.1747 -0.0825 0.9779
1305031454.2596 -0.1685 0.1290 -0.1739 0.0818 -0.1892 -0.0961 0.9738
1305031454.2916 -0.1739 0.1310 -0.1736 0.0814 -0.1978 -0.1065 0.9710
1305031454.3277 -0.1862 0.1338 -0.1712 0.0824 -0.2075 -0.1170 0.9677
1305031454.3596 -0.1952 0.1336 -0.1762 0.0874 -0.2168 -0.1305 0.9635
1305031454.3917 -0.2043 0.1411 -0.1775 0.0904 -0.2247 -0.1406 0.9600
1305031454.4275 -0.2159 0.1430 -0.1803 0.0911 -0.2347 -0.1519 0.9558
1305031454.4599 -0.2251 0.1429 -0.1787 0.0928 -0.2447 -0.1641 0.9511
1305031454.4916 -0.2303 0.1507 -0.1742 0.0968 -0.2501 -0.1781 0.9468
1305031454.5277 -0.2346 0.1573 -0.1756 0.0980 -0.2569 -0.1923 0.9420
1305031454.5596 -0.2344 0.1610 -0.1711 0.0960 -0.2657 -0.2042 0.9373
1305031454.5916 -0.2420 0.1719 -0.1748 0.0964 -0.2741 -0.2193 0.9314
1305031454.6276 -0.2533 0.1732 -0.1756 0.0933 -0.2842 -0.2298 0.9261
1305031454.6595 -0.2571 0.1917 -0.1737 0.0937 -0.2950 -0.2351 0.9214
1305031454.6919 -0.2672 0.2013 -0.1687 0.0905 -0.3069 -0.2405 0.9164
1305031454.7277 -0.2706 0.2097 -0.1681 0.0898 -0.3183 -0.2448 0.9114
1305031454.7597 -0.2726 0.2151 -0.1624 0.0863 -0.3250 -0.2416 0.9103
1305031454.7916 -0.2715 0.2208 -0.1548 0.0814 -0.3288 -0.2339 0.9114
1305031454.8276 -0.2691 0.2288 -0.1538 0.0788 -0.3300 -0.2283 0.9126
1305031454.8596 -0.2691 0.2302 -0.1523 0.0725 -0.3284 -0.2237 0.9148
1305031454.8918 -0.2680 0.2354 -0.1526 0.0678 -0.3247 -0.2166 0.9182
1305031454.9276 -0.2668 0.2436 -0.1511 0.0641 -0.3215 -0.2089 0.9213
1305031454.9596 -0.2674 0.2483 -0.1535 0.0605 -0.3183 -0.2038 0.9239
1305031454.9919 -0.2693 0.2509 -0.1563 0.0570 -0.3165 -0.1996 0.9256
1305031455.0278 -0.2701 0.2570 -0.1578 0.0568 -0.3159 -0.1974 0.9263
1305031455.0596 -0.2723 0.2612 -0.1583 0.0553 -0.3145 -0.1952 0.9273
1305031455.0917 -0.2759 0.2655 -0.1629 0.0565 -0.3115 -0.1951 0.9283
1305031455.1277 -0.2805 0.2751 -0.1687 0.0588 -0.3072 -0.1944 0.9297
1305031455.1597 -0.2888 0.2822 -0.1737 0.0580 -0.3028 -0.1911 0.9319
1305031455.1917 -0.2933 0.2849 -0.1730 0.0539 -0.3023 -0.1859 0.9334
1305031455.2276 -0.2987 0.2883 -0.1756 0.0530 -0.3005 -0.1822 0.9347
1305031455.2596 -0.3026 0.2984 -0.1768 0.0514 -0.2984 -0.1758 0.9367
1305031455.2918 -0.3120 0.2951 -0.1784 0.0393 -0.2953 -0.1665 0.9399
1305031455.3278 -0.3222 0.3053 -0.1835 0.0351 -0.2929 -0.1565 0.9426
1305031455.3596 -0.3280 0.3128 -0.1799 0.0271 -0.2933 -0.1471 0.9443
1305031455.3917 -0.3348 0.3099 -0.1804 0.0136 -0.2897 -0.1389 0.9469
1305031455.4276 -0.3457 0.3130 -0.1863 0.0069 -0.2844 -0.1304 0.9498
1305031455.4596 -0.3603 0.3156 -0.1956 0.0038 -0.2791 -0.1249 0.9521
1305031455.4916 -0.3736 0.3172 -0.2055 -0.0010 -0.2749 -0.1169 0.9543
1305031455.5276 -0.3890 0.3174 -0.2152 -0.0049 -0.2705 -0.1079 0.9566
1305031455.5597 -0.4086 0.3226 -0.2286 -0.0063 -0.2693 -0.0970 0.9582
1305031455.5916 -0.4221 0.3256 -0.2410 -0.0096 -0.2702 -0.0854 0.9590
1305031455.6276 -0.4393 0.3218 -0.2516 -0.0150 -0.2668 -0.0758 0.9606
1305031455.6596 -0.4480 0.3219 -0.2620 -0.0126 -0.2659 -0.0705 0.9613
1305031455.6916 -0.4607 0.3232 -0.2776 -0.0097 -0.2629 -0.0715 0.9621
1305031455.7276 -0.4688 0.3211 -0.2850 -0.0088 -0.2610 -0.0738 0.9625
1305031455.7597 -0.4746 0.3193 -0.2908 -0.0084 -0.2585 -0.0753 0.9630
1305031455.7917 -0.4801 0.3126 -0.3000 -0.0086 -0.2560 -0.0739 0.9638
1305031455.8276 -0.4857 0.3095 -0.3125 -0.0077 -0.2546 -0.0733 0.9642
1305031455.8595 -0.4930 0.3071 -0.3217 -0.0075 -0.2532 -0.0738 0.9646
1305031455.8917 -0.4953 0.3035 -0.3318 -0.0079 -0.2521 -0.0739 0.9648
1305031455.9280 -0.5000 0.2988 -0.3384 -0.0093 -0.2505 -0.0738 0.9653
1305031455.9597 -0.5040 0.2969 -0.3463 -0.0088 -0.2486 -0.0753 0.9656
1305031455.9917 -0.5078 0.2948 -0.3513 -0.0102 -0.2463 -0.0764 0.9661
1305031456.0278 -0.5145 0.2936 -0.3572 -0.0149 -0.2419 -0.0808 0.9668
1305031456.0597 -0.5224 0.2768 -0.3616 -0.0260 -0.2387 -0.0883 0.9667
1305031456.0917 -0.5297 0.2708 -0.3657 -0.0293 -0.2357 -0.0920 0.9670
1305031456.1276 -0.5334 0.2684 -0.3696 -0.0296 -0.2336 -0.0924 0.9675
1305031456.1597 -0.5380 0.2661 -0.3686 -0.0295 -0.2308 -0.0930 0.9681
1305031456.1917 -0.5452 0.2528 -0.3789 -0.0282 -0.2233 -0.0899 0.9702
1305031456.2277 -0.5485 0.2525 -0.3849 -0.0266 -0.2159 -0.0870 0.9722
1305031456.2917 -0.5626 0.2354 -0.3823 -0.0296 -0.1972 -0.0803 0.9766
1305031456.3277 -0.5710 0.2275 -0.3816 -0.0285 -0.1876 -0.0724 0.9792
1305031456.3916 -0.5826 0.2122 -0.3747 -0.0298 -0.1677 -0.0613 0.9835
1305031456.4277 -0.5875 0.2046 -0.3693 -0.0285 -0.1619 -0.0511 0.9851
1305031456.4917 -0.6258 0.2190 -0.3704 -0.0314 -0.1524 -0.0386 0.9871
1305031456.5276 -0.6491 0.2256 -0.3654 -0.0335 -0.1498 -0.0341 0.9876
1305031456.5917 -0.6715 0.2387 -0.3553 -0.0312 -0.1449 -0.0260 0.9886
1305031456.6276 -0.6770 0.2501 -0.3471 -0.0428 -0.1427 -0.0214 0.9886
1305031456.6916 -0.7172 0.2337 -0.3305 -0.0575 -0.1305 -0.0101 0.9897
1305031456.7916 -0.7754 0.2369 -0.3145 -0.0653 -0.1345 0.0108 0.9887
1305031457.0917 -0.8791 0.2728 -0.2687 -0.0920 -0.1069 0.0550 0.9885
1305031457.2917 -0.9415 0.2563 -0.3036 -0.0912 -0.0656 0.0898 0.9896
1305031457.3917 -0.9806 0.2528 -0.3390 -0.0826 -0.0303 0.1090 0.9901
1305031457.4917 -1.0207 0.2416 -0.3711 -0.0785 -0.0152 0.1248 0.9890
1305031457.5597 -1.0378 0.2377 -0.3954 -0.0693 -0.0073 0.1345 0.9885
1305031457.6596 -1.0772 0.2293 -0.4317 -0.0617 0.0036 0.1465 0.9873
1305031457.7277 -1.1026 0.1984 -0.4436 -0.0721 0.0072 0.1464 0.9866
1305031457.7916 -1.1120 0.1795 -0.4531 -0.0614 0.0121 0.1454 0.9874
1305031457.8277 -1.1199 0.1813 -0.4689 -0.0496 0.0184 0.1469 0.9877
1305031457.8916 -1.1431 0.1593 -0.4790 -0.0397 0.0343 0.1466 0.9878
1305031457.9276 -1.1582 0.1545 -0.4872 -0.0262 0.0403 0.1502 0.9875
1305031457.9916 -1.1883 0.1379 -0.4893 -0.0142 0.0456 0.1559 0.9866
1305031458.0278 -1.1920 0.1328 -0.4912 -0.0037 0.0481 0.1591 0.9861
1305031458.0597 -1.2033 0.1393 -0.4954 0.0063 0.0520 0.1617 0.9855
1305031458.0917 -1.2108 0.1386 -0.4932 0.0064 0.0544 0.1622 0.9852
1305031458.1276 -1.2185 0.1325 -0.4920 0.0050 0.0568 0.1630 0.9850
1305031458.1596 -1.2287 0.1257 -0.4915 0.0051 0.0585 0.1645 0.9846
1305031458.1916 -1.2454 0.1280 -0.4758 0.0074 0.0592 0.1689 0.9838
1305031458.2276 -1.2583 0.1137 -0.4570 -0.0020 0.0578 0.1677 0.9841
1305031458.2599 -1.2835 0.0968 -0.4397 -0.0032 0.0586 0.1640 0.9847
1305031458.2917 -1.3026 0.0845 -0.4322 0.0032 0.0554 0.1670 0.9844
1305031458.3276 -1.3186 0.0840 -0.4172 0.0068 0.0494 0.1677 0.9846
1305031458.3596 -1.3280 0.0566 -0.3997 0.0084 0.0458 0.1697 0.9844
1305031458.3916 -1.3504 0.0631 -0.3850 0.0239 0.0459 0.1763 0.9830
1305031458.4276 -1.3573 0.0674 -0.3675 0.0326 0.0451 0.1863 0.9809
1305031458.4596 -1.3476 0.0597 -0.3573 0.0426 0.0451 0.1934 0.9792
1305031458.4917 -1.3438 0.0499 -0.3513 0.0578 0.0510 0.1932 0.9781
1305031458.5277 -1.3567 0.0600 -0.3467 0.0770 0.0603 0.1923 0.9764
1305031458.5596 -1.3703 0.0609 -0.3358 0.0824 0.0689 0.1906 0.9758
1305031458.5916 -1.3874 0.0595 -0.3263 0.0907 0.0767 0.1815 0.9762
1305031458.6277 -1.3990 0.0748 -0.3080 0.0966 0.0777 0.1794 0.9759
1305031458.6596 -1.4172 0.0742 -0.2975 0.0913 0.0744 0.1812 0.9764
1305031458.6917 -1.4337 0.0754 -0.2736 0.0893 0.0632 0.1714 0.9791
1305031458.7276 -1.4370 0.0718 -0.2567 0.0903 0.0496 0.1652 0.9809
1305031458.7599 -1.4459 0.0692 -0.2464 0.0947 0.0361 0.1572 0.9824
1305031458.7916 -1.4473 0.0787 -0.2230 0.0989 0.0206 0.1481 0.9838
1305031458.8276 -1.4444 0.0704 -0.1997 0.0918 0.0120 0.1464 0.9849
1305031458.8917 -1.4532 0.0678 -0.1775 0.1007 0.0121 0.1332 0.9859
1305031458.9276 -1.4589 0.0734 -0.1750 0.1015 0.0164 0.1337 0.9857
1305031458.9596 -1.4593 0.0637 -0.1666 0.0913 0.0181 0.1449 0.9851
1305031458.9916 -1.4661 0.0446 -0.1666 0.0888 0.0218 0.1479 0.9848
1305031459.0277 -1.4971 0.0461 -0.1601 0.1029 0.0260 0.1468 0.9834
1305031459.0596 -1.5156 0.0348 -0.1516 0.1092 0.0194 0.1581 0.9812
1305031459.1276 -1.5573 0.0928 -0.1043 0.1321 0.0363 0.1450 0.9799
1305031459.1596 -1.5650 0.0976 -0.0913 0.1431 0.0090 0.1445 0.9791
1305031459.1917 -1.5769 0.0979 -0.0763 0.1498 -0.0088 0.1472 0.9776
1305031459.2276 -1.5826 0.0993 -0.0635 0.1533 -0.0228 0.1553 0.9756
1305031459.2598 -1.5843 0.1019 -0.0471 0.1536 -0.0261 0.1619 0.9744
1305031459.3276 -1.5932 0.1096 -0.0190 0.1492 0.0012 0.1867 0.9710
1305031459.3597 -1.6010 0.1129 -0.0057 0.1515 0.0232 0.2082 0.9660
1305031459.3917 -1.6199 0.1284 -0.0033 0.1475 0.0502 0.2326 0.9600
1305031459.4276 -1.6140 0.1325 0.0061 0.1319 0.0773 0.2670 0.9515
1305031459.4597 -1.6252 0.1334 0.0013 0.1260 0.1095 0.3057 0.9374
1305031459.5276 -1.6526 0.1518 0.0147 0.1069 0.1486 0.3668 0.9121
1305031459.5596 -1.6638 0.1378 0.0119 0.0953 0.1625 0.3915 0.9007
1305031459.5917 -1.6748 0.1351 0.0145 0.0906 0.1663 0.4116 0.8915
1305031459.6276 -1.6784 0.1337 0.0213 0.0871 0.1651 0.4228 0.8868
1305031459.6596 -1.6855 0.1341 0.0268 0.0874 0.1700 0.4228 0.8858
1305031459.6916 -1.7057 0.1277 0.0287 0.0834 0.1827 0.4265 0.8819
1305031459.7276 -1.7101 0.1110 0.0269 0.0746 0.1877 0.4305 0.8797
1305031459.7917 -1.7392 0.0815 0.0276 0.0737 0.1971 0.4262 0.8798
1305031459.8277 -1.7537 0.0626 0.0287 0.0709 0.1988 0.4260 0.8798
1305031459.8597 -1.7765 0.0465 0.0324 0.0682 0.2014 0.4234 0.8806
1305031459.8916 -1.7806 0.0257 0.0364 0.0621 0.1962 0.4284 0.8798
1305031459.9276 -1.7891 0.0067 0.0406 0.0598 0.1948 0.4311 0.8790
1305031459.9917 -1.8030 -0.0212 0.0485 0.0548 0.1899 0.4395 0.8762
1305031460.0276 -1.8098 -0.0350 0.0555 0.0540 0.1910 0.4414 0.8751
1305031460.0597 -1.8176 -0.0570 0.0570 0.0511 0.1921 0.4454 0.8730
1305031460.0917 -1.8281 -0.0824 0.0552 0.0495 0.1890 0.4524 0.8702
1305031460.1277 -1.8323 -0.0912 0.0626 0.0561 0.1797 0.4576 0.8690
1305031460.1597 -1.8422 -0.1006 0.0689 0.0628 0.1730 0.4613 0.8679
1305031460.1916 -1.8438 -0.1094 0.0759 0.0631 0.1664 0.4676 0.8659
1305031460.2278 -1.8423 -0.1102 0.0864 0.0655 0.1665 0.4680 0.8654
1305031460.2917 -1.8433 -0.1292 0.0920 0.0679 0.1813 0.4691 0.8616
1305031460.3275 -1.8466 -0.1313 0.0971 0.0711 0.1878 0.4684 0.8604
1305031460.3916 -1.8486 -0.1404 0.1078 0.0675 0.2051 0.4733 0.8540
1305031460.4275 -1.8511 -0.1428 0.1168 0.0681 0.2141 0.4757 0.8504
1305031460.4596 -1.8492 -0.1411 0.1213 0.0660 0.2246 0.4777 0.8468
1305031460.4915 -1.8534 -0.1497 0.1215 0.0584 0.2380 0.4829 0.8407
1305031460.5276 -1.8570 -0.1657 0.1241 0.0483 0.2511 0.4894 0.8337
1305031460.5596 -1.8560 -0.1717 0.1289 0.0433 0.2590 0.4926 0.8297
1305031460.5919 -1.8578 -0.1778 0.1349 0.0404 0.2662 0.4921 0.8278
1305031460.6276 -1.8593 -0.1776 0.1407 0.0412 0.2717 0.4926 0.8257
1305031460.6598 -1.8634 -0.1842 0.1451 0.0399 0.2780 0.4915 0.8243
1305031460.6917 -1.8661 -0.1922 0.1480 0.0374 0.2807 0.4925 0.8229
1305031460.7277 -1.8668 -0.1962 0.1516 0.0354 0.2816 0.4925 0.8227
1305031460.7597 -1.8665 -0.2006 0.1546 0.0339 0.2841 0.4909 0.8229
1305031460.7917 -1.8697 -0.2101 0.1583 0.0314 0.2875 0.4906 0.8220
1305031460.8277 -1.8698 -0.2189 0.1635 0.0273 0.2887 0.4900 0.8221
1305031460.8597 -1.8690 -0.2231 0.1676 0.0239 0.2905 0.4886 0.8224
1305031460.8918 -1.8678 -0.2290 0.1717 0.0201 0.2928 0.4873 0.8225
1305031460.9276 -1.8684 -0.2389 0.1768 0.0161 0.2944 0.4874 0.8219
1305031460.9917 -1.8546 -0.2590 0.1860 0.0121 0.2960 0.4912 0.8191
1305031461.0276 -1.8535 -0.2670 0.1925 0.0126 0.2982 0.4904 0.8188
1305031461.0917 -1.8571 -0.2737 0.2105 0.0185 0.2975 0.4877 0.8206
1305031461.1276 -1.8511 -0.2772 0.2158 0.0177 0.2968 0.4863 0.8217
1305031461.1597 -1.8456 -0.2854 0.2230 0.0187 0.2986 0.4840 0.8223
1305031461.1920 -1.8450 -0.2901 0.2287 0.0199 0.3002 0.4796 0.8243
1305031461.2276 -1.8435 -0.2937 0.2331 0.0204 0.3011 0.4787 0.8245
1305031461.2596 -1.8435 -0.2988 0.2397 0.0219 0.3034 0.4751 0.8257
1305031461.2917 -1.8404 -0.3026 0.2458 0.0230 0.3049 0.4694 0.8283
1305031461.3278 -1.8390 -0.2995 0.2494 0.0258 0.3062 0.4656 0.8300
1305031461.3597 -1.8408 -0.2969 0.2564 0.0251 0.3097 0.4630 0.8301
1305031461.3917 -1.8338 -0.3036 0.2605 0.0192 0.3089 0.4633 0.8304
1305031461.4276 -1.8289 -0.3017 0.2626 0.0201 0.3082 0.4621 0.8313
1305031461.4598 -1.8303 -0.3027 0.2678 0.0179 0.3097 0.4620 0.8308
1305031461.4917 -1.8209 -0.3047 0.2680 0.0160 0.3081 0.4633 0.8308
1305031461.5277 -1.8209 -0.3012 0.2683 0.0216 0.3098 0.4600 0.8318
1305031461.5597 -1.8155 -0.2943 0.2677 0.0223 0.3098 0.4572 0.8334
1305031461.5917 -1.8100 -0.2859 0.2574 0.0222 0.3135 0.4540 0.8337
1305031461.6275 -1.8075 -0.2771 0.2583 0.0214 0.3184 0.4535 0.8322
1305031461.6596 -1.8077 -0.2712 0.2587 0.0205 0.3235 0.4517 0.8312
1305031461.6916 -1.8111 -0.2682 0.2662 0.0194 0.3297 0.4551 0.8269
1305031461.7276 -1.8063 -0.2615 0.2680 0.0182 0.3302 0.4581 0.8251
1305031461.7597 -1.8067 -0.2538 0.2659 0.0181 0.3325 0.4587 0.8239
1305031461.7916 -1.8047 -0.2498 0.2608 0.0133 0.3356 0.4637 0.8199
1305031461.8276 -1.8026 -0.2437 0.2570 0.0100 0.3410 0.4671 0.8157
1305031461.8598 -1.8075 -0.2294 0.2557 0.0108 0.3464 0.4724 0.8104
1305031461.8917 -1.8098 -0.2129 0.2600 0.0079 0.3481 0.4848 0.8023
1305031461.9278 -1.8043 -0.2062 0.2649 0.0004 0.3459 0.4967 0.7960
1305031461.9597 -1.8009 -0.1899 0.2568 -0.0037 0.3486 0.4976 0.7943
1305031461.9916 -1.8106 -0.1737 0.2561 -0.0106 0.3543 0.5051 0.7869
1305031462.0277 -1.8122 -0.1746 0.2703 -0.0235 0.3576 0.5148 0.7788
1305031462.0598 -1.8131 -0.1654 0.2713 -0.0273 0.3502 0.5264 0.7743
1305031462.0918 -1.8103 -0.1524 0.2654 -0.0282 0.3395 0.5395 0.7700
1305031462.1277 -1.8075 -0.1469 0.2673 -0.0331 0.3353 0.5506 0.7637
1305031462.1596 -1.8112 -0.1280 0.2625 -0.0309 0.3280 0.5569 0.7625
1305031462.1916 -1.8159 -0.1213 0.2681 -0.0334 0.3295 0.5543 0.7636
1305031462.2276 -1.8269 -0.1086 0.2658 -0.0356 0.3280 0.5530 0.7651
1305031462.2598 -1.8325 -0.1120 0.2699 -0.0458 0.3295 0.5492 0.7667
1305031462.2916 -1.8395 -0.1037 0.2709 -0.0512 0.3260 0.5442 0.7713
1305031462.3597 -1.8534 -0.0836 0.2739 -0.0613 0.3205 0.5338 0.7801
1305031462.4599 -1.8899 -0.0273 0.2916 -0.0677 0.3020 0.5147 0.7995
1305031462.6597 -1.9144 -0.0327 0.3042 -0.1108 0.2799 0.4734 0.8278
1305031462.7598 -1.9279 -0.0326 0.2984 -0.1210 0.2690 0.4424 0.8469
1305031462.8918 -1.9307 -0.0087 0.2720 -0.1332 0.2529 0.4208 0.8609
1305031463.0277 -1.9179 0.0160 0.2346 -0.1266 0.2408 0.4060 0.8724
1305031463.0958 -1.9153 0.0265 0.2107 -0.1225 0.2329 0.3860 0.8842
1305031463.1598 -1.9130 0.0370 0.1835 -0.1155 0.2314 0.3673 0.8934
1305031463.2600 -1.8999 0.0630 0.1577 -0.1089 0.2298 0.3509 0.9012
1305031463.3598 -1.8855 0.0923 0.1257 -0.0960 0.2222 0.3360 0.9102
1305031463.4956 -1.8521 0.1439 0.1040 -0.0858 0.2217 0.3243 0.9156
1305031463.5598 -1.8214 0.1675 0.0894 -0.0813 0.2262 0.3215 0.9159
1305031463.6598 -1.7788 0.1865 0.0525 -0.0704 0.2218 0.3176 0.9192
1305031463.7276 -1.7604 0.1882 0.0237 -0.0705 0.2257 0.3084 0.9214
1305031463.7597 -1.7422 0.1904 0.0069 -0.0640 0.2272 0.3000 0.9243
1305031463.7956 -1.7265 0.1934 -0.0177 -0.0587 0.2267 0.2888 0.9283
1305031463.8599 -1.6972 0.1874 -0.0491 -0.0574 0.2292 0.2688 0.9338
1305031463.8956 -1.6878 0.1901 -0.0718 -0.0514 0.2298 0.2569 0.9373
1305031463.9597 -1.6588 0.1778 -0.1072 -0.0513 0.2218 0.2453 0.9423
1305031463.9958 -1.6577 0.1768 -0.1200 -0.0434 0.2230 0.2366 0.9447
1305031464.0597 -1.6284 0.1702 -0.1542 -0.0409 0.2162 0.2198 0.9504
1305031464.0956 -1.6285 0.1609 -0.1695 -0.0370 0.2206 0.2074 0.9523
1305031464.1277 -1.6325 0.1577 -0.1782 -0.0337 0.2231 0.2007 0.9533
1305031464.1598 -1.6249 0.1418 -0.1885 -0.0319 0.2206 0.1985 0.9544
1305031464.1956 -1.6202 0.1359 -0.2006 -0.0206 0.2158 0.1936 0.9568
1305031464.2276 -1.6203 0.1534 -0.2149 -0.0024 0.2056 0.1840 0.9612
1305031464.2596 -1.6246 0.1561 -0.2198 0.0052 0.1931 0.1834 0.9639
1305031464.2957 -1.6209 0.1559 -0.2261 0.0083 0.1777 0.1778 0.9678
1305031464.3279 -1.5978 0.1614 -0.2378 0.0110 0.1599 0.1723 0.9719
1305031464.3597 -1.5905 0.1598 -0.2458 0.0145 0.1532 0.1663 0.9740
1305031464.3956 -1.5830 0.1605 -0.2569 0.0192 0.1498 0.1546 0.9764
1305031464.4276 -1.5774 0.1598 -0.2718 0.0200 0.1496 0.1473 0.9775
1305031464.4597 -1.5767 0.1512 -0.2852 0.0202 0.1501 0.1384 0.9787
1305031464.4956 -1.5660 0.1489 -0.2956 0.0211 0.1481 0.1321 0.9799
1305031464.5276 -1.5654 0.1472 -0.3176 0.0216 0.1496 0.1244 0.9807
1305031464.5597 -1.5482 0.1446 -0.3309 0.0194 0.1459 0.1161 0.9823
1305031464.5957 -1.5288 0.1304 -0.3562 0.0202 0.1482 0.1019 0.9835
1305031464.6277 -1.5142 0.1264 -0.3760 0.0313 0.1590 0.0954 0.9822
1305031464.6597 -1.5046 0.1180 -0.3881 0.0404 0.1721 0.0847 0.9806
1305031464.6957 -1.4850 0.1091 -0.4091 0.0529 0.1796 0.0704 0.9798
1305031464.7277 -1.4846 0.1132 -0.4119 0.0724 0.1866 0.0525 0.9784
1305031464.7597 -1.4876 0.1160 -0.4153 0.0852 0.1885 0.0352 0.9777
1305031464.7960 -1.4897 0.1091 -0.4206 0.0909 0.1852 0.0150 0.9784
1305031464.8278 -1.4917 0.1155 -0.4157 0.1042 0.1742 -0.0004 0.9792
1305031464.8597 -1.4925 0.1380 -0.4050 0.1153 0.1600 -0.0194 0.9802
1305031464.8958 -1.4753 0.1337 -0.3990 0.1121 0.1432 -0.0376 0.9826
1305031464.9278 -1.4477 0.1143 -0.4039 0.1064 0.1283 -0.0577 0.9843
1305031464.9598 -1.4375 0.1010 -0.4040 0.1073 0.1236 -0.0766 0.9835
1305031464.9957 -1.4352 0.1086 -0.3921 0.1147 0.1252 -0.0958 0.9808
1305031465.0278 -1.4317 0.1138 -0.3802 0.1190 0.1271 -0.1158 0.9779
1305031465.0597 -1.4331 0.1295 -0.3583 0.1266 0.1252 -0.1360 0.9746
1305031465.0957 -1.4081 0.1641 -0.3389 0.1269 0.1119 -0.1520 0.9738
1305031465.1277 -1.3936 0.1731 -0.3058 0.1105 0.1018 -0.1662 0.9746
1305031465.1598 -1.3769 0.1712 -0.2816 0.0931 0.0908 -0.1742 0.9761
1305031465.1956 -1.3609 0.1591 -0.2618 0.0767 0.0807 -0.1833 0.9767
1305031465.2279 -1.3459 0.1586 -0.2418 0.0627 0.0739 -0.1894 0.9771
1305031465.2598 -1.3321 0.1517 -0.2151 0.0483 0.0662 -0.1907 0.9782
1305031465.3277 -1.3120 0.1739 -0.1834 0.0378 0.0491 -0.1696 0.9836
1305031465.3956 -1.2733 0.1766 -0.1561 0.0327 0.0149 -0.1484 0.9883
1305031465.4277 -1.2489 0.1739 -0.1579 0.0323 0.0014 -0.1402 0.9896
1305031465.4601 -1.2319 0.1828 -0.1586 0.0349 -0.0078 -0.1309 0.9908
1305031465.4957 -1.2113 0.1920 -0.1580 0.0326 -0.0169 -0.1202 0.9921
1305031465.5276 -1.1969 0.1888 -0.1580 0.0299 -0.0240 -0.1173 0.9924
1305031465.5598 -1.1753 0.1953 -0.1604 0.0349 -0.0326 -0.1129 0.9925
1305031465.5956 -1.1574 0.2022 -0.1634 0.0385 -0.0369 -0.1063 0.9929
1305031465.6277 -1.1467 0.2091 -0.1640 0.0412 -0.0399 -0.1002 0.9933
1305031465.6601 -1.1370 0.2129 -0.1662 0.0426 -0.0455 -0.0955 0.9935
1305031465.6957 -1.1125 0.2210 -0.1664 0.0472 -0.0540 -0.0902 0.9933
1305031465.7277 -1.0972 0.2300 -0.1686 0.0522 -0.0571 -0.0838 0.9935
1305031465.7598 -1.0827 0.2460 -0.1686 0.0595 -0.0605 -0.0767 0.9934
1305031465.7959 -1.0629 0.2501 -0.1732 0.0614 -0.0637 -0.0726 0.9934
1305031465.8280 -1.0449 0.2568 -0.1749 0.0669 -0.0678 -0.0686 0.9931
1305031465.8599 -1.0178 0.2736 -0.1828 0.0773 -0.0711 -0.0647 0.9924
1305031465.8955 -0.9963 0.2888 -0.1892 0.0817 -0.0650 -0.0637 0.9925
1305031465.9275 -0.9715 0.2893 -0.1875 0.0839 -0.0599 -0.0618 0.9928
1305031465.9597 -0.9459 0.3070 -0.1903 0.0954 -0.0540 -0.0617 0.9921
1305031465.9958 -0.9246 0.3158 -0.1963 0.1003 -0.0495 -0.0629 0.9917
1305031466.0276 -0.9037 0.3259 -0.2035 0.1034 -0.0495 -0.0638 0.9914
1305031466.0598 -0.8806 0.3512 -0.2011 0.1051 -0.0495 -0.0619 0.9913
1305031466.0958 -0.8708 0.3705 -0.2064 0.1021 -0.0495 -0.0613 0.9917
1305031466.1276 -0.8596 0.3904 -0.2091 0.0979 -0.0519 -0.0620 0.9919
1305031466.1604 -0.8509 0.4114 -0.2130 0.0951 -0.0547 -0.0613 0.9921
1305031466.1958 -0.8416 0.4315 -0.2159 0.0895 -0.0594 -0.0591 0.9925
1305031466.2280 -0.8271 0.4330 -0.2169 0.0748 -0.0667 -0.0632 0.9930
1305031466.2598 -0.8129 0.4340 -0.2210 0.0730 -0.0689 -0.0698 0.9925
1305031466.2957 -0.7905 0.4420 -0.2301 0.0765 -0.0665 -0.0805 0.9916
1305031466.3277 -0.7701 0.4474 -0.2465 0.0764 -0.0587 -0.0874 0.9915
1305031466.3598 -0.7598 0.4564 -0.2589 0.0739 -0.0475 -0.0947 0.9916
1305031466.3958 -0.7474 0.4453 -0.2746 0.0703 -0.0457 -0.0959 0.9919
1305031466.4278 -0.7385 0.4511 -0.2870 0.0744 -0.0470 -0.0993 0.9912
1305031466.4598 -0.7290 0.4594 -0.2981 0.0749 -0.0493 -0.1020 0.9907
1305031466.4958 -0.7144 0.4680 -0.3015 0.0735 -0.0518 -0.1031 0.9906
1305031466.5275 -0.6906 0.4614 -0.3131 0.0701 -0.0522 -0.1034 0.9908
1305031466.5604 -0.6739 0.4729 -0.3274 0.0712 -0.0468 -0.1042 0.9909
1305031466.5959 -0.6501 0.4798 -0.3301 0.0625 -0.0473 -0.1090 0.9909
1305031466.6275 -0.6322 0.4590 -0.3423 0.0525 -0.0443 -0.1121 0.9913
1305031466.6597 -0.6096 0.4573 -0.3500 0.0564 -0.0428 -0.1166 0.9907
1305031466.6958 -0.5906 0.4684 -0.3607 0.0583 -0.0434 -0.1227 0.9898
1305031466.7281 -0.5765 0.4724 -0.3620 0.0535 -0.0435 -0.1349 0.9885
1305031466.7596 -0.5536 0.4616 -0.3643 0.0533 -0.0454 -0.1409 0.9875
1305031466.7956 -0.5417 0.4635 -0.3758 0.0566 -0.0463 -0.1448 0.9868
1305031466.8279 -0.5285 0.4679 -0.3810 0.0549 -0.0495 -0.1466 0.9864
1305031466.8597 -0.5238 0.4636 -0.3821 0.0525 -0.0520 -0.1465 0.9864
1305031466.8957 -0.5125 0.4643 -0.3833 0.0536 -0.0624 -0.1470 0.9857
1305031466.9278 -0.4985 0.4612 -0.3867 0.0520 -0.0758 -0.1499 0.9844
1305031466.9597 -0.4858 0.4544 -0.3907 0.0503 -0.0830 -0.1526 0.9835
1305031466.9957 -0.4761 0.4501 -0.3978 0.0493 -0.0856 -0.1548 0.9830
1305031467.0278 -0.4646 0.4479 -0.3998 0.0489 -0.0887 -0.1577 0.9823
1305031467.0597 -0.4497 0.4457 -0.4060 0.0489 -0.0915 -0.1592 0.9818
1305031467.0957 -0.4407 0.4503 -0.4049 0.0490 -0.0914 -0.1623 0.9813
1305031467.1290 -0.4345 0.4467 -0.4038 0.0479 -0.0925 -0.1703 0.9799
1305031467.1597 -0.4266 0.4451 -0.4057 0.0484 -0.0939 -0.1750 0.9789
1305031467.1957 -0.4207 0.4461 -0.4091 0.0491 -0.0961 -0.1788 0.9779
1305031467.2277 -0.4108 0.4456 -0.4116 0.0497 -0.1006 -0.1830 0.9767
1305031467.2597 -0.4056 0.4481 -0.4104 0.0512 -0.1031 -0.1859 0.9758
1305031467.2958 -0.3988 0.4476 -0.4137 0.0519 -0.1060 -0.1908 0.9745
1305031467.3280 -0.3885 0.4483 -0.4198 0.0528 -0.1097 -0.1948 0.9733
1305031467.3597 -0.3771 0.4527 -0.4290 0.0515 -0.1141 -0.1975 0.9723
1305031467.3958 -0.3626 0.4546 -0.4269 0.0477 -0.1206 -0.2020 0.9707
1305031467.4278 -0.3539 0.4521 -0.4295 0.0467 -0.1246 -0.2043 0.9698
1305031467.4597 -0.3392 0.4466 -0.4373 0.0450 -0.1306 -0.2049 0.9690
1305031467.4961 -0.3211 0.4635 -0.4434 0.0461 -0.1361 -0.2105 0.9670
1305031467.5277 -0.3098 0.4581 -0.4478 0.0423 -0.1383 -0.2149 0.9659
1305031467.5598 -0.3010 0.4540 -0.4449 0.0418 -0.1396 -0.2162 0.9654
1305031467.5960 -0.2936 0.4516 -0.4470 0.0411 -0.1408 -0.2138 0.9658
1305031467.6275 -0.2815 0.4548 -0.4389 0.0443 -0.1455 -0.2119 0.9654
1305031467.6596 -0.2772 0.4460 -0.4395 0.0467 -0.1489 -0.2106 0.9650
1305031467.6959 -0.2739 0.4416 -0.4425 0.0478 -0.1498 -0.2133 0.9643
1305031467.7275 -0.2656 0.4363 -0.4346 0.0516 -0.1522 -0.2193 0.9623
1305031467.7599 -0.2649 0.4360 -0.4294 0.0572 -0.1525 -0.2221 0.9613
1305031467.7961 -0.2674 0.4392 -0.4273 0.0613 -0.1517 -0.2254 0.9604
1305031467.8278 -0.2691 0.4319 -0.4164 0.0651 -0.1520 -0.2260 0.9600
1305031467.8597 -0.2625 0.4344 -0.4078 0.0750 -0.1564 -0.2231 0.9592
1305031467.8959 -0.2600 0.4264 -0.4036 0.0778 -0.1613 -0.2236 0.9581
1305031467.9278 -0.2556 0.4177 -0.3833 0.0800 -0.1677 -0.2268 0.9561
1305031467.9598 -0.2492 0.4010 -0.3740 0.0841 -0.1731 -0.2278 0.9545
1305031467.9958 -0.2433 0.3999 -0.3695 0.0864 -0.1743 -0.2290 0.9538
1305031468.0281 -0.2386 0.3927 -0.3524 0.0863 -0.1751 -0.2319 0.9529
1305031468.0598 -0.2408 0.3747 -0.3404 0.0882 -0.1766 -0.2347 0.9518
1305031468.0959 -0.2379 0.3718 -0.3336 0.0902 -0.1784 -0.2368 0.9508
1305031468.1278 -0.2341 0.3652 -0.3192 0.0900 -0.1801 -0.2374 0.9503
1305031468.1599 -0.2343 0.3566 -0.3032 0.0913 -0.1815 -0.2385 0.9496
1305031468.1960 -0.2256 0.3473 -0.2907 0.0915 -0.1829 -0.2416 0.9486
1305031468.2282 -0.2205 0.3388 -0.2724 0.0915 -0.1828 -0.2419 0.9485
1305031468.2598 -0.2074 0.3216 -0.2498 0.0910 -0.1854 -0.2402 0.9485
1305031468.2958 -0.2022 0.3103 -0.2339 0.0917 -0.1838 -0.2412 0.9485
1305031468.3278 -0.1931 0.2851 -0.2146 0.0913 -0.1851 -0.2399 0.9486
1305031468.3598 -0.1797 0.2665 -0.2012 0.0936 -0.1870 -0.2367 0.9488
1305031468.4598 -0.1707 0.2160 -0.1709 0.0864 -0.1883 -0.2317 0.9505
1305031468.5278 -0.1736 0.1883 -0.1482 0.0862 -0.1855 -0.2365 0.9499
1305031468.5597 -0.1826 0.1693 -0.1538 0.0912 -0.1838 -0.2473 0.9470
1305031468.6596 -0.2033 0.1307 -0.1484 0.0875 -0.1857 -0.2549 0.9449
1305031468.6958 -0.2166 0.1111 -0.1439 0.0903 -0.1897 -0.2603 0.9424
1305031468.7278 -0.2244 0.1043 -0.1375 0.0959 -0.1947 -0.2605 0.9408
1305031468.7958 -0.2379 0.0754 -0.1307 0.1007 -0.2003 -0.2657 0.9376
1305031468.8292 -0.2502 0.0601 -0.1427 0.1070 -0.1997 -0.2730 0.9350
1305031468.9596 -0.2593 0.0387 -0.1347 0.1016 -0.1828 -0.2732 0.9390
1305031469.0277 -0.2655 0.0387 -0.1225 0.0713 -0.1733 -0.2822 0.9409
1305031469.1277 -0.2701 0.0068 -0.0937 0.0321 -0.1647 -0.3072 0.9368
1305031469.1955 -0.2750 -0.0057 -0.0708 0.0158 -0.1461 -0.3149 0.9377
1305031469.2596 -0.2824 -0.0139 -0.0408 0.0060 -0.1384 -0.3213 0.9368
1305031469.2968 -0.2845 -0.0241 -0.0280 -0.0006 -0.1358 -0.3240 0.9363
1305031469.3276 -0.2884 -0.0190 -0.0170 -0.0029 -0.1323 -0.3247 0.9365
1305031469.3596 -0.2860 -0.0305 0.0017 -0.0123 -0.1301 -0.3302 0.9348
1305031469.3957 -0.2891 -0.0320 0.0148 -0.0117 -0.1169 -0.3351 0.9348
1305031469.4277 -0.2830 -0.0324 0.0295 -0.0094 -0.1084 -0.3408 0.9338
1305031469.4597 -0.2800 -0.0358 0.0440 -0.0105 -0.1020 -0.3472 0.9322
1305031469.4957 -0.2849 -0.0270 0.0540 -0.0093 -0.0974 -0.3498 0.9317
1305031469.5276 -0.2806 -0.0203 0.0677 -0.0108 -0.0994 -0.3476 0.9323
1305031469.5596 -0.2839 -0.0202 0.0801 -0.0195 -0.0989 -0.3482 0.9320
1305031469.6596 -0.2893 0.0059 0.1260 -0.0413 -0.0903 -0.3466 0.9328
1305031469.7596 -0.2954 0.0524 0.1637 -0.0502 -0.0730 -0.3370 0.9373
1305031469.9279 -0.3258 0.1274 0.2224 -0.0751 -0.0723 -0.3242 0.9402
1305031470.0959 -0.3721 0.2116 0.2562 -0.0827 -0.0746 -0.3127 0.9433
1305031470.2600 -0.4218 0.2932 0.2642 -0.0946 -0.0752 -0.2971 0.9472
1305031470.3958 -0.4689 0.3597 0.2702 -0.1061 -0.0728 -0.2790 0.9516
1305031470.5597 -0.5258 0.4118 0.2722 -0.1040 -0.0785 -0.2757 0.9524
1305031470.7597 -0.5787 0.4600 0.2747 -0.1025 -0.0790 -0.2518 0.9591
1305031470.7956 -0.5858 0.4667 0.2758 -0.1009 -0.0755 -0.2491 0.9602
1305031470.8278 -0.5959 0.4745 0.2768 -0.0957 -0.0732 -0.2437 0.9623
1305031470.8596 -0.6040 0.4757 0.2753 -0.0925 -0.0743 -0.2385 0.9639
1305031470.8957 -0.6126 0.4832 0.2727 -0.0862 -0.0749 -0.2323 0.9659
1305031470.9277 -0.6199 0.4863 0.2741 -0.0813 -0.0806 -0.2269 0.9672
1305031470.9596 -0.6325 0.4912 0.2719 -0.0687 -0.0820 -0.2242 0.9687
1305031470.9960 -0.6333 0.4867 0.2670 -0.0628 -0.0876 -0.2219 0.9691
1305031471.0276 -0.6360 0.4864 0.2656 -0.0520 -0.0905 -0.2197 0.9700
1305031471.0596 -0.6414 0.4827 0.2637 -0.0440 -0.0910 -0.2148 0.9714
1305031471.0958 -0.6486 0.4896 0.2589 -0.0297 -0.0897 -0.2101 0.9731
1305031471.1277 -0.6554 0.4915 0.2567 -0.0225 -0.0904 -0.2009 0.9752
1305031471.1596 -0.6567 0.4957 0.2548 -0.0137 -0.0925 -0.1935 0.9766
1305031471.1957 -0.6586 0.4952 0.2532 -0.0124 -0.0927 -0.1898 0.9774
1305031471.2276 -0.6614 0.4952 0.2522 -0.0125 -0.0920 -0.1862 0.9781
1305031471.2597 -0.6664 0.4950 0.2515 -0.0129 -0.0901 -0.1840 0.9787
1305031471.2961 -0.6700 0.4945 0.2517 -0.0120 -0.0891 -0.1813 0.9793
1305031471.3276 -0.6688 0.4977 0.2517 -0.0061 -0.0892 -0.1772 0.9801
1305031471.3596 -0.6707 0.4995 0.2503 -0.0046 -0.0841 -0.1742 0.9811
1305031471.3957 -0.6759 0.4951 0.2505 -0.0065 -0.0793 -0.1695 0.9823
1305031471.4277 -0.6791 0.4946 0.2471 -0.0043 -0.0783 -0.1645 0.9833
1305031471.4965 -0.6906 0.4939 0.2403 -0.0070 -0.0759 -0.1572 0.9846
1305031471.5276 -0.6931 0.4933 0.2381 -0.0078 -0.0752 -0.1547 0.9851
1305031471.5597 -0.6948 0.4931 0.2362 -0.0085 -0.0742 -0.1539 0.9853
1305031471.5957 -0.6955 0.4929 0.2351 -0.0087 -0.0722 -0.1526 0.9856
1305031471.6276 -0.6974 0.4963 0.2337 -0.0060 -0.0688 -0.1526 0.9859
1305031471.6596 -0.6992 0.4964 0.2317 -0.0051 -0.0657 -0.1513 0.9863
1305031471.7958 -0.7058 0.4937 0.2163 -0.0091 -0.0477 -0.1312 0.9902
1305031471.9956 -0.7138 0.5127 0.2115 -0.0204 -0.0202 -0.1020 0.9944
1305031472.3277 -0.7306 0.5638 0.2203 0.0135 -0.0054 -0.0613 0.9980
1305031472.5957 -0.7296 0.5450 0.2146 0.0229 -0.0121 -0.0545 0.9982
1305031472.8276 -0.7250 0.5171 0.2191 0.0275 -0.0127 -0.0541 0.9981
