1305031453.3917 0.0000 0.0000 0.0000 0.0000 0.0000 0.0000 1.0000
1305031453.5237 0.0006 0.0100 -0.0408 0.0129 0.0270 0.0352 0.9989
1305031453.6277 -0.0065 0.0240 -0.0830 0.0326 0.0351 0.0482 0.9977
1305031453.7277 -0.0113 0.0460 -0.1279 0.0501 0.0166 0.0396 0.9978
1305031453.8597 -0.0363 0.0670 -0.1660 0.0598 -0.0258 0.0125 0.9978
1305031453.9277 -0.0599 0.0916 -0.1759 0.0612 -0.0597 0.0026 0.9963
1305031453.9596 -0.0644 0.0906 -0.1832 0.0581 -0.0761 -0.0060 0.9954
1305031453.9916 -0.0730 0.0907 -0.1863 0.0574 -0.0884 -0.0140 0.9943
1305031454.0277 -0.0844 0.0954 -0.1835 0.0599 -0.1014 -0.0203 0.9928
1305031454.0597 -0.0974 0.1016 -0.1911 0.0618 -0.1119 -0.0292 0.9914
1305031454.0917 -0.1257 0.1152 -0.1747 0.0673 -0.1186 -0.0406 0.9898
1305031454.1277 -0.1467 0.1253 -0.1680 0.0741 -0.1298 -0.0539 0.9873
1305031454.1597 -0.1619 0.1302 -0.1679 0.0751 -0.1431 -0.0643 0.9848
1305031454.1917 -0.1842 0.1431 -0.1599 0.0779 -0.1545 -0.0747 0.9821
1305031454.2277 -0.2241 0.1609 -0.1426 0.0870 -0.1609 -0.0921 0.9788
1305031454.2596 -0.2311 0.1644 -0.1418 0.0916 -0.1744 -0.1047 0.9748
1305031454.2916 -0.2562 0.1732 -0.1351 0.0925 -0.1778 -0.1139 0.9731
1305031454.3277 -0.2633 0.1698 -0.1311 0.0927 -0.1894 -0.1251 0.9695
1305031454.3596 -0.2716 0.1756 -0.1320 0.0982 -0.2009 -0.1355 0.9652
1305031454.3917 -0.2779 0.1839 -0.1200 0.1024 -0.2116 -0.1475 0.9607
1305031454.4275 -0.2973 0.2017 -0.1121 0.1093 -0.2195 -0.1564 0.9568
1305031454.4599 -0.3049 0.2105 -0.1163 0.1135 -0.2276 -0.1701 0.9520
1305031454.4916 -0.3108 0.2150 -0.0981 0.1170 -0.2351 -0.1840 0.9472
1305031454.5277 -0.3229 0.2316 -0.0871 0.1211 -0.2394 -0.1940 0.9436
1305031454.5596 -0.3297 0.2400 -0.0756 0.1218 -0.2464 -0.2065 0.9390
1305031454.5916 -0.3387 0.2456 -0.0732 0.1206 -0.2555 -0.2212 0.9334
1305031454.6276 -0.3499 0.2567 -0.0754 0.1215 -0.2641 -0.2322 0.9282
1305031454.6595 -0.3508 0.2673 -0.0680 0.1185 -0.2776 -0.2381 0.9231
1305031454.6919 -0.3668 0.2821 -0.0576 0.1164 -0.2886 -0.2406 0.9194
1305031454.7277 -0.3691 0.2852 -0.0562 0.1139 -0.3005 -0.2477 0.9140
1305031454.7597 -0.3665 0.2844 -0.0541 0.1074 -0.3070 -0.2424 0.9141
1305031454.7916 -0.3590 0.2870 -0.0442 0.1038 -0.3127 -0.2366 0.9140
1305031454.8276 -0.3588 0.2892 -0.0416 0.0981 -0.3138 -0.2301 0.9159
1305031454.8596 -0.3576 0.2962 -0.0368 0.0930 -0.3122 -0.2226 0.9189
1305031454.8918 -0.3592 0.3037 -0.0314 0.0889 -0.3089 -0.2144 0.9223
1305031454.9276 -0.3608 0.3159 -0.0279 0.0856 -0.3045 -0.2042 0.9264
1305031454.9596 -0.3645 0.3221 -0.0268 0.0821 -0.3006 -0.1983 0.9293
1305031454.9919 -0.3688 0.3264 -0.0324 0.0797 -0.2975 -0.1943 0.9313
1305031455.0278 -0.3719 0.3374 -0.0335 0.0798 -0.2959 -0.1896 0.9328
1305031455.0596 -0.3734 0.3380 -0.0319 0.0770 -0.2955 -0.1877 0.9336
1305031455.0917 -0.3754 0.3432 -0.0329 0.0782 -0.2941 -0.1868 0.9341
1305031455.1277 -0.3793 0.3489 -0.0394 0.0789 -0.2899 -0.1861 0.9355
1305031455.1597 -0.3880 0.3543 -0.0454 0.0779 -0.2851 -0.1838 0.9375
1305031455.1917 -0.3985 0.3615 -0.0429 0.0753 -0.2830 -0.1782 0.9394
1305031455.2276 -0.4025 0.3612 -0.0458 0.0721 -0.2822 -0.1733 0.9408
1305031455.2596 -0.4071 0.3708 -0.0477 0.0701 -0.2793 -0.1661 0.9431
1305031455.2918 -0.4156 0.3651 -0.0470 0.0581 -0.2777 -0.1575 0.9459
1305031455.3278 -0.4304 0.3740 -0.0670 0.0534 -0.2708 -0.1490 0.9495
1305031455.3596 -0.4300 0.3828 -0.0502 0.0443 -0.2763 -0.1368 0.9502
1305031455.3917 -0.4346 0.3764 -0.0472 0.0299 -0.2748 -0.1275 0.9525
1305031455.4276 -0.4484 0.3761 -0.0518 0.0221 -0.2687 -0.1202 0.9554
1305031455.4596 -0.4629 0.3754 -0.0601 0.0169 -0.2646 -0.1132 0.9576
1305031455.4916 -0.4705 0.3733 -0.0667 0.0103 -0.2634 -0.1045 0.9589
1305031455.5276 -0.4815 0.3708 -0.0718 0.0042 -0.2626 -0.0921 0.9605
1305031455.5597 -0.4980 0.3716 -0.0872 0.0014 -0.2625 -0.0807 0.9615
1305031455.5916 -0.5146 0.3713 -0.1013 -0.0029 -0.2620 -0.0694 0.9626
1305031455.6276 -0.5349 0.3712 -0.1069 -0.0069 -0.2593 -0.0585 0.9640
1305031455.6596 -0.5478 0.3736 -0.1175 -0.0036 -0.2569 -0.0519 0.9650
1305031455.6916 -0.5591 0.3716 -0.1284 -0.0023 -0.2560 -0.0530 0.9652
1305031455.7276 -0.5656 0.3691 -0.1347 -0.0011 -0.2544 -0.0558 0.9655
1305031455.7597 -0.5703 0.3664 -0.1403 -0.0009 -0.2525 -0.0564 0.9660
1305031455.7917 -0.5781 0.3550 -0.1485 -0.0024 -0.2498 -0.0559 0.9667
1305031455.8276 -0.5832 0.3485 -0.1639 -0.0029 -0.2479 -0.0551 0.9672
1305031455.8595 -0.5900 0.3437 -0.1728 -0.0039 -0.2469 -0.0552 0.9675
1305031455.8917 -0.5940 0.3401 -0.1829 -0.0043 -0.2450 -0.0548 0.9680
1305031455.9280 -0.6001 0.3365 -0.1891 -0.0052 -0.2430 -0.0548 0.9685
1305031455.9597 -0.6021 0.3326 -0.1957 -0.0053 -0.2421 -0.0566 0.9686
1305031455.9917 -0.6060 0.3311 -0.2010 -0.0065 -0.2395 -0.0572 0.9692
1305031456.0278 -0.6130 0.3333 -0.2091 -0.0095 -0.2347 -0.0618 0.9701
1305031456.0597 -0.6215 0.3091 -0.2114 -0.0236 -0.2319 -0.0711 0.9699
1305031456.0917 -0.6270 0.2964 -0.2149 -0.0299 -0.2296 -0.0745 0.9700
1305031456.1276 -0.6323 0.2925 -0.2176 -0.0309 -0.2273 -0.0752 0.9704
1305031456.1597 -0.6343 0.2856 -0.2189 -0.0327 -0.2250 -0.0748 0.9709
1305031456.1917 -0.6409 0.2760 -0.2188 -0.0300 -0.2195 -0.0741 0.9723
1305031456.2277 -0.6477 0.2794 -0.2255 -0.0266 -0.2108 -0.0710 0.9746
1305031456.2917 -0.6601 0.2580 -0.2208 -0.0312 -0.1915 -0.0636 0.9789
1305031456.3277 -0.6717 0.2502 -0.2134 -0.0298 -0.1819 -0.0551 0.9813
1305031456.3916 -0.6793 0.2264 -0.2062 -0.0339 -0.1629 -0.0451 0.9850
1305031456.4277 -0.6928 0.2247 -0.2060 -0.0296 -0.1531 -0.0343 0.9872
1305031456.4917 -0.7327 0.2368 -0.2030 -0.0334 -0.1433 -0.0218 0.9889
1305031456.5276 -0.7474 0.2430 -0.1909 -0.0359 -0.1447 -0.0167 0.9887
1305031456.5917 -0.7626 0.2466 -0.1788 -0.0374 -0.1428 -0.0087 0.9890
1305031456.6276 -0.7758 0.2514 -0.1751 -0.0513 -0.1371 -0.0040 0.9892
1305031456.6916 -0.8098 0.2405 -0.1498 -0.0650 -0.1278 0.0104 0.9896
1305031456.8276 -0.8744 0.2572 -0.1263 -0.0721 -0.1368 0.0404 0.9871
1305031457.0917 -0.9675 0.2645 -0.0935 -0.1052 -0.1048 0.0743 0.9861
1305031457.2917 -1.0249 0.2329 -0.1281 -0.1120 -0.0642 0.1095 0.9856
1305031457.3917 -1.0616 0.2140 -0.1593 -0.1096 -0.0283 0.1273 0.9854
1305031457.4917 -1.1041 0.1894 -0.1886 -0.1112 -0.0104 0.1422 0.9835
1305031457.5597 -1.1142 0.1804 -0.2173 -0.1021 -0.0050 0.1515 0.9832
1305031457.6596 -1.1470 0.1786 -0.2504 -0.0903 0.0026 0.1654 0.9821
1305031457.7277 -1.1700 0.1429 -0.2624 -0.1019 0.0067 0.1643 0.9811
1305031457.7916 -1.1776 0.1117 -0.2734 -0.0958 0.0123 0.1636 0.9818
1305031457.8277 -1.1924 0.1140 -0.2886 -0.0835 0.0216 0.1669 0.9822
1305031457.8916 -1.2111 0.0837 -0.2937 -0.0768 0.0369 0.1648 0.9826
1305031457.9276 -1.2272 0.0760 -0.2966 -0.0639 0.0444 0.1688 0.9826
1305031457.9916 -1.2499 0.0559 -0.3021 -0.0535 0.0484 0.1768 0.9816
1305031458.0278 -1.2488 0.0458 -0.3040 -0.0449 0.0503 0.1787 0.9816
1305031458.0597 -1.2609 0.0521 -0.3045 -0.0345 0.0559 0.1853 0.9805
1305031458.0917 -1.2719 0.0499 -0.3019 -0.0344 0.0594 0.1853 0.9803
1305031458.1276 -1.2802 0.0397 -0.2953 -0.0371 0.0622 0.1845 0.9802
1305031458.1596 -1.2980 0.0324 -0.2856 -0.0366 0.0667 0.1857 0.9797
1305031458.1916 -1.3041 0.0256 -0.2830 -0.0380 0.0654 0.1883 0.9792
1305031458.2276 -1.3237 0.0170 -0.2529 -0.0443 0.0662 0.1893 0.9787
1305031458.2599 -1.3341 -0.0073 -0.2399 -0.0487 0.0635 0.1867 0.9792
1305031458.2917 -1.3615 -0.0038 -0.2367 -0.0358 0.0628 0.1870 0.9797
1305031458.3276 -1.3826 0.0011 -0.2153 -0.0304 0.0584 0.1872 0.9801
1305031458.3596 -1.3882 -0.0183 -0.1941 -0.0273 0.0551 0.1911 0.9797
1305031458.3916 -1.4171 -0.0068 -0.1780 -0.0090 0.0591 0.1942 0.9791
1305031458.4276 -1.4247 0.0089 -0.1569 0.0035 0.0590 0.2059 0.9768
1305031458.4596 -1.4208 0.0141 -0.1444 0.0171 0.0603 0.2115 0.9754
1305031458.4917 -1.4136 0.0033 -0.1365 0.0324 0.0661 0.2139 0.9741
1305031458.5277 -1.4375 0.0198 -0.1207 0.0556 0.0814 0.2095 0.9728
1305031458.5596 -1.4506 0.0227 -0.1029 0.0618 0.0911 0.2048 0.9726
1305031458.5916 -1.4650 0.0114 -0.0872 0.0661 0.0997 0.1961 0.9733
1305031458.6277 -1.4763 0.0341 -0.0708 0.0736 0.0996 0.1940 0.9731
1305031458.6596 -1.5002 0.0294 -0.0510 0.0680 0.0982 0.1951 0.9735
1305031458.6917 -1.5089 0.0270 -0.0290 0.0631 0.0845 0.1859 0.9769
1305031458.7276 -1.5112 0.0184 -0.0125 0.0619 0.0715 0.1804 0.9790
1305031458.7599 -1.5181 0.0178 -0.0021 0.0673 0.0575 0.1729 0.9810
1305031458.7916 -1.5235 0.0370 0.0209 0.0734 0.0435 0.1617 0.9831
1305031458.8276 -1.5194 0.0349 0.0459 0.0693 0.0345 0.1606 0.9840
1305031458.8917 -1.5093 0.0216 0.0582 0.0722 0.0292 0.1502 0.9856
1305031458.9276 -1.5241 0.0291 0.0628 0.0727 0.0373 0.1533 0.9848
1305031458.9596 -1.5298 0.0294 0.0724 0.0682 0.0418 0.1626 0.9834
1305031458.9916 -1.5326 0.0026 0.0799 0.0630 0.0449 0.1669 0.9829
1305031459.0277 -1.5605 0.0050 0.0984 0.0794 0.0473 0.1652 0.9819
1305031459.0596 -1.5736 -0.0072 0.1089 0.0859 0.0395 0.1769 0.9797
1305031459.1276 -1.4540 0.2442 0.3808 0.1838 -0.0400 0.1784 0.9658
1305031459.1596 -1.4614 0.2314 0.3866 0.1895 -0.0669 0.1775 0.9634
1305031459.1917 -1.4708 0.2291 0.4020 0.1951 -0.0858 0.1808 0.9602
1305031459.2276 -1.4736 0.2263 0.4070 0.1951 -0.1014 0.1884 0.9571
1305031459.2598 -1.4750 0.2262 0.4258 0.1950 -0.1064 0.1958 0.9552
1305031459.3276 -1.4869 0.2240 0.4617 0.1858 -0.0811 0.2266 0.9527
1305031459.3597 -1.4990 0.2299 0.4713 0.1866 -0.0584 0.2476 0.9489
1305031459.3917 -1.5196 0.2443 0.4716 0.1798 -0.0309 0.2703 0.9453
1305031459.4276 -1.5194 0.2550 0.4859 0.1628 -0.0026 0.3009 0.9397
1305031459.4597 -1.5277 0.2450 0.4807 0.1474 0.0286 0.3487 0.9251
1305031459.5276 -1.5653 0.2612 0.4921 0.1216 0.0679 0.4105 0.9012
1305031459.5596 -1.5782 0.2489 0.4940 0.1087 0.0832 0.4327 0.8911
1305031459.5917 -1.5929 0.2433 0.4927 0.1013 0.0892 0.4509 0.8823
1305031459.6276 -1.5953 0.2455 0.5001 0.0983 0.0867 0.4606 0.8779
1305031459.6596 -1.6047 0.2447 0.5001 0.0982 0.0914 0.4603 0.8776
1305031459.6916 -1.6273 0.2382 0.5033 0.0932 0.1071 0.4637 0.8745
1305031459.7276 -1.6298 0.2254 0.5011 0.0857 0.1106 0.4663 0.8735
1305031459.7917 -1.6558 0.1972 0.4971 0.0859 0.1189 0.4620 0.8747
1305031459.8277 -1.6704 0.1762 0.4978 0.0827 0.1218 0.4605 0.8754
1305031459.8597 -1.6832 0.1619 0.5001 0.0801 0.1203 0.4583 0.8770
1305031459.8916 -1.6824 0.1443 0.5044 0.0741 0.1123 0.4632 0.8760
1305031459.9276 -1.6938 0.1262 0.5053 0.0734 0.1120 0.4651 0.8751
1305031459.9917 -1.7013 0.1050 0.5105 0.0689 0.1029 0.4748 0.8713
1305031460.0276 -1.7087 0.0861 0.5126 0.0664 0.1043 0.4770 0.8701
1305031460.0597 -1.7144 0.0661 0.5111 0.0637 0.1043 0.4807 0.8683
1305031460.0917 -1.7227 0.0440 0.5081 0.0630 0.1007 0.4858 0.8660
1305031460.1277 -1.7325 0.0316 0.5111 0.0694 0.0939 0.4882 0.8649
1305031460.1597 -1.7414 0.0201 0.5137 0.0744 0.0871 0.4919 0.8631
1305031460.1916 -1.7441 0.0093 0.5185 0.0744 0.0801 0.4978 0.8604
1305031460.2278 -1.7465 0.0078 0.5280 0.0769 0.0814 0.4968 0.8606
1305031460.2917 -1.7500 -0.0197 0.5335 0.0763 0.1000 0.4986 0.8576
1305031460.3275 -1.7498 -0.0261 0.5399 0.0772 0.1060 0.4998 0.8562
1305031460.3916 -1.7421 -0.0397 0.5498 0.0692 0.1197 0.5078 0.8503
1305031460.4275 -1.7462 -0.0468 0.5608 0.0677 0.1303 0.5119 0.8464
1305031460.4596 -1.7461 -0.0452 0.5696 0.0657 0.1410 0.5145 0.8433
1305031460.4915 -1.7467 -0.0509 0.5684 0.0572 0.1537 0.5203 0.8381
1305031460.5276 -1.7442 -0.0634 0.5693 0.0466 0.1634 0.5281 0.8320
1305031460.5596 -1.7406 -0.0678 0.5785 0.0409 0.1706 0.5316 0.8286
1305031460.5919 -1.7477 -0.0825 0.5834 0.0357 0.1817 0.5313 0.8267
1305031460.6276 -1.7442 -0.0895 0.5882 0.0323 0.1863 0.5347 0.8236
1305031460.6598 -1.7480 -0.0988 0.5924 0.0301 0.1933 0.5337 0.8227
1305031460.6917 -1.7485 -0.1049 0.5938 0.0278 0.1946 0.5352 0.8215
1305031460.7277 -1.7497 -0.1107 0.5966 0.0253 0.1960 0.5350 0.8214
1305031460.7597 -1.7478 -0.1172 0.6005 0.0226 0.1985 0.5339 0.8216
1305031460.7917 -1.7496 -0.1252 0.6023 0.0203 0.2007 0.5336 0.8213
1305031460.8277 -1.7505 -0.1299 0.6060 0.0184 0.2013 0.5318 0.8224
1305031460.8597 -1.7492 -0.1356 0.6104 0.0143 0.2032 0.5305 0.8229
1305031460.8918 -1.7483 -0.1448 0.6136 0.0093 0.2057 0.5291 0.8232
1305031460.9276 -1.7472 -0.1544 0.6182 0.0049 0.2072 0.5288 0.8230
1305031460.9917 -1.7418 -0.1741 0.6334 0.0029 0.2133 0.5299 0.8208
1305031461.0276 -1.7417 -0.1825 0.6451 0.0046 0.2166 0.5301 0.8198
1305031461.0917 -1.7474 -0.2131 0.6624 0.0022 0.2209 0.5300 0.8187
1305031461.1276 -1.7446 -0.2159 0.6717 0.0023 0.2218 0.5272 0.8203
1305031461.1597 -1.7319 -0.2247 0.6750 0.0028 0.2207 0.5261 0.8213
1305031461.1920 -1.7345 -0.2306 0.6859 0.0058 0.2238 0.5221 0.8230
1305031461.2276 -1.7338 -0.2351 0.6886 0.0059 0.2255 0.5191 0.8244
1305031461.2596 -1.7309 -0.2415 0.6936 0.0069 0.2268 0.5170 0.8254
1305031461.2917 -1.7272 -0.2449 0.7037 0.0087 0.2276 0.5113 0.8286
1305031461.3278 -1.7261 -0.2425 0.7122 0.0123 0.2303 0.5073 0.8304
1305031461.3597 -1.7272 -0.2495 0.7157 0.0071 0.2341 0.5052 0.8306
1305031461.3917 -1.7216 -0.2564 0.7225 0.0009 0.2341 0.5047 0.8309
1305031461.4276 -1.7179 -0.2573 0.7267 0.0012 0.2346 0.5027 0.8320
1305031461.4598 -1.7220 -0.2586 0.7317 -0.0006 0.2374 0.5034 0.8308
1305031461.4917 -1.7151 -0.2657 0.7380 -0.0046 0.2385 0.5035 0.8304
1305031461.5277 -1.7130 -0.2649 0.7360 -0.0013 0.2390 0.5010 0.8318
1305031461.5597 -1.7098 -0.2548 0.7363 0.0007 0.2391 0.4977 0.8337
1305031461.5917 -1.7053 -0.2429 0.7337 0.0025 0.2435 0.4939 0.8347
1305031461.6275 -1.7031 -0.2385 0.7310 -0.0010 0.2487 0.4939 0.8332
1305031461.6596 -1.7023 -0.2360 0.7323 -0.0033 0.2537 0.4926 0.8324
1305031461.6916 -1.7059 -0.2346 0.7313 -0.0065 0.2583 0.4961 0.8289
1305031461.7276 -1.6999 -0.2320 0.7314 -0.0104 0.2583 0.4997 0.8267
1305031461.7597 -1.6968 -0.2230 0.7218 -0.0107 0.2574 0.5025 0.8253
1305031461.7916 -1.6991 -0.2158 0.7166 -0.0141 0.2619 0.5071 0.8210
1305031461.8276 -1.6959 -0.2069 0.7155 -0.0175 0.2670 0.5092 0.8180
1305031461.8598 -1.7020 -0.2003 0.7089 -0.0202 0.2728 0.5171 0.8110
1305031461.8917 -1.7053 -0.1916 0.7011 -0.0278 0.2726 0.5304 0.8022
1305031461.9278 -1.7005 -0.1809 0.7016 -0.0344 0.2688 0.5422 0.7953
1305031461.9597 -1.6882 -0.1564 0.6892 -0.0382 0.2642 0.5443 0.7953
1305031461.9916 -1.7035 -0.1527 0.6888 -0.0504 0.2750 0.5491 0.7876
1305031462.0277 -1.7080 -0.1436 0.6942 -0.0592 0.2722 0.5574 0.7821
1305031462.0598 -1.7104 -0.1326 0.6932 -0.0629 0.2631 0.5678 0.7775
1305031462.0918 -1.7102 -0.1193 0.6917 -0.0654 0.2535 0.5785 0.7725
1305031462.1277 -1.7151 -0.1048 0.6895 -0.0660 0.2472 0.5878 0.7675
1305031462.1596 -1.7249 -0.0896 0.6874 -0.0629 0.2438 0.5923 0.7654
1305031462.1916 -1.7319 -0.0822 0.6925 -0.0654 0.2447 0.5894 0.7671
1305031462.2276 -1.7404 -0.0660 0.6879 -0.0668 0.2395 0.5893 0.7687
1305031462.2598 -1.7501 -0.0736 0.6910 -0.0780 0.2419 0.5857 0.7696
1305031462.2916 -1.7623 -0.0723 0.6964 -0.0841 0.2424 0.5813 0.7722
1305031462.3597 -1.7845 -0.0567 0.7025 -0.0917 0.2403 0.5729 0.7782
1305031462.4599 -1.8148 -0.0485 0.7182 -0.1174 0.2249 0.5613 0.7878
1305031462.6597 -1.8215 -0.0425 0.7214 -0.1529 0.1802 0.5246 0.8179
1305031462.7277 -1.8271 -0.0437 0.7083 -0.1554 0.1699 0.5068 0.8307
1305031462.8598 -1.8256 -0.0355 0.6903 -0.1755 0.1466 0.4726 0.8511
1305031462.9276 -1.8145 -0.0289 0.6696 -0.1833 0.1433 0.4679 0.8526
1305031463.0277 -1.8081 -0.0006 0.6499 -0.1697 0.1348 0.4587 0.8617
1305031463.0958 -1.7989 0.0101 0.6302 -0.1646 0.1247 0.4416 0.8731
1305031463.1598 -1.7922 0.0166 0.6073 -0.1571 0.1248 0.4246 0.8829
1305031463.2600 -1.7732 0.0495 0.5829 -0.1477 0.1192 0.4152 0.8897
1305031463.3956 -1.7514 0.0816 0.5513 -0.1307 0.1112 0.3942 0.9029
1305031463.4956 -1.7344 0.1467 0.5377 -0.1125 0.1099 0.3839 0.9099
1305031463.5956 -1.7039 0.1863 0.5203 -0.1036 0.1135 0.3812 0.9116
1305031463.6598 -1.6796 0.1928 0.5076 -0.0969 0.1198 0.3777 0.9130
1305031463.7276 -1.6661 0.2060 0.4873 -0.0903 0.1262 0.3655 0.9178
1305031463.7597 -1.6403 0.2013 0.4741 -0.0898 0.1290 0.3587 0.9201
1305031463.7956 -1.6178 0.2053 0.4571 -0.0854 0.1277 0.3497 0.9242
1305031463.8599 -1.5761 0.2004 0.4280 -0.0851 0.1273 0.3316 0.9309
1305031463.9277 -1.5523 0.2028 0.4030 -0.0768 0.1293 0.3182 0.9360
1305031463.9958 -1.5095 0.2047 0.3769 -0.0671 0.1171 0.3112 0.9407
1305031464.0277 -1.5040 0.1982 0.3615 -0.0666 0.1174 0.2990 0.9447
1305031464.0597 -1.4799 0.1925 0.3500 -0.0681 0.1129 0.2889 0.9482
1305031464.0956 -1.4756 0.1774 0.3388 -0.0668 0.1172 0.2767 0.9514
1305031464.1277 -1.4742 0.1691 0.3287 -0.0651 0.1191 0.2699 0.9533
1305031464.1598 -1.4658 0.1627 0.3189 -0.0597 0.1172 0.2701 0.9538
1305031464.1956 -1.4483 0.1508 0.3000 -0.0503 0.1093 0.2683 0.9558
1305031464.2276 -1.4532 0.1531 0.2858 -0.0358 0.1025 0.2609 0.9592
1305031464.2596 -1.4546 0.1625 0.2784 -0.0241 0.0892 0.2607 0.9610
1305031464.2957 -1.4449 0.1576 0.2709 -0.0214 0.0725 0.2565 0.9636
1305031464.3279 -1.4231 0.1654 0.2643 -0.0161 0.0550 0.2523 0.9660
1305031464.3597 -1.4070 0.1605 0.2549 -0.0132 0.0455 0.2447 0.9684
1305031464.3956 -1.3965 0.1654 0.2420 -0.0054 0.0417 0.2354 0.9710
1305031464.4276 -1.3914 0.1710 0.2318 -0.0012 0.0426 0.2255 0.9733
1305031464.4597 -1.3909 0.1683 0.2233 0.0018 0.0441 0.2177 0.9750
1305031464.4956 -1.3808 0.1769 0.2166 0.0068 0.0420 0.2100 0.9768
1305031464.5276 -1.3737 0.1809 0.2064 0.0094 0.0429 0.2035 0.9781
1305031464.5597 -1.3587 0.1827 0.2003 0.0097 0.0404 0.1946 0.9800
1305031464.5957 -1.3210 0.1723 0.1875 0.0097 0.0400 0.1814 0.9826
1305031464.6277 -1.3051 0.1778 0.1765 0.0228 0.0525 0.1771 0.9825
1305031464.6597 -1.2885 0.1703 0.1601 0.0307 0.0652 0.1677 0.9832
1305031464.6957 -1.2717 0.1586 0.1460 0.0422 0.0764 0.1543 0.9842
1305031464.7277 -1.2614 0.1627 0.1365 0.0627 0.0835 0.1406 0.9845
1305031464.7597 -1.2679 0.1750 0.1340 0.0805 0.0867 0.1240 0.9852
1305031464.7960 -1.2779 0.1658 0.1361 0.0884 0.0884 0.1063 0.9864
1305031464.8278 -1.2822 0.1720 0.1459 0.1048 0.0784 0.0925 0.9871
1305031464.8597 -1.2896 0.1878 0.1553 0.1167 0.0651 0.0764 0.9881
1305031464.8958 -1.2724 0.1906 0.1582 0.1182 0.0474 0.0565 0.9902
1305031464.9278 -1.2472 0.1707 0.1592 0.1150 0.0338 0.0368 0.9921
1305031464.9598 -1.2254 0.1629 0.1748 0.1202 0.0267 0.0188 0.9922
1305031464.9957 -1.2275 0.1756 0.1936 0.1311 0.0291 -0.0006 0.9909
1305031465.0278 -1.2258 0.1780 0.2037 0.1369 0.0319 -0.0206 0.9899
1305031465.0597 -1.2365 0.1953 0.2239 0.1479 0.0314 -0.0400 0.9877
1305031465.0957 -1.2427 0.2238 0.2596 0.1485 0.0231 -0.0584 0.9869
1305031465.1277 -1.2361 0.2284 0.2817 0.1323 0.0106 -0.0726 0.9885
1305031465.1598 -1.2201 0.2246 0.3066 0.1157 -0.0033 -0.0835 0.9898
1305031465.1956 -1.1980 0.2168 0.3387 0.1016 -0.0175 -0.0927 0.9903
1305031465.2279 -1.1749 0.2215 0.3599 0.0901 -0.0284 -0.0994 0.9906
1305031465.2598 -1.1751 0.2213 0.3915 0.0770 -0.0349 -0.0996 0.9914
1305031465.3277 -1.1611 0.2415 0.4295 0.0650 -0.0556 -0.0844 0.9928
1305031465.3956 -1.1310 0.2459 0.4628 0.0594 -0.0900 -0.0626 0.9922
1305031465.4277 -1.1058 0.2511 0.4732 0.0604 -0.1044 -0.0534 0.9913
1305031465.4601 -1.0920 0.2600 0.4742 0.0616 -0.1127 -0.0428 0.9908
1305031465.4957 -1.0795 0.2794 0.4762 0.0606 -0.1195 -0.0335 0.9904
1305031465.5276 -1.0620 0.2729 0.4814 0.0560 -0.1279 -0.0298 0.9898
1305031465.5598 -1.0421 0.2789 0.4831 0.0596 -0.1360 -0.0245 0.9886
1305031465.5956 -1.0284 0.2893 0.4841 0.0632 -0.1390 -0.0193 0.9881
1305031465.6277 -1.0190 0.3007 0.4838 0.0659 -0.1414 -0.0118 0.9877
1305031465.6601 -1.0065 0.3064 0.4814 0.0672 -0.1477 -0.0060 0.9867
1305031465.6957 -0.9862 0.3158 0.4852 0.0709 -0.1550 -0.0010 0.9854
1305031465.7277 -0.9704 0.3283 0.4862 0.0758 -0.1582 0.0066 0.9845
1305031465.7598 -0.9529 0.3405 0.4888 0.0801 -0.1629 0.0131 0.9833
1305031465.7959 -0.9387 0.3533 0.4895 0.0843 -0.1647 0.0167 0.9826
1305031465.8280 -0.9158 0.3595 0.4960 0.0877 -0.1704 0.0251 0.9811
1305031465.8599 -0.8983 0.3817 0.4977 0.0981 -0.1726 0.0272 0.9797
1305031465.8955 -0.8692 0.3983 0.5041 0.1009 -0.1695 0.0303 0.9799
1305031465.9275 -0.8496 0.4023 0.5108 0.1022 -0.1627 0.0319 0.9808
1305031465.9597 -0.8333 0.4233 0.5143 0.1134 -0.1539 0.0338 0.9810
1305031465.9958 -0.8128 0.4388 0.5161 0.1190 -0.1485 0.0328 0.9812
1305031466.0276 -0.7889 0.4459 0.5117 0.1202 -0.1484 0.0321 0.9811
1305031466.0598 -0.7709 0.4741 0.5190 0.1214 -0.1484 0.0351 0.9808
1305031466.0958 -0.7648 0.4967 0.5204 0.1179 -0.1494 0.0369 0.9810
1305031466.1276 -0.7564 0.5146 0.5224 0.1132 -0.1526 0.0370 0.9811
1305031466.1604 -0.7504 0.5345 0.5200 0.1100 -0.1549 0.0402 0.9810
1305031466.1958 -0.7364 0.5514 0.5216 0.1022 -0.1640 0.0425 0.9802
1305031466.2280 -0.7219 0.5586 0.5282 0.0904 -0.1734 0.0380 0.9800
1305031466.2598 -0.6944 0.5526 0.5212 0.0848 -0.1785 0.0311 0.9798
1305031466.2957 -0.6708 0.5645 0.5198 0.0894 -0.1764 0.0216 0.9800
1305031466.3277 -0.6562 0.5762 0.5132 0.0912 -0.1658 0.0148 0.9818
1305031466.3598 -0.6441 0.5819 0.5027 0.0859 -0.1552 0.0076 0.9841
1305031466.3958 -0.6276 0.5774 0.4922 0.0842 -0.1537 0.0040 0.9845
1305031466.4278 -0.6168 0.5823 0.4861 0.0875 -0.1557 0.0013 0.9839
1305031466.4598 -0.6039 0.5941 0.4794 0.0890 -0.1588 -0.0028 0.9833
1305031466.4958 -0.5865 0.5998 0.4722 0.0868 -0.1613 -0.0048 0.9831
1305031466.5275 -0.5577 0.5950 0.4699 0.0824 -0.1625 -0.0055 0.9832
1305031466.5604 -0.5404 0.6140 0.4747 0.0853 -0.1593 -0.0080 0.9835
1305031466.5959 -0.5162 0.6171 0.4735 0.0749 -0.1605 -0.0138 0.9841
1305031466.6275 -0.4903 0.6030 0.4740 0.0664 -0.1607 -0.0189 0.9846
1305031466.6597 -0.4712 0.6042 0.4745 0.0712 -0.1580 -0.0247 0.9846
1305031466.6958 -0.4533 0.6212 0.4744 0.0753 -0.1585 -0.0315 0.9840
1305031466.7281 -0.4384 0.6156 0.4690 0.0669 -0.1582 -0.0435 0.9842
1305031466.7596 -0.4168 0.6111 0.4784 0.0691 -0.1599 -0.0509 0.9834
1305031466.7956 -0.3978 0.6123 0.4729 0.0719 -0.1626 -0.0548 0.9825
1305031466.8279 -0.3870 0.6163 0.4654 0.0701 -0.1641 -0.0591 0.9822
1305031466.8597 -0.3796 0.6112 0.4651 0.0674 -0.1674 -0.0588 0.9818
1305031466.8957 -0.3547 0.6050 0.4644 0.0655 -0.1823 -0.0587 0.9793
1305031466.9278 -0.3407 0.6001 0.4692 0.0644 -0.1964 -0.0632 0.9764
1305031466.9597 -0.3269 0.5906 0.4655 0.0621 -0.2032 -0.0675 0.9748
1305031466.9957 -0.3132 0.5922 0.4624 0.0632 -0.2061 -0.0697 0.9740
1305031467.0278 -0.3029 0.5909 0.4607 0.0630 -0.2079 -0.0733 0.9734
1305031467.0597 -0.2813 0.5908 0.4605 0.0638 -0.2121 -0.0746 0.9723
1305031467.0957 -0.2674 0.5907 0.4552 0.0622 -0.2123 -0.0796 0.9720
1305031467.1290 -0.2622 0.5886 0.4590 0.0625 -0.2133 -0.0861 0.9712
1305031467.1597 -0.2514 0.5855 0.4585 0.0630 -0.2159 -0.0914 0.9701
1305031467.1957 -0.2419 0.5858 0.4576 0.0639 -0.2189 -0.0946 0.9690
1305031467.2277 -0.2350 0.5866 0.4562 0.0648 -0.2222 -0.0985 0.9679
1305031467.2597 -0.2279 0.5855 0.4593 0.0655 -0.2256 -0.1012 0.9667
1305031467.2958 -0.2171 0.5819 0.4595 0.0660 -0.2297 -0.1058 0.9652
1305031467.3280 -0.2078 0.5827 0.4592 0.0669 -0.2332 -0.1085 0.9640
1305031467.3597 -0.1970 0.5891 0.4517 0.0665 -0.2371 -0.1092 0.9630
1305031467.3958 -0.1833 0.5905 0.4572 0.0629 -0.2441 -0.1140 0.9610
1305031467.4278 -0.1774 0.5906 0.4553 0.0626 -0.2465 -0.1170 0.9600
1305031467.4597 -0.1612 0.5858 0.4499 0.0611 -0.2522 -0.1184 0.9585
1305031467.4961 -0.1379 0.5944 0.4495 0.0613 -0.2605 -0.1209 0.9559
1305031467.5277 -0.1371 0.5941 0.4552 0.0582 -0.2616 -0.1259 0.9551
1305031467.5598 -0.1262 0.5942 0.4567 0.0582 -0.2626 -0.1278 0.9546
1305031467.5960 -0.1172 0.5912 0.4558 0.0571 -0.2637 -0.1264 0.9546
1305031467.6275 -0.1094 0.5844 0.4597 0.0563 -0.2675 -0.1232 0.9540
1305031467.6596 -0.1058 0.5802 0.4670 0.0612 -0.2711 -0.1205 0.9530
1305031467.6959 -0.1018 0.5672 0.4656 0.0596 -0.2723 -0.1246 0.9522
1305031467.7275 -0.1018 0.5665 0.4678 0.0641 -0.2719 -0.1288 0.9515
1305031467.7599 -0.1034 0.5592 0.4745 0.0690 -0.2720 -0.1332 0.9505
1305031467.7961 -0.1037 0.5552 0.4847 0.0719 -0.2731 -0.1349 0.9498
1305031467.8278 -0.1033 0.5450 0.4934 0.0745 -0.2743 -0.1357 0.9491
1305031467.8597 -0.1128 0.5199 0.4982 0.0741 -0.2749 -0.1333 0.9493
1305031467.8959 -0.1117 0.5022 0.5083 0.0740 -0.2811 -0.1319 0.9477
1305031467.9278 -0.1131 0.4976 0.5259 0.0774 -0.2862 -0.1344 0.9455
1305031467.9598 -0.1163 0.4788 0.5345 0.0810 -0.2888 -0.1358 0.9442
1305031467.9958 -0.1164 0.4800 0.5440 0.0844 -0.2892 -0.1377 0.9436
1305031468.0281 -0.1134 0.4746 0.5676 0.0850 -0.2911 -0.1403 0.9425
1305031468.0598 -0.1198 0.4554 0.5765 0.0878 -0.2907 -0.1452 0.9416
1305031468.0959 -0.1213 0.4522 0.5892 0.0896 -0.2926 -0.1464 0.9407
1305031468.1278 -0.1221 0.4468 0.6009 0.0893 -0.2940 -0.1465 0.9403
1305031468.1599 -0.1217 0.4340 0.6139 0.0894 -0.2956 -0.1488 0.9394
1305031468.1960 -0.1160 0.4242 0.6298 0.0889 -0.2971 -0.1510 0.9386
1305031468.2282 -0.1158 0.4190 0.6429 0.0895 -0.2953 -0.1527 0.9389
1305031468.2598 -0.1114 0.4035 0.6675 0.0887 -0.2961 -0.1511 0.9389
1305031468.2958 -0.1102 0.3969 0.6885 0.0901 -0.2947 -0.1510 0.9393
1305031468.3278 -0.1091 0.3751 0.7082 0.0894 -0.2936 -0.1499 0.9399
1305031468.3598 -0.1048 0.3598 0.7322 0.0901 -0.2939 -0.1450 0.9404
1305031468.4598 -0.0969 0.3071 0.7595 0.0799 -0.2937 -0.1416 0.9420
1305031468.5278 -0.0981 0.2815 0.7881 0.0800 -0.2928 -0.1464 0.9415
1305031468.5597 -0.1083 0.2645 0.7905 0.0876 -0.2904 -0.1550 0.9402
1305031468.6596 -0.1313 0.2331 0.7914 0.0893 -0.2899 -0.1653 0.9385
1305031468.6958 -0.1356 0.2069 0.7982 0.0912 -0.2966 -0.1677 0.9357
1305031468.7278 -0.1447 0.1965 0.7937 0.0973 -0.2992 -0.1688 0.9341
1305031468.7596 -0.1513 0.1753 0.8026 0.0949 -0.3028 -0.1680 0.9333
1305031468.7958 -0.1602 0.1450 0.8012 0.0941 -0.3036 -0.1744 0.9320
1305031468.8292 -0.1722 0.1342 0.7918 0.1040 -0.3019 -0.1825 0.9299
1305031468.9281 -0.1721 0.1224 0.8069 0.1048 -0.2921 -0.1830 0.9328
1305031469.0277 -0.1888 0.1148 0.8203 0.0679 -0.2807 -0.1926 0.9378
1305031469.1277 -0.1969 0.0781 0.8637 0.0282 -0.2774 -0.2197 0.9349
1305031469.1955 -0.2102 0.0554 0.8805 0.0074 -0.2590 -0.2330 0.9373
1305031469.2596 -0.2395 0.0491 0.9032 -0.0032 -0.2464 -0.2403 0.9389
1305031469.2968 -0.2525 0.0399 0.9131 -0.0102 -0.2404 -0.2458 0.9390
1305031469.3276 -0.2516 0.0446 0.9242 -0.0128 -0.2394 -0.2459 0.9392
1305031469.3596 -0.2531 0.0182 0.9455 -0.0282 -0.2387 -0.2515 0.9375
1305031469.3957 -0.2543 0.0182 0.9598 -0.0269 -0.2281 -0.2583 0.9384
1305031469.4277 -0.2605 0.0100 0.9707 -0.0293 -0.2159 -0.2664 0.9389
1305031469.4597 -0.2734 -0.0016 0.9869 -0.0357 -0.2061 -0.2776 0.9376
1305031469.4957 -0.2879 -0.0017 0.9922 -0.0389 -0.1996 -0.2814 0.9378
1305031469.5276 -0.2860 0.0139 0.9987 -0.0374 -0.1998 -0.2797 0.9383
1305031469.5596 -0.2884 0.0213 1.0105 -0.0438 -0.1995 -0.2799 0.9381
1305031469.6596 -0.3156 0.0498 1.0530 -0.0683 -0.1892 -0.2825 0.9379
1305031469.7596 -0.3360 0.0802 1.0794 -0.0873 -0.1720 -0.2790 0.9407
1305031469.9279 -0.3900 0.1496 1.1207 -0.1196 -0.1694 -0.2677 0.9409
1305031470.1276 -0.4537 0.2383 1.1293 -0.1340 -0.1756 -0.2576 0.9407
1305031470.2957 -0.5176 0.3098 1.1157 -0.1510 -0.1719 -0.2412 0.9431
1305031470.4597 -0.5834 0.3731 1.0995 -0.1607 -0.1746 -0.2264 0.9447
1305031470.6597 -0.6456 0.4133 1.0789 -0.1652 -0.1780 -0.2077 0.9476
1305031470.6956 -0.6559 0.4194 1.0771 -0.1664 -0.1801 -0.2056 0.9474
1305031470.7277 -0.6663 0.4230 1.0765 -0.1673 -0.1806 -0.2024 0.9479
1305031470.7597 -0.6714 0.4264 1.0739 -0.1669 -0.1784 -0.2005 0.9488
1305031470.7956 -0.6804 0.4348 1.0721 -0.1649 -0.1733 -0.1962 0.9509
1305031470.8278 -0.6903 0.4404 1.0733 -0.1617 -0.1730 -0.1894 0.9529
1305031470.8596 -0.7007 0.4441 1.0712 -0.1570 -0.1723 -0.1819 0.9553
1305031470.8957 -0.7087 0.4452 1.0678 -0.1547 -0.1741 -0.1759 0.9565
1305031470.9277 -0.7164 0.4511 1.0674 -0.1483 -0.1785 -0.1665 0.9584
1305031470.9596 -0.7246 0.4534 1.0633 -0.1362 -0.1822 -0.1609 0.9604
1305031470.9960 -0.7305 0.4518 1.0587 -0.1272 -0.1830 -0.1592 0.9618
1305031471.0276 -0.7355 0.4526 1.0577 -0.1161 -0.1832 -0.1541 0.9639
1305031471.0596 -0.7399 0.4513 1.0542 -0.1049 -0.1826 -0.1488 0.9662
1305031471.0958 -0.7486 0.4548 1.0481 -0.0934 -0.1793 -0.1408 0.9692
1305031471.1277 -0.7557 0.4513 1.0467 -0.0910 -0.1796 -0.1321 0.9706
1305031471.1596 -0.7532 0.4488 1.0468 -0.0868 -0.1845 -0.1224 0.9713
1305031471.1957 -0.7566 0.4507 1.0445 -0.0838 -0.1832 -0.1184 0.9723
1305031471.2276 -0.7611 0.4514 1.0423 -0.0836 -0.1809 -0.1144 0.9732
1305031471.2597 -0.7660 0.4500 1.0417 -0.0846 -0.1794 -0.1118 0.9737
1305031471.2961 -0.7700 0.4482 1.0427 -0.0846 -0.1783 -0.1076 0.9744
1305031471.3276 -0.7712 0.4495 1.0400 -0.0806 -0.1760 -0.1050 0.9755
1305031471.3596 -0.7728 0.4480 1.0389 -0.0820 -0.1705 -0.1010 0.9767
1305031471.3957 -0.7770 0.4420 1.0398 -0.0856 -0.1661 -0.0956 0.9777
1305031471.4277 -0.7780 0.4412 1.0390 -0.0834 -0.1667 -0.0887 0.9785
1305031471.4965 -0.7907 0.4425 1.0308 -0.0838 -0.1622 -0.0819 0.9798
1305031471.5276 -0.7951 0.4427 1.0289 -0.0839 -0.1598 -0.0794 0.9804
1305031471.5597 -0.7955 0.4435 1.0269 -0.0833 -0.1592 -0.0783 0.9806
1305031471.5957 -0.7988 0.4425 1.0268 -0.0847 -0.1558 -0.0779 0.9811
1305031471.6276 -0.7977 0.4430 1.0269 -0.0845 -0.1555 -0.0758 0.9813
1305031471.6596 -0.8024 0.4402 1.0235 -0.0854 -0.1496 -0.0747 0.9822
1305031471.8276 -0.8032 0.4231 1.0143 -0.1075 -0.1296 -0.0476 0.9846
1305031471.9956 -0.8259 0.4394 1.0069 -0.1179 -0.0939 -0.0347 0.9880
1305031472.5636 -0.8534 0.4046 1.0816 -0.1389 -0.0840 0.0016 0.9867
1305031472.7956 -0.8477 0.3874 1.0897 -0.1278 -0.0852 0.0068 0.9881
