1305031453.3917 0.0000 0.0000 0.0000 0.0000 0.0000 0.0000 1.0000
1305031453.5237 0.0062 0.0205 -0.0424 0.0180 0.0240 0.0360 0.9989
1305031453.6277 0.0039 0.0356 -0.0845 0.0378 0.0303 0.0499 0.9976
1305031453.7277 -0.0037 0.0537 -0.1303 0.0537 0.0136 0.0410 0.9976
1305031453.8597 -0.0421 0.0766 -0.1683 0.0660 -0.0220 0.0136 0.9975
1305031453.9277 -0.0573 0.0879 -0.1876 0.0632 -0.0583 0.0041 0.9963
1305031453.9596 -0.0600 0.0874 -0.1890 0.0607 -0.0757 -0.0027 0.9953
1305031453.9916 -0.0723 0.0890 -0.1903 0.0603 -0.0868 -0.0128 0.9943
1305031454.0277 -0.0892 0.0946 -0.1892 0.0629 -0.0978 -0.0180 0.9931
1305031454.0597 -0.1013 0.1032 -0.1910 0.0662 -0.1077 -0.0254 0.9917
1305031454.0917 -0.1212 0.1146 -0.1767 0.0707 -0.1171 -0.0341 0.9900
1305031454.1277 -0.1400 0.1228 -0.1714 0.0762 -0.1282 -0.0435 0.9879
1305031454.1597 -0.1653 0.1337 -0.1735 0.0797 -0.1361 -0.0522 0.9861
1305031454.1917 -0.1825 0.1371 -0.1681 0.0797 -0.1501 -0.0622 0.9835
1305031454.2277 -0.1982 0.1437 -0.1576 0.0851 -0.1646 -0.0781 0.9796
1305031454.2596 -0.2051 0.1401 -0.1682 0.0862 -0.1766 -0.0910 0.9763
1305031454.2916 -0.2153 0.1461 -0.1662 0.0869 -0.1837 -0.1013 0.9739
1305031454.3277 -0.2312 0.1493 -0.1647 0.0878 -0.1916 -0.1124 0.9710
1305031454.3596 -0.2439 0.1550 -0.1735 0.0938 -0.1990 -0.1257 0.9674
1305031454.3917 -0.2554 0.1617 -0.1755 0.0958 -0.2062 -0.1351 0.9644
1305031454.4275 -0.2719 0.1660 -0.1799 0.0964 -0.2139 -0.1453 0.9612
1305031454.4599 -0.2825 0.1681 -0.1827 0.0983 -0.2225 -0.1586 0.9569
1305031454.4916 -0.2926 0.1754 -0.1785 0.1014 -0.2262 -0.1723 0.9533
1305031454.5277 -0.3028 0.1833 -0.1780 0.1026 -0.2307 -0.1860 0.9496
1305031454.5596 -0.3107 0.1902 -0.1728 0.1011 -0.2374 -0.1974 0.9457
1305031454.5916 -0.3254 0.2003 -0.1722 0.1009 -0.2441 -0.2116 0.9410
1305031454.6276 -0.3360 0.2024 -0.1731 0.0979 -0.2546 -0.2215 0.9362
1305031454.6595 -0.3483 0.2208 -0.1666 0.0979 -0.2635 -0.2256 0.9328
1305031454.6919 -0.3636 0.2309 -0.1619 0.0946 -0.2733 -0.2309 0.9290
1305031454.7277 -0.3682 0.2379 -0.1629 0.0932 -0.2844 -0.2357 0.9246
1305031454.7597 -0.3672 0.2420 -0.1531 0.0900 -0.2923 -0.2318 0.9234
1305031454.7916 -0.3674 0.2459 -0.1426 0.0854 -0.2966 -0.2249 0.9242
1305031454.8276 -0.3643 0.2523 -0.1414 0.0825 -0.2980 -0.2197 0.9253
1305031454.8596 -0.3637 0.2483 -0.1390 0.0738 -0.2971 -0.2157 0.9272
1305031454.8918 -0.3618 0.2498 -0.1386 0.0685 -0.2943 -0.2100 0.9299
1305031454.9276 -0.3614 0.2583 -0.1365 0.0654 -0.2913 -0.2029 0.9326
1305031454.9596 -0.3599 0.2622 -0.1364 0.0615 -0.2892 -0.1974 0.9347
1305031454.9919 -0.3617 0.2654 -0.1371 0.0584 -0.2879 -0.1931 0.9362
1305031455.0278 -0.3632 0.2714 -0.1379 0.0581 -0.2874 -0.1906 0.9369
1305031455.0596 -0.3647 0.2739 -0.1389 0.0561 -0.2861 -0.1882 0.9379
1305031455.0917 -0.3684 0.2778 -0.1429 0.0571 -0.2835 -0.1883 0.9386
1305031455.1277 -0.3726 0.2860 -0.1474 0.0590 -0.2798 -0.1879 0.9397
1305031455.1597 -0.3802 0.2923 -0.1524 0.0580 -0.2757 -0.1847 0.9416
1305031455.1917 -0.3845 0.2953 -0.1497 0.0546 -0.2756 -0.1796 0.9428
1305031455.2276 -0.3898 0.2969 -0.1518 0.0528 -0.2741 -0.1759 0.9440
1305031455.2596 -0.3938 0.3063 -0.1528 0.0510 -0.2720 -0.1693 0.9459
1305031455.2918 -0.4006 0.2999 -0.1517 0.0386 -0.2706 -0.1604 0.9484
1305031455.3278 -0.4113 0.3072 -0.1561 0.0334 -0.2685 -0.1505 0.9509
1305031455.3596 -0.4151 0.3165 -0.1493 0.0268 -0.2698 -0.1411 0.9521
1305031455.3917 -0.4227 0.3146 -0.1478 0.0145 -0.2664 -0.1329 0.9545
1305031455.4276 -0.4329 0.3195 -0.1507 0.0089 -0.2621 -0.1241 0.9570
1305031455.4596 -0.4478 0.3202 -0.1611 0.0053 -0.2565 -0.1186 0.9592
1305031455.4916 -0.4602 0.3236 -0.1692 0.0017 -0.2527 -0.1109 0.9612
1305031455.5276 -0.4761 0.3221 -0.1790 -0.0029 -0.2489 -0.1018 0.9631
1305031455.5597 -0.4941 0.3295 -0.1896 -0.0028 -0.2486 -0.0898 0.9644
1305031455.5916 -0.5090 0.3320 -0.2024 -0.0059 -0.2490 -0.0779 0.9653
1305031455.6276 -0.5290 0.3314 -0.2137 -0.0093 -0.2447 -0.0702 0.9670
1305031455.6596 -0.5404 0.3295 -0.2242 -0.0076 -0.2430 -0.0646 0.9679
1305031455.6916 -0.5571 0.3329 -0.2398 -0.0036 -0.2384 -0.0661 0.9689
1305031455.7276 -0.5668 0.3321 -0.2458 -0.0022 -0.2365 -0.0690 0.9692
1305031455.7597 -0.5729 0.3309 -0.2515 -0.0014 -0.2339 -0.0707 0.9697
1305031455.7917 -0.5795 0.3246 -0.2596 -0.0014 -0.2314 -0.0697 0.9704
1305031455.8276 -0.5893 0.3220 -0.2730 -0.0002 -0.2284 -0.0697 0.9711
1305031455.8595 -0.5976 0.3203 -0.2810 0.0003 -0.2269 -0.0708 0.9713
1305031455.8917 -0.6028 0.3185 -0.2899 0.0007 -0.2250 -0.0712 0.9718
1305031455.9280 -0.6085 0.3146 -0.2979 -0.0005 -0.2228 -0.0716 0.9722
1305031455.9597 -0.6132 0.3142 -0.3051 0.0005 -0.2208 -0.0732 0.9726
1305031455.9917 -0.6164 0.3130 -0.3098 -0.0006 -0.2188 -0.0738 0.9730
1305031456.0278 -0.6200 0.3156 -0.3152 -0.0035 -0.2155 -0.0770 0.9735
1305031456.0597 -0.6288 0.2986 -0.3201 -0.0148 -0.2118 -0.0846 0.9735
1305031456.0917 -0.6359 0.2917 -0.3236 -0.0188 -0.2089 -0.0879 0.9738
1305031456.1276 -0.6407 0.2893 -0.3273 -0.0192 -0.2065 -0.0884 0.9742
1305031456.1597 -0.6439 0.2876 -0.3272 -0.0189 -0.2040 -0.0882 0.9748
1305031456.1917 -0.6480 0.2725 -0.3341 -0.0184 -0.1985 -0.0849 0.9762
1305031456.2277 -0.6511 0.2736 -0.3403 -0.0162 -0.1910 -0.0819 0.9780
1305031456.2917 -0.6637 0.2587 -0.3380 -0.0182 -0.1723 -0.0759 0.9819
1305031456.3277 -0.6669 0.2477 -0.3373 -0.0181 -0.1649 -0.0675 0.9838
1305031456.3916 -0.6733 0.2314 -0.3284 -0.0196 -0.1471 -0.0565 0.9873
1305031456.4277 -0.6781 0.2229 -0.3234 -0.0180 -0.1415 -0.0474 0.9886
1305031456.4917 -0.7162 0.2393 -0.3196 -0.0199 -0.1326 -0.0346 0.9904
1305031456.5276 -0.7387 0.2504 -0.3115 -0.0198 -0.1302 -0.0298 0.9908
1305031456.5917 -0.7611 0.2619 -0.2997 -0.0177 -0.1258 -0.0215 0.9917
1305031456.6276 -0.7661 0.2728 -0.2919 -0.0295 -0.1238 -0.0169 0.9917
1305031456.6916 -0.8014 0.2538 -0.2723 -0.0448 -0.1137 -0.0045 0.9925
1305031456.7916 -0.8614 0.2610 -0.2541 -0.0504 -0.1170 0.0170 0.9917
1305031457.0276 -0.9419 0.2816 -0.2061 -0.0675 -0.0992 0.0527 0.9914
1305031457.1917 -0.9973 0.2810 -0.2174 -0.0829 -0.0688 0.0795 0.9910
1305031457.2917 -1.0251 0.2658 -0.2385 -0.0816 -0.0488 0.0986 0.9906
1305031457.3917 -1.0653 0.2577 -0.2714 -0.0751 -0.0135 0.1173 0.9902
1305031457.4917 -1.1069 0.2423 -0.3031 -0.0726 0.0021 0.1330 0.9885
1305031457.5597 -1.1261 0.2361 -0.3285 -0.0638 0.0104 0.1425 0.9877
1305031457.6596 -1.1677 0.2270 -0.3636 -0.0559 0.0219 0.1550 0.9861
1305031457.7277 -1.1939 0.1980 -0.3745 -0.0655 0.0259 0.1549 0.9854
1305031457.7916 -1.2035 0.1745 -0.3846 -0.0564 0.0309 0.1539 0.9860
1305031457.8277 -1.2088 0.1813 -0.4006 -0.0431 0.0358 0.1569 0.9860
1305031457.8916 -1.2344 0.1610 -0.4097 -0.0324 0.0528 0.1570 0.9857
1305031457.9276 -1.2498 0.1554 -0.4178 -0.0191 0.0589 0.1611 0.9850
1305031457.9916 -1.2787 0.1390 -0.4184 -0.0071 0.0642 0.1667 0.9839
1305031458.0278 -1.2815 0.1302 -0.4203 0.0023 0.0668 0.1699 0.9832
1305031458.0597 -1.2944 0.1363 -0.4255 0.0124 0.0715 0.1720 0.9824
1305031458.1276 -1.3120 0.1239 -0.4219 0.0095 0.0768 0.1734 0.9818
1305031458.1596 -1.3213 0.1184 -0.4210 0.0101 0.0784 0.1749 0.9814
1305031458.1916 -1.3395 0.1154 -0.4078 0.0107 0.0799 0.1787 0.9806
1305031458.2276 -1.3520 0.1012 -0.3868 0.0018 0.0786 0.1790 0.9807
1305031458.2599 -1.3763 0.0810 -0.3698 -0.0007 0.0799 0.1745 0.9814
1305031458.2917 -1.4005 0.0694 -0.3617 0.0065 0.0789 0.1768 0.9811
1305031458.3276 -1.4188 0.0695 -0.3413 0.0105 0.0743 0.1776 0.9812
1305031458.3596 -1.4252 0.0426 -0.3186 0.0122 0.0710 0.1798 0.9811
1305031458.3916 -1.4461 0.0561 -0.2987 0.0299 0.0713 0.1841 0.9799
1305031458.4276 -1.4535 0.0595 -0.2780 0.0391 0.0709 0.1951 0.9774
1305031458.4596 -1.4442 0.0505 -0.2745 0.0485 0.0710 0.2012 0.9758
1305031458.4917 -1.4346 0.0360 -0.2670 0.0623 0.0757 0.2018 0.9745
1305031458.5277 -1.4480 0.0418 -0.2698 0.0795 0.0848 0.2012 0.9726
1305031458.5596 -1.4578 0.0426 -0.2613 0.0841 0.0919 0.1987 0.9721
1305031458.5916 -1.4730 0.0403 -0.2529 0.0914 0.0988 0.1904 0.9724
1305031458.6277 -1.4854 0.0541 -0.2355 0.0968 0.1003 0.1878 0.9722
1305031458.6596 -1.5058 0.0497 -0.2191 0.0911 0.0990 0.1892 0.9727
1305031458.6917 -1.5172 0.0452 -0.1936 0.0863 0.0869 0.1790 0.9762
1305031458.7276 -1.5137 0.0466 -0.1700 0.0886 0.0717 0.1739 0.9782
1305031458.7599 -1.5201 0.0466 -0.1558 0.0940 0.0573 0.1656 0.9800
1305031458.7916 -1.5188 0.0540 -0.1292 0.0971 0.0417 0.1568 0.9820
1305031458.8276 -1.5067 0.0472 -0.1063 0.0902 0.0296 0.1555 0.9833
1305031458.8917 -1.5135 0.0406 -0.0873 0.0963 0.0290 0.1436 0.9845
1305031458.9276 -1.5180 0.0442 -0.0853 0.0964 0.0327 0.1450 0.9842
1305031458.9596 -1.5144 0.0340 -0.0794 0.0857 0.0330 0.1552 0.9836
1305031458.9916 -1.5224 0.0183 -0.0793 0.0841 0.0370 0.1581 0.9831
1305031459.0277 -1.5521 0.0214 -0.0717 0.0980 0.0406 0.1558 0.9821
1305031459.0596 -1.5682 0.0105 -0.0657 0.1037 0.0336 0.1660 0.9801
1305031459.1276 -1.5787 0.0527 -0.0364 0.1144 0.0372 0.1561 0.9804
1305031459.1596 -1.5878 0.0558 -0.0272 0.1249 0.0106 0.1559 0.9798
1305031459.1917 -1.6019 0.0551 -0.0196 0.1309 -0.0061 0.1588 0.9786
1305031459.2276 -1.6086 0.0556 -0.0113 0.1338 -0.0195 0.1657 0.9769
1305031459.2598 -1.6095 0.0562 0.0021 0.1333 -0.0229 0.1731 0.9756
1305031459.3276 -1.6243 0.0638 0.0333 0.1290 0.0071 0.1981 0.9716
1305031459.3597 -1.6337 0.0692 0.0371 0.1307 0.0300 0.2158 0.9672
1305031459.3917 -1.6485 0.0826 0.0444 0.1263 0.0572 0.2408 0.9606
1305031459.4276 -1.6397 0.0864 0.0558 0.1103 0.0845 0.2753 0.9513
1305031459.4597 -1.6499 0.0922 0.0564 0.1064 0.1178 0.3114 0.9369
1305031459.5276 -1.6750 0.1103 0.0710 0.0876 0.1578 0.3703 0.9112
1305031459.5596 -1.6872 0.0971 0.0699 0.0765 0.1726 0.3936 0.8997
1305031459.5917 -1.6979 0.0968 0.0726 0.0730 0.1765 0.4130 0.8905
1305031459.6276 -1.6974 0.0928 0.0755 0.0678 0.1739 0.4265 0.8850
1305031459.6596 -1.7049 0.0941 0.0813 0.0687 0.1791 0.4263 0.8840
1305031459.6916 -1.7210 0.0884 0.0839 0.0642 0.1903 0.4305 0.8800
1305031459.7276 -1.7243 0.0728 0.0823 0.0558 0.1947 0.4339 0.8779
1305031459.7917 -1.7526 0.0394 0.0812 0.0532 0.2040 0.4301 0.8778
1305031459.8277 -1.7658 0.0208 0.0840 0.0505 0.2055 0.4297 0.8778
1305031459.8597 -1.7851 0.0035 0.0887 0.0474 0.2071 0.4283 0.8783
1305031459.8916 -1.7890 -0.0186 0.0922 0.0410 0.2023 0.4339 0.8770
1305031459.9276 -1.7973 -0.0376 0.0973 0.0384 0.2012 0.4360 0.8763
1305031459.9917 -1.8120 -0.0675 0.1100 0.0332 0.1982 0.4449 0.8727
1305031460.0276 -1.8185 -0.0807 0.1167 0.0323 0.1994 0.4467 0.8716
1305031460.0597 -1.8272 -0.1009 0.1204 0.0302 0.2009 0.4497 0.8698
1305031460.0917 -1.8390 -0.1276 0.1205 0.0286 0.1989 0.4560 0.8670
1305031460.1277 -1.8431 -0.1362 0.1276 0.0349 0.1900 0.4607 0.8663
1305031460.1597 -1.8537 -0.1478 0.1345 0.0407 0.1844 0.4646 0.8651
1305031460.1916 -1.8529 -0.1572 0.1447 0.0405 0.1778 0.4710 0.8631
1305031460.2278 -1.8532 -0.1574 0.1525 0.0429 0.1782 0.4713 0.8627
1305031460.2917 -1.8555 -0.1741 0.1594 0.0462 0.1934 0.4707 0.8596
1305031460.3275 -1.8573 -0.1767 0.1616 0.0486 0.1988 0.4712 0.8580
1305031460.3916 -1.8621 -0.1893 0.1753 0.0446 0.2184 0.4766 0.8504
1305031460.4275 -1.8623 -0.1938 0.1769 0.0437 0.2256 0.4809 0.8461
1305031460.4596 -1.8602 -0.1888 0.1817 0.0427 0.2355 0.4822 0.8428
1305031460.4915 -1.8629 -0.1977 0.1826 0.0346 0.2490 0.4871 0.8364
1305031460.5276 -1.8643 -0.2138 0.1841 0.0244 0.2607 0.4941 0.8291
1305031460.5596 -1.8631 -0.2203 0.1882 0.0188 0.2684 0.4967 0.8251
1305031460.5919 -1.8646 -0.2255 0.1933 0.0161 0.2751 0.4970 0.8229
1305031460.6276 -1.8662 -0.2278 0.1982 0.0157 0.2807 0.4978 0.8205
1305031460.6598 -1.8696 -0.2344 0.2023 0.0142 0.2864 0.4966 0.8193
1305031460.6917 -1.8724 -0.2413 0.2054 0.0120 0.2891 0.4974 0.8179
1305031460.7277 -1.8726 -0.2438 0.2092 0.0104 0.2898 0.4970 0.8178
1305031460.7597 -1.8720 -0.2484 0.2124 0.0086 0.2923 0.4954 0.8180
1305031460.7917 -1.8749 -0.2569 0.2156 0.0064 0.2952 0.4952 0.8171
1305031460.8277 -1.8753 -0.2644 0.2212 0.0028 0.2965 0.4941 0.8173
1305031460.8597 -1.8748 -0.2679 0.2257 -0.0003 0.2984 0.4928 0.8174
1305031460.8918 -1.8735 -0.2737 0.2288 -0.0041 0.3001 0.4914 0.8176
1305031460.9276 -1.8742 -0.2814 0.2340 -0.0074 0.3015 0.4913 0.8171
1305031460.9917 -1.8625 -0.3012 0.2468 -0.0115 0.3043 0.4943 0.8143
1305031461.0276 -1.8623 -0.3090 0.2539 -0.0105 0.3068 0.4945 0.8132
1305031461.0917 -1.8680 -0.3197 0.2735 -0.0062 0.3080 0.4915 0.8146
1305031461.1276 -1.8631 -0.3245 0.2799 -0.0074 0.3082 0.4903 0.8152
1305031461.1597 -1.8598 -0.3330 0.2869 -0.0062 0.3106 0.4886 0.8153
1305031461.1920 -1.8620 -0.3392 0.2928 -0.0050 0.3135 0.4848 0.8165
1305031461.2276 -1.8606 -0.3432 0.2974 -0.0048 0.3146 0.4837 0.8167
1305031461.2596 -1.8605 -0.3478 0.3036 -0.0035 0.3165 0.4808 0.8177
1305031461.2917 -1.8576 -0.3524 0.3078 -0.0028 0.3177 0.4757 0.8202
1305031461.3278 -1.8568 -0.3514 0.3118 -0.0009 0.3196 0.4717 0.8218
1305031461.3597 -1.8577 -0.3480 0.3169 -0.0018 0.3221 0.4691 0.8223
1305031461.3917 -1.8518 -0.3531 0.3221 -0.0070 0.3218 0.4691 0.8224
1305031461.4276 -1.8468 -0.3522 0.3237 -0.0066 0.3212 0.4681 0.8232
1305031461.4598 -1.8471 -0.3525 0.3280 -0.0089 0.3219 0.4678 0.8231
1305031461.4917 -1.8378 -0.3557 0.3269 -0.0114 0.3202 0.4694 0.8228
1305031461.5277 -1.8397 -0.3514 0.3274 -0.0051 0.3224 0.4665 0.8236
1305031461.5597 -1.8346 -0.3446 0.3254 -0.0046 0.3219 0.4639 0.8253
1305031461.5917 -1.8306 -0.3381 0.3132 -0.0051 0.3261 0.4601 0.8258
1305031461.6275 -1.8279 -0.3296 0.3115 -0.0061 0.3300 0.4596 0.8245
1305031461.6596 -1.8271 -0.3231 0.3097 -0.0071 0.3340 0.4578 0.8239
1305031461.6916 -1.8302 -0.3200 0.3137 -0.0081 0.3390 0.4614 0.8198
1305031461.7276 -1.8249 -0.3126 0.3143 -0.0091 0.3388 0.4646 0.8181
1305031461.7597 -1.8247 -0.3042 0.3087 -0.0087 0.3398 0.4656 0.8171
1305031461.7916 -1.8196 -0.2993 0.3028 -0.0139 0.3413 0.4703 0.8137
1305031461.8276 -1.8160 -0.2913 0.2954 -0.0167 0.3450 0.4735 0.8102
1305031461.8598 -1.8204 -0.2756 0.2924 -0.0152 0.3498 0.4783 0.8054
1305031461.8917 -1.8220 -0.2644 0.2956 -0.0198 0.3521 0.4916 0.7962
1305031461.9278 -1.8113 -0.2548 0.2971 -0.0270 0.3471 0.5036 0.7906
1305031461.9597 -1.8067 -0.2381 0.2858 -0.0310 0.3483 0.5057 0.7886
1305031461.9916 -1.8181 -0.2237 0.2891 -0.0380 0.3566 0.5114 0.7809
1305031462.0277 -1.8195 -0.2279 0.2991 -0.0525 0.3589 0.5217 0.7722
1305031462.0598 -1.8191 -0.2203 0.3002 -0.0571 0.3518 0.5338 0.7668
1305031462.0918 -1.8163 -0.2071 0.2952 -0.0579 0.3418 0.5471 0.7619
1305031462.1277 -1.8145 -0.1941 0.2919 -0.0591 0.3346 0.5582 0.7569
1305031462.1596 -1.8162 -0.1763 0.2849 -0.0574 0.3263 0.5658 0.7551
1305031462.1916 -1.8205 -0.1642 0.2885 -0.0583 0.3261 0.5632 0.7570
1305031462.2276 -1.8278 -0.1529 0.2860 -0.0617 0.3237 0.5630 0.7579
1305031462.2598 -1.8289 -0.1581 0.2885 -0.0741 0.3228 0.5606 0.7590
1305031462.2916 -1.8320 -0.1560 0.2907 -0.0828 0.3195 0.5570 0.7621
1305031462.3917 -1.8671 -0.1015 0.3022 -0.0857 0.3083 0.5395 0.7788
1305031462.5277 -1.9070 -0.0913 0.3342 -0.1186 0.2912 0.5213 0.7934
1305031462.7277 -1.9354 -0.0946 0.3232 -0.1428 0.2732 0.4667 0.8290
1305031462.9276 -1.9351 -0.0829 0.2836 -0.1700 0.2496 0.4333 0.8491
1305031463.0277 -1.9303 -0.0569 0.2574 -0.1570 0.2395 0.4229 0.8597
1305031463.0598 -1.9309 -0.0642 0.2416 -0.1582 0.2378 0.4149 0.8639
1305031463.1598 -1.9300 -0.0324 0.2058 -0.1419 0.2307 0.3873 0.8813
1305031463.2600 -1.9162 -0.0038 0.1767 -0.1340 0.2267 0.3730 0.8897
1305031463.3598 -1.9028 0.0223 0.1452 -0.1217 0.2186 0.3630 0.8976
1305031463.4598 -1.8783 0.0613 0.1161 -0.1100 0.2108 0.3564 0.9035
1305031463.5277 -1.8608 0.0897 0.1002 -0.1067 0.2183 0.3490 0.9051
1305031463.6276 -1.8286 0.1178 0.0668 -0.0983 0.2170 0.3413 0.9093
1305031463.6598 -1.8198 0.1225 0.0478 -0.0894 0.2198 0.3367 0.9112
1305031463.7276 -1.7996 0.1320 0.0173 -0.0855 0.2213 0.3267 0.9149
1305031463.7597 -1.7799 0.1315 -0.0025 -0.0811 0.2218 0.3180 0.9182
1305031463.7956 -1.7591 0.1293 -0.0328 -0.0785 0.2178 0.3096 0.9223
1305031463.8599 -1.7220 0.1266 -0.0674 -0.0770 0.2160 0.2893 0.9294
1305031463.8956 -1.7108 0.1216 -0.0947 -0.0740 0.2157 0.2791 0.9328
1305031463.9597 -1.6779 0.1103 -0.1280 -0.0733 0.2064 0.2690 0.9379
1305031463.9958 -1.6742 0.1080 -0.1420 -0.0666 0.2068 0.2611 0.9405
1305031464.0277 -1.6690 0.1042 -0.1547 -0.0656 0.2058 0.2515 0.9435
1305031464.0597 -1.6526 0.0896 -0.1702 -0.0699 0.2036 0.2409 0.9464
1305031464.0956 -1.6472 0.0725 -0.1913 -0.0694 0.2059 0.2289 0.9489
1305031464.1277 -1.6506 0.0700 -0.1996 -0.0655 0.2082 0.2235 0.9499
1305031464.1598 -1.6394 0.0538 -0.2103 -0.0637 0.2048 0.2224 0.9511
1305031464.1956 -1.6367 0.0485 -0.2184 -0.0517 0.2018 0.2181 0.9535
1305031464.2276 -1.6406 0.0643 -0.2314 -0.0336 0.1934 0.2086 0.9581
1305031464.2596 -1.6445 0.0596 -0.2391 -0.0286 0.1810 0.2074 0.9610
1305031464.2957 -1.6421 0.0650 -0.2401 -0.0231 0.1665 0.2025 0.9648
1305031464.3279 -1.6175 0.0699 -0.2544 -0.0200 0.1475 0.1989 0.9687
1305031464.3597 -1.6083 0.0657 -0.2683 -0.0170 0.1394 0.1935 0.9710
1305031464.3956 -1.6025 0.0634 -0.2796 -0.0133 0.1366 0.1825 0.9736
1305031464.4276 -1.5945 0.0652 -0.2961 -0.0116 0.1358 0.1748 0.9751
1305031464.4597 -1.5928 0.0588 -0.3079 -0.0105 0.1359 0.1672 0.9765
1305031464.4956 -1.5854 0.0555 -0.3211 -0.0098 0.1346 0.1611 0.9777
1305031464.5276 -1.5808 0.0532 -0.3419 -0.0094 0.1351 0.1541 0.9787
1305031464.5597 -1.5646 0.0522 -0.3530 -0.0111 0.1315 0.1465 0.9804
1305031464.5957 -1.5430 0.0388 -0.3810 -0.0102 0.1330 0.1326 0.9821
1305031464.6277 -1.5287 0.0336 -0.4026 0.0003 0.1442 0.1263 0.9814
1305031464.6597 -1.5173 0.0255 -0.4186 0.0088 0.1562 0.1147 0.9810
1305031464.6957 -1.4895 0.0147 -0.4452 0.0205 0.1614 0.1014 0.9814
1305031464.7277 -1.4814 0.0184 -0.4466 0.0400 0.1668 0.0842 0.9816
1305031464.7597 -1.4798 0.0186 -0.4527 0.0522 0.1673 0.0665 0.9823
1305031464.7960 -1.4805 0.0117 -0.4603 0.0581 0.1635 0.0469 0.9837
1305031464.8278 -1.4840 0.0210 -0.4537 0.0730 0.1526 0.0321 0.9851
1305031464.8597 -1.4892 0.0433 -0.4471 0.0848 0.1387 0.0142 0.9866
1305031464.8958 -1.4735 0.0379 -0.4397 0.0818 0.1219 -0.0035 0.9892
1305031464.9278 -1.4454 0.0217 -0.4377 0.0774 0.1068 -0.0236 0.9910
1305031464.9598 -1.4330 0.0102 -0.4374 0.0790 0.1013 -0.0411 0.9909
1305031464.9957 -1.4337 0.0195 -0.4270 0.0869 0.1031 -0.0600 0.9891
1305031465.0278 -1.4326 0.0236 -0.4186 0.0911 0.1048 -0.0794 0.9871
1305031465.0597 -1.4402 0.0393 -0.4011 0.0989 0.1036 -0.0989 0.9847
1305031465.0957 -1.4170 0.0721 -0.3812 0.0992 0.0898 -0.1140 0.9844
1305031465.1277 -1.3960 0.0849 -0.3466 0.0843 0.0767 -0.1281 0.9852
1305031465.1598 -1.3838 0.0880 -0.3163 0.0682 0.0658 -0.1363 0.9861
1305031465.1956 -1.3619 0.0783 -0.2925 0.0525 0.0534 -0.1450 0.9866
1305031465.2279 -1.3492 0.0841 -0.2677 0.0402 0.0467 -0.1514 0.9866
1305031465.2598 -1.3373 0.0779 -0.2389 0.0256 0.0387 -0.1523 0.9873
1305031465.3277 -1.3198 0.1059 -0.2013 0.0160 0.0215 -0.1316 0.9909
1305031465.3956 -1.2789 0.1108 -0.1754 0.0114 -0.0140 -0.1094 0.9938
1305031465.4277 -1.2531 0.1111 -0.1752 0.0118 -0.0278 -0.1000 0.9945
1305031465.4601 -1.2391 0.1200 -0.1755 0.0141 -0.0357 -0.0906 0.9951
1305031465.4957 -1.2205 0.1308 -0.1761 0.0121 -0.0441 -0.0801 0.9957
1305031465.5276 -1.2049 0.1273 -0.1745 0.0092 -0.0517 -0.0773 0.9956
1305031465.5598 -1.1856 0.1352 -0.1759 0.0144 -0.0592 -0.0730 0.9955
1305031465.5956 -1.1682 0.1401 -0.1797 0.0168 -0.0633 -0.0671 0.9956
1305031465.6277 -1.1577 0.1494 -0.1794 0.0199 -0.0660 -0.0606 0.9958
1305031465.6601 -1.1461 0.1547 -0.1800 0.0220 -0.0722 -0.0557 0.9956
1305031465.6957 -1.1239 0.1635 -0.1791 0.0263 -0.0799 -0.0502 0.9952
1305031465.7277 -1.1082 0.1738 -0.1824 0.0315 -0.0827 -0.0436 0.9951
1305031465.7598 -1.0947 0.1876 -0.1847 0.0375 -0.0858 -0.0369 0.9949
1305031465.7959 -1.0774 0.1952 -0.1867 0.0400 -0.0887 -0.0330 0.9947
1305031465.8280 -1.0598 0.2051 -0.1864 0.0466 -0.0923 -0.0288 0.9942
1305031465.8599 -1.0343 0.2235 -0.1971 0.0569 -0.0951 -0.0251 0.9935
1305031465.8955 -1.0117 0.2367 -0.2018 0.0600 -0.0895 -0.0240 0.9939
1305031465.9275 -0.9878 0.2416 -0.1977 0.0630 -0.0841 -0.0228 0.9942
1305031465.9597 -0.9617 0.2583 -0.2035 0.0731 -0.0788 -0.0229 0.9939
1305031465.9958 -0.9393 0.2674 -0.2136 0.0773 -0.0745 -0.0243 0.9939
1305031466.0276 -0.9166 0.2773 -0.2209 0.0802 -0.0751 -0.0250 0.9936
1305031466.0598 -0.8945 0.3031 -0.2232 0.0812 -0.0755 -0.0225 0.9936
1305031466.0958 -0.8858 0.3216 -0.2301 0.0778 -0.0757 -0.0227 0.9938
1305031466.1276 -0.8739 0.3429 -0.2334 0.0740 -0.0790 -0.0222 0.9939
1305031466.1604 -0.8663 0.3655 -0.2373 0.0716 -0.0819 -0.0210 0.9938
1305031466.1958 -0.8573 0.3862 -0.2400 0.0661 -0.0873 -0.0195 0.9938
1305031466.2280 -0.8387 0.3867 -0.2420 0.0509 -0.0972 -0.0234 0.9937
1305031466.2598 -0.8214 0.3849 -0.2483 0.0480 -0.1005 -0.0301 0.9933
1305031466.2957 -0.7957 0.3934 -0.2539 0.0517 -0.0994 -0.0401 0.9929
1305031466.3277 -0.7727 0.4023 -0.2684 0.0527 -0.0927 -0.0481 0.9931
1305031466.3598 -0.7621 0.4093 -0.2833 0.0489 -0.0822 -0.0557 0.9939
1305031466.3958 -0.7476 0.4011 -0.2964 0.0465 -0.0803 -0.0575 0.9940
1305031466.4278 -0.7358 0.4055 -0.3074 0.0502 -0.0827 -0.0604 0.9935
1305031466.4598 -0.7258 0.4139 -0.3176 0.0510 -0.0853 -0.0634 0.9930
1305031466.4958 -0.7118 0.4236 -0.3212 0.0497 -0.0879 -0.0646 0.9928
1305031466.5275 -0.6855 0.4193 -0.3310 0.0468 -0.0888 -0.0652 0.9928
1305031466.5604 -0.6678 0.4307 -0.3448 0.0478 -0.0838 -0.0660 0.9931
1305031466.5959 -0.6450 0.4369 -0.3502 0.0384 -0.0846 -0.0702 0.9932
1305031466.6275 -0.6232 0.4183 -0.3591 0.0294 -0.0823 -0.0737 0.9934
1305031466.6597 -0.6002 0.4171 -0.3665 0.0328 -0.0808 -0.0777 0.9932
1305031466.6958 -0.5841 0.4284 -0.3744 0.0349 -0.0811 -0.0828 0.9926
1305031466.7281 -0.5713 0.4315 -0.3794 0.0298 -0.0808 -0.0965 0.9916
1305031466.7596 -0.5466 0.4220 -0.3793 0.0295 -0.0835 -0.1018 0.9909
1305031466.7956 -0.5342 0.4227 -0.3917 0.0325 -0.0842 -0.1055 0.9903
1305031466.8279 -0.5232 0.4286 -0.3937 0.0315 -0.0868 -0.1071 0.9900
1305031466.8597 -0.5191 0.4265 -0.3921 0.0299 -0.0891 -0.1073 0.9898
1305031466.8957 -0.5044 0.4242 -0.3943 0.0301 -0.1006 -0.1063 0.9888
1305031466.9278 -0.4874 0.4202 -0.3985 0.0285 -0.1152 -0.1096 0.9869
1305031466.9597 -0.4765 0.4148 -0.4005 0.0273 -0.1214 -0.1127 0.9858
1305031466.9957 -0.4654 0.4110 -0.4069 0.0267 -0.1241 -0.1149 0.9852
1305031467.0278 -0.4545 0.4097 -0.4095 0.0268 -0.1268 -0.1176 0.9846
1305031467.0597 -0.4404 0.4091 -0.4144 0.0270 -0.1292 -0.1187 0.9841
1305031467.0957 -0.4304 0.4164 -0.4129 0.0277 -0.1297 -0.1222 0.9836
1305031467.1290 -0.4237 0.4153 -0.4121 0.0275 -0.1309 -0.1296 0.9825
1305031467.1597 -0.4160 0.4143 -0.4130 0.0282 -0.1323 -0.1344 0.9816
1305031467.1957 -0.4088 0.4147 -0.4164 0.0290 -0.1349 -0.1385 0.9807
1305031467.2277 -0.3995 0.4144 -0.4189 0.0296 -0.1392 -0.1425 0.9795
1305031467.2597 -0.3937 0.4166 -0.4171 0.0312 -0.1421 -0.1450 0.9787
1305031467.2958 -0.3866 0.4170 -0.4208 0.0324 -0.1448 -0.1502 0.9775
1305031467.3280 -0.3765 0.4186 -0.4256 0.0335 -0.1483 -0.1542 0.9763
1305031467.3597 -0.3666 0.4281 -0.4331 0.0340 -0.1520 -0.1560 0.9754
1305031467.3958 -0.3528 0.4318 -0.4311 0.0308 -0.1583 -0.1605 0.9738
1305031467.4278 -0.3442 0.4309 -0.4346 0.0303 -0.1617 -0.1633 0.9728
1305031467.4597 -0.3314 0.4285 -0.4384 0.0294 -0.1670 -0.1638 0.9718
1305031467.4961 -0.3175 0.4509 -0.4440 0.0322 -0.1715 -0.1695 0.9700
1305031467.5277 -0.3052 0.4467 -0.4486 0.0288 -0.1735 -0.1744 0.9689
1305031467.5598 -0.2960 0.4458 -0.4461 0.0292 -0.1746 -0.1754 0.9684
1305031467.5960 -0.2885 0.4431 -0.4494 0.0281 -0.1755 -0.1734 0.9687
1305031467.6275 -0.2808 0.4463 -0.4419 0.0306 -0.1791 -0.1719 0.9682
1305031467.6596 -0.2758 0.4433 -0.4409 0.0347 -0.1822 -0.1704 0.9678
1305031467.6959 -0.2720 0.4365 -0.4457 0.0350 -0.1829 -0.1729 0.9672
1305031467.7275 -0.2673 0.4335 -0.4418 0.0390 -0.1835 -0.1788 0.9658
1305031467.7599 -0.2676 0.4339 -0.4371 0.0450 -0.1832 -0.1821 0.9650
1305031467.7961 -0.2677 0.4356 -0.4374 0.0487 -0.1828 -0.1841 0.9645
1305031467.8278 -0.2713 0.4306 -0.4313 0.0522 -0.1820 -0.1848 0.9644
1305031467.8597 -0.2655 0.4368 -0.4235 0.0630 -0.1855 -0.1811 0.9638
1305031467.8959 -0.2628 0.4297 -0.4213 0.0664 -0.1893 -0.1815 0.9627
1305031467.9278 -0.2588 0.4204 -0.4052 0.0685 -0.1951 -0.1846 0.9608
1305031467.9598 -0.2540 0.4079 -0.3969 0.0736 -0.1995 -0.1862 0.9592
1305031467.9958 -0.2482 0.4074 -0.3927 0.0758 -0.2006 -0.1873 0.9586
1305031468.0281 -0.2440 0.4019 -0.3749 0.0759 -0.2015 -0.1901 0.9579
1305031468.0598 -0.2464 0.3854 -0.3635 0.0783 -0.2025 -0.1932 0.9569
1305031468.0959 -0.2448 0.3832 -0.3572 0.0803 -0.2038 -0.1947 0.9561
1305031468.1278 -0.2409 0.3781 -0.3442 0.0802 -0.2056 -0.1953 0.9556
1305031468.1599 -0.2399 0.3708 -0.3313 0.0815 -0.2069 -0.1968 0.9549
1305031468.1960 -0.2313 0.3646 -0.3176 0.0824 -0.2084 -0.1999 0.9539
1305031468.2282 -0.2257 0.3560 -0.2993 0.0819 -0.2087 -0.1999 0.9538
1305031468.2598 -0.2132 0.3426 -0.2793 0.0817 -0.2106 -0.1988 0.9536
1305031468.2958 -0.2064 0.3317 -0.2612 0.0822 -0.2096 -0.1997 0.9536
1305031468.3278 -0.1936 0.3066 -0.2387 0.0810 -0.2123 -0.1980 0.9535
1305031468.3598 -0.1824 0.2927 -0.2242 0.0840 -0.2130 -0.1935 0.9540
1305031468.4598 -0.1696 0.2412 -0.1927 0.0758 -0.2146 -0.1879 0.9555
1305031468.5278 -0.1677 0.2146 -0.1701 0.0758 -0.2130 -0.1937 0.9547
1305031468.5597 -0.1766 0.1969 -0.1766 0.0815 -0.2104 -0.2045 0.9525
1305031468.6596 -0.1937 0.1581 -0.1731 0.0786 -0.2120 -0.2123 0.9507
1305031468.6958 -0.2053 0.1370 -0.1705 0.0816 -0.2158 -0.2184 0.9482
1305031468.7278 -0.2126 0.1270 -0.1671 0.0868 -0.2199 -0.2183 0.9468
1305031468.7958 -0.2240 0.0995 -0.1583 0.0927 -0.2258 -0.2226 0.9438
1305031468.8292 -0.2351 0.0839 -0.1710 0.0994 -0.2246 -0.2300 0.9417
1305031468.9596 -0.2398 0.0634 -0.1627 0.0942 -0.2084 -0.2306 0.9458
1305031469.0277 -0.2444 0.0593 -0.1535 0.0627 -0.2009 -0.2404 0.9476
1305031469.1277 -0.2476 0.0303 -0.1227 0.0245 -0.1940 -0.2669 0.9437
1305031469.1955 -0.2554 0.0207 -0.0971 0.0085 -0.1754 -0.2757 0.9451
1305031469.2596 -0.2644 0.0112 -0.0685 -0.0021 -0.1680 -0.2819 0.9446
1305031469.2968 -0.2654 0.0045 -0.0548 -0.0072 -0.1655 -0.2845 0.9442
1305031469.3276 -0.2679 0.0056 -0.0458 -0.0108 -0.1630 -0.2860 0.9442
1305031469.3596 -0.2606 -0.0048 -0.0248 -0.0190 -0.1630 -0.2915 0.9424
1305031469.3957 -0.2626 -0.0061 -0.0100 -0.0186 -0.1510 -0.2970 0.9427
1305031469.4277 -0.2583 -0.0068 0.0050 -0.0169 -0.1423 -0.3031 0.9421
1305031469.4597 -0.2567 -0.0140 0.0200 -0.0198 -0.1361 -0.3100 0.9407
1305031469.4957 -0.2611 -0.0042 0.0284 -0.0180 -0.1319 -0.3118 0.9408
1305031469.5276 -0.2555 -0.0002 0.0419 -0.0201 -0.1353 -0.3095 0.9410
1305031469.5596 -0.2588 0.0052 0.0549 -0.0264 -0.1348 -0.3100 0.9408
1305031469.6596 -0.2666 0.0280 0.0967 -0.0500 -0.1278 -0.3088 0.9412
1305031469.7596 -0.2768 0.0748 0.1287 -0.0600 -0.1114 -0.2991 0.9458
1305031469.9279 -0.3158 0.1525 0.1828 -0.0835 -0.1112 -0.2856 0.9482
1305031470.0959 -0.3727 0.2387 0.2089 -0.0889 -0.1124 -0.2741 0.9510
1305031470.2600 -0.4284 0.3136 0.2087 -0.1025 -0.1138 -0.2571 0.9542
1305031470.3958 -0.4823 0.3763 0.2102 -0.1148 -0.1107 -0.2374 0.9582
1305031470.5597 -0.5442 0.4194 0.2052 -0.1148 -0.1161 -0.2340 0.9584
1305031470.7597 -0.6033 0.4626 0.2030 -0.1143 -0.1141 -0.2101 0.9642
1305031470.7956 -0.6096 0.4673 0.2040 -0.1138 -0.1117 -0.2079 0.9651
1305031470.8278 -0.6187 0.4741 0.2032 -0.1088 -0.1102 -0.2022 0.9670
1305031470.8596 -0.6275 0.4740 0.2012 -0.1063 -0.1102 -0.1964 0.9685
1305031470.8957 -0.6363 0.4799 0.1984 -0.1012 -0.1112 -0.1902 0.9702
1305031470.9277 -0.6437 0.4814 0.1980 -0.0969 -0.1163 -0.1843 0.9711
1305031470.9596 -0.6562 0.4874 0.1962 -0.0830 -0.1171 -0.1813 0.9729
1305031470.9960 -0.6587 0.4818 0.1915 -0.0779 -0.1208 -0.1804 0.9730
1305031471.0276 -0.6624 0.4817 0.1894 -0.0670 -0.1220 -0.1786 0.9740
1305031471.0596 -0.6675 0.4791 0.1871 -0.0579 -0.1217 -0.1733 0.9756
1305031471.0958 -0.6765 0.4864 0.1811 -0.0433 -0.1185 -0.1673 0.9778
1305031471.1277 -0.6815 0.4870 0.1787 -0.0363 -0.1202 -0.1575 0.9795
1305031471.1596 -0.6847 0.4916 0.1763 -0.0279 -0.1206 -0.1499 0.9809
1305031471.1957 -0.6865 0.4916 0.1751 -0.0261 -0.1205 -0.1465 0.9815
1305031471.2276 -0.6895 0.4918 0.1739 -0.0259 -0.1194 -0.1431 0.9821
1305031471.2597 -0.6942 0.4917 0.1730 -0.0261 -0.1177 -0.1411 0.9826
1305031471.2961 -0.6977 0.4903 0.1733 -0.0257 -0.1168 -0.1384 0.9831
1305031471.3276 -0.6965 0.4921 0.1734 -0.0213 -0.1168 -0.1344 0.9838
1305031471.3596 -0.6968 0.4939 0.1720 -0.0196 -0.1128 -0.1315 0.9847
1305031471.3957 -0.7012 0.4894 0.1716 -0.0218 -0.1086 -0.1279 0.9856
1305031471.4277 -0.7043 0.4890 0.1676 -0.0193 -0.1072 -0.1229 0.9864
1305031471.4965 -0.7163 0.4877 0.1610 -0.0218 -0.1038 -0.1162 0.9875
1305031471.5276 -0.7185 0.4880 0.1593 -0.0218 -0.1033 -0.1137 0.9879
1305031471.5597 -0.7199 0.4882 0.1578 -0.0222 -0.1023 -0.1127 0.9881
1305031471.5957 -0.7204 0.4875 0.1566 -0.0230 -0.1005 -0.1114 0.9884
1305031471.6276 -0.7222 0.4895 0.1539 -0.0214 -0.0972 -0.1108 0.9888
1305031471.6596 -0.7239 0.4908 0.1500 -0.0196 -0.0947 -0.1096 0.9893
1305031471.7958 -0.7278 0.4872 0.1334 -0.0248 -0.0780 -0.0908 0.9925
1305031471.9956 -0.7378 0.5025 0.1282 -0.0401 -0.0500 -0.0621 0.9960
1305031472.3277 -0.7589 0.5599 0.1265 -0.0015 -0.0325 -0.0238 0.9992
1305031472.5957 -0.7566 0.5412 0.1235 0.0082 -0.0388 -0.0174 0.9991
1305031472.8276 -0.7502 0.5134 0.1287 0.0125 -0.0393 -0.0168 0.9990
