1305031453.4237 -0.0029 0.0071 -0.0108 0.0028 0.0070 0.0073 0.9999
1305031453.4597 0.0053 0.0098 -0.0157 0.0064 0.0117 0.0152 0.9998
1305031453.4917 0.0004 0.0239 -0.0303 0.0151 0.0207 0.0277 0.9993
1305031453.5237 0.0153 0.0313 -0.0573 0.0203 0.0199 0.0352 0.9990
1305031453.5598 -0.0042 0.0394 -0.0573 0.0309 0.0303 0.0440 0.9981
1305031453.5916 0.0020 0.0325 -0.0740 0.0326 0.0306 0.0472 0.9979
1305031453.6277 0.0066 0.0388 -0.0842 0.0378 0.0283 0.0502 0.9976
1305031453.6596 -0.0119 0.0459 -0.1085 0.0463 0.0302 0.0499 0.9972
1305031453.6917 0.0058 0.0433 -0.1269 0.0481 0.0164 0.0450 0.9977
1305031453.7277 -0.0042 0.0470 -0.1416 0.0497 0.0139 0.0429 0.9977
1305031453.7597 -0.0018 0.0508 -0.1439 0.0532 0.0009 0.0366 0.9979
1305031453.7917 -0.0358 0.0692 -0.1454 0.0632 0.0010 0.0249 0.9977
1305031453.8278 -0.0331 0.0823 -0.1654 0.0673 -0.0092 0.0219 0.9975
1305031453.8597 -0.0453 0.0819 -0.1702 0.0670 -0.0209 0.0180 0.9974
1305031453.8917 -0.0584 0.0966 -0.1883 0.0677 -0.0348 0.0090 0.9971
1305031453.9277 -0.0629 0.1083 -0.1787 0.0674 -0.0567 0.0041 0.9961
1305031453.9596 -0.0662 0.1215 -0.1863 0.0699 -0.0729 -0.0036 0.9949
1305031453.9916 -0.0760 0.1353 -0.1805 0.0732 -0.0849 -0.0101 0.9936
1305031454.0277 -0.0845 0.1344 -0.1739 0.0744 -0.0980 -0.0160 0.9923
1305031454.0597 -0.0862 0.1466 -0.1698 0.0787 -0.1116 -0.0230 0.9904
1305031454.0917 -0.0943 0.1529 -0.1644 0.0812 -0.1240 -0.0305 0.9885
1305031454.1277 -0.1134 0.1632 -0.1521 0.0873 -0.1349 -0.0389 0.9862
1305031454.1597 -0.1116 0.1657 -0.1559 0.0869 -0.1531 -0.0475 0.9832
1305031454.1917 -0.1198 0.1677 -0.1607 0.0852 -0.1701 -0.0584 0.9800
1305031454.2277 -0.1584 0.1700 -0.1527 0.0900 -0.1772 -0.0741 0.9772
1305031454.2596 -0.1590 0.1718 -0.1506 0.0956 -0.1916 -0.0890 0.9727
1305031454.2916 -0.1741 0.1757 -0.1494 0.0948 -0.1983 -0.0991 0.9705
1305031454.3277 -0.1771 0.1816 -0.1439 0.0984 -0.2119 -0.1061 0.9665
1305031454.3596 -0.1829 0.1761 -0.1480 0.0983 -0.2244 -0.1151 0.9627
1305031454.3917 -0.1815 0.1771 -0.1364 0.1005 -0.2344 -0.1254 0.9588
1305031454.4275 -0.1884 0.1784 -0.1408 0.1008 -0.2459 -0.1333 0.9548
1305031454.4599 -0.1921 0.1775 -0.1539 0.0994 -0.2556 -0.1451 0.9506
1305031454.4916 -0.1882 0.1725 -0.1450 0.1003 -0.2641 -0.1580 0.9462
1305031454.5277 -0.1948 0.1914 -0.1442 0.1047 -0.2708 -0.1704 0.9416
1305031454.5596 -0.1932 0.1901 -0.1291 0.1001 -0.2837 -0.1776 0.9370
1305031454.5916 -0.1929 0.1944 -0.1338 0.0987 -0.2951 -0.1896 0.9312
1305031454.6276 -0.2020 0.1989 -0.1321 0.0973 -0.3073 -0.1978 0.9257
1305031454.6595 -0.2011 0.2164 -0.1287 0.0993 -0.3200 -0.2045 0.9197
1305031454.6919 -0.2098 0.2290 -0.1282 0.0981 -0.3315 -0.2105 0.9144
1305031454.7277 -0.2174 0.2306 -0.1350 0.0935 -0.3414 -0.2168 0.9098
1305031454.7597 -0.2128 0.2243 -0.1310 0.0841 -0.3490 -0.2138 0.9085
1305031454.7916 -0.2154 0.2327 -0.1294 0.0812 -0.3497 -0.2071 0.9101
1305031454.8276 -0.2139 0.2470 -0.1306 0.0783 -0.3500 -0.1980 0.9122
1305031454.8596 -0.2142 0.2558 -0.1183 0.0737 -0.3499 -0.1903 0.9143
1305031454.8918 -0.2197 0.2580 -0.1150 0.0684 -0.3462 -0.1842 0.9174
1305031454.9276 -0.2239 0.2592 -0.1058 0.0588 -0.3440 -0.1760 0.9205
1305031454.9596 -0.2251 0.2619 -0.1076 0.0538 -0.3414 -0.1705 0.9228
1305031454.9919 -0.2313 0.2654 -0.1099 0.0501 -0.3382 -0.1660 0.9249
1305031455.0278 -0.2340 0.2720 -0.1099 0.0491 -0.3379 -0.1624 0.9258
1305031455.0596 -0.2372 0.2786 -0.1110 0.0487 -0.3358 -0.1599 0.9270
1305031455.0917 -0.2400 0.2785 -0.1143 0.0480 -0.3342 -0.1598 0.9276
1305031455.1277 -0.2394 0.2836 -0.1179 0.0493 -0.3324 -0.1595 0.9282
1305031455.1597 -0.2465 0.2936 -0.1215 0.0511 -0.3285 -0.1565 0.9300
1305031455.1917 -0.2563 0.2973 -0.1330 0.0478 -0.3231 -0.1523 0.9328
1305031455.2276 -0.2640 0.2997 -0.1397 0.0467 -0.3204 -0.1495 0.9343
1305031455.2596 -0.2644 0.3045 -0.1312 0.0420 -0.3222 -0.1419 0.9350
1305031455.2918 -0.2675 0.3016 -0.1343 0.0303 -0.3206 -0.1314 0.9376
1305031455.3278 -0.2831 0.3083 -0.1555 0.0250 -0.3131 -0.1220 0.9415
1305031455.3596 -0.2894 0.3276 -0.1534 0.0220 -0.3120 -0.1120 0.9432
1305031455.3917 -0.2910 0.3240 -0.1445 0.0080 -0.3128 -0.1015 0.9443
1305031455.4276 -0.3022 0.3244 -0.1538 -0.0002 -0.3063 -0.0930 0.9474
1305031455.4596 -0.3113 0.3269 -0.1608 -0.0034 -0.3030 -0.0868 0.9490
1305031455.4916 -0.3229 0.3266 -0.1751 -0.0078 -0.2981 -0.0807 0.9511
1305031455.5276 -0.3341 0.3221 -0.1851 -0.0140 -0.2963 -0.0701 0.9524
1305031455.5597 -0.3526 0.3311 -0.2000 -0.0128 -0.2945 -0.0592 0.9537
1305031455.5916 -0.3612 0.3238 -0.2144 -0.0204 -0.2962 -0.0468 0.9538
1305031455.6276 -0.3827 0.3235 -0.2218 -0.0236 -0.2931 -0.0378 0.9551
1305031455.6596 -0.3942 0.3284 -0.2295 -0.0190 -0.2918 -0.0322 0.9557
1305031455.6916 -0.4038 0.3231 -0.2402 -0.0180 -0.2907 -0.0334 0.9561
1305031455.7276 -0.4106 0.3200 -0.2466 -0.0169 -0.2892 -0.0363 0.9564
1305031455.7597 -0.4156 0.3170 -0.2529 -0.0168 -0.2868 -0.0375 0.9571
1305031455.7917 -0.4222 0.3084 -0.2590 -0.0177 -0.2845 -0.0367 0.9578
1305031455.8276 -0.4287 0.3028 -0.2726 -0.0169 -0.2825 -0.0379 0.9584
1305031455.8595 -0.4328 0.2957 -0.2818 -0.0189 -0.2816 -0.0373 0.9586
1305031455.8917 -0.4360 0.2938 -0.2872 -0.0191 -0.2807 -0.0373 0.9589
1305031455.9280 -0.4400 0.2879 -0.2935 -0.0211 -0.2791 -0.0363 0.9593
1305031455.9597 -0.4431 0.2855 -0.2979 -0.0214 -0.2779 -0.0365 0.9597
1305031455.9917 -0.4470 0.2844 -0.3012 -0.0223 -0.2759 -0.0372 0.9602
1305031456.0278 -0.4475 0.2915 -0.3115 -0.0219 -0.2730 -0.0413 0.9609
1305031456.0597 -0.4596 0.2733 -0.3201 -0.0327 -0.2675 -0.0526 0.9616
1305031456.0917 -0.4644 0.2682 -0.3208 -0.0358 -0.2658 -0.0547 0.9618
1305031456.1276 -0.4680 0.2657 -0.3231 -0.0363 -0.2639 -0.0543 0.9623
1305031456.1597 -0.4720 0.2575 -0.3219 -0.0381 -0.2617 -0.0547 0.9628
1305031456.1917 -0.4837 0.2490 -0.3205 -0.0350 -0.2556 -0.0569 0.9645
1305031456.2277 -0.4884 0.2422 -0.3179 -0.0371 -0.2490 -0.0506 0.9665
1305031456.2917 -0.4952 0.2215 -0.3138 -0.0412 -0.2327 -0.0467 0.9706
1305031456.3277 -0.5032 0.2101 -0.3034 -0.0426 -0.2256 -0.0382 0.9725
1305031456.3916 -0.5070 0.1888 -0.2936 -0.0467 -0.2089 -0.0299 0.9764
1305031456.4277 -0.5119 0.1846 -0.2912 -0.0452 -0.2027 -0.0184 0.9780
1305031456.4917 -0.5600 0.2053 -0.2934 -0.0445 -0.1906 -0.0071 0.9806
1305031456.5276 -0.5824 0.2087 -0.2920 -0.0470 -0.1881 -0.0022 0.9810
1305031456.5917 -0.6043 0.2148 -0.2865 -0.0471 -0.1836 0.0043 0.9819
1305031456.6276 -0.6118 0.2287 -0.2780 -0.0574 -0.1815 0.0100 0.9817
1305031456.6916 -0.6438 0.2149 -0.2671 -0.0717 -0.1717 0.0263 0.9822
1305031456.7277 -0.6632 0.2271 -0.2631 -0.0751 -0.1686 0.0384 0.9821
1305031456.7916 -0.7048 0.2073 -0.2582 -0.0832 -0.1730 0.0486 0.9802
1305031456.8276 -0.7187 0.2253 -0.2444 -0.0804 -0.1756 0.0559 0.9796
1305031456.8917 -0.7340 0.2167 -0.2197 -0.0944 -0.1780 0.0668 0.9772
1305031456.9277 -0.7486 0.2233 -0.2191 -0.0886 -0.1711 0.0731 0.9785
1305031456.9597 -0.7652 0.2378 -0.2143 -0.0880 -0.1647 0.0794 0.9792
1305031456.9917 -0.7800 0.2280 -0.2137 -0.0995 -0.1581 0.0793 0.9792
1305031457.0276 -0.7903 0.2264 -0.2111 -0.1018 -0.1551 0.0799 0.9794
1305031457.0917 -0.8003 0.2343 -0.2068 -0.1141 -0.1524 0.0877 0.9778
1305031457.1276 -0.8158 0.2192 -0.2060 -0.1222 -0.1439 0.0897 0.9779
1305031457.1917 -0.8525 0.2331 -0.2269 -0.1131 -0.1208 0.1041 0.9807
1305031457.2275 -0.8628 0.2259 -0.2336 -0.1177 -0.1139 0.1060 0.9808
1305031457.2917 -0.8737 0.2078 -0.2482 -0.1170 -0.1018 0.1209 0.9805
1305031457.3275 -0.8839 0.2046 -0.2557 -0.1172 -0.0933 0.1227 0.9811
1305031457.3917 -0.9152 0.1926 -0.2782 -0.1134 -0.0634 0.1393 0.9817
1305031457.4276 -0.9333 0.1875 -0.2902 -0.1132 -0.0528 0.1426 0.9819
1305031457.4917 -0.9500 0.1591 -0.3207 -0.1176 -0.0461 0.1538 0.9800
1305031457.5276 -0.9503 0.1553 -0.3267 -0.1156 -0.0459 0.1568 0.9798
1305031457.5597 -0.9562 0.1478 -0.3457 -0.1109 -0.0410 0.1642 0.9793
1305031457.5917 -0.9683 0.1498 -0.3533 -0.1071 -0.0364 0.1665 0.9795
1305031457.6275 -0.9896 0.1359 -0.3645 -0.1073 -0.0292 0.1704 0.9791
1305031457.6596 -1.0052 0.1350 -0.3740 -0.1036 -0.0247 0.1728 0.9792
1305031457.6916 -1.0139 0.1218 -0.3850 -0.1101 -0.0236 0.1753 0.9781
1305031457.7277 -1.0162 0.0981 -0.3925 -0.1156 -0.0241 0.1728 0.9778
1305031457.7596 -1.0261 0.0843 -0.3948 -0.1163 -0.0205 0.1715 0.9781
1305031457.7916 -1.0319 0.0641 -0.4017 -0.1098 -0.0150 0.1720 0.9788
1305031457.8277 -1.0450 0.0761 -0.4141 -0.0932 -0.0073 0.1727 0.9805
1305031457.8596 -1.0567 0.0715 -0.4151 -0.0913 0.0001 0.1734 0.9806
1305031457.8916 -1.0711 0.0447 -0.4192 -0.0867 0.0112 0.1729 0.9810
1305031457.9276 -1.0802 0.0394 -0.4234 -0.0736 0.0165 0.1776 0.9812
1305031457.9916 -1.1119 0.0238 -0.4313 -0.0608 0.0241 0.1842 0.9807
1305031458.0278 -1.1116 0.0242 -0.4313 -0.0485 0.0259 0.1880 0.9806
1305031458.0597 -1.1237 0.0391 -0.4419 -0.0346 0.0310 0.1928 0.9801
1305031458.0917 -1.1322 0.0360 -0.4395 -0.0356 0.0340 0.1936 0.9798
1305031458.1276 -1.1415 0.0323 -0.4365 -0.0354 0.0365 0.1944 0.9796
1305031458.1596 -1.1536 0.0217 -0.4359 -0.0366 0.0389 0.1940 0.9796
1305031458.1916 -1.1680 0.0196 -0.4342 -0.0363 0.0394 0.1963 0.9791
1305031458.2276 -1.1697 0.0071 -0.4268 -0.0449 0.0338 0.1975 0.9787
1305031458.2599 -1.1872 -0.0270 -0.4180 -0.0514 0.0343 0.1972 0.9784
1305031458.2917 -1.2204 -0.0472 -0.4097 -0.0477 0.0359 0.1929 0.9794
1305031458.3276 -1.2340 -0.0493 -0.3969 -0.0451 0.0289 0.1948 0.9794
1305031458.3596 -1.2458 -0.0950 -0.3795 -0.0500 0.0293 0.1993 0.9782
1305031458.3916 -1.2764 -0.1006 -0.3666 -0.0381 0.0334 0.2031 0.9778
1305031458.4276 -1.2774 -0.0998 -0.3529 -0.0324 0.0330 0.2166 0.9752
1305031458.4596 -1.2768 -0.1086 -0.3393 -0.0227 0.0370 0.2176 0.9751
1305031458.4917 -1.2911 -0.1091 -0.3320 -0.0016 0.0489 0.2140 0.9756
1305031458.5277 -1.2935 -0.1021 -0.3202 0.0122 0.0545 0.2122 0.9756
1305031458.5596 -1.3039 -0.0983 -0.3056 0.0174 0.0613 0.2064 0.9764
1305031458.5916 -1.3130 -0.1109 -0.3006 0.0220 0.0656 0.1977 0.9778
1305031458.6277 -1.3264 -0.0912 -0.2858 0.0277 0.0670 0.1967 0.9778
1305031458.6596 -1.3309 -0.0961 -0.2739 0.0203 0.0585 0.1957 0.9787
1305031458.6917 -1.3360 -0.0911 -0.2595 0.0177 0.0418 0.1861 0.9815
1305031458.7276 -1.3402 -0.0950 -0.2474 0.0183 0.0271 0.1805 0.9830
1305031458.7599 -1.3551 -0.0903 -0.2315 0.0248 0.0167 0.1765 0.9838
1305031458.7916 -1.3636 -0.0716 -0.2036 0.0310 0.0005 0.1686 0.9852
1305031458.8276 -1.3627 -0.0740 -0.1744 0.0265 -0.0073 0.1689 0.9853
1305031458.8917 -1.3580 -0.0772 -0.1408 0.0319 -0.0133 0.1608 0.9864
1305031458.9276 -1.3733 -0.0740 -0.1424 0.0324 -0.0049 0.1599 0.9866
1305031458.9596 -1.3745 -0.0729 -0.1344 0.0276 -0.0023 0.1684 0.9853
1305031458.9916 -1.3850 -0.0875 -0.1092 0.0266 0.0026 0.1715 0.9848
1305031459.0277 -1.4036 -0.1007 -0.0973 0.0357 0.0030 0.1712 0.9846
1305031459.0596 -1.4255 -0.1001 -0.0924 0.0448 -0.0014 0.1786 0.9829
1305031459.1276 -1.4664 -0.0592 -0.0931 0.0652 0.0143 0.1664 0.9838
1305031459.1596 -1.4774 -0.0595 -0.0753 0.0753 -0.0124 0.1670 0.9830
1305031459.1917 -1.4833 -0.0628 -0.0667 0.0794 -0.0307 0.1718 0.9814
1305031459.2276 -1.4883 -0.0579 -0.0570 0.0836 -0.0448 0.1800 0.9791
1305031459.2598 -1.4935 -0.0549 -0.0393 0.0845 -0.0467 0.1859 0.9778
1305031459.3276 -1.5210 -0.0467 -0.0031 0.0801 -0.0108 0.2076 0.9749
1305031459.3597 -1.5303 -0.0365 0.0071 0.0824 0.0118 0.2233 0.9712
1305031459.3917 -1.5505 -0.0199 0.0071 0.0776 0.0412 0.2428 0.9661
1305031459.4276 -1.5694 0.0158 0.1290 0.1004 0.0559 0.2085 0.9713
1305031459.4597 -1.5817 0.0181 0.1360 0.0969 0.0926 0.2486 0.9593
1305031459.5276 -1.6392 0.0028 0.1448 0.0985 0.1169 0.2283 0.9615
1305031459.5596 -1.6465 -0.0081 0.1405 0.0876 0.1310 0.2537 0.9544
1305031459.5917 -1.6518 -0.0045 0.1402 0.0846 0.1334 0.2758 0.9481
1305031459.6276 -1.6582 -0.0039 0.1436 0.0827 0.1333 0.2891 0.9444
1305031459.6596 -1.6674 -0.0028 0.1468 0.0831 0.1385 0.2882 0.9439
1305031459.6916 -1.6803 0.0013 0.1563 0.0815 0.1490 0.2925 0.9411
1305031459.7276 -1.6892 -0.0065 0.1561 0.0776 0.1543 0.2964 0.9393
1305031459.7917 -1.7273 -0.0218 0.1568 0.0796 0.1646 0.2886 0.9398
1305031459.8277 -1.7483 -0.0342 0.1593 0.0779 0.1683 0.2882 0.9394
1305031459.8597 -1.7685 -0.0450 0.1642 0.0760 0.1694 0.2911 0.9385
1305031459.8916 -1.7772 -0.0616 0.1704 0.0698 0.1655 0.2954 0.9384
1305031459.9276 -1.7976 -0.0735 0.1753 0.0698 0.1665 0.2948 0.9383
1305031459.9917 -1.8184 -0.0899 0.1884 0.0667 0.1630 0.3046 0.9361
1305031460.0276 -1.8251 -0.0992 0.1953 0.0655 0.1629 0.3079 0.9351
1305031460.0597 -1.8433 -0.1199 0.1911 0.0621 0.1657 0.3111 0.9338
1305031460.0917 -1.8563 -0.1354 0.1941 0.0616 0.1612 0.3172 0.9325
1305031460.1277 -1.8655 -0.1449 0.1986 0.0651 0.1527 0.3226 0.9318
1305031460.1597 -1.8832 -0.1521 0.2060 0.0712 0.1482 0.3273 0.9305
1305031460.1916 -1.8872 -0.1612 0.2176 0.0707 0.1424 0.3332 0.9294
1305031460.2278 -1.8847 -0.1641 0.2321 0.0718 0.1420 0.3344 0.9289
1305031460.2917 -1.8929 -0.1832 0.2355 0.0764 0.1569 0.3369 0.9252
1305031460.3275 -1.8878 -0.1892 0.2423 0.0777 0.1601 0.3397 0.9235
1305031460.3916 -1.8953 -0.1939 0.2472 0.0780 0.1785 0.3452 0.9181
1305031460.4275 -1.8947 -0.1972 0.2573 0.0792 0.1863 0.3501 0.9146
1305031460.4596 -1.8915 -0.1941 0.2659 0.0791 0.1971 0.3535 0.9110
1305031460.4915 -1.8960 -0.2019 0.2683 0.0727 0.2122 0.3580 0.9064
1305031460.5276 -1.9056 -0.2166 0.2702 0.0648 0.2268 0.3659 0.9003
1305031460.5596 -1.9085 -0.2288 0.2788 0.0589 0.2390 0.3694 0.8961
1305031460.5919 -1.9089 -0.2279 0.2852 0.0592 0.2436 0.3701 0.8945
1305031460.6276 -1.9107 -0.2345 0.2900 0.0575 0.2506 0.3732 0.8914
1305031460.6598 -1.9127 -0.2349 0.2931 0.0588 0.2544 0.3720 0.8908
1305031460.6917 -1.9157 -0.2429 0.2958 0.0557 0.2570 0.3746 0.8891
1305031460.7277 -1.9184 -0.2489 0.2981 0.0528 0.2587 0.3750 0.8886
1305031460.7597 -1.9174 -0.2578 0.3001 0.0495 0.2610 0.3740 0.8886
1305031460.7917 -1.9195 -0.2618 0.3030 0.0487 0.2625 0.3735 0.8884
1305031460.8277 -1.9233 -0.2669 0.3059 0.0467 0.2638 0.3726 0.8885
1305031460.8597 -1.9261 -0.2707 0.3119 0.0442 0.2671 0.3709 0.8883
1305031460.8918 -1.9263 -0.2781 0.3166 0.0400 0.2699 0.3694 0.8883
1305031460.9276 -1.9283 -0.2886 0.3199 0.0352 0.2716 0.3698 0.8878
1305031460.9917 -1.9275 -0.3063 0.3357 0.0329 0.2767 0.3688 0.8868
1305031461.0276 -1.9268 -0.3217 0.3423 0.0322 0.2790 0.3735 0.8841
1305031461.0917 -1.9257 -0.3362 0.3599 0.0320 0.2763 0.3716 0.8857
1305031461.1276 -1.9291 -0.3428 0.3677 0.0321 0.2788 0.3691 0.8860
1305031461.1597 -1.9261 -0.3473 0.3789 0.0362 0.2797 0.3679 0.8861
1305031461.1920 -1.9233 -0.3431 0.3803 0.0404 0.2770 0.3634 0.8886
1305031461.2276 -1.9255 -0.3510 0.3885 0.0390 0.2803 0.3612 0.8885
1305031461.2596 -1.9289 -0.3557 0.3979 0.0407 0.2839 0.3532 0.8905
1305031461.2917 -1.9264 -0.3560 0.4016 0.0425 0.2824 0.3485 0.8927
1305031461.3278 -1.9241 -0.3567 0.4064 0.0444 0.2839 0.3447 0.8936
1305031461.3597 -1.9262 -0.3574 0.4139 0.0422 0.2876 0.3419 0.8936
1305031461.3917 -1.9193 -0.3632 0.4150 0.0372 0.2857 0.3432 0.8940
1305031461.4276 -1.9158 -0.3671 0.4168 0.0363 0.2860 0.3429 0.8940
1305031461.4598 -1.9160 -0.3695 0.4164 0.0336 0.2864 0.3437 0.8937
1305031461.4917 -1.9087 -0.3786 0.4187 0.0289 0.2865 0.3436 0.8939
1305031461.5277 -1.9123 -0.3665 0.4201 0.0388 0.2878 0.3403 0.8943
1305031461.5597 -1.9021 -0.3598 0.4114 0.0384 0.2847 0.3383 0.8961
1305031461.5917 -1.8887 -0.3566 0.4034 0.0367 0.2866 0.3388 0.8954
1305031461.6275 -1.8889 -0.3476 0.4151 0.0381 0.2960 0.3371 0.8929
1305031461.6596 -1.8818 -0.3459 0.4124 0.0351 0.2993 0.3374 0.8918
1305031461.6916 -1.8872 -0.3378 0.4252 0.0370 0.3077 0.3380 0.8887
1305031461.7276 -1.8758 -0.3390 0.4224 0.0328 0.3051 0.3454 0.8869
1305031461.7597 -1.8732 -0.3282 0.4246 0.0336 0.3083 0.3438 0.8864
1305031461.7916 -1.8659 -0.3226 0.4203 0.0287 0.3099 0.3475 0.8845
1305031461.8276 -1.8640 -0.3163 0.4228 0.0267 0.3187 0.3500 0.8805
1305031461.8598 -1.8726 -0.3043 0.4271 0.0284 0.3286 0.3546 0.8749
1305031461.8917 -1.8744 -0.2942 0.4182 0.0249 0.3301 0.3698 0.8681
1305031461.9278 -1.8581 -0.2874 0.4171 0.0147 0.3251 0.3821 0.8649
1305031461.9597 -1.8484 -0.2668 0.4122 0.0131 0.3266 0.3844 0.8634
1305031461.9916 -1.8577 -0.2590 0.4115 0.0026 0.3368 0.3889 0.8575
1305031462.0277 -1.8580 -0.2524 0.4126 -0.0063 0.3374 0.4017 0.8513
1305031462.0598 -1.8548 -0.2443 0.4088 -0.0122 0.3294 0.4150 0.8480
1305031462.0918 -1.8479 -0.2434 0.4092 -0.0226 0.3223 0.4269 0.8446
1305031462.1277 -1.8420 -0.2298 0.4077 -0.0236 0.3152 0.4380 0.8416
1305031462.1596 -1.8401 -0.2131 0.4032 -0.0222 0.3090 0.4485 0.8384
1305031462.1916 -1.8419 -0.2027 0.4032 -0.0244 0.3085 0.4475 0.8391
1305031462.2276 -1.8464 -0.1869 0.4004 -0.0261 0.3059 0.4478 0.8398
1305031462.2598 -1.8581 -0.1930 0.4086 -0.0375 0.3127 0.4416 0.8401
1305031462.2916 -1.8605 -0.2026 0.4100 -0.0547 0.3124 0.4374 0.8415
1305031462.3275 -1.8606 -0.1817 0.4117 -0.0571 0.3068 0.4286 0.8479
1305031462.3597 -1.8731 -0.1592 0.4157 -0.0553 0.3081 0.4188 0.8525
1305031462.3917 -1.8871 -0.1487 0.4293 -0.0610 0.3101 0.4152 0.8531
1305031462.4276 -1.9135 -0.1464 0.4537 -0.0686 0.3225 0.4010 0.8547
1305031462.4599 -1.9217 -0.1390 0.4571 -0.0789 0.3179 0.3922 0.8596
1305031462.4920 -1.9126 -0.0965 0.4462 -0.0746 0.2942 0.3875 0.8705
1305031462.5277 -1.9194 -0.1368 0.4432 -0.1066 0.2954 0.3823 0.8691
1305031462.5599 -1.9293 -0.1179 0.4448 -0.1028 0.2890 0.3743 0.8751
1305031462.5919 -1.9208 -0.1076 0.4370 -0.1064 0.2772 0.3665 0.8818
1305031462.6279 -1.9320 -0.1077 0.4374 -0.1108 0.2808 0.3538 0.8853
1305031462.6597 -1.9332 -0.1068 0.4307 -0.1137 0.2782 0.3471 0.8884
1305031462.6925 -1.9406 -0.0839 0.4116 -0.1042 0.2729 0.3329 0.8966
1305031462.7277 -1.9486 -0.0797 0.4161 -0.1044 0.2703 0.3224 0.9012
1305031462.7598 -1.9499 -0.0798 0.4134 -0.1117 0.2645 0.3109 0.9061
1305031462.7919 -1.9465 -0.0795 0.4018 -0.1176 0.2568 0.3059 0.9092
1305031462.8278 -1.9402 -0.0705 0.4074 -0.1245 0.2483 0.2996 0.9127
1305031462.8598 -1.9433 -0.0756 0.4031 -0.1334 0.2507 0.2938 0.9127
1305031462.8918 -1.9422 -0.0647 0.3989 -0.1323 0.2517 0.2894 0.9140
1305031462.9276 -1.9375 -0.0599 0.3758 -0.1337 0.2482 0.2863 0.9157
1305031462.9597 -1.9311 -0.0521 0.3713 -0.1326 0.2442 0.2839 0.9177
1305031462.9955 -1.9284 -0.0399 0.3678 -0.1259 0.2404 0.2793 0.9211
1305031463.0277 -1.9253 -0.0356 0.3563 -0.1226 0.2383 0.2746 0.9235
1305031463.0598 -1.9256 -0.0396 0.3356 -0.1224 0.2339 0.2647 0.9275
1305031463.0958 -1.9182 -0.0249 0.3286 -0.1175 0.2279 0.2559 0.9321
1305031463.1275 -1.9090 -0.0145 0.3213 -0.1125 0.2226 0.2501 0.9355
1305031463.1598 -1.9065 -0.0182 0.3065 -0.1122 0.2213 0.2392 0.9387
1305031463.1957 -1.8992 -0.0205 0.2949 -0.1164 0.2192 0.2340 0.9400
1305031463.2278 -1.8911 0.0019 0.2940 -0.1079 0.2175 0.2264 0.9433
1305031463.2600 -1.8845 0.0072 0.2797 -0.1033 0.2165 0.2201 0.9455
1305031463.2957 -1.8720 0.0157 0.2663 -0.1010 0.2117 0.2176 0.9474
1305031463.3277 -1.8618 0.0273 0.2635 -0.0969 0.2068 0.2139 0.9498
1305031463.3598 -1.8545 0.0350 0.2480 -0.0900 0.2024 0.2073 0.9529
1305031463.3956 -1.8445 0.0403 0.2398 -0.0878 0.1978 0.2048 0.9546
1305031463.4277 -1.8257 0.0478 0.2246 -0.0862 0.1902 0.2032 0.9566
1305031463.4598 -1.8133 0.0567 0.2231 -0.0840 0.1897 0.2034 0.9569
1305031463.4956 -1.7946 0.0679 0.2175 -0.0837 0.1900 0.1998 0.9576
1305031463.5277 -1.7790 0.0798 0.2063 -0.0795 0.1897 0.1991 0.9581
1305031463.5598 -1.7669 0.0739 0.2071 -0.0822 0.1946 0.1994 0.9569
1305031463.5956 -1.7488 0.0804 0.1972 -0.0815 0.1888 0.1993 0.9581
1305031463.6276 -1.7349 0.0742 0.1936 -0.0856 0.1909 0.1999 0.9572
1305031463.6598 -1.7220 0.0729 0.1743 -0.0767 0.1917 0.1981 0.9582
1305031463.6956 -1.7069 0.0701 0.1627 -0.0783 0.1907 0.1958 0.9587
1305031463.7276 -1.6955 0.0696 0.1461 -0.0773 0.1918 0.1854 0.9607
1305031463.7597 -1.6700 0.0587 0.1274 -0.0745 0.1898 0.1815 0.9620
1305031463.7956 -1.6629 0.0505 0.1131 -0.0723 0.1953 0.1693 0.9633
1305031463.8278 -1.6513 0.0515 0.0991 -0.0678 0.1953 0.1609 0.9651
1305031463.8599 -1.6233 0.0361 0.0792 -0.0710 0.1897 0.1499 0.9677
1305031463.8956 -1.6043 0.0235 0.0588 -0.0700 0.1865 0.1398 0.9699
1305031463.9277 -1.5949 0.0184 0.0520 -0.0702 0.1846 0.1319 0.9714
1305031463.9597 -1.5810 0.0092 0.0302 -0.0674 0.1794 0.1251 0.9735
1305031463.9958 -1.5754 -0.0119 0.0193 -0.0689 0.1790 0.1151 0.9747
1305031464.0277 -1.5735 -0.0169 0.0054 -0.0684 0.1780 0.1066 0.9758
1305031464.0597 -1.5572 -0.0391 -0.0055 -0.0733 0.1754 0.0933 0.9773
1305031464.0956 -1.5545 -0.0403 -0.0213 -0.0659 0.1765 0.0786 0.9789
1305031464.1277 -1.5609 -0.0511 -0.0266 -0.0653 0.1789 0.0722 0.9790
1305031464.1598 -1.5603 -0.0685 -0.0274 -0.0645 0.1779 0.0683 0.9795
1305031464.1956 -1.5521 -0.1019 -0.0488 -0.0628 0.1685 0.0662 0.9815
1305031464.2276 -1.5509 -0.1025 -0.0694 -0.0514 0.1559 0.0633 0.9844
1305031464.2596 -1.5580 -0.0976 -0.0773 -0.0448 0.1444 0.0617 0.9866
1305031464.2957 -1.5618 -0.1045 -0.0820 -0.0458 0.1308 0.0564 0.9887
1305031464.3279 -1.5387 -0.1126 -0.0908 -0.0477 0.1128 0.0504 0.9912
1305031464.3597 -1.5361 -0.1351 -0.0888 -0.0511 0.1090 0.0453 0.9917
1305031464.3956 -1.5317 -0.1405 -0.0943 -0.0487 0.1061 0.0356 0.9925
1305031464.4276 -1.5334 -0.1423 -0.1070 -0.0469 0.1073 0.0249 0.9928
1305031464.4597 -1.5289 -0.1596 -0.1111 -0.0486 0.1057 0.0166 0.9931
1305031464.4956 -1.5297 -0.1546 -0.1226 -0.0437 0.1056 0.0089 0.9934
1305031464.5276 -1.5276 -0.1590 -0.1356 -0.0427 0.1064 0.0019 0.9934
1305031464.5597 -1.5152 -0.1697 -0.1471 -0.0460 0.1038 -0.0073 0.9935
1305031464.5957 -1.5020 -0.1945 -0.1714 -0.0468 0.1054 -0.0230 0.9931
1305031464.6277 -1.4850 -0.2035 -0.1780 -0.0332 0.1148 -0.0291 0.9924
1305031464.6597 -1.4698 -0.2109 -0.1973 -0.0202 0.1221 -0.0392 0.9915
1305031464.6957 -1.4504 -0.2303 -0.2038 -0.0070 0.1265 -0.0590 0.9902
1305031464.7277 -1.4372 -0.2276 -0.2013 0.0146 0.1267 -0.0740 0.9891
1305031464.7597 -1.4306 -0.2183 -0.2073 0.0316 0.1235 -0.0886 0.9879
1305031464.7960 -1.4388 -0.2167 -0.1943 0.0396 0.1202 -0.1090 0.9859
1305031464.8278 -1.4358 -0.2135 -0.1891 0.0524 0.1048 -0.1199 0.9858
1305031464.8597 -1.4419 -0.2133 -0.1682 0.0568 0.0912 -0.1379 0.9846
1305031464.8958 -1.4216 -0.2209 -0.1573 0.0529 0.0718 -0.1538 0.9841
1305031464.9278 -1.4101 -0.2488 -0.1539 0.0464 0.0577 -0.1748 0.9818
1305031464.9598 -1.4060 -0.2563 -0.1463 0.0485 0.0538 -0.1893 0.9792
1305031464.9957 -1.3959 -0.2431 -0.1298 0.0586 0.0510 -0.2098 0.9747
1305031465.0278 -1.4002 -0.2435 -0.1084 0.0629 0.0530 -0.2296 0.9698
1305031465.0597 -1.3999 -0.2188 -0.0834 0.0733 0.0487 -0.2491 0.9645
1305031465.0957 -1.3737 -0.1794 -0.0625 0.0748 0.0372 -0.2652 0.9606
1305031465.1277 -1.3614 -0.1825 -0.0353 0.0542 0.0272 -0.2780 0.9587
1305031465.1598 -1.3479 -0.1758 0.0077 0.0390 0.0184 -0.2862 0.9572
1305031465.1956 -1.3234 -0.1951 0.0259 0.0216 0.0062 -0.2942 0.9555
1305031465.2279 -1.3072 -0.1982 0.0463 0.0068 -0.0003 -0.2997 0.9540
1305031465.2598 -1.3001 -0.2165 0.0625 -0.0124 -0.0061 -0.3031 0.9529
1305031465.2956 -1.2909 -0.2033 0.0844 -0.0164 -0.0110 -0.2892 0.9571
1305031465.3277 -1.2757 -0.1935 0.0901 -0.0258 -0.0212 -0.2819 0.9589
1305031465.3599 -1.2708 -0.2036 0.1042 -0.0364 -0.0340 -0.2734 0.9606
1305031465.3956 -1.2557 -0.2003 0.1167 -0.0392 -0.0476 -0.2618 0.9632
1305031465.4277 -1.2286 -0.2058 0.1168 -0.0397 -0.0629 -0.2516 0.9650
1305031465.4601 -1.2168 -0.1886 0.1216 -0.0354 -0.0678 -0.2426 0.9671
1305031465.4957 -1.1997 -0.1784 0.1253 -0.0375 -0.0735 -0.2327 0.9690
1305031465.5276 -1.1857 -0.1899 0.1272 -0.0432 -0.0802 -0.2293 0.9691
1305031465.5598 -1.1672 -0.1912 0.1255 -0.0409 -0.0878 -0.2253 0.9695
1305031465.5956 -1.1531 -0.1928 0.1234 -0.0396 -0.0911 -0.2210 0.9702
1305031465.6277 -1.1438 -0.1883 0.1196 -0.0373 -0.0929 -0.2170 0.9710
1305031465.6601 -1.1265 -0.1844 0.1176 -0.0353 -0.0997 -0.2093 0.9721
1305031465.6957 -1.1082 -0.1843 0.1169 -0.0335 -0.1057 -0.2040 0.9727
1305031465.7277 -1.0962 -0.1808 0.1145 -0.0299 -0.1076 -0.1990 0.9736
1305031465.7598 -1.0730 -0.1684 0.1158 -0.0229 -0.1134 -0.1911 0.9747
1305031465.7959 -1.0545 -0.1641 0.1145 -0.0203 -0.1162 -0.1863 0.9754
1305031465.8280 -1.0415 -0.1625 0.1067 -0.0153 -0.1183 -0.1851 0.9754
1305031465.8599 -1.0126 -0.1414 0.0989 -0.0008 -0.1221 -0.1814 0.9758
1305031465.8955 -0.9815 -0.1373 0.1016 0.0028 -0.1197 -0.1810 0.9762
1305031465.9275 -0.9648 -0.1392 0.0991 0.0067 -0.1108 -0.1802 0.9773
1305031465.9597 -0.9373 -0.1338 0.0944 0.0170 -0.1075 -0.1830 0.9771
1305031465.9958 -0.9163 -0.1290 0.0929 0.0240 -0.1025 -0.1848 0.9771
1305031466.0276 -0.8914 -0.1346 0.0887 0.0242 -0.1042 -0.1847 0.9770
1305031466.0598 -0.8664 -0.1095 0.0827 0.0289 -0.1036 -0.1867 0.9765
1305031466.0958 -0.8539 -0.0972 0.0862 0.0260 -0.1035 -0.1868 0.9766
1305031466.1276 -0.8387 -0.0805 0.0818 0.0229 -0.1049 -0.1880 0.9763
1305031466.1604 -0.8252 -0.0535 0.0765 0.0242 -0.1056 -0.1882 0.9761
1305031466.1958 -0.8070 -0.0461 0.0714 0.0136 -0.1124 -0.1873 0.9758
1305031466.2280 -0.7902 -0.0505 0.0660 -0.0019 -0.1175 -0.1878 0.9751
1305031466.2598 -0.7699 -0.0590 0.0566 -0.0055 -0.1211 -0.1948 0.9733
1305031466.2957 -0.7458 -0.0613 0.0469 -0.0027 -0.1203 -0.2041 0.9715
1305031466.3277 -0.7186 -0.0603 0.0351 0.0021 -0.1147 -0.2136 0.9702
1305031466.3598 -0.7091 -0.0497 0.0218 0.0035 -0.1024 -0.2210 0.9699
1305031466.3958 -0.6950 -0.0650 0.0107 0.0016 -0.1013 -0.2234 0.9694
1305031466.4278 -0.6852 -0.0599 0.0037 0.0066 -0.1035 -0.2272 0.9683
1305031466.4598 -0.6763 -0.0493 -0.0077 0.0093 -0.1046 -0.2319 0.9671
1305031466.4958 -0.6564 -0.0447 -0.0165 0.0074 -0.1068 -0.2322 0.9668
1305031466.5275 -0.6308 -0.0554 -0.0213 0.0058 -0.1075 -0.2329 0.9665
1305031466.5604 -0.6058 -0.0457 -0.0255 0.0100 -0.1052 -0.2336 0.9666
1305031466.5959 -0.5894 -0.0572 -0.0424 -0.0033 -0.1010 -0.2377 0.9661
1305031466.6275 -0.5663 -0.0690 -0.0354 -0.0074 -0.1002 -0.2457 0.9641
1305031466.6597 -0.5445 -0.0816 -0.0458 -0.0041 -0.0998 -0.2492 0.9633
1305031466.6958 -0.5299 -0.0737 -0.0492 -0.0017 -0.0991 -0.2580 0.9610
1305031466.7281 -0.5165 -0.0869 -0.0533 -0.0093 -0.0991 -0.2705 0.9576
1305031466.7596 -0.5028 -0.0868 -0.0414 -0.0043 -0.0990 -0.2764 0.9559
1305031466.7956 -0.4898 -0.0974 -0.0530 -0.0037 -0.1007 -0.2803 0.9546
1305031466.8279 -0.4721 -0.0901 -0.0553 -0.0024 -0.1038 -0.2811 0.9541
1305031466.8597 -0.4713 -0.0944 -0.0559 -0.0047 -0.1048 -0.2813 0.9539
1305031466.8957 -0.4587 -0.1005 -0.0672 -0.0061 -0.1137 -0.2815 0.9528
1305031466.9278 -0.4409 -0.1197 -0.0767 -0.0132 -0.1293 -0.2824 0.9504
1305031466.9597 -0.4273 -0.1309 -0.0873 -0.0153 -0.1359 -0.2841 0.9490
1305031466.9957 -0.4172 -0.1348 -0.0872 -0.0158 -0.1397 -0.2850 0.9482
1305031467.0278 -0.4102 -0.1409 -0.0882 -0.0168 -0.1418 -0.2866 0.9473
1305031467.0597 -0.3959 -0.1459 -0.0901 -0.0170 -0.1447 -0.2879 0.9465
1305031467.0957 -0.3838 -0.1540 -0.0942 -0.0184 -0.1458 -0.2910 0.9454
1305031467.1290 -0.3790 -0.1556 -0.0918 -0.0183 -0.1469 -0.2961 0.9436
1305031467.1597 -0.3714 -0.1571 -0.0907 -0.0173 -0.1492 -0.2990 0.9423
1305031467.1957 -0.3683 -0.1571 -0.0896 -0.0172 -0.1505 -0.3004 0.9417
1305031467.2277 -0.3589 -0.1614 -0.0939 -0.0174 -0.1558 -0.3040 0.9397
1305031467.2597 -0.3536 -0.1641 -0.0965 -0.0167 -0.1579 -0.3074 0.9382
1305031467.2958 -0.3414 -0.1654 -0.0993 -0.0155 -0.1625 -0.3090 0.9369
1305031467.3280 -0.3310 -0.1711 -0.1053 -0.0166 -0.1664 -0.3116 0.9354
1305031467.3597 -0.3171 -0.1712 -0.1086 -0.0175 -0.1717 -0.3135 0.9338
1305031467.3958 -0.3067 -0.1769 -0.1102 -0.0224 -0.1765 -0.3158 0.9320
1305031467.4278 -0.2963 -0.1898 -0.1165 -0.0256 -0.1807 -0.3162 0.9310
1305031467.4597 -0.2871 -0.1938 -0.1219 -0.0269 -0.1845 -0.3171 0.9299
1305031467.4961 -0.2678 -0.1824 -0.1294 -0.0260 -0.1894 -0.3196 0.9281
1305031467.5277 -0.2541 -0.1775 -0.1266 -0.0249 -0.1915 -0.3216 0.9270
1305031467.5598 -0.2520 -0.1842 -0.1238 -0.0266 -0.1918 -0.3218 0.9268
1305031467.5960 -0.2495 -0.1845 -0.1266 -0.0264 -0.1913 -0.3213 0.9271
1305031467.6275 -0.2413 -0.1865 -0.1249 -0.0257 -0.1951 -0.3194 0.9270
1305031467.6596 -0.2346 -0.1919 -0.1191 -0.0223 -0.2007 -0.3184 0.9262
1305031467.6959 -0.2275 -0.1963 -0.1274 -0.0211 -0.2015 -0.3189 0.9259
1305031467.7275 -0.2333 -0.2134 -0.1195 -0.0230 -0.2022 -0.3235 0.9241
1305031467.7599 -0.2290 -0.2081 -0.1059 -0.0164 -0.2058 -0.3258 0.9226
1305031467.7961 -0.2251 -0.2210 -0.1090 -0.0160 -0.2081 -0.3283 0.9212
1305031467.8278 -0.2404 -0.2438 -0.0941 -0.0192 -0.2092 -0.3299 0.9203
1305031467.8597 -0.2336 -0.2421 -0.0897 -0.0089 -0.2148 -0.3292 0.9195
1305031467.8959 -0.2365 -0.2554 -0.0873 -0.0085 -0.2192 -0.3276 0.9190
1305031467.9278 -0.2365 -0.2583 -0.0778 -0.0062 -0.2240 -0.3305 0.9168
1305031467.9598 -0.2462 -0.2620 -0.0703 0.0011 -0.2255 -0.3364 0.9143
1305031467.9958 -0.2446 -0.2694 -0.0696 0.0006 -0.2261 -0.3365 0.9141
1305031468.0281 -0.2423 -0.2705 -0.0496 0.0013 -0.2266 -0.3387 0.9132
1305031468.0598 -0.2501 -0.2852 -0.0451 0.0032 -0.2273 -0.3426 0.9116
1305031468.0959 -0.2473 -0.2913 -0.0405 0.0037 -0.2294 -0.3438 0.9106
1305031468.1278 -0.2448 -0.2984 -0.0239 0.0026 -0.2321 -0.3434 0.9101
1305031468.1599 -0.2433 -0.3104 -0.0154 0.0021 -0.2338 -0.3450 0.9090
1305031468.1960 -0.2406 -0.3181 -0.0068 0.0021 -0.2342 -0.3474 0.9080
1305031468.2282 -0.2358 -0.3289 0.0082 0.0016 -0.2353 -0.3482 0.9074
1305031468.2598 -0.2296 -0.3446 0.0335 0.0003 -0.2369 -0.3463 0.9077
1305031468.2958 -0.2220 -0.3666 0.0464 -0.0022 -0.2377 -0.3460 0.9076
1305031468.3278 -0.2237 -0.3973 0.0653 -0.0058 -0.2390 -0.3460 0.9073
1305031468.3598 -0.2243 -0.4200 0.0775 -0.0063 -0.2375 -0.3420 0.9092
1305031468.3959 -0.2201 -0.4262 0.0885 -0.0064 -0.2382 -0.3423 0.9089
1305031468.4280 -0.2242 -0.4436 0.1086 -0.0104 -0.2383 -0.3409 0.9093
1305031468.4598 -0.2260 -0.4606 0.1136 -0.0131 -0.2392 -0.3393 0.9096
1305031468.4958 -0.2227 -0.4770 0.1351 -0.0148 -0.2400 -0.3386 0.9097
1305031468.5278 -0.2344 -0.4885 0.1490 -0.0145 -0.2383 -0.3422 0.9088
1305031468.5597 -0.2481 -0.5018 0.1551 -0.0087 -0.2388 -0.3499 0.9058
1305031468.5958 -0.2550 -0.5006 0.1506 -0.0037 -0.2381 -0.3559 0.9037
1305031468.6276 -0.2624 -0.5124 0.1604 -0.0088 -0.2391 -0.3568 0.9030
1305031468.6596 -0.2863 -0.5313 0.1569 -0.0108 -0.2380 -0.3609 0.9017
1305031468.6958 -0.3078 -0.5444 0.1530 -0.0068 -0.2403 -0.3678 0.8983
1305031468.7278 -0.3220 -0.5566 0.1529 -0.0052 -0.2432 -0.3683 0.8973
1305031468.7596 -0.3312 -0.5651 0.1635 -0.0048 -0.2473 -0.3676 0.8965
1305031468.7958 -0.3440 -0.5765 0.1660 -0.0004 -0.2498 -0.3723 0.8939
1305031468.8292 -0.3614 -0.5847 0.1589 0.0084 -0.2504 -0.3776 0.8914
1305031468.8597 -0.3631 -0.5838 0.1565 0.0104 -0.2498 -0.3797 0.8907
1305031468.8959 -0.3610 -0.5917 0.1705 0.0105 -0.2488 -0.3807 0.8905
1305031468.9281 -0.3608 -0.5979 0.1766 0.0105 -0.2423 -0.3792 0.8930
1305031468.9596 -0.3834 -0.5982 0.1632 0.0053 -0.2300 -0.3804 0.8957
1305031468.9957 -0.3707 -0.5935 0.1716 -0.0055 -0.2277 -0.3816 0.8958
1305031469.0277 -0.3860 -0.6038 0.1753 -0.0265 -0.2187 -0.3889 0.8946
1305031469.0598 -0.4031 -0.6094 0.1884 -0.0399 -0.2138 -0.3962 0.8920
1305031469.0957 -0.3998 -0.6097 0.1992 -0.0489 -0.2131 -0.4025 0.8889
1305031469.1277 -0.3908 -0.6148 0.2172 -0.0594 -0.2092 -0.4115 0.8851
1305031469.1597 -0.3970 -0.6336 0.2383 -0.0722 -0.2017 -0.4202 0.8818
1305031469.1955 -0.4081 -0.6371 0.2367 -0.0792 -0.1879 -0.4229 0.8829
1305031469.2278 -0.4200 -0.6262 0.2447 -0.0785 -0.1792 -0.4243 0.8841
1305031469.2596 -0.4301 -0.6259 0.2653 -0.0856 -0.1737 -0.4297 0.8819
1305031469.2968 -0.4319 -0.6229 0.2760 -0.0876 -0.1694 -0.4317 0.8816
1305031469.3276 -0.4323 -0.6229 0.2884 -0.0907 -0.1675 -0.4326 0.8812
1305031469.3596 -0.4230 -0.6249 0.3132 -0.0965 -0.1672 -0.4376 0.8782
1305031469.3957 -0.4199 -0.6388 0.3345 -0.0994 -0.1606 -0.4439 0.8760
1305031469.4277 -0.4299 -0.6406 0.3434 -0.0994 -0.1475 -0.4526 0.8738
1305031469.4597 -0.4304 -0.6338 0.3596 -0.0971 -0.1400 -0.4613 0.8707
1305031469.4957 -0.4348 -0.6155 0.3741 -0.0929 -0.1332 -0.4631 0.8713
1305031469.5276 -0.4310 -0.6139 0.3843 -0.0967 -0.1354 -0.4639 0.8701
1305031469.5596 -0.4196 -0.6091 0.3958 -0.1014 -0.1379 -0.4607 0.8709
1305031469.5958 -0.4184 -0.5986 0.4056 -0.1082 -0.1340 -0.4605 0.8708
1305031469.6278 -0.4198 -0.5977 0.4237 -0.1195 -0.1337 -0.4623 0.8684
1305031469.6596 -0.4180 -0.5663 0.4359 -0.1189 -0.1250 -0.4621 0.8699
1305031469.6956 -0.4172 -0.5561 0.4447 -0.1216 -0.1216 -0.4615 0.8703
1305031469.7277 -0.4149 -0.5524 0.4541 -0.1293 -0.1161 -0.4605 0.8705
1305031469.7596 -0.4191 -0.5331 0.4670 -0.1341 -0.1065 -0.4567 0.8730
1305031469.7956 -0.4244 -0.4996 0.4830 -0.1352 -0.0977 -0.4536 0.8754
1305031469.8275 -0.4276 -0.4966 0.4886 -0.1450 -0.0991 -0.4530 0.8740
1305031469.8596 -0.4291 -0.4647 0.5067 -0.1477 -0.0959 -0.4506 0.8752
1305031469.8958 -0.4316 -0.4519 0.5141 -0.1541 -0.0967 -0.4478 0.8754
1305031469.9279 -0.4332 -0.4301 0.5283 -0.1554 -0.0966 -0.4465 0.8759
1305031469.9598 -0.4327 -0.4086 0.5331 -0.1570 -0.0992 -0.4415 0.8778
1305031469.9956 -0.4373 -0.3937 0.5348 -0.1598 -0.1000 -0.4405 0.8778
1305031470.0277 -0.4443 -0.3893 0.5435 -0.1705 -0.1036 -0.4390 0.8761
1305031470.0596 -0.4508 -0.3596 0.5405 -0.1672 -0.0992 -0.4380 0.8777
1305031470.0959 -0.4554 -0.3393 0.5413 -0.1654 -0.0973 -0.4369 0.8788
1305031470.1276 -0.4558 -0.3200 0.5419 -0.1700 -0.0982 -0.4322 0.8802
1305031470.1596 -0.4668 -0.3070 0.5375 -0.1752 -0.0955 -0.4315 0.8798
1305031470.1961 -0.4712 -0.2880 0.5424 -0.1779 -0.0979 -0.4266 0.8814
1305031470.2276 -0.4787 -0.2755 0.5317 -0.1814 -0.0955 -0.4265 0.8809
1305031470.2600 -0.4833 -0.2602 0.5313 -0.1876 -0.0958 -0.4211 0.8822
1305031470.2957 -0.4920 -0.2363 0.5319 -0.1884 -0.0918 -0.4200 0.8830
1305031470.3276 -0.4944 -0.2283 0.5251 -0.1975 -0.0919 -0.4153 0.8832
1305031470.3596 -0.5007 -0.2084 0.5264 -0.2003 -0.0921 -0.4091 0.8855
1305031470.3958 -0.5134 -0.1921 0.5226 -0.2052 -0.0888 -0.4057 0.8862
1305031470.4276 -0.5163 -0.1745 0.5211 -0.2032 -0.0938 -0.4093 0.8845
1305031470.4597 -0.5241 -0.1627 0.5169 -0.2036 -0.0966 -0.4088 0.8844
1305031470.4957 -0.5311 -0.1523 0.5122 -0.2033 -0.0984 -0.4066 0.8853
1305031470.5277 -0.5433 -0.1366 0.5096 -0.2015 -0.0949 -0.4072 0.8858
1305031470.5597 -0.5487 -0.1283 0.5079 -0.2029 -0.0978 -0.4058 0.8858
1305031470.5958 -0.5547 -0.1172 0.5030 -0.2018 -0.0973 -0.4006 0.8884
1305031470.6277 -0.5661 -0.0994 0.4994 -0.1994 -0.0922 -0.3983 0.8906
1305031470.6597 -0.5660 -0.0978 0.5009 -0.2037 -0.0983 -0.3918 0.8918
1305031470.6956 -0.5757 -0.0853 0.4995 -0.2059 -0.0948 -0.3864 0.8940
1305031470.7277 -0.5829 -0.0751 0.5010 -0.2044 -0.0964 -0.3852 0.8947
1305031470.7597 -0.5905 -0.0698 0.4989 -0.2057 -0.0912 -0.3817 0.8965
1305031470.7956 -0.5957 -0.0599 0.4992 -0.2048 -0.0865 -0.3741 0.9003
1305031470.8278 -0.5994 -0.0501 0.4984 -0.1989 -0.0869 -0.3689 0.9038
1305031470.8596 -0.6081 -0.0394 0.4960 -0.1914 -0.0850 -0.3609 0.9088
1305031470.8957 -0.6170 -0.0302 0.4927 -0.1862 -0.0832 -0.3531 0.9131
1305031470.9277 -0.6210 -0.0234 0.4935 -0.1812 -0.0891 -0.3477 0.9156
1305031470.9596 -0.6325 -0.0147 0.4914 -0.1685 -0.0919 -0.3470 0.9180
1305031470.9960 -0.6389 -0.0063 0.4876 -0.1547 -0.0929 -0.3474 0.9202
1305031471.0276 -0.6423 -0.0048 0.4843 -0.1437 -0.0951 -0.3447 0.9228
1305031471.0596 -0.6497 -0.0038 0.4822 -0.1325 -0.0953 -0.3422 0.9253
1305031471.0958 -0.6546 -0.0044 0.4751 -0.1244 -0.0976 -0.3346 0.9290
1305031471.1277 -0.6594 -0.0031 0.4735 -0.1203 -0.0998 -0.3273 0.9319
1305031471.1596 -0.6581 -0.0020 0.4711 -0.1135 -0.1034 -0.3194 0.9351
1305031471.1957 -0.6634 -0.0054 0.4692 -0.1153 -0.1013 -0.3160 0.9363
1305031471.2276 -0.6668 -0.0022 0.4682 -0.1138 -0.0993 -0.3119 0.9380
1305031471.2597 -0.6686 -0.0035 0.4690 -0.1153 -0.0997 -0.3111 0.9381
1305031471.2961 -0.6709 -0.0041 0.4688 -0.1145 -0.0996 -0.3073 0.9394
1305031471.3276 -0.6683 -0.0008 0.4691 -0.1086 -0.0997 -0.3027 0.9416
1305031471.3596 -0.6713 0.0004 0.4679 -0.1069 -0.0940 -0.3009 0.9430
1305031471.3957 -0.6783 -0.0017 0.4658 -0.1078 -0.0878 -0.2976 0.9445
1305031471.4277 -0.6816 0.0000 0.4646 -0.1052 -0.0863 -0.2931 0.9464
1305031471.4596 -0.6887 0.0001 0.4605 -0.1059 -0.0842 -0.2844 0.9491
1305031471.4965 -0.6908 -0.0008 0.4587 -0.1076 -0.0839 -0.2828 0.9494
1305031471.5276 -0.6980 -0.0001 0.4547 -0.1089 -0.0811 -0.2788 0.9507
1305031471.5597 -0.6987 0.0017 0.4525 -0.1074 -0.0806 -0.2783 0.9511
1305031471.5957 -0.6983 0.0018 0.4523 -0.1064 -0.0791 -0.2762 0.9519
1305031471.6276 -0.7045 0.0029 0.4489 -0.1055 -0.0724 -0.2763 0.9525
1305031471.6596 -0.7003 0.0066 0.4453 -0.0997 -0.0728 -0.2746 0.9536
1305031471.6956 -0.7040 0.0024 0.4391 -0.1023 -0.0683 -0.2712 0.9546
1305031471.7275 -0.7032 0.0048 0.4348 -0.1011 -0.0647 -0.2657 0.9566
1305031471.7597 -0.7038 0.0066 0.4352 -0.1001 -0.0592 -0.2562 0.9596
1305031471.7958 -0.7103 0.0083 0.4267 -0.0984 -0.0475 -0.2559 0.9605
1305031471.8276 -0.7149 0.0074 0.4248 -0.1023 -0.0413 -0.2540 0.9609
1305031471.8597 -0.7154 0.0071 0.4258 -0.1070 -0.0378 -0.2445 0.9630
1305031471.8956 -0.7085 0.0188 0.4231 -0.1033 -0.0362 -0.2400 0.9646
1305031471.9277 -0.7139 0.0200 0.4250 -0.1091 -0.0270 -0.2338 0.9658
1305031471.9596 -0.7162 0.0279 0.4285 -0.1048 -0.0199 -0.2319 0.9669
1305031471.9956 -0.7110 0.0309 0.4219 -0.1036 -0.0153 -0.2238 0.9690
1305031472.0276 -0.7081 0.0363 0.4212 -0.1052 -0.0135 -0.2226 0.9691
1305031472.0597 -0.7130 0.0410 0.4247 -0.1070 -0.0066 -0.2194 0.9697
1305031472.0956 -0.7185 0.0511 0.4245 -0.1031 0.0015 -0.2186 0.9703
1305031472.1276 -0.7137 0.0536 0.4204 -0.1034 -0.0022 -0.2160 0.9709
1305031472.1596 -0.7229 0.0528 0.4298 -0.1096 0.0030 -0.2154 0.9703
1305031472.1957 -0.7218 0.0597 0.4334 -0.1027 0.0008 -0.2043 0.9735
1305031472.2276 -0.7247 0.0593 0.4377 -0.1039 0.0014 -0.1996 0.9743
1305031472.2638 -0.7282 0.0631 0.4328 -0.0971 0.0037 -0.2007 0.9748
1305031472.2957 -0.7223 0.0643 0.4224 -0.0854 -0.0015 -0.1927 0.9775
1305031472.3277 -0.7235 0.0565 0.4218 -0.0869 -0.0010 -0.1887 0.9782
1305031472.3636 -0.7228 0.0601 0.4199 -0.0836 -0.0020 -0.1895 0.9783
1305031472.3956 -0.7264 0.0613 0.4246 -0.0833 -0.0016 -0.1889 0.9785
1305031472.4277 -0.7223 0.0581 0.4262 -0.0819 -0.0098 -0.1838 0.9795
1305031472.4636 -0.7149 0.0494 0.4229 -0.0826 -0.0177 -0.1804 0.9800
1305031472.4956 -0.7102 0.0481 0.4147 -0.0803 -0.0192 -0.1797 0.9802
1305031472.5276 -0.7214 0.0515 0.4196 -0.0776 -0.0106 -0.1868 0.9793
1305031472.5636 -0.7341 0.0435 0.4332 -0.0786 -0.0034 -0.1916 0.9783
1305031472.5957 -0.7331 0.0396 0.4313 -0.0787 -0.0052 -0.1892 0.9788
1305031472.6277 -0.7322 0.0374 0.4318 -0.0787 -0.0058 -0.1879 0.9790
1305031472.6636 -0.7343 0.0301 0.4326 -0.0795 -0.0057 -0.1848 0.9795
1305031472.6958 -0.7344 0.0300 0.4326 -0.0742 -0.0069 -0.1864 0.9796
1305031472.7276 -0.7335 0.0347 0.4337 -0.0678 -0.0078 -0.1879 0.9798
1305031472.7636 -0.7307 0.0356 0.4339 -0.0644 -0.0095 -0.1867 0.9803
1305031472.7956 -0.7341 0.0252 0.4364 -0.0670 -0.0075 -0.1854 0.9803
1305031472.8276 -0.7339 0.0236 0.4373 -0.0657 -0.0074 -0.1850 0.9805
1305031472.8636 -0.7364 0.0262 0.4369 -0.0616 -0.0057 -0.1851 0.9808
1305031472.8957 -0.7375 0.0224 0.4385 -0.0631 -0.0064 -0.1830 0.9811
1305031472.9277 -0.7356 0.0200 0.4400 -0.0638 -0.0087 -0.1814 0.9813
1305031472.9638 -0.7330 0.0231 0.4383 -0.0593 -0.0101 -0.1799 0.9818
1305031472.9957 -0.7330 0.0193 0.4411 -0.0634 -0.0110 -0.1779 0.9819
1305031473.0276 -0.7327 0.0172 0.4425 -0.0655 -0.0119 -0.1778 0.9818
1305031473.0637 -0.7337 0.0161 0.4434 -0.0663 -0.0116 -0.1800 0.9814
1305031473.0957 -0.7349 0.0146 0.4427 -0.0660 -0.0105 -0.1816 0.9811
1305031473.1277 -0.7387 0.0155 0.4443 -0.0657 -0.0073 -0.1841 0.9807
1305031473.1671 -0.7368 0.0170 0.4430 -0.0623 -0.0095 -0.1840 0.9809
1305031473.1961 -0.7367 0.0161 0.4430 -0.0612 -0.0104 -0.1839 0.9810
