1305031453.4237 0.0030 0.0056 -0.0083 0.0025 0.0036 0.0075 1.0000
1305031453.4597 0.0055 0.0082 -0.0193 0.0055 0.0115 0.0170 0.9998
1305031453.4917 0.0040 0.0173 -0.0281 0.0125 0.0196 0.0280 0.9993
1305031453.5237 0.0071 0.0184 -0.0406 0.0173 0.0235 0.0355 0.9989
1305031453.5598 0.0169 0.0223 -0.0583 0.0222 0.0222 0.0415 0.9986
1305031453.5916 0.0082 0.0324 -0.0753 0.0323 0.0292 0.0478 0.9979
1305031453.6277 0.0054 0.0367 -0.0835 0.0383 0.0295 0.0502 0.9976
1305031453.6596 0.0037 0.0462 -0.0994 0.0452 0.0256 0.0503 0.9974
1305031453.6917 -0.0057 0.0580 -0.1181 0.0541 0.0215 0.0461 0.9972
1305031453.7277 -0.0138 0.0576 -0.1280 0.0545 0.0182 0.0432 0.9974
1305031453.7597 -0.0211 0.0591 -0.1338 0.0572 0.0087 0.0372 0.9976
1305031453.7917 -0.0282 0.0684 -0.1512 0.0625 -0.0006 0.0275 0.9977
1305031453.8278 -0.0250 0.0754 -0.1665 0.0647 -0.0119 0.0228 0.9976
1305031453.8597 -0.0354 0.0801 -0.1683 0.0667 -0.0244 0.0189 0.9973
1305031453.8917 -0.0397 0.0808 -0.1730 0.0656 -0.0408 0.0136 0.9969
1305031453.9277 -0.0506 0.0910 -0.1876 0.0640 -0.0599 0.0083 0.9961
1305031453.9596 -0.0493 0.0891 -0.1904 0.0610 -0.0789 0.0017 0.9950
1305031453.9916 -0.0600 0.0896 -0.1908 0.0604 -0.0906 -0.0078 0.9940
1305031454.0277 -0.0764 0.0956 -0.1904 0.0632 -0.1016 -0.0126 0.9927
1305031454.0597 -0.0887 0.1038 -0.1912 0.0666 -0.1111 -0.0204 0.9914
1305031454.0917 -0.1066 0.1153 -0.1752 0.0715 -0.1208 -0.0290 0.9897
1305031454.1277 -0.1253 0.1249 -0.1690 0.0783 -0.1319 -0.0396 0.9874
1305031454.1597 -0.1460 0.1343 -0.1687 0.0815 -0.1418 -0.0484 0.9854
1305031454.1917 -0.1611 0.1359 -0.1655 0.0808 -0.1559 -0.0578 0.9828
1305031454.2277 -0.1783 0.1438 -0.1566 0.0869 -0.1705 -0.0747 0.9787
1305031454.2596 -0.1833 0.1392 -0.1655 0.0882 -0.1833 -0.0881 0.9751
1305031454.2916 -0.1918 0.1437 -0.1656 0.0885 -0.1912 -0.0978 0.9727
1305031454.3277 -0.2025 0.1451 -0.1652 0.0890 -0.2007 -0.1079 0.9696
1305031454.3596 -0.2137 0.1499 -0.1746 0.0948 -0.2088 -0.1213 0.9658
1305031454.3917 -0.2225 0.1543 -0.1783 0.0962 -0.2170 -0.1304 0.9626
1305031454.4275 -0.2342 0.1574 -0.1840 0.0969 -0.2265 -0.1407 0.9589
1305031454.4599 -0.2443 0.1601 -0.1853 0.0992 -0.2354 -0.1537 0.9545
1305031454.4916 -0.2502 0.1658 -0.1821 0.1022 -0.2407 -0.1675 0.9506
1305031454.5277 -0.2558 0.1732 -0.1813 0.1035 -0.2474 -0.1812 0.9462
1305031454.5596 -0.2605 0.1775 -0.1744 0.1019 -0.2555 -0.1919 0.9421
1305031454.5916 -0.2714 0.1862 -0.1767 0.1017 -0.2634 -0.2059 0.9369
1305031454.6276 -0.2803 0.1874 -0.1776 0.0985 -0.2747 -0.2155 0.9319
1305031454.6595 -0.2895 0.2030 -0.1725 0.0981 -0.2851 -0.2200 0.9277
1305031454.6919 -0.2982 0.2096 -0.1688 0.0937 -0.2980 -0.2253 0.9228
1305031454.7277 -0.3017 0.2166 -0.1708 0.0923 -0.3095 -0.2297 0.9181
1305031454.7597 -0.3040 0.2223 -0.1583 0.0897 -0.3170 -0.2264 0.9166
1305031454.7916 -0.3033 0.2251 -0.1488 0.0844 -0.3215 -0.2194 0.9173
1305031454.8276 -0.3005 0.2318 -0.1472 0.0812 -0.3230 -0.2137 0.9184
1305031454.8596 -0.3011 0.2283 -0.1444 0.0731 -0.3221 -0.2103 0.9202
1305031454.8918 -0.3005 0.2308 -0.1473 0.0682 -0.3176 -0.2048 0.9233
1305031454.9276 -0.3003 0.2403 -0.1443 0.0655 -0.3150 -0.1981 0.9259
1305031454.9596 -0.3017 0.2451 -0.1452 0.0623 -0.3118 -0.1933 0.9282
1305031454.9919 -0.3039 0.2482 -0.1472 0.0593 -0.3102 -0.1893 0.9297
1305031455.0278 -0.3051 0.2541 -0.1481 0.0590 -0.3098 -0.1869 0.9304
1305031455.0596 -0.3074 0.2569 -0.1490 0.0574 -0.3083 -0.1849 0.9314
1305031455.0917 -0.3106 0.2602 -0.1532 0.0583 -0.3057 -0.1850 0.9322
1305031455.1277 -0.3149 0.2683 -0.1575 0.0601 -0.3020 -0.1845 0.9334
1305031455.1597 -0.3237 0.2742 -0.1639 0.0591 -0.2971 -0.1816 0.9355
1305031455.1917 -0.3279 0.2769 -0.1610 0.0550 -0.2973 -0.1761 0.9368
1305031455.2276 -0.3327 0.2792 -0.1640 0.0538 -0.2956 -0.1728 0.9380
1305031455.2596 -0.3372 0.2892 -0.1651 0.0523 -0.2933 -0.1663 0.9400
1305031455.2918 -0.3453 0.2838 -0.1666 0.0397 -0.2908 -0.1572 0.9429
1305031455.3278 -0.3547 0.2915 -0.1726 0.0347 -0.2887 -0.1477 0.9453
1305031455.3596 -0.3614 0.3013 -0.1648 0.0280 -0.2895 -0.1384 0.9467
1305031455.3917 -0.3678 0.2992 -0.1635 0.0151 -0.2864 -0.1295 0.9492
1305031455.4276 -0.3782 0.3033 -0.1684 0.0089 -0.2816 -0.1208 0.9519
1305031455.4596 -0.3920 0.3041 -0.1786 0.0055 -0.2762 -0.1157 0.9541
1305031455.4916 -0.4054 0.3070 -0.1879 0.0015 -0.2720 -0.1080 0.9562
1305031455.5276 -0.4205 0.3065 -0.1979 -0.0027 -0.2682 -0.0995 0.9582
1305031455.5597 -0.4394 0.3126 -0.2108 -0.0034 -0.2672 -0.0885 0.9596
1305031455.5916 -0.4534 0.3136 -0.2253 -0.0072 -0.2676 -0.0775 0.9604
1305031455.6276 -0.4726 0.3122 -0.2358 -0.0110 -0.2637 -0.0697 0.9620
1305031455.6596 -0.4814 0.3105 -0.2483 -0.0095 -0.2622 -0.0647 0.9628
1305031455.6916 -0.4964 0.3122 -0.2640 -0.0063 -0.2581 -0.0658 0.9639
1305031455.7276 -0.5050 0.3104 -0.2710 -0.0051 -0.2563 -0.0685 0.9642
1305031455.7597 -0.5104 0.3088 -0.2761 -0.0045 -0.2541 -0.0701 0.9646
1305031455.7917 -0.5157 0.3018 -0.2840 -0.0048 -0.2519 -0.0692 0.9653
1305031455.8276 -0.5218 0.2979 -0.2988 -0.0043 -0.2497 -0.0685 0.9659
1305031455.8595 -0.5299 0.2961 -0.3078 -0.0038 -0.2482 -0.0695 0.9662
1305031455.8917 -0.5337 0.2938 -0.3173 -0.0036 -0.2466 -0.0700 0.9666
1305031455.9280 -0.5393 0.2900 -0.3251 -0.0047 -0.2445 -0.0704 0.9671
1305031455.9597 -0.5435 0.2890 -0.3326 -0.0039 -0.2425 -0.0718 0.9675
1305031455.9917 -0.5466 0.2876 -0.3373 -0.0051 -0.2405 -0.0727 0.9679
1305031456.0278 -0.5508 0.2899 -0.3412 -0.0080 -0.2372 -0.0763 0.9684
1305031456.0597 -0.5603 0.2738 -0.3464 -0.0189 -0.2333 -0.0837 0.9686
1305031456.0917 -0.5670 0.2674 -0.3497 -0.0225 -0.2305 -0.0867 0.9689
1305031456.1276 -0.5712 0.2655 -0.3538 -0.0226 -0.2281 -0.0872 0.9695
1305031456.1597 -0.5744 0.2635 -0.3538 -0.0223 -0.2257 -0.0875 0.9700
1305031456.1917 -0.5805 0.2492 -0.3651 -0.0213 -0.2186 -0.0861 0.9718
1305031456.2277 -0.5850 0.2536 -0.3710 -0.0179 -0.2111 -0.0837 0.9737
1305031456.2917 -0.5966 0.2379 -0.3699 -0.0203 -0.1928 -0.0775 0.9780
1305031456.3277 -0.6028 0.2306 -0.3720 -0.0188 -0.1843 -0.0707 0.9801
1305031456.3916 -0.6113 0.2162 -0.3655 -0.0196 -0.1657 -0.0592 0.9842
1305031456.4277 -0.6154 0.2077 -0.3614 -0.0184 -0.1601 -0.0491 0.9857
1305031456.4917 -0.6568 0.2269 -0.3578 -0.0195 -0.1501 -0.0366 0.9878
1305031456.5276 -0.6795 0.2353 -0.3515 -0.0204 -0.1475 -0.0318 0.9883
1305031456.5917 -0.7028 0.2488 -0.3402 -0.0177 -0.1428 -0.0234 0.9893
1305031456.6276 -0.7079 0.2588 -0.3323 -0.0300 -0.1409 -0.0186 0.9894
1305031456.6916 -0.7443 0.2423 -0.3139 -0.0444 -0.1309 -0.0067 0.9904
1305031456.7277 -0.7649 0.2633 -0.3100 -0.0434 -0.1271 0.0043 0.9909
1305031456.7916 -0.8019 0.2485 -0.2951 -0.0509 -0.1356 0.0150 0.9893
1305031456.8276 -0.8154 0.2712 -0.2837 -0.0452 -0.1378 0.0233 0.9892
1305031456.8917 -0.8350 0.2668 -0.2583 -0.0569 -0.1375 0.0345 0.9883
1305031456.9277 -0.8473 0.2751 -0.2568 -0.0502 -0.1316 0.0399 0.9892
1305031456.9597 -0.8614 0.2863 -0.2563 -0.0507 -0.1250 0.0457 0.9898
1305031456.9917 -0.8695 0.2771 -0.2473 -0.0631 -0.1237 0.0491 0.9891
1305031457.0276 -0.8851 0.2772 -0.2466 -0.0646 -0.1180 0.0512 0.9896
1305031457.0917 -0.8996 0.2833 -0.2416 -0.0775 -0.1125 0.0590 0.9889
1305031457.1276 -0.9142 0.2766 -0.2425 -0.0815 -0.1048 0.0620 0.9892
1305031457.1917 -0.9387 0.2761 -0.2589 -0.0807 -0.0884 0.0778 0.9898
1305031457.2275 -0.9468 0.2744 -0.2619 -0.0832 -0.0841 0.0808 0.9897
1305031457.2917 -0.9659 0.2660 -0.2793 -0.0774 -0.0687 0.0968 0.9899
1305031457.3275 -0.9778 0.2722 -0.2886 -0.0728 -0.0599 0.1002 0.9905
1305031457.3917 -1.0037 0.2599 -0.3128 -0.0706 -0.0343 0.1165 0.9901
1305031457.4276 -1.0148 0.2640 -0.3214 -0.0664 -0.0281 0.1216 0.9900
1305031457.4917 -1.0425 0.2484 -0.3460 -0.0668 -0.0195 0.1325 0.9887
1305031457.5276 -1.0492 0.2442 -0.3565 -0.0644 -0.0169 0.1359 0.9885
1305031457.5597 -1.0610 0.2443 -0.3719 -0.0575 -0.0110 0.1426 0.9880
1305031457.5917 -1.0705 0.2396 -0.3814 -0.0571 -0.0074 0.1454 0.9877
1305031457.6275 -1.0855 0.2234 -0.3946 -0.0601 -0.0029 0.1484 0.9871
1305031457.6596 -1.0995 0.2382 -0.4094 -0.0489 -0.0006 0.1555 0.9866
1305031457.6916 -1.1070 0.2285 -0.4156 -0.0547 -0.0004 0.1580 0.9859
1305031457.7277 -1.1252 0.2052 -0.4227 -0.0601 0.0038 0.1555 0.9860
1305031457.7596 -1.1325 0.2021 -0.4276 -0.0568 0.0059 0.1550 0.9863
1305031457.7916 -1.1339 0.1862 -0.4329 -0.0496 0.0086 0.1548 0.9867
1305031457.8277 -1.1395 0.1920 -0.4503 -0.0367 0.0140 0.1575 0.9867
1305031457.8596 -1.1488 0.1915 -0.4550 -0.0326 0.0200 0.1581 0.9867
1305031457.8916 -1.1652 0.1722 -0.4606 -0.0259 0.0313 0.1581 0.9866
1305031457.9276 -1.1804 0.1684 -0.4712 -0.0122 0.0372 0.1627 0.9859
1305031457.9916 -1.2089 0.1521 -0.4736 0.0000 0.0422 0.1685 0.9848
1305031458.0278 -1.2114 0.1437 -0.4767 0.0092 0.0448 0.1723 0.9840
1305031458.0597 -1.2231 0.1521 -0.4811 0.0201 0.0490 0.1747 0.9832
1305031458.0917 -1.2305 0.1494 -0.4806 0.0195 0.0513 0.1756 0.9829
1305031458.1276 -1.2412 0.1386 -0.4793 0.0169 0.0546 0.1760 0.9827
1305031458.1596 -1.2516 0.1310 -0.4808 0.0167 0.0567 0.1776 0.9823
1305031458.1916 -1.2714 0.1263 -0.4671 0.0173 0.0584 0.1820 0.9814
1305031458.2276 -1.2843 0.1100 -0.4474 0.0078 0.0569 0.1819 0.9816
1305031458.2599 -1.3059 0.0881 -0.4412 0.0048 0.0572 0.1778 0.9824
1305031458.2917 -1.3296 0.0699 -0.4378 0.0099 0.0556 0.1813 0.9818
1305031458.3276 -1.3494 0.0642 -0.4241 0.0122 0.0510 0.1819 0.9819
1305031458.3596 -1.3584 0.0304 -0.4085 0.0121 0.0485 0.1847 0.9815
1305031458.3916 -1.3834 0.0372 -0.3937 0.0274 0.0498 0.1911 0.9799
1305031458.4276 -1.3938 0.0410 -0.3771 0.0364 0.0500 0.2013 0.9776
1305031458.4596 -1.3892 0.0332 -0.3702 0.0467 0.0518 0.2076 0.9757
1305031458.4917 -1.3783 0.0180 -0.3621 0.0602 0.0564 0.2084 0.9746
1305031458.5277 -1.3928 0.0239 -0.3601 0.0780 0.0665 0.2081 0.9727
1305031458.5596 -1.4054 0.0272 -0.3512 0.0834 0.0745 0.2050 0.9724
1305031458.5916 -1.4236 0.0241 -0.3420 0.0915 0.0828 0.1963 0.9727
1305031458.6277 -1.4367 0.0378 -0.3218 0.0971 0.0844 0.1939 0.9725
1305031458.6596 -1.4557 0.0324 -0.3097 0.0912 0.0825 0.1955 0.9730
1305031458.6917 -1.4693 0.0250 -0.2879 0.0856 0.0705 0.1850 0.9765
1305031458.7276 -1.4701 0.0227 -0.2697 0.0871 0.0563 0.1801 0.9782
1305031458.7599 -1.4816 0.0197 -0.2571 0.0919 0.0437 0.1720 0.9798
1305031458.7916 -1.4812 0.0248 -0.2353 0.0942 0.0279 0.1641 0.9815
1305031458.8276 -1.4731 0.0178 -0.2114 0.0879 0.0169 0.1629 0.9826
1305031458.8917 -1.4763 0.0130 -0.1913 0.0947 0.0148 0.1507 0.9839
1305031458.9276 -1.4846 0.0162 -0.1883 0.0948 0.0201 0.1521 0.9836
1305031458.9596 -1.4823 0.0068 -0.1798 0.0846 0.0210 0.1626 0.9828
1305031458.9916 -1.4915 -0.0075 -0.1802 0.0833 0.0252 0.1655 0.9824
1305031459.0277 -1.5226 -0.0079 -0.1765 0.0961 0.0293 0.1632 0.9815
1305031459.0596 -1.5405 -0.0194 -0.1738 0.1017 0.0228 0.1741 0.9792
1305031459.1276 -1.5427 0.0025 -0.1285 0.1107 0.0246 0.1659 0.9796
1305031459.1596 -1.5521 0.0080 -0.1194 0.1220 -0.0025 0.1654 0.9786
1305031459.1917 -1.5652 0.0085 -0.1072 0.1288 -0.0196 0.1684 0.9771
1305031459.2276 -1.5717 0.0096 -0.0974 0.1319 -0.0331 0.1754 0.9750
1305031459.2598 -1.5743 0.0123 -0.0829 0.1320 -0.0361 0.1819 0.9737
1305031459.3276 -1.5874 0.0174 -0.0540 0.1263 -0.0068 0.2083 0.9698
1305031459.3597 -1.5969 0.0215 -0.0467 0.1276 0.0158 0.2268 0.9654
1305031459.3917 -1.6097 0.0365 -0.0423 0.1230 0.0413 0.2508 0.9593
1305031459.4276 -1.6012 0.0409 -0.0314 0.1064 0.0686 0.2841 0.9504
1305031459.4597 -1.6071 0.0465 -0.0371 0.1004 0.0974 0.3154 0.9386
1305031459.5276 -1.6310 0.0625 -0.0231 0.0793 0.1372 0.3765 0.9128
1305031459.5596 -1.6433 0.0485 -0.0258 0.0674 0.1522 0.3995 0.9015
1305031459.5917 -1.6541 0.0457 -0.0227 0.0627 0.1568 0.4196 0.8919
1305031459.6276 -1.6534 0.0447 -0.0188 0.0584 0.1538 0.4321 0.8867
1305031459.6596 -1.6604 0.0458 -0.0148 0.0590 0.1582 0.4323 0.8858
1305031459.6916 -1.6763 0.0374 -0.0146 0.0534 0.1695 0.4369 0.8818
1305031459.7276 -1.6797 0.0220 -0.0161 0.0451 0.1740 0.4398 0.8799
1305031459.7917 -1.7069 -0.0114 -0.0184 0.0427 0.1831 0.4362 0.8800
1305031459.8277 -1.7196 -0.0308 -0.0159 0.0397 0.1850 0.4363 0.8797
1305031459.8597 -1.7394 -0.0484 -0.0121 0.0368 0.1870 0.4348 0.8801
1305031459.8916 -1.7412 -0.0710 -0.0091 0.0297 0.1812 0.4415 0.8783
1305031459.9276 -1.7494 -0.0900 -0.0047 0.0272 0.1799 0.4436 0.8776
1305031459.9917 -1.7653 -0.1229 0.0066 0.0210 0.1780 0.4515 0.8741
1305031460.0276 -1.7717 -0.1365 0.0135 0.0200 0.1792 0.4535 0.8728
1305031460.0597 -1.7801 -0.1580 0.0159 0.0173 0.1807 0.4569 0.8708
1305031460.0917 -1.7902 -0.1813 0.0156 0.0168 0.1775 0.4632 0.8682
1305031460.1277 -1.7945 -0.1919 0.0218 0.0223 0.1689 0.4685 0.8669
1305031460.1597 -1.8051 -0.2027 0.0282 0.0286 0.1631 0.4725 0.8657
1305031460.1916 -1.8053 -0.2118 0.0390 0.0286 0.1568 0.4789 0.8633
1305031460.2278 -1.8063 -0.2130 0.0475 0.0307 0.1576 0.4791 0.8630
1305031460.2917 -1.8099 -0.2298 0.0540 0.0341 0.1731 0.4795 0.8596
1305031460.3275 -1.8134 -0.2327 0.0564 0.0368 0.1792 0.4794 0.8583
1305031460.3916 -1.8196 -0.2409 0.0702 0.0340 0.1985 0.4831 0.8521
1305031460.4275 -1.8218 -0.2462 0.0738 0.0331 0.2069 0.4867 0.8481
1305031460.4596 -1.8175 -0.2396 0.0763 0.0319 0.2148 0.4886 0.8450
1305031460.4915 -1.8207 -0.2498 0.0767 0.0235 0.2284 0.4934 0.8389
1305031460.5276 -1.8229 -0.2661 0.0773 0.0131 0.2406 0.5000 0.8318
1305031460.5596 -1.8214 -0.2727 0.0805 0.0075 0.2478 0.5027 0.8281
1305031460.5919 -1.8239 -0.2791 0.0865 0.0045 0.2554 0.5025 0.8260
1305031460.6276 -1.8274 -0.2840 0.0907 0.0033 0.2622 0.5034 0.8233
1305031460.6598 -1.8322 -0.2911 0.0950 0.0019 0.2684 0.5017 0.8224
1305031460.6917 -1.8341 -0.2979 0.0973 -0.0005 0.2706 0.5025 0.8211
1305031460.7277 -1.8340 -0.3014 0.1007 -0.0026 0.2712 0.5025 0.8209
1305031460.7597 -1.8347 -0.3069 0.1044 -0.0043 0.2743 0.5008 0.8209
1305031460.7917 -1.8380 -0.3162 0.1079 -0.0067 0.2776 0.5005 0.8200
1305031460.8277 -1.8392 -0.3235 0.1142 -0.0101 0.2792 0.4993 0.8201
1305031460.8597 -1.8385 -0.3272 0.1180 -0.0131 0.2807 0.4980 0.8204
1305031460.8918 -1.8375 -0.3332 0.1217 -0.0170 0.2827 0.4966 0.8205
1305031460.9276 -1.8379 -0.3426 0.1274 -0.0210 0.2844 0.4965 0.8199
1305031460.9917 -1.8259 -0.3615 0.1382 -0.0248 0.2867 0.4999 0.8169
1305031461.0276 -1.8259 -0.3705 0.1456 -0.0244 0.2895 0.5002 0.8157
1305031461.0917 -1.8336 -0.3806 0.1663 -0.0195 0.2913 0.4971 0.8171
1305031461.1276 -1.8284 -0.3848 0.1730 -0.0206 0.2912 0.4960 0.8177
1305031461.1597 -1.8277 -0.3915 0.1829 -0.0180 0.2951 0.4944 0.8174
1305031461.1920 -1.8300 -0.3990 0.1889 -0.0173 0.2982 0.4902 0.8188
1305031461.2276 -1.8286 -0.4019 0.1940 -0.0170 0.2993 0.4887 0.8193
1305031461.2596 -1.8279 -0.4071 0.2003 -0.0159 0.3011 0.4862 0.8201
1305031461.2917 -1.8254 -0.4113 0.2050 -0.0149 0.3024 0.4810 0.8228
1305031461.3278 -1.8249 -0.4090 0.2092 -0.0124 0.3041 0.4770 0.8245
1305031461.3597 -1.8267 -0.4073 0.2153 -0.0139 0.3075 0.4744 0.8247
1305031461.3917 -1.8203 -0.4129 0.2211 -0.0195 0.3070 0.4745 0.8248
1305031461.4276 -1.8159 -0.4119 0.2228 -0.0190 0.3065 0.4734 0.8256
1305031461.4598 -1.8169 -0.4126 0.2276 -0.0212 0.3076 0.4733 0.8252
1305031461.4917 -1.8080 -0.4148 0.2271 -0.0232 0.3060 0.4749 0.8248
1305031461.5277 -1.8104 -0.4097 0.2282 -0.0165 0.3083 0.4718 0.8259
1305031461.5597 -1.8057 -0.4024 0.2267 -0.0157 0.3080 0.4688 0.8277
1305031461.5917 -1.8006 -0.3956 0.2135 -0.0164 0.3114 0.4656 0.8282
1305031461.6275 -1.7982 -0.3867 0.2121 -0.0173 0.3156 0.4649 0.8270
1305031461.6596 -1.7983 -0.3812 0.2122 -0.0185 0.3207 0.4633 0.8260
1305031461.6916 -1.8012 -0.3791 0.2164 -0.0202 0.3261 0.4666 0.8219
1305031461.7276 -1.7963 -0.3713 0.2189 -0.0211 0.3265 0.4696 0.8200
1305031461.7597 -1.7968 -0.3631 0.2157 -0.0207 0.3285 0.4703 0.8189
1305031461.7916 -1.7921 -0.3588 0.2117 -0.0262 0.3310 0.4750 0.8149
1305031461.8276 -1.7890 -0.3498 0.2058 -0.0287 0.3352 0.4779 0.8114
1305031461.8598 -1.7938 -0.3365 0.2056 -0.0283 0.3412 0.4823 0.8063
1305031461.8917 -1.7963 -0.3216 0.2121 -0.0317 0.3445 0.4947 0.7972
1305031461.9278 -1.7865 -0.3155 0.2170 -0.0407 0.3417 0.5061 0.7909
1305031461.9597 -1.7820 -0.2985 0.2073 -0.0449 0.3434 0.5070 0.7893
1305031461.9916 -1.7932 -0.2838 0.2074 -0.0517 0.3506 0.5134 0.7816
1305031462.0277 -1.7951 -0.2880 0.2206 -0.0663 0.3539 0.5229 0.7726
1305031462.0598 -1.7947 -0.2796 0.2210 -0.0708 0.3466 0.5351 0.7671
1305031462.0918 -1.7922 -0.2669 0.2165 -0.0715 0.3372 0.5483 0.7619
1305031462.1277 -1.7871 -0.2566 0.2157 -0.0755 0.3307 0.5596 0.7561
1305031462.1596 -1.7913 -0.2358 0.2094 -0.0720 0.3232 0.5663 0.7548
1305031462.1916 -1.7952 -0.2261 0.2124 -0.0735 0.3227 0.5646 0.7561
1305031462.2276 -1.8026 -0.2105 0.2094 -0.0751 0.3191 0.5637 0.7581
1305031462.2598 -1.8079 -0.2135 0.2149 -0.0861 0.3204 0.5588 0.7600
1305031462.2916 -1.8143 -0.2071 0.2178 -0.0924 0.3177 0.5538 0.7641
1305031462.3275 -1.8080 -0.2119 0.2228 -0.1087 0.3138 0.5502 0.7662
1305031462.3597 -1.8300 -0.1848 0.2244 -0.1014 0.3129 0.5419 0.7734
1305031462.3917 -1.8340 -0.1679 0.2256 -0.1064 0.3026 0.5413 0.7773
1305031462.4276 -1.8421 -0.1593 0.2275 -0.1144 0.2957 0.5352 0.7830
1305031462.4599 -1.8617 -0.1483 0.2425 -0.1175 0.2938 0.5277 0.7883
1305031462.4920 -1.8552 -0.1439 0.2435 -0.1306 0.2797 0.5276 0.7914
1305031462.5277 -1.8596 -0.1591 0.2559 -0.1457 0.2774 0.5175 0.7962
1305031462.5599 -1.8606 -0.1653 0.2534 -0.1569 0.2685 0.5133 0.7999
1305031462.5919 -1.8717 -0.1559 0.2542 -0.1533 0.2667 0.5044 0.8068
1305031462.6279 -1.8694 -0.1625 0.2532 -0.1631 0.2627 0.4992 0.8095
1305031462.6597 -1.8774 -0.1581 0.2436 -0.1624 0.2622 0.4922 0.8140
1305031462.6925 -1.8811 -0.1649 0.2437 -0.1671 0.2615 0.4833 0.8186
1305031462.7277 -1.8858 -0.1561 0.2389 -0.1661 0.2521 0.4716 0.8285
1305031462.7598 -1.8851 -0.1645 0.2376 -0.1754 0.2467 0.4618 0.8337
1305031462.7919 -1.8827 -0.1723 0.2349 -0.1839 0.2420 0.4567 0.8361
1305031462.8278 -1.8800 -0.1614 0.2389 -0.1890 0.2322 0.4501 0.8413
1305031462.8598 -1.8796 -0.1631 0.2282 -0.1946 0.2294 0.4461 0.8429
1305031462.8918 -1.8801 -0.1565 0.2221 -0.1944 0.2295 0.4418 0.8452
1305031462.9276 -1.8834 -0.1457 0.1984 -0.1928 0.2285 0.4364 0.8486
1305031462.9597 -1.8801 -0.1433 0.1933 -0.1932 0.2255 0.4344 0.8504
1305031462.9955 -1.8790 -0.1266 0.1870 -0.1855 0.2212 0.4321 0.8544
1305031463.0277 -1.8771 -0.1215 0.1719 -0.1803 0.2183 0.4271 0.8587
1305031463.0598 -1.8768 -0.1292 0.1560 -0.1812 0.2163 0.4189 0.8631
1305031463.0958 -1.8745 -0.1101 0.1487 -0.1742 0.2103 0.4122 0.8692
1305031463.1275 -1.8710 -0.0916 0.1403 -0.1664 0.2058 0.4073 0.8741
1305031463.1598 -1.8745 -0.1002 0.1204 -0.1660 0.2096 0.3919 0.8803
1305031463.1957 -1.8703 -0.0979 0.1143 -0.1678 0.2082 0.3866 0.8826
1305031463.2278 -1.8638 -0.0833 0.1074 -0.1651 0.2062 0.3823 0.8855
1305031463.2600 -1.8616 -0.0707 0.0927 -0.1571 0.2062 0.3770 0.8892
1305031463.2957 -1.8556 -0.0660 0.0810 -0.1558 0.2046 0.3742 0.8910
1305031463.3277 -1.8479 -0.0504 0.0757 -0.1513 0.1994 0.3722 0.8938
1305031463.3598 -1.8473 -0.0446 0.0613 -0.1447 0.1985 0.3662 0.8975
1305031463.3956 -1.8427 -0.0413 0.0521 -0.1427 0.1965 0.3650 0.8988
1305031463.4277 -1.8318 -0.0206 0.0416 -0.1361 0.1910 0.3618 0.9022
1305031463.4598 -1.8247 -0.0117 0.0339 -0.1353 0.1928 0.3594 0.9030
1305031463.4956 -1.8144 0.0003 0.0250 -0.1355 0.1946 0.3566 0.9037
1305031463.5277 -1.8078 0.0122 0.0183 -0.1339 0.2010 0.3524 0.9041
1305031463.5598 -1.7932 0.0272 0.0069 -0.1293 0.2009 0.3532 0.9045
1305031463.5956 -1.7855 0.0371 -0.0011 -0.1273 0.1993 0.3522 0.9056
1305031463.6276 -1.7714 0.0379 -0.0157 -0.1264 0.1983 0.3463 0.9082
1305031463.6598 -1.7627 0.0445 -0.0323 -0.1166 0.2014 0.3419 0.9105
1305031463.6956 -1.7523 0.0513 -0.0506 -0.1132 0.1996 0.3391 0.9123
1305031463.7276 -1.7419 0.0489 -0.0611 -0.1151 0.2038 0.3332 0.9134
1305031463.7597 -1.7237 0.0474 -0.0790 -0.1104 0.2054 0.3239 0.9169
1305031463.7956 -1.7030 0.0437 -0.1054 -0.1081 0.2024 0.3154 0.9208
1305031463.8278 -1.6788 0.0363 -0.1258 -0.1129 0.1977 0.3040 0.9251
1305031463.8599 -1.6685 0.0388 -0.1355 -0.1069 0.2028 0.2949 0.9276
1305031463.8956 -1.6577 0.0404 -0.1589 -0.1006 0.2027 0.2845 0.9316
1305031463.9277 -1.6446 0.0346 -0.1744 -0.1015 0.1990 0.2797 0.9337
1305031463.9597 -1.6237 0.0287 -0.1912 -0.0998 0.1932 0.2741 0.9368
1305031463.9958 -1.6202 0.0283 -0.2047 -0.0916 0.1937 0.2664 0.9397
1305031464.0277 -1.6146 0.0249 -0.2170 -0.0903 0.1927 0.2563 0.9429
1305031464.0597 -1.6007 0.0098 -0.2302 -0.0944 0.1917 0.2442 0.9459
1305031464.0956 -1.5952 -0.0009 -0.2485 -0.0908 0.1938 0.2325 0.9487
1305031464.1277 -1.5980 -0.0064 -0.2576 -0.0881 0.1961 0.2265 0.9500
1305031464.1598 -1.5894 -0.0213 -0.2657 -0.0856 0.1938 0.2249 0.9511
1305031464.1956 -1.5829 -0.0291 -0.2777 -0.0744 0.1889 0.2213 0.9538
1305031464.2276 -1.5836 -0.0132 -0.2946 -0.0558 0.1793 0.2124 0.9590
1305031464.2596 -1.5891 -0.0111 -0.2976 -0.0480 0.1675 0.2120 0.9616
1305031464.2957 -1.5884 -0.0083 -0.2987 -0.0433 0.1535 0.2068 0.9653
1305031464.3279 -1.5662 -0.0038 -0.3093 -0.0402 0.1360 0.2028 0.9689
1305031464.3597 -1.5584 -0.0094 -0.3202 -0.0375 0.1289 0.1972 0.9711
1305031464.3956 -1.5544 -0.0085 -0.3298 -0.0323 0.1265 0.1864 0.9738
1305031464.4276 -1.5478 -0.0084 -0.3451 -0.0307 0.1261 0.1789 0.9753
1305031464.4597 -1.5447 -0.0177 -0.3591 -0.0303 0.1258 0.1705 0.9768
1305031464.4956 -1.5369 -0.0172 -0.3696 -0.0282 0.1244 0.1646 0.9781
1305031464.5276 -1.5322 -0.0227 -0.3918 -0.0283 0.1249 0.1576 0.9792
1305031464.5597 -1.5161 -0.0226 -0.4019 -0.0296 0.1214 0.1500 0.9808
1305031464.5957 -1.4948 -0.0373 -0.4285 -0.0287 0.1229 0.1360 0.9826
1305031464.6277 -1.4797 -0.0460 -0.4496 -0.0191 0.1341 0.1292 0.9823
1305031464.6597 -1.4686 -0.0577 -0.4668 -0.0111 0.1460 0.1182 0.9821
1305031464.6957 -1.4394 -0.0675 -0.4869 0.0010 0.1514 0.1052 0.9829
1305031464.7277 -1.4387 -0.0682 -0.4932 0.0197 0.1582 0.0877 0.9833
1305031464.7597 -1.4388 -0.0658 -0.4991 0.0331 0.1591 0.0706 0.9842
1305031464.7960 -1.4405 -0.0707 -0.5075 0.0399 0.1551 0.0515 0.9857
1305031464.8278 -1.4421 -0.0619 -0.5004 0.0549 0.1438 0.0376 0.9874
1305031464.8597 -1.4452 -0.0373 -0.4953 0.0674 0.1292 0.0201 0.9891
1305031464.8958 -1.4358 -0.0419 -0.4841 0.0649 0.1135 0.0031 0.9914
1305031464.9278 -1.4086 -0.0614 -0.4873 0.0598 0.0982 -0.0160 0.9932
1305031464.9598 -1.3955 -0.0723 -0.4859 0.0619 0.0925 -0.0333 0.9932
1305031464.9957 -1.3950 -0.0644 -0.4748 0.0697 0.0937 -0.0521 0.9918
1305031465.0278 -1.3946 -0.0586 -0.4634 0.0745 0.0954 -0.0715 0.9901
1305031465.0597 -1.4015 -0.0421 -0.4432 0.0825 0.0939 -0.0910 0.9880
1305031465.0957 -1.3842 -0.0092 -0.4296 0.0819 0.0806 -0.1066 0.9876
1305031465.1277 -1.3670 0.0020 -0.3970 0.0664 0.0679 -0.1203 0.9882
1305031465.1598 -1.3548 0.0053 -0.3691 0.0500 0.0563 -0.1279 0.9889
1305031465.1956 -1.3369 -0.0038 -0.3453 0.0344 0.0446 -0.1364 0.9891
1305031465.2279 -1.3230 0.0009 -0.3223 0.0216 0.0368 -0.1432 0.9888
1305031465.2598 -1.3103 -0.0048 -0.2942 0.0071 0.0284 -0.1440 0.9891
1305031465.2956 -1.3055 0.0136 -0.2666 0.0059 0.0231 -0.1331 0.9908
1305031465.3277 -1.2948 0.0200 -0.2632 -0.0043 0.0114 -0.1235 0.9923
1305031465.3599 -1.2866 0.0223 -0.2453 -0.0091 -0.0032 -0.1126 0.9936
1305031465.3956 -1.2571 0.0291 -0.2334 -0.0082 -0.0227 -0.1009 0.9946
1305031465.4277 -1.2313 0.0291 -0.2321 -0.0079 -0.0361 -0.0916 0.9951
1305031465.4601 -1.2180 0.0393 -0.2327 -0.0055 -0.0436 -0.0820 0.9957
1305031465.4957 -1.1999 0.0517 -0.2308 -0.0071 -0.0517 -0.0712 0.9961
1305031465.5276 -1.1851 0.0487 -0.2296 -0.0099 -0.0589 -0.0680 0.9959
1305031465.5598 -1.1662 0.0556 -0.2317 -0.0053 -0.0660 -0.0633 0.9958
1305031465.5956 -1.1488 0.0607 -0.2351 -0.0027 -0.0700 -0.0574 0.9959
1305031465.6277 -1.1391 0.0697 -0.2342 0.0003 -0.0726 -0.0512 0.9960
1305031465.6601 -1.1280 0.0740 -0.2352 0.0019 -0.0786 -0.0457 0.9959
1305031465.6957 -1.1051 0.0825 -0.2352 0.0061 -0.0863 -0.0401 0.9954
1305031465.7277 -1.0901 0.0926 -0.2387 0.0110 -0.0889 -0.0336 0.9954
1305031465.7598 -1.0769 0.1066 -0.2410 0.0171 -0.0919 -0.0272 0.9952
1305031465.7959 -1.0596 0.1141 -0.2412 0.0195 -0.0948 -0.0230 0.9950
1305031465.8280 -1.0424 0.1226 -0.2425 0.0254 -0.0982 -0.0190 0.9947
1305031465.8599 -1.0158 0.1392 -0.2547 0.0350 -0.1008 -0.0151 0.9942
1305031465.8955 -0.9928 0.1531 -0.2595 0.0381 -0.0956 -0.0140 0.9946
1305031465.9275 -0.9690 0.1579 -0.2553 0.0408 -0.0902 -0.0125 0.9950
1305031465.9597 -0.9449 0.1757 -0.2615 0.0512 -0.0840 -0.0131 0.9951
1305031465.9958 -0.9224 0.1853 -0.2679 0.0558 -0.0798 -0.0144 0.9951
1305031466.0276 -0.8995 0.1947 -0.2768 0.0584 -0.0803 -0.0151 0.9949
1305031466.0598 -0.8778 0.2220 -0.2778 0.0597 -0.0808 -0.0129 0.9949
1305031466.0958 -0.8693 0.2413 -0.2855 0.0566 -0.0809 -0.0133 0.9950
1305031466.1276 -0.8578 0.2626 -0.2893 0.0530 -0.0842 -0.0130 0.9950
1305031466.1604 -0.8501 0.2846 -0.2940 0.0504 -0.0872 -0.0115 0.9949
1305031466.1958 -0.8425 0.3041 -0.3007 0.0444 -0.0921 -0.0095 0.9947
1305031466.2280 -0.8263 0.3067 -0.3014 0.0303 -0.1012 -0.0135 0.9943
1305031466.2598 -0.8094 0.3048 -0.3066 0.0277 -0.1046 -0.0198 0.9939
1305031466.2957 -0.7840 0.3135 -0.3126 0.0314 -0.1036 -0.0304 0.9937
1305031466.3277 -0.7647 0.3189 -0.3261 0.0314 -0.0959 -0.0379 0.9942
1305031466.3598 -0.7551 0.3251 -0.3401 0.0280 -0.0853 -0.0458 0.9949
1305031466.3958 -0.7409 0.3163 -0.3517 0.0254 -0.0838 -0.0476 0.9950
1305031466.4278 -0.7305 0.3212 -0.3627 0.0296 -0.0858 -0.0507 0.9946
1305031466.4598 -0.7201 0.3303 -0.3734 0.0307 -0.0885 -0.0531 0.9942
1305031466.4958 -0.7070 0.3385 -0.3779 0.0292 -0.0909 -0.0545 0.9939
1305031466.5275 -0.6817 0.3344 -0.3871 0.0263 -0.0914 -0.0547 0.9940
1305031466.5604 -0.6643 0.3460 -0.3994 0.0274 -0.0864 -0.0555 0.9943
1305031466.5959 -0.6400 0.3567 -0.4023 0.0198 -0.0879 -0.0606 0.9941
1305031466.6275 -0.6178 0.3377 -0.4085 0.0106 -0.0862 -0.0642 0.9941
1305031466.6597 -0.5944 0.3381 -0.4137 0.0146 -0.0849 -0.0687 0.9939
1305031466.6958 -0.5776 0.3513 -0.4200 0.0174 -0.0853 -0.0739 0.9935
1305031466.7281 -0.5654 0.3573 -0.4211 0.0133 -0.0855 -0.0872 0.9924
1305031466.7596 -0.5425 0.3488 -0.4196 0.0132 -0.0877 -0.0920 0.9918
1305031466.7956 -0.5284 0.3493 -0.4322 0.0163 -0.0889 -0.0960 0.9913
1305031466.8279 -0.5153 0.3551 -0.4353 0.0152 -0.0923 -0.0975 0.9908
1305031466.8597 -0.5112 0.3528 -0.4341 0.0135 -0.0946 -0.0975 0.9906
1305031466.8957 -0.4956 0.3508 -0.4374 0.0140 -0.1065 -0.0961 0.9896
1305031466.9278 -0.4808 0.3486 -0.4396 0.0130 -0.1205 -0.0985 0.9877
1305031466.9597 -0.4693 0.3446 -0.4390 0.0124 -0.1273 -0.1010 0.9866
1305031466.9957 -0.4579 0.3416 -0.4449 0.0120 -0.1301 -0.1030 0.9861
1305031467.0278 -0.4463 0.3396 -0.4476 0.0119 -0.1330 -0.1058 0.9854
1305031467.0597 -0.4312 0.3388 -0.4525 0.0122 -0.1357 -0.1069 0.9849
1305031467.0957 -0.4208 0.3470 -0.4497 0.0131 -0.1363 -0.1100 0.9845
1305031467.1290 -0.4149 0.3452 -0.4485 0.0126 -0.1375 -0.1174 0.9835
1305031467.1597 -0.4068 0.3442 -0.4491 0.0134 -0.1391 -0.1221 0.9826
1305031467.1957 -0.3999 0.3444 -0.4528 0.0141 -0.1417 -0.1259 0.9818
1305031467.2277 -0.3892 0.3442 -0.4540 0.0148 -0.1467 -0.1294 0.9806
1305031467.2597 -0.3839 0.3467 -0.4536 0.0164 -0.1491 -0.1321 0.9798
1305031467.2958 -0.3769 0.3472 -0.4565 0.0176 -0.1520 -0.1372 0.9787
1305031467.3280 -0.3666 0.3481 -0.4622 0.0186 -0.1554 -0.1409 0.9776
1305031467.3597 -0.3562 0.3548 -0.4695 0.0184 -0.1596 -0.1429 0.9766
1305031467.3958 -0.3431 0.3588 -0.4675 0.0153 -0.1656 -0.1469 0.9751
1305031467.4278 -0.3347 0.3581 -0.4705 0.0148 -0.1690 -0.1497 0.9741
1305031467.4597 -0.3202 0.3545 -0.4743 0.0137 -0.1749 -0.1502 0.9730
1305031467.4961 -0.3055 0.3745 -0.4806 0.0158 -0.1799 -0.1556 0.9712
1305031467.5277 -0.2907 0.3703 -0.4841 0.0126 -0.1830 -0.1604 0.9699
1305031467.5598 -0.2822 0.3693 -0.4815 0.0128 -0.1839 -0.1615 0.9695
1305031467.5960 -0.2742 0.3667 -0.4846 0.0118 -0.1850 -0.1594 0.9696
1305031467.6275 -0.2665 0.3704 -0.4773 0.0144 -0.1884 -0.1572 0.9693
1305031467.6596 -0.2611 0.3649 -0.4766 0.0176 -0.1914 -0.1552 0.9690
1305031467.6959 -0.2571 0.3589 -0.4821 0.0183 -0.1922 -0.1580 0.9684
1305031467.7275 -0.2513 0.3565 -0.4724 0.0223 -0.1936 -0.1635 0.9671
1305031467.7599 -0.2517 0.3589 -0.4696 0.0290 -0.1931 -0.1667 0.9665
1305031467.7961 -0.2516 0.3602 -0.4706 0.0326 -0.1927 -0.1690 0.9660
1305031467.8278 -0.2548 0.3569 -0.4631 0.0366 -0.1920 -0.1694 0.9660
1305031467.8597 -0.2483 0.3665 -0.4556 0.0486 -0.1957 -0.1650 0.9655
1305031467.8959 -0.2458 0.3605 -0.4527 0.0519 -0.1995 -0.1656 0.9644
1305031467.9278 -0.2431 0.3534 -0.4357 0.0543 -0.2049 -0.1684 0.9626
1305031467.9598 -0.2373 0.3413 -0.4288 0.0598 -0.2091 -0.1702 0.9611
1305031467.9958 -0.2314 0.3421 -0.4248 0.0624 -0.2102 -0.1715 0.9605
1305031468.0281 -0.2279 0.3378 -0.4089 0.0626 -0.2109 -0.1741 0.9598
1305031468.0598 -0.2300 0.3233 -0.3931 0.0657 -0.2121 -0.1775 0.9587
1305031468.0959 -0.2285 0.3210 -0.3871 0.0677 -0.2135 -0.1795 0.9579
1305031468.1278 -0.2254 0.3161 -0.3743 0.0675 -0.2152 -0.1797 0.9575
1305031468.1599 -0.2232 0.3075 -0.3600 0.0687 -0.2170 -0.1813 0.9567
1305031468.1960 -0.2158 0.3012 -0.3460 0.0693 -0.2182 -0.1844 0.9558
1305031468.2282 -0.2097 0.2948 -0.3258 0.0695 -0.2186 -0.1846 0.9557
1305031468.2598 -0.1977 0.2821 -0.3031 0.0692 -0.2208 -0.1835 0.9554
1305031468.2958 -0.1910 0.2718 -0.2861 0.0696 -0.2196 -0.1845 0.9555
1305031468.3278 -0.1790 0.2479 -0.2645 0.0685 -0.2217 -0.1826 0.9554
1305031468.3598 -0.1667 0.2367 -0.2462 0.0726 -0.2227 -0.1784 0.9557
1305031468.3959 -0.1611 0.2292 -0.2431 0.0712 -0.2222 -0.1783 0.9559
1305031468.4280 -0.1563 0.2152 -0.2258 0.0690 -0.2230 -0.1772 0.9561
1305031468.4598 -0.1554 0.1887 -0.2108 0.0650 -0.2240 -0.1736 0.9568
1305031468.4958 -0.1501 0.1818 -0.2000 0.0647 -0.2242 -0.1741 0.9567
1305031468.5278 -0.1548 0.1616 -0.1840 0.0648 -0.2226 -0.1790 0.9561
1305031468.5597 -0.1634 0.1443 -0.1892 0.0710 -0.2203 -0.1901 0.9541
1305031468.5958 -0.1672 0.1411 -0.1954 0.0748 -0.2189 -0.1955 0.9530
1305031468.6276 -0.1710 0.1338 -0.1903 0.0716 -0.2193 -0.1961 0.9531
1305031468.6596 -0.1800 0.1056 -0.1850 0.0681 -0.2221 -0.1980 0.9523
1305031468.6958 -0.1916 0.0861 -0.1809 0.0715 -0.2259 -0.2038 0.9499
1305031468.7278 -0.1995 0.0790 -0.1747 0.0776 -0.2301 -0.2040 0.9484
1305031468.7596 -0.2013 0.0663 -0.1700 0.0781 -0.2342 -0.2036 0.9474
1305031468.7958 -0.2122 0.0526 -0.1660 0.0840 -0.2354 -0.2090 0.9455
1305031468.8292 -0.2213 0.0362 -0.1773 0.0909 -0.2348 -0.2159 0.9434
1305031468.8597 -0.2203 0.0349 -0.1781 0.0935 -0.2343 -0.2191 0.9425
1305031468.8959 -0.2115 0.0243 -0.1646 0.0927 -0.2333 -0.2201 0.9426
1305031468.9281 -0.2141 0.0194 -0.1651 0.0907 -0.2265 -0.2185 0.9449
1305031468.9596 -0.2269 0.0141 -0.1694 0.0846 -0.2187 -0.2169 0.9476
1305031468.9957 -0.2299 0.0181 -0.1666 0.0718 -0.2144 -0.2213 0.9486
1305031469.0277 -0.2332 0.0116 -0.1598 0.0535 -0.2112 -0.2272 0.9492
1305031469.0598 -0.2434 -0.0045 -0.1500 0.0377 -0.2093 -0.2341 0.9487
1305031469.0957 -0.2428 -0.0085 -0.1431 0.0275 -0.2084 -0.2440 0.9467
1305031469.1277 -0.2342 -0.0179 -0.1258 0.0156 -0.2060 -0.2546 0.9447
1305031469.1597 -0.2333 -0.0260 -0.1029 0.0052 -0.2002 -0.2612 0.9443
1305031469.1955 -0.2393 -0.0302 -0.1002 -0.0014 -0.1889 -0.2638 0.9459
1305031469.2278 -0.2451 -0.0348 -0.0899 -0.0053 -0.1850 -0.2666 0.9459
1305031469.2596 -0.2505 -0.0361 -0.0702 -0.0114 -0.1809 -0.2704 0.9455
1305031469.2968 -0.2522 -0.0427 -0.0567 -0.0167 -0.1784 -0.2731 0.9452
1305031469.3276 -0.2539 -0.0395 -0.0455 -0.0194 -0.1763 -0.2748 0.9450
1305031469.3596 -0.2509 -0.0506 -0.0249 -0.0287 -0.1755 -0.2796 0.9435
1305031469.3957 -0.2553 -0.0482 -0.0109 -0.0275 -0.1621 -0.2851 0.9443
1305031469.4277 -0.2510 -0.0481 0.0044 -0.0259 -0.1537 -0.2914 0.9438
1305031469.4597 -0.2465 -0.0608 0.0178 -0.0306 -0.1493 -0.2986 0.9421
1305031469.4957 -0.2523 -0.0510 0.0270 -0.0290 -0.1448 -0.3007 0.9422
1305031469.5276 -0.2466 -0.0433 0.0401 -0.0301 -0.1480 -0.2983 0.9424
1305031469.5596 -0.2504 -0.0413 0.0543 -0.0382 -0.1483 -0.2993 0.9418
1305031469.5958 -0.2491 -0.0241 0.0633 -0.0432 -0.1470 -0.2957 0.9429
1305031469.6278 -0.2497 -0.0246 0.0812 -0.0542 -0.1476 -0.2966 0.9420
1305031469.6596 -0.2614 -0.0164 0.0953 -0.0618 -0.1407 -0.2990 0.9418
1305031469.6956 -0.2611 -0.0059 0.1039 -0.0649 -0.1383 -0.2966 0.9427
1305031469.7277 -0.2604 0.0038 0.1131 -0.0707 -0.1341 -0.2961 0.9431
1305031469.7596 -0.2716 0.0272 0.1267 -0.0736 -0.1253 -0.2905 0.9458
1305031469.7956 -0.2865 0.0478 0.1419 -0.0773 -0.1197 -0.2888 0.9467
1305031469.8275 -0.2867 0.0595 0.1495 -0.0830 -0.1235 -0.2865 0.9464
1305031469.8596 -0.3024 0.0787 0.1624 -0.0888 -0.1205 -0.2848 0.9468
1305031469.8958 -0.3051 0.0925 0.1681 -0.0931 -0.1229 -0.2806 0.9474
1305031469.9279 -0.3131 0.1008 0.1787 -0.1000 -0.1261 -0.2792 0.9466
1305031469.9598 -0.3238 0.1167 0.1854 -0.1008 -0.1279 -0.2756 0.9474
1305031469.9956 -0.3345 0.1394 0.1931 -0.1007 -0.1283 -0.2717 0.9485
1305031470.0277 -0.3469 0.1570 0.1941 -0.1015 -0.1283 -0.2716 0.9484
1305031470.0596 -0.3567 0.1715 0.1970 -0.1033 -0.1284 -0.2695 0.9488
1305031470.0959 -0.3708 0.1872 0.2009 -0.1055 -0.1269 -0.2668 0.9495
1305031470.1276 -0.3872 0.2058 0.2054 -0.1083 -0.1242 -0.2641 0.9503
1305031470.1596 -0.3961 0.2236 0.2047 -0.1099 -0.1252 -0.2602 0.9511
1305031470.1961 -0.4050 0.2285 0.1990 -0.1147 -0.1287 -0.2588 0.9504
1305031470.2276 -0.4204 0.2471 0.2054 -0.1176 -0.1273 -0.2527 0.9519
1305031470.2600 -0.4274 0.2618 0.2024 -0.1201 -0.1289 -0.2502 0.9520
1305031470.2957 -0.4450 0.2819 0.2027 -0.1212 -0.1240 -0.2464 0.9535
1305031470.3276 -0.4538 0.2922 0.2012 -0.1293 -0.1257 -0.2430 0.9531
1305031470.3596 -0.4647 0.3062 0.2025 -0.1322 -0.1282 -0.2355 0.9543
1305031470.3958 -0.4788 0.3217 0.2037 -0.1339 -0.1287 -0.2307 0.9551
1305031470.4276 -0.4932 0.3359 0.2063 -0.1328 -0.1298 -0.2313 0.9550
1305031470.4597 -0.5066 0.3439 0.2032 -0.1328 -0.1313 -0.2316 0.9547
1305031470.4957 -0.5165 0.3520 0.2003 -0.1315 -0.1339 -0.2280 0.9554
1305031470.5277 -0.5284 0.3590 0.1983 -0.1309 -0.1343 -0.2294 0.9551
1305031470.5597 -0.5392 0.3671 0.1968 -0.1309 -0.1348 -0.2283 0.9553
1305031470.5958 -0.5498 0.3758 0.1932 -0.1300 -0.1340 -0.2229 0.9568
1305031470.6277 -0.5613 0.3842 0.1919 -0.1301 -0.1333 -0.2199 0.9576
1305031470.6597 -0.5669 0.3906 0.1929 -0.1302 -0.1368 -0.2151 0.9582
1305031470.6956 -0.5800 0.4022 0.1916 -0.1290 -0.1348 -0.2097 0.9598
1305031470.7277 -0.5908 0.4044 0.1921 -0.1305 -0.1357 -0.2079 0.9599
1305031470.7597 -0.5967 0.4094 0.1903 -0.1304 -0.1334 -0.2034 0.9612
1305031470.7956 -0.6072 0.4156 0.1916 -0.1308 -0.1281 -0.1993 0.9627
1305031470.8278 -0.6171 0.4218 0.1903 -0.1262 -0.1260 -0.1942 0.9646
1305031470.8596 -0.6254 0.4194 0.1877 -0.1253 -0.1266 -0.1892 0.9657
1305031470.8957 -0.6343 0.4259 0.1842 -0.1195 -0.1272 -0.1827 0.9676
1305031470.9277 -0.6428 0.4301 0.1829 -0.1132 -0.1309 -0.1775 0.9688
1305031470.9596 -0.6553 0.4325 0.1806 -0.1016 -0.1322 -0.1748 0.9704
1305031470.9960 -0.6575 0.4266 0.1756 -0.0966 -0.1356 -0.1725 0.9708
1305031471.0276 -0.6606 0.4263 0.1735 -0.0858 -0.1371 -0.1697 0.9721
1305031471.0596 -0.6653 0.4221 0.1710 -0.0779 -0.1370 -0.1652 0.9736
1305031471.0958 -0.6740 0.4279 0.1640 -0.0643 -0.1340 -0.1594 0.9760
1305031471.1277 -0.6797 0.4312 0.1606 -0.0553 -0.1343 -0.1495 0.9780
1305031471.1596 -0.6817 0.4336 0.1581 -0.0484 -0.1356 -0.1416 0.9794
1305031471.1957 -0.6836 0.4328 0.1567 -0.0474 -0.1352 -0.1381 0.9800
1305031471.2276 -0.6858 0.4323 0.1554 -0.0477 -0.1346 -0.1347 0.9805
1305031471.2597 -0.6902 0.4315 0.1543 -0.0482 -0.1331 -0.1327 0.9810
1305031471.2961 -0.6939 0.4290 0.1545 -0.0488 -0.1320 -0.1301 0.9815
1305031471.3276 -0.6925 0.4315 0.1539 -0.0440 -0.1320 -0.1264 0.9822
1305031471.3596 -0.6941 0.4323 0.1516 -0.0431 -0.1269 -0.1239 0.9832
1305031471.3957 -0.6984 0.4273 0.1513 -0.0457 -0.1228 -0.1203 0.9841
1305031471.4277 -0.7014 0.4257 0.1468 -0.0440 -0.1211 -0.1152 0.9849
1305031471.4596 -0.7054 0.4258 0.1440 -0.0439 -0.1206 -0.1126 0.9853
1305031471.4965 -0.7142 0.4221 0.1393 -0.0481 -0.1169 -0.1092 0.9860
1305031471.5276 -0.7171 0.4223 0.1371 -0.0483 -0.1158 -0.1066 0.9864
1305031471.5597 -0.7185 0.4224 0.1355 -0.0487 -0.1147 -0.1055 0.9866
1305031471.5957 -0.7191 0.4217 0.1347 -0.0495 -0.1128 -0.1046 0.9869
1305031471.6276 -0.7214 0.4240 0.1321 -0.0476 -0.1092 -0.1043 0.9874
1305031471.6596 -0.7241 0.4247 0.1275 -0.0462 -0.1053 -0.1026 0.9881
1305031471.6956 -0.7247 0.4243 0.1234 -0.0459 -0.1030 -0.1003 0.9885
1305031471.7275 -0.7271 0.4232 0.1205 -0.0484 -0.0989 -0.0973 0.9891
1305031471.7597 -0.7280 0.4230 0.1161 -0.0489 -0.0937 -0.0906 0.9903
1305031471.7958 -0.7271 0.4199 0.1100 -0.0516 -0.0883 -0.0837 0.9912
1305031471.8276 -0.7289 0.4227 0.1073 -0.0530 -0.0847 -0.0806 0.9917
1305031471.8597 -0.7281 0.4279 0.1080 -0.0557 -0.0831 -0.0706 0.9925
1305031471.8956 -0.7292 0.4281 0.1052 -0.0607 -0.0797 -0.0668 0.9927
1305031471.9277 -0.7314 0.4274 0.1059 -0.0688 -0.0743 -0.0594 0.9931
1305031471.9596 -0.7350 0.4296 0.1087 -0.0695 -0.0667 -0.0546 0.9938
1305031471.9956 -0.7349 0.4332 0.1016 -0.0684 -0.0613 -0.0561 0.9942
1305031472.0276 -0.7346 0.4420 0.0989 -0.0697 -0.0587 -0.0502 0.9946
1305031472.0597 -0.7365 0.4407 0.1037 -0.0753 -0.0559 -0.0445 0.9946
1305031472.0956 -0.7377 0.4407 0.1021 -0.0776 -0.0530 -0.0394 0.9948
1305031472.1276 -0.7403 0.4466 0.1003 -0.0786 -0.0521 -0.0383 0.9948
1305031472.1596 -0.7473 0.4491 0.1061 -0.0811 -0.0496 -0.0323 0.9949
1305031472.1957 -0.7517 0.4565 0.1107 -0.0738 -0.0477 -0.0267 0.9958
1305031472.2276 -0.7546 0.4718 0.1092 -0.0599 -0.0459 -0.0234 0.9969
1305031472.2638 -0.7564 0.4776 0.1062 -0.0508 -0.0448 -0.0244 0.9974
1305031472.2957 -0.7556 0.4799 0.1031 -0.0428 -0.0449 -0.0208 0.9979
1305031472.3277 -0.7575 0.5013 0.0940 -0.0221 -0.0421 -0.0141 0.9988
1305031472.3636 -0.7586 0.5014 0.0935 -0.0219 -0.0420 -0.0137 0.9988
1305031472.3956 -0.7611 0.5020 0.0936 -0.0207 -0.0424 -0.0130 0.9988
1305031472.4277 -0.7619 0.4994 0.0946 -0.0198 -0.0459 -0.0113 0.9987
1305031472.4636 -0.7620 0.4942 0.0927 -0.0196 -0.0467 -0.0120 0.9986
1305031472.4956 -0.7601 0.4911 0.0911 -0.0200 -0.0451 -0.0136 0.9987
1305031472.5276 -0.7602 0.4869 0.0927 -0.0193 -0.0433 -0.0136 0.9988
1305031472.5636 -0.7602 0.4863 0.0943 -0.0146 -0.0435 -0.0122 0.9989
1305031472.5957 -0.7564 0.4841 0.0907 -0.0110 -0.0469 -0.0074 0.9988
1305031472.6277 -0.7549 0.4831 0.0913 -0.0110 -0.0478 -0.0065 0.9988
1305031472.6636 -0.7547 0.4816 0.0917 -0.0101 -0.0478 -0.0047 0.9988
1305031472.6958 -0.7534 0.4727 0.0913 -0.0115 -0.0486 -0.0028 0.9987
1305031472.7276 -0.7512 0.4682 0.0914 -0.0089 -0.0501 -0.0043 0.9987
1305031472.7636 -0.7527 0.4696 0.0921 -0.0047 -0.0480 -0.0052 0.9988
1305031472.7956 -0.7511 0.4646 0.0956 -0.0053 -0.0477 -0.0064 0.9988
1305031472.8276 -0.7507 0.4591 0.0978 -0.0050 -0.0466 -0.0061 0.9989
1305031472.8636 -0.7504 0.4601 0.0978 -0.0027 -0.0467 -0.0051 0.9989
1305031472.8957 -0.7506 0.4606 0.0984 -0.0018 -0.0476 -0.0037 0.9989
1305031472.9277 -0.7496 0.4578 0.0995 -0.0032 -0.0486 -0.0030 0.9988
1305031472.9638 -0.7491 0.4555 0.1000 -0.0039 -0.0487 -0.0015 0.9988
1305031472.9957 -0.7503 0.4573 0.1014 -0.0030 -0.0488 -0.0002 0.9988
1305031473.0276 -0.7510 0.4591 0.1026 -0.0020 -0.0495 0.0002 0.9988
1305031473.0637 -0.7500 0.4570 0.1044 -0.0035 -0.0505 -0.0013 0.9987
1305031473.0957 -0.7484 0.4522 0.1024 -0.0057 -0.0502 -0.0034 0.9987
1305031473.1277 -0.7483 0.4509 0.1034 -0.0062 -0.0499 -0.0042 0.9987
1305031473.1671 -0.7488 0.4479 0.1043 -0.0063 -0.0501 -0.0045 0.9987
1305031473.1961 -0.7472 0.4422 0.1043 -0.0083 -0.0515 -0.0039 0.9986
