1305031453.4237 0.0020 0.0038 -0.0072 0.0021 0.0040 0.0069 1.0000
1305031453.4597 0.0056 0.0070 -0.0102 0.0053 0.0114 0.0151 0.9998
1305031453.4917 0.0042 0.0235 -0.0258 0.0151 0.0192 0.0269 0.9993
1305031453.5237 0.0049 0.0269 -0.0400 0.0207 0.0249 0.0365 0.9988
1305031453.5598 0.0062 0.0307 -0.0496 0.0260 0.0262 0.0400 0.9985
1305031453.5916 0.0006 0.0404 -0.0649 0.0362 0.0317 0.0481 0.9977
1305031453.6277 0.0004 0.0431 -0.0764 0.0418 0.0312 0.0497 0.9974
1305031453.6596 -0.0038 0.0471 -0.0909 0.0465 0.0293 0.0501 0.9972
1305031453.6917 -0.0026 0.0538 -0.1132 0.0527 0.0216 0.0451 0.9974
1305031453.7277 -0.0139 0.0665 -0.1160 0.0590 0.0179 0.0416 0.9972
1305031453.7597 -0.0241 0.0669 -0.1193 0.0610 0.0089 0.0349 0.9975
1305031453.7917 -0.0352 0.0742 -0.1361 0.0642 0.0029 0.0264 0.9976
1305031453.8278 -0.0450 0.0946 -0.1454 0.0727 -0.0045 0.0183 0.9972
1305031453.8597 -0.0578 0.0985 -0.1448 0.0742 -0.0163 0.0143 0.9970
1305031453.8917 -0.0732 0.1135 -0.1714 0.0750 -0.0303 0.0058 0.9967
1305031453.9277 -0.0787 0.1272 -0.1675 0.0766 -0.0483 0.0023 0.9959
1305031453.9596 -0.0808 0.1363 -0.1772 0.0754 -0.0674 -0.0104 0.9948
1305031453.9916 -0.0841 0.1459 -0.1728 0.0773 -0.0816 -0.0189 0.9935
1305031454.0277 -0.0900 0.1449 -0.1680 0.0785 -0.0961 -0.0260 0.9919
1305031454.0597 -0.0994 0.1489 -0.1546 0.0802 -0.1077 -0.0353 0.9903
1305031454.0917 -0.1110 0.1528 -0.1493 0.0815 -0.1201 -0.0445 0.9884
1305031454.1277 -0.1261 0.1581 -0.1375 0.0865 -0.1328 -0.0563 0.9858
1305031454.1597 -0.1271 0.1649 -0.1357 0.0876 -0.1505 -0.0673 0.9824
1305031454.1917 -0.1307 0.1712 -0.1316 0.0877 -0.1686 -0.0773 0.9787
1305031454.2277 -0.1457 0.1701 -0.1196 0.0915 -0.1842 -0.0944 0.9741
1305031454.2596 -0.1561 0.1755 -0.1151 0.0974 -0.1967 -0.1090 0.9695
1305031454.2916 -0.1576 0.1769 -0.1172 0.0953 -0.2075 -0.1178 0.9664
1305031454.3277 -0.1677 0.1789 -0.1106 0.0970 -0.2190 -0.1267 0.9626
1305031454.3596 -0.1731 0.1742 -0.1088 0.0990 -0.2322 -0.1385 0.9577
1305031454.3917 -0.1767 0.1744 -0.1097 0.0996 -0.2408 -0.1497 0.9538
1305031454.4275 -0.1850 0.1773 -0.1153 0.1004 -0.2521 -0.1594 0.9492
1305031454.4599 -0.1851 0.1796 -0.1160 0.1019 -0.2642 -0.1731 0.9433
1305031454.4916 -0.1866 0.1763 -0.1131 0.1024 -0.2711 -0.1878 0.9385
1305031454.5277 -0.1849 0.1848 -0.1076 0.1034 -0.2821 -0.1985 0.9329
1305031454.5596 -0.1829 0.1890 -0.1044 0.1011 -0.2912 -0.2098 0.9279
1305031454.5916 -0.1865 0.1948 -0.1062 0.1002 -0.3019 -0.2232 0.9214
1305031454.6276 -0.1906 0.2036 -0.1037 0.1014 -0.3150 -0.2342 0.9141
1305031454.6595 -0.1909 0.2204 -0.1019 0.1013 -0.3271 -0.2404 0.9082
1305031454.6919 -0.2003 0.2375 -0.1043 0.0999 -0.3370 -0.2465 0.9032
1305031454.7277 -0.2050 0.2367 -0.1095 0.0948 -0.3469 -0.2577 0.8968
1305031454.7597 -0.2099 0.2387 -0.1162 0.0860 -0.3484 -0.2545 0.8980
1305031454.7916 -0.2095 0.2395 -0.1190 0.0798 -0.3498 -0.2490 0.8996
1305031454.8276 -0.2094 0.2525 -0.1148 0.0773 -0.3499 -0.2417 0.9018
1305031454.8596 -0.2093 0.2487 -0.1049 0.0661 -0.3508 -0.2349 0.9041
1305031454.8918 -0.2120 0.2499 -0.1037 0.0602 -0.3470 -0.2294 0.9074
1305031454.9276 -0.2149 0.2508 -0.1050 0.0527 -0.3425 -0.2237 0.9110
1305031454.9596 -0.2164 0.2563 -0.1048 0.0485 -0.3397 -0.2186 0.9135
1305031454.9919 -0.2196 0.2555 -0.1068 0.0422 -0.3377 -0.2133 0.9158
1305031455.0278 -0.2221 0.2653 -0.1096 0.0422 -0.3364 -0.2103 0.9170
1305031455.0596 -0.2239 0.2707 -0.1099 0.0411 -0.3347 -0.2083 0.9181
1305031455.0917 -0.2261 0.2723 -0.1121 0.0411 -0.3334 -0.2081 0.9186
1305031455.1277 -0.2277 0.2782 -0.1139 0.0420 -0.3312 -0.2077 0.9195
1305031455.1597 -0.2332 0.2869 -0.1222 0.0426 -0.3264 -0.2055 0.9216
1305031455.1917 -0.2396 0.2916 -0.1241 0.0382 -0.3245 -0.1999 0.9237
1305031455.2276 -0.2473 0.2971 -0.1274 0.0383 -0.3220 -0.1966 0.9253
1305031455.2596 -0.2489 0.3069 -0.1298 0.0361 -0.3199 -0.1902 0.9275
1305031455.2918 -0.2529 0.3072 -0.1293 0.0247 -0.3179 -0.1784 0.9309
1305031455.3278 -0.2640 0.3127 -0.1507 0.0186 -0.3116 -0.1694 0.9348
1305031455.3596 -0.2639 0.3255 -0.1446 0.0122 -0.3138 -0.1612 0.9356
1305031455.3917 -0.2713 0.3170 -0.1453 -0.0034 -0.3096 -0.1537 0.9383
1305031455.4276 -0.2760 0.3208 -0.1475 -0.0109 -0.3064 -0.1442 0.9408
1305031455.4596 -0.2898 0.3179 -0.1579 -0.0175 -0.3012 -0.1381 0.9433
1305031455.4916 -0.2997 0.3252 -0.1639 -0.0203 -0.2985 -0.1289 0.9454
1305031455.5276 -0.3130 0.3223 -0.1768 -0.0262 -0.2949 -0.1177 0.9479
1305031455.5597 -0.3252 0.3226 -0.1926 -0.0298 -0.2950 -0.1049 0.9493
1305031455.5916 -0.3385 0.3251 -0.2072 -0.0342 -0.2947 -0.0917 0.9506
1305031455.6276 -0.3548 0.3257 -0.2168 -0.0376 -0.2920 -0.0810 0.9523
1305031455.6596 -0.3692 0.3268 -0.2260 -0.0354 -0.2890 -0.0754 0.9537
1305031455.6916 -0.3817 0.3241 -0.2408 -0.0330 -0.2868 -0.0772 0.9543
1305031455.7276 -0.3876 0.3228 -0.2462 -0.0324 -0.2857 -0.0790 0.9545
1305031455.7597 -0.3922 0.3212 -0.2520 -0.0316 -0.2837 -0.0799 0.9551
1305031455.7917 -0.3997 0.3113 -0.2601 -0.0325 -0.2807 -0.0797 0.9559
1305031455.8276 -0.4055 0.3112 -0.2698 -0.0302 -0.2792 -0.0791 0.9565
1305031455.8595 -0.4127 0.3037 -0.2811 -0.0321 -0.2775 -0.0789 0.9569
1305031455.8917 -0.4162 0.3028 -0.2864 -0.0319 -0.2768 -0.0792 0.9571
1305031455.9280 -0.4212 0.3001 -0.2936 -0.0324 -0.2746 -0.0785 0.9578
1305031455.9597 -0.4248 0.3003 -0.3000 -0.0313 -0.2729 -0.0791 0.9583
1305031455.9917 -0.4268 0.2989 -0.3026 -0.0322 -0.2718 -0.0793 0.9585
1305031456.0278 -0.4272 0.3010 -0.3132 -0.0335 -0.2688 -0.0829 0.9590
1305031456.0597 -0.4419 0.2874 -0.3192 -0.0438 -0.2628 -0.0924 0.9594
1305031456.0917 -0.4488 0.2807 -0.3215 -0.0474 -0.2603 -0.0966 0.9595
1305031456.1276 -0.4530 0.2770 -0.3233 -0.0484 -0.2585 -0.0965 0.9600
1305031456.1597 -0.4580 0.2703 -0.3243 -0.0493 -0.2557 -0.0972 0.9606
1305031456.1917 -0.4680 0.2630 -0.3233 -0.0452 -0.2504 -0.0971 0.9622
1305031456.2277 -0.4766 0.2670 -0.3273 -0.0421 -0.2403 -0.0919 0.9654
1305031456.2917 -0.4911 0.2464 -0.3249 -0.0458 -0.2216 -0.0847 0.9704
1305031456.3277 -0.5018 0.2381 -0.3233 -0.0452 -0.2110 -0.0780 0.9733
1305031456.3916 -0.5140 0.2208 -0.3155 -0.0466 -0.1913 -0.0682 0.9780
1305031456.4277 -0.5156 0.2256 -0.3163 -0.0396 -0.1852 -0.0562 0.9803
1305031456.4917 -0.5584 0.2430 -0.3157 -0.0422 -0.1744 -0.0433 0.9828
1305031456.5276 -0.5819 0.2542 -0.3108 -0.0425 -0.1720 -0.0396 0.9834
1305031456.5917 -0.6030 0.2633 -0.3027 -0.0424 -0.1679 -0.0299 0.9844
1305031456.6276 -0.6092 0.2768 -0.2959 -0.0531 -0.1655 -0.0258 0.9844
1305031456.6916 -0.6417 0.2623 -0.2788 -0.0688 -0.1561 -0.0111 0.9853
1305031456.7277 -0.6582 0.2835 -0.2733 -0.0685 -0.1540 0.0007 0.9857
1305031456.7916 -0.7051 0.2730 -0.2664 -0.0743 -0.1565 0.0101 0.9848
1305031456.8276 -0.7204 0.2880 -0.2571 -0.0730 -0.1576 0.0170 0.9846
1305031456.8917 -0.7354 0.2664 -0.2391 -0.0922 -0.1582 0.0252 0.9828
1305031456.9277 -0.7525 0.2847 -0.2380 -0.0817 -0.1497 0.0334 0.9848
1305031456.9597 -0.7672 0.3062 -0.2320 -0.0785 -0.1443 0.0406 0.9856
1305031456.9917 -0.7836 0.2893 -0.2283 -0.0935 -0.1376 0.0380 0.9853
1305031457.0276 -0.7945 0.2923 -0.2235 -0.0945 -0.1347 0.0419 0.9855
1305031457.0917 -0.8096 0.2949 -0.2215 -0.1096 -0.1286 0.0469 0.9845
1305031457.1276 -0.8213 0.2882 -0.2190 -0.1139 -0.1226 0.0503 0.9846
1305031457.1917 -0.8443 0.2889 -0.2368 -0.1129 -0.1058 0.0645 0.9858
1305031457.2275 -0.8575 0.2845 -0.2438 -0.1163 -0.0983 0.0667 0.9861
1305031457.2917 -0.8757 0.2722 -0.2605 -0.1119 -0.0827 0.0833 0.9868
1305031457.3275 -0.8873 0.2719 -0.2701 -0.1102 -0.0736 0.0844 0.9876
1305031457.3917 -0.9151 0.2568 -0.2936 -0.1076 -0.0459 0.0999 0.9881
1305031457.4276 -0.9295 0.2550 -0.3029 -0.1066 -0.0377 0.1032 0.9882
1305031457.4917 -0.9546 0.2452 -0.3265 -0.1032 -0.0293 0.1147 0.9876
1305031457.5276 -0.9593 0.2396 -0.3354 -0.1018 -0.0272 0.1178 0.9874
1305031457.5597 -0.9663 0.2326 -0.3535 -0.0971 -0.0232 0.1236 0.9873
1305031457.5917 -0.9807 0.2359 -0.3615 -0.0926 -0.0177 0.1260 0.9875
1305031457.6275 -0.9959 0.2236 -0.3740 -0.0931 -0.0132 0.1311 0.9869
1305031457.6596 -1.0108 0.2223 -0.3812 -0.0908 -0.0095 0.1330 0.9869
1305031457.6916 -1.0296 0.2146 -0.3897 -0.0950 -0.0067 0.1345 0.9863
1305031457.7277 -1.0317 0.2019 -0.3962 -0.0974 -0.0068 0.1344 0.9861
1305031457.7596 -1.0452 0.1737 -0.4034 -0.1008 -0.0025 0.1343 0.9858
1305031457.7916 -1.0479 0.1621 -0.4073 -0.0927 0.0004 0.1338 0.9867
1305031457.8277 -1.0611 0.1610 -0.4178 -0.0844 0.0091 0.1341 0.9873
1305031457.8596 -1.0733 0.1569 -0.4196 -0.0820 0.0168 0.1351 0.9873
1305031457.8916 -1.0929 0.1264 -0.4233 -0.0790 0.0280 0.1319 0.9877
1305031457.9276 -1.1035 0.1240 -0.4305 -0.0653 0.0331 0.1372 0.9878
1305031457.9916 -1.1301 0.1016 -0.4370 -0.0551 0.0370 0.1420 0.9876
1305031458.0278 -1.1318 0.1032 -0.4374 -0.0426 0.0387 0.1470 0.9875
1305031458.0597 -1.1493 0.1153 -0.4414 -0.0304 0.0455 0.1496 0.9872
1305031458.0917 -1.1577 0.1098 -0.4377 -0.0323 0.0482 0.1500 0.9870
1305031458.1276 -1.1721 0.1096 -0.4367 -0.0308 0.0519 0.1508 0.9867
1305031458.1596 -1.1832 0.1007 -0.4306 -0.0316 0.0540 0.1504 0.9867
1305031458.1916 -1.2003 0.1045 -0.4245 -0.0303 0.0551 0.1547 0.9860
1305031458.2276 -1.2235 0.0854 -0.4079 -0.0403 0.0561 0.1535 0.9857
1305031458.2599 -1.2297 0.0611 -0.4083 -0.0453 0.0514 0.1516 0.9861
1305031458.2917 -1.2542 0.0464 -0.4022 -0.0397 0.0500 0.1494 0.9867
1305031458.3276 -1.2691 0.0472 -0.3870 -0.0368 0.0432 0.1503 0.9870
1305031458.3596 -1.2843 0.0046 -0.3663 -0.0403 0.0427 0.1528 0.9865
1305031458.3916 -1.2991 0.0101 -0.3565 -0.0263 0.0411 0.1584 0.9862
1305031458.4276 -1.3031 0.0176 -0.3363 -0.0177 0.0403 0.1701 0.9844
1305031458.4596 -1.3054 0.0274 -0.3176 -0.0009 0.0435 0.1718 0.9842
1305031458.4917 -1.3138 0.0244 -0.3071 0.0186 0.0532 0.1701 0.9838
1305031458.5277 -1.3238 0.0304 -0.2968 0.0351 0.0617 0.1690 0.9831
1305031458.5596 -1.3290 0.0257 -0.2814 0.0385 0.0686 0.1665 0.9829
1305031458.5916 -1.3421 0.0202 -0.2698 0.0460 0.0745 0.1595 0.9833
1305031458.6277 -1.3514 0.0371 -0.2507 0.0514 0.0753 0.1573 0.9833
1305031458.6596 -1.3665 0.0381 -0.2353 0.0440 0.0703 0.1531 0.9847
1305031458.6917 -1.3719 0.0461 -0.2163 0.0434 0.0545 0.1461 0.9868
1305031458.7276 -1.3673 0.0407 -0.2059 0.0412 0.0365 0.1407 0.9885
1305031458.7599 -1.3823 0.0416 -0.1910 0.0466 0.0258 0.1309 0.9900
1305031458.7916 -1.3831 0.0556 -0.1801 0.0489 0.0081 0.1224 0.9912
1305031458.8276 -1.3781 0.0584 -0.1500 0.0467 -0.0024 0.1212 0.9915
1305031458.8917 -1.3794 0.0542 -0.1210 0.0519 -0.0062 0.1125 0.9923
1305031458.9276 -1.3929 0.0600 -0.1178 0.0531 0.0017 0.1123 0.9923
1305031458.9596 -1.3986 0.0569 -0.1067 0.0466 0.0064 0.1214 0.9915
1305031458.9916 -1.4078 0.0435 -0.0922 0.0458 0.0099 0.1241 0.9912
1305031459.0277 -1.4338 0.0362 -0.0780 0.0558 0.0135 0.1232 0.9907
1305031459.0596 -1.4492 0.0328 -0.0734 0.0626 0.0048 0.1304 0.9895
1305031459.1276 -1.4969 0.0925 -0.0755 0.0912 0.0242 0.1074 0.9897
1305031459.1596 -1.5099 0.0912 -0.0544 0.0995 -0.0003 0.1075 0.9892
1305031459.1917 -1.5093 0.0934 -0.0317 0.1050 -0.0224 0.1127 0.9878
1305031459.2276 -1.5140 0.0982 -0.0229 0.1088 -0.0367 0.1208 0.9860
1305031459.2598 -1.5155 0.1031 -0.0059 0.1094 -0.0397 0.1275 0.9850
1305031459.3276 -1.5373 0.1141 0.0343 0.1080 -0.0049 0.1528 0.9823
1305031459.3597 -1.5445 0.1313 0.0428 0.1139 0.0168 0.1711 0.9785
1305031459.3917 -1.5679 0.1487 0.0505 0.1109 0.0486 0.1922 0.9739
1305031459.4276 -1.5287 0.1760 0.1048 0.1164 0.0469 0.1815 0.9754
1305031459.4597 -1.5454 0.1788 0.1119 0.1138 0.0843 0.2209 0.9650
1305031459.5276 -1.7639 0.1521 0.1593 0.1197 0.1779 0.1614 0.9633
1305031459.5596 -1.7783 0.1420 0.1561 0.1128 0.1945 0.1870 0.9563
1305031459.5917 -1.7906 0.1427 0.1549 0.1105 0.2000 0.2111 0.9504
1305031459.6276 -1.7927 0.1417 0.1575 0.1072 0.1984 0.2246 0.9480
1305031459.6596 -1.8015 0.1451 0.1630 0.1088 0.2042 0.2233 0.9469
1305031459.6916 -1.8152 0.1484 0.1720 0.1070 0.2163 0.2280 0.9433
1305031459.7276 -1.8279 0.1412 0.1725 0.1038 0.2228 0.2324 0.9411
1305031459.7917 -1.8684 0.1291 0.1803 0.1057 0.2342 0.2250 0.9399
1305031459.8277 -1.8915 0.1196 0.1817 0.1043 0.2370 0.2251 0.9393
1305031459.8597 -1.9123 0.1087 0.1904 0.1006 0.2383 0.2252 0.9394
1305031459.8916 -1.9196 0.0979 0.2011 0.0961 0.2334 0.2295 0.9400
1305031459.9276 -1.9397 0.0852 0.2062 0.0946 0.2344 0.2315 0.9394
1305031459.9917 -1.9595 0.0753 0.2243 0.0933 0.2308 0.2399 0.9383
1305031460.0276 -1.9683 0.0676 0.2345 0.0933 0.2320 0.2429 0.9373
1305031460.0597 -1.9895 0.0494 0.2343 0.0908 0.2349 0.2469 0.9357
1305031460.0917 -2.0047 0.0405 0.2399 0.0931 0.2304 0.2501 0.9358
1305031460.1277 -2.0137 0.0332 0.2464 0.0970 0.2210 0.2552 0.9363
1305031460.1597 -2.0310 0.0327 0.2590 0.1052 0.2161 0.2579 0.9358
1305031460.1916 -2.0308 0.0240 0.2764 0.1044 0.2092 0.2645 0.9356
1305031460.2278 -2.0270 0.0185 0.2838 0.1047 0.2085 0.2664 0.9352
1305031460.2917 -2.0364 0.0079 0.2927 0.1126 0.2219 0.2664 0.9312
1305031460.3275 -2.0350 -0.0051 0.2968 0.1125 0.2271 0.2698 0.9290
1305031460.3916 -2.0427 -0.0092 0.3036 0.1140 0.2453 0.2745 0.9227
1305031460.4275 -2.0426 -0.0179 0.3143 0.1142 0.2544 0.2804 0.9185
1305031460.4596 -2.0423 -0.0124 0.3257 0.1167 0.2668 0.2823 0.9141
1305031460.4915 -2.0459 -0.0216 0.3261 0.1109 0.2810 0.2898 0.9082
1305031460.5276 -2.0554 -0.0365 0.3262 0.1038 0.2949 0.3003 0.9012
1305031460.5596 -2.0557 -0.0480 0.3376 0.0988 0.3064 0.3039 0.8966
1305031460.5919 -2.0585 -0.0533 0.3428 0.0975 0.3125 0.3054 0.8942
1305031460.6276 -2.0627 -0.0546 0.3531 0.0992 0.3214 0.3063 0.8905
1305031460.6598 -2.0655 -0.0578 0.3542 0.0996 0.3253 0.3060 0.8891
1305031460.6917 -2.0733 -0.0641 0.3598 0.0981 0.3298 0.3077 0.8871
1305031460.7277 -2.0748 -0.0682 0.3625 0.0957 0.3309 0.3078 0.8869
1305031460.7597 -2.0770 -0.0756 0.3650 0.0931 0.3340 0.3062 0.8866
1305031460.7917 -2.0796 -0.0772 0.3691 0.0934 0.3358 0.3056 0.8861
1305031460.8277 -2.0814 -0.0820 0.3740 0.0905 0.3369 0.3045 0.8863
1305031460.8597 -2.0833 -0.0843 0.3789 0.0881 0.3396 0.3025 0.8862
1305031460.8918 -2.0843 -0.0917 0.3828 0.0839 0.3424 0.3013 0.8860
1305031460.9276 -2.0878 -0.1003 0.3886 0.0805 0.3448 0.3021 0.8851
1305031460.9917 -2.0873 -0.1200 0.4036 0.0783 0.3500 0.3020 0.8833
1305031461.0276 -2.0892 -0.1323 0.4100 0.0782 0.3522 0.3056 0.8812
1305031461.0917 -2.0930 -0.1479 0.4317 0.0783 0.3527 0.3043 0.8814
1305031461.1276 -2.0917 -0.1544 0.4360 0.0775 0.3529 0.3021 0.8821
1305031461.1597 -2.0905 -0.1628 0.4455 0.0807 0.3543 0.3015 0.8815
1305031461.1920 -2.0904 -0.1637 0.4498 0.0828 0.3549 0.2975 0.8824
1305031461.2276 -2.0894 -0.1711 0.4544 0.0816 0.3558 0.2969 0.8824
1305031461.2596 -2.0909 -0.1780 0.4638 0.0824 0.3591 0.2907 0.8830
1305031461.2917 -2.0921 -0.1780 0.4724 0.0853 0.3608 0.2857 0.8837
1305031461.3278 -2.0856 -0.1799 0.4739 0.0863 0.3605 0.2839 0.8843
1305031461.3597 -2.0863 -0.1779 0.4823 0.0848 0.3643 0.2799 0.8842
1305031461.3917 -2.0814 -0.1879 0.4864 0.0780 0.3650 0.2810 0.8842
1305031461.4276 -2.0767 -0.1919 0.4887 0.0774 0.3648 0.2806 0.8844
1305031461.4598 -2.0788 -0.1913 0.4911 0.0764 0.3666 0.2809 0.8837
1305031461.4917 -2.0709 -0.2035 0.4914 0.0712 0.3664 0.2818 0.8839
1305031461.5277 -2.0670 -0.1979 0.4923 0.0775 0.3655 0.2805 0.8841
1305031461.5597 -2.0598 -0.1928 0.4829 0.0765 0.3639 0.2775 0.8858
1305031461.5917 -2.0507 -0.1893 0.4735 0.0764 0.3664 0.2782 0.8846
1305031461.6275 -2.0478 -0.1810 0.4805 0.0783 0.3749 0.2775 0.8811
1305031461.6596 -2.0396 -0.1759 0.4738 0.0775 0.3756 0.2772 0.8810
1305031461.6916 -2.0420 -0.1699 0.4840 0.0795 0.3831 0.2803 0.8765
1305031461.7276 -2.0337 -0.1657 0.4837 0.0785 0.3830 0.2847 0.8752
1305031461.7597 -2.0337 -0.1584 0.4838 0.0797 0.3872 0.2858 0.8729
1305031461.7916 -2.0251 -0.1474 0.4788 0.0772 0.3881 0.2876 0.8722
1305031461.8276 -2.0211 -0.1390 0.4825 0.0770 0.3963 0.2914 0.8673
1305031461.8598 -2.0229 -0.1226 0.4812 0.0814 0.4012 0.2963 0.8629
1305031461.8917 -2.0224 -0.1146 0.4766 0.0764 0.4039 0.3113 0.8568
1305031461.9278 -2.0119 -0.1044 0.4796 0.0709 0.4024 0.3229 0.8537
1305031461.9597 -2.0010 -0.0881 0.4750 0.0664 0.4045 0.3233 0.8529
1305031461.9916 -2.0086 -0.0817 0.4780 0.0565 0.4164 0.3309 0.8450
1305031462.0277 -2.0082 -0.0884 0.4855 0.0428 0.4209 0.3463 0.8373
1305031462.0598 -2.0051 -0.0844 0.4833 0.0359 0.4146 0.3604 0.8348
1305031462.0918 -1.9990 -0.0777 0.4792 0.0313 0.4065 0.3744 0.8329
1305031462.1277 -1.9967 -0.0636 0.4816 0.0317 0.4028 0.3830 0.8307
1305031462.1596 -1.9915 -0.0604 0.4765 0.0253 0.3978 0.3935 0.8284
1305031462.1916 -1.9908 -0.0442 0.4767 0.0263 0.3960 0.3931 0.8294
1305031462.2276 -1.9947 -0.0389 0.4778 0.0181 0.3972 0.3936 0.8288
1305031462.2598 -2.0016 -0.0423 0.4849 0.0073 0.4015 0.3914 0.8280
1305031462.2916 -2.0059 -0.0432 0.4884 -0.0041 0.4020 0.3888 0.8290
1305031462.3275 -2.0023 -0.0348 0.4889 -0.0150 0.3980 0.3819 0.8339
1305031462.3597 -2.0115 -0.0151 0.4934 -0.0173 0.3993 0.3715 0.8380
1305031462.3917 -2.0198 -0.0065 0.5050 -0.0265 0.4002 0.3697 0.8381
1305031462.4276 -2.0476 0.0086 0.5387 -0.0264 0.4146 0.3567 0.8368
1305031462.4599 -2.0531 0.0238 0.5475 -0.0334 0.4109 0.3492 0.8415
1305031462.4920 -2.0465 0.0531 0.5361 -0.0373 0.3930 0.3429 0.8524
1305031462.5277 -2.0551 0.0262 0.5354 -0.0623 0.3914 0.3417 0.8522
1305031462.5599 -2.0623 0.0064 0.5450 -0.0800 0.3915 0.3420 0.8505
1305031462.5919 -2.0644 0.0102 0.5419 -0.0854 0.3887 0.3323 0.8551
1305031462.6279 -2.0683 0.0206 0.5418 -0.0862 0.3867 0.3241 0.8590
1305031462.6597 -2.0700 0.0293 0.5418 -0.0870 0.3850 0.3123 0.8641
1305031462.6925 -2.0812 0.0194 0.5301 -0.0942 0.3851 0.3039 0.8663
1305031462.7277 -2.0874 0.0292 0.5305 -0.0942 0.3806 0.2908 0.8728
1305031462.7598 -2.0882 0.0340 0.5280 -0.0989 0.3738 0.2823 0.8779
1305031462.7919 -2.0816 0.0344 0.5151 -0.1062 0.3634 0.2797 0.8823
1305031462.8278 -2.0788 0.0387 0.5157 -0.1142 0.3576 0.2749 0.8852
1305031462.8598 -2.0810 0.0399 0.5110 -0.1212 0.3578 0.2671 0.8865
1305031462.8918 -2.0841 0.0412 0.5035 -0.1245 0.3607 0.2630 0.8861
1305031462.9276 -2.0825 0.0273 0.4948 -0.1358 0.3615 0.2656 0.8834
1305031462.9597 -2.0766 0.0341 0.4879 -0.1354 0.3577 0.2629 0.8858
1305031462.9955 -2.0735 0.0406 0.4820 -0.1326 0.3534 0.2584 0.8892
1305031463.0277 -2.0738 0.0367 0.4666 -0.1323 0.3511 0.2560 0.8909
1305031463.0598 -2.0775 0.0315 0.4534 -0.1338 0.3484 0.2485 0.8938
1305031463.0958 -2.0699 0.0419 0.4444 -0.1327 0.3411 0.2377 0.8997
1305031463.1275 -2.0661 0.0495 0.4331 -0.1290 0.3371 0.2310 0.9035
1305031463.1598 -2.0710 0.0505 0.4146 -0.1258 0.3363 0.2166 0.9078
1305031463.1957 -2.0679 0.0431 0.4072 -0.1328 0.3360 0.2126 0.9079
1305031463.2278 -2.0607 0.0635 0.3953 -0.1249 0.3330 0.2043 0.9120
1305031463.2600 -2.0611 0.0649 0.3806 -0.1210 0.3350 0.1989 0.9130
1305031463.2957 -2.0506 0.0693 0.3636 -0.1205 0.3299 0.1958 0.9156
1305031463.3277 -2.0445 0.0813 0.3593 -0.1160 0.3270 0.1918 0.9181
1305031463.3598 -2.0404 0.0849 0.3433 -0.1113 0.3231 0.1849 0.9214
1305031463.3956 -2.0294 0.0865 0.3354 -0.1112 0.3172 0.1841 0.9237
1305031463.4277 -2.0174 0.0954 0.3227 -0.1088 0.3118 0.1819 0.9262
1305031463.4598 -2.0163 0.1219 0.3279 -0.0974 0.3178 0.1761 0.9266
1305031463.4956 -2.0152 0.1427 0.3323 -0.0897 0.3253 0.1704 0.9258
1305031463.5277 -2.0062 0.1544 0.3147 -0.0838 0.3290 0.1677 0.9256
1305031463.5598 -1.9862 0.1622 0.3023 -0.0765 0.3260 0.1678 0.9272
1305031463.5956 -1.9759 0.1640 0.2852 -0.0766 0.3220 0.1688 0.9284
1305031463.6276 -1.9647 0.1643 0.2819 -0.0769 0.3249 0.1664 0.9278
1305031463.6598 -1.9506 0.1526 0.2569 -0.0731 0.3222 0.1677 0.9288
1305031463.6956 -1.9405 0.1526 0.2403 -0.0719 0.3211 0.1654 0.9297
1305031463.7276 -1.9330 0.1450 0.2239 -0.0762 0.3223 0.1556 0.9307
1305031463.7597 -1.9167 0.1397 0.1970 -0.0695 0.3200 0.1500 0.9329
1305031463.7956 -1.9086 0.1245 0.1781 -0.0718 0.3219 0.1395 0.9337
1305031463.8278 -1.8979 0.1229 0.1585 -0.0692 0.3197 0.1315 0.9358
1305031463.8599 -1.8842 0.1132 0.1364 -0.0695 0.3179 0.1180 0.9382
1305031463.8956 -1.8720 0.1004 0.1094 -0.0674 0.3141 0.1086 0.9408
1305031463.9277 -1.8684 0.0867 0.0987 -0.0727 0.3132 0.0993 0.9417
1305031463.9597 -1.8626 0.0781 0.0770 -0.0704 0.3091 0.0921 0.9439
1305031463.9958 -1.8634 0.0662 0.0708 -0.0684 0.3101 0.0817 0.9447
1305031464.0277 -1.8638 0.0581 0.0532 -0.0699 0.3080 0.0732 0.9460
1305031464.0597 -1.8574 0.0261 0.0384 -0.0790 0.3063 0.0614 0.9467
1305031464.0956 -1.8581 0.0250 0.0227 -0.0729 0.3074 0.0482 0.9475
1305031464.1277 -1.8614 0.0204 0.0153 -0.0697 0.3073 0.0427 0.9481
1305031464.1598 -1.8622 0.0073 0.0178 -0.0687 0.3068 0.0377 0.9485
1305031464.1956 -1.8604 -0.0157 -0.0011 -0.0639 0.2975 0.0349 0.9520
1305031464.2276 -1.8584 -0.0054 -0.0129 -0.0505 0.2852 0.0305 0.9567
1305031464.2596 -1.8681 -0.0134 -0.0221 -0.0493 0.2740 0.0296 0.9600
1305031464.2957 -1.8718 -0.0236 -0.0280 -0.0524 0.2599 0.0243 0.9639
1305031464.3279 -1.8486 -0.0247 -0.0374 -0.0520 0.2418 0.0190 0.9687
1305031464.3597 -1.8544 -0.0394 -0.0338 -0.0543 0.2397 0.0090 0.9693
1305031464.3956 -1.8531 -0.0489 -0.0431 -0.0531 0.2368 0.0003 0.9701
1305031464.4276 -1.8517 -0.0492 -0.0542 -0.0520 0.2363 -0.0125 0.9702
1305031464.4597 -1.8486 -0.0613 -0.0565 -0.0537 0.2349 -0.0202 0.9703
1305031464.4956 -1.8515 -0.0629 -0.0685 -0.0520 0.2348 -0.0291 0.9702
1305031464.5276 -1.8509 -0.0702 -0.0842 -0.0522 0.2346 -0.0368 0.9700
1305031464.5597 -1.8440 -0.0809 -0.0979 -0.0562 0.2323 -0.0459 0.9699
1305031464.5957 -1.8317 -0.1012 -0.1153 -0.0578 0.2332 -0.0622 0.9687
1305031464.6277 -1.8199 -0.1075 -0.1230 -0.0446 0.2427 -0.0720 0.9664
1305031464.6597 -1.8224 -0.1249 -0.1411 -0.0356 0.2524 -0.0835 0.9633
1305031464.6957 -1.8142 -0.1538 -0.1496 -0.0271 0.2582 -0.1022 0.9603
1305031464.7277 -1.7984 -0.1453 -0.1538 -0.0061 0.2568 -0.1223 0.9587
1305031464.7597 -1.7997 -0.1370 -0.1535 0.0076 0.2547 -0.1396 0.9569
1305031464.7960 -1.8030 -0.1454 -0.1450 0.0097 0.2499 -0.1603 0.9549
1305031464.8278 -1.8082 -0.1388 -0.1334 0.0197 0.2367 -0.1744 0.9556
1305031464.8597 -1.8072 -0.1409 -0.1153 0.0208 0.2212 -0.1909 0.9561
1305031464.8958 -1.7824 -0.1459 -0.1136 0.0151 0.2007 -0.2047 0.9579
1305031464.9278 -1.7829 -0.1770 -0.1184 0.0042 0.1889 -0.2229 0.9564
1305031464.9598 -1.7725 -0.1889 -0.1077 0.0039 0.1823 -0.2411 0.9532
1305031464.9957 -1.7632 -0.1840 -0.1015 0.0098 0.1786 -0.2612 0.9486
1305031465.0278 -1.7558 -0.1793 -0.0865 0.0120 0.1779 -0.2816 0.9428
1305031465.0597 -1.7511 -0.1486 -0.0640 0.0197 0.1735 -0.3019 0.9372
1305031465.0957 -1.6980 -0.1230 -0.0801 0.0185 0.1548 -0.3151 0.9362
1305031465.1277 -1.6777 -0.1238 -0.0532 -0.0033 0.1448 -0.3263 0.9341
1305031465.1598 -1.6546 -0.1221 -0.0209 -0.0219 0.1355 -0.3320 0.9332
1305031465.1956 -1.6373 -0.1347 -0.0034 -0.0402 0.1264 -0.3349 0.9329
1305031465.2279 -1.6066 -0.1360 0.0138 -0.0547 0.1180 -0.3385 0.9319
1305031465.2598 -1.5995 -0.1537 0.0340 -0.0752 0.1143 -0.3381 0.9311
1305031465.2956 -1.5875 -0.1387 0.0469 -0.0776 0.1113 -0.3278 0.9350
1305031465.3277 -1.5735 -0.1289 0.0574 -0.0867 0.1046 -0.3176 0.9384
1305031465.3599 -1.5666 -0.1358 0.0702 -0.0961 0.0933 -0.3058 0.9427
1305031465.3956 -1.5486 -0.1376 0.0803 -0.0994 0.0800 -0.2953 0.9468
1305031465.4277 -1.5199 -0.1494 0.0728 -0.1010 0.0643 -0.2822 0.9518
1305031465.4601 -1.5131 -0.1422 0.0685 -0.0991 0.0611 -0.2749 0.9544
1305031465.4957 -1.4965 -0.1394 0.0687 -0.1026 0.0557 -0.2649 0.9572
1305031465.5276 -1.4835 -0.1479 0.0702 -0.1073 0.0501 -0.2607 0.9581
1305031465.5598 -1.4672 -0.1506 0.0647 -0.1046 0.0434 -0.2567 0.9598
1305031465.5956 -1.4550 -0.1522 0.0594 -0.1025 0.0408 -0.2527 0.9612
1305031465.6277 -1.4437 -0.1473 0.0513 -0.0982 0.0384 -0.2467 0.9633
1305031465.6601 -1.4354 -0.1474 0.0454 -0.0974 0.0345 -0.2413 0.9649
1305031465.6957 -1.4152 -0.1487 0.0404 -0.0948 0.0276 -0.2363 0.9667
1305031465.7277 -1.3995 -0.1420 0.0316 -0.0871 0.0249 -0.2308 0.9688
1305031465.7598 -1.3777 -0.1359 0.0244 -0.0812 0.0199 -0.2243 0.9709
1305031465.7959 -1.3580 -0.1349 0.0173 -0.0783 0.0167 -0.2189 0.9725
1305031465.8280 -1.3451 -0.1297 0.0072 -0.0711 0.0146 -0.2172 0.9734
1305031465.8599 -1.3132 -0.1141 -0.0009 -0.0568 0.0083 -0.2161 0.9747
1305031465.8955 -1.2861 -0.1086 -0.0141 -0.0516 0.0128 -0.2155 0.9751
1305031465.9275 -1.2685 -0.1073 -0.0210 -0.0462 0.0213 -0.2153 0.9752
1305031465.9597 -1.2388 -0.1029 -0.0297 -0.0354 0.0238 -0.2170 0.9752
1305031465.9958 -1.2206 -0.0982 -0.0376 -0.0282 0.0295 -0.2204 0.9746
1305031466.0276 -1.1969 -0.1042 -0.0489 -0.0270 0.0275 -0.2203 0.9747
1305031466.0598 -1.1761 -0.0793 -0.0635 -0.0216 0.0291 -0.2204 0.9747
1305031466.0958 -1.1698 -0.0675 -0.0702 -0.0254 0.0311 -0.2225 0.9741
1305031466.1276 -1.1531 -0.0568 -0.0772 -0.0315 0.0290 -0.2228 0.9739
1305031466.1604 -1.1405 -0.0370 -0.0865 -0.0331 0.0284 -0.2217 0.9741
1305031466.1958 -1.1273 -0.0295 -0.0966 -0.0431 0.0232 -0.2195 0.9744
1305031466.2280 -1.1194 -0.0349 -0.1093 -0.0587 0.0202 -0.2233 0.9728
1305031466.2598 -1.1039 -0.0442 -0.1205 -0.0646 0.0168 -0.2282 0.9713
1305031466.2957 -1.0831 -0.0494 -0.1365 -0.0623 0.0169 -0.2383 0.9690
1305031466.3277 -1.0626 -0.0551 -0.1515 -0.0608 0.0211 -0.2483 0.9665
1305031466.3598 -1.0525 -0.0477 -0.1660 -0.0612 0.0320 -0.2567 0.9640
1305031466.3958 -1.0458 -0.0651 -0.1770 -0.0644 0.0336 -0.2596 0.9630
1305031466.4278 -1.0366 -0.0595 -0.1930 -0.0582 0.0312 -0.2637 0.9623
1305031466.4598 -1.0296 -0.0602 -0.2057 -0.0597 0.0281 -0.2664 0.9616
1305031466.4958 -1.0112 -0.0543 -0.2191 -0.0607 0.0250 -0.2689 0.9609
1305031466.5275 -0.9877 -0.0715 -0.2283 -0.0638 0.0237 -0.2707 0.9603
1305031466.5604 -0.9675 -0.0635 -0.2432 -0.0597 0.0276 -0.2721 0.9600
1305031466.5959 -0.9426 -0.0725 -0.2602 -0.0691 0.0272 -0.2714 0.9596
1305031466.6275 -0.9267 -0.0887 -0.2601 -0.0760 0.0291 -0.2815 0.9561
1305031466.6597 -0.9093 -0.1019 -0.2759 -0.0726 0.0302 -0.2848 0.9554
1305031466.6958 -0.8982 -0.1012 -0.2900 -0.0726 0.0301 -0.2932 0.9528
1305031466.7281 -0.8823 -0.1046 -0.2926 -0.0783 0.0284 -0.3041 0.9490
1305031466.7596 -0.8631 -0.1162 -0.2884 -0.0770 0.0258 -0.3105 0.9471
1305031466.7956 -0.8557 -0.1220 -0.3031 -0.0744 0.0243 -0.3161 0.9455
1305031466.8279 -0.8459 -0.1235 -0.3148 -0.0766 0.0221 -0.3177 0.9448
1305031466.8597 -0.8457 -0.1326 -0.3191 -0.0806 0.0209 -0.3174 0.9446
1305031466.8957 -0.8312 -0.1380 -0.3319 -0.0806 0.0094 -0.3159 0.9453
1305031466.9278 -0.8148 -0.1477 -0.3384 -0.0843 -0.0057 -0.3151 0.9453
1305031466.9597 -0.8065 -0.1584 -0.3471 -0.0869 -0.0121 -0.3160 0.9447
1305031466.9957 -0.8006 -0.1606 -0.3525 -0.0867 -0.0144 -0.3179 0.9440
1305031467.0278 -0.7919 -0.1667 -0.3584 -0.0877 -0.0174 -0.3204 0.9430
1305031467.0597 -0.7837 -0.1728 -0.3656 -0.0882 -0.0191 -0.3237 0.9419
1305031467.0957 -0.7682 -0.1780 -0.3694 -0.0893 -0.0219 -0.3254 0.9411
1305031467.1290 -0.7610 -0.1812 -0.3670 -0.0904 -0.0243 -0.3312 0.9389
1305031467.1597 -0.7491 -0.1888 -0.3719 -0.0905 -0.0289 -0.3358 0.9371
1305031467.1957 -0.7446 -0.1925 -0.3750 -0.0917 -0.0315 -0.3385 0.9359
1305031467.2277 -0.7377 -0.1993 -0.3824 -0.0931 -0.0369 -0.3416 0.9345
1305031467.2597 -0.7318 -0.2055 -0.3847 -0.0940 -0.0409 -0.3460 0.9326
1305031467.2958 -0.7249 -0.2067 -0.3871 -0.0935 -0.0452 -0.3503 0.9309
1305031467.3280 -0.7109 -0.2115 -0.3976 -0.0936 -0.0511 -0.3526 0.9297
1305031467.3597 -0.6958 -0.2127 -0.4064 -0.0954 -0.0579 -0.3547 0.9283
1305031467.3958 -0.6794 -0.2182 -0.4024 -0.1020 -0.0655 -0.3576 0.9260
1305031467.4278 -0.6745 -0.2277 -0.4052 -0.1051 -0.0692 -0.3589 0.9248
1305031467.4597 -0.6631 -0.2301 -0.4103 -0.1051 -0.0745 -0.3596 0.9242
1305031467.4961 -0.6469 -0.2447 -0.4233 -0.1124 -0.0828 -0.3633 0.9212
1305031467.5277 -0.6264 -0.2420 -0.4236 -0.1132 -0.0872 -0.3672 0.9191
1305031467.5598 -0.6203 -0.2491 -0.4209 -0.1144 -0.0885 -0.3674 0.9188
1305031467.5960 -0.6182 -0.2547 -0.4257 -0.1155 -0.0883 -0.3669 0.9188
1305031467.6275 -0.6040 -0.2594 -0.4216 -0.1144 -0.0944 -0.3631 0.9199
1305031467.6596 -0.6080 -0.2735 -0.4175 -0.1139 -0.0974 -0.3618 0.9201
1305031467.6959 -0.6034 -0.2785 -0.4210 -0.1126 -0.0999 -0.3651 0.9187
1305031467.7275 -0.6028 -0.2785 -0.4098 -0.1085 -0.1022 -0.3709 0.9166
1305031467.7599 -0.6053 -0.2900 -0.4024 -0.1069 -0.1042 -0.3729 0.9158
1305031467.7961 -0.5969 -0.2896 -0.3988 -0.1021 -0.1081 -0.3750 0.9150
1305031467.8278 -0.6054 -0.3011 -0.3943 -0.1005 -0.1091 -0.3774 0.9141
1305031467.8597 -0.6039 -0.3050 -0.3803 -0.0940 -0.1145 -0.3762 0.9146
1305031467.8959 -0.6058 -0.3180 -0.3734 -0.0935 -0.1197 -0.3751 0.9145
1305031467.9278 -0.6062 -0.3173 -0.3580 -0.0909 -0.1253 -0.3803 0.9118
1305031467.9598 -0.6126 -0.3207 -0.3480 -0.0854 -0.1282 -0.3843 0.9103
1305031467.9958 -0.6100 -0.3233 -0.3433 -0.0843 -0.1294 -0.3836 0.9105
1305031468.0281 -0.6032 -0.3238 -0.3209 -0.0840 -0.1309 -0.3874 0.9087
1305031468.0598 -0.6081 -0.3286 -0.3085 -0.0796 -0.1325 -0.3918 0.9070
1305031468.0959 -0.6010 -0.3372 -0.3045 -0.0793 -0.1361 -0.3917 0.9065
1305031468.1278 -0.5971 -0.3404 -0.2893 -0.0794 -0.1378 -0.3913 0.9064
1305031468.1599 -0.5936 -0.3491 -0.2796 -0.0795 -0.1401 -0.3916 0.9059
1305031468.1960 -0.5854 -0.3559 -0.2643 -0.0788 -0.1418 -0.3947 0.9044
1305031468.2282 -0.5804 -0.3631 -0.2485 -0.0786 -0.1422 -0.3952 0.9041
1305031468.2598 -0.5678 -0.3708 -0.2224 -0.0769 -0.1437 -0.3931 0.9050
1305031468.2958 -0.5575 -0.3907 -0.2073 -0.0780 -0.1450 -0.3940 0.9043
1305031468.3278 -0.5497 -0.4126 -0.1900 -0.0774 -0.1470 -0.3902 0.9056
1305031468.3598 -0.5561 -0.4298 -0.1698 -0.0769 -0.1440 -0.3871 0.9075
1305031468.3959 -0.5524 -0.4357 -0.1608 -0.0770 -0.1439 -0.3873 0.9074
1305031468.4280 -0.5530 -0.4503 -0.1397 -0.0801 -0.1438 -0.3860 0.9077
1305031468.4598 -0.5532 -0.4629 -0.1284 -0.0813 -0.1450 -0.3836 0.9084
1305031468.4958 -0.5469 -0.4771 -0.1083 -0.0823 -0.1454 -0.3827 0.9086
1305031468.5278 -0.5582 -0.4865 -0.0977 -0.0808 -0.1429 -0.3888 0.9066
1305031468.5597 -0.5752 -0.4993 -0.0937 -0.0766 -0.1434 -0.3982 0.9028
1305031468.5958 -0.5830 -0.5000 -0.0973 -0.0724 -0.1432 -0.4050 0.9001
1305031468.6276 -0.5904 -0.5125 -0.0876 -0.0784 -0.1437 -0.4044 0.8998
1305031468.6596 -0.6120 -0.5281 -0.0780 -0.0824 -0.1441 -0.4048 0.8992
1305031468.6958 -0.6313 -0.5370 -0.0737 -0.0787 -0.1483 -0.4086 0.8971
1305031468.7278 -0.6478 -0.5537 -0.0695 -0.0795 -0.1524 -0.4104 0.8956
1305031468.7596 -0.6498 -0.5649 -0.0563 -0.0800 -0.1575 -0.4066 0.8964
1305031468.7958 -0.6748 -0.5754 -0.0559 -0.0794 -0.1564 -0.4130 0.8937
1305031468.8292 -0.7004 -0.5915 -0.0547 -0.0754 -0.1571 -0.4180 0.8916
1305031468.8597 -0.6965 -0.5901 -0.0537 -0.0717 -0.1583 -0.4209 0.8903
1305031468.8959 -0.6929 -0.5939 -0.0366 -0.0713 -0.1565 -0.4232 0.8896
1305031468.9281 -0.6929 -0.6005 -0.0363 -0.0712 -0.1495 -0.4206 0.8920
1305031468.9596 -0.7110 -0.5977 -0.0385 -0.0751 -0.1390 -0.4202 0.8936
1305031468.9957 -0.6960 -0.5931 -0.0360 -0.0853 -0.1357 -0.4215 0.8926
1305031469.0277 -0.7018 -0.5985 -0.0232 -0.1041 -0.1286 -0.4242 0.8903
1305031469.0598 -0.7260 -0.6053 -0.0069 -0.1196 -0.1222 -0.4321 0.8855
1305031469.0957 -0.7234 -0.5984 0.0014 -0.1280 -0.1193 -0.4410 0.8803
1305031469.1277 -0.7118 -0.6153 0.0235 -0.1411 -0.1172 -0.4481 0.8750
1305031469.1597 -0.7203 -0.6209 0.0316 -0.1510 -0.1054 -0.4544 0.8716
1305031469.1955 -0.7154 -0.6386 0.0477 -0.1595 -0.0992 -0.4570 0.8694
1305031469.2278 -0.7300 -0.6388 0.0530 -0.1654 -0.0879 -0.4584 0.8688
1305031469.2596 -0.7237 -0.6326 0.0568 -0.1659 -0.0871 -0.4613 0.8673
1305031469.2968 -0.7184 -0.6309 0.0836 -0.1718 -0.0830 -0.4629 0.8656
1305031469.3276 -0.7082 -0.6257 0.0916 -0.1722 -0.0827 -0.4632 0.8654
1305031469.3596 -0.6913 -0.6253 0.1114 -0.1766 -0.0829 -0.4676 0.8622
1305031469.3957 -0.6899 -0.6279 0.1352 -0.1777 -0.0730 -0.4735 0.8596
1305031469.4277 -0.6915 -0.6115 0.1402 -0.1710 -0.0579 -0.4822 0.8572
1305031469.4597 -0.6865 -0.6069 0.1548 -0.1696 -0.0510 -0.4890 0.8541
1305031469.4957 -0.6912 -0.5892 0.1684 -0.1676 -0.0437 -0.4921 0.8532
1305031469.5276 -0.6781 -0.5847 0.1760 -0.1689 -0.0466 -0.4900 0.8539
1305031469.5596 -0.6682 -0.5772 0.1845 -0.1736 -0.0469 -0.4898 0.8531
1305031469.5958 -0.6491 -0.5715 0.1904 -0.1787 -0.0485 -0.4840 0.8552
1305031469.6278 -0.6564 -0.5664 0.2100 -0.1911 -0.0441 -0.4872 0.8510
1305031469.6596 -0.6579 -0.5471 0.2248 -0.1960 -0.0348 -0.4896 0.8489
1305031469.6956 -0.6476 -0.5332 0.2284 -0.1953 -0.0317 -0.4869 0.8507
1305031469.7277 -0.6463 -0.5212 0.2418 -0.2005 -0.0239 -0.4872 0.8496
1305031469.7596 -0.6416 -0.5019 0.2517 -0.2040 -0.0154 -0.4817 0.8521
1305031469.7956 -0.6358 -0.4728 0.2625 -0.2040 -0.0087 -0.4783 0.8541
1305031469.8275 -0.6316 -0.4633 0.2689 -0.2110 -0.0113 -0.4768 0.8532
1305031469.8596 -0.6311 -0.4361 0.2838 -0.2150 -0.0072 -0.4734 0.8542
1305031469.8958 -0.6300 -0.4205 0.2935 -0.2208 -0.0076 -0.4714 0.8538
1305031469.9279 -0.6214 -0.4001 0.3077 -0.2224 -0.0098 -0.4678 0.8554
1305031469.9598 -0.6205 -0.3792 0.3075 -0.2229 -0.0114 -0.4647 0.8569
1305031469.9956 -0.6214 -0.3597 0.3169 -0.2255 -0.0126 -0.4634 0.8569
1305031470.0277 -0.6297 -0.3460 0.3215 -0.2320 -0.0113 -0.4619 0.8560
1305031470.0596 -0.6305 -0.3239 0.3243 -0.2318 -0.0102 -0.4617 0.8562
1305031470.0959 -0.6336 -0.3000 0.3227 -0.2300 -0.0082 -0.4603 0.8574
1305031470.1276 -0.6315 -0.2853 0.3204 -0.2339 -0.0084 -0.4550 0.8592
1305031470.1596 -0.6426 -0.2689 0.3216 -0.2391 -0.0050 -0.4536 0.8585
1305031470.1961 -0.6409 -0.2493 0.3220 -0.2393 -0.0073 -0.4474 0.8617
1305031470.2276 -0.6531 -0.2379 0.3167 -0.2454 -0.0039 -0.4478 0.8598
1305031470.2600 -0.6565 -0.2180 0.3143 -0.2483 -0.0010 -0.4408 0.8626
1305031470.2957 -0.6621 -0.1952 0.3135 -0.2498 0.0017 -0.4388 0.8632
1305031470.3276 -0.6654 -0.1853 0.3112 -0.2584 0.0033 -0.4345 0.8628
1305031470.3596 -0.6676 -0.1665 0.3122 -0.2609 0.0022 -0.4289 0.8648
1305031470.3958 -0.6807 -0.1494 0.3082 -0.2651 0.0067 -0.4244 0.8658
1305031470.4276 -0.6800 -0.1316 0.3078 -0.2636 0.0005 -0.4268 0.8651
1305031470.4597 -0.6895 -0.1182 0.3049 -0.2639 -0.0003 -0.4269 0.8650
1305031470.4957 -0.6947 -0.1077 0.3036 -0.2643 -0.0036 -0.4242 0.8662
1305031470.5277 -0.7054 -0.0954 0.3012 -0.2643 -0.0019 -0.4258 0.8653
1305031470.5597 -0.7129 -0.0852 0.3013 -0.2657 -0.0020 -0.4249 0.8654
1305031470.5958 -0.7183 -0.0741 0.2978 -0.2648 -0.0019 -0.4198 0.8681
1305031470.6277 -0.7236 -0.0594 0.2979 -0.2639 0.0005 -0.4163 0.8701
1305031470.6597 -0.7307 -0.0478 0.2963 -0.2632 0.0027 -0.4111 0.8727
1305031470.6956 -0.7344 -0.0424 0.2975 -0.2675 -0.0003 -0.4064 0.8736
1305031470.7277 -0.7447 -0.0311 0.2995 -0.2669 0.0015 -0.4078 0.8732
1305031470.7597 -0.7505 -0.0263 0.2999 -0.2682 0.0047 -0.4043 0.8744
1305031470.7956 -0.7572 -0.0109 0.2982 -0.2633 0.0132 -0.3984 0.8785
1305031470.8278 -0.7607 -0.0024 0.2984 -0.2579 0.0118 -0.3947 0.8818
1305031470.8596 -0.7675 0.0058 0.2955 -0.2508 0.0128 -0.3877 0.8869
1305031470.8957 -0.7774 0.0134 0.2924 -0.2468 0.0145 -0.3827 0.8902
1305031470.9277 -0.7800 0.0231 0.2917 -0.2389 0.0091 -0.3783 0.8943
1305031470.9596 -0.7874 0.0308 0.2884 -0.2265 0.0033 -0.3807 0.8965
1305031470.9960 -0.7950 0.0341 0.2877 -0.2179 0.0020 -0.3797 0.8991
1305031471.0276 -0.7992 0.0350 0.2860 -0.2085 -0.0007 -0.3790 0.9016
1305031471.0596 -0.8052 0.0388 0.2846 -0.1956 -0.0018 -0.3778 0.9050
1305031471.0958 -0.8081 0.0430 0.2783 -0.1832 -0.0045 -0.3705 0.9106
1305031471.1277 -0.8199 0.0446 0.2765 -0.1795 -0.0018 -0.3638 0.9140
1305031471.1596 -0.8190 0.0430 0.2760 -0.1745 -0.0064 -0.3572 0.9176
1305031471.1957 -0.8223 0.0420 0.2744 -0.1736 -0.0055 -0.3537 0.9191
1305031471.2276 -0.8279 0.0465 0.2740 -0.1715 -0.0016 -0.3499 0.9210
1305031471.2597 -0.8308 0.0455 0.2751 -0.1731 -0.0012 -0.3488 0.9211
1305031471.2961 -0.8327 0.0460 0.2753 -0.1717 -0.0009 -0.3462 0.9223
1305031471.3276 -0.8308 0.0507 0.2729 -0.1635 -0.0005 -0.3440 0.9246
1305031471.3596 -0.8334 0.0519 0.2718 -0.1616 0.0050 -0.3418 0.9258
1305031471.3957 -0.8375 0.0527 0.2698 -0.1584 0.0092 -0.3396 0.9271
1305031471.4277 -0.8427 0.0536 0.2700 -0.1567 0.0118 -0.3366 0.9284
1305031471.4596 -0.8437 0.0538 0.2677 -0.1559 0.0109 -0.3307 0.9307
1305031471.4965 -0.8557 0.0527 0.2634 -0.1595 0.0164 -0.3264 0.9315
1305031471.5276 -0.8568 0.0527 0.2628 -0.1599 0.0162 -0.3233 0.9325
1305031471.5597 -0.8557 0.0543 0.2614 -0.1586 0.0154 -0.3222 0.9332
1305031471.5957 -0.8582 0.0536 0.2615 -0.1589 0.0186 -0.3203 0.9337
1305031471.6276 -0.8603 0.0582 0.2590 -0.1552 0.0229 -0.3198 0.9344
1305031471.6596 -0.8550 0.0608 0.2525 -0.1487 0.0206 -0.3174 0.9364
1305031471.6956 -0.8580 0.0576 0.2465 -0.1491 0.0237 -0.3152 0.9369
1305031471.7275 -0.8581 0.0570 0.2444 -0.1497 0.0266 -0.3091 0.9388
1305031471.7597 -0.8596 0.0604 0.2448 -0.1471 0.0328 -0.3022 0.9412
1305031471.7958 -0.8638 0.0587 0.2403 -0.1470 0.0411 -0.2990 0.9420
1305031471.8276 -0.8669 0.0632 0.2374 -0.1468 0.0485 -0.2947 0.9430
1305031471.8597 -0.8635 0.0676 0.2393 -0.1479 0.0512 -0.2868 0.9451
1305031471.8956 -0.8617 0.0703 0.2364 -0.1495 0.0538 -0.2825 0.9460
1305031471.9277 -0.8643 0.0709 0.2379 -0.1553 0.0618 -0.2751 0.9468
1305031471.9596 -0.8679 0.0784 0.2423 -0.1510 0.0714 -0.2749 0.9468
1305031471.9956 -0.8650 0.0800 0.2352 -0.1504 0.0754 -0.2708 0.9478
1305031472.0276 -0.8625 0.0829 0.2348 -0.1538 0.0787 -0.2666 0.9482
1305031472.0597 -0.8642 0.0881 0.2407 -0.1550 0.0840 -0.2650 0.9480
1305031472.0956 -0.8664 0.0976 0.2385 -0.1500 0.0912 -0.2608 0.9493
1305031472.1276 -0.8670 0.1019 0.2349 -0.1514 0.0924 -0.2589 0.9495
1305031472.1596 -0.8734 0.0996 0.2457 -0.1588 0.0953 -0.2558 0.9488
1305031472.1957 -0.8727 0.1081 0.2467 -0.1490 0.0963 -0.2447 0.9532
1305031472.2276 -0.8726 0.1098 0.2444 -0.1466 0.0936 -0.2433 0.9542
1305031472.2638 -0.8767 0.1169 0.2403 -0.1374 0.0964 -0.2455 0.9547
1305031472.2957 -0.8751 0.1115 0.2296 -0.1302 0.0915 -0.2384 0.9580
1305031472.3277 -0.8751 0.1024 0.2293 -0.1310 0.0919 -0.2335 0.9591
1305031472.3636 -0.8770 0.1088 0.2254 -0.1260 0.0921 -0.2372 0.9588
1305031472.3956 -0.8796 0.1126 0.2278 -0.1244 0.0923 -0.2363 0.9593
1305031472.4277 -0.8786 0.1139 0.2289 -0.1218 0.0881 -0.2371 0.9598
1305031472.4636 -0.8794 0.1092 0.2288 -0.1230 0.0867 -0.2364 0.9599
1305031472.4956 -0.8792 0.1047 0.2266 -0.1222 0.0876 -0.2328 0.9608
1305031472.5276 -0.8862 0.0987 0.2351 -0.1264 0.0911 -0.2387 0.9585
1305031472.5636 -0.8891 0.0954 0.2470 -0.1231 0.0933 -0.2373 0.9591
1305031472.5957 -0.8890 0.0944 0.2450 -0.1207 0.0928 -0.2341 0.9602
1305031472.6277 -0.8887 0.0932 0.2457 -0.1199 0.0924 -0.2335 0.9605
1305031472.6636 -0.8868 0.0910 0.2469 -0.1167 0.0904 -0.2287 0.9622
1305031472.6958 -0.8892 0.0863 0.2472 -0.1156 0.0893 -0.2315 0.9618
1305031472.7276 -0.8893 0.0869 0.2477 -0.1119 0.0890 -0.2335 0.9618
1305031472.7636 -0.8863 0.0866 0.2472 -0.1089 0.0871 -0.2327 0.9625
1305031472.7956 -0.8909 0.0733 0.2505 -0.1142 0.0893 -0.2326 0.9617
1305031472.8276 -0.8906 0.0724 0.2506 -0.1112 0.0892 -0.2316 0.9623
1305031472.8636 -0.8924 0.0768 0.2501 -0.1055 0.0904 -0.2336 0.9624
1305031472.8957 -0.8938 0.0729 0.2515 -0.1072 0.0898 -0.2310 0.9629
1305031472.9277 -0.8927 0.0739 0.2536 -0.1055 0.0889 -0.2291 0.9636
1305031472.9638 -0.8912 0.0748 0.2527 -0.1031 0.0879 -0.2282 0.9642
1305031472.9957 -0.8914 0.0747 0.2560 -0.1045 0.0880 -0.2264 0.9644
1305031473.0276 -0.8904 0.0736 0.2570 -0.1061 0.0867 -0.2258 0.9645
1305031473.0637 -0.8917 0.0711 0.2586 -0.1083 0.0872 -0.2274 0.9638
1305031473.0957 -0.8916 0.0682 0.2566 -0.1088 0.0869 -0.2286 0.9635
1305031473.1277 -0.8970 0.0675 0.2578 -0.1098 0.0907 -0.2312 0.9624
1305031473.1671 -0.8945 0.0696 0.2580 -0.1065 0.0882 -0.2317 0.9629
1305031473.1961 -0.8926 0.0677 0.2577 -0.1060 0.0861 -0.2315 0.9632
