1305031453.3917 0.0000 0.0000 0.0000 0.0000 0.0000 0.0000 1.0000
1305031453.5237 0.0122 0.0158 -0.0425 0.0154 0.0218 0.0372 0.9989
1305031453.6277 0.0048 0.0324 -0.0847 0.0363 0.0302 0.0519 0.9975
1305031453.7277 -0.0137 0.0592 -0.1298 0.0557 0.0173 0.0405 0.9975
1305031453.8278 -0.0409 0.0813 -0.1665 0.0672 -0.0064 0.0183 0.9976
1305031453.9277 -0.0756 0.0981 -0.1882 0.0653 -0.0521 -0.0007 0.9965
1305031453.9596 -0.0758 0.0995 -0.1935 0.0620 -0.0711 -0.0089 0.9955
1305031453.9916 -0.0838 0.0973 -0.1880 0.0599 -0.0840 -0.0195 0.9945
1305031454.0277 -0.0919 0.0987 -0.1906 0.0620 -0.0971 -0.0292 0.9929
1305031454.0597 -0.0952 0.0997 -0.1895 0.0626 -0.1105 -0.0390 0.9911
1305031454.0917 -0.1074 0.1001 -0.1799 0.0639 -0.1224 -0.0518 0.9891
1305031454.1277 -0.1210 0.1026 -0.1787 0.0681 -0.1356 -0.0650 0.9863
1305031454.1597 -0.1308 0.1058 -0.1787 0.0687 -0.1508 -0.0759 0.9832
1305031454.1917 -0.1431 0.1068 -0.1752 0.0672 -0.1670 -0.0900 0.9795
1305031454.2277 -0.1587 0.1087 -0.1694 0.0713 -0.1826 -0.1082 0.9746
1305031454.2596 -0.1696 0.1170 -0.1818 0.0772 -0.1915 -0.1203 0.9710
1305031454.2916 -0.1743 0.1161 -0.1790 0.0749 -0.2007 -0.1313 0.9679
1305031454.3277 -0.2043 0.1249 -0.1833 0.0785 -0.2025 -0.1458 0.9652
1305031454.3596 -0.2096 0.1277 -0.1869 0.0848 -0.2137 -0.1599 0.9600
1305031454.3917 -0.2210 0.1336 -0.1912 0.0865 -0.2192 -0.1702 0.9568
1305031454.4275 -0.2366 0.1390 -0.1954 0.0884 -0.2282 -0.1849 0.9518
1305031454.4599 -0.2415 0.1435 -0.1985 0.0914 -0.2373 -0.1983 0.9466
1305031454.4916 -0.2523 0.1481 -0.1994 0.0933 -0.2401 -0.2134 0.9424
1305031454.5277 -0.2662 0.1551 -0.1978 0.0935 -0.2432 -0.2263 0.9386
1305031454.5596 -0.2856 0.1606 -0.1941 0.0906 -0.2450 -0.2361 0.9360
1305031454.5916 -0.3047 0.1656 -0.1889 0.0879 -0.2517 -0.2510 0.9305
1305031454.6276 -0.3186 0.1712 -0.1876 0.0861 -0.2607 -0.2628 0.9250
1305031454.6595 -0.3295 0.1789 -0.1796 0.0819 -0.2706 -0.2687 0.9208
1305031454.6919 -0.3567 0.1904 -0.1735 0.0753 -0.2764 -0.2690 0.9196
1305031454.7277 -0.3765 0.2008 -0.1720 0.0716 -0.2810 -0.2710 0.9179
1305031454.7597 -0.3781 0.1978 -0.1594 0.0653 -0.2895 -0.2706 0.9158
1305031454.7916 -0.3752 0.1926 -0.1390 0.0581 -0.2989 -0.2656 0.9147
1305031454.8276 -0.3749 0.1890 -0.1186 0.0524 -0.3049 -0.2624 0.9140
1305031454.8596 -0.3796 0.1936 -0.1033 0.0468 -0.3043 -0.2574 0.9159
1305031454.8918 -0.3812 0.1974 -0.0933 0.0418 -0.3015 -0.2511 0.9188
1305031454.9276 -0.3830 0.2063 -0.0881 0.0384 -0.2968 -0.2459 0.9219
1305031454.9596 -0.3873 0.2134 -0.0881 0.0344 -0.2914 -0.2410 0.9251
1305031454.9919 -0.3930 0.2212 -0.0872 0.0312 -0.2888 -0.2352 0.9275
1305031455.0278 -0.3938 0.2329 -0.0881 0.0316 -0.2887 -0.2322 0.9283
1305031455.0596 -0.3987 0.2379 -0.0864 0.0289 -0.2868 -0.2306 0.9294
1305031455.0917 -0.4043 0.2453 -0.0900 0.0309 -0.2832 -0.2302 0.9305
1305031455.1277 -0.4103 0.2574 -0.0945 0.0328 -0.2781 -0.2282 0.9325
1305031455.1597 -0.4204 0.2666 -0.1000 0.0314 -0.2727 -0.2240 0.9351
1305031455.1917 -0.4305 0.2741 -0.1018 0.0272 -0.2694 -0.2181 0.9376
1305031455.2276 -0.4398 0.2796 -0.1066 0.0262 -0.2661 -0.2131 0.9397
1305031455.2596 -0.4459 0.2919 -0.1133 0.0245 -0.2611 -0.2070 0.9425
1305031455.2918 -0.4606 0.2965 -0.1158 0.0153 -0.2549 -0.1977 0.9464
1305031455.3278 -0.4720 0.3051 -0.1220 0.0097 -0.2521 -0.1877 0.9493
1305031455.3596 -0.4769 0.3131 -0.1253 0.0016 -0.2511 -0.1816 0.9508
1305031455.3917 -0.4886 0.3145 -0.1268 -0.0098 -0.2442 -0.1736 0.9540
1305031455.4276 -0.5036 0.3196 -0.1323 -0.0171 -0.2365 -0.1636 0.9576
1305031455.4596 -0.5180 0.3197 -0.1385 -0.0230 -0.2325 -0.1552 0.9599
1305031455.4916 -0.5303 0.3252 -0.1468 -0.0271 -0.2284 -0.1443 0.9624
1305031455.5276 -0.5487 0.3246 -0.1526 -0.0329 -0.2243 -0.1314 0.9651
1305031455.5597 -0.5656 0.3263 -0.1631 -0.0354 -0.2241 -0.1182 0.9667
1305031455.5916 -0.5776 0.3303 -0.1761 -0.0378 -0.2247 -0.1043 0.9681
1305031455.6596 -0.6071 0.3202 -0.1887 -0.0433 -0.2224 -0.0859 0.9702
1305031455.6916 -0.6210 0.3208 -0.2014 -0.0392 -0.2204 -0.0870 0.9707
1305031455.7276 -0.6339 0.3174 -0.2127 -0.0374 -0.2173 -0.0918 0.9711
1305031455.7597 -0.6476 0.3149 -0.2260 -0.0361 -0.2115 -0.0951 0.9721
1305031455.7917 -0.6628 0.3064 -0.2381 -0.0357 -0.2059 -0.0942 0.9734
1305031455.8276 -0.6764 0.3046 -0.2545 -0.0325 -0.2020 -0.0940 0.9743
1305031455.8595 -0.6878 0.2995 -0.2678 -0.0326 -0.2002 -0.0955 0.9745
1305031455.8917 -0.6977 0.2956 -0.2817 -0.0323 -0.1973 -0.0960 0.9751
1305031455.9280 -0.7071 0.2902 -0.2912 -0.0334 -0.1944 -0.0969 0.9756
1305031455.9597 -0.7168 0.2899 -0.3046 -0.0318 -0.1904 -0.0995 0.9761
1305031455.9917 -0.7256 0.2882 -0.3123 -0.0330 -0.1859 -0.1016 0.9768
1305031456.0278 -0.7346 0.2938 -0.3246 -0.0352 -0.1789 -0.1064 0.9775
1305031456.0597 -0.7465 0.2870 -0.3260 -0.0446 -0.1741 -0.1143 0.9771
1305031456.0917 -0.7574 0.2784 -0.3279 -0.0505 -0.1702 -0.1195 0.9768
1305031456.1276 -0.7673 0.2725 -0.3336 -0.0520 -0.1659 -0.1209 0.9773
1305031456.1597 -0.7727 0.2598 -0.3320 -0.0552 -0.1626 -0.1211 0.9777
1305031456.1917 -0.7816 0.2512 -0.3361 -0.0509 -0.1547 -0.1186 0.9795
1305031456.2277 -0.7892 0.2559 -0.3443 -0.0457 -0.1440 -0.1150 0.9818
1305031456.2917 -0.8139 0.2393 -0.3411 -0.0465 -0.1212 -0.1080 0.9856
1305031456.3277 -0.8240 0.2333 -0.3390 -0.0429 -0.1108 -0.1009 0.9878
1305031456.3916 -0.8460 0.2273 -0.3322 -0.0387 -0.0862 -0.0917 0.9913
1305031456.4277 -0.8645 0.2302 -0.3305 -0.0311 -0.0735 -0.0851 0.9932
1305031456.4917 -0.9033 0.2463 -0.3220 -0.0336 -0.0633 -0.0740 0.9947
1305031456.5276 -0.9158 0.2465 -0.3115 -0.0398 -0.0648 -0.0687 0.9947
1305031456.5917 -0.9371 0.2501 -0.2985 -0.0420 -0.0599 -0.0569 0.9957
1305031456.6276 -0.9485 0.2626 -0.2901 -0.0518 -0.0541 -0.0513 0.9959
1305031456.6916 -0.9835 0.2476 -0.2647 -0.0664 -0.0420 -0.0365 0.9962
1305031456.8276 -1.0406 0.2671 -0.2319 -0.0724 -0.0515 -0.0046 0.9960
1305031457.0917 -1.1334 0.2827 -0.1824 -0.1014 -0.0152 0.0326 0.9942
1305031457.2917 -1.2046 0.2597 -0.2088 -0.1009 0.0279 0.0678 0.9922
1305031457.3917 -1.2471 0.2442 -0.2361 -0.0962 0.0624 0.0855 0.9897
1305031457.4917 -1.2937 0.2251 -0.2648 -0.0937 0.0775 0.1006 0.9875
1305031457.5597 -1.3189 0.2117 -0.2863 -0.0868 0.0864 0.1077 0.9866
1305031457.6596 -1.3676 0.1998 -0.3133 -0.0793 0.0981 0.1177 0.9850
1305031457.7596 -1.4007 0.1620 -0.3269 -0.0868 0.1008 0.1177 0.9841
1305031457.7916 -1.4066 0.1442 -0.3316 -0.0817 0.1044 0.1174 0.9842
1305031457.8277 -1.4206 0.1456 -0.3433 -0.0700 0.1125 0.1179 0.9842
1305031457.8916 -1.4460 0.1132 -0.3452 -0.0639 0.1290 0.1182 0.9825
1305031457.9276 -1.4663 0.1093 -0.3509 -0.0502 0.1352 0.1218 0.9820
1305031457.9916 -1.4881 0.0943 -0.3519 -0.0386 0.1367 0.1271 0.9817
1305031458.0278 -1.4964 0.0840 -0.3500 -0.0303 0.1396 0.1281 0.9814
1305031458.0597 -1.5131 0.0889 -0.3530 -0.0200 0.1451 0.1304 0.9806
1305031458.0917 -1.5262 0.0886 -0.3483 -0.0195 0.1491 0.1316 0.9798
1305031458.1276 -1.5396 0.0810 -0.3433 -0.0212 0.1526 0.1316 0.9793
1305031458.1596 -1.5565 0.0703 -0.3403 -0.0206 0.1555 0.1341 0.9785
1305031458.1916 -1.5683 0.0742 -0.3302 -0.0187 0.1542 0.1360 0.9785
1305031458.2276 -1.5735 0.0706 -0.3062 -0.0250 0.1504 0.1375 0.9787
1305031458.2599 -1.5919 0.0478 -0.3067 -0.0309 0.1485 0.1371 0.9789
1305031458.2917 -1.6168 0.0401 -0.3296 -0.0238 0.1438 0.1372 0.9798
1305031458.3276 -1.6302 0.0362 -0.3253 -0.0223 0.1373 0.1389 0.9805
1305031458.3596 -1.6350 0.0306 -0.3007 -0.0132 0.1327 0.1393 0.9812
1305031458.3916 -1.6441 0.0296 -0.2934 -0.0014 0.1289 0.1423 0.9814
1305031458.4276 -1.6483 0.0278 -0.2805 0.0063 0.1275 0.1511 0.9802
1305031458.4596 -1.6900 0.0601 -0.2858 0.0278 0.1396 0.1474 0.9788
1305031458.4917 -1.7735 0.0938 -0.3160 0.0568 0.1659 0.1364 0.9750
1305031458.5277 -1.8288 0.1234 -0.3237 0.0785 0.1851 0.1263 0.9714
1305031458.5596 -1.8340 0.1263 -0.3036 0.0857 0.1942 0.1233 0.9694
1305031458.5916 -1.8410 0.1271 -0.2840 0.0946 0.2002 0.1168 0.9682
1305031458.6277 -1.8464 0.1413 -0.2633 0.0987 0.2002 0.1135 0.9681
1305031458.6596 -1.8341 0.1354 -0.2262 0.0911 0.1944 0.1152 0.9699
1305031458.6917 -1.8271 0.1337 -0.1966 0.0849 0.1783 0.1115 0.9740
1305031458.7276 -1.8125 0.1225 -0.1737 0.0792 0.1604 0.1041 0.9783
1305031458.7599 -1.8239 0.1256 -0.1587 0.0850 0.1481 0.0931 0.9809
1305031458.7916 -1.8235 0.1301 -0.1439 0.0840 0.1328 0.0878 0.9837
1305031458.8276 -1.8140 0.1212 -0.1256 0.0749 0.1229 0.0879 0.9857
1305031458.8917 -1.8095 0.1154 -0.1045 0.0809 0.1189 0.0780 0.9865
1305031458.9276 -1.8187 0.1179 -0.0964 0.0797 0.1265 0.0834 0.9852
1305031458.9596 -1.8182 0.1111 -0.0834 0.0720 0.1309 0.0959 0.9841
1305031458.9916 -1.8201 0.0919 -0.0722 0.0714 0.1333 0.1002 0.9834
1305031459.0277 -1.8369 0.0845 -0.0657 0.0807 0.1317 0.0999 0.9829
1305031459.0596 -1.8540 0.0741 -0.0549 0.0881 0.1253 0.1092 0.9822
1305031459.1276 -1.8622 0.0335 -0.1089 0.0763 0.1195 0.1162 0.9831
1305031459.1596 -1.8707 0.0319 -0.1084 0.0847 0.0926 0.1176 0.9851
1305031459.1917 -1.8812 0.0333 -0.1062 0.0905 0.0732 0.1231 0.9855
1305031459.2276 -1.8864 0.0337 -0.0989 0.0927 0.0594 0.1342 0.9848
1305031459.2598 -1.8845 0.0401 -0.0852 0.0934 0.0545 0.1445 0.9836
1305031459.3276 -1.8890 0.0471 -0.0615 0.0899 0.0842 0.1737 0.9771
1305031459.3597 -1.9011 0.0548 -0.0537 0.0949 0.1093 0.1926 0.9706
1305031459.3917 -1.9106 0.0817 -0.0354 0.0972 0.1353 0.2163 0.9620
1305031459.4276 -1.9054 0.0880 -0.0192 0.0863 0.1665 0.2516 0.9495
1305031459.4597 -1.9186 0.0869 -0.0117 0.0846 0.2028 0.2882 0.9320
1305031459.5276 -1.9070 0.1686 0.1344 0.1048 0.2390 0.2869 0.9217
1305031459.5596 -1.9206 0.1621 0.1372 0.0992 0.2542 0.3121 0.9100
1305031459.5917 -1.9373 0.1641 0.1449 0.0987 0.2616 0.3295 0.9018
1305031459.6276 -1.9417 0.1616 0.1523 0.0951 0.2623 0.3408 0.8978
1305031459.6596 -1.9536 0.1645 0.1579 0.0959 0.2688 0.3413 0.8956
1305031459.6916 -1.9680 0.1625 0.1665 0.0913 0.2809 0.3461 0.8905
1305031459.7276 -1.9775 0.1501 0.1735 0.0851 0.2887 0.3501 0.8870
1305031459.7917 -2.0118 0.1261 0.1868 0.0855 0.3008 0.3433 0.8857
1305031459.8277 -2.0271 0.1160 0.1942 0.0847 0.3018 0.3413 0.8861
1305031459.8597 -2.0423 0.1059 0.2034 0.0809 0.3015 0.3405 0.8869
1305031459.8916 -2.0496 0.0920 0.2104 0.0754 0.2966 0.3446 0.8875
1305031459.9276 -2.0571 0.0785 0.2166 0.0743 0.2934 0.3484 0.8871
1305031459.9917 -2.0755 0.0568 0.2316 0.0702 0.2905 0.3561 0.8854
1305031460.0276 -2.0835 0.0411 0.2364 0.0683 0.2906 0.3593 0.8842
1305031460.0597 -2.0955 0.0271 0.2432 0.0686 0.2917 0.3607 0.8832
1305031460.0917 -2.1059 0.0098 0.2502 0.0697 0.2878 0.3676 0.8816
1305031460.1277 -2.1112 -0.0055 0.2545 0.0742 0.2785 0.3771 0.8802
1305031460.1597 -2.1192 -0.0138 0.2625 0.0812 0.2712 0.3837 0.8790
1305031460.1916 -2.1174 -0.0192 0.2725 0.0819 0.2630 0.3908 0.8783
1305031460.2278 -2.1071 -0.0286 0.2786 0.0815 0.2599 0.3956 0.8771
1305031460.2917 -2.1088 -0.0494 0.2883 0.0832 0.2754 0.3954 0.8723
1305031460.3275 -2.1118 -0.0610 0.2928 0.0841 0.2840 0.3968 0.8688
1305031460.3916 -2.1122 -0.0797 0.3054 0.0800 0.3027 0.4036 0.8597
1305031460.4275 -2.1136 -0.0917 0.3096 0.0787 0.3132 0.4084 0.8538
1305031460.4596 -2.1137 -0.0976 0.3148 0.0776 0.3255 0.4122 0.8474
1305031460.4915 -2.1188 -0.1048 0.3201 0.0724 0.3396 0.4182 0.8394
1305031460.5276 -2.1176 -0.1163 0.3237 0.0656 0.3493 0.4285 0.8307
1305031460.5596 -2.1149 -0.1275 0.3277 0.0594 0.3578 0.4329 0.8252
1305031460.5919 -2.1193 -0.1393 0.3324 0.0553 0.3675 0.4337 0.8209
1305031460.6276 -2.1181 -0.1506 0.3361 0.0521 0.3750 0.4364 0.8162
1305031460.6598 -2.1225 -0.1622 0.3411 0.0500 0.3831 0.4356 0.8130
1305031460.6917 -2.1283 -0.1727 0.3484 0.0470 0.3882 0.4365 0.8103
1305031460.7277 -2.1262 -0.1805 0.3551 0.0422 0.3897 0.4370 0.8095
1305031460.7597 -2.1248 -0.1922 0.3612 0.0384 0.3945 0.4359 0.8080
1305031460.7917 -2.1297 -0.2035 0.3700 0.0356 0.3995 0.4348 0.8063
1305031460.8277 -2.1299 -0.2105 0.3796 0.0313 0.4013 0.4324 0.8069
1305031460.8597 -2.1285 -0.2174 0.3883 0.0253 0.4051 0.4302 0.8064
1305031460.8918 -2.1278 -0.2301 0.3978 0.0176 0.4105 0.4282 0.8049
1305031460.9276 -2.1284 -0.2419 0.4097 0.0120 0.4140 0.4276 0.8035
1305031460.9917 -2.1129 -0.2658 0.4220 0.0080 0.4167 0.4311 0.8003
1305031461.0276 -2.1092 -0.2771 0.4314 0.0092 0.4193 0.4318 0.7985
1305031461.0917 -2.1072 -0.2895 0.4486 0.0126 0.4189 0.4302 0.7996
1305031461.1276 -2.0970 -0.2990 0.4531 0.0101 0.4179 0.4293 0.8006
1305031461.1597 -2.0900 -0.3101 0.4599 0.0114 0.4192 0.4275 0.8009
1305031461.1920 -2.0877 -0.3129 0.4662 0.0148 0.4199 0.4227 0.8030
1305031461.2276 -2.0846 -0.3199 0.4722 0.0146 0.4215 0.4204 0.8034
1305031461.2596 -2.0782 -0.3259 0.4776 0.0160 0.4213 0.4172 0.8051
1305031461.2917 -2.0743 -0.3287 0.4841 0.0180 0.4224 0.4110 0.8077
1305031461.3278 -2.0684 -0.3275 0.4889 0.0199 0.4243 0.4063 0.8090
1305031461.3597 -2.0694 -0.3253 0.4972 0.0170 0.4288 0.4022 0.8087
1305031461.3917 -2.0587 -0.3365 0.5039 0.0075 0.4288 0.4045 0.8077
1305031461.4276 -2.0519 -0.3404 0.5071 0.0065 0.4296 0.4027 0.8082
1305031461.4598 -2.0505 -0.3360 0.5119 0.0046 0.4300 0.4040 0.8074
1305031461.4917 -2.0337 -0.3483 0.5106 -0.0017 0.4284 0.4077 0.8064
1305031461.5277 -2.0340 -0.3450 0.5110 0.0048 0.4306 0.4039 0.8071
1305031461.5597 -2.0283 -0.3391 0.5051 0.0045 0.4309 0.4005 0.8087
1305031461.5917 -2.0275 -0.3369 0.5034 0.0049 0.4393 0.3964 0.8061
1305031461.6275 -2.0253 -0.3319 0.5013 0.0031 0.4446 0.3960 0.8035
1305031461.6596 -2.0234 -0.3289 0.5002 0.0010 0.4496 0.3957 0.8008
1305031461.6916 -2.0239 -0.3226 0.4988 0.0010 0.4525 0.4005 0.7968
1305031461.7276 -2.0145 -0.3168 0.4938 -0.0015 0.4511 0.4069 0.7943
1305031461.7597 -2.0144 -0.3086 0.4866 -0.0010 0.4521 0.4098 0.7922
1305031461.7916 -2.0108 -0.2988 0.4804 -0.0045 0.4529 0.4143 0.7894
1305031461.8276 -2.0063 -0.2910 0.4740 -0.0064 0.4559 0.4193 0.7850
1305031461.8598 -2.0102 -0.2758 0.4704 -0.0052 0.4599 0.4247 0.7798
1305031461.8917 -2.0127 -0.2652 0.4701 -0.0089 0.4619 0.4354 0.7726
1305031461.9278 -2.0028 -0.2545 0.4711 -0.0162 0.4600 0.4459 0.7677
1305031461.9597 -1.9963 -0.2374 0.4641 -0.0204 0.4619 0.4486 0.7649
1305031461.9916 -2.0043 -0.2239 0.4765 -0.0267 0.4737 0.4528 0.7549
1305031462.0277 -2.0007 -0.2238 0.4878 -0.0392 0.4765 0.4646 0.7454
1305031462.0598 -1.9999 -0.2195 0.4929 -0.0437 0.4734 0.4768 0.7393
1305031462.0918 -1.9983 -0.2096 0.4916 -0.0449 0.4673 0.4888 0.7353
1305031462.1277 -1.9973 -0.2001 0.4929 -0.0476 0.4647 0.4981 0.7305
1305031462.1596 -1.9939 -0.1925 0.4968 -0.0517 0.4637 0.5047 0.7263
1305031462.1916 -1.9919 -0.1823 0.5055 -0.0565 0.4658 0.5039 0.7252
1305031462.2276 -1.9953 -0.1744 0.5090 -0.0627 0.4672 0.5051 0.7230
1305031462.2598 -1.9908 -0.1628 0.5215 -0.0692 0.4691 0.5042 0.7218
1305031462.2916 -1.9868 -0.1473 0.5332 -0.0750 0.4685 0.5005 0.7241
1305031462.3597 -1.9715 -0.1326 0.5927 -0.0961 0.4855 0.4918 0.7164
1305031462.4920 -1.9925 -0.0992 0.7120 -0.0975 0.5379 0.4520 0.7049
1305031463.4277 -1.9755 -0.0875 0.7936 -0.1212 0.5666 0.4334 0.6903
1305031463.5277 -1.9823 -0.0682 0.7510 -0.1226 0.5726 0.4273 0.6888
1305031463.6276 -1.9830 -0.0511 0.7019 -0.1177 0.5725 0.4236 0.6921
1305031463.6956 -1.9937 -0.0454 0.6671 -0.1086 0.5772 0.4123 0.6965
1305031463.7597 -1.9810 -0.0497 0.6164 -0.1104 0.5756 0.4057 0.7014
1305031463.8278 -1.9836 -0.0547 0.5722 -0.1141 0.5773 0.3862 0.7103
1305031463.8599 -1.9794 -0.0631 0.5480 -0.1176 0.5776 0.3776 0.7142
1305031463.8956 -1.9835 -0.0681 0.5282 -0.1177 0.5795 0.3676 0.7177
1305031463.9597 -1.9791 -0.0819 0.4913 -0.1199 0.5748 0.3580 0.7260
1305031463.9958 -1.9805 -0.0914 0.4699 -0.1189 0.5722 0.3513 0.7315
1305031464.0277 -1.9841 -0.0987 0.4495 -0.1202 0.5692 0.3441 0.7370
1305031464.0597 -1.9799 -0.1088 0.4277 -0.1236 0.5669 0.3371 0.7414
1305031464.0956 -1.9831 -0.1193 0.4118 -0.1243 0.5687 0.3271 0.7444
1305031464.1277 -1.9879 -0.1277 0.4024 -0.1235 0.5696 0.3208 0.7466
1305031464.1598 -1.9852 -0.1390 0.3936 -0.1199 0.5679 0.3179 0.7497
1305031464.1956 -1.9862 -0.1485 0.3838 -0.1116 0.5644 0.3112 0.7564
1305031464.2276 -1.9959 -0.1527 0.3748 -0.1013 0.5589 0.3042 0.7648
1305031464.2596 -2.0040 -0.1537 0.3661 -0.0927 0.5488 0.3013 0.7742
1305031464.2957 -2.0043 -0.1561 0.3497 -0.0888 0.5339 0.2989 0.7859
1305031464.3279 -2.0019 -0.1577 0.3294 -0.0863 0.5212 0.2954 0.7960
1305031464.3597 -1.9967 -0.1650 0.3095 -0.0839 0.5123 0.2914 0.8035
1305031464.3956 -1.9968 -0.1653 0.2843 -0.0807 0.5060 0.2832 0.8107
1305031464.4276 -1.9974 -0.1658 0.2668 -0.0821 0.5050 0.2739 0.8144
1305031464.4597 -1.9974 -0.1755 0.2518 -0.0841 0.5030 0.2658 0.8181
1305031464.4956 -1.9968 -0.1767 0.2293 -0.0832 0.5002 0.2598 0.8218
1305031464.5276 -2.0004 -0.1789 0.2115 -0.0843 0.5000 0.2519 0.8243
1305031464.5597 -1.9959 -0.1836 0.1905 -0.0905 0.4962 0.2431 0.8285
1305031464.5957 -1.9843 -0.2049 0.1608 -0.0954 0.4971 0.2340 0.8300
1305031464.6277 -1.9837 -0.2130 0.1386 -0.0915 0.5073 0.2210 0.8279
1305031464.6597 -1.9788 -0.2188 0.1205 -0.0897 0.5166 0.2046 0.8266
1305031464.6957 -1.9665 -0.2369 0.1087 -0.0883 0.5256 0.1847 0.8258
1305031464.7277 -1.9687 -0.2387 0.1051 -0.0788 0.5325 0.1611 0.8272
1305031464.7597 -1.9725 -0.2300 0.0965 -0.0725 0.5318 0.1381 0.8324
1305031464.7960 -1.9661 -0.2385 0.0987 -0.0736 0.5272 0.1197 0.8381
1305031464.8278 -1.9628 -0.2392 0.1013 -0.0677 0.5171 0.1038 0.8469
1305031464.8597 -1.9586 -0.2253 0.0901 -0.0630 0.5006 0.0888 0.8588
1305031464.8958 -1.9465 -0.2194 0.0761 -0.0692 0.4823 0.0733 0.8702
1305031464.9278 -1.9223 -0.2372 0.0648 -0.0809 0.4665 0.0584 0.8789
1305031464.9598 -1.9001 -0.2485 0.0544 -0.0855 0.4574 0.0423 0.8841
1305031464.9957 -1.8826 -0.2431 0.0429 -0.0855 0.4522 0.0235 0.8875
1305031465.0278 -1.8665 -0.2373 0.0491 -0.0898 0.4498 0.0021 0.8886
1305031465.0597 -1.8593 -0.2104 0.0640 -0.0876 0.4447 -0.0193 0.8912
1305031465.0957 -1.8531 -0.1644 0.0583 -0.0907 0.4316 -0.0330 0.8969
1305031465.1277 -1.8339 -0.1490 0.0576 -0.1107 0.4159 -0.0390 0.9018
1305031465.1598 -1.8129 -0.1409 0.0653 -0.1293 0.4032 -0.0398 0.9051
1305031465.1956 -1.7911 -0.1306 0.0677 -0.1427 0.3910 -0.0406 0.9083
1305031465.2279 -1.7735 -0.1100 0.0657 -0.1530 0.3811 -0.0408 0.9109
1305031465.2598 -1.7541 -0.1029 0.0761 -0.1651 0.3733 -0.0363 0.9122
1305031465.3277 -1.7271 -0.0645 0.0770 -0.1649 0.3583 -0.0107 0.9189
1305031465.3956 -1.6931 -0.0496 0.0681 -0.1593 0.3317 0.0159 0.9297
1305031465.4277 -1.6749 -0.0388 0.0506 -0.1518 0.3201 0.0272 0.9348
1305031465.4601 -1.6635 -0.0223 0.0337 -0.1426 0.3120 0.0398 0.9385
1305031465.4957 -1.6500 -0.0024 0.0158 -0.1383 0.3031 0.0506 0.9415
1305031465.5276 -1.6324 -0.0006 0.0071 -0.1400 0.2945 0.0567 0.9436
1305031465.5598 -1.6205 0.0080 -0.0136 -0.1319 0.2872 0.0612 0.9468
1305031465.5956 -1.6089 0.0237 -0.0356 -0.1227 0.2838 0.0679 0.9486
1305031465.6277 -1.6057 0.0394 -0.0498 -0.1142 0.2832 0.0749 0.9493
1305031465.6601 -1.5978 0.0531 -0.0665 -0.1061 0.2760 0.0826 0.9517
1305031465.6957 -1.5806 0.0684 -0.0906 -0.0972 0.2684 0.0886 0.9543
1305031465.7277 -1.5717 0.0847 -0.1103 -0.0867 0.2669 0.0950 0.9551
1305031465.7598 -1.5628 0.1047 -0.1321 -0.0759 0.2637 0.1012 0.9563
1305031465.7959 -1.5484 0.1240 -0.1510 -0.0678 0.2610 0.1061 0.9571
1305031465.8280 -1.5369 0.1367 -0.1696 -0.0582 0.2591 0.1094 0.9579
1305031465.8599 -1.5287 0.1638 -0.1944 -0.0446 0.2581 0.1096 0.9588
1305031465.8955 -1.5136 0.1895 -0.2133 -0.0400 0.2617 0.1107 0.9579
1305031465.9275 -1.4999 0.2032 -0.2287 -0.0358 0.2688 0.1098 0.9562
1305031465.9597 -1.4930 0.2237 -0.2487 -0.0264 0.2767 0.1041 0.9549
1305031465.9958 -1.4934 0.2455 -0.2627 -0.0207 0.2847 0.0968 0.9535
1305031466.0276 -1.4944 0.2664 -0.2795 -0.0156 0.2884 0.0929 0.9529
1305031466.0598 -1.4949 0.2907 -0.2944 -0.0158 0.2913 0.0934 0.9519
1305031466.0958 -1.4942 0.3065 -0.3074 -0.0202 0.2904 0.0954 0.9519
1305031466.1276 -1.4926 0.3222 -0.3230 -0.0249 0.2861 0.0976 0.9529
1305031466.1604 -1.4948 0.3347 -0.3393 -0.0290 0.2820 0.1016 0.9536
1305031466.1958 -1.4978 0.3506 -0.3559 -0.0343 0.2742 0.1050 0.9553
1305031466.2280 -1.4903 0.3600 -0.3735 -0.0451 0.2633 0.1058 0.9578
1305031466.2598 -1.4747 0.3599 -0.3951 -0.0516 0.2567 0.1019 0.9597
1305031466.2957 -1.4691 0.3700 -0.4183 -0.0528 0.2596 0.0898 0.9601
1305031466.3277 -1.4716 0.3786 -0.4401 -0.0562 0.2690 0.0795 0.9582
1305031466.3598 -1.4723 0.3836 -0.4575 -0.0641 0.2769 0.0747 0.9558
1305031466.3958 -1.4681 0.3747 -0.4714 -0.0690 0.2796 0.0715 0.9549
1305031466.4278 -1.4735 0.3828 -0.4907 -0.0637 0.2791 0.0649 0.9560
1305031466.4598 -1.4711 0.3940 -0.5111 -0.0637 0.2737 0.0614 0.9577
1305031466.4958 -1.4596 0.4009 -0.5313 -0.0673 0.2683 0.0627 0.9589
1305031466.5275 -1.4425 0.4043 -0.5506 -0.0702 0.2675 0.0640 0.9589
1305031466.5604 -1.4391 0.4165 -0.5685 -0.0716 0.2718 0.0615 0.9577
1305031466.5959 -1.4289 0.4281 -0.5853 -0.0792 0.2707 0.0610 0.9575
1305031466.6275 -1.4036 0.4215 -0.5985 -0.0892 0.2688 0.0608 0.9571
1305031466.6597 -1.3956 0.4253 -0.6163 -0.0856 0.2719 0.0533 0.9570
1305031466.6958 -1.3929 0.4431 -0.6325 -0.0844 0.2717 0.0444 0.9577
1305031466.7281 -1.3756 0.4489 -0.6458 -0.0928 0.2664 0.0383 0.9586
1305031466.7596 -1.3567 0.4456 -0.6567 -0.0948 0.2646 0.0311 0.9592
1305031466.7956 -1.3549 0.4553 -0.6732 -0.0893 0.2645 0.0225 0.9600
1305031466.8279 -1.3477 0.4632 -0.6873 -0.0914 0.2604 0.0203 0.9610
1305031466.8597 -1.3372 0.4628 -0.6924 -0.0932 0.2553 0.0229 0.9621
1305031466.8957 -1.3312 0.4658 -0.7056 -0.0892 0.2445 0.0209 0.9653
1305031466.9278 -1.3233 0.4609 -0.7235 -0.0903 0.2308 0.0205 0.9686
1305031466.9597 -1.3104 0.4574 -0.7370 -0.0906 0.2208 0.0210 0.9709
1305031466.9957 -1.2995 0.4573 -0.7526 -0.0907 0.2153 0.0192 0.9721
1305031467.0278 -1.2899 0.4584 -0.7656 -0.0912 0.2109 0.0160 0.9731
1305031467.0597 -1.2794 0.4606 -0.7799 -0.0915 0.2078 0.0134 0.9738
1305031467.0957 -1.2688 0.4669 -0.7906 -0.0935 0.2056 0.0091 0.9741
1305031467.1290 -1.2586 0.4699 -0.7982 -0.0953 0.2014 -0.0004 0.9749
1305031467.1597 -1.2514 0.4703 -0.8104 -0.0958 0.1979 -0.0075 0.9755
1305031467.1957 -1.2463 0.4715 -0.8210 -0.0957 0.1936 -0.0113 0.9763
1305031467.2277 -1.2393 0.4718 -0.8324 -0.0961 0.1867 -0.0153 0.9776
1305031467.2597 -1.2307 0.4717 -0.8433 -0.0958 0.1812 -0.0195 0.9786
1305031467.2958 -1.2246 0.4729 -0.8554 -0.0951 0.1758 -0.0255 0.9795
1305031467.3280 -1.2202 0.4738 -0.8695 -0.0950 0.1705 -0.0294 0.9803
1305031467.3597 -1.2131 0.4796 -0.8822 -0.0965 0.1638 -0.0298 0.9813
1305031467.3958 -1.2041 0.4879 -0.8902 -0.1000 0.1559 -0.0317 0.9822
1305031467.4278 -1.1953 0.4964 -0.8949 -0.0995 0.1502 -0.0334 0.9831
1305031467.4597 -1.1886 0.4997 -0.9081 -0.0985 0.1436 -0.0344 0.9841
1305031467.4961 -1.1804 0.5040 -0.9227 -0.1023 0.1355 -0.0373 0.9848
1305031467.5277 -1.1691 0.5161 -0.9250 -0.1049 0.1319 -0.0405 0.9849
1305031467.5598 -1.1584 0.5197 -0.9295 -0.1040 0.1310 -0.0418 0.9850
1305031467.5960 -1.1485 0.5231 -0.9368 -0.1028 0.1295 -0.0407 0.9854
1305031467.6275 -1.1365 0.5130 -0.9398 -0.1024 0.1244 -0.0372 0.9862
1305031467.6596 -1.1237 0.5082 -0.9503 -0.0953 0.1192 -0.0354 0.9877
1305031467.6959 -1.1199 0.5040 -0.9619 -0.0936 0.1175 -0.0387 0.9879
1305031467.7275 -1.1075 0.5005 -0.9571 -0.0911 0.1154 -0.0450 0.9881
1305031467.7599 -1.0969 0.4979 -0.9592 -0.0855 0.1140 -0.0495 0.9886
1305031467.7961 -1.0888 0.4941 -0.9594 -0.0828 0.1125 -0.0534 0.9888
1305031467.8278 -1.0760 0.4923 -0.9435 -0.0775 0.1114 -0.0549 0.9892
1305031467.8597 -1.0659 0.4901 -0.9357 -0.0690 0.1091 -0.0544 0.9901
1305031467.8959 -1.0564 0.4895 -0.9319 -0.0631 0.1033 -0.0563 0.9910
1305031467.9278 -1.0424 0.4876 -0.9185 -0.0595 0.0966 -0.0592 0.9918
1305031467.9598 -1.0249 0.4815 -0.9093 -0.0531 0.0914 -0.0612 0.9925
1305031467.9958 -1.0131 0.4814 -0.9126 -0.0499 0.0898 -0.0649 0.9926
1305031468.0281 -0.9968 0.4761 -0.8904 -0.0523 0.0894 -0.0670 0.9924
1305031468.0598 -0.9825 0.4679 -0.8750 -0.0483 0.0875 -0.0708 0.9925
1305031468.0959 -0.9712 0.4676 -0.8706 -0.0451 0.0853 -0.0737 0.9926
1305031468.1278 -0.9546 0.4615 -0.8529 -0.0461 0.0831 -0.0739 0.9927
1305031468.1599 -0.9373 0.4541 -0.8418 -0.0448 0.0803 -0.0775 0.9927
1305031468.1960 -0.9214 0.4496 -0.8323 -0.0451 0.0795 -0.0806 0.9926
1305031468.2282 -0.9064 0.4404 -0.8180 -0.0463 0.0809 -0.0796 0.9925
1305031468.2598 -0.8888 0.4305 -0.8081 -0.0462 0.0824 -0.0779 0.9925
1305031468.2958 -0.8749 0.4217 -0.7955 -0.0467 0.0853 -0.0780 0.9922
1305031468.3278 -0.8603 0.4080 -0.7821 -0.0448 0.0884 -0.0758 0.9922
1305031468.3598 -0.8472 0.4005 -0.7782 -0.0397 0.0919 -0.0729 0.9923
1305031468.4598 -0.8140 0.3596 -0.7593 -0.0468 0.0929 -0.0673 0.9923
1305031468.5278 -0.7988 0.3326 -0.7363 -0.0507 0.0960 -0.0726 0.9914
1305031468.5597 -0.7955 0.3175 -0.7285 -0.0468 0.0958 -0.0826 0.9909
1305031468.6596 -0.7909 0.2692 -0.7074 -0.0548 0.0903 -0.0885 0.9905
1305031468.6958 -0.7896 0.2537 -0.6995 -0.0507 0.0839 -0.0928 0.9908
1305031468.7278 -0.7874 0.2426 -0.6944 -0.0458 0.0779 -0.0946 0.9914
1305031468.7596 -0.7839 0.2315 -0.6860 -0.0438 0.0732 -0.0952 0.9918
1305031468.7958 -0.7797 0.2125 -0.6743 -0.0422 0.0699 -0.1003 0.9916
1305031468.8292 -0.7787 0.2009 -0.6689 -0.0357 0.0677 -0.1084 0.9912
1305031468.9281 -0.7680 0.1791 -0.6536 -0.0406 0.0778 -0.1100 0.9901
1305031469.0277 -0.7704 0.1775 -0.6332 -0.0784 0.0877 -0.1073 0.9872
1305031469.1277 -0.7485 0.1605 -0.6034 -0.1223 0.0867 -0.1215 0.9812
1305031469.1955 -0.7402 0.1503 -0.5757 -0.1456 0.1017 -0.1287 0.9756
1305031469.2596 -0.7359 0.1497 -0.5524 -0.1571 0.1093 -0.1333 0.9724
1305031469.2968 -0.7322 0.1513 -0.5402 -0.1627 0.1135 -0.1345 0.9709
1305031469.3276 -0.7287 0.1558 -0.5313 -0.1677 0.1161 -0.1351 0.9696
1305031469.3596 -0.7136 0.1588 -0.5193 -0.1756 0.1171 -0.1368 0.9679
1305031469.3957 -0.7046 0.1597 -0.5057 -0.1801 0.1264 -0.1419 0.9651
1305031469.4277 -0.7020 0.1713 -0.4959 -0.1804 0.1378 -0.1495 0.9623
1305031469.4597 -0.7008 0.1841 -0.4812 -0.1821 0.1473 -0.1573 0.9594
1305031469.4957 -0.7038 0.1964 -0.4651 -0.1831 0.1542 -0.1618 0.9574
1305031469.5276 -0.7017 0.2073 -0.4575 -0.1855 0.1541 -0.1615 0.9570
1305031469.5596 -0.6970 0.2229 -0.4474 -0.1892 0.1532 -0.1598 0.9567
1305031469.6596 -0.6840 0.2576 -0.4117 -0.2101 0.1569 -0.1512 0.9531
1305031469.7596 -0.6821 0.3024 -0.3814 -0.2213 0.1706 -0.1428 0.9495
1305031469.9279 -0.7022 0.3886 -0.3208 -0.2369 0.1704 -0.1208 0.9488
1305031470.1276 -0.7601 0.4732 -0.2725 -0.2435 0.1650 -0.1055 0.9499
1305031470.2957 -0.8134 0.5622 -0.2419 -0.2332 0.1611 -0.0814 0.9555
1305031470.4597 -0.8767 0.6178 -0.2042 -0.2348 0.1552 -0.0631 0.9575
1305031470.6277 -0.9337 0.6592 -0.1797 -0.2202 0.1543 -0.0520 0.9618
1305031470.8278 -0.9903 0.6652 -0.1439 -0.2251 0.1648 -0.0280 0.9599
1305031470.8596 -0.9985 0.6650 -0.1399 -0.2192 0.1650 -0.0247 0.9613
1305031470.8957 -1.0083 0.6665 -0.1364 -0.2128 0.1656 -0.0216 0.9627
1305031470.9277 -1.0160 0.6682 -0.1307 -0.2053 0.1637 -0.0181 0.9647
1305031470.9596 -1.0224 0.6667 -0.1267 -0.1944 0.1603 -0.0172 0.9676
1305031470.9960 -1.0287 0.6674 -0.1262 -0.1834 0.1594 -0.0170 0.9699
1305031471.0276 -1.0341 0.6660 -0.1227 -0.1733 0.1610 -0.0169 0.9715
1305031471.0596 -1.0426 0.6655 -0.1199 -0.1614 0.1658 -0.0158 0.9727
1305031471.0958 -1.0519 0.6656 -0.1181 -0.1502 0.1693 -0.0122 0.9740
1305031471.1277 -1.0586 0.6623 -0.1155 -0.1430 0.1699 -0.0072 0.9750
1305031471.1596 -1.0649 0.6606 -0.1161 -0.1354 0.1712 -0.0028 0.9759
1305031471.1957 -1.0713 0.6596 -0.1156 -0.1311 0.1747 0.0019 0.9758
1305031471.2276 -1.0784 0.6600 -0.1125 -0.1285 0.1790 0.0062 0.9754
1305031471.2597 -1.0835 0.6572 -0.1089 -0.1287 0.1809 0.0100 0.9750
1305031471.2961 -1.0870 0.6528 -0.1060 -0.1277 0.1826 0.0144 0.9747
1305031471.3276 -1.0898 0.6496 -0.1076 -0.1245 0.1859 0.0168 0.9745
1305031471.3596 -1.0936 0.6497 -0.1085 -0.1232 0.1929 0.0184 0.9733
1305031471.3957 -1.1000 0.6441 -0.1028 -0.1237 0.2022 0.0234 0.9712
1305031471.4277 -1.1091 0.6431 -0.1015 -0.1176 0.2076 0.0285 0.9707
1305031471.4596 -1.1138 0.6431 -0.1031 -0.1147 0.2070 0.0329 0.9710
1305031471.5276 -1.1220 0.6393 -0.1029 -0.1140 0.2078 0.0415 0.9706
1305031471.5597 -1.1245 0.6382 -0.1040 -0.1141 0.2085 0.0434 0.9704
1305031471.5957 -1.1280 0.6364 -0.1049 -0.1146 0.2127 0.0451 0.9693
1305031471.6276 -1.1310 0.6351 -0.1061 -0.1146 0.2168 0.0461 0.9684
1305031471.6596 -1.1357 0.6343 -0.1101 -0.1121 0.2210 0.0471 0.9677
1305031471.8597 -1.1470 0.6382 -0.1148 -0.1106 0.2442 0.0820 0.9599
1305031472.0276 -1.1541 0.6643 -0.0881 -0.1147 0.2707 0.0948 0.9511
1305031472.2957 -1.1835 0.6767 -0.0548 -0.1006 0.3014 0.0975 0.9431
1305031472.5957 -1.1852 0.6597 -0.0581 -0.0815 0.3005 0.1005 0.9449
1305031472.8276 -1.1681 0.6394 -0.0603 -0.0734 0.2985 0.0996 0.9463
