1305031453.3917 0.0000 0.0000 0.0000 0.0000 0.0000 0.0000 1.0000
1305031453.5237 -0.0002 0.0120 -0.0385 0.0148 0.0264 0.0350 0.9989
1305031453.6277 -0.0025 0.0287 -0.0792 0.0360 0.0327 0.0497 0.9976
1305031453.7277 -0.0153 0.0419 -0.1270 0.0504 0.0177 0.0406 0.9977
1305031453.8597 -0.0477 0.0623 -0.1731 0.0613 -0.0218 0.0126 0.9978
1305031453.9277 -0.0673 0.0724 -0.1947 0.0583 -0.0568 0.0024 0.9967
1305031453.9596 -0.0752 0.0783 -0.2003 0.0573 -0.0725 -0.0062 0.9957
1305031453.9916 -0.0866 0.0826 -0.1984 0.0579 -0.0835 -0.0151 0.9947
1305031454.0277 -0.1005 0.0831 -0.1955 0.0590 -0.0952 -0.0206 0.9935
1305031454.0597 -0.1090 0.0904 -0.1967 0.0620 -0.1067 -0.0280 0.9920
1305031454.0917 -0.1197 0.0975 -0.1855 0.0650 -0.1194 -0.0363 0.9901
1305031454.1277 -0.1379 0.1000 -0.1759 0.0686 -0.1315 -0.0468 0.9878
1305031454.1597 -0.1545 0.1057 -0.1781 0.0704 -0.1441 -0.0567 0.9854
1305031454.1917 -0.1758 0.1150 -0.1737 0.0719 -0.1567 -0.0669 0.9828
1305031454.2277 -0.2001 0.1221 -0.1636 0.0780 -0.1686 -0.0830 0.9791
1305031454.2596 -0.2073 0.1257 -0.1649 0.0833 -0.1813 -0.0966 0.9751
1305031454.2916 -0.2205 0.1383 -0.1564 0.0859 -0.1886 -0.1069 0.9724
1305031454.3277 -0.2298 0.1377 -0.1545 0.0867 -0.1989 -0.1186 0.9690
1305031454.3596 -0.2485 0.1451 -0.1588 0.0938 -0.2054 -0.1324 0.9651
1305031454.3917 -0.2622 0.1503 -0.1540 0.0957 -0.2116 -0.1420 0.9622
1305031454.4275 -0.2706 0.1589 -0.1509 0.0989 -0.2233 -0.1530 0.9576
1305031454.4599 -0.2811 0.1639 -0.1483 0.1020 -0.2325 -0.1666 0.9528
1305031454.4916 -0.2899 0.1701 -0.1426 0.1057 -0.2358 -0.1798 0.9492
1305031454.5277 -0.2938 0.1805 -0.1394 0.1085 -0.2421 -0.1949 0.9443
1305031454.5596 -0.2973 0.1842 -0.1355 0.1061 -0.2504 -0.2057 0.9401
1305031454.5916 -0.3042 0.1938 -0.1350 0.1062 -0.2593 -0.2208 0.9342
1305031454.6276 -0.3105 0.1978 -0.1367 0.1053 -0.2706 -0.2330 0.9281
1305031454.6595 -0.3103 0.2147 -0.1270 0.1046 -0.2844 -0.2370 0.9230
1305031454.6919 -0.3146 0.2247 -0.1244 0.1018 -0.2970 -0.2425 0.9179
1305031454.7277 -0.3213 0.2277 -0.1244 0.0980 -0.3072 -0.2498 0.9130
1305031454.7597 -0.3258 0.2267 -0.1231 0.0906 -0.3108 -0.2479 0.9131
1305031454.7916 -0.3241 0.2285 -0.1163 0.0849 -0.3142 -0.2407 0.9144
1305031454.8276 -0.3196 0.2316 -0.1102 0.0802 -0.3174 -0.2341 0.9154
1305031454.8596 -0.3193 0.2392 -0.1061 0.0755 -0.3155 -0.2284 0.9179
1305031454.8918 -0.3184 0.2439 -0.1053 0.0716 -0.3118 -0.2209 0.9213
1305031454.9276 -0.3215 0.2493 -0.1026 0.0662 -0.3082 -0.2141 0.9246
1305031454.9596 -0.3232 0.2567 -0.1021 0.0624 -0.3046 -0.2067 0.9277
1305031454.9919 -0.3271 0.2602 -0.1054 0.0593 -0.3018 -0.2030 0.9296
1305031455.0278 -0.3279 0.2683 -0.1093 0.0591 -0.3007 -0.1997 0.9307
1305031455.0596 -0.3318 0.2719 -0.1119 0.0578 -0.2980 -0.1984 0.9319
1305031455.0917 -0.3336 0.2743 -0.1132 0.0580 -0.2965 -0.1977 0.9326
1305031455.1277 -0.3378 0.2796 -0.1166 0.0583 -0.2932 -0.1967 0.9338
1305031455.1597 -0.3441 0.2859 -0.1223 0.0577 -0.2895 -0.1936 0.9356
1305031455.1917 -0.3500 0.2886 -0.1230 0.0543 -0.2879 -0.1895 0.9372
1305031455.2276 -0.3557 0.2926 -0.1260 0.0538 -0.2860 -0.1861 0.9384
1305031455.2596 -0.3591 0.2996 -0.1308 0.0507 -0.2832 -0.1793 0.9408
1305031455.2918 -0.3672 0.2981 -0.1317 0.0409 -0.2806 -0.1711 0.9436
1305031455.3278 -0.3789 0.3065 -0.1407 0.0362 -0.2772 -0.1613 0.9465
1305031455.3596 -0.3835 0.3182 -0.1349 0.0294 -0.2780 -0.1519 0.9480
1305031455.3917 -0.3896 0.3122 -0.1310 0.0150 -0.2757 -0.1429 0.9504
1305031455.4276 -0.4017 0.3192 -0.1322 0.0098 -0.2707 -0.1332 0.9534
1305031455.4596 -0.4147 0.3193 -0.1429 0.0058 -0.2661 -0.1272 0.9555
1305031455.4916 -0.4256 0.3219 -0.1526 0.0012 -0.2628 -0.1184 0.9576
1305031455.5276 -0.4411 0.3198 -0.1667 -0.0042 -0.2583 -0.1078 0.9600
1305031455.5597 -0.4590 0.3247 -0.1803 -0.0050 -0.2577 -0.0961 0.9614
1305031455.5916 -0.4749 0.3317 -0.1964 -0.0053 -0.2566 -0.0841 0.9628
1305031455.6596 -0.5021 0.3202 -0.2078 -0.0123 -0.2555 -0.0645 0.9646
1305031455.6916 -0.5111 0.3230 -0.2188 -0.0076 -0.2546 -0.0658 0.9648
1305031455.7276 -0.5208 0.3229 -0.2261 -0.0059 -0.2525 -0.0687 0.9651
1305031455.7597 -0.5293 0.3228 -0.2335 -0.0046 -0.2490 -0.0703 0.9659
1305031455.7917 -0.5375 0.3143 -0.2414 -0.0052 -0.2462 -0.0693 0.9667
1305031455.8276 -0.5429 0.3102 -0.2525 -0.0043 -0.2451 -0.0691 0.9670
1305031455.8595 -0.5531 0.3066 -0.2646 -0.0040 -0.2427 -0.0704 0.9675
1305031455.8917 -0.5572 0.3047 -0.2725 -0.0038 -0.2415 -0.0701 0.9679
1305031455.9280 -0.5619 0.3008 -0.2774 -0.0048 -0.2401 -0.0704 0.9682
1305031455.9597 -0.5654 0.3010 -0.2853 -0.0036 -0.2381 -0.0713 0.9686
1305031455.9917 -0.5709 0.2972 -0.2914 -0.0059 -0.2353 -0.0720 0.9692
1305031456.0278 -0.5774 0.3009 -0.2970 -0.0079 -0.2307 -0.0756 0.9701
1305031456.0597 -0.5877 0.2826 -0.3049 -0.0204 -0.2262 -0.0844 0.9702
1305031456.0917 -0.5943 0.2727 -0.3073 -0.0257 -0.2238 -0.0883 0.9703
1305031456.1276 -0.5991 0.2697 -0.3103 -0.0263 -0.2216 -0.0887 0.9708
1305031456.1597 -0.6010 0.2625 -0.3096 -0.0281 -0.2199 -0.0883 0.9711
1305031456.1917 -0.6033 0.2448 -0.3119 -0.0281 -0.2156 -0.0852 0.9724
1305031456.2277 -0.6053 0.2484 -0.3185 -0.0249 -0.2083 -0.0814 0.9744
1305031456.2917 -0.6189 0.2239 -0.3085 -0.0301 -0.1906 -0.0738 0.9784
1305031456.3277 -0.6232 0.2148 -0.3021 -0.0292 -0.1842 -0.0658 0.9803
1305031456.3916 -0.6290 0.2011 -0.2933 -0.0289 -0.1660 -0.0539 0.9842
1305031456.4277 -0.6371 0.2027 -0.2923 -0.0236 -0.1583 -0.0436 0.9861
1305031456.4917 -0.6816 0.2233 -0.2885 -0.0235 -0.1477 -0.0318 0.9882
1305031456.5276 -0.6970 0.2315 -0.2773 -0.0261 -0.1483 -0.0254 0.9883
1305031456.5917 -0.7194 0.2376 -0.2681 -0.0261 -0.1437 -0.0170 0.9891
1305031456.6276 -0.7215 0.2486 -0.2598 -0.0374 -0.1435 -0.0110 0.9889
1305031456.6916 -0.7601 0.2313 -0.2409 -0.0530 -0.1321 0.0002 0.9898
1305031456.8276 -0.8227 0.2575 -0.2122 -0.0562 -0.1439 0.0303 0.9875
1305031457.0917 -0.9185 0.2610 -0.1754 -0.0916 -0.1119 0.0653 0.9873
1305031457.2917 -0.9783 0.2358 -0.2123 -0.0953 -0.0709 0.1024 0.9876
1305031457.3917 -1.0097 0.2261 -0.2450 -0.0896 -0.0391 0.1228 0.9876
1305031457.4917 -1.0478 0.2116 -0.2770 -0.0865 -0.0236 0.1399 0.9861
1305031457.5597 -1.0629 0.2052 -0.3029 -0.0775 -0.0161 0.1491 0.9857
1305031457.6596 -1.0999 0.2067 -0.3358 -0.0645 -0.0068 0.1633 0.9844
1305031457.7596 -1.1370 0.1701 -0.3509 -0.0717 0.0005 0.1594 0.9846
1305031457.7916 -1.1383 0.1533 -0.3582 -0.0656 0.0038 0.1610 0.9848
1305031457.8277 -1.1513 0.1778 -0.3726 -0.0443 0.0104 0.1642 0.9854
1305031457.8916 -1.1727 0.1422 -0.3844 -0.0394 0.0272 0.1625 0.9855
1305031457.9276 -1.1818 0.1391 -0.3901 -0.0256 0.0316 0.1667 0.9852
1305031457.9916 -1.2069 0.1200 -0.4007 -0.0144 0.0354 0.1732 0.9841
1305031458.0278 -1.2115 0.1114 -0.3967 -0.0039 0.0387 0.1763 0.9836
1305031458.0597 -1.2186 0.1193 -0.4020 0.0060 0.0416 0.1806 0.9827
1305031458.0917 -1.2265 0.1165 -0.4020 0.0058 0.0441 0.1820 0.9823
1305031458.1276 -1.2336 0.1060 -0.4022 0.0034 0.0461 0.1804 0.9825
1305031458.1596 -1.2437 0.0957 -0.4018 0.0033 0.0479 0.1829 0.9820
1305031458.1916 -1.2617 0.0959 -0.3930 0.0049 0.0495 0.1860 0.9813
1305031458.2276 -1.2724 0.0818 -0.3725 -0.0035 0.0467 0.1869 0.9813
1305031458.2599 -1.2923 0.0655 -0.3460 -0.0040 0.0469 0.1864 0.9814
1305031458.2917 -1.3093 0.0538 -0.3352 0.0029 0.0435 0.1859 0.9816
1305031458.3276 -1.3292 0.0542 -0.3149 0.0074 0.0396 0.1891 0.9811
1305031458.3596 -1.3287 0.0208 -0.2929 0.0065 0.0331 0.1914 0.9809
1305031458.3916 -1.3417 0.0318 -0.2723 0.0233 0.0300 0.1986 0.9793
1305031458.4276 -1.3508 0.0322 -0.2572 0.0308 0.0301 0.2092 0.9769
1305031458.4596 -1.3431 0.0255 -0.2423 0.0404 0.0309 0.2201 0.9742
1305031458.4917 -1.3475 0.0210 -0.2354 0.0593 0.0397 0.2187 0.9732
1305031458.5277 -1.3474 0.0188 -0.2279 0.0728 0.0457 0.2187 0.9720
1305031458.5596 -1.3562 0.0247 -0.2125 0.0800 0.0528 0.2181 0.9712
1305031458.5916 -1.3694 0.0197 -0.2022 0.0879 0.0594 0.2092 0.9721
1305031458.6277 -1.3840 0.0343 -0.1851 0.0936 0.0611 0.2056 0.9722
1305031458.6596 -1.3868 0.0263 -0.1632 0.0863 0.0545 0.2075 0.9729
1305031458.6917 -1.3953 0.0401 -0.1335 0.0891 0.0393 0.1990 0.9751
1305031458.7276 -1.3850 0.0372 -0.1100 0.0901 0.0221 0.1946 0.9765
1305031458.7599 -1.3977 0.0358 -0.0946 0.0970 0.0096 0.1863 0.9776
1305031458.7916 -1.3971 0.0532 -0.0684 0.1044 -0.0073 0.1791 0.9782
1305031458.8276 -1.3902 0.0425 -0.0439 0.0963 -0.0174 0.1782 0.9791
1305031458.8917 -1.3863 0.0365 -0.0186 0.1036 -0.0221 0.1683 0.9800
1305031458.9276 -1.4013 0.0412 -0.0142 0.1049 -0.0141 0.1697 0.9798
1305031458.9596 -1.4062 0.0343 -0.0052 0.0958 -0.0101 0.1784 0.9792
1305031458.9916 -1.4133 0.0122 0.0048 0.0935 -0.0071 0.1826 0.9787
1305031459.0277 -1.4352 0.0030 0.0118 0.1040 -0.0059 0.1840 0.9774
1305031459.0596 -1.4526 -0.0146 0.0173 0.1076 -0.0116 0.1919 0.9754
1305031459.1276 -1.4659 -0.0362 0.2055 0.1376 0.0126 0.1812 0.9737
1305031459.1596 -1.4775 -0.0438 0.2140 0.1460 -0.0122 0.1808 0.9725
1305031459.1917 -1.4854 -0.0475 0.2257 0.1514 -0.0311 0.1840 0.9707
1305031459.2276 -1.4886 -0.0505 0.2322 0.1527 -0.0460 0.1922 0.9683
1305031459.2598 -1.4959 -0.0432 0.2539 0.1553 -0.0482 0.1981 0.9666
1305031459.3276 -1.5070 -0.0405 0.2960 0.1494 -0.0207 0.2249 0.9626
1305031459.3597 -1.5150 -0.0345 0.3094 0.1514 0.0017 0.2435 0.9580
1305031459.3917 -1.5393 -0.0164 0.3225 0.1491 0.0311 0.2664 0.9518
1305031459.4276 -1.5326 -0.0145 0.3364 0.1321 0.0574 0.3020 0.9424
1305031459.4597 -1.5471 -0.0196 0.3383 0.1238 0.0926 0.3370 0.9287
1305031459.5276 -1.5559 -0.0482 0.4424 0.1116 0.1160 0.3154 0.9352
1305031459.5596 -1.5676 -0.0512 0.4458 0.1040 0.1313 0.3369 0.9265
1305031459.5917 -1.5837 -0.0510 0.4486 0.1001 0.1379 0.3556 0.9190
1305031459.6276 -1.5872 -0.0470 0.4590 0.0979 0.1362 0.3668 0.9150
1305031459.6596 -1.5971 -0.0442 0.4635 0.0995 0.1419 0.3668 0.9140
1305031459.6916 -1.6172 -0.0452 0.4683 0.0960 0.1552 0.3720 0.9101
1305031459.7276 -1.6294 -0.0614 0.4659 0.0887 0.1633 0.3736 0.9088
1305031459.7917 -1.6582 -0.0837 0.4677 0.0890 0.1710 0.3698 0.9089
1305031459.8277 -1.6748 -0.0962 0.4704 0.0885 0.1727 0.3680 0.9093
1305031459.8597 -1.6984 -0.1147 0.4698 0.0833 0.1760 0.3681 0.9092
1305031459.8916 -1.7085 -0.1355 0.4711 0.0758 0.1725 0.3716 0.9091
1305031459.9276 -1.7242 -0.1490 0.4772 0.0760 0.1728 0.3710 0.9092
1305031459.9917 -1.7403 -0.1709 0.4874 0.0716 0.1677 0.3817 0.9061
1305031460.0276 -1.7492 -0.1860 0.4913 0.0698 0.1689 0.3839 0.9051
1305031460.0597 -1.7600 -0.2022 0.4963 0.0691 0.1698 0.3870 0.9037
1305031460.0917 -1.7706 -0.2229 0.4976 0.0680 0.1657 0.3929 0.9020
1305031460.1277 -1.7766 -0.2344 0.5034 0.0728 0.1561 0.3988 0.9007
1305031460.1597 -1.7852 -0.2427 0.5065 0.0785 0.1481 0.4053 0.8987
1305031460.1916 -1.7869 -0.2500 0.5193 0.0787 0.1405 0.4128 0.8965
1305031460.2278 -1.7849 -0.2508 0.5257 0.0806 0.1396 0.4140 0.8959
1305031460.2917 -1.7905 -0.2700 0.5339 0.0843 0.1564 0.4125 0.8934
1305031460.3275 -1.7910 -0.2724 0.5407 0.0869 0.1617 0.4136 0.8917
1305031460.3916 -1.7922 -0.2815 0.5535 0.0845 0.1797 0.4173 0.8868
1305031460.4275 -1.7903 -0.2878 0.5617 0.0836 0.1877 0.4229 0.8826
1305031460.4596 -1.7937 -0.2929 0.5675 0.0817 0.2013 0.4257 0.8784
1305031460.4915 -1.7954 -0.2954 0.5703 0.0761 0.2140 0.4313 0.8732
1305031460.5276 -1.7972 -0.3102 0.5728 0.0667 0.2264 0.4398 0.8665
1305031460.5596 -1.7967 -0.3214 0.5804 0.0600 0.2362 0.4441 0.8622
1305031460.5919 -1.7984 -0.3234 0.5889 0.0589 0.2433 0.4438 0.8604
1305031460.6276 -1.7982 -0.3327 0.5964 0.0556 0.2505 0.4461 0.8574
1305031460.6598 -1.7983 -0.3417 0.6003 0.0523 0.2554 0.4465 0.8559
1305031460.6917 -1.8009 -0.3497 0.6016 0.0495 0.2577 0.4476 0.8549
1305031460.7277 -1.8014 -0.3548 0.6054 0.0469 0.2590 0.4476 0.8546
1305031460.7597 -1.7996 -0.3597 0.6092 0.0451 0.2611 0.4473 0.8543
1305031460.7917 -1.8009 -0.3675 0.6127 0.0428 0.2631 0.4475 0.8536
1305031460.8277 -1.8033 -0.3752 0.6180 0.0397 0.2647 0.4465 0.8538
1305031460.8597 -1.8039 -0.3782 0.6226 0.0372 0.2666 0.4447 0.8543
1305031460.8918 -1.8034 -0.3880 0.6265 0.0312 0.2697 0.4430 0.8544
1305031460.9276 -1.8046 -0.3989 0.6313 0.0266 0.2720 0.4434 0.8537
1305031460.9917 -1.7863 -0.4253 0.6359 0.0199 0.2708 0.4493 0.8511
1305031461.0276 -1.7842 -0.4341 0.6436 0.0212 0.2725 0.4510 0.8497
1305031461.0917 -1.7885 -0.4450 0.6620 0.0252 0.2719 0.4487 0.8510
1305031461.1276 -1.7856 -0.4512 0.6708 0.0253 0.2727 0.4471 0.8515
1305031461.1597 -1.7767 -0.4622 0.6705 0.0248 0.2714 0.4464 0.8523
1305031461.1920 -1.7841 -0.4657 0.6789 0.0290 0.2760 0.4419 0.8530
1305031461.2276 -1.7833 -0.4728 0.6847 0.0279 0.2781 0.4393 0.8538
1305031461.2596 -1.7783 -0.4786 0.6910 0.0284 0.2780 0.4371 0.8549
1305031461.2917 -1.7773 -0.4820 0.6941 0.0309 0.2787 0.4318 0.8573
1305031461.3278 -1.7773 -0.4813 0.7011 0.0334 0.2820 0.4265 0.8588
1305031461.3597 -1.7755 -0.4807 0.7062 0.0313 0.2839 0.4254 0.8587
1305031461.3917 -1.7707 -0.4882 0.7116 0.0254 0.2842 0.4251 0.8590
1305031461.4276 -1.7648 -0.4858 0.7159 0.0264 0.2833 0.4240 0.8598
1305031461.4598 -1.7667 -0.4879 0.7185 0.0240 0.2849 0.4243 0.8592
1305031461.4917 -1.7596 -0.4913 0.7195 0.0219 0.2840 0.4249 0.8593
1305031461.5277 -1.7603 -0.4880 0.7205 0.0273 0.2863 0.4224 0.8596
1305031461.5597 -1.7511 -0.4773 0.7210 0.0291 0.2846 0.4201 0.8612
1305031461.5917 -1.7493 -0.4758 0.7094 0.0271 0.2909 0.4163 0.8610
1305031461.6275 -1.7473 -0.4685 0.7117 0.0269 0.2972 0.4169 0.8585
1305031461.6596 -1.7457 -0.4664 0.7132 0.0246 0.3021 0.4159 0.8574
1305031461.6916 -1.7428 -0.4586 0.7154 0.0246 0.3044 0.4198 0.8547
1305031461.7276 -1.7388 -0.4586 0.7201 0.0211 0.3070 0.4238 0.8519
1305031461.7597 -1.7331 -0.4464 0.7126 0.0222 0.3056 0.4254 0.8516
1305031461.7916 -1.7247 -0.4353 0.7014 0.0190 0.3042 0.4317 0.8490
1305031461.8276 -1.7198 -0.4261 0.7020 0.0167 0.3094 0.4339 0.8460
1305031461.8598 -1.7244 -0.4133 0.6912 0.0177 0.3128 0.4419 0.8406
1305031461.8917 -1.7254 -0.4039 0.6879 0.0122 0.3141 0.4562 0.8325
1305031461.9278 -1.7161 -0.4014 0.6797 0.0007 0.3085 0.4691 0.8275
1305031461.9597 -1.7080 -0.3783 0.6676 -0.0012 0.3069 0.4710 0.8271
1305031461.9916 -1.7230 -0.3717 0.6738 -0.0105 0.3199 0.4773 0.8183
1305031462.0277 -1.7226 -0.3740 0.6877 -0.0263 0.3221 0.4864 0.8118
1305031462.0598 -1.7220 -0.3635 0.6880 -0.0304 0.3146 0.4978 0.8076
1305031462.0918 -1.7203 -0.3506 0.6867 -0.0323 0.3058 0.5104 0.8031
1305031462.1277 -1.7218 -0.3280 0.6820 -0.0285 0.2969 0.5208 0.7999
1305031462.1596 -1.7236 -0.3149 0.6825 -0.0290 0.2927 0.5271 0.7973
1305031462.1916 -1.7290 -0.3080 0.6840 -0.0315 0.2928 0.5249 0.7986
1305031462.2276 -1.7333 -0.3060 0.6811 -0.0399 0.2923 0.5271 0.7970
1305031462.2598 -1.7402 -0.3122 0.6854 -0.0521 0.2943 0.5226 0.7985
1305031462.2916 -1.7448 -0.3157 0.6914 -0.0628 0.2947 0.5185 0.8002
1305031462.3597 -1.7752 -0.2999 0.7108 -0.0714 0.3018 0.5040 0.8061
1305031462.4599 -1.8667 -0.2999 0.8481 -0.0815 0.3541 0.4764 0.8006
1305031462.6597 -1.8882 -0.2915 0.8550 -0.1264 0.3244 0.4317 0.8321
1305031462.7598 -1.9062 -0.2893 0.8498 -0.1358 0.3137 0.3993 0.8507
1305031462.8918 -1.9081 -0.2806 0.8244 -0.1580 0.2995 0.3786 0.8614
1305031463.0277 -1.9032 -0.2640 0.7884 -0.1523 0.2911 0.3623 0.8722
1305031463.0958 -1.8976 -0.2588 0.7668 -0.1524 0.2812 0.3437 0.8829
1305031463.1598 -1.8957 -0.2530 0.7396 -0.1466 0.2790 0.3270 0.8909
1305031463.2600 -1.8798 -0.2238 0.7082 -0.1371 0.2720 0.3090 0.9010
1305031463.3598 -1.8643 -0.2116 0.6743 -0.1305 0.2649 0.2980 0.9077
1305031463.4598 -1.8396 -0.1813 0.6459 -0.1221 0.2589 0.2856 0.9146
1305031463.5277 -1.8116 -0.1564 0.6259 -0.1176 0.2609 0.2829 0.9155
1305031463.6276 -1.7751 -0.1440 0.5956 -0.1131 0.2605 0.2819 0.9164
1305031463.6598 -1.7652 -0.1348 0.5761 -0.1004 0.2614 0.2788 0.9186
1305031463.7276 -1.7438 -0.1384 0.5476 -0.1018 0.2633 0.2680 0.9211
1305031463.7597 -1.7257 -0.1451 0.5308 -0.0988 0.2652 0.2601 0.9232
1305031463.7956 -1.7163 -0.1441 0.5108 -0.0937 0.2663 0.2473 0.9269
1305031463.8599 -1.6802 -0.1659 0.4723 -0.0986 0.2639 0.2282 0.9320
1305031463.8956 -1.6790 -0.1630 0.4547 -0.0914 0.2673 0.2149 0.9349
1305031463.9597 -1.6515 -0.1794 0.4230 -0.0907 0.2597 0.2052 0.9393
1305031463.9958 -1.6481 -0.1920 0.4046 -0.0890 0.2580 0.1967 0.9417
1305031464.0597 -1.6212 -0.2094 0.3693 -0.0893 0.2501 0.1800 0.9471
1305031464.0956 -1.6200 -0.2185 0.3549 -0.0857 0.2522 0.1679 0.9492
1305031464.1277 -1.6325 -0.2187 0.3514 -0.0806 0.2577 0.1590 0.9497
1305031464.1598 -1.6227 -0.2336 0.3420 -0.0771 0.2531 0.1583 0.9513
1305031464.1956 -1.6258 -0.2437 0.3283 -0.0663 0.2497 0.1523 0.9540
1305031464.2276 -1.6269 -0.2320 0.3215 -0.0498 0.2406 0.1449 0.9585
1305031464.2596 -1.6256 -0.2274 0.3106 -0.0419 0.2247 0.1451 0.9626
1305031464.2957 -1.6253 -0.2336 0.3031 -0.0417 0.2095 0.1407 0.9667
1305031464.3279 -1.6104 -0.2305 0.2933 -0.0391 0.1940 0.1357 0.9708
1305031464.3597 -1.6032 -0.2424 0.2833 -0.0384 0.1860 0.1284 0.9734
1305031464.3956 -1.5993 -0.2534 0.2732 -0.0379 0.1833 0.1197 0.9750
1305031464.4276 -1.5958 -0.2547 0.2629 -0.0369 0.1833 0.1112 0.9760
1305031464.4597 -1.5950 -0.2603 0.2525 -0.0345 0.1828 0.1020 0.9772
1305031464.4956 -1.5887 -0.2580 0.2431 -0.0319 0.1816 0.0941 0.9783
1305031464.5276 -1.5857 -0.2577 0.2278 -0.0305 0.1820 0.0871 0.9790
1305031464.5597 -1.5770 -0.2648 0.2128 -0.0341 0.1804 0.0767 0.9800
1305031464.5957 -1.5509 -0.2969 0.1976 -0.0380 0.1807 0.0654 0.9806
1305031464.6277 -1.5399 -0.3048 0.1858 -0.0275 0.1926 0.0572 0.9792
1305031464.6597 -1.5328 -0.3181 0.1722 -0.0194 0.2041 0.0459 0.9777
1305031464.6957 -1.5200 -0.3341 0.1555 -0.0086 0.2118 0.0298 0.9768
1305031464.7277 -1.5299 -0.3328 0.1491 0.0098 0.2188 0.0082 0.9757
1305031464.7597 -1.5399 -0.3296 0.1443 0.0231 0.2206 -0.0091 0.9751
1305031464.7960 -1.5487 -0.3332 0.1414 0.0280 0.2174 -0.0305 0.9752
1305031464.8278 -1.5479 -0.3358 0.1462 0.0387 0.2046 -0.0461 0.9770
1305031464.8597 -1.5482 -0.3151 0.1573 0.0478 0.1898 -0.0657 0.9785
1305031464.8958 -1.5264 -0.3218 0.1577 0.0430 0.1712 -0.0826 0.9808
1305031464.9278 -1.5079 -0.3390 0.1583 0.0376 0.1577 -0.1005 0.9816
1305031464.9598 -1.5031 -0.3621 0.1641 0.0356 0.1533 -0.1182 0.9804
1305031464.9957 -1.4975 -0.3517 0.1745 0.0428 0.1525 -0.1379 0.9777
1305031465.0278 -1.4959 -0.3423 0.1929 0.0469 0.1542 -0.1587 0.9741
1305031465.0597 -1.4989 -0.3153 0.2118 0.0558 0.1514 -0.1804 0.9703
1305031465.0957 -1.4784 -0.2908 0.2258 0.0523 0.1387 -0.1968 0.9692
1305031465.1277 -1.4468 -0.2982 0.2416 0.0316 0.1235 -0.2069 0.9700
1305031465.1598 -1.4253 -0.3030 0.2636 0.0122 0.1118 -0.2129 0.9706
1305031465.1956 -1.4004 -0.3123 0.2804 -0.0044 0.1000 -0.2189 0.9706
1305031465.2279 -1.3783 -0.3082 0.2957 -0.0177 0.0914 -0.2236 0.9702
1305031465.2956 -1.3636 -0.2928 0.3315 -0.0349 0.0815 -0.2170 0.9721
1305031465.3599 -1.3271 -0.2930 0.3560 -0.0508 0.0555 -0.1895 0.9790
1305031465.4277 -1.2853 -0.2953 0.3557 -0.0522 0.0268 -0.1680 0.9840
1305031465.4601 -1.2699 -0.2860 0.3536 -0.0492 0.0191 -0.1567 0.9862
1305031465.4957 -1.2474 -0.2862 0.3496 -0.0537 0.0104 -0.1454 0.9879
1305031465.5276 -1.2365 -0.2903 0.3502 -0.0564 0.0056 -0.1421 0.9882
1305031465.5598 -1.2208 -0.2903 0.3427 -0.0535 -0.0009 -0.1379 0.9890
1305031465.5956 -1.1969 -0.2888 0.3375 -0.0505 -0.0068 -0.1301 0.9902
1305031465.6277 -1.1852 -0.2815 0.3341 -0.0469 -0.0093 -0.1235 0.9912
1305031465.6601 -1.1717 -0.2822 0.3234 -0.0462 -0.0159 -0.1160 0.9920
1305031465.6957 -1.1497 -0.2790 0.3218 -0.0431 -0.0234 -0.1104 0.9927
1305031465.7277 -1.1344 -0.2711 0.3171 -0.0376 -0.0258 -0.1038 0.9935
1305031465.7598 -1.1169 -0.2629 0.3120 -0.0324 -0.0300 -0.0970 0.9943
1305031465.7959 -1.0978 -0.2607 0.3021 -0.0300 -0.0325 -0.0918 0.9948
1305031465.8280 -1.0792 -0.2590 0.2993 -0.0258 -0.0362 -0.0862 0.9953
1305031465.8599 -1.0521 -0.2427 0.2867 -0.0142 -0.0399 -0.0834 0.9956
1305031465.8955 -1.0266 -0.2369 0.2827 -0.0122 -0.0355 -0.0815 0.9960
1305031465.9275 -1.0027 -0.2375 0.2776 -0.0099 -0.0298 -0.0808 0.9962
1305031465.9597 -0.9767 -0.2234 0.2731 0.0011 -0.0250 -0.0825 0.9963
1305031465.9958 -0.9566 -0.2137 0.2654 0.0070 -0.0194 -0.0853 0.9961
1305031466.0276 -0.9384 -0.2083 0.2476 0.0098 -0.0189 -0.0869 0.9960
1305031466.0598 -0.9173 -0.1888 0.2341 0.0103 -0.0165 -0.0835 0.9963
1305031466.0958 -0.9028 -0.1725 0.2263 0.0075 -0.0185 -0.0848 0.9962
1305031466.1276 -0.8876 -0.1591 0.2204 0.0011 -0.0221 -0.0840 0.9962
1305031466.1604 -0.8807 -0.1386 0.2084 -0.0008 -0.0234 -0.0808 0.9965
1305031466.1958 -0.8646 -0.1262 0.2034 -0.0094 -0.0312 -0.0779 0.9964
1305031466.2280 -0.8477 -0.1244 0.1992 -0.0234 -0.0391 -0.0804 0.9957
1305031466.2598 -0.8314 -0.1299 0.1872 -0.0268 -0.0421 -0.0864 0.9950
1305031466.2957 -0.8090 -0.1271 0.1760 -0.0245 -0.0405 -0.0950 0.9944
1305031466.3277 -0.7936 -0.1264 0.1579 -0.0242 -0.0316 -0.1035 0.9938
1305031466.3598 -0.7844 -0.1209 0.1365 -0.0272 -0.0213 -0.1132 0.9930
1305031466.3958 -0.7699 -0.1347 0.1220 -0.0308 -0.0211 -0.1141 0.9928
1305031466.4278 -0.7593 -0.1322 0.1113 -0.0271 -0.0243 -0.1173 0.9924
1305031466.4598 -0.7469 -0.1262 0.0986 -0.0267 -0.0280 -0.1199 0.9920
1305031466.4958 -0.7323 -0.1192 0.0903 -0.0282 -0.0300 -0.1204 0.9919
1305031466.5275 -0.7100 -0.1273 0.0789 -0.0310 -0.0291 -0.1215 0.9917
1305031466.5604 -0.6956 -0.1212 0.0589 -0.0307 -0.0226 -0.1222 0.9918
1305031466.5959 -0.6757 -0.1255 0.0449 -0.0423 -0.0229 -0.1263 0.9908
1305031466.6275 -0.6534 -0.1448 0.0375 -0.0508 -0.0226 -0.1312 0.9898
1305031466.6597 -0.6297 -0.1519 0.0261 -0.0475 -0.0227 -0.1367 0.9892
1305031466.6958 -0.6110 -0.1487 0.0148 -0.0474 -0.0244 -0.1415 0.9885
1305031466.7281 -0.5970 -0.1557 0.0042 -0.0561 -0.0258 -0.1550 0.9860
1305031466.7596 -0.5741 -0.1672 0.0022 -0.0560 -0.0290 -0.1606 0.9850
1305031466.7956 -0.5551 -0.1678 -0.0023 -0.0530 -0.0332 -0.1629 0.9847
1305031466.8279 -0.5441 -0.1627 -0.0123 -0.0538 -0.0348 -0.1633 0.9845
1305031466.8597 -0.5402 -0.1664 -0.0148 -0.0556 -0.0364 -0.1617 0.9846
1305031466.8957 -0.5255 -0.1724 -0.0172 -0.0557 -0.0479 -0.1630 0.9839
1305031466.9278 -0.5144 -0.1856 -0.0290 -0.0605 -0.0619 -0.1652 0.9825
1305031466.9597 -0.5011 -0.1912 -0.0361 -0.0614 -0.0694 -0.1657 0.9818
1305031466.9957 -0.4926 -0.1992 -0.0421 -0.0631 -0.0719 -0.1682 0.9811
1305031467.0278 -0.4802 -0.2022 -0.0452 -0.0632 -0.0755 -0.1704 0.9804
1305031467.0597 -0.4642 -0.2115 -0.0526 -0.0648 -0.0786 -0.1727 0.9797
1305031467.0957 -0.4569 -0.2110 -0.0618 -0.0656 -0.0779 -0.1776 0.9788
1305031467.1290 -0.4508 -0.2110 -0.0598 -0.0657 -0.0798 -0.1839 0.9775
1305031467.1597 -0.4433 -0.2135 -0.0628 -0.0652 -0.0819 -0.1882 0.9765
1305031467.1957 -0.4379 -0.2158 -0.0642 -0.0655 -0.0848 -0.1905 0.9758
1305031467.2277 -0.4279 -0.2182 -0.0685 -0.0655 -0.0899 -0.1939 0.9747
1305031467.2597 -0.4213 -0.2188 -0.0700 -0.0647 -0.0934 -0.1977 0.9736
1305031467.2958 -0.4101 -0.2243 -0.0776 -0.0644 -0.0981 -0.2021 0.9723
1305031467.3280 -0.3995 -0.2287 -0.0821 -0.0647 -0.1027 -0.2042 0.9714
1305031467.3597 -0.3861 -0.2287 -0.0878 -0.0669 -0.1091 -0.2065 0.9700
1305031467.3958 -0.3733 -0.2310 -0.0947 -0.0716 -0.1149 -0.2082 0.9687
1305031467.4278 -0.3673 -0.2328 -0.1016 -0.0724 -0.1176 -0.2111 0.9677
1305031467.4597 -0.3561 -0.2396 -0.1079 -0.0741 -0.1231 -0.2125 0.9665
1305031467.4961 -0.3486 -0.2264 -0.1129 -0.0747 -0.1267 -0.2164 0.9652
1305031467.5277 -0.3362 -0.2278 -0.1200 -0.0776 -0.1294 -0.2213 0.9635
1305031467.5598 -0.3271 -0.2351 -0.1241 -0.0785 -0.1306 -0.2224 0.9630
1305031467.5960 -0.3213 -0.2377 -0.1256 -0.0789 -0.1308 -0.2211 0.9632
1305031467.6275 -0.3141 -0.2409 -0.1188 -0.0781 -0.1346 -0.2195 0.9631
1305031467.6596 -0.3036 -0.2357 -0.1146 -0.0699 -0.1397 -0.2166 0.9637
1305031467.6959 -0.2965 -0.2372 -0.1175 -0.0675 -0.1421 -0.2184 0.9631
1305031467.7275 -0.2971 -0.2426 -0.1062 -0.0659 -0.1432 -0.2228 0.9620
1305031467.7599 -0.2941 -0.2464 -0.1028 -0.0606 -0.1443 -0.2260 0.9615
1305031467.7961 -0.2947 -0.2567 -0.1027 -0.0599 -0.1448 -0.2291 0.9607
1305031467.8278 -0.2928 -0.2553 -0.0860 -0.0553 -0.1469 -0.2301 0.9604
1305031467.8597 -0.2932 -0.2572 -0.0804 -0.0463 -0.1490 -0.2284 0.9610
1305031467.8959 -0.2884 -0.2516 -0.0691 -0.0402 -0.1551 -0.2286 0.9602
1305031467.9278 -0.2861 -0.2620 -0.0491 -0.0394 -0.1618 -0.2325 0.9582
1305031467.9598 -0.2845 -0.2674 -0.0394 -0.0318 -0.1651 -0.2361 0.9571
1305031467.9958 -0.2745 -0.2685 -0.0333 -0.0298 -0.1682 -0.2361 0.9566
1305031468.0281 -0.2716 -0.2716 -0.0173 -0.0303 -0.1689 -0.2378 0.9560
1305031468.0598 -0.2768 -0.2800 -0.0031 -0.0258 -0.1698 -0.2414 0.9551
1305031468.0959 -0.2688 -0.2858 0.0050 -0.0253 -0.1738 -0.2420 0.9543
1305031468.1278 -0.2643 -0.2931 0.0210 -0.0265 -0.1758 -0.2417 0.9539
1305031468.1599 -0.2629 -0.2986 0.0325 -0.0255 -0.1773 -0.2434 0.9532
1305031468.1960 -0.2560 -0.3011 0.0484 -0.0245 -0.1784 -0.2453 0.9526
1305031468.2282 -0.2503 -0.3095 0.0656 -0.0249 -0.1786 -0.2447 0.9527
1305031468.2598 -0.2383 -0.3206 0.0844 -0.0252 -0.1798 -0.2431 0.9529
1305031468.2958 -0.2283 -0.3284 0.1028 -0.0250 -0.1800 -0.2437 0.9527
1305031468.3278 -0.2195 -0.3519 0.1221 -0.0262 -0.1817 -0.2429 0.9525
1305031468.3598 -0.2112 -0.3621 0.1450 -0.0240 -0.1815 -0.2351 0.9546
1305031468.4598 -0.2043 -0.4028 0.1815 -0.0303 -0.1807 -0.2304 0.9557
1305031468.5278 -0.2054 -0.4330 0.2064 -0.0324 -0.1792 -0.2364 0.9545
1305031468.5597 -0.2155 -0.4485 0.2137 -0.0263 -0.1792 -0.2469 0.9520
1305031468.6596 -0.2397 -0.4774 0.2235 -0.0263 -0.1798 -0.2573 0.9491
1305031468.6958 -0.2526 -0.4957 0.2318 -0.0230 -0.1844 -0.2610 0.9473
1305031468.7278 -0.2601 -0.5174 0.2337 -0.0215 -0.1902 -0.2609 0.9462
1305031468.7958 -0.2793 -0.5383 0.2435 -0.0152 -0.1940 -0.2649 0.9444
1305031468.8292 -0.2898 -0.5533 0.2372 -0.0075 -0.1952 -0.2716 0.9424
1305031468.9596 -0.3007 -0.5753 0.2460 -0.0132 -0.1776 -0.2758 0.9446
1305031469.0277 -0.3057 -0.5693 0.2566 -0.0424 -0.1682 -0.2846 0.9428
1305031469.1277 -0.3069 -0.5849 0.3026 -0.0787 -0.1613 -0.3072 0.9346
1305031469.1955 -0.3111 -0.5840 0.3294 -0.0921 -0.1429 -0.3171 0.9330
1305031469.2596 -0.3129 -0.5920 0.3610 -0.1024 -0.1367 -0.3247 0.9303
1305031469.2968 -0.3188 -0.5903 0.3750 -0.1060 -0.1312 -0.3286 0.9293
1305031469.3276 -0.3144 -0.5832 0.3834 -0.1073 -0.1299 -0.3285 0.9294
1305031469.3596 -0.3101 -0.6004 0.4057 -0.1195 -0.1289 -0.3336 0.9262
1305031469.3957 -0.3006 -0.5987 0.4250 -0.1180 -0.1213 -0.3374 0.9260
1305031469.4277 -0.3051 -0.5899 0.4370 -0.1154 -0.1084 -0.3461 0.9247
1305031469.4597 -0.3065 -0.5896 0.4558 -0.1171 -0.1005 -0.3538 0.9225
1305031469.4957 -0.3100 -0.5758 0.4643 -0.1143 -0.0953 -0.3556 0.9227
1305031469.5276 -0.3075 -0.5590 0.4739 -0.1132 -0.0950 -0.3554 0.9230
1305031469.5596 -0.3098 -0.5468 0.4866 -0.1178 -0.0931 -0.3557 0.9224
1305031469.5958 -0.3039 -0.5153 0.4953 -0.1164 -0.0903 -0.3516 0.9245
1305031469.6956 -0.3123 -0.4740 0.5378 -0.1325 -0.0734 -0.3472 0.9255
1305031469.7956 -0.3258 -0.4089 0.5697 -0.1400 -0.0520 -0.3379 0.9293
1305031469.9598 -0.3574 -0.3320 0.6194 -0.1678 -0.0539 -0.3230 0.9298
1305031470.1276 -0.4014 -0.2449 0.6380 -0.1775 -0.0533 -0.3128 0.9316
1305031470.2957 -0.4567 -0.1582 0.6354 -0.1874 -0.0450 -0.2939 0.9362
1305031470.4276 -0.5022 -0.0903 0.6379 -0.1938 -0.0431 -0.2745 0.9409
1305031470.5958 -0.5569 -0.0446 0.6350 -0.1924 -0.0464 -0.2672 0.9431
1305031470.8278 -0.6244 0.0043 0.6418 -0.1911 -0.0330 -0.2385 0.9516
1305031470.8596 -0.6301 0.0076 0.6410 -0.1860 -0.0353 -0.2332 0.9538
1305031470.8957 -0.6408 0.0180 0.6368 -0.1770 -0.0336 -0.2279 0.9569
1305031470.9277 -0.6470 0.0228 0.6384 -0.1709 -0.0386 -0.2211 0.9594
1305031470.9596 -0.6591 0.0251 0.6371 -0.1589 -0.0406 -0.2186 0.9619
1305031470.9960 -0.6658 0.0301 0.6338 -0.1462 -0.0412 -0.2168 0.9643
1305031471.0276 -0.6700 0.0343 0.6329 -0.1328 -0.0419 -0.2158 0.9665
1305031471.0596 -0.6778 0.0357 0.6320 -0.1201 -0.0399 -0.2121 0.9690
1305031471.0958 -0.6863 0.0463 0.6275 -0.1038 -0.0373 -0.2066 0.9722
1305031471.1277 -0.6907 0.0489 0.6278 -0.0954 -0.0396 -0.1991 0.9745
1305031471.1596 -0.6942 0.0483 0.6265 -0.0895 -0.0408 -0.1913 0.9766
1305031471.1957 -0.6968 0.0516 0.6254 -0.0852 -0.0397 -0.1880 0.9777
1305031471.2276 -0.7005 0.0543 0.6250 -0.0830 -0.0382 -0.1852 0.9784
1305031471.2597 -0.7042 0.0567 0.6258 -0.0815 -0.0372 -0.1833 0.9790
1305031471.2961 -0.7068 0.0561 0.6268 -0.0803 -0.0366 -0.1804 0.9796
1305031471.3276 -0.7071 0.0558 0.6273 -0.0771 -0.0359 -0.1773 0.9805
1305031471.3596 -0.7090 0.0557 0.6266 -0.0764 -0.0312 -0.1751 0.9811
1305031471.3957 -0.7124 0.0529 0.6276 -0.0770 -0.0269 -0.1696 0.9821
1305031471.4277 -0.7152 0.0535 0.6251 -0.0735 -0.0266 -0.1644 0.9833
1305031471.4965 -0.7283 0.0571 0.6215 -0.0720 -0.0225 -0.1571 0.9847
1305031471.5276 -0.7310 0.0576 0.6203 -0.0719 -0.0222 -0.1551 0.9850
1305031471.5597 -0.7312 0.0597 0.6200 -0.0707 -0.0220 -0.1535 0.9854
1305031471.5957 -0.7320 0.0608 0.6194 -0.0694 -0.0197 -0.1524 0.9857
1305031471.6276 -0.7334 0.0632 0.6176 -0.0672 -0.0171 -0.1521 0.9859
1305031471.6596 -0.7321 0.0675 0.6141 -0.0615 -0.0162 -0.1501 0.9866
1305031471.7958 -0.7413 0.0664 0.5993 -0.0620 0.0039 -0.1288 0.9897
1305031472.0276 -0.7461 0.0751 0.6025 -0.0898 0.0342 -0.0861 0.9916
1305031472.4636 -0.7839 0.0552 0.6127 -0.0893 0.0540 -0.0604 0.9927
1305031472.6958 -0.7802 0.0301 0.6132 -0.0819 0.0528 -0.0523 0.9939
1305031472.9638 -0.7769 0.0136 0.6200 -0.0730 0.0520 -0.0511 0.9947
