1305031453.4237 -0.0007 0.0044 -0.0052 0.0018 0.0050 0.0066 1.0000
1305031453.4597 0.0056 0.0057 -0.0167 0.0043 0.0117 0.0165 0.9998
1305031453.4917 0.0080 0.0134 -0.0306 0.0106 0.0182 0.0279 0.9994
1305031453.5237 0.0055 0.0202 -0.0424 0.0174 0.0248 0.0362 0.9989
1305031453.5598 0.0106 0.0194 -0.0574 0.0207 0.0252 0.0410 0.9986
1305031453.5916 0.0052 0.0279 -0.0749 0.0305 0.0308 0.0483 0.9979
1305031453.6277 0.0016 0.0288 -0.0838 0.0350 0.0316 0.0494 0.9977
1305031453.6596 -0.0059 0.0352 -0.1024 0.0409 0.0300 0.0495 0.9975
1305031453.6917 -0.0107 0.0452 -0.1231 0.0488 0.0240 0.0452 0.9975
1305031453.7277 -0.0223 0.0463 -0.1343 0.0495 0.0217 0.0421 0.9976
1305031453.7597 -0.0284 0.0474 -0.1445 0.0517 0.0121 0.0365 0.9979
1305031453.7917 -0.0453 0.0577 -0.1584 0.0575 0.0064 0.0254 0.9980
1305031453.8278 -0.0498 0.0671 -0.1709 0.0608 -0.0022 0.0203 0.9979
1305031453.8597 -0.0631 0.0699 -0.1761 0.0618 -0.0137 0.0154 0.9979
1305031453.8917 -0.0747 0.0771 -0.1888 0.0616 -0.0286 0.0083 0.9977
1305031453.9277 -0.0883 0.0898 -0.1918 0.0613 -0.0457 0.0024 0.9971
1305031453.9596 -0.0868 0.0918 -0.1983 0.0593 -0.0643 -0.0048 0.9962
1305031453.9916 -0.0997 0.0950 -0.1941 0.0592 -0.0751 -0.0135 0.9953
1305031454.0277 -0.1030 0.1005 -0.1935 0.0619 -0.0901 -0.0202 0.9938
1305031454.0597 -0.1160 0.1070 -0.1959 0.0644 -0.0995 -0.0278 0.9926
1305031454.0917 -0.1330 0.1135 -0.1877 0.0670 -0.1090 -0.0355 0.9911
1305031454.1277 -0.1476 0.1184 -0.1823 0.0718 -0.1216 -0.0446 0.9890
1305031454.1597 -0.1611 0.1278 -0.1834 0.0741 -0.1342 -0.0532 0.9867
1305031454.1917 -0.1768 0.1327 -0.1791 0.0744 -0.1494 -0.0641 0.9839
1305031454.2277 -0.2027 0.1366 -0.1705 0.0788 -0.1602 -0.0784 0.9808
1305031454.2596 -0.2041 0.1354 -0.1760 0.0805 -0.1742 -0.0906 0.9772
1305031454.2916 -0.2098 0.1362 -0.1811 0.0788 -0.1826 -0.1007 0.9748
1305031454.3277 -0.2128 0.1362 -0.1742 0.0801 -0.1960 -0.1109 0.9710
1305031454.3596 -0.2253 0.1383 -0.1791 0.0838 -0.2056 -0.1223 0.9673
1305031454.3917 -0.2305 0.1453 -0.1780 0.0869 -0.2136 -0.1323 0.9640
1305031454.4275 -0.2367 0.1447 -0.1840 0.0869 -0.2255 -0.1429 0.9598
1305031454.4599 -0.2423 0.1470 -0.1882 0.0877 -0.2359 -0.1543 0.9554
1305031454.4916 -0.2421 0.1473 -0.1866 0.0893 -0.2426 -0.1677 0.9513
1305031454.5277 -0.2422 0.1549 -0.1835 0.0905 -0.2526 -0.1806 0.9463
1305031454.5596 -0.2450 0.1616 -0.1811 0.0890 -0.2603 -0.1908 0.9423
1305031454.5916 -0.2495 0.1668 -0.1887 0.0877 -0.2693 -0.2057 0.9367
1305031454.6276 -0.2570 0.1682 -0.1866 0.0851 -0.2817 -0.2166 0.9309
1305031454.6595 -0.2592 0.1861 -0.1862 0.0860 -0.2923 -0.2240 0.9257
1305031454.6919 -0.2708 0.1970 -0.1837 0.0814 -0.3040 -0.2269 0.9217
1305031454.7277 -0.2738 0.2018 -0.1884 0.0789 -0.3149 -0.2331 0.9167
1305031454.7597 -0.2752 0.2062 -0.1879 0.0743 -0.3194 -0.2300 0.9163
1305031454.7916 -0.2762 0.2115 -0.1844 0.0698 -0.3212 -0.2231 0.9177
1305031454.8276 -0.2755 0.2201 -0.1824 0.0662 -0.3218 -0.2164 0.9194
1305031454.8596 -0.2753 0.2238 -0.1733 0.0587 -0.3216 -0.2083 0.9218
1305031454.8918 -0.2768 0.2258 -0.1743 0.0528 -0.3172 -0.2014 0.9252
1305031454.9276 -0.2815 0.2351 -0.1703 0.0485 -0.3127 -0.1934 0.9287
1305031454.9596 -0.2825 0.2406 -0.1711 0.0449 -0.3096 -0.1881 0.9310
1305031454.9919 -0.2846 0.2418 -0.1752 0.0409 -0.3070 -0.1840 0.9329
1305031455.0278 -0.2869 0.2488 -0.1756 0.0412 -0.3064 -0.1816 0.9335
1305031455.0596 -0.2915 0.2551 -0.1776 0.0406 -0.3035 -0.1796 0.9349
1305031455.0917 -0.2943 0.2574 -0.1818 0.0408 -0.3011 -0.1794 0.9357
1305031455.1277 -0.2971 0.2640 -0.1863 0.0422 -0.2979 -0.1789 0.9367
1305031455.1597 -0.3037 0.2700 -0.1925 0.0416 -0.2938 -0.1761 0.9386
1305031455.1917 -0.3110 0.2730 -0.1938 0.0379 -0.2918 -0.1714 0.9402
1305031455.2276 -0.3172 0.2752 -0.1965 0.0367 -0.2897 -0.1682 0.9415
1305031455.2596 -0.3204 0.2842 -0.1976 0.0354 -0.2877 -0.1626 0.9432
1305031455.2918 -0.3281 0.2820 -0.1976 0.0242 -0.2851 -0.1529 0.9459
1305031455.3278 -0.3420 0.2910 -0.2129 0.0203 -0.2786 -0.1441 0.9493
1305031455.3596 -0.3477 0.3040 -0.2039 0.0143 -0.2799 -0.1331 0.9507
1305031455.3917 -0.3559 0.2989 -0.2009 -0.0007 -0.2764 -0.1241 0.9530
1305031455.4276 -0.3668 0.2992 -0.2068 -0.0078 -0.2706 -0.1163 0.9556
1305031455.4596 -0.3811 0.2989 -0.2150 -0.0125 -0.2659 -0.1100 0.9576
1305031455.4916 -0.3924 0.2990 -0.2232 -0.0173 -0.2623 -0.1020 0.9594
1305031455.5276 -0.4078 0.2949 -0.2335 -0.0235 -0.2585 -0.0918 0.9614
1305031455.5597 -0.4265 0.3011 -0.2480 -0.0238 -0.2566 -0.0797 0.9629
1305031455.5916 -0.4395 0.2992 -0.2624 -0.0286 -0.2565 -0.0680 0.9637
1305031455.6276 -0.4576 0.2959 -0.2709 -0.0334 -0.2536 -0.0586 0.9649
1305031455.6596 -0.4662 0.2977 -0.2765 -0.0306 -0.2546 -0.0478 0.9654
1305031455.6916 -0.4788 0.2965 -0.2900 -0.0282 -0.2524 -0.0486 0.9660
1305031455.7276 -0.4848 0.2930 -0.2978 -0.0276 -0.2512 -0.0511 0.9662
1305031455.7597 -0.4905 0.2911 -0.3043 -0.0270 -0.2487 -0.0524 0.9668
1305031455.7917 -0.4960 0.2844 -0.3112 -0.0273 -0.2466 -0.0511 0.9674
1305031455.8276 -0.5004 0.2812 -0.3224 -0.0261 -0.2457 -0.0501 0.9677
1305031455.8595 -0.5055 0.2751 -0.3316 -0.0274 -0.2452 -0.0502 0.9678
1305031455.8917 -0.5077 0.2715 -0.3400 -0.0277 -0.2446 -0.0505 0.9679
1305031455.9280 -0.5127 0.2660 -0.3465 -0.0292 -0.2429 -0.0503 0.9683
1305031455.9597 -0.5158 0.2633 -0.3527 -0.0292 -0.2416 -0.0513 0.9686
1305031455.9917 -0.5205 0.2611 -0.3577 -0.0305 -0.2390 -0.0525 0.9691
1305031456.0278 -0.5261 0.2617 -0.3675 -0.0337 -0.2345 -0.0567 0.9699
1305031456.0597 -0.5371 0.2444 -0.3696 -0.0452 -0.2307 -0.0648 0.9698
1305031456.0917 -0.5455 0.2369 -0.3719 -0.0495 -0.2274 -0.0682 0.9701
1305031456.1276 -0.5493 0.2334 -0.3756 -0.0505 -0.2253 -0.0682 0.9706
1305031456.1597 -0.5515 0.2277 -0.3761 -0.0514 -0.2229 -0.0684 0.9711
1305031456.1917 -0.5570 0.2147 -0.3787 -0.0501 -0.2172 -0.0669 0.9725
1305031456.2277 -0.5614 0.2151 -0.3854 -0.0484 -0.2089 -0.0641 0.9746
1305031456.2917 -0.5730 0.1921 -0.3798 -0.0538 -0.1905 -0.0563 0.9786
1305031456.3277 -0.5766 0.1809 -0.3759 -0.0537 -0.1828 -0.0488 0.9805
1305031456.3916 -0.5854 0.1643 -0.3677 -0.0557 -0.1637 -0.0397 0.9841
1305031456.4277 -0.5858 0.1565 -0.3643 -0.0539 -0.1586 -0.0303 0.9854
1305031456.4917 -0.6338 0.1734 -0.3638 -0.0552 -0.1458 -0.0187 0.9876
1305031456.5276 -0.6581 0.1828 -0.3554 -0.0560 -0.1432 -0.0149 0.9880
1305031456.5917 -0.6781 0.1915 -0.3452 -0.0558 -0.1391 -0.0057 0.9887
1305031456.6276 -0.6829 0.2033 -0.3385 -0.0670 -0.1375 -0.0020 0.9882
1305031456.6916 -0.7167 0.1868 -0.3189 -0.0820 -0.1273 0.0116 0.9884
1305031456.7277 -0.7338 0.2071 -0.3128 -0.0814 -0.1251 0.0226 0.9885
1305031456.7916 -0.7752 0.1914 -0.2999 -0.0886 -0.1304 0.0322 0.9870
1305031456.8276 -0.7892 0.2059 -0.2928 -0.0866 -0.1316 0.0402 0.9867
1305031456.8917 -0.8043 0.2036 -0.2659 -0.0986 -0.1327 0.0515 0.9849
1305031456.9277 -0.8168 0.2102 -0.2651 -0.0926 -0.1263 0.0579 0.9860
1305031456.9597 -0.8277 0.2212 -0.2655 -0.0936 -0.1212 0.0629 0.9862
1305031456.9917 -0.8424 0.2152 -0.2565 -0.1039 -0.1164 0.0643 0.9857
1305031457.0276 -0.8593 0.2194 -0.2560 -0.1033 -0.1097 0.0663 0.9864
1305031457.0917 -0.8750 0.2240 -0.2531 -0.1169 -0.1034 0.0734 0.9850
1305031457.1276 -0.8889 0.2170 -0.2514 -0.1210 -0.0958 0.0770 0.9850
1305031457.1917 -0.9154 0.2140 -0.2674 -0.1204 -0.0777 0.0915 0.9854
1305031457.2275 -0.9258 0.2112 -0.2710 -0.1233 -0.0721 0.0949 0.9852
1305031457.2917 -0.9408 0.1983 -0.2871 -0.1186 -0.0578 0.1099 0.9852
1305031457.3275 -0.9547 0.1983 -0.2967 -0.1167 -0.0473 0.1122 0.9857
1305031457.3917 -0.9758 0.1869 -0.3193 -0.1131 -0.0236 0.1279 0.9850
1305031457.4276 -0.9897 0.1833 -0.3287 -0.1121 -0.0156 0.1325 0.9847
1305031457.4917 -1.0116 0.1696 -0.3536 -0.1105 -0.0088 0.1447 0.9833
1305031457.5276 -1.0156 0.1651 -0.3633 -0.1079 -0.0071 0.1480 0.9831
1305031457.5597 -1.0270 0.1578 -0.3799 -0.1035 -0.0012 0.1534 0.9827
1305031457.5917 -1.0384 0.1530 -0.3897 -0.1023 0.0033 0.1560 0.9824
1305031457.6275 -1.0493 0.1400 -0.4018 -0.1031 0.0060 0.1598 0.9817
1305031457.6596 -1.0625 0.1392 -0.4103 -0.1006 0.0093 0.1623 0.9816
1305031457.6916 -1.0765 0.1248 -0.4187 -0.1066 0.0105 0.1651 0.9804
1305031457.7277 -1.0817 0.1115 -0.4233 -0.1095 0.0113 0.1642 0.9803
1305031457.7596 -1.0910 0.0922 -0.4327 -0.1097 0.0135 0.1633 0.9804
1305031457.7916 -1.0927 0.0738 -0.4353 -0.1040 0.0170 0.1629 0.9810
1305031457.8277 -1.1037 0.0806 -0.4494 -0.0900 0.0244 0.1641 0.9820
1305031457.8596 -1.1151 0.0775 -0.4536 -0.0868 0.0312 0.1646 0.9820
1305031457.8916 -1.1272 0.0528 -0.4562 -0.0820 0.0407 0.1626 0.9824
1305031457.9276 -1.1410 0.0466 -0.4656 -0.0690 0.0471 0.1664 0.9825
1305031457.9916 -1.1692 0.0250 -0.4692 -0.0581 0.0528 0.1718 0.9820
1305031458.0278 -1.1720 0.0190 -0.4704 -0.0481 0.0554 0.1748 0.9819
1305031458.0597 -1.1855 0.0270 -0.4762 -0.0369 0.0607 0.1774 0.9816
1305031458.0917 -1.1934 0.0239 -0.4746 -0.0377 0.0633 0.1781 0.9812
1305031458.1276 -1.2038 0.0171 -0.4720 -0.0388 0.0665 0.1788 0.9809
1305031458.1596 -1.2137 0.0096 -0.4707 -0.0389 0.0685 0.1797 0.9806
1305031458.1916 -1.2280 0.0058 -0.4672 -0.0389 0.0693 0.1830 0.9799
1305031458.2276 -1.2345 -0.0046 -0.4507 -0.0474 0.0658 0.1833 0.9797
1305031458.2599 -1.2453 -0.0145 -0.4395 -0.0475 0.0621 0.1811 0.9803
1305031458.2917 -1.2624 -0.0266 -0.4271 -0.0416 0.0594 0.1814 0.9807
1305031458.3276 -1.2794 -0.0287 -0.4148 -0.0387 0.0533 0.1821 0.9811
1305031458.3596 -1.2816 -0.0501 -0.3973 -0.0355 0.0490 0.1871 0.9805
1305031458.3916 -1.3082 -0.0381 -0.3815 -0.0180 0.0506 0.1900 0.9803
1305031458.4276 -1.3131 -0.0293 -0.3645 -0.0085 0.0503 0.2013 0.9782
1305031458.4596 -1.3113 -0.0304 -0.3555 0.0037 0.0528 0.2049 0.9774
1305031458.4917 -1.3085 -0.0368 -0.3452 0.0199 0.0595 0.2042 0.9769
1305031458.5277 -1.3209 -0.0271 -0.3355 0.0388 0.0692 0.2033 0.9759
1305031458.5596 -1.3260 -0.0271 -0.3227 0.0430 0.0748 0.2014 0.9757
1305031458.5916 -1.3420 -0.0347 -0.3138 0.0491 0.0820 0.1928 0.9766
1305031458.6277 -1.3551 -0.0146 -0.2962 0.0558 0.0832 0.1912 0.9764
1305031458.6596 -1.3624 -0.0111 -0.2774 0.0511 0.0766 0.1914 0.9772
1305031458.6917 -1.3702 -0.0049 -0.2541 0.0497 0.0619 0.1832 0.9799
1305031458.7276 -1.3718 -0.0083 -0.2416 0.0499 0.0468 0.1772 0.9818
1305031458.7599 -1.3816 -0.0100 -0.2300 0.0547 0.0341 0.1699 0.9834
1305031458.7916 -1.3826 0.0037 -0.2125 0.0591 0.0170 0.1614 0.9850
1305031458.8276 -1.3797 0.0035 -0.1853 0.0548 0.0075 0.1601 0.9856
1305031458.8917 -1.3874 0.0036 -0.1638 0.0637 0.0062 0.1473 0.9870
1305031458.9276 -1.3980 0.0082 -0.1593 0.0644 0.0127 0.1481 0.9868
1305031458.9596 -1.3979 -0.0005 -0.1511 0.0542 0.0150 0.1588 0.9857
1305031458.9916 -1.4035 -0.0201 -0.1460 0.0514 0.0184 0.1620 0.9853
1305031459.0277 -1.4277 -0.0175 -0.1345 0.0663 0.0203 0.1572 0.9851
1305031459.0596 -1.4425 -0.0228 -0.1246 0.0738 0.0124 0.1666 0.9832
1305031459.1276 -1.6087 0.1352 -0.0891 0.1375 0.0690 0.0962 0.9834
1305031459.1596 -1.6211 0.1348 -0.0747 0.1452 0.0440 0.0957 0.9838
1305031459.1917 -1.6258 0.1354 -0.0636 0.1503 0.0242 0.0983 0.9834
1305031459.2276 -1.6310 0.1396 -0.0528 0.1541 0.0103 0.1042 0.9825
1305031459.2598 -1.6334 0.1409 -0.0376 0.1543 0.0078 0.1102 0.9818
1305031459.3276 -1.6418 0.1507 -0.0040 0.1529 0.0364 0.1373 0.9780
1305031459.3597 -1.6474 0.1564 0.0068 0.1565 0.0580 0.1555 0.9736
1305031459.3917 -1.6619 0.1752 0.0107 0.1551 0.0850 0.1776 0.9681
1305031459.4276 -1.6555 0.1773 0.0240 0.1429 0.1141 0.2138 0.9596
1305031459.4597 -1.6657 0.1776 0.0297 0.1405 0.1478 0.2563 0.9448
1305031459.5276 -1.7888 0.1671 0.1005 0.1418 0.2146 0.2380 0.9366
1305031459.5596 -1.8003 0.1570 0.0920 0.1338 0.2271 0.2653 0.9274
1305031459.5917 -1.8123 0.1583 0.0937 0.1320 0.2312 0.2861 0.9205
1305031459.6276 -1.8216 0.1569 0.0998 0.1292 0.2328 0.2972 0.9169
1305031459.6596 -1.8282 0.1611 0.1052 0.1311 0.2374 0.2970 0.9156
1305031459.6916 -1.8457 0.1622 0.1142 0.1295 0.2499 0.3009 0.9112
1305031459.7276 -1.8531 0.1498 0.1136 0.1231 0.2548 0.3061 0.9090
1305031459.7917 -1.8915 0.1294 0.1222 0.1233 0.2667 0.2997 0.9077
1305031459.8277 -1.9116 0.1160 0.1279 0.1215 0.2703 0.2994 0.9069
1305031459.8597 -1.9346 0.1077 0.1405 0.1197 0.2736 0.2964 0.9072
1305031459.8916 -1.9404 0.0928 0.1477 0.1145 0.2688 0.3007 0.9079
1305031459.9276 -1.9557 0.0744 0.1528 0.1116 0.2688 0.3034 0.9073
1305031459.9917 -1.9762 0.0533 0.1690 0.1084 0.2666 0.3113 0.9057
1305031460.0276 -1.9847 0.0415 0.1760 0.1073 0.2676 0.3139 0.9046
1305031460.0597 -1.9987 0.0251 0.1824 0.1061 0.2698 0.3166 0.9032
1305031460.0917 -2.0133 0.0108 0.1875 0.1072 0.2662 0.3207 0.9027
1305031460.1277 -2.0205 0.0017 0.1951 0.1121 0.2575 0.3256 0.9029
1305031460.1597 -2.0336 -0.0063 0.2048 0.1181 0.2516 0.3292 0.9024
1305031460.1916 -2.0376 -0.0182 0.2137 0.1170 0.2461 0.3363 0.9015
1305031460.2278 -2.0337 -0.0213 0.2218 0.1184 0.2452 0.3373 0.9012
1305031460.2917 -2.0379 -0.0387 0.2282 0.1229 0.2586 0.3394 0.8960
1305031460.3275 -2.0363 -0.0460 0.2319 0.1243 0.2633 0.3407 0.8939
1305031460.3916 -2.0381 -0.0524 0.2403 0.1236 0.2795 0.3462 0.8870
1305031460.4275 -2.0386 -0.0580 0.2496 0.1243 0.2882 0.3508 0.8823
1305031460.4596 -2.0369 -0.0601 0.2517 0.1235 0.2978 0.3557 0.8772
1305031460.4915 -2.0393 -0.0636 0.2517 0.1188 0.3102 0.3609 0.8714
1305031460.5276 -2.0437 -0.0777 0.2497 0.1111 0.3213 0.3712 0.8641
1305031460.5596 -2.0433 -0.0847 0.2554 0.1071 0.3301 0.3750 0.8596
1305031460.5919 -2.0471 -0.0908 0.2615 0.1050 0.3379 0.3756 0.8566
1305031460.6276 -2.0487 -0.0934 0.2650 0.1049 0.3433 0.3770 0.8538
1305031460.6598 -2.0505 -0.0980 0.2684 0.1043 0.3477 0.3769 0.8522
1305031460.6917 -2.0549 -0.1041 0.2714 0.1025 0.3505 0.3782 0.8507
1305031460.7277 -2.0563 -0.1091 0.2745 0.1001 0.3519 0.3787 0.8502
1305031460.7597 -2.0563 -0.1157 0.2778 0.0979 0.3546 0.3776 0.8497
1305031460.7917 -2.0599 -0.1221 0.2813 0.0965 0.3571 0.3776 0.8489
1305031460.8277 -2.0618 -0.1288 0.2866 0.0931 0.3589 0.3763 0.8491
1305031460.8597 -2.0619 -0.1336 0.2920 0.0897 0.3617 0.3751 0.8488
1305031460.8918 -2.0618 -0.1411 0.2963 0.0855 0.3647 0.3742 0.8484
1305031460.9276 -2.0642 -0.1512 0.3028 0.0815 0.3674 0.3748 0.8473
1305031460.9917 -2.0572 -0.1716 0.3131 0.0790 0.3705 0.3777 0.8449
1305031461.0276 -2.0571 -0.1807 0.3197 0.0798 0.3725 0.3788 0.8434
1305031461.0917 -2.0590 -0.1928 0.3382 0.0827 0.3718 0.3763 0.8446
1305031461.1276 -2.0540 -0.1969 0.3435 0.0825 0.3714 0.3749 0.8454
1305031461.1597 -2.0510 -0.2058 0.3495 0.0840 0.3730 0.3732 0.8453
1305031461.1920 -2.0486 -0.2072 0.3563 0.0865 0.3737 0.3687 0.8467
1305031461.2276 -2.0489 -0.2134 0.3617 0.0858 0.3756 0.3670 0.8467
1305031461.2596 -2.0470 -0.2165 0.3654 0.0874 0.3758 0.3626 0.8483
1305031461.2917 -2.0434 -0.2191 0.3701 0.0885 0.3764 0.3574 0.8502
1305031461.3278 -2.0397 -0.2176 0.3732 0.0905 0.3773 0.3535 0.8512
1305031461.3597 -2.0398 -0.2185 0.3794 0.0880 0.3810 0.3510 0.8508
1305031461.3917 -2.0343 -0.2272 0.3847 0.0818 0.3819 0.3517 0.8507
1305031461.4276 -2.0291 -0.2287 0.3858 0.0815 0.3815 0.3508 0.8513
1305031461.4598 -2.0297 -0.2296 0.3894 0.0794 0.3829 0.3515 0.8506
1305031461.4917 -2.0223 -0.2366 0.3905 0.0763 0.3829 0.3525 0.8505
1305031461.5277 -2.0216 -0.2297 0.3891 0.0828 0.3827 0.3493 0.8513
1305031461.5597 -2.0142 -0.2231 0.3855 0.0832 0.3820 0.3463 0.8528
1305031461.5917 -2.0075 -0.2157 0.3765 0.0833 0.3852 0.3428 0.8528
1305031461.6275 -2.0060 -0.2114 0.3798 0.0823 0.3925 0.3427 0.8496
1305031461.6596 -2.0025 -0.2059 0.3777 0.0815 0.3962 0.3419 0.8482
1305031461.6916 -2.0049 -0.2046 0.3820 0.0807 0.4015 0.3461 0.8441
1305031461.7276 -1.9966 -0.1998 0.3805 0.0795 0.4006 0.3504 0.8429
1305031461.7597 -1.9963 -0.1937 0.3774 0.0791 0.4031 0.3511 0.8414
1305031461.7916 -1.9918 -0.1860 0.3722 0.0762 0.4051 0.3560 0.8387
1305031461.8276 -1.9880 -0.1783 0.3684 0.0747 0.4099 0.3595 0.8349
1305031461.8598 -1.9917 -0.1662 0.3664 0.0760 0.4154 0.3653 0.8296
1305031461.8917 -1.9914 -0.1559 0.3637 0.0727 0.4161 0.3810 0.8224
1305031461.9278 -1.9833 -0.1421 0.3633 0.0689 0.4122 0.3934 0.8189
1305031461.9597 -1.9770 -0.1258 0.3505 0.0660 0.4128 0.3957 0.8177
1305031461.9916 -1.9835 -0.1111 0.3509 0.0586 0.4201 0.4030 0.8110
1305031462.0277 -1.9849 -0.1109 0.3589 0.0473 0.4227 0.4154 0.8041
1305031462.0598 -1.9847 -0.1001 0.3556 0.0445 0.4144 0.4281 0.8019
1305031462.0918 -1.9805 -0.0915 0.3533 0.0418 0.4063 0.4417 0.7988
1305031462.1277 -1.9792 -0.0864 0.3569 0.0372 0.4037 0.4519 0.7946
1305031462.1596 -1.9793 -0.0685 0.3548 0.0396 0.3978 0.4598 0.7930
1305031462.1916 -1.9794 -0.0634 0.3608 0.0349 0.3998 0.4587 0.7928
1305031462.2276 -1.9897 -0.0468 0.3604 0.0339 0.3991 0.4574 0.7939
1305031462.2598 -1.9946 -0.0506 0.3658 0.0225 0.4021 0.4550 0.7942
1305031462.2916 -2.0015 -0.0475 0.3700 0.0134 0.4025 0.4509 0.7966
1305031462.3275 -2.0001 -0.0355 0.3718 0.0049 0.3987 0.4441 0.8024
1305031462.3597 -2.0110 -0.0105 0.3778 0.0085 0.3994 0.4354 0.8068
1305031462.3917 -2.0202 -0.0000 0.3901 0.0020 0.3995 0.4334 0.8078
1305031462.4276 -2.0344 0.0111 0.4094 -0.0034 0.4039 0.4243 0.8105
1305031462.4599 -2.0542 0.0176 0.4442 -0.0092 0.4141 0.4140 0.8106
1305031462.4920 -2.0548 0.0310 0.4528 -0.0154 0.4073 0.4120 0.8150
1305031462.5277 -2.0611 0.0168 0.4661 -0.0327 0.4086 0.4049 0.8173
1305031462.5599 -2.0642 0.0476 0.4605 -0.0246 0.3949 0.3972 0.8281
1305031462.5919 -2.0722 0.0592 0.4762 -0.0237 0.4001 0.3806 0.8333
1305031462.6279 -2.0748 0.0714 0.4763 -0.0243 0.3971 0.3720 0.8386
1305031462.6597 -2.0808 0.0758 0.4654 -0.0275 0.3955 0.3626 0.8434
1305031462.6925 -2.0874 0.0760 0.4678 -0.0293 0.3972 0.3538 0.8463
1305031462.7277 -2.0912 0.0829 0.4666 -0.0334 0.3913 0.3404 0.8544
1305031462.7598 -2.0981 0.0861 0.4699 -0.0381 0.3920 0.3278 0.8587
1305031462.7919 -2.0969 0.0821 0.4583 -0.0477 0.3850 0.3237 0.8630
1305031462.8278 -2.0927 0.0880 0.4557 -0.0566 0.3778 0.3190 0.8674
1305031462.8598 -2.0958 0.0907 0.4475 -0.0623 0.3767 0.3134 0.8695
1305031462.8918 -2.1003 0.1004 0.4339 -0.0629 0.3779 0.3083 0.8707
1305031462.9276 -2.0973 0.0971 0.4279 -0.0683 0.3773 0.3073 0.8710
1305031462.9597 -2.0932 0.0998 0.4196 -0.0712 0.3742 0.3039 0.8733
1305031462.9955 -2.0903 0.1129 0.4143 -0.0651 0.3702 0.2987 0.8772
1305031463.0277 -2.0915 0.1137 0.4030 -0.0634 0.3689 0.2954 0.8790
1305031463.0598 -2.0949 0.1140 0.3888 -0.0638 0.3657 0.2877 0.8828
1305031463.0958 -2.0905 0.1218 0.3791 -0.0642 0.3608 0.2769 0.8883
1305031463.1275 -2.0880 0.1292 0.3701 -0.0614 0.3581 0.2712 0.8913
1305031463.1598 -2.0942 0.1302 0.3493 -0.0599 0.3580 0.2571 0.8956
1305031463.1957 -2.0922 0.1282 0.3388 -0.0647 0.3574 0.2514 0.8972
1305031463.2278 -2.0841 0.1407 0.3326 -0.0623 0.3559 0.2463 0.8993
1305031463.2600 -2.0840 0.1485 0.3193 -0.0570 0.3571 0.2397 0.9010
1305031463.2957 -2.0782 0.1540 0.3065 -0.0562 0.3541 0.2378 0.9027
1305031463.3277 -2.0691 0.1658 0.2996 -0.0526 0.3493 0.2332 0.9060
1305031463.3598 -2.0675 0.1699 0.2882 -0.0494 0.3471 0.2277 0.9084
1305031463.3956 -2.0610 0.1764 0.2701 -0.0460 0.3409 0.2249 0.9116
1305031463.4277 -2.0476 0.1914 0.2585 -0.0419 0.3349 0.2211 0.9150
1305031463.4598 -2.0381 0.2001 0.2515 -0.0411 0.3359 0.2183 0.9153
1305031463.4956 -2.0309 0.2149 0.2483 -0.0391 0.3406 0.2123 0.9151
1305031463.5277 -2.0235 0.2227 0.2381 -0.0367 0.3467 0.2102 0.9134
1305031463.5598 -2.0095 0.2275 0.2204 -0.0315 0.3445 0.2114 0.9141
1305031463.5956 -1.9972 0.2333 0.2059 -0.0314 0.3399 0.2111 0.9159
1305031463.6276 -1.9822 0.2307 0.1926 -0.0336 0.3380 0.2096 0.9169
1305031463.6598 -1.9739 0.2282 0.1735 -0.0260 0.3391 0.2078 0.9171
1305031463.6956 -1.9658 0.2358 0.1564 -0.0221 0.3376 0.2036 0.9187
1305031463.7276 -1.9548 0.2288 0.1344 -0.0255 0.3372 0.1981 0.9200
1305031463.7597 -1.9390 0.2205 0.1090 -0.0227 0.3363 0.1912 0.9219
1305031463.7956 -1.9307 0.2166 0.0850 -0.0204 0.3369 0.1797 0.9240
1305031463.8278 -1.9179 0.2072 0.0619 -0.0256 0.3348 0.1677 0.9269
1305031463.8599 -1.9091 0.1996 0.0466 -0.0243 0.3383 0.1588 0.9272
1305031463.8956 -1.9037 0.1902 0.0190 -0.0228 0.3373 0.1485 0.9293
1305031463.9277 -1.8969 0.1847 0.0043 -0.0245 0.3351 0.1409 0.9313
1305031463.9597 -1.8877 0.1740 -0.0156 -0.0239 0.3310 0.1348 0.9337
1305031463.9958 -1.8865 0.1662 -0.0317 -0.0209 0.3295 0.1257 0.9355
1305031464.0277 -1.8873 0.1559 -0.0487 -0.0234 0.3285 0.1174 0.9369
1305031464.0597 -1.8828 0.1418 -0.0640 -0.0274 0.3285 0.1056 0.9382
1305031464.0956 -1.8857 0.1290 -0.0815 -0.0267 0.3311 0.0917 0.9387
1305031464.1277 -1.8919 0.1278 -0.0894 -0.0235 0.3327 0.0851 0.9389
1305031464.1598 -1.8888 0.1104 -0.0974 -0.0220 0.3297 0.0816 0.9403
1305031464.1956 -1.8868 0.0951 -0.1158 -0.0151 0.3215 0.0773 0.9436
1305031464.2276 -1.8909 0.0995 -0.1363 -0.0024 0.3097 0.0709 0.9482
1305031464.2596 -1.9020 0.0963 -0.1431 0.0005 0.2990 0.0691 0.9517
1305031464.2957 -1.9015 0.0966 -0.1459 0.0014 0.2848 0.0634 0.9565
1305031464.3279 -1.8824 0.0969 -0.1607 0.0018 0.2678 0.0581 0.9617
1305031464.3597 -1.8746 0.0878 -0.1730 0.0020 0.2590 0.0527 0.9644
1305031464.3956 -1.8729 0.0831 -0.1838 0.0040 0.2562 0.0410 0.9658
1305031464.4276 -1.8718 0.0860 -0.1975 0.0055 0.2559 0.0318 0.9662
1305031464.4597 -1.8756 0.0750 -0.2109 0.0042 0.2559 0.0229 0.9664
1305031464.4956 -1.8741 0.0751 -0.2224 0.0058 0.2550 0.0170 0.9668
1305031464.5276 -1.8801 0.0690 -0.2433 0.0047 0.2566 0.0092 0.9665
1305031464.5597 -1.8725 0.0605 -0.2569 0.0007 0.2549 0.0014 0.9670
1305031464.5957 -1.8584 0.0420 -0.2823 0.0001 0.2557 -0.0120 0.9667
1305031464.6277 -1.8481 0.0355 -0.3002 0.0116 0.2648 -0.0212 0.9640
1305031464.6597 -1.8447 0.0231 -0.3189 0.0201 0.2750 -0.0335 0.9607
1305031464.6957 -1.8332 0.0057 -0.3361 0.0305 0.2808 -0.0509 0.9579
1305031464.7277 -1.8305 0.0061 -0.3428 0.0478 0.2837 -0.0705 0.9551
1305031464.7597 -1.8311 0.0100 -0.3455 0.0596 0.2825 -0.0892 0.9532
1305031464.7960 -1.8315 0.0061 -0.3448 0.0630 0.2773 -0.1097 0.9524
1305031464.8278 -1.8362 0.0073 -0.3364 0.0724 0.2658 -0.1245 0.9532
1305031464.8597 -1.8262 0.0310 -0.3248 0.0797 0.2499 -0.1438 0.9542
1305031464.8958 -1.8067 0.0251 -0.3189 0.0738 0.2334 -0.1601 0.9563
1305031464.9278 -1.7942 0.0003 -0.3221 0.0643 0.2208 -0.1796 0.9565
1305031464.9598 -1.7886 -0.0162 -0.3212 0.0622 0.2158 -0.1961 0.9545
1305031464.9957 -1.7768 -0.0091 -0.3166 0.0675 0.2135 -0.2161 0.9504
1305031465.0278 -1.7747 -0.0043 -0.3016 0.0696 0.2151 -0.2356 0.9452
1305031465.0597 -1.7685 0.0194 -0.2815 0.0760 0.2117 -0.2560 0.9401
1305031465.0957 -1.7351 0.0546 -0.2665 0.0739 0.1994 -0.2716 0.9386
1305031465.1277 -1.7151 0.0580 -0.2479 0.0533 0.1900 -0.2834 0.9385
1305031465.1598 -1.6946 0.0535 -0.2300 0.0336 0.1807 -0.2882 0.9398
1305031465.1956 -1.6741 0.0425 -0.2125 0.0161 0.1721 -0.2947 0.9398
1305031465.2279 -1.6509 0.0453 -0.1910 0.0022 0.1661 -0.2986 0.9398
1305031465.2598 -1.6409 0.0353 -0.1741 -0.0142 0.1622 -0.2971 0.9409
1305031465.2956 -1.6328 0.0484 -0.1679 -0.0174 0.1564 -0.2914 0.9436
1305031465.3277 -1.6213 0.0630 -0.1505 -0.0221 0.1507 -0.2752 0.9492
1305031465.3599 -1.6048 0.0572 -0.1433 -0.0299 0.1363 -0.2662 0.9538
1305031465.3956 -1.5845 0.0603 -0.1395 -0.0298 0.1197 -0.2584 0.9581
1305031465.4277 -1.5600 0.0536 -0.1444 -0.0299 0.1064 -0.2468 0.9628
1305031465.4601 -1.5451 0.0607 -0.1476 -0.0266 0.0993 -0.2373 0.9660
1305031465.4957 -1.5249 0.0710 -0.1549 -0.0268 0.0922 -0.2276 0.9690
1305031465.5276 -1.5100 0.0649 -0.1556 -0.0300 0.0853 -0.2241 0.9704
1305031465.5598 -1.4913 0.0661 -0.1632 -0.0259 0.0775 -0.2205 0.9720
1305031465.5956 -1.4752 0.0668 -0.1707 -0.0229 0.0734 -0.2148 0.9736
1305031465.6277 -1.4625 0.0720 -0.1755 -0.0193 0.0702 -0.2093 0.9751
1305031465.6601 -1.4507 0.0723 -0.1823 -0.0181 0.0638 -0.2044 0.9766
1305031465.6957 -1.4271 0.0739 -0.1903 -0.0144 0.0554 -0.1995 0.9782
1305031465.7277 -1.4096 0.0813 -0.1961 -0.0080 0.0520 -0.1934 0.9797
1305031465.7598 -1.3916 0.0885 -0.2041 -0.0022 0.0474 -0.1873 0.9812
1305031465.7959 -1.3721 0.0881 -0.2132 0.0000 0.0441 -0.1837 0.9820
1305031465.8280 -1.3553 0.0915 -0.2201 0.0059 0.0402 -0.1806 0.9827
1305031465.8599 -1.3319 0.1064 -0.2352 0.0171 0.0362 -0.1784 0.9831
1305031465.8955 -1.3024 0.1130 -0.2485 0.0213 0.0389 -0.1779 0.9831
1305031465.9275 -1.2788 0.1097 -0.2511 0.0246 0.0445 -0.1770 0.9829
1305031465.9597 -1.2522 0.1174 -0.2622 0.0349 0.0481 -0.1785 0.9821
1305031465.9958 -1.2303 0.1215 -0.2728 0.0406 0.0518 -0.1809 0.9813
1305031466.0276 -1.2077 0.1241 -0.2846 0.0432 0.0508 -0.1824 0.9810
1305031466.0598 -1.1811 0.1444 -0.2940 0.0449 0.0502 -0.1810 0.9812
1305031466.0958 -1.1704 0.1587 -0.3022 0.0409 0.0511 -0.1804 0.9814
1305031466.1276 -1.1531 0.1762 -0.3076 0.0372 0.0485 -0.1798 0.9818
1305031466.1604 -1.1400 0.1906 -0.3153 0.0332 0.0456 -0.1761 0.9828
1305031466.1958 -1.1272 0.1991 -0.3276 0.0234 0.0399 -0.1724 0.9839
1305031466.2280 -1.1122 0.1963 -0.3359 0.0077 0.0333 -0.1728 0.9844
1305031466.2598 -1.0999 0.1884 -0.3473 0.0025 0.0309 -0.1782 0.9835
1305031466.2957 -1.0783 0.1901 -0.3613 0.0050 0.0320 -0.1886 0.9815
1305031466.3277 -1.0606 0.1916 -0.3779 0.0060 0.0389 -0.1967 0.9797
1305031466.3598 -1.0500 0.1962 -0.3917 0.0037 0.0487 -0.2038 0.9778
1305031466.3958 -1.0414 0.1822 -0.4048 0.0007 0.0506 -0.2051 0.9774
1305031466.4278 -1.0325 0.1858 -0.4180 0.0048 0.0479 -0.2087 0.9768
1305031466.4598 -1.0234 0.1888 -0.4333 0.0040 0.0445 -0.2113 0.9764
1305031466.4958 -1.0090 0.1963 -0.4429 0.0030 0.0426 -0.2133 0.9761
1305031466.5275 -0.9863 0.1847 -0.4570 0.0002 0.0418 -0.2132 0.9761
1305031466.5604 -0.9659 0.1905 -0.4707 0.0022 0.0447 -0.2144 0.9757
1305031466.5959 -0.9444 0.1888 -0.4821 -0.0079 0.0450 -0.2162 0.9753
1305031466.6275 -0.9269 0.1718 -0.4864 -0.0146 0.0476 -0.2212 0.9740
1305031466.6597 -0.9058 0.1634 -0.4976 -0.0115 0.0475 -0.2254 0.9730
1305031466.6958 -0.8884 0.1698 -0.5088 -0.0101 0.0467 -0.2325 0.9714
1305031466.7281 -0.8740 0.1697 -0.5128 -0.0158 0.0460 -0.2428 0.9689
1305031466.7596 -0.8525 0.1546 -0.5145 -0.0163 0.0435 -0.2481 0.9676
1305031466.7956 -0.8433 0.1547 -0.5250 -0.0129 0.0421 -0.2525 0.9666
1305031466.8279 -0.8287 0.1570 -0.5329 -0.0141 0.0386 -0.2536 0.9664
1305031466.8597 -0.8258 0.1503 -0.5343 -0.0174 0.0367 -0.2527 0.9667
1305031466.8957 -0.8155 0.1445 -0.5437 -0.0183 0.0264 -0.2524 0.9671
1305031466.9278 -0.7999 0.1325 -0.5531 -0.0227 0.0116 -0.2542 0.9668
1305031466.9597 -0.7897 0.1203 -0.5605 -0.0264 0.0036 -0.2558 0.9664
1305031466.9957 -0.7837 0.1161 -0.5665 -0.0271 0.0013 -0.2571 0.9660
1305031467.0278 -0.7748 0.1113 -0.5706 -0.0281 -0.0013 -0.2593 0.9654
1305031467.0597 -0.7618 0.1063 -0.5766 -0.0284 -0.0044 -0.2602 0.9651
1305031467.0957 -0.7496 0.1051 -0.5772 -0.0294 -0.0057 -0.2624 0.9645
1305031467.1290 -0.7430 0.1019 -0.5774 -0.0305 -0.0074 -0.2685 0.9628
1305031467.1597 -0.7341 0.0967 -0.5802 -0.0310 -0.0101 -0.2730 0.9615
1305031467.1957 -0.7313 0.0966 -0.5841 -0.0311 -0.0117 -0.2765 0.9604
1305031467.2277 -0.7228 0.0915 -0.5898 -0.0324 -0.0173 -0.2801 0.9593
1305031467.2597 -0.7159 0.0894 -0.5932 -0.0321 -0.0206 -0.2826 0.9585
1305031467.2958 -0.7042 0.0876 -0.5946 -0.0315 -0.0263 -0.2861 0.9573
1305031467.3280 -0.6974 0.0828 -0.6029 -0.0327 -0.0301 -0.2897 0.9561
1305031467.3597 -0.6856 0.0806 -0.6127 -0.0353 -0.0358 -0.2914 0.9553
1305031467.3958 -0.6733 0.0808 -0.6131 -0.0400 -0.0414 -0.2942 0.9540
1305031467.4278 -0.6650 0.0735 -0.6179 -0.0424 -0.0457 -0.2958 0.9532
1305031467.4597 -0.6553 0.0668 -0.6247 -0.0440 -0.0509 -0.2965 0.9527
1305031467.4961 -0.6382 0.0708 -0.6401 -0.0457 -0.0574 -0.2999 0.9512
1305031467.5277 -0.6258 0.0646 -0.6427 -0.0499 -0.0603 -0.3039 0.9495
1305031467.5598 -0.6176 0.0595 -0.6404 -0.0507 -0.0617 -0.3047 0.9491
1305031467.5960 -0.6137 0.0545 -0.6460 -0.0517 -0.0620 -0.3034 0.9494
1305031467.6275 -0.6024 0.0550 -0.6416 -0.0491 -0.0664 -0.3002 0.9503
1305031467.6596 -0.6033 0.0435 -0.6410 -0.0481 -0.0694 -0.3000 0.9502
1305031467.6959 -0.5977 0.0367 -0.6431 -0.0477 -0.0720 -0.3020 0.9494
1305031467.7275 -0.5931 0.0296 -0.6357 -0.0457 -0.0745 -0.3073 0.9476
1305031467.7599 -0.5885 0.0239 -0.6323 -0.0419 -0.0770 -0.3098 0.9467
1305031467.7961 -0.5869 0.0220 -0.6283 -0.0394 -0.0783 -0.3117 0.9461
1305031467.8278 -0.5882 0.0125 -0.6152 -0.0374 -0.0801 -0.3119 0.9460
1305031467.8597 -0.5806 0.0136 -0.6117 -0.0277 -0.0851 -0.3096 0.9467
1305031467.8959 -0.5800 0.0023 -0.6086 -0.0264 -0.0898 -0.3097 0.9462
1305031467.9278 -0.5778 -0.0026 -0.5899 -0.0251 -0.0958 -0.3135 0.9444
1305031467.9598 -0.5731 -0.0094 -0.5769 -0.0186 -0.1013 -0.3159 0.9432
1305031467.9958 -0.5674 -0.0109 -0.5722 -0.0168 -0.1027 -0.3171 0.9427
1305031468.0281 -0.5621 -0.0141 -0.5525 -0.0165 -0.1032 -0.3192 0.9419
1305031468.0598 -0.5659 -0.0308 -0.5396 -0.0151 -0.1049 -0.3229 0.9405
1305031468.0959 -0.5620 -0.0361 -0.5372 -0.0142 -0.1070 -0.3243 0.9398
1305031468.1278 -0.5576 -0.0418 -0.5229 -0.0147 -0.1086 -0.3248 0.9394
1305031468.1599 -0.5542 -0.0497 -0.5126 -0.0142 -0.1105 -0.3261 0.9388
1305031468.1960 -0.5468 -0.0557 -0.4983 -0.0136 -0.1115 -0.3291 0.9376
1305031468.2282 -0.5407 -0.0656 -0.4820 -0.0144 -0.1116 -0.3287 0.9377
1305031468.2598 -0.5289 -0.0779 -0.4611 -0.0140 -0.1126 -0.3272 0.9381
1305031468.2958 -0.5201 -0.0939 -0.4460 -0.0146 -0.1123 -0.3281 0.9378
1305031468.3278 -0.5149 -0.1150 -0.4252 -0.0146 -0.1127 -0.3262 0.9384
1305031468.3598 -0.5085 -0.1308 -0.4096 -0.0117 -0.1119 -0.3228 0.9398
1305031468.3959 -0.5047 -0.1366 -0.4037 -0.0120 -0.1111 -0.3228 0.9399
1305031468.4280 -0.5002 -0.1522 -0.3842 -0.0146 -0.1119 -0.3209 0.9404
1305031468.4598 -0.5019 -0.1794 -0.3736 -0.0189 -0.1125 -0.3162 0.9418
1305031468.4958 -0.4969 -0.1868 -0.3638 -0.0192 -0.1126 -0.3159 0.9419
1305031468.5278 -0.5063 -0.1989 -0.3460 -0.0179 -0.1094 -0.3215 0.9404
1305031468.5597 -0.5178 -0.2145 -0.3457 -0.0132 -0.1094 -0.3321 0.9368
1305031468.5958 -0.5231 -0.2176 -0.3496 -0.0102 -0.1093 -0.3380 0.9347
1305031468.6276 -0.5286 -0.2240 -0.3423 -0.0136 -0.1093 -0.3387 0.9344
1305031468.6596 -0.5441 -0.2408 -0.3273 -0.0155 -0.1117 -0.3399 0.9337
1305031468.6958 -0.5629 -0.2586 -0.3225 -0.0142 -0.1155 -0.3458 0.9311
1305031468.7278 -0.5690 -0.2667 -0.3170 -0.0099 -0.1213 -0.3453 0.9306
1305031468.7596 -0.5731 -0.2763 -0.3087 -0.0093 -0.1254 -0.3444 0.9304
1305031468.7958 -0.5827 -0.2856 -0.3058 -0.0039 -0.1283 -0.3496 0.9281
1305031468.8292 -0.6010 -0.2971 -0.3076 0.0026 -0.1288 -0.3572 0.9251
1305031468.8597 -0.6006 -0.3000 -0.3065 0.0047 -0.1290 -0.3605 0.9238
1305031468.8959 -0.5914 -0.3098 -0.2873 0.0046 -0.1284 -0.3613 0.9236
1305031468.9281 -0.5967 -0.3128 -0.2913 0.0039 -0.1200 -0.3590 0.9256
1305031468.9596 -0.6105 -0.3109 -0.2901 0.0003 -0.1110 -0.3580 0.9271
1305031468.9957 -0.6084 -0.3077 -0.2905 -0.0124 -0.1053 -0.3606 0.9267
1305031469.0277 -0.6127 -0.3103 -0.2777 -0.0303 -0.0995 -0.3641 0.9255
1305031469.0598 -0.6253 -0.3169 -0.2663 -0.0450 -0.0946 -0.3697 0.9232
1305031469.0957 -0.6234 -0.3240 -0.2546 -0.0572 -0.0940 -0.3780 0.9192
1305031469.1277 -0.6169 -0.3295 -0.2411 -0.0689 -0.0888 -0.3856 0.9158
1305031469.1597 -0.6127 -0.3394 -0.2233 -0.0791 -0.0822 -0.3924 0.9127
1305031469.1955 -0.6193 -0.3438 -0.2176 -0.0852 -0.0701 -0.3937 0.9126
1305031469.2278 -0.6257 -0.3449 -0.2053 -0.0884 -0.0641 -0.3965 0.9115
1305031469.2596 -0.6237 -0.3457 -0.1868 -0.0947 -0.0605 -0.3985 0.9102
1305031469.2968 -0.6253 -0.3498 -0.1726 -0.0998 -0.0566 -0.4006 0.9091
1305031469.3276 -0.6216 -0.3480 -0.1623 -0.1023 -0.0550 -0.4015 0.9084
1305031469.3596 -0.6139 -0.3568 -0.1425 -0.1110 -0.0534 -0.4069 0.9051
1305031469.3957 -0.6120 -0.3649 -0.1260 -0.1126 -0.0435 -0.4126 0.9029
1305031469.4277 -0.6100 -0.3672 -0.1135 -0.1121 -0.0337 -0.4204 0.8998
1305031469.4597 -0.6092 -0.3707 -0.0977 -0.1143 -0.0264 -0.4278 0.8962
1305031469.4957 -0.6124 -0.3606 -0.0844 -0.1136 -0.0210 -0.4309 0.8950
1305031469.5276 -0.6050 -0.3575 -0.0740 -0.1161 -0.0231 -0.4300 0.8950
1305031469.5596 -0.6047 -0.3513 -0.0579 -0.1230 -0.0218 -0.4304 0.8940
1305031469.5958 -0.5944 -0.3346 -0.0483 -0.1265 -0.0204 -0.4271 0.8951
1305031469.6278 -0.5953 -0.3349 -0.0327 -0.1388 -0.0177 -0.4275 0.8931
1305031469.6596 -0.5943 -0.3185 -0.0155 -0.1427 -0.0113 -0.4277 0.8925
1305031469.6956 -0.5904 -0.3064 -0.0068 -0.1444 -0.0073 -0.4264 0.8929
1305031469.7277 -0.5874 -0.2953 0.0013 -0.1490 -0.0007 -0.4248 0.8930
1305031469.7596 -0.5878 -0.2742 0.0142 -0.1518 0.0085 -0.4201 0.8947
1305031469.7956 -0.5880 -0.2506 0.0307 -0.1540 0.0138 -0.4174 0.8955
1305031469.8275 -0.5860 -0.2383 0.0369 -0.1595 0.0128 -0.4141 0.8961
1305031469.8596 -0.5884 -0.2158 0.0543 -0.1647 0.0156 -0.4121 0.8960
1305031469.8958 -0.5860 -0.2013 0.0609 -0.1691 0.0138 -0.4075 0.8973
1305031469.9279 -0.5869 -0.1881 0.0743 -0.1756 0.0123 -0.4046 0.8974
1305031469.9598 -0.5929 -0.1671 0.0845 -0.1757 0.0125 -0.4030 0.8981
1305031469.9956 -0.5943 -0.1447 0.0952 -0.1767 0.0120 -0.3994 0.8995
1305031470.0277 -0.5976 -0.1282 0.0945 -0.1786 0.0099 -0.3981 0.8997
1305031470.0596 -0.6020 -0.1168 0.0995 -0.1831 0.0087 -0.3979 0.8989
1305031470.0959 -0.6121 -0.0911 0.1053 -0.1819 0.0142 -0.3958 0.9000
1305031470.1276 -0.6180 -0.0694 0.1126 -0.1823 0.0168 -0.3950 0.9003
1305031470.1596 -0.6198 -0.0449 0.1155 -0.1821 0.0165 -0.3894 0.9027
1305031470.1961 -0.6298 -0.0352 0.1109 -0.1864 0.0152 -0.3884 0.9023
1305031470.2276 -0.6372 -0.0164 0.1165 -0.1878 0.0182 -0.3831 0.9042
1305031470.2600 -0.6447 0.0066 0.1154 -0.1883 0.0215 -0.3808 0.9050
1305031470.2957 -0.6536 0.0312 0.1192 -0.1883 0.0257 -0.3786 0.9058
1305031470.3276 -0.6584 0.0415 0.1190 -0.1965 0.0256 -0.3730 0.9064
1305031470.3596 -0.6651 0.0591 0.1232 -0.1990 0.0253 -0.3668 0.9084
1305031470.3958 -0.6750 0.0800 0.1237 -0.1992 0.0269 -0.3624 0.9101
1305031470.4276 -0.6809 0.0931 0.1299 -0.2015 0.0230 -0.3642 0.9090
1305031470.4597 -0.6911 0.1050 0.1299 -0.2019 0.0213 -0.3639 0.9090
1305031470.4957 -0.6994 0.1151 0.1297 -0.2018 0.0188 -0.3616 0.9100
1305031470.5277 -0.7107 0.1277 0.1295 -0.2008 0.0202 -0.3626 0.9098
1305031470.5597 -0.7180 0.1380 0.1303 -0.2010 0.0196 -0.3618 0.9101
1305031470.5958 -0.7272 0.1494 0.1291 -0.1998 0.0210 -0.3580 0.9118
1305031470.6277 -0.7366 0.1625 0.1292 -0.1986 0.0235 -0.3553 0.9131
1305031470.6597 -0.7391 0.1675 0.1313 -0.2010 0.0194 -0.3500 0.9147
1305031470.6956 -0.7494 0.1827 0.1322 -0.1997 0.0236 -0.3441 0.9172
1305031470.7277 -0.7564 0.1855 0.1363 -0.2027 0.0200 -0.3425 0.9172
1305031470.7597 -0.7642 0.1916 0.1357 -0.2028 0.0252 -0.3385 0.9185
1305031470.7956 -0.7706 0.2026 0.1386 -0.2004 0.0307 -0.3341 0.9205
1305031470.8278 -0.7808 0.2114 0.1416 -0.1955 0.0328 -0.3323 0.9221
1305031470.8596 -0.7913 0.2166 0.1419 -0.1911 0.0345 -0.3286 0.9243
1305031470.8957 -0.8001 0.2234 0.1400 -0.1864 0.0352 -0.3223 0.9274
1305031470.9277 -0.8065 0.2323 0.1434 -0.1798 0.0317 -0.3174 0.9305
1305031470.9596 -0.8172 0.2385 0.1412 -0.1674 0.0284 -0.3191 0.9324
1305031470.9960 -0.8240 0.2375 0.1374 -0.1596 0.0256 -0.3188 0.9339
1305031471.0276 -0.8284 0.2405 0.1346 -0.1472 0.0238 -0.3187 0.9360
1305031471.0596 -0.8338 0.2428 0.1331 -0.1347 0.0226 -0.3181 0.9382
1305031471.0958 -0.8401 0.2472 0.1290 -0.1228 0.0217 -0.3111 0.9421
1305031471.1277 -0.8467 0.2524 0.1267 -0.1135 0.0213 -0.3060 0.9450
1305031471.1596 -0.8460 0.2572 0.1236 -0.1034 0.0177 -0.3008 0.9479
1305031471.1957 -0.8494 0.2580 0.1220 -0.1012 0.0188 -0.2973 0.9492
1305031471.2276 -0.8537 0.2591 0.1222 -0.1007 0.0208 -0.2938 0.9503
1305031471.2597 -0.8581 0.2591 0.1226 -0.1014 0.0221 -0.2923 0.9507
1305031471.2961 -0.8613 0.2591 0.1234 -0.1002 0.0230 -0.2890 0.9518
1305031471.3276 -0.8592 0.2637 0.1225 -0.0931 0.0230 -0.2871 0.9531
1305031471.3596 -0.8611 0.2650 0.1212 -0.0911 0.0282 -0.2854 0.9537
1305031471.3957 -0.8707 0.2610 0.1220 -0.0932 0.0361 -0.2811 0.9545
1305031471.4277 -0.8740 0.2625 0.1197 -0.0891 0.0368 -0.2762 0.9563
1305031471.4596 -0.8771 0.2628 0.1179 -0.0891 0.0363 -0.2732 0.9571
1305031471.4965 -0.8885 0.2631 0.1150 -0.0917 0.0411 -0.2691 0.9578
1305031471.5276 -0.8909 0.2629 0.1136 -0.0921 0.0416 -0.2669 0.9584
1305031471.5597 -0.8916 0.2637 0.1120 -0.0917 0.0419 -0.2660 0.9587
1305031471.5957 -0.8941 0.2614 0.1108 -0.0931 0.0447 -0.2644 0.9589
1305031471.6276 -0.8975 0.2637 0.1079 -0.0908 0.0491 -0.2645 0.9588
1305031471.6596 -0.8975 0.2656 0.1037 -0.0871 0.0509 -0.2634 0.9594
1305031471.6956 -0.9009 0.2644 0.0981 -0.0868 0.0546 -0.2609 0.9599
1305031471.7275 -0.9026 0.2636 0.0955 -0.0879 0.0580 -0.2560 0.9609
1305031471.7597 -0.9041 0.2642 0.0934 -0.0867 0.0636 -0.2481 0.9627
1305031471.7958 -0.9082 0.2614 0.0881 -0.0875 0.0712 -0.2445 0.9631
1305031471.8276 -0.9106 0.2651 0.0850 -0.0875 0.0764 -0.2404 0.9637
1305031471.8597 -0.9061 0.2677 0.0880 -0.0897 0.0773 -0.2302 0.9659
1305031471.8956 -0.9051 0.2750 0.0842 -0.0881 0.0811 -0.2272 0.9665
1305031471.9277 -0.9064 0.2760 0.0866 -0.0932 0.0872 -0.2185 0.9675
1305031471.9596 -0.9111 0.2829 0.0927 -0.0895 0.0969 -0.2196 0.9666
1305031471.9956 -0.9093 0.2850 0.0848 -0.0885 0.1017 -0.2120 0.9679
1305031472.0276 -0.9071 0.2922 0.0825 -0.0885 0.1044 -0.2067 0.9688
1305031472.0597 -0.9107 0.2951 0.0888 -0.0915 0.1108 -0.2037 0.9684
1305031472.0956 -0.9131 0.3007 0.0882 -0.0892 0.1157 -0.2001 0.9688
1305031472.1276 -0.9142 0.3042 0.0879 -0.0914 0.1167 -0.1998 0.9685
1305031472.1596 -0.9191 0.3045 0.0973 -0.0955 0.1192 -0.1965 0.9685
1305031472.1957 -0.9211 0.3137 0.1016 -0.0869 0.1212 -0.1880 0.9708
1305031472.2276 -0.9201 0.3216 0.1007 -0.0796 0.1198 -0.1865 0.9719
1305031472.2638 -0.9222 0.3213 0.0978 -0.0751 0.1206 -0.1856 0.9723
1305031472.2957 -0.9207 0.3207 0.0941 -0.0685 0.1200 -0.1770 0.9745
1305031472.3277 -0.9185 0.3203 0.0909 -0.0645 0.1190 -0.1744 0.9753
1305031472.3636 -0.9195 0.3247 0.0894 -0.0607 0.1190 -0.1762 0.9752
1305031472.3956 -0.9207 0.3272 0.0898 -0.0586 0.1182 -0.1768 0.9754
1305031472.4277 -0.9193 0.3309 0.0925 -0.0550 0.1159 -0.1775 0.9757
1305031472.4636 -0.9184 0.3283 0.0939 -0.0549 0.1141 -0.1767 0.9761
1305031472.4956 -0.9198 0.3166 0.0932 -0.0608 0.1143 -0.1735 0.9763
1305031472.5276 -0.9228 0.3103 0.0968 -0.0629 0.1166 -0.1713 0.9763
1305031472.5636 -0.9256 0.3025 0.0989 -0.0626 0.1168 -0.1733 0.9759
1305031472.5957 -0.9259 0.2866 0.1037 -0.0690 0.1146 -0.1727 0.9759
1305031472.6277 -0.9247 0.2849 0.1040 -0.0692 0.1136 -0.1720 0.9761
1305031472.6636 -0.9249 0.2835 0.1060 -0.0682 0.1140 -0.1704 0.9764
1305031472.6958 -0.9266 0.2710 0.1053 -0.0715 0.1127 -0.1679 0.9767
1305031472.7276 -0.9261 0.2693 0.1052 -0.0669 0.1112 -0.1696 0.9769
1305031472.7636 -0.9253 0.2727 0.1057 -0.0618 0.1114 -0.1715 0.9769
1305031472.7956 -0.9256 0.2676 0.1086 -0.0627 0.1127 -0.1726 0.9765
1305031472.8276 -0.9260 0.2577 0.1110 -0.0654 0.1128 -0.1733 0.9762
1305031472.8636 -0.9266 0.2602 0.1112 -0.0623 0.1134 -0.1729 0.9764
1305031472.8957 -0.9259 0.2599 0.1114 -0.0619 0.1123 -0.1715 0.9768
1305031472.9277 -0.9258 0.2589 0.1131 -0.0620 0.1118 -0.1704 0.9770
1305031472.9638 -0.9253 0.2587 0.1130 -0.0608 0.1117 -0.1685 0.9775
1305031472.9957 -0.9255 0.2586 0.1148 -0.0615 0.1113 -0.1683 0.9775
1305031473.0276 -0.9254 0.2598 0.1160 -0.0613 0.1107 -0.1683 0.9776
1305031473.0637 -0.9260 0.2584 0.1171 -0.0626 0.1109 -0.1694 0.9773
1305031473.0957 -0.9260 0.2548 0.1165 -0.0640 0.1111 -0.1706 0.9770
1305031473.1277 -0.9273 0.2525 0.1174 -0.0655 0.1123 -0.1715 0.9766
1305031473.1671 -0.9278 0.2508 0.1184 -0.0651 0.1116 -0.1714 0.9767
1305031473.1961 -0.9274 0.2462 0.1190 -0.0661 0.1102 -0.1706 0.9769
