1305031453.4237 0.0051 0.0060 -0.0090 0.0028 0.0024 0.0074 1.0000
1305031453.4597 0.0064 0.0092 -0.0092 0.0061 0.0108 0.0154 0.9998
1305031453.4917 0.0038 0.0155 -0.0219 0.0126 0.0199 0.0268 0.9994
1305031453.5237 0.0120 0.0199 -0.0385 0.0181 0.0212 0.0343 0.9990
1305031453.5598 0.0162 0.0257 -0.0518 0.0239 0.0218 0.0403 0.9987
1305031453.5916 0.0095 0.0411 -0.0692 0.0360 0.0277 0.0490 0.9978
1305031453.6277 0.0134 0.0384 -0.0807 0.0392 0.0262 0.0492 0.9977
1305031453.6596 0.0142 0.0498 -0.0979 0.0466 0.0213 0.0498 0.9974
1305031453.6917 0.0194 0.0503 -0.1173 0.0507 0.0113 0.0452 0.9976
1305031453.7277 0.0187 0.0484 -0.1300 0.0524 0.0051 0.0408 0.9978
1305031453.7597 0.0158 0.0509 -0.1350 0.0550 -0.0069 0.0341 0.9979
1305031453.7917 0.0121 0.0522 -0.1528 0.0570 -0.0156 0.0265 0.9979
1305031453.8278 -0.0005 0.0604 -0.1575 0.0611 -0.0215 0.0186 0.9977
1305031453.8597 -0.0038 0.0515 -0.1636 0.0586 -0.0360 0.0139 0.9975
1305031453.8917 -0.0057 0.0587 -0.1731 0.0592 -0.0546 0.0095 0.9967
1305031453.9277 -0.0124 0.0600 -0.1853 0.0556 -0.0747 0.0036 0.9956
1305031453.9596 -0.0130 0.0605 -0.1892 0.0528 -0.0928 -0.0034 0.9943
1305031453.9916 -0.0190 0.0580 -0.1863 0.0518 -0.1068 -0.0113 0.9929
1305031454.0277 -0.0381 0.0633 -0.1892 0.0540 -0.1173 -0.0160 0.9915
1305031454.0597 -0.0427 0.0708 -0.1838 0.0567 -0.1307 -0.0213 0.9896
1305031454.0917 -0.0496 0.0740 -0.1619 0.0599 -0.1434 -0.0320 0.9873
1305031454.1277 -0.0582 0.0759 -0.1459 0.0640 -0.1585 -0.0424 0.9844
1305031454.1597 -0.0817 0.0843 -0.1476 0.0664 -0.1680 -0.0521 0.9822
1305031454.1917 -0.0934 0.0871 -0.1465 0.0656 -0.1832 -0.0607 0.9790
1305031454.2277 -0.1109 0.1051 -0.1334 0.0758 -0.1981 -0.0761 0.9743
1305031454.2596 -0.1133 0.1011 -0.1340 0.0780 -0.2126 -0.0885 0.9700
1305031454.2916 -0.1301 0.1068 -0.1312 0.0791 -0.2183 -0.1003 0.9675
1305031454.3277 -0.1488 0.1103 -0.1316 0.0794 -0.2258 -0.1084 0.9649
1305031454.3596 -0.1667 0.1110 -0.1447 0.0851 -0.2302 -0.1241 0.9614
1305031454.3917 -0.1788 0.1240 -0.1452 0.0898 -0.2373 -0.1328 0.9581
1305031454.4275 -0.1921 0.1294 -0.1469 0.0907 -0.2469 -0.1406 0.9545
1305031454.4599 -0.2043 0.1338 -0.1481 0.0939 -0.2558 -0.1511 0.9502
1305031454.4916 -0.2063 0.1354 -0.1307 0.0970 -0.2651 -0.1650 0.9450
1305031454.5277 -0.2238 0.1579 -0.1393 0.1030 -0.2656 -0.1769 0.9421
1305031454.5596 -0.2180 0.1561 -0.1336 0.0994 -0.2767 -0.1893 0.9369
1305031454.5916 -0.2285 0.1706 -0.1332 0.1021 -0.2851 -0.2006 0.9317
1305031454.6276 -0.2403 0.1793 -0.1324 0.1015 -0.2954 -0.2065 0.9273
1305031454.6595 -0.2485 0.1910 -0.1304 0.1000 -0.3060 -0.2125 0.9226
1305031454.6919 -0.2548 0.2031 -0.1265 0.0988 -0.3188 -0.2156 0.9177
1305031454.7277 -0.2604 0.2144 -0.1297 0.0996 -0.3292 -0.2209 0.9126
1305031454.7597 -0.2650 0.2235 -0.1225 0.0979 -0.3343 -0.2177 0.9117
1305031454.7916 -0.2635 0.2279 -0.1078 0.0930 -0.3402 -0.2095 0.9120
1305031454.8276 -0.2529 0.2429 -0.1057 0.0929 -0.3433 -0.2023 0.9125
1305031454.8596 -0.2557 0.2308 -0.1083 0.0811 -0.3407 -0.2016 0.9147
1305031454.8918 -0.2529 0.2382 -0.1051 0.0762 -0.3378 -0.1942 0.9178
1305031454.9276 -0.2426 0.2447 -0.1032 0.0722 -0.3376 -0.1873 0.9197
1305031454.9596 -0.2479 0.2506 -0.1087 0.0705 -0.3322 -0.1842 0.9224
1305031454.9919 -0.2468 0.2501 -0.1042 0.0640 -0.3338 -0.1780 0.9235
1305031455.0278 -0.2500 0.2537 -0.1071 0.0629 -0.3325 -0.1765 0.9243
1305031455.0596 -0.2498 0.2578 -0.1069 0.0619 -0.3320 -0.1741 0.9250
1305031455.0917 -0.2517 0.2616 -0.1093 0.0634 -0.3304 -0.1742 0.9255
1305031455.1277 -0.2548 0.2687 -0.1130 0.0649 -0.3273 -0.1728 0.9267
1305031455.1597 -0.2643 0.2755 -0.1140 0.0637 -0.3240 -0.1694 0.9286
1305031455.1917 -0.2669 0.2762 -0.1123 0.0593 -0.3247 -0.1645 0.9295
1305031455.2276 -0.2714 0.2789 -0.1177 0.0588 -0.3226 -0.1619 0.9307
1305031455.2596 -0.2744 0.2879 -0.1171 0.0578 -0.3216 -0.1568 0.9320
1305031455.2918 -0.2808 0.2857 -0.1161 0.0470 -0.3206 -0.1470 0.9346
1305031455.3278 -0.2899 0.2917 -0.1273 0.0426 -0.3171 -0.1397 0.9371
1305031455.3596 -0.2945 0.2990 -0.1198 0.0344 -0.3189 -0.1309 0.9381
1305031455.3917 -0.2973 0.2928 -0.1177 0.0210 -0.3179 -0.1230 0.9399
1305031455.4276 -0.3044 0.3025 -0.1213 0.0172 -0.3144 -0.1134 0.9423
1305031455.4596 -0.3189 0.3035 -0.1352 0.0136 -0.3077 -0.1086 0.9452
1305031455.4916 -0.3324 0.3077 -0.1470 0.0100 -0.3025 -0.1010 0.9477
1305031455.5276 -0.3483 0.3160 -0.1554 0.0098 -0.2980 -0.0915 0.9501
1305031455.5597 -0.3676 0.3256 -0.1722 0.0109 -0.2959 -0.0809 0.9517
1305031455.5916 -0.3839 0.3272 -0.1859 0.0071 -0.2961 -0.0704 0.9525
1305031455.6276 -0.4037 0.3245 -0.1988 0.0027 -0.2910 -0.0621 0.9547
1305031455.6596 -0.4152 0.3248 -0.2100 0.0039 -0.2891 -0.0565 0.9556
1305031455.6916 -0.4287 0.3257 -0.2270 0.0068 -0.2843 -0.0578 0.9570
1305031455.7276 -0.4386 0.3221 -0.2364 0.0075 -0.2809 -0.0609 0.9578
1305031455.7597 -0.4450 0.3227 -0.2406 0.0092 -0.2785 -0.0628 0.9583
1305031455.7917 -0.4546 0.3127 -0.2504 0.0080 -0.2745 -0.0633 0.9595
1305031455.8276 -0.4633 0.3132 -0.2637 0.0107 -0.2716 -0.0643 0.9602
1305031455.8595 -0.4709 0.3123 -0.2764 0.0119 -0.2692 -0.0654 0.9608
1305031455.8917 -0.4761 0.3091 -0.2885 0.0121 -0.2663 -0.0666 0.9615
1305031455.9280 -0.4817 0.3053 -0.2956 0.0109 -0.2639 -0.0666 0.9622
1305031455.9597 -0.4866 0.3057 -0.3041 0.0124 -0.2616 -0.0689 0.9626
1305031455.9917 -0.4904 0.3112 -0.3078 0.0141 -0.2594 -0.0693 0.9632
1305031456.0278 -0.4940 0.3184 -0.3114 0.0139 -0.2562 -0.0721 0.9638
1305031456.0597 -0.5019 0.3088 -0.3157 0.0055 -0.2522 -0.0781 0.9645
1305031456.0917 -0.5083 0.3039 -0.3192 0.0026 -0.2495 -0.0806 0.9650
1305031456.1276 -0.5121 0.3017 -0.3209 0.0025 -0.2478 -0.0816 0.9654
1305031456.1597 -0.5188 0.3009 -0.3241 0.0034 -0.2436 -0.0821 0.9664
1305031456.1917 -0.5213 0.2884 -0.3349 0.0049 -0.2384 -0.0773 0.9681
1305031456.2277 -0.5203 0.2918 -0.3395 0.0083 -0.2342 -0.0753 0.9692
1305031456.2917 -0.5255 0.2666 -0.3401 0.0021 -0.2185 -0.0680 0.9735
1305031456.3277 -0.5320 0.2640 -0.3441 0.0049 -0.2099 -0.0591 0.9759
1305031456.3916 -0.5362 0.2430 -0.3401 0.0015 -0.1932 -0.0493 0.9799
1305031456.4277 -0.5438 0.2385 -0.3403 0.0033 -0.1858 -0.0375 0.9819
1305031456.4917 -0.5829 0.2585 -0.3360 0.0035 -0.1777 -0.0251 0.9838
1305031456.5276 -0.6062 0.2674 -0.3319 0.0025 -0.1751 -0.0194 0.9844
1305031456.5917 -0.6314 0.2723 -0.3231 0.0020 -0.1698 -0.0107 0.9854
1305031456.6276 -0.6350 0.2810 -0.3150 -0.0106 -0.1695 -0.0069 0.9855
1305031456.6916 -0.6751 0.2552 -0.3018 -0.0300 -0.1575 0.0043 0.9871
1305031456.7277 -0.6981 0.2716 -0.2978 -0.0307 -0.1544 0.0157 0.9874
1305031456.7916 -0.7387 0.2561 -0.2910 -0.0380 -0.1599 0.0249 0.9861
1305031456.8276 -0.7522 0.2835 -0.2745 -0.0302 -0.1634 0.0335 0.9855
1305031456.8917 -0.7711 0.2547 -0.2490 -0.0538 -0.1640 0.0419 0.9841
1305031456.9277 -0.7858 0.2718 -0.2516 -0.0424 -0.1571 0.0470 0.9855
1305031456.9597 -0.7935 0.2836 -0.2424 -0.0446 -0.1556 0.0575 0.9851
1305031456.9917 -0.8072 0.2719 -0.2408 -0.0569 -0.1502 0.0574 0.9853
1305031457.0276 -0.8190 0.2666 -0.2386 -0.0618 -0.1472 0.0601 0.9853
1305031457.0917 -0.8271 0.2666 -0.2319 -0.0782 -0.1454 0.0661 0.9841
1305031457.1276 -0.8366 0.2604 -0.2310 -0.0821 -0.1407 0.0694 0.9842
1305031457.1917 -0.8686 0.2626 -0.2477 -0.0806 -0.1209 0.0839 0.9858
1305031457.2275 -0.8773 0.2569 -0.2524 -0.0872 -0.1157 0.0902 0.9853
1305031457.2917 -0.8814 0.2460 -0.2686 -0.0818 -0.1078 0.1055 0.9852
1305031457.3275 -0.9009 0.2543 -0.2855 -0.0755 -0.0933 0.1092 0.9867
1305031457.3917 -0.9171 0.2404 -0.3063 -0.0765 -0.0742 0.1236 0.9866
1305031457.4276 -0.9388 0.2406 -0.3224 -0.0718 -0.0616 0.1301 0.9870
1305031457.4917 -0.9728 0.2124 -0.3428 -0.0791 -0.0498 0.1338 0.9866
1305031457.5276 -0.9729 0.2098 -0.3607 -0.0735 -0.0498 0.1419 0.9859
1305031457.5597 -0.9754 0.2157 -0.3660 -0.0680 -0.0483 0.1459 0.9858
1305031457.5917 -0.9970 0.2134 -0.3825 -0.0632 -0.0387 0.1499 0.9859
1305031457.6275 -1.0182 0.2063 -0.3942 -0.0611 -0.0314 0.1526 0.9859
1305031457.6596 -1.0267 0.2053 -0.4020 -0.0593 -0.0293 0.1546 0.9858
1305031457.6916 -1.0408 0.1945 -0.4160 -0.0641 -0.0286 0.1575 0.9850
1305031457.7277 -1.0468 0.1841 -0.4187 -0.0664 -0.0277 0.1568 0.9850
1305031457.7596 -1.0556 0.1528 -0.4276 -0.0716 -0.0247 0.1553 0.9850
1305031457.7916 -1.0566 0.1333 -0.4282 -0.0685 -0.0214 0.1554 0.9852
1305031457.8277 -1.0636 0.1379 -0.4403 -0.0572 -0.0156 0.1574 0.9858
1305031457.8596 -1.0743 0.1302 -0.4474 -0.0557 -0.0085 0.1559 0.9862
1305031457.8916 -1.0909 0.1003 -0.4523 -0.0531 0.0031 0.1554 0.9864
1305031457.9276 -1.0998 0.0921 -0.4586 -0.0407 0.0076 0.1589 0.9864
1305031457.9916 -1.1334 0.0790 -0.4590 -0.0279 0.0144 0.1641 0.9859
1305031458.0278 -1.1347 0.0741 -0.4655 -0.0180 0.0163 0.1676 0.9855
1305031458.0597 -1.1442 0.0765 -0.4708 -0.0085 0.0204 0.1696 0.9853
1305031458.0917 -1.1523 0.0739 -0.4714 -0.0091 0.0229 0.1707 0.9850
1305031458.1276 -1.1598 0.0637 -0.4702 -0.0117 0.0249 0.1707 0.9849
1305031458.1596 -1.1663 0.0546 -0.4648 -0.0123 0.0262 0.1727 0.9845
1305031458.1916 -1.1855 0.0517 -0.4556 -0.0125 0.0281 0.1766 0.9838
1305031458.2276 -1.1935 0.0295 -0.4341 -0.0238 0.0258 0.1772 0.9836
1305031458.2599 -1.2276 0.0073 -0.4269 -0.0275 0.0298 0.1741 0.9839
1305031458.2917 -1.2494 -0.0088 -0.4236 -0.0213 0.0275 0.1727 0.9844
1305031458.3276 -1.2654 -0.0026 -0.4119 -0.0155 0.0217 0.1742 0.9844
1305031458.3596 -1.2793 -0.0339 -0.3943 -0.0177 0.0184 0.1732 0.9846
1305031458.3916 -1.3138 -0.0197 -0.3770 -0.0001 0.0214 0.1786 0.9837
1305031458.4276 -1.3245 -0.0120 -0.3720 0.0094 0.0219 0.1879 0.9819
1305031458.4596 -1.3149 -0.0266 -0.3613 0.0171 0.0233 0.1952 0.9803
1305031458.4917 -1.3006 -0.0479 -0.3543 0.0276 0.0260 0.1960 0.9799
1305031458.5277 -1.3254 -0.0093 -0.3581 0.0577 0.0373 0.1919 0.9790
1305031458.5596 -1.3387 -0.0065 -0.3450 0.0630 0.0452 0.1877 0.9792
1305031458.5916 -1.3711 0.0057 -0.3368 0.0769 0.0572 0.1767 0.9796
1305031458.6277 -1.3799 0.0162 -0.3134 0.0815 0.0578 0.1737 0.9797
1305031458.6596 -1.4107 0.0206 -0.3135 0.0770 0.0584 0.1739 0.9800
1305031458.6917 -1.4428 0.0148 -0.2960 0.0738 0.0530 0.1628 0.9825
1305031458.7276 -1.4455 0.0160 -0.2804 0.0760 0.0385 0.1565 0.9840
1305031458.7599 -1.4611 0.0147 -0.2710 0.0807 0.0265 0.1500 0.9850
1305031458.7916 -1.4737 0.0151 -0.2544 0.0821 0.0151 0.1435 0.9861
1305031458.8276 -1.4895 0.0154 -0.2324 0.0807 0.0143 0.1384 0.9870
1305031458.8917 -1.5040 0.0070 -0.2000 0.0877 0.0173 0.1250 0.9881
1305031458.9276 -1.5125 0.0133 -0.2048 0.0881 0.0220 0.1269 0.9878
1305031458.9596 -1.5156 0.0132 -0.1934 0.0835 0.0251 0.1342 0.9871
1305031458.9916 -1.5231 0.0061 -0.1980 0.0839 0.0275 0.1380 0.9865
1305031459.0277 -1.5526 -0.0006 -0.1857 0.0947 0.0325 0.1371 0.9855
1305031459.0596 -1.5842 -0.0084 -0.1773 0.1010 0.0319 0.1450 0.9837
1305031459.1276 -1.5972 0.0643 -0.1351 0.1277 0.0362 0.1473 0.9801
1305031459.1596 -1.6074 0.0681 -0.1238 0.1387 0.0095 0.1498 0.9789
1305031459.1917 -1.6201 0.0720 -0.1032 0.1462 -0.0085 0.1541 0.9771
1305031459.2276 -1.6275 0.0749 -0.0920 0.1505 -0.0219 0.1598 0.9754
1305031459.2598 -1.6355 0.0761 -0.0825 0.1507 -0.0225 0.1651 0.9744
1305031459.3276 -1.6552 0.0841 -0.0367 0.1505 0.0078 0.1861 0.9709
1305031459.3597 -1.6686 0.0889 -0.0146 0.1547 0.0322 0.2042 0.9661
1305031459.3917 -1.6952 0.1103 -0.0076 0.1535 0.0628 0.2281 0.9594
1305031459.4276 -1.6840 0.1206 -0.0002 0.1398 0.0871 0.2604 0.9514
1305031459.4597 -1.6942 0.1316 -0.0051 0.1378 0.1177 0.2989 0.9369
1305031459.5276 -1.6921 0.2394 0.1414 0.1804 0.1255 0.2685 0.9379
1305031459.5596 -1.6924 0.2243 0.1426 0.1697 0.1325 0.2994 0.9295
1305031459.5917 -1.6958 0.2300 0.1504 0.1678 0.1314 0.3212 0.9227
1305031459.6276 -1.6909 0.2314 0.1534 0.1642 0.1247 0.3366 0.9188
1305031459.6596 -1.6976 0.2310 0.1572 0.1639 0.1290 0.3368 0.9182
1305031459.6916 -1.7125 0.2282 0.1571 0.1604 0.1386 0.3417 0.9156
1305031459.7276 -1.7222 0.2154 0.1534 0.1535 0.1445 0.3437 0.9151
1305031459.7917 -1.7580 0.1907 0.1523 0.1531 0.1556 0.3404 0.9146
1305031459.8277 -1.7748 0.1755 0.1595 0.1511 0.1596 0.3402 0.9143
1305031459.8597 -1.7993 0.1538 0.1573 0.1447 0.1639 0.3403 0.9145
1305031459.8916 -1.8135 0.1332 0.1647 0.1388 0.1640 0.3426 0.9146
1305031459.9276 -1.8276 0.1157 0.1678 0.1364 0.1644 0.3453 0.9138
1305031459.9917 -1.8435 0.0790 0.1786 0.1259 0.1611 0.3567 0.9116
1305031460.0276 -1.8545 0.0666 0.1835 0.1252 0.1629 0.3585 0.9106
1305031460.0597 -1.8702 0.0471 0.1833 0.1232 0.1659 0.3625 0.9088
1305031460.0917 -1.8884 0.0208 0.1844 0.1204 0.1658 0.3697 0.9063
1305031460.1277 -1.8952 0.0100 0.1918 0.1251 0.1567 0.3741 0.9055
1305031460.1597 -1.9101 -0.0012 0.1989 0.1301 0.1519 0.3768 0.9044
1305031460.1916 -1.9122 -0.0015 0.2191 0.1335 0.1462 0.3786 0.9041
1305031460.2278 -1.9132 -0.0005 0.2313 0.1372 0.1467 0.3795 0.9031
1305031460.2917 -1.9251 -0.0137 0.2403 0.1440 0.1627 0.3795 0.8993
1305031460.3275 -1.9311 -0.0176 0.2461 0.1470 0.1698 0.3804 0.8971
1305031460.3916 -1.9374 -0.0322 0.2563 0.1439 0.1882 0.3871 0.8911
1305031460.4275 -1.9464 -0.0333 0.2654 0.1464 0.1992 0.3893 0.8873
1305031460.4596 -1.9404 -0.0314 0.2718 0.1456 0.2074 0.3914 0.8847
1305031460.4915 -1.9508 -0.0446 0.2773 0.1387 0.2251 0.3982 0.8784
1305031460.5276 -1.9646 -0.0619 0.2755 0.1296 0.2405 0.4065 0.8719
1305031460.5596 -1.9602 -0.0689 0.2821 0.1248 0.2472 0.4114 0.8684
1305031460.5919 -1.9616 -0.0760 0.2821 0.1218 0.2525 0.4129 0.8666
1305031460.6276 -1.9671 -0.0807 0.2864 0.1210 0.2593 0.4136 0.8643
1305031460.6598 -1.9722 -0.0891 0.2872 0.1190 0.2645 0.4134 0.8631
1305031460.6917 -1.9757 -0.0931 0.2902 0.1181 0.2669 0.4141 0.8622
1305031460.7277 -1.9783 -0.0968 0.2918 0.1162 0.2681 0.4139 0.8621
1305031460.7597 -1.9785 -0.1030 0.2938 0.1142 0.2706 0.4132 0.8620
1305031460.7917 -1.9824 -0.1145 0.2962 0.1110 0.2744 0.4133 0.8612
1305031460.8277 -1.9859 -0.1213 0.3033 0.1083 0.2773 0.4123 0.8610
1305031460.8597 -1.9854 -0.1243 0.3043 0.1059 0.2785 0.4113 0.8614
1305031460.8918 -1.9856 -0.1287 0.3058 0.1030 0.2804 0.4099 0.8618
1305031460.9276 -1.9908 -0.1356 0.3109 0.1009 0.2833 0.4093 0.8614
1305031460.9917 -1.9802 -0.1608 0.3186 0.0950 0.2854 0.4136 0.8593
1305031461.0276 -1.9808 -0.1723 0.3233 0.0946 0.2875 0.4154 0.8578
1305031461.0917 -1.9900 -0.1873 0.3473 0.0977 0.2919 0.4113 0.8580
1305031461.1276 -1.9843 -0.1940 0.3506 0.0959 0.2918 0.4103 0.8587
1305031461.1597 -1.9762 -0.2082 0.3575 0.0936 0.2932 0.4075 0.8597
1305031461.1920 -1.9825 -0.2142 0.3692 0.0959 0.2985 0.4042 0.8592
1305031461.2276 -1.9830 -0.2188 0.3724 0.0966 0.2998 0.4045 0.8586
1305031461.2596 -1.9810 -0.2265 0.3863 0.0966 0.3032 0.4001 0.8595
1305031461.2917 -1.9782 -0.2376 0.3875 0.0945 0.3051 0.3937 0.8619
1305031461.3278 -1.9802 -0.2369 0.3954 0.0973 0.3088 0.3898 0.8621
1305031461.3597 -1.9822 -0.2411 0.4013 0.0939 0.3128 0.3877 0.8620
1305031461.3917 -1.9761 -0.2487 0.4044 0.0881 0.3122 0.3882 0.8626
1305031461.4276 -1.9713 -0.2510 0.4043 0.0879 0.3117 0.3882 0.8628
1305031461.4598 -1.9753 -0.2486 0.4080 0.0874 0.3129 0.3863 0.8633
1305031461.4917 -1.9679 -0.2495 0.4071 0.0871 0.3114 0.3878 0.8632
1305031461.5277 -1.9701 -0.2537 0.4128 0.0892 0.3167 0.3838 0.8628
1305031461.5597 -1.9653 -0.2470 0.4158 0.0904 0.3175 0.3807 0.8638
1305031461.5917 -1.9584 -0.2468 0.3924 0.0868 0.3177 0.3796 0.8645
1305031461.6275 -1.9557 -0.2356 0.3973 0.0881 0.3238 0.3783 0.8627
1305031461.6596 -1.9506 -0.2275 0.3926 0.0874 0.3253 0.3773 0.8627
1305031461.6916 -1.9523 -0.2228 0.3982 0.0876 0.3299 0.3806 0.8594
1305031461.7276 -1.9477 -0.2182 0.4029 0.0866 0.3315 0.3821 0.8583
1305031461.7597 -1.9501 -0.2118 0.4033 0.0869 0.3355 0.3839 0.8559
1305031461.7916 -1.9376 -0.2169 0.3846 0.0759 0.3315 0.3894 0.8560
1305031461.8276 -1.9340 -0.2080 0.3770 0.0737 0.3368 0.3935 0.8522
1305031461.8598 -1.9409 -0.1892 0.3960 0.0796 0.3463 0.3969 0.8463
1305031461.8917 -1.9376 -0.1759 0.3943 0.0768 0.3454 0.4122 0.8396
1305031461.9278 -1.9236 -0.1782 0.4055 0.0648 0.3454 0.4241 0.8346
1305031461.9597 -1.9174 -0.1576 0.4029 0.0643 0.3493 0.4261 0.8320
1305031461.9916 -1.9195 -0.1372 0.4051 0.0608 0.3543 0.4369 0.8246
1305031462.0277 -1.9135 -0.1598 0.4210 0.0388 0.3606 0.4529 0.8144
1305031462.0598 -1.9068 -0.1494 0.4218 0.0363 0.3517 0.4678 0.8100
1305031462.0918 -1.9035 -0.1296 0.4171 0.0385 0.3398 0.4791 0.8084
1305031462.1277 -1.8910 -0.1165 0.4155 0.0358 0.3292 0.4919 0.8052
1305031462.1596 -1.8888 -0.1004 0.4208 0.0358 0.3251 0.4975 0.8035
1305031462.1916 -1.8883 -0.0871 0.4229 0.0353 0.3220 0.4963 0.8055
1305031462.2276 -1.8867 -0.0676 0.4178 0.0331 0.3135 0.4959 0.8092
1305031462.2598 -1.8908 -0.0638 0.4192 0.0256 0.3129 0.4918 0.8121
1305031462.2916 -1.8930 -0.0562 0.4243 0.0191 0.3108 0.4849 0.8173
1305031462.3275 -1.9020 -0.0493 0.4349 0.0140 0.3157 0.4763 0.8205
1305031462.3597 -1.8943 -0.0268 0.4280 0.0088 0.3025 0.4710 0.8286
1305031462.3917 -1.8910 -0.0134 0.4281 0.0008 0.2913 0.4701 0.8332
1305031462.4276 -1.8994 -0.0293 0.4333 -0.0190 0.2949 0.4616 0.8364
1305031462.4599 -1.8908 0.0763 0.4378 0.0200 0.2595 0.4512 0.8537
1305031462.4920 -1.8889 0.0714 0.4453 0.0025 0.2529 0.4481 0.8575
1305031462.5277 -1.8977 0.0529 0.4586 -0.0136 0.2550 0.4396 0.8611
1305031462.5599 -1.8965 0.0196 0.4544 -0.0438 0.2525 0.4287 0.8664
1305031462.5919 -1.9032 0.0686 0.4513 -0.0211 0.2418 0.4165 0.8761
1305031462.6279 -1.9152 0.0421 0.4595 -0.0394 0.2527 0.4060 0.8774
1305031462.6597 -1.8944 0.0048 0.4600 -0.0722 0.2458 0.4125 0.8742
1305031462.6925 -1.9003 0.0072 0.4594 -0.0724 0.2460 0.4027 0.8787
1305031462.7277 -1.9062 0.0182 0.4608 -0.0702 0.2406 0.3901 0.8860
1305031462.7598 -1.9114 0.0050 0.4582 -0.0817 0.2402 0.3799 0.8896
1305031462.7919 -1.9040 0.0017 0.4520 -0.0885 0.2314 0.3788 0.8917
1305031462.8278 -1.9087 0.0147 0.4589 -0.0880 0.2278 0.3695 0.8966
1305031462.8598 -1.9060 0.0092 0.4520 -0.0988 0.2253 0.3683 0.8966
1305031462.8918 -1.9061 0.0250 0.4490 -0.0952 0.2265 0.3601 0.9000
1305031462.9276 -1.9043 0.0443 0.4306 -0.0917 0.2244 0.3560 0.9025
1305031462.9597 -1.9016 0.0473 0.4271 -0.0919 0.2223 0.3545 0.9036
1305031462.9955 -1.8988 0.0527 0.4226 -0.0894 0.2199 0.3530 0.9050
1305031463.0277 -1.8972 0.0637 0.4058 -0.0822 0.2170 0.3453 0.9094
1305031463.0598 -1.8983 0.0532 0.3964 -0.0864 0.2180 0.3421 0.9099
1305031463.0958 -1.8936 0.0688 0.3830 -0.0803 0.2120 0.3276 0.9172
1305031463.1275 -1.8905 0.0769 0.3766 -0.0770 0.2106 0.3231 0.9194
1305031463.1598 -1.8894 0.0757 0.3583 -0.0747 0.2116 0.3119 0.9232
1305031463.1957 -1.8853 0.0773 0.3507 -0.0770 0.2111 0.3061 0.9251
1305031463.2278 -1.8798 0.0938 0.3446 -0.0721 0.2100 0.2979 0.9284
1305031463.2600 -1.8774 0.1056 0.3241 -0.0641 0.2113 0.2888 0.9316
1305031463.2957 -1.8718 0.1089 0.3133 -0.0639 0.2100 0.2863 0.9327
1305031463.3277 -1.8620 0.1208 0.3094 -0.0611 0.2061 0.2841 0.9344
1305031463.3598 -1.8636 0.1309 0.2960 -0.0534 0.2066 0.2752 0.9374
1305031463.3956 -1.8564 0.1435 0.2900 -0.0484 0.2029 0.2729 0.9392
1305031463.4277 -1.8504 0.1664 0.2837 -0.0397 0.2009 0.2666 0.9418
1305031463.4598 -1.8345 0.1840 0.2772 -0.0356 0.1961 0.2680 0.9426
1305031463.4956 -1.8161 0.1917 0.2681 -0.0381 0.1962 0.2697 0.9420
1305031463.5277 -1.8027 0.2131 0.2686 -0.0317 0.2010 0.2621 0.9434
1305031463.5598 -1.7902 0.2197 0.2553 -0.0300 0.2015 0.2644 0.9427
1305031463.5956 -1.7970 0.2217 0.2576 -0.0307 0.2102 0.2585 0.9424
1305031463.6276 -1.7738 0.2479 0.2507 -0.0196 0.2060 0.2456 0.9470
1305031463.6598 -1.7658 0.2589 0.2342 -0.0066 0.2084 0.2400 0.9481
1305031463.6956 -1.7539 0.2711 0.2183 -0.0015 0.2060 0.2339 0.9502
1305031463.7276 -1.7491 0.2610 0.2034 -0.0063 0.2128 0.2275 0.9502
1305031463.7597 -1.7366 0.2535 0.1882 -0.0029 0.2190 0.2199 0.9506
1305031463.7956 -1.7222 0.2547 0.1641 0.0014 0.2178 0.2086 0.9534
1305031463.8278 -1.6961 0.2485 0.1379 -0.0017 0.2109 0.1990 0.9570
1305031463.8599 -1.6853 0.2632 0.1277 0.0103 0.2148 0.1883 0.9583
1305031463.8956 -1.6830 0.2699 0.1071 0.0178 0.2187 0.1735 0.9601
1305031463.9277 -1.6829 0.2761 0.0994 0.0237 0.2209 0.1662 0.9607
1305031463.9597 -1.6558 0.2618 0.0729 0.0209 0.2112 0.1610 0.9639
1305031463.9958 -1.6610 0.2601 0.0596 0.0277 0.2142 0.1503 0.9648
1305031464.0277 -1.6583 0.2651 0.0532 0.0326 0.2139 0.1435 0.9657
1305031464.0597 -1.6343 0.2504 0.0278 0.0294 0.2084 0.1319 0.9687
1305031464.0956 -1.6386 0.2484 0.0209 0.0357 0.2152 0.1172 0.9689
1305031464.1277 -1.6470 0.2510 0.0163 0.0410 0.2193 0.1104 0.9685
1305031464.1598 -1.6489 0.2422 0.0080 0.0444 0.2191 0.1065 0.9688
1305031464.1956 -1.6455 0.2279 0.0067 0.0519 0.2164 0.1024 0.9695
1305031464.2276 -1.6568 0.2398 -0.0005 0.0664 0.2133 0.0897 0.9706
1305031464.2596 -1.6612 0.2581 0.0017 0.0788 0.2006 0.0850 0.9728
1305031464.2957 -1.6653 0.2695 0.0096 0.0850 0.1896 0.0769 0.9751
1305031464.3279 -1.6477 0.2724 -0.0018 0.0865 0.1736 0.0670 0.9787
1305031464.3597 -1.6430 0.2764 -0.0036 0.0912 0.1682 0.0575 0.9798
1305031464.3956 -1.6367 0.2866 -0.0117 0.0985 0.1654 0.0447 0.9803
1305031464.4276 -1.6305 0.2874 -0.0277 0.0991 0.1653 0.0371 0.9805
1305031464.4597 -1.6359 0.2859 -0.0375 0.1010 0.1676 0.0282 0.9803
1305031464.4956 -1.6318 0.2873 -0.0463 0.1028 0.1675 0.0204 0.9803
1305031464.5276 -1.6290 0.2823 -0.0674 0.1012 0.1684 0.0136 0.9804
1305031464.5597 -1.6186 0.2795 -0.0775 0.0996 0.1670 0.0051 0.9809
1305031464.5957 -1.6084 0.2582 -0.1137 0.0973 0.1710 -0.0093 0.9804
1305031464.6277 -1.5919 0.2567 -0.1362 0.1110 0.1794 -0.0140 0.9774
1305031464.6597 -1.5836 0.2503 -0.1539 0.1211 0.1905 -0.0241 0.9739
1305031464.6957 -1.5740 0.2480 -0.1752 0.1355 0.1989 -0.0413 0.9697
1305031464.7277 -1.5620 0.2537 -0.1658 0.1570 0.2032 -0.0591 0.9647
1305031464.7597 -1.5647 0.2581 -0.1733 0.1693 0.2038 -0.0731 0.9615
1305031464.7960 -1.5660 0.2457 -0.1822 0.1724 0.2007 -0.0941 0.9598
1305031464.8278 -1.5631 0.2620 -0.1632 0.1853 0.1897 -0.1130 0.9575
1305031464.8597 -1.5598 0.2776 -0.1557 0.1922 0.1752 -0.1310 0.9567
1305031464.8958 -1.5489 0.2761 -0.1455 0.1880 0.1616 -0.1510 0.9569
1305031464.9278 -1.5221 0.2520 -0.1540 0.1794 0.1474 -0.1715 0.9574
1305031464.9598 -1.5230 0.2360 -0.1508 0.1791 0.1465 -0.1918 0.9538
1305031464.9957 -1.5239 0.2337 -0.1420 0.1832 0.1487 -0.2083 0.9492
1305031465.0278 -1.5101 0.2423 -0.1265 0.1882 0.1500 -0.2281 0.9434
1305031465.0597 -1.5113 0.2527 -0.0990 0.1941 0.1496 -0.2459 0.9378
1305031465.0957 -1.4826 0.2898 -0.0729 0.1950 0.1401 -0.2638 0.9342
1305031465.1277 -1.4655 0.2857 -0.0482 0.1753 0.1325 -0.2792 0.9348
1305031465.1598 -1.4535 0.2708 -0.0152 0.1562 0.1262 -0.2883 0.9362
1305031465.1956 -1.4342 0.2497 0.0046 0.1374 0.1168 -0.2965 0.9378
1305031465.2279 -1.4217 0.2403 0.0230 0.1221 0.1133 -0.3046 0.9378
1305031465.2598 -1.4048 0.2142 0.0447 0.1035 0.1055 -0.3075 0.9400
1305031465.2956 -1.3918 0.2294 0.0811 0.1053 0.1012 -0.2971 0.9436
1305031465.3277 -1.3824 0.2318 0.0891 0.0937 0.0923 -0.2902 0.9479
1305031465.3599 -1.3749 0.2319 0.1084 0.0892 0.0793 -0.2829 0.9517
1305031465.3956 -1.3512 0.2235 0.1187 0.0852 0.0618 -0.2713 0.9567
1305031465.4277 -1.3281 0.2228 0.1194 0.0867 0.0491 -0.2628 0.9597
1305031465.4601 -1.3165 0.2329 0.1197 0.0904 0.0430 -0.2565 0.9613
1305031465.4957 -1.2965 0.2330 0.1285 0.0877 0.0341 -0.2454 0.9648
1305031465.5276 -1.2901 0.2272 0.1260 0.0843 0.0302 -0.2435 0.9658
1305031465.5598 -1.2707 0.2299 0.1246 0.0885 0.0223 -0.2405 0.9663
1305031465.5956 -1.2549 0.2310 0.1165 0.0908 0.0177 -0.2358 0.9674
1305031465.6277 -1.2429 0.2381 0.1166 0.0950 0.0144 -0.2305 0.9683
1305031465.6601 -1.2341 0.2395 0.1203 0.0953 0.0095 -0.2261 0.9694
1305031465.6957 -1.2173 0.2422 0.1150 0.0988 0.0036 -0.2229 0.9698
1305031465.7277 -1.2026 0.2446 0.1061 0.1023 0.0002 -0.2175 0.9707
1305031465.7598 -1.1860 0.2662 0.1093 0.1129 -0.0037 -0.2135 0.9704
1305031465.7959 -1.1665 0.2688 0.1122 0.1157 -0.0079 -0.2093 0.9710
1305031465.8280 -1.1505 0.2700 0.1008 0.1197 -0.0115 -0.2060 0.9711
1305031465.8599 -1.1200 0.2845 0.0937 0.1314 -0.0165 -0.2018 0.9704
1305031465.8955 -1.0870 0.2850 0.0837 0.1339 -0.0155 -0.2009 0.9703
1305031465.9275 -1.0594 0.2802 0.0789 0.1379 -0.0121 -0.1974 0.9705
1305031465.9597 -1.0341 0.2808 0.0724 0.1447 -0.0075 -0.1964 0.9698
1305031465.9958 -1.0126 0.2804 0.0521 0.1475 -0.0046 -0.1961 0.9694
1305031466.0276 -0.9900 0.2817 0.0396 0.1500 -0.0046 -0.1976 0.9687
1305031466.0598 -0.9526 0.2775 0.0421 0.1464 -0.0102 -0.1903 0.9707
1305031466.0958 -0.9410 0.2833 0.0416 0.1393 -0.0102 -0.1918 0.9714
1305031466.1276 -0.9331 0.2934 0.0366 0.1324 -0.0096 -0.1937 0.9720
1305031466.1604 -0.9185 0.3188 0.0359 0.1333 -0.0118 -0.1933 0.9720
1305031466.1958 -0.9059 0.3359 0.0386 0.1269 -0.0142 -0.1938 0.9727
1305031466.2280 -0.8970 0.3394 0.0397 0.1143 -0.0160 -0.1970 0.9736
1305031466.2598 -0.8788 0.3260 0.0271 0.1076 -0.0192 -0.2044 0.9728
1305031466.2957 -0.8542 0.3231 0.0128 0.1092 -0.0178 -0.2124 0.9709
1305031466.3277 -0.8343 0.3201 -0.0041 0.1084 -0.0108 -0.2179 0.9699
1305031466.3598 -0.8268 0.3166 -0.0260 0.1021 0.0013 -0.2248 0.9690
1305031466.3958 -0.8154 0.3085 -0.0443 0.1007 0.0029 -0.2268 0.9687
1305031466.4278 -0.8088 0.3076 -0.0569 0.1016 0.0014 -0.2302 0.9678
1305031466.4598 -0.8011 0.3163 -0.0650 0.1025 0.0001 -0.2335 0.9669
1305031466.4958 -0.7895 0.3213 -0.0721 0.1004 -0.0007 -0.2339 0.9671
1305031466.5275 -0.7710 0.3105 -0.0900 0.0971 0.0002 -0.2353 0.9671
1305031466.5604 -0.7569 0.3075 -0.1092 0.0949 0.0056 -0.2341 0.9676
1305031466.5959 -0.7307 0.3166 -0.1086 0.0893 0.0052 -0.2370 0.9674
1305031466.6275 -0.7145 0.2871 -0.1259 0.0775 0.0070 -0.2407 0.9675
1305031466.6597 -0.6918 0.2738 -0.1370 0.0784 0.0063 -0.2457 0.9662
1305031466.6958 -0.6748 0.2731 -0.1544 0.0779 0.0059 -0.2503 0.9650
1305031466.7281 -0.6703 0.2751 -0.1595 0.0712 0.0103 -0.2646 0.9617
1305031466.7596 -0.6555 0.2624 -0.1636 0.0708 0.0099 -0.2709 0.9599
1305031466.7956 -0.6439 0.2625 -0.1804 0.0740 0.0088 -0.2755 0.9584
1305031466.8279 -0.6371 0.2586 -0.1869 0.0698 0.0076 -0.2780 0.9580
1305031466.8597 -0.6324 0.2580 -0.1861 0.0692 0.0052 -0.2785 0.9579
1305031466.8957 -0.6240 0.2642 -0.1837 0.0717 -0.0019 -0.2804 0.9572
1305031466.9278 -0.6063 0.2566 -0.1819 0.0685 -0.0160 -0.2844 0.9561
1305031466.9597 -0.5990 0.2501 -0.1872 0.0663 -0.0211 -0.2879 0.9551
1305031466.9957 -0.5891 0.2435 -0.1962 0.0654 -0.0244 -0.2898 0.9545
1305031467.0278 -0.5761 0.2412 -0.1983 0.0659 -0.0281 -0.2917 0.9538
1305031467.0597 -0.5591 0.2390 -0.2081 0.0666 -0.0318 -0.2938 0.9530
1305031467.0957 -0.5470 0.2472 -0.2066 0.0682 -0.0315 -0.2965 0.9521
1305031467.1290 -0.5420 0.2402 -0.2057 0.0661 -0.0328 -0.3019 0.9505
1305031467.1597 -0.5373 0.2360 -0.2112 0.0655 -0.0339 -0.3056 0.9493
1305031467.1957 -0.5301 0.2341 -0.2169 0.0654 -0.0368 -0.3098 0.9478
1305031467.2277 -0.5181 0.2333 -0.2185 0.0660 -0.0419 -0.3131 0.9465
1305031467.2597 -0.5130 0.2344 -0.2159 0.0672 -0.0445 -0.3169 0.9450
1305031467.2958 -0.5091 0.2352 -0.2208 0.0676 -0.0462 -0.3208 0.9436
1305031467.3280 -0.4988 0.2365 -0.2247 0.0687 -0.0501 -0.3241 0.9422
1305031467.3597 -0.4860 0.2476 -0.2292 0.0694 -0.0537 -0.3273 0.9408
1305031467.3958 -0.4754 0.2403 -0.2269 0.0634 -0.0585 -0.3304 0.9399
1305031467.4278 -0.4663 0.2407 -0.2298 0.0637 -0.0621 -0.3315 0.9393
1305031467.4597 -0.4583 0.2356 -0.2395 0.0618 -0.0663 -0.3333 0.9385
1305031467.4961 -0.4369 0.2593 -0.2415 0.0637 -0.0707 -0.3394 0.9358
1305031467.5277 -0.4301 0.2589 -0.2512 0.0607 -0.0705 -0.3427 0.9348
1305031467.5598 -0.4215 0.2529 -0.2510 0.0606 -0.0722 -0.3435 0.9344
1305031467.5960 -0.4180 0.2532 -0.2549 0.0609 -0.0719 -0.3418 0.9350
1305031467.6275 -0.4071 0.2526 -0.2503 0.0621 -0.0757 -0.3425 0.9344
1305031467.6596 -0.4100 0.2400 -0.2467 0.0625 -0.0791 -0.3388 0.9354
1305031467.6959 -0.4072 0.2372 -0.2561 0.0636 -0.0799 -0.3412 0.9344
1305031467.7275 -0.3981 0.2347 -0.2513 0.0677 -0.0817 -0.3486 0.9313
1305031467.7599 -0.3982 0.2365 -0.2436 0.0722 -0.0823 -0.3511 0.9299
1305031467.7961 -0.3982 0.2446 -0.2486 0.0770 -0.0820 -0.3541 0.9284
1305031467.8278 -0.4048 0.2327 -0.2405 0.0782 -0.0823 -0.3546 0.9281
1305031467.8597 -0.4095 0.2296 -0.2368 0.0851 -0.0848 -0.3517 0.9284
1305031467.8959 -0.4050 0.2281 -0.2347 0.0893 -0.0894 -0.3534 0.9269
1305031467.9278 -0.4010 0.2177 -0.2244 0.0907 -0.0943 -0.3554 0.9255
1305031467.9598 -0.4014 0.2077 -0.2181 0.0945 -0.0977 -0.3556 0.9247
1305031467.9958 -0.3930 0.2068 -0.2159 0.0971 -0.1001 -0.3570 0.9237
1305031468.0281 -0.3880 0.1990 -0.2036 0.0965 -0.1011 -0.3593 0.9227
1305031468.0598 -0.3901 0.1978 -0.1838 0.1029 -0.1017 -0.3629 0.9205
1305031468.0959 -0.3901 0.1965 -0.1773 0.1044 -0.1028 -0.3642 0.9197
1305031468.1278 -0.3896 0.1949 -0.1676 0.1055 -0.1030 -0.3651 0.9192
1305031468.1599 -0.3892 0.1884 -0.1569 0.1069 -0.1036 -0.3660 0.9186
1305031468.1960 -0.3799 0.1761 -0.1497 0.1069 -0.1051 -0.3690 0.9172
1305031468.2282 -0.3754 0.1735 -0.1296 0.1096 -0.1050 -0.3701 0.9165
1305031468.2598 -0.3621 0.1529 -0.1137 0.1093 -0.1072 -0.3699 0.9164
1305031468.2958 -0.3579 0.1419 -0.0988 0.1106 -0.1066 -0.3709 0.9159
1305031468.3278 -0.3476 0.1006 -0.0859 0.1059 -0.1103 -0.3672 0.9175
1305031468.3598 -0.3418 0.0715 -0.0802 0.1048 -0.1113 -0.3653 0.9183
1305031468.3959 -0.3355 0.0683 -0.0795 0.1051 -0.1114 -0.3638 0.9188
1305031468.4280 -0.3268 0.0488 -0.0636 0.1034 -0.1135 -0.3636 0.9188
1305031468.4598 -0.3398 0.0240 -0.0615 0.1002 -0.1105 -0.3585 0.9215
1305031468.4958 -0.3389 0.0199 -0.0570 0.1008 -0.1091 -0.3591 0.9214
1305031468.5278 -0.3432 0.0014 -0.0387 0.1029 -0.1067 -0.3654 0.9190
1305031468.5597 -0.3599 -0.0062 -0.0479 0.1081 -0.1027 -0.3772 0.9141
1305031468.5958 -0.3636 -0.0114 -0.0520 0.1093 -0.1028 -0.3802 0.9126
1305031468.6276 -0.3668 -0.0189 -0.0494 0.1063 -0.1031 -0.3805 0.9129
1305031468.6596 -0.3884 -0.0426 -0.0508 0.1018 -0.1032 -0.3817 0.9128
1305031468.6958 -0.4088 -0.0580 -0.0493 0.1036 -0.1056 -0.3892 0.9092
1305031468.7278 -0.4196 -0.0660 -0.0368 0.1084 -0.1114 -0.3891 0.9080
1305031468.7596 -0.4292 -0.0660 -0.0331 0.1105 -0.1120 -0.3914 0.9067
1305031468.7958 -0.4519 -0.0903 -0.0340 0.1096 -0.1123 -0.3957 0.9049
1305031468.8292 -0.4710 -0.0988 -0.0462 0.1150 -0.1114 -0.4042 0.9005
1305031468.8597 -0.4711 -0.0978 -0.0473 0.1179 -0.1110 -0.4070 0.8990
1305031468.8959 -0.4661 -0.1173 -0.0410 0.1160 -0.1096 -0.4078 0.8990
1305031468.9281 -0.4683 -0.1239 -0.0410 0.1147 -0.1038 -0.4055 0.9009
1305031468.9596 -0.4833 -0.1205 -0.0480 0.1115 -0.0936 -0.4038 0.9032
1305031468.9957 -0.4758 -0.1158 -0.0407 0.1010 -0.0897 -0.4038 0.9048
1305031469.0277 -0.4840 -0.1294 -0.0361 0.0803 -0.0825 -0.4066 0.9063
1305031469.0598 -0.4986 -0.1518 -0.0272 0.0614 -0.0778 -0.4093 0.9070
1305031469.0957 -0.4978 -0.1502 -0.0221 0.0527 -0.0739 -0.4172 0.9043
1305031469.1277 -0.4806 -0.1591 -0.0024 0.0433 -0.0717 -0.4236 0.9020
1305031469.1597 -0.4756 -0.1811 0.0165 0.0303 -0.0660 -0.4289 0.9004
1305031469.1955 -0.4939 -0.1737 0.0249 0.0270 -0.0477 -0.4305 0.9009
1305031469.2278 -0.5054 -0.1733 0.0307 0.0242 -0.0401 -0.4325 0.9004
1305031469.2596 -0.5032 -0.1752 0.0543 0.0198 -0.0365 -0.4359 0.8990
1305031469.2968 -0.5008 -0.1858 0.0639 0.0147 -0.0352 -0.4383 0.8980
1305031469.3276 -0.5009 -0.1823 0.0728 0.0128 -0.0324 -0.4402 0.8972
1305031469.3596 -0.4964 -0.1951 0.0945 0.0052 -0.0296 -0.4444 0.8953
1305031469.3957 -0.4967 -0.1954 0.1053 0.0081 -0.0162 -0.4485 0.8936
1305031469.4277 -0.4847 -0.1978 0.1191 0.0119 -0.0095 -0.4529 0.8914
1305031469.4597 -0.4720 -0.2099 0.1280 0.0108 -0.0076 -0.4579 0.8889
1305031469.4957 -0.4747 -0.1942 0.1413 0.0144 -0.0010 -0.4605 0.8875
1305031469.5276 -0.4655 -0.1924 0.1549 0.0130 -0.0039 -0.4585 0.8886
1305031469.5596 -0.4596 -0.1920 0.1688 0.0065 -0.0045 -0.4589 0.8885
1305031469.5958 -0.4490 -0.1734 0.1833 0.0049 -0.0026 -0.4536 0.8912
1305031469.6278 -0.4409 -0.1846 0.1995 -0.0068 -0.0054 -0.4548 0.8906
1305031469.6596 -0.4484 -0.1802 0.2168 -0.0162 0.0032 -0.4545 0.8906
1305031469.6956 -0.4401 -0.1793 0.2275 -0.0207 0.0036 -0.4514 0.8921
1305031469.7277 -0.4346 -0.1721 0.2358 -0.0254 0.0089 -0.4515 0.8919
1305031469.7596 -0.4302 -0.1445 0.2624 -0.0227 0.0166 -0.4424 0.8964
1305031469.7956 -0.4306 -0.1191 0.2841 -0.0228 0.0229 -0.4398 0.8975
1305031469.8275 -0.4270 -0.1179 0.2975 -0.0311 0.0190 -0.4383 0.8981
1305031469.8596 -0.4328 -0.0854 0.3182 -0.0305 0.0249 -0.4333 0.9004
1305031469.8958 -0.4198 -0.0808 0.3250 -0.0351 0.0170 -0.4319 0.9011
1305031469.9279 -0.4356 -0.0639 0.3401 -0.0413 0.0236 -0.4297 0.9017
1305031469.9598 -0.4351 -0.0477 0.3605 -0.0421 0.0201 -0.4275 0.9028
1305031469.9956 -0.4355 -0.0208 0.3694 -0.0387 0.0201 -0.4222 0.9054
1305031470.0277 -0.4400 -0.0065 0.3734 -0.0412 0.0196 -0.4237 0.9047
1305031470.0596 -0.4456 0.0135 0.3803 -0.0406 0.0216 -0.4216 0.9056
1305031470.0959 -0.4554 0.0233 0.4009 -0.0474 0.0222 -0.4216 0.9053
1305031470.1276 -0.4602 0.0446 0.4102 -0.0476 0.0245 -0.4168 0.9074
1305031470.1596 -0.4598 0.0641 0.4136 -0.0482 0.0220 -0.4145 0.9085
1305031470.1961 -0.4690 0.0780 0.4133 -0.0503 0.0212 -0.4133 0.9089
1305031470.2276 -0.4737 0.0993 0.4261 -0.0510 0.0224 -0.4056 0.9123
1305031470.2600 -0.4767 0.1185 0.4365 -0.0525 0.0225 -0.4034 0.9132
1305031470.2957 -0.4840 0.1413 0.4444 -0.0525 0.0264 -0.3974 0.9158
1305031470.3276 -0.4876 0.1498 0.4466 -0.0619 0.0240 -0.3955 0.9161
1305031470.3596 -0.4947 0.1733 0.4542 -0.0604 0.0240 -0.3883 0.9192
1305031470.3958 -0.5009 0.1916 0.4609 -0.0605 0.0235 -0.3832 0.9214
1305031470.4276 -0.5094 0.2074 0.4654 -0.0596 0.0216 -0.3843 0.9210
1305031470.4597 -0.5159 0.2140 0.4670 -0.0624 0.0175 -0.3830 0.9215
1305031470.4957 -0.5217 0.2233 0.4712 -0.0629 0.0133 -0.3819 0.9220
1305031470.5277 -0.5286 0.2318 0.4725 -0.0638 0.0098 -0.3825 0.9217
1305031470.5597 -0.5382 0.2520 0.4787 -0.0593 0.0140 -0.3827 0.9219
1305031470.5958 -0.5413 0.2673 0.4828 -0.0541 0.0128 -0.3755 0.9252
1305031470.6277 -0.5474 0.2735 0.4859 -0.0577 0.0099 -0.3735 0.9258
1305031470.6597 -0.5567 0.2953 0.4905 -0.0488 0.0152 -0.3664 0.9290
1305031470.6956 -0.5603 0.3058 0.4941 -0.0486 0.0109 -0.3633 0.9303
1305031470.7277 -0.5670 0.3080 0.4975 -0.0510 0.0087 -0.3615 0.9310
1305031470.7597 -0.5705 0.3122 0.4982 -0.0504 0.0098 -0.3611 0.9311
1305031470.7956 -0.5745 0.3196 0.5017 -0.0485 0.0128 -0.3575 0.9326
1305031470.8278 -0.5783 0.3295 0.5022 -0.0413 0.0128 -0.3525 0.9348
1305031470.8596 -0.5829 0.3333 0.5015 -0.0370 0.0100 -0.3431 0.9385
1305031470.8957 -0.5909 0.3478 0.5033 -0.0274 0.0096 -0.3380 0.9407
1305031470.9277 -0.5994 0.3543 0.5035 -0.0215 0.0072 -0.3352 0.9419
1305031470.9596 -0.6137 0.3609 0.5043 -0.0116 0.0059 -0.3321 0.9432
1305031470.9960 -0.6223 0.3566 0.4991 -0.0090 0.0049 -0.3309 0.9436
1305031471.0276 -0.6272 0.3553 0.4981 -0.0002 0.0020 -0.3294 0.9442
1305031471.0596 -0.6343 0.3510 0.4947 0.0061 0.0006 -0.3253 0.9456
1305031471.0958 -0.6373 0.3552 0.4898 0.0166 -0.0022 -0.3190 0.9476
1305031471.1277 -0.6460 0.3523 0.4856 0.0194 -0.0030 -0.3112 0.9502
1305031471.1596 -0.6488 0.3555 0.4856 0.0258 -0.0050 -0.3037 0.9524
1305031471.1957 -0.6520 0.3537 0.4845 0.0261 -0.0053 -0.2994 0.9538
1305031471.2276 -0.6538 0.3557 0.4840 0.0278 -0.0048 -0.2963 0.9547
1305031471.2597 -0.6575 0.3577 0.4840 0.0283 -0.0032 -0.2934 0.9556
1305031471.2961 -0.6643 0.3577 0.4838 0.0282 0.0002 -0.2914 0.9562
1305031471.3276 -0.6633 0.3589 0.4827 0.0329 -0.0011 -0.2873 0.9573
1305031471.3596 -0.6622 0.3613 0.4831 0.0359 0.0010 -0.2850 0.9579
1305031471.3957 -0.6690 0.3590 0.4828 0.0351 0.0064 -0.2801 0.9593
1305031471.4277 -0.6766 0.3560 0.4789 0.0340 0.0093 -0.2761 0.9605
1305031471.4596 -0.6788 0.3580 0.4772 0.0350 0.0088 -0.2734 0.9612
1305031471.4965 -0.6883 0.3567 0.4741 0.0311 0.0125 -0.2686 0.9627
1305031471.5276 -0.6939 0.3574 0.4713 0.0304 0.0149 -0.2662 0.9633
1305031471.5597 -0.6973 0.3566 0.4704 0.0285 0.0168 -0.2647 0.9637
1305031471.5957 -0.6990 0.3590 0.4694 0.0301 0.0197 -0.2633 0.9640
1305031471.6276 -0.7005 0.3628 0.4671 0.0329 0.0226 -0.2622 0.9642
1305031471.6596 -0.7038 0.3641 0.4645 0.0342 0.0265 -0.2601 0.9646
1305031471.6956 -0.7071 0.3643 0.4624 0.0339 0.0297 -0.2565 0.9655
1305031471.7275 -0.7148 0.3652 0.4579 0.0332 0.0370 -0.2549 0.9657
1305031471.7597 -0.7180 0.3666 0.4532 0.0345 0.0425 -0.2466 0.9676
1305031471.7958 -0.7275 0.3593 0.4462 0.0287 0.0525 -0.2390 0.9692
1305031471.8276 -0.7274 0.3622 0.4459 0.0281 0.0546 -0.2363 0.9698
1305031471.8597 -0.7227 0.3696 0.4474 0.0285 0.0553 -0.2276 0.9718
1305031471.8956 -0.7265 0.3666 0.4460 0.0219 0.0597 -0.2222 0.9729
1305031471.9277 -0.7276 0.3632 0.4439 0.0147 0.0643 -0.2111 0.9752
1305031471.9596 -0.7294 0.3703 0.4527 0.0180 0.0720 -0.2080 0.9753
1305031471.9956 -0.7291 0.3789 0.4447 0.0231 0.0772 -0.2087 0.9747
1305031472.0276 -0.7273 0.3810 0.4428 0.0181 0.0789 -0.2022 0.9760
1305031472.0597 -0.7233 0.3871 0.4525 0.0177 0.0800 -0.1945 0.9775
1305031472.0956 -0.7245 0.3851 0.4522 0.0160 0.0819 -0.1881 0.9786
1305031472.1276 -0.7258 0.3888 0.4489 0.0141 0.0820 -0.1859 0.9790
1305031472.1596 -0.7282 0.3905 0.4617 0.0094 0.0840 -0.1755 0.9808
1305031472.1957 -0.7254 0.3935 0.4642 0.0158 0.0804 -0.1675 0.9825
1305031472.2276 -0.7223 0.3956 0.4677 0.0181 0.0781 -0.1606 0.9838
1305031472.2638 -0.7228 0.3970 0.4704 0.0219 0.0782 -0.1589 0.9839
1305031472.2957 -0.7267 0.3933 0.4709 0.0275 0.0794 -0.1575 0.9839
1305031472.3277 -0.7252 0.3888 0.4688 0.0286 0.0772 -0.1507 0.9851
1305031472.3636 -0.7239 0.3916 0.4703 0.0304 0.0761 -0.1443 0.9861
1305031472.3956 -0.7230 0.3951 0.4749 0.0335 0.0743 -0.1426 0.9864
1305031472.4277 -0.7118 0.3796 0.4703 0.0230 0.0594 -0.1278 0.9897
1305031472.4636 -0.7095 0.3483 0.4648 0.0016 0.0529 -0.1174 0.9917
1305031472.4956 -0.7102 0.3291 0.4656 -0.0131 0.0539 -0.1169 0.9916
1305031472.5276 -0.7092 0.3258 0.4667 -0.0140 0.0535 -0.1161 0.9917
1305031472.5636 -0.7115 0.3168 0.4664 -0.0115 0.0535 -0.1145 0.9919
1305031472.5957 -0.7115 0.3192 0.4636 -0.0047 0.0526 -0.1149 0.9920
1305031472.6277 -0.7115 0.3163 0.4637 -0.0058 0.0523 -0.1150 0.9920
1305031472.6636 -0.7107 0.3119 0.4644 -0.0068 0.0511 -0.1135 0.9922
1305031472.6958 -0.7097 0.3057 0.4672 -0.0075 0.0500 -0.1110 0.9925
1305031472.7276 -0.7087 0.3035 0.4679 -0.0062 0.0492 -0.1107 0.9926
1305031472.7636 -0.7087 0.2994 0.4689 -0.0048 0.0493 -0.1108 0.9926
1305031472.7956 -0.7086 0.2924 0.4678 -0.0038 0.0494 -0.1131 0.9924
1305031472.8276 -0.7074 0.2924 0.4685 0.0003 0.0490 -0.1140 0.9923
1305031472.8636 -0.7081 0.2897 0.4665 0.0000 0.0488 -0.1136 0.9923
1305031472.8957 -0.7076 0.2891 0.4679 0.0001 0.0469 -0.1122 0.9926
1305031472.9277 -0.7083 0.2867 0.4707 -0.0008 0.0472 -0.1116 0.9926
1305031472.9638 -0.7073 0.2854 0.4713 -0.0008 0.0468 -0.1111 0.9927
1305031472.9957 -0.7086 0.2871 0.4724 0.0002 0.0471 -0.1104 0.9928
1305031473.0276 -0.7084 0.2865 0.4734 -0.0005 0.0462 -0.1106 0.9928
1305031473.0637 -0.7074 0.2858 0.4741 -0.0010 0.0455 -0.1113 0.9927
1305031473.0957 -0.7069 0.2840 0.4728 -0.0015 0.0459 -0.1123 0.9926
1305031473.1277 -0.7065 0.2833 0.4726 -0.0020 0.0457 -0.1126 0.9926
1305031473.1671 -0.7062 0.2819 0.4739 -0.0020 0.0450 -0.1135 0.9925
1305031473.1961 -0.7078 0.2807 0.4748 -0.0022 0.0458 -0.1134 0.9925
