1305031453.3917 0.0000 0.0000 0.0000 0.0000 0.0000 0.0000 1.0000
1305031453.5237 0.0129 0.0158 -0.0422 0.0160 0.0213 0.0356 0.9990
1305031453.6277 0.0129 0.0339 -0.0881 0.0368 0.0270 0.0508 0.9977
1305031453.7277 0.0054 0.0487 -0.1335 0.0515 0.0105 0.0420 0.9977
1305031453.8597 -0.0202 0.0652 -0.1735 0.0614 -0.0300 0.0167 0.9975
1305031453.9277 -0.0390 0.0745 -0.1878 0.0586 -0.0657 0.0067 0.9961
1305031453.9596 -0.0426 0.0751 -0.1883 0.0567 -0.0827 0.0003 0.9950
1305031453.9916 -0.0544 0.0772 -0.1860 0.0568 -0.0939 -0.0089 0.9939
1305031454.0277 -0.0746 0.0831 -0.1844 0.0596 -0.1037 -0.0135 0.9927
1305031454.0597 -0.0857 0.0923 -0.1844 0.0631 -0.1136 -0.0200 0.9913
1305031454.0917 -0.1018 0.1048 -0.1710 0.0683 -0.1239 -0.0275 0.9896
1305031454.1277 -0.1200 0.1139 -0.1634 0.0746 -0.1352 -0.0369 0.9873
1305031454.1597 -0.1438 0.1234 -0.1635 0.0778 -0.1443 -0.0457 0.9854
1305031454.1917 -0.1576 0.1241 -0.1617 0.0768 -0.1589 -0.0550 0.9828
1305031454.2277 -0.1722 0.1348 -0.1507 0.0847 -0.1749 -0.0717 0.9783
1305031454.2596 -0.1796 0.1266 -0.1620 0.0845 -0.1869 -0.0853 0.9750
1305031454.2916 -0.1878 0.1327 -0.1590 0.0854 -0.1955 -0.0944 0.9724
1305031454.3277 -0.2023 0.1346 -0.1583 0.0861 -0.2037 -0.1052 0.9695
1305031454.3596 -0.2108 0.1376 -0.1675 0.0914 -0.2125 -0.1183 0.9656
1305031454.3917 -0.2204 0.1393 -0.1697 0.0915 -0.2209 -0.1275 0.9626
1305031454.4275 -0.2331 0.1439 -0.1753 0.0927 -0.2301 -0.1365 0.9591
1305031454.4599 -0.2397 0.1447 -0.1738 0.0949 -0.2410 -0.1491 0.9543
1305031454.4916 -0.2496 0.1515 -0.1692 0.0978 -0.2453 -0.1617 0.9509
1305031454.5277 -0.2561 0.1612 -0.1683 0.1001 -0.2514 -0.1747 0.9467
1305031454.5596 -0.2579 0.1664 -0.1617 0.0988 -0.2606 -0.1854 0.9423
1305031454.5916 -0.2668 0.1765 -0.1625 0.0995 -0.2696 -0.1975 0.9372
1305031454.6276 -0.2736 0.1814 -0.1636 0.0985 -0.2811 -0.2069 0.9319
1305031454.6595 -0.2799 0.1940 -0.1582 0.0971 -0.2932 -0.2112 0.9274
1305031454.6919 -0.2896 0.2065 -0.1542 0.0957 -0.3050 -0.2168 0.9224
1305031454.7277 -0.2945 0.2136 -0.1590 0.0944 -0.3152 -0.2223 0.9178
1305031454.7597 -0.2981 0.2187 -0.1498 0.0910 -0.3214 -0.2187 0.9168
1305031454.7916 -0.2986 0.2201 -0.1403 0.0846 -0.3259 -0.2119 0.9174
1305031454.8276 -0.2937 0.2283 -0.1411 0.0819 -0.3272 -0.2061 0.9186
1305031454.8596 -0.2967 0.2218 -0.1404 0.0722 -0.3254 -0.2045 0.9204
1305031454.8918 -0.2950 0.2207 -0.1401 0.0659 -0.3228 -0.1996 0.9228
1305031454.9276 -0.2945 0.2294 -0.1370 0.0626 -0.3203 -0.1927 0.9254
1305031454.9596 -0.2966 0.2339 -0.1383 0.0586 -0.3167 -0.1874 0.9280
1305031454.9919 -0.2997 0.2375 -0.1404 0.0549 -0.3147 -0.1827 0.9298
1305031455.0278 -0.3011 0.2435 -0.1414 0.0546 -0.3142 -0.1804 0.9305
1305031455.0596 -0.3028 0.2465 -0.1434 0.0525 -0.3126 -0.1779 0.9316
1305031455.0917 -0.3062 0.2505 -0.1466 0.0535 -0.3102 -0.1776 0.9324
1305031455.1277 -0.3098 0.2583 -0.1515 0.0551 -0.3066 -0.1773 0.9336
1305031455.1597 -0.3176 0.2608 -0.1556 0.0522 -0.3030 -0.1743 0.9355
1305031455.1917 -0.3220 0.2642 -0.1545 0.0486 -0.3025 -0.1691 0.9368
1305031455.2276 -0.3280 0.2662 -0.1581 0.0470 -0.3004 -0.1653 0.9382
1305031455.2596 -0.3325 0.2775 -0.1583 0.0461 -0.2984 -0.1589 0.9400
1305031455.2918 -0.3408 0.2731 -0.1595 0.0344 -0.2959 -0.1502 0.9427
1305031455.3278 -0.3509 0.2837 -0.1680 0.0310 -0.2928 -0.1403 0.9453
1305031455.3596 -0.3594 0.2959 -0.1603 0.0253 -0.2931 -0.1320 0.9466
1305031455.3917 -0.3638 0.2933 -0.1574 0.0127 -0.2912 -0.1230 0.9486
1305031455.4276 -0.3753 0.2991 -0.1633 0.0072 -0.2858 -0.1144 0.9514
1305031455.4596 -0.3874 0.2975 -0.1737 0.0024 -0.2813 -0.1096 0.9533
1305031455.4916 -0.4002 0.3014 -0.1840 -0.0007 -0.2768 -0.1023 0.9555
1305031455.5276 -0.4155 0.3018 -0.1928 -0.0047 -0.2730 -0.0933 0.9575
1305031455.5597 -0.4338 0.3070 -0.2050 -0.0056 -0.2722 -0.0816 0.9587
1305031455.5916 -0.4489 0.3083 -0.2204 -0.0091 -0.2721 -0.0713 0.9596
1305031455.6276 -0.4687 0.3071 -0.2334 -0.0128 -0.2675 -0.0637 0.9614
1305031455.6596 -0.4782 0.3058 -0.2453 -0.0110 -0.2658 -0.0586 0.9622
1305031455.6916 -0.4938 0.3044 -0.2625 -0.0089 -0.2612 -0.0601 0.9634
1305031455.7276 -0.5035 0.3023 -0.2698 -0.0078 -0.2589 -0.0631 0.9638
1305031455.7597 -0.5087 0.3004 -0.2744 -0.0071 -0.2569 -0.0647 0.9642
1305031455.7917 -0.5156 0.2917 -0.2835 -0.0077 -0.2540 -0.0642 0.9651
1305031455.8276 -0.5232 0.2863 -0.2988 -0.0076 -0.2513 -0.0641 0.9658
1305031455.8595 -0.5314 0.2842 -0.3076 -0.0069 -0.2496 -0.0656 0.9661
1305031455.8917 -0.5350 0.2810 -0.3173 -0.0072 -0.2481 -0.0657 0.9665
1305031455.9280 -0.5412 0.2774 -0.3254 -0.0082 -0.2458 -0.0663 0.9670
1305031455.9597 -0.5457 0.2763 -0.3331 -0.0073 -0.2438 -0.0678 0.9674
1305031455.9917 -0.5484 0.2751 -0.3375 -0.0084 -0.2420 -0.0684 0.9678
1305031456.0278 -0.5500 0.2819 -0.3412 -0.0093 -0.2396 -0.0708 0.9682
1305031456.0597 -0.5594 0.2663 -0.3467 -0.0206 -0.2356 -0.0786 0.9685
1305031456.0917 -0.5657 0.2599 -0.3504 -0.0243 -0.2329 -0.0819 0.9688
1305031456.1276 -0.5711 0.2564 -0.3548 -0.0250 -0.2302 -0.0826 0.9693
1305031456.1597 -0.5745 0.2519 -0.3545 -0.0255 -0.2277 -0.0826 0.9699
1305031456.1917 -0.5787 0.2367 -0.3638 -0.0248 -0.2217 -0.0797 0.9715
1305031456.2277 -0.5810 0.2406 -0.3685 -0.0216 -0.2151 -0.0771 0.9733
1305031456.2917 -0.5915 0.2219 -0.3662 -0.0251 -0.1975 -0.0702 0.9775
1305031456.3277 -0.5965 0.2187 -0.3688 -0.0220 -0.1888 -0.0621 0.9798
1305031456.3916 -0.6045 0.2031 -0.3615 -0.0238 -0.1707 -0.0517 0.9837
1305031456.4277 -0.6095 0.1962 -0.3588 -0.0222 -0.1645 -0.0423 0.9852
1305031456.4917 -0.6512 0.2131 -0.3564 -0.0238 -0.1543 -0.0300 0.9873
1305031456.5276 -0.6670 0.2199 -0.3502 -0.0258 -0.1537 -0.0249 0.9875
1305031456.5917 -0.6910 0.2318 -0.3400 -0.0236 -0.1487 -0.0163 0.9885
1305031456.6276 -0.6962 0.2461 -0.3327 -0.0339 -0.1469 -0.0112 0.9885
1305031456.6916 -0.7327 0.2284 -0.3141 -0.0498 -0.1365 0.0015 0.9894
1305031456.8276 -0.7987 0.2457 -0.2908 -0.0567 -0.1453 0.0310 0.9873
1305031457.0917 -0.8932 0.2566 -0.2549 -0.0888 -0.1143 0.0679 0.9871
1305031457.2917 -0.9509 0.2322 -0.2913 -0.0923 -0.0749 0.1032 0.9875
1305031457.3917 -0.9862 0.2222 -0.3258 -0.0874 -0.0406 0.1233 0.9877
1305031457.4917 -1.0271 0.2003 -0.3589 -0.0873 -0.0239 0.1365 0.9865
1305031457.5597 -1.0444 0.1935 -0.3841 -0.0789 -0.0154 0.1466 0.9859
1305031457.6596 -1.0806 0.1829 -0.4199 -0.0715 -0.0049 0.1597 0.9846
1305031457.7277 -1.1075 0.1517 -0.4318 -0.0820 -0.0003 0.1593 0.9838
1305031457.7916 -1.1166 0.1277 -0.4416 -0.0729 0.0051 0.1586 0.9846
1305031457.8277 -1.1220 0.1285 -0.4556 -0.0618 0.0106 0.1604 0.9851
1305031457.8916 -1.1459 0.1019 -0.4651 -0.0536 0.0274 0.1600 0.9853
1305031457.9276 -1.1598 0.1000 -0.4736 -0.0392 0.0332 0.1655 0.9849
1305031457.9916 -1.1892 0.0847 -0.4770 -0.0272 0.0390 0.1703 0.9842
1305031458.0278 -1.1894 0.0760 -0.4818 -0.0181 0.0408 0.1743 0.9837
1305031458.0597 -1.2019 0.0829 -0.4888 -0.0082 0.0454 0.1769 0.9831
1305031458.1276 -1.2188 0.0688 -0.4862 -0.0116 0.0508 0.1780 0.9826
1305031458.1596 -1.2280 0.0611 -0.4867 -0.0118 0.0528 0.1796 0.9823
1305031458.1916 -1.2465 0.0555 -0.4750 -0.0122 0.0546 0.1838 0.9814
1305031458.2276 -1.2631 0.0417 -0.4544 -0.0207 0.0540 0.1832 0.9814
1305031458.2599 -1.2881 0.0090 -0.4401 -0.0268 0.0562 0.1788 0.9819
1305031458.2917 -1.3157 0.0020 -0.4407 -0.0180 0.0556 0.1808 0.9818
1305031458.3276 -1.3345 0.0000 -0.4229 -0.0147 0.0512 0.1823 0.9818
1305031458.3596 -1.3452 -0.0283 -0.4075 -0.0139 0.0478 0.1830 0.9819
1305031458.3916 -1.3649 -0.0167 -0.3947 0.0024 0.0474 0.1889 0.9808
1305031458.4276 -1.3739 -0.0133 -0.3778 0.0109 0.0476 0.2000 0.9786
1305031458.4596 -1.3696 -0.0202 -0.3712 0.0213 0.0496 0.2063 0.9770
1305031458.4917 -1.3588 -0.0380 -0.3628 0.0339 0.0545 0.2079 0.9760
1305031458.5277 -1.3677 -0.0374 -0.3669 0.0487 0.0624 0.2093 0.9746
1305031458.5596 -1.3818 -0.0354 -0.3589 0.0541 0.0707 0.2056 0.9746
1305031458.5916 -1.3995 -0.0343 -0.3512 0.0629 0.0781 0.1975 0.9752
1305031458.6277 -1.4101 -0.0228 -0.3332 0.0672 0.0792 0.1956 0.9752
1305031458.6596 -1.4378 -0.0265 -0.3199 0.0619 0.0797 0.1950 0.9756
1305031458.6917 -1.4524 -0.0307 -0.2998 0.0576 0.0675 0.1846 0.9788
1305031458.7276 -1.4487 -0.0295 -0.2798 0.0595 0.0515 0.1805 0.9804
1305031458.7599 -1.4590 -0.0299 -0.2626 0.0651 0.0378 0.1725 0.9821
1305031458.7916 -1.4625 -0.0254 -0.2423 0.0667 0.0231 0.1662 0.9836
1305031458.8276 -1.4540 -0.0319 -0.2198 0.0599 0.0122 0.1655 0.9843
1305031458.8917 -1.4527 -0.0418 -0.1941 0.0641 0.0082 0.1561 0.9856
1305031458.9276 -1.4611 -0.0379 -0.1905 0.0645 0.0134 0.1577 0.9853
1305031458.9596 -1.4622 -0.0448 -0.1812 0.0552 0.0155 0.1669 0.9843
1305031458.9916 -1.4701 -0.0598 -0.1804 0.0535 0.0195 0.1703 0.9838
1305031459.0277 -1.4958 -0.0629 -0.1754 0.0643 0.0212 0.1707 0.9830
1305031459.0596 -1.5119 -0.0775 -0.1678 0.0689 0.0150 0.1824 0.9807
1305031459.1276 -1.4793 -0.0256 -0.1088 0.0820 0.0019 0.1781 0.9806
1305031459.1596 -1.4897 -0.0216 -0.1003 0.0932 -0.0243 0.1789 0.9791
1305031459.1917 -1.5011 -0.0173 -0.0848 0.1009 -0.0420 0.1843 0.9768
1305031459.2276 -1.5087 -0.0177 -0.0782 0.1036 -0.0545 0.1916 0.9745
1305031459.2598 -1.5120 -0.0163 -0.0659 0.1029 -0.0570 0.1981 0.9731
1305031459.3276 -1.5302 -0.0089 -0.0389 0.0970 -0.0259 0.2209 0.9701
1305031459.3597 -1.5423 -0.0016 -0.0328 0.0990 -0.0019 0.2406 0.9656
1305031459.3917 -1.5615 0.0137 -0.0245 0.0951 0.0264 0.2634 0.9596
1305031459.4276 -1.5534 0.0215 -0.0135 0.0782 0.0540 0.2952 0.9507
1305031459.4597 -1.5624 0.0249 -0.0149 0.0712 0.0876 0.3321 0.9364
1305031459.5276 -1.5875 0.0432 -0.0019 0.0499 0.1286 0.3897 0.9106
1305031459.5596 -1.5953 0.0288 -0.0036 0.0367 0.1428 0.4134 0.8985
1305031459.5917 -1.6022 0.0265 -0.0021 0.0311 0.1462 0.4340 0.8884
1305031459.6276 -1.6057 0.0267 0.0014 0.0279 0.1450 0.4451 0.8832
1305031459.6596 -1.6130 0.0274 0.0062 0.0284 0.1497 0.4451 0.8824
1305031459.6916 -1.6241 0.0189 0.0045 0.0217 0.1588 0.4508 0.8781
1305031459.7276 -1.6271 0.0047 0.0033 0.0140 0.1629 0.4534 0.8762
1305031459.7917 -1.6544 -0.0298 0.0023 0.0119 0.1730 0.4491 0.8765
1305031459.8277 -1.6644 -0.0456 0.0067 0.0101 0.1730 0.4489 0.8766
1305031459.8597 -1.6817 -0.0644 0.0093 0.0066 0.1742 0.4483 0.8767
1305031459.8916 -1.6872 -0.0875 0.0148 0.0001 0.1709 0.4538 0.8746
1305031459.9276 -1.6953 -0.1064 0.0196 -0.0024 0.1700 0.4558 0.8737
1305031459.9917 -1.7055 -0.1379 0.0332 -0.0098 0.1658 0.4663 0.8689
1305031460.0276 -1.7116 -0.1520 0.0401 -0.0111 0.1672 0.4681 0.8676
1305031460.0597 -1.7202 -0.1724 0.0428 -0.0129 0.1688 0.4712 0.8656
1305031460.0917 -1.7308 -0.1987 0.0443 -0.0141 0.1676 0.4776 0.8623
1305031460.1277 -1.7366 -0.2096 0.0517 -0.0082 0.1601 0.4828 0.8609
1305031460.1597 -1.7470 -0.2196 0.0591 -0.0016 0.1543 0.4871 0.8596
1305031460.1916 -1.7464 -0.2256 0.0720 -0.0012 0.1473 0.4939 0.8570
1305031460.2278 -1.7467 -0.2260 0.0789 0.0010 0.1475 0.4946 0.8565
1305031460.2917 -1.7508 -0.2411 0.0859 0.0044 0.1628 0.4935 0.8544
1305031460.3275 -1.7517 -0.2467 0.0858 0.0053 0.1679 0.4941 0.8530
1305031460.3916 -1.7582 -0.2568 0.0985 0.0021 0.1875 0.4979 0.8467
1305031460.4275 -1.7609 -0.2629 0.1017 0.0009 0.1963 0.5016 0.8425
1305031460.4596 -1.7597 -0.2554 0.1066 0.0003 0.2059 0.5027 0.8396
1305031460.4915 -1.7618 -0.2679 0.1068 -0.0093 0.2197 0.5076 0.8331
1305031460.5276 -1.7629 -0.2831 0.1081 -0.0195 0.2317 0.5141 0.8256
1305031460.5596 -1.7614 -0.2905 0.1120 -0.0256 0.2391 0.5170 0.8216
1305031460.5919 -1.7623 -0.3007 0.1164 -0.0303 0.2465 0.5173 0.8190
1305031460.6276 -1.7631 -0.3050 0.1206 -0.0320 0.2523 0.5186 0.8163
1305031460.6598 -1.7674 -0.3125 0.1241 -0.0335 0.2583 0.5172 0.8153
1305031460.6917 -1.7702 -0.3204 0.1271 -0.0362 0.2612 0.5176 0.8140
1305031460.7277 -1.7702 -0.3256 0.1308 -0.0392 0.2621 0.5172 0.8138
1305031460.7597 -1.7699 -0.3304 0.1341 -0.0408 0.2646 0.5157 0.8138
1305031460.7917 -1.7727 -0.3398 0.1381 -0.0433 0.2677 0.5153 0.8130
1305031460.8277 -1.7745 -0.3450 0.1447 -0.0459 0.2691 0.5138 0.8133
1305031460.8597 -1.7736 -0.3477 0.1480 -0.0486 0.2702 0.5125 0.8136
1305031460.8918 -1.7739 -0.3527 0.1522 -0.0519 0.2724 0.5106 0.8139
1305031460.9276 -1.7739 -0.3618 0.1579 -0.0559 0.2738 0.5104 0.8132
1305031460.9917 -1.7634 -0.3822 0.1724 -0.0612 0.2775 0.5124 0.8104
1305031461.0276 -1.7615 -0.3916 0.1810 -0.0611 0.2799 0.5137 0.8087
1305031461.0917 -1.7696 -0.4036 0.2002 -0.0572 0.2818 0.5105 0.8104
1305031461.1276 -1.7653 -0.4090 0.2071 -0.0586 0.2821 0.5089 0.8112
1305031461.1597 -1.7665 -0.4156 0.2170 -0.0563 0.2862 0.5063 0.8115
1305031461.1920 -1.7683 -0.4247 0.2234 -0.0564 0.2893 0.5023 0.8129
1305031461.2276 -1.7668 -0.4282 0.2279 -0.0563 0.2904 0.5012 0.8132
1305031461.2596 -1.7677 -0.4337 0.2350 -0.0551 0.2926 0.4977 0.8147
1305031461.2917 -1.7656 -0.4370 0.2412 -0.0538 0.2939 0.4924 0.8175
1305031461.3278 -1.7667 -0.4353 0.2462 -0.0513 0.2964 0.4887 0.8190
1305031461.3597 -1.7679 -0.4339 0.2518 -0.0534 0.2990 0.4860 0.8195
1305031461.3917 -1.7611 -0.4400 0.2577 -0.0597 0.2982 0.4857 0.8195
1305031461.4276 -1.7570 -0.4392 0.2605 -0.0594 0.2980 0.4846 0.8203
1305031461.4598 -1.7597 -0.4371 0.2638 -0.0598 0.2988 0.4841 0.8202
1305031461.4917 -1.7498 -0.4402 0.2629 -0.0626 0.2970 0.4854 0.8199
1305031461.5277 -1.7529 -0.4373 0.2655 -0.0567 0.3004 0.4823 0.8210
1305031461.5597 -1.7504 -0.4316 0.2654 -0.0563 0.3009 0.4789 0.8228
1305031461.5917 -1.7429 -0.4265 0.2499 -0.0576 0.3033 0.4767 0.8231
1305031461.6275 -1.7409 -0.4191 0.2498 -0.0592 0.3082 0.4762 0.8214
1305031461.6596 -1.7383 -0.4114 0.2450 -0.0600 0.3104 0.4750 0.8212
1305031461.6916 -1.7425 -0.4075 0.2506 -0.0611 0.3164 0.4778 0.8172
1305031461.7276 -1.7385 -0.3983 0.2507 -0.0613 0.3163 0.4812 0.8153
1305031461.7597 -1.7389 -0.3907 0.2458 -0.0610 0.3182 0.4825 0.8138
1305031461.7916 -1.7322 -0.3816 0.2429 -0.0653 0.3191 0.4867 0.8106
1305031461.8276 -1.7276 -0.3753 0.2349 -0.0694 0.3229 0.4897 0.8069
1305031461.8598 -1.7352 -0.3540 0.2357 -0.0650 0.3289 0.4939 0.8023
1305031461.8917 -1.7400 -0.3384 0.2374 -0.0673 0.3317 0.5052 0.7938
1305031461.9278 -1.7271 -0.3380 0.2454 -0.0807 0.3298 0.5162 0.7863
1305031461.9597 -1.7212 -0.3200 0.2348 -0.0849 0.3302 0.5172 0.7850
1305031461.9916 -1.7327 -0.3042 0.2312 -0.0902 0.3367 0.5239 0.7772
1305031462.0277 -1.7326 -0.3131 0.2434 -0.1080 0.3401 0.5334 0.7669
1305031462.0598 -1.7327 -0.3019 0.2415 -0.1106 0.3324 0.5460 0.7610
1305031462.0918 -1.7314 -0.2885 0.2372 -0.1112 0.3232 0.5582 0.7560
1305031462.1277 -1.7283 -0.2767 0.2341 -0.1138 0.3166 0.5690 0.7503
1305031462.1596 -1.7331 -0.2585 0.2284 -0.1112 0.3106 0.5753 0.7485
1305031462.1916 -1.7371 -0.2470 0.2286 -0.1119 0.3085 0.5742 0.7501
1305031462.2276 -1.7381 -0.2350 0.2251 -0.1171 0.3029 0.5746 0.7513
1305031462.2598 -1.7418 -0.2392 0.2310 -0.1288 0.3034 0.5702 0.7525
1305031462.2916 -1.7443 -0.2329 0.2348 -0.1358 0.2996 0.5664 0.7556
1305031462.3917 -1.7755 -0.1705 0.2398 -0.1349 0.2790 0.5566 0.7708
1305031462.4920 -1.8342 -0.1760 0.3136 -0.1593 0.2947 0.5381 0.7734
1305031462.6925 -1.8628 -0.1635 0.2974 -0.1765 0.2638 0.4929 0.8101
1305031462.8598 -1.8696 -0.1496 0.2780 -0.1938 0.2322 0.4559 0.8371
1305031462.9597 -1.8609 -0.1381 0.2548 -0.1976 0.2256 0.4440 0.8444
1305031463.0598 -1.8576 -0.1271 0.2142 -0.1853 0.2164 0.4281 0.8577
1305031463.1598 -1.8561 -0.0923 0.1784 -0.1671 0.2086 0.4020 0.8758
1305031463.2600 -1.8453 -0.0605 0.1493 -0.1570 0.2054 0.3852 0.8859
1305031463.3598 -1.8308 -0.0346 0.1157 -0.1444 0.1974 0.3744 0.8944
1305031463.4598 -1.8129 0.0019 0.0902 -0.1328 0.1934 0.3662 0.9005
1305031463.5277 -1.7927 0.0370 0.0720 -0.1266 0.1973 0.3587 0.9036
1305031463.6276 -1.7589 0.0759 0.0410 -0.1140 0.1937 0.3525 0.9084
1305031463.6598 -1.7474 0.0823 0.0222 -0.1050 0.1956 0.3481 0.9108
1305031463.7276 -1.7260 0.0873 -0.0053 -0.1040 0.1979 0.3395 0.9137
1305031463.7597 -1.7091 0.0874 -0.0245 -0.0986 0.1998 0.3302 0.9172
1305031463.7956 -1.6894 0.0817 -0.0506 -0.0977 0.1979 0.3214 0.9209
1305031463.8599 -1.6563 0.0792 -0.0800 -0.0957 0.1991 0.3004 0.9279
1305031463.8956 -1.6436 0.0787 -0.1026 -0.0914 0.1985 0.2905 0.9316
1305031463.9597 -1.6092 0.0713 -0.1358 -0.0888 0.1888 0.2801 0.9370
1305031463.9958 -1.6047 0.0694 -0.1469 -0.0820 0.1891 0.2719 0.9400
1305031464.0277 -1.6007 0.0686 -0.1599 -0.0793 0.1885 0.2624 0.9430
1305031464.0597 -1.5815 0.0491 -0.1759 -0.0854 0.1861 0.2507 0.9462
1305031464.0956 -1.5790 0.0419 -0.1914 -0.0809 0.1894 0.2388 0.9490
1305031464.1277 -1.5820 0.0314 -0.1974 -0.0801 0.1929 0.2320 0.9500
1305031464.1598 -1.5770 0.0283 -0.2090 -0.0725 0.1903 0.2312 0.9514
1305031464.1956 -1.5699 0.0135 -0.2191 -0.0643 0.1861 0.2280 0.9535
1305031464.2276 -1.5704 0.0209 -0.2350 -0.0495 0.1773 0.2192 0.9581
1305031464.2596 -1.5752 0.0242 -0.2374 -0.0410 0.1656 0.2183 0.9609
1305031464.2957 -1.5751 0.0242 -0.2372 -0.0370 0.1524 0.2140 0.9642
1305031464.3279 -1.5551 0.0276 -0.2479 -0.0343 0.1355 0.2084 0.9680
1305031464.3597 -1.5500 0.0210 -0.2582 -0.0317 0.1295 0.2021 0.9702
1305031464.3956 -1.5422 0.0218 -0.2683 -0.0274 0.1262 0.1929 0.9727
1305031464.4276 -1.5385 0.0217 -0.2831 -0.0256 0.1266 0.1841 0.9744
1305031464.4597 -1.5350 0.0152 -0.2957 -0.0242 0.1262 0.1764 0.9759
1305031464.4956 -1.5272 0.0124 -0.3087 -0.0233 0.1248 0.1700 0.9772
1305031464.5276 -1.5195 0.0073 -0.3299 -0.0237 0.1245 0.1635 0.9784
1305031464.5597 -1.5053 0.0032 -0.3424 -0.0260 0.1216 0.1539 0.9802
1305031464.5957 -1.4853 -0.0129 -0.3728 -0.0258 0.1233 0.1397 0.9822
1305031464.6277 -1.4698 -0.0182 -0.3949 -0.0151 0.1341 0.1339 0.9818
1305031464.6597 -1.4584 -0.0266 -0.4090 -0.0064 0.1463 0.1239 0.9814
1305031464.6957 -1.4313 -0.0366 -0.4298 0.0056 0.1520 0.1083 0.9824
1305031464.7277 -1.4274 -0.0327 -0.4317 0.0256 0.1581 0.0915 0.9828
1305031464.7597 -1.4298 -0.0339 -0.4382 0.0376 0.1595 0.0755 0.9836
1305031464.7960 -1.4287 -0.0406 -0.4438 0.0442 0.1556 0.0563 0.9852
1305031464.8278 -1.4315 -0.0308 -0.4330 0.0586 0.1449 0.0399 0.9869
1305031464.8597 -1.4349 -0.0145 -0.4285 0.0691 0.1306 0.0229 0.9888
1305031464.8958 -1.4275 -0.0114 -0.4143 0.0685 0.1155 0.0051 0.9909
1305031464.9278 -1.3998 -0.0330 -0.4141 0.0627 0.0997 -0.0148 0.9929
1305031464.9598 -1.3887 -0.0496 -0.4103 0.0637 0.0945 -0.0331 0.9929
1305031464.9957 -1.3872 -0.0397 -0.3957 0.0719 0.0959 -0.0520 0.9914
1305031465.0278 -1.3852 -0.0331 -0.3829 0.0766 0.0974 -0.0720 0.9897
1305031465.0597 -1.3933 -0.0195 -0.3634 0.0839 0.0962 -0.0920 0.9875
1305031465.0957 -1.3701 0.0181 -0.3502 0.0855 0.0818 -0.1065 0.9873
1305031465.1277 -1.3524 0.0281 -0.3237 0.0698 0.0685 -0.1211 0.9878
1305031465.1598 -1.3408 0.0309 -0.2968 0.0532 0.0572 -0.1294 0.9885
1305031465.1956 -1.3210 0.0180 -0.2762 0.0363 0.0448 -0.1383 0.9887
1305031465.2279 -1.3112 0.0207 -0.2547 0.0236 0.0382 -0.1463 0.9882
1305031465.2956 -1.2970 0.0302 -0.2181 0.0063 0.0242 -0.1418 0.9896
1305031465.3599 -1.2772 0.0421 -0.1844 -0.0063 -0.0003 -0.1183 0.9930
1305031465.3956 -1.2604 0.0470 -0.1771 -0.0062 -0.0173 -0.1102 0.9937
1305031465.4277 -1.2348 0.0492 -0.1730 -0.0052 -0.0307 -0.0999 0.9945
1305031465.4601 -1.2220 0.0601 -0.1726 -0.0023 -0.0378 -0.0899 0.9952
1305031465.4957 -1.2052 0.0715 -0.1709 -0.0037 -0.0453 -0.0792 0.9958
1305031465.5276 -1.1917 0.0652 -0.1699 -0.0079 -0.0520 -0.0760 0.9957
1305031465.5598 -1.1743 0.0719 -0.1715 -0.0033 -0.0586 -0.0720 0.9957
1305031465.5956 -1.1565 0.0763 -0.1764 -0.0008 -0.0629 -0.0663 0.9958
1305031465.6277 -1.1474 0.0851 -0.1766 0.0021 -0.0651 -0.0594 0.9961
1305031465.6601 -1.1359 0.0927 -0.1779 0.0046 -0.0708 -0.0533 0.9961
1305031465.6957 -1.1160 0.0992 -0.1798 0.0082 -0.0774 -0.0483 0.9958
1305031465.7277 -1.1015 0.1088 -0.1836 0.0133 -0.0798 -0.0420 0.9958
1305031465.7598 -1.0890 0.1213 -0.1862 0.0190 -0.0825 -0.0363 0.9957
1305031465.7959 -1.0715 0.1317 -0.1860 0.0224 -0.0855 -0.0317 0.9956
1305031465.8280 -1.0543 0.1389 -0.1899 0.0280 -0.0887 -0.0276 0.9953
1305031465.8599 -1.0271 0.1553 -0.1983 0.0377 -0.0919 -0.0234 0.9948
1305031465.8955 -1.0027 0.1674 -0.2050 0.0402 -0.0875 -0.0225 0.9951
1305031465.9275 -0.9812 0.1751 -0.2016 0.0444 -0.0808 -0.0210 0.9955
1305031465.9597 -0.9558 0.1895 -0.2077 0.0536 -0.0751 -0.0209 0.9955
1305031465.9958 -0.9355 0.2008 -0.2152 0.0586 -0.0702 -0.0229 0.9955
1305031466.0276 -0.9148 0.2099 -0.2248 0.0612 -0.0703 -0.0237 0.9954
1305031466.0598 -0.8928 0.2296 -0.2275 0.0611 -0.0708 -0.0216 0.9954
1305031466.0958 -0.8845 0.2490 -0.2338 0.0581 -0.0707 -0.0223 0.9956
1305031466.1276 -0.8749 0.2714 -0.2382 0.0553 -0.0732 -0.0234 0.9955
1305031466.1604 -0.8671 0.2947 -0.2427 0.0535 -0.0758 -0.0219 0.9954
1305031466.1958 -0.8596 0.3171 -0.2484 0.0490 -0.0806 -0.0201 0.9953
1305031466.2280 -0.8423 0.3182 -0.2486 0.0347 -0.0897 -0.0238 0.9951
1305031466.2598 -0.8253 0.3125 -0.2552 0.0302 -0.0931 -0.0303 0.9947
1305031466.2957 -0.7998 0.3213 -0.2624 0.0341 -0.0921 -0.0412 0.9943
1305031466.3277 -0.7757 0.3206 -0.2803 0.0322 -0.0866 -0.0472 0.9946
1305031466.3598 -0.7671 0.3283 -0.2942 0.0295 -0.0755 -0.0546 0.9952
1305031466.3958 -0.7536 0.3146 -0.3103 0.0249 -0.0733 -0.0567 0.9954
1305031466.4278 -0.7440 0.3197 -0.3203 0.0291 -0.0750 -0.0598 0.9950
1305031466.4598 -0.7344 0.3285 -0.3298 0.0302 -0.0776 -0.0621 0.9946
1305031466.4958 -0.7224 0.3355 -0.3359 0.0284 -0.0795 -0.0630 0.9944
1305031466.5275 -0.6978 0.3296 -0.3462 0.0249 -0.0802 -0.0636 0.9944
1305031466.5604 -0.6779 0.3392 -0.3581 0.0252 -0.0761 -0.0647 0.9947
1305031466.5959 -0.6534 0.3505 -0.3601 0.0186 -0.0780 -0.0694 0.9944
1305031466.6275 -0.6313 0.3234 -0.3681 0.0052 -0.0768 -0.0749 0.9942
1305031466.6597 -0.6063 0.3197 -0.3752 0.0079 -0.0762 -0.0787 0.9939
1305031466.6958 -0.5893 0.3314 -0.3818 0.0105 -0.0775 -0.0839 0.9934
1305031466.7281 -0.5773 0.3328 -0.3840 0.0050 -0.0776 -0.0967 0.9923
1305031466.7596 -0.5558 0.3214 -0.3830 0.0039 -0.0798 -0.1024 0.9915
1305031466.7956 -0.5433 0.3205 -0.3936 0.0062 -0.0808 -0.1059 0.9911
1305031466.8279 -0.5311 0.3244 -0.3971 0.0047 -0.0839 -0.1071 0.9907
1305031466.8597 -0.5269 0.3227 -0.3967 0.0033 -0.0861 -0.1073 0.9905
1305031466.8957 -0.5155 0.3238 -0.3967 0.0046 -0.0958 -0.1060 0.9897
1305031466.9278 -0.5041 0.3219 -0.4002 0.0035 -0.1084 -0.1087 0.9881
1305031466.9597 -0.4933 0.3149 -0.4026 0.0017 -0.1147 -0.1116 0.9871
1305031466.9957 -0.4812 0.3128 -0.4079 0.0018 -0.1179 -0.1134 0.9865
1305031467.0278 -0.4702 0.3119 -0.4098 0.0019 -0.1207 -0.1156 0.9859
1305031467.0597 -0.4568 0.3103 -0.4159 0.0019 -0.1229 -0.1171 0.9855
1305031467.0957 -0.4446 0.3201 -0.4146 0.0035 -0.1239 -0.1204 0.9850
1305031467.1290 -0.4384 0.3180 -0.4142 0.0029 -0.1252 -0.1267 0.9840
1305031467.1597 -0.4308 0.3164 -0.4162 0.0035 -0.1268 -0.1315 0.9832
1305031467.1957 -0.4231 0.3169 -0.4192 0.0044 -0.1297 -0.1348 0.9823
1305031467.2277 -0.4139 0.3179 -0.4206 0.0054 -0.1340 -0.1382 0.9813
1305031467.2597 -0.4086 0.3205 -0.4188 0.0070 -0.1369 -0.1414 0.9804
1305031467.2958 -0.4024 0.3211 -0.4229 0.0081 -0.1393 -0.1467 0.9793
1305031467.3280 -0.3912 0.3242 -0.4294 0.0100 -0.1430 -0.1501 0.9782
1305031467.3597 -0.3810 0.3318 -0.4362 0.0101 -0.1470 -0.1523 0.9773
1305031467.3958 -0.3666 0.3403 -0.4316 0.0086 -0.1535 -0.1556 0.9758
1305031467.4278 -0.3596 0.3410 -0.4365 0.0085 -0.1563 -0.1584 0.9749
1305031467.4597 -0.3455 0.3387 -0.4392 0.0078 -0.1619 -0.1586 0.9740
1305031467.4961 -0.3325 0.3607 -0.4443 0.0101 -0.1666 -0.1638 0.9723
1305031467.5277 -0.3185 0.3572 -0.4472 0.0071 -0.1696 -0.1680 0.9711
1305031467.5598 -0.3087 0.3564 -0.4447 0.0077 -0.1709 -0.1694 0.9706
1305031467.5960 -0.3009 0.3546 -0.4474 0.0070 -0.1719 -0.1671 0.9708
1305031467.6275 -0.2942 0.3568 -0.4420 0.0088 -0.1749 -0.1660 0.9704
1305031467.6596 -0.2863 0.3567 -0.4413 0.0142 -0.1784 -0.1637 0.9701
1305031467.6959 -0.2843 0.3492 -0.4476 0.0142 -0.1787 -0.1663 0.9696
1305031467.7275 -0.2789 0.3474 -0.4397 0.0181 -0.1798 -0.1719 0.9684
1305031467.7599 -0.2802 0.3501 -0.4382 0.0251 -0.1790 -0.1758 0.9677
1305031467.7961 -0.2822 0.3491 -0.4393 0.0279 -0.1783 -0.1785 0.9672
1305031467.8278 -0.2858 0.3443 -0.4304 0.0315 -0.1778 -0.1803 0.9669
1305031467.8597 -0.2782 0.3588 -0.4248 0.0455 -0.1812 -0.1764 0.9664
1305031467.8959 -0.2757 0.3488 -0.4220 0.0474 -0.1856 -0.1772 0.9654
1305031467.9278 -0.2725 0.3435 -0.4069 0.0510 -0.1908 -0.1808 0.9635
1305031467.9598 -0.2696 0.3311 -0.4021 0.0559 -0.1939 -0.1841 0.9620
1305031467.9958 -0.2630 0.3329 -0.3991 0.0590 -0.1950 -0.1848 0.9614
1305031468.0281 -0.2610 0.3292 -0.3826 0.0592 -0.1953 -0.1880 0.9607
1305031468.0598 -0.2606 0.3174 -0.3650 0.0629 -0.1971 -0.1908 0.9596
1305031468.0959 -0.2596 0.3138 -0.3591 0.0643 -0.1984 -0.1921 0.9590
1305031468.1278 -0.2561 0.3086 -0.3464 0.0641 -0.2000 -0.1924 0.9586
1305031468.1599 -0.2552 0.3004 -0.3332 0.0653 -0.2013 -0.1941 0.9579
1305031468.1960 -0.2463 0.2935 -0.3205 0.0657 -0.2028 -0.1967 0.9570
1305031468.2282 -0.2364 0.2842 -0.2989 0.0654 -0.2043 -0.1971 0.9566
1305031468.2598 -0.2246 0.2731 -0.2804 0.0656 -0.2061 -0.1966 0.9563
1305031468.2958 -0.2158 0.2624 -0.2624 0.0662 -0.2053 -0.1973 0.9563
1305031468.3278 -0.2015 0.2346 -0.2416 0.0641 -0.2084 -0.1959 0.9561
1305031468.3598 -0.1915 0.2241 -0.2255 0.0678 -0.2082 -0.1914 0.9568
1305031468.4598 -0.1796 0.1764 -0.1911 0.0605 -0.2094 -0.1868 0.9579
1305031468.5278 -0.1780 0.1477 -0.1655 0.0599 -0.2082 -0.1933 0.9569
1305031468.5597 -0.1867 0.1315 -0.1723 0.0662 -0.2058 -0.2049 0.9546
1305031468.6596 -0.2052 0.0916 -0.1689 0.0626 -0.2069 -0.2125 0.9529
1305031468.6958 -0.2165 0.0743 -0.1643 0.0664 -0.2109 -0.2181 0.9506
1305031468.7278 -0.2233 0.0635 -0.1623 0.0710 -0.2148 -0.2193 0.9491
1305031468.7958 -0.2401 0.0310 -0.1520 0.0747 -0.2198 -0.2237 0.9466
1305031468.8292 -0.2501 0.0177 -0.1638 0.0823 -0.2190 -0.2314 0.9443
1305031468.9596 -0.2565 -0.0027 -0.1559 0.0771 -0.2023 -0.2323 0.9482
1305031469.0277 -0.2584 -0.0053 -0.1467 0.0460 -0.1955 -0.2412 0.9495
1305031469.1277 -0.2610 -0.0345 -0.1136 0.0074 -0.1893 -0.2668 0.9450
1305031469.1955 -0.2702 -0.0452 -0.0889 -0.0096 -0.1700 -0.2769 0.9457
1305031469.2596 -0.2773 -0.0523 -0.0604 -0.0194 -0.1634 -0.2834 0.9448
1305031469.2968 -0.2783 -0.0532 -0.0470 -0.0227 -0.1606 -0.2858 0.9445
1305031469.3276 -0.2780 -0.0478 -0.0364 -0.0246 -0.1587 -0.2870 0.9444
1305031469.3596 -0.2684 -0.0517 -0.0155 -0.0301 -0.1593 -0.2909 0.9429
1305031469.3957 -0.2701 -0.0495 -0.0013 -0.0289 -0.1468 -0.2962 0.9433
1305031469.4277 -0.2661 -0.0468 0.0123 -0.0262 -0.1377 -0.3022 0.9429
1305031469.4597 -0.2591 -0.0586 0.0254 -0.0304 -0.1341 -0.3089 0.9411
1305031469.4957 -0.2644 -0.0509 0.0343 -0.0296 -0.1297 -0.3108 0.9411
1305031469.5276 -0.2612 -0.0412 0.0476 -0.0303 -0.1316 -0.3084 0.9416
1305031469.5596 -0.2588 -0.0359 0.0607 -0.0362 -0.1334 -0.3088 0.9410
1305031469.6596 -0.2665 -0.0096 0.1032 -0.0586 -0.1262 -0.3078 0.9412
1305031469.7596 -0.2797 0.0397 0.1374 -0.0683 -0.1083 -0.2982 0.9459
1305031469.9279 -0.3209 0.1188 0.1936 -0.0923 -0.1070 -0.2861 0.9477
1305031470.0959 -0.3768 0.2088 0.2213 -0.0959 -0.1072 -0.2747 0.9507
1305031470.2600 -0.4315 0.2869 0.2221 -0.1081 -0.1085 -0.2576 0.9541
1305031470.4276 -0.4944 0.3661 0.2296 -0.1177 -0.1095 -0.2382 0.9578
1305031470.6277 -0.5599 0.4166 0.2217 -0.1162 -0.1149 -0.2265 0.9602
1305031470.8278 -0.6144 0.4527 0.2248 -0.1114 -0.1098 -0.2034 0.9665
1305031470.8596 -0.6235 0.4514 0.2227 -0.1103 -0.1098 -0.1988 0.9676
1305031470.8957 -0.6332 0.4592 0.2199 -0.1038 -0.1099 -0.1910 0.9699
1305031470.9277 -0.6422 0.4638 0.2187 -0.0973 -0.1129 -0.1863 0.9711
1305031470.9596 -0.6558 0.4676 0.2181 -0.0859 -0.1134 -0.1836 0.9727
1305031470.9960 -0.6597 0.4617 0.2142 -0.0821 -0.1159 -0.1832 0.9728
1305031471.0276 -0.6631 0.4607 0.2123 -0.0722 -0.1175 -0.1806 0.9738
1305031471.0596 -0.6684 0.4561 0.2098 -0.0649 -0.1172 -0.1760 0.9752
1305031471.0958 -0.6752 0.4611 0.2042 -0.0525 -0.1160 -0.1709 0.9770
1305031471.1277 -0.6802 0.4610 0.2006 -0.0461 -0.1172 -0.1612 0.9788
1305031471.1596 -0.6828 0.4629 0.1991 -0.0399 -0.1184 -0.1539 0.9802
1305031471.1957 -0.6843 0.4611 0.1982 -0.0396 -0.1187 -0.1503 0.9807
1305031471.2276 -0.6873 0.4617 0.1965 -0.0393 -0.1173 -0.1469 0.9814
1305031471.2597 -0.6917 0.4617 0.1958 -0.0393 -0.1158 -0.1448 0.9819
1305031471.2961 -0.6952 0.4600 0.1959 -0.0392 -0.1148 -0.1419 0.9824
1305031471.3276 -0.6939 0.4616 0.1954 -0.0348 -0.1149 -0.1380 0.9831
1305031471.3596 -0.6949 0.4628 0.1936 -0.0333 -0.1105 -0.1351 0.9841
1305031471.3957 -0.6988 0.4576 0.1929 -0.0360 -0.1065 -0.1310 0.9850
1305031471.4277 -0.7025 0.4555 0.1881 -0.0350 -0.1043 -0.1268 0.9858
1305031471.4965 -0.7110 0.4536 0.1821 -0.0376 -0.1033 -0.1193 0.9868
1305031471.5276 -0.7139 0.4537 0.1799 -0.0377 -0.1024 -0.1166 0.9872
1305031471.5597 -0.7151 0.4544 0.1782 -0.0377 -0.1015 -0.1158 0.9874
1305031471.5957 -0.7163 0.4543 0.1774 -0.0381 -0.0991 -0.1143 0.9878
1305031471.6276 -0.7181 0.4561 0.1753 -0.0367 -0.0958 -0.1132 0.9883
1305031471.6596 -0.7207 0.4582 0.1720 -0.0342 -0.0920 -0.1111 0.9890
1305031471.7958 -0.7241 0.4542 0.1550 -0.0390 -0.0753 -0.0936 0.9920
1305031471.9956 -0.7341 0.4722 0.1471 -0.0519 -0.0465 -0.0660 0.9954
1305031472.2638 -0.7552 0.5294 0.1472 -0.0249 -0.0298 -0.0271 0.9989
1305031472.4636 -0.7626 0.5189 0.1419 -0.0137 -0.0321 -0.0204 0.9992
1305031472.6958 -0.7578 0.4987 0.1409 -0.0047 -0.0324 -0.0106 0.9994
1305031472.9638 -0.7539 0.4796 0.1468 0.0028 -0.0331 -0.0089 0.9994
