1305031453.4237 -0.0027 0.0044 -0.0081 0.0016 0.0060 0.0060 1.0000
1305031453.4597 0.0067 0.0051 -0.0199 0.0035 0.0110 0.0148 0.9998
1305031453.4917 0.0065 0.0123 -0.0315 0.0098 0.0189 0.0261 0.9994
1305031453.5237 0.0108 0.0185 -0.0546 0.0160 0.0233 0.0350 0.9990
1305031453.5598 0.0156 0.0158 -0.0666 0.0183 0.0235 0.0392 0.9988
1305031453.5916 0.0106 0.0252 -0.0817 0.0291 0.0295 0.0474 0.9980
1305031453.6277 0.0124 0.0290 -0.0948 0.0344 0.0279 0.0486 0.9978
1305031453.6596 -0.0033 0.0349 -0.1149 0.0398 0.0295 0.0471 0.9977
1305031453.6917 -0.0035 0.0475 -0.1319 0.0485 0.0224 0.0429 0.9977
1305031453.7277 -0.0120 0.0493 -0.1427 0.0496 0.0191 0.0405 0.9978
1305031453.7597 -0.0178 0.0492 -0.1498 0.0517 0.0095 0.0353 0.9980
1305031453.7917 -0.0325 0.0597 -0.1642 0.0576 0.0029 0.0240 0.9980
1305031453.8278 -0.0292 0.0716 -0.1750 0.0617 -0.0094 0.0183 0.9979
1305031453.8597 -0.0404 0.0737 -0.1812 0.0625 -0.0215 0.0134 0.9977
1305031453.8917 -0.0461 0.0817 -0.1955 0.0624 -0.0392 0.0066 0.9973
1305031453.9277 -0.0620 0.0923 -0.2012 0.0612 -0.0558 0.0016 0.9966
1305031453.9596 -0.0677 0.1015 -0.2068 0.0619 -0.0715 -0.0051 0.9955
1305031453.9916 -0.0788 0.1096 -0.2036 0.0630 -0.0831 -0.0145 0.9944
1305031454.0277 -0.0799 0.1140 -0.2003 0.0657 -0.0990 -0.0211 0.9927
1305031454.0597 -0.0852 0.1243 -0.1987 0.0695 -0.1113 -0.0270 0.9910
1305031454.0917 -0.1010 0.1363 -0.1911 0.0742 -0.1218 -0.0337 0.9892
1305031454.1277 -0.1152 0.1425 -0.1802 0.0795 -0.1348 -0.0425 0.9868
1305031454.1597 -0.1213 0.1462 -0.1804 0.0798 -0.1502 -0.0502 0.9841
1305031454.1917 -0.1344 0.1504 -0.1775 0.0800 -0.1661 -0.0609 0.9810
1305031454.2277 -0.1589 0.1571 -0.1648 0.0868 -0.1783 -0.0760 0.9772
1305031454.2596 -0.1618 0.1556 -0.1677 0.0888 -0.1928 -0.0878 0.9732
1305031454.2916 -0.1656 0.1603 -0.1678 0.0885 -0.2031 -0.0960 0.9704
1305031454.3277 -0.1712 0.1674 -0.1610 0.0934 -0.2151 -0.1071 0.9662
1305031454.3596 -0.1770 0.1608 -0.1656 0.0932 -0.2272 -0.1167 0.9623
1305031454.3917 -0.1836 0.1615 -0.1632 0.0933 -0.2355 -0.1267 0.9590
1305031454.4275 -0.1876 0.1630 -0.1686 0.0943 -0.2481 -0.1356 0.9546
1305031454.4599 -0.1861 0.1623 -0.1725 0.0940 -0.2607 -0.1463 0.9496
1305031454.4916 -0.1892 0.1621 -0.1702 0.0955 -0.2665 -0.1581 0.9460
1305031454.5277 -0.1854 0.1705 -0.1643 0.0971 -0.2784 -0.1694 0.9404
1305031454.5596 -0.1876 0.1753 -0.1598 0.0951 -0.2874 -0.1792 0.9361
1305031454.5916 -0.1908 0.1828 -0.1644 0.0952 -0.2973 -0.1917 0.9305
1305031454.6276 -0.1959 0.1881 -0.1598 0.0948 -0.3108 -0.2009 0.9242
1305031454.6595 -0.1969 0.2066 -0.1606 0.0962 -0.3219 -0.2086 0.9185
1305031454.6919 -0.2065 0.2187 -0.1586 0.0933 -0.3340 -0.2123 0.9136
1305031454.7277 -0.2087 0.2182 -0.1675 0.0889 -0.3445 -0.2215 0.9079
1305031454.7597 -0.2156 0.2219 -0.1616 0.0822 -0.3496 -0.2175 0.9076
1305031454.7916 -0.2170 0.2216 -0.1631 0.0756 -0.3505 -0.2123 0.9090
1305031454.8276 -0.2191 0.2305 -0.1592 0.0720 -0.3509 -0.2050 0.9109
1305031454.8596 -0.2243 0.2291 -0.1464 0.0607 -0.3511 -0.1970 0.9134
1305031454.8918 -0.2256 0.2294 -0.1481 0.0548 -0.3469 -0.1920 0.9164
1305031454.9276 -0.2307 0.2363 -0.1457 0.0487 -0.3425 -0.1843 0.9200
1305031454.9596 -0.2330 0.2407 -0.1445 0.0442 -0.3399 -0.1792 0.9222
1305031454.9919 -0.2359 0.2399 -0.1467 0.0386 -0.3378 -0.1745 0.9241
1305031455.0278 -0.2368 0.2470 -0.1444 0.0388 -0.3382 -0.1715 0.9245
1305031455.0596 -0.2406 0.2527 -0.1467 0.0375 -0.3356 -0.1690 0.9260
1305031455.0917 -0.2430 0.2540 -0.1495 0.0374 -0.3340 -0.1689 0.9266
1305031455.1277 -0.2451 0.2603 -0.1541 0.0388 -0.3309 -0.1687 0.9277
1305031455.1597 -0.2522 0.2649 -0.1622 0.0375 -0.3259 -0.1668 0.9298
1305031455.1917 -0.2604 0.2695 -0.1684 0.0337 -0.3225 -0.1615 0.9321
1305031455.2276 -0.2672 0.2698 -0.1708 0.0316 -0.3206 -0.1581 0.9334
1305031455.2596 -0.2691 0.2795 -0.1709 0.0306 -0.3192 -0.1523 0.9349
1305031455.2918 -0.2749 0.2778 -0.1724 0.0186 -0.3169 -0.1413 0.9377
1305031455.3278 -0.2876 0.2845 -0.1904 0.0136 -0.3104 -0.1321 0.9413
1305031455.3596 -0.2903 0.3007 -0.1806 0.0082 -0.3128 -0.1213 0.9420
1305031455.3917 -0.2967 0.2943 -0.1784 -0.0072 -0.3101 -0.1123 0.9440
1305031455.4276 -0.3077 0.2942 -0.1868 -0.0153 -0.3036 -0.1043 0.9469
1305031455.4596 -0.3202 0.2934 -0.1958 -0.0200 -0.2993 -0.0990 0.9488
1305031455.4916 -0.3325 0.2959 -0.2094 -0.0231 -0.2939 -0.0927 0.9511
1305031455.5276 -0.3487 0.2897 -0.2235 -0.0300 -0.2890 -0.0843 0.9531
1305031455.5597 -0.3659 0.2933 -0.2394 -0.0317 -0.2874 -0.0729 0.9545
1305031455.5916 -0.3795 0.2979 -0.2521 -0.0336 -0.2878 -0.0615 0.9551
1305031455.6276 -0.3971 0.2977 -0.2601 -0.0365 -0.2851 -0.0531 0.9563
1305031455.6596 -0.4066 0.3018 -0.2643 -0.0328 -0.2862 -0.0414 0.9567
1305031455.6916 -0.4205 0.3021 -0.2797 -0.0294 -0.2829 -0.0418 0.9578
1305031455.7276 -0.4256 0.2983 -0.2852 -0.0289 -0.2822 -0.0440 0.9579
1305031455.7597 -0.4303 0.2952 -0.2896 -0.0291 -0.2805 -0.0448 0.9584
1305031455.7917 -0.4372 0.2841 -0.2980 -0.0312 -0.2776 -0.0439 0.9592
1305031455.8276 -0.4424 0.2818 -0.3101 -0.0288 -0.2757 -0.0450 0.9597
1305031455.8595 -0.4474 0.2769 -0.3174 -0.0297 -0.2752 -0.0442 0.9599
1305031455.8917 -0.4484 0.2734 -0.3235 -0.0303 -0.2753 -0.0439 0.9599
1305031455.9280 -0.4530 0.2687 -0.3305 -0.0316 -0.2734 -0.0437 0.9604
1305031455.9597 -0.4555 0.2671 -0.3358 -0.0312 -0.2723 -0.0440 0.9607
1305031455.9917 -0.4596 0.2644 -0.3407 -0.0326 -0.2698 -0.0451 0.9613
1305031456.0278 -0.4635 0.2725 -0.3513 -0.0317 -0.2658 -0.0490 0.9623
1305031456.0597 -0.4765 0.2501 -0.3565 -0.0451 -0.2608 -0.0595 0.9625
1305031456.0917 -0.4834 0.2443 -0.3591 -0.0484 -0.2580 -0.0631 0.9629
1305031456.1276 -0.4870 0.2398 -0.3622 -0.0498 -0.2560 -0.0631 0.9633
1305031456.1597 -0.4890 0.2326 -0.3612 -0.0513 -0.2543 -0.0637 0.9637
1305031456.1917 -0.4967 0.2273 -0.3627 -0.0471 -0.2482 -0.0617 0.9656
1305031456.2277 -0.5045 0.2313 -0.3692 -0.0439 -0.2384 -0.0583 0.9684
1305031456.2917 -0.5118 0.2135 -0.3636 -0.0472 -0.2217 -0.0507 0.9727
1305031456.3277 -0.5194 0.2082 -0.3616 -0.0456 -0.2127 -0.0425 0.9751
1305031456.3916 -0.5233 0.1860 -0.3511 -0.0503 -0.1963 -0.0340 0.9787
1305031456.4277 -0.5263 0.1822 -0.3503 -0.0471 -0.1899 -0.0229 0.9804
1305031456.4917 -0.5743 0.1975 -0.3538 -0.0495 -0.1770 -0.0111 0.9829
1305031456.5276 -0.6005 0.2085 -0.3501 -0.0495 -0.1731 -0.0063 0.9836
1305031456.5917 -0.6248 0.2196 -0.3453 -0.0477 -0.1676 0.0016 0.9847
1305031456.6276 -0.6297 0.2334 -0.3377 -0.0582 -0.1667 0.0045 0.9843
1305031456.6916 -0.6588 0.2189 -0.3185 -0.0727 -0.1595 0.0177 0.9844
1305031456.7277 -0.6842 0.2383 -0.3160 -0.0719 -0.1543 0.0284 0.9850
1305031456.7916 -0.7189 0.2276 -0.3045 -0.0768 -0.1631 0.0393 0.9828
1305031456.8276 -0.7360 0.2420 -0.3017 -0.0745 -0.1623 0.0462 0.9828
1305031456.8917 -0.7504 0.2331 -0.2761 -0.0891 -0.1647 0.0560 0.9807
1305031456.9277 -0.7670 0.2515 -0.2745 -0.0779 -0.1576 0.0632 0.9824
1305031456.9597 -0.7808 0.2616 -0.2745 -0.0790 -0.1517 0.0688 0.9829
1305031456.9917 -0.7946 0.2500 -0.2678 -0.0926 -0.1467 0.0701 0.9823
1305031457.0276 -0.8063 0.2473 -0.2677 -0.0951 -0.1423 0.0718 0.9826
1305031457.0917 -0.8197 0.2540 -0.2641 -0.1079 -0.1381 0.0785 0.9814
1305031457.1276 -0.8347 0.2453 -0.2637 -0.1129 -0.1301 0.0813 0.9817
1305031457.1917 -0.8561 0.2443 -0.2808 -0.1121 -0.1146 0.0963 0.9824
1305031457.2275 -0.8660 0.2388 -0.2862 -0.1164 -0.1086 0.0990 0.9823
1305031457.2917 -0.8795 0.2294 -0.3052 -0.1108 -0.0942 0.1161 0.9825
1305031457.3275 -0.8894 0.2325 -0.3122 -0.1079 -0.0867 0.1185 0.9833
1305031457.3917 -0.9141 0.2157 -0.3369 -0.1068 -0.0595 0.1342 0.9834
1305031457.4276 -0.9277 0.2142 -0.3469 -0.1053 -0.0517 0.1376 0.9835
1305031457.4917 -0.9556 0.1970 -0.3744 -0.1051 -0.0410 0.1481 0.9825
1305031457.5276 -0.9567 0.1989 -0.3853 -0.0998 -0.0403 0.1523 0.9825
1305031457.5597 -0.9638 0.1880 -0.4019 -0.0973 -0.0354 0.1584 0.9819
1305031457.5917 -0.9730 0.1836 -0.4110 -0.0964 -0.0315 0.1604 0.9818
1305031457.6275 -0.9840 0.1716 -0.4258 -0.0967 -0.0282 0.1651 0.9811
1305031457.6596 -0.9909 0.1694 -0.4346 -0.0950 -0.0266 0.1682 0.9808
1305031457.6916 -1.0144 0.1557 -0.4447 -0.1000 -0.0222 0.1695 0.9802
1305031457.7277 -1.0153 0.1430 -0.4508 -0.1029 -0.0224 0.1695 0.9799
1305031457.7596 -1.0185 0.1209 -0.4616 -0.1043 -0.0216 0.1708 0.9795
1305031457.7916 -1.0200 0.1035 -0.4669 -0.0980 -0.0177 0.1700 0.9804
1305031457.8277 -1.0320 0.1127 -0.4797 -0.0830 -0.0095 0.1728 0.9814
1305031457.8596 -1.0437 0.1117 -0.4866 -0.0795 -0.0026 0.1726 0.9818
1305031457.8916 -1.0538 0.0810 -0.4871 -0.0768 0.0065 0.1711 0.9822
1305031457.9276 -1.0657 0.0779 -0.4956 -0.0630 0.0127 0.1765 0.9822
1305031457.9916 -1.0955 0.0630 -0.5012 -0.0500 0.0185 0.1821 0.9818
1305031458.0278 -1.0962 0.0557 -0.5047 -0.0406 0.0207 0.1861 0.9815
1305031458.0597 -1.1083 0.0609 -0.5094 -0.0311 0.0257 0.1896 0.9810
1305031458.0917 -1.1160 0.0573 -0.5085 -0.0321 0.0283 0.1903 0.9808
1305031458.1276 -1.1241 0.0517 -0.5073 -0.0328 0.0309 0.1912 0.9805
1305031458.1596 -1.1342 0.0399 -0.5079 -0.0343 0.0331 0.1914 0.9804
1305031458.1916 -1.1451 0.0330 -0.5066 -0.0355 0.0337 0.1959 0.9794
1305031458.2276 -1.1577 0.0208 -0.4892 -0.0438 0.0310 0.1953 0.9793
1305031458.2599 -1.1651 0.0069 -0.4770 -0.0443 0.0270 0.1944 0.9796
1305031458.2917 -1.1854 -0.0046 -0.4724 -0.0372 0.0246 0.1928 0.9802
1305031458.3276 -1.2007 -0.0069 -0.4584 -0.0343 0.0179 0.1936 0.9803
1305031458.3596 -1.2025 -0.0322 -0.4391 -0.0327 0.0123 0.1972 0.9797
1305031458.3916 -1.2234 -0.0195 -0.4250 -0.0158 0.0118 0.2008 0.9794
1305031458.4276 -1.2309 -0.0115 -0.4095 -0.0068 0.0122 0.2127 0.9770
1305031458.4596 -1.2314 -0.0124 -0.3993 0.0058 0.0158 0.2151 0.9765
1305031458.4917 -1.2306 -0.0211 -0.3911 0.0217 0.0231 0.2153 0.9760
1305031458.5277 -1.2469 -0.0118 -0.3792 0.0395 0.0339 0.2159 0.9750
1305031458.5596 -1.2523 -0.0143 -0.3669 0.0436 0.0395 0.2125 0.9754
1305031458.5916 -1.2663 -0.0228 -0.3601 0.0497 0.0461 0.2052 0.9764
1305031458.6277 -1.2744 -0.0070 -0.3398 0.0548 0.0459 0.2043 0.9763
1305031458.6596 -1.2972 -0.0059 -0.3257 0.0501 0.0429 0.2004 0.9775
1305031458.6917 -1.3043 -0.0016 -0.3064 0.0489 0.0274 0.1923 0.9797
1305031458.7276 -1.3029 -0.0043 -0.2976 0.0488 0.0109 0.1867 0.9811
1305031458.7599 -1.3118 -0.0050 -0.2824 0.0550 -0.0027 0.1793 0.9822
1305031458.7916 -1.3156 0.0088 -0.2699 0.0594 -0.0194 0.1735 0.9829
1305031458.8276 -1.3141 0.0112 -0.2399 0.0564 -0.0289 0.1735 0.9828
1305031458.8917 -1.3137 0.0029 -0.2156 0.0627 -0.0330 0.1627 0.9841
1305031458.9276 -1.3255 0.0063 -0.2154 0.0626 -0.0257 0.1637 0.9842
1305031458.9596 -1.3282 -0.0010 -0.2048 0.0529 -0.0230 0.1738 0.9831
1305031458.9916 -1.3317 -0.0189 -0.1952 0.0499 -0.0209 0.1788 0.9824
1305031459.0277 -1.3544 -0.0163 -0.1798 0.0656 -0.0202 0.1777 0.9817
1305031459.0596 -1.3722 -0.0232 -0.1701 0.0730 -0.0266 0.1870 0.9793
1305031459.1276 -1.5346 0.0994 -0.1294 0.1394 0.0266 0.1251 0.9819
1305031459.1596 -1.5444 0.0961 -0.1150 0.1474 0.0004 0.1244 0.9812
1305031459.1917 -1.5511 0.0946 -0.1046 0.1519 -0.0192 0.1287 0.9798
1305031459.2276 -1.5547 0.0982 -0.0971 0.1555 -0.0342 0.1349 0.9780
1305031459.2598 -1.5584 0.0995 -0.0816 0.1556 -0.0368 0.1421 0.9769
1305031459.3276 -1.5736 0.1071 -0.0487 0.1518 -0.0069 0.1677 0.9741
1305031459.3597 -1.5810 0.1191 -0.0327 0.1569 0.0145 0.1862 0.9698
1305031459.3917 -1.5962 0.1332 -0.0233 0.1530 0.0405 0.2106 0.9647
1305031459.4276 -1.5904 0.1371 -0.0059 0.1397 0.0688 0.2445 0.9571
1305031459.4597 -1.6033 0.1353 -0.0001 0.1340 0.1039 0.2847 0.9435
1305031459.5276 -1.7767 0.1263 0.0874 0.1492 0.1873 0.2673 0.9334
1305031459.5596 -1.7835 0.1176 0.0863 0.1414 0.1990 0.2945 0.9239
1305031459.5917 -1.7950 0.1158 0.0886 0.1377 0.2035 0.3164 0.9163
1305031459.6276 -1.8026 0.1147 0.0932 0.1350 0.2039 0.3270 0.9128
1305031459.6596 -1.8086 0.1165 0.0985 0.1361 0.2082 0.3274 0.9116
1305031459.6916 -1.8258 0.1159 0.1043 0.1334 0.2204 0.3340 0.9067
1305031459.7276 -1.8353 0.1053 0.1045 0.1283 0.2262 0.3372 0.9048
1305031459.7917 -1.8688 0.0826 0.1090 0.1277 0.2365 0.3329 0.9039
1305031459.8277 -1.8865 0.0710 0.1152 0.1271 0.2387 0.3315 0.9038
1305031459.8597 -1.9076 0.0575 0.1205 0.1250 0.2405 0.3334 0.9030
1305031459.8916 -1.9193 0.0416 0.1291 0.1210 0.2389 0.3359 0.9030
1305031459.9276 -1.9340 0.0263 0.1345 0.1199 0.2387 0.3371 0.9028
1305031459.9917 -1.9487 0.0073 0.1486 0.1171 0.2329 0.3468 0.9010
1305031460.0276 -1.9572 -0.0040 0.1557 0.1166 0.2341 0.3493 0.8998
1305031460.0597 -1.9719 -0.0222 0.1582 0.1150 0.2365 0.3523 0.8982
1305031460.0917 -1.9878 -0.0420 0.1638 0.1147 0.2349 0.3565 0.8970
1305031460.1277 -1.9950 -0.0527 0.1681 0.1192 0.2255 0.3617 0.8967
1305031460.1597 -2.0065 -0.0600 0.1754 0.1259 0.2183 0.3663 0.8957
1305031460.1916 -2.0096 -0.0683 0.1862 0.1264 0.2123 0.3716 0.8949
1305031460.2278 -2.0074 -0.0724 0.1936 0.1274 0.2119 0.3728 0.8944
1305031460.2917 -2.0151 -0.0863 0.2014 0.1333 0.2271 0.3717 0.8902
1305031460.3275 -2.0121 -0.0944 0.2034 0.1335 0.2314 0.3729 0.8886
1305031460.3916 -2.0138 -0.0978 0.2117 0.1341 0.2473 0.3791 0.8815
1305031460.4275 -2.0124 -0.1030 0.2244 0.1345 0.2562 0.3833 0.8771
1305031460.4596 -2.0124 -0.0987 0.2327 0.1356 0.2676 0.3860 0.8724
1305031460.4915 -2.0135 -0.1063 0.2338 0.1286 0.2806 0.3918 0.8667
1305031460.5276 -2.0198 -0.1217 0.2346 0.1206 0.2937 0.4015 0.8591
1305031460.5596 -2.0188 -0.1314 0.2406 0.1156 0.3030 0.4058 0.8545
1305031460.5919 -2.0239 -0.1392 0.2487 0.1133 0.3120 0.4066 0.8512
1305031460.6276 -2.0247 -0.1418 0.2569 0.1134 0.3186 0.4079 0.8481
1305031460.6598 -2.0291 -0.1467 0.2611 0.1131 0.3244 0.4075 0.8461
1305031460.6917 -2.0345 -0.1547 0.2658 0.1108 0.3285 0.4085 0.8443
1305031460.7277 -2.0349 -0.1623 0.2677 0.1070 0.3297 0.4093 0.8440
1305031460.7597 -2.0352 -0.1693 0.2695 0.1046 0.3323 0.4085 0.8436
1305031460.7917 -2.0389 -0.1756 0.2742 0.1036 0.3352 0.4081 0.8428
1305031460.8277 -2.0412 -0.1775 0.2799 0.1030 0.3364 0.4064 0.8432
1305031460.8597 -2.0412 -0.1828 0.2847 0.0993 0.3391 0.4051 0.8432
1305031460.8918 -2.0408 -0.1898 0.2894 0.0955 0.3420 0.4041 0.8430
1305031460.9276 -2.0424 -0.1996 0.2935 0.0915 0.3440 0.4049 0.8422
1305031460.9917 -2.0387 -0.2189 0.3074 0.0892 0.3490 0.4050 0.8404
1305031461.0276 -2.0405 -0.2297 0.3141 0.0901 0.3519 0.4069 0.8381
1305031461.0917 -2.0424 -0.2411 0.3333 0.0932 0.3515 0.4029 0.8399
1305031461.1276 -2.0376 -0.2464 0.3373 0.0928 0.3509 0.4020 0.8406
1305031461.1597 -2.0350 -0.2538 0.3436 0.0949 0.3523 0.4009 0.8403
1305031461.1920 -2.0367 -0.2562 0.3485 0.0970 0.3544 0.3947 0.8421
1305031461.2276 -2.0384 -0.2633 0.3549 0.0963 0.3573 0.3928 0.8419
1305031461.2596 -2.0347 -0.2691 0.3577 0.0965 0.3572 0.3891 0.8436
1305031461.2917 -2.0349 -0.2711 0.3663 0.0989 0.3602 0.3824 0.8451
1305031461.3278 -2.0331 -0.2711 0.3693 0.1006 0.3620 0.3793 0.8455
1305031461.3597 -2.0336 -0.2729 0.3789 0.0979 0.3667 0.3764 0.8451
1305031461.3917 -2.0286 -0.2817 0.3824 0.0915 0.3674 0.3770 0.8453
1305031461.4276 -2.0231 -0.2829 0.3838 0.0915 0.3670 0.3760 0.8459
1305031461.4598 -2.0241 -0.2829 0.3876 0.0901 0.3684 0.3765 0.8452
1305031461.4917 -2.0155 -0.2892 0.3859 0.0869 0.3673 0.3776 0.8455
1305031461.5277 -2.0157 -0.2830 0.3861 0.0935 0.3680 0.3742 0.8460
1305031461.5597 -2.0102 -0.2757 0.3837 0.0940 0.3677 0.3710 0.8475
1305031461.5917 -2.0026 -0.2676 0.3727 0.0938 0.3705 0.3683 0.8475
1305031461.6275 -2.0002 -0.2624 0.3814 0.0938 0.3787 0.3686 0.8437
1305031461.6596 -1.9961 -0.2557 0.3781 0.0928 0.3817 0.3676 0.8429
1305031461.6916 -2.0003 -0.2510 0.3880 0.0938 0.3889 0.3708 0.8382
1305031461.7276 -1.9913 -0.2457 0.3875 0.0927 0.3875 0.3754 0.8369
1305031461.7597 -1.9911 -0.2383 0.3867 0.0928 0.3906 0.3756 0.8353
1305031461.7916 -1.9851 -0.2282 0.3843 0.0899 0.3924 0.3803 0.8326
1305031461.8276 -1.9814 -0.2208 0.3797 0.0881 0.3971 0.3842 0.8288
1305031461.8598 -1.9851 -0.2026 0.3841 0.0927 0.4027 0.3894 0.8232
1305031461.8917 -1.9887 -0.1912 0.3843 0.0897 0.4052 0.4029 0.8157
1305031461.9278 -1.9777 -0.1765 0.3825 0.0851 0.3991 0.4150 0.8131
1305031461.9597 -1.9721 -0.1658 0.3765 0.0784 0.4028 0.4183 0.8103
1305031461.9916 -1.9802 -0.1510 0.3802 0.0714 0.4109 0.4253 0.8032
1305031462.0277 -1.9817 -0.1542 0.3908 0.0594 0.4152 0.4387 0.7948
1305031462.0598 -1.9788 -0.1450 0.3870 0.0555 0.4057 0.4526 0.7921
1305031462.0918 -1.9739 -0.1387 0.3855 0.0509 0.3972 0.4657 0.7891
1305031462.1277 -1.9725 -0.1315 0.3877 0.0479 0.3935 0.4753 0.7855
1305031462.1596 -1.9737 -0.1136 0.3874 0.0504 0.3880 0.4827 0.7835
1305031462.1916 -1.9748 -0.0996 0.3896 0.0511 0.3865 0.4823 0.7845
1305031462.2276 -1.9798 -0.0956 0.3912 0.0418 0.3869 0.4826 0.7847
1305031462.2598 -1.9868 -0.0977 0.3989 0.0323 0.3907 0.4791 0.7854
1305031462.2916 -1.9900 -0.0965 0.4014 0.0219 0.3892 0.4765 0.7880
1305031462.3275 -1.9934 -0.0841 0.4074 0.0155 0.3882 0.4685 0.7934
1305031462.3597 -2.0038 -0.0622 0.4147 0.0166 0.3889 0.4594 0.7984
1305031462.3917 -2.0147 -0.0534 0.4282 0.0101 0.3898 0.4566 0.7997
1305031462.4276 -2.0401 -0.0436 0.4588 0.0077 0.4029 0.4426 0.8011
1305031462.4599 -2.0487 -0.0230 0.4701 0.0053 0.3989 0.4329 0.8084
1305031462.4920 -2.0428 0.0195 0.4685 0.0104 0.3796 0.4262 0.8211
1305031462.5277 -2.0476 -0.0085 0.4585 -0.0169 0.3757 0.4217 0.8251
1305031462.5599 -2.0572 -0.0039 0.4740 -0.0179 0.3754 0.4168 0.8277
1305031462.5919 -2.0611 0.0016 0.4719 -0.0206 0.3730 0.4083 0.8329
1305031462.6279 -2.0679 0.0151 0.4745 -0.0191 0.3724 0.3991 0.8376
1305031462.6597 -2.0712 0.0214 0.4730 -0.0208 0.3716 0.3863 0.8440
1305031462.6925 -2.0782 0.0147 0.4634 -0.0274 0.3715 0.3791 0.8471
1305031462.7277 -2.0865 0.0240 0.4673 -0.0265 0.3699 0.3664 0.8533
1305031462.7598 -2.0916 0.0379 0.4668 -0.0256 0.3646 0.3524 0.8615
1305031462.7919 -2.0900 0.0355 0.4561 -0.0348 0.3577 0.3474 0.8661
1305031462.8278 -2.0894 0.0494 0.4547 -0.0365 0.3509 0.3429 0.8706
1305031462.8598 -2.0907 0.0535 0.4466 -0.0434 0.3492 0.3357 0.8738
1305031462.8918 -2.0945 0.0600 0.4363 -0.0456 0.3515 0.3319 0.8742
1305031462.9276 -2.0919 0.0579 0.4309 -0.0501 0.3511 0.3308 0.8745
1305031462.9597 -2.0887 0.0655 0.4221 -0.0501 0.3479 0.3264 0.8774
1305031462.9955 -2.0853 0.0739 0.4173 -0.0469 0.3438 0.3223 0.8807
1305031463.0277 -2.0873 0.0793 0.4063 -0.0425 0.3425 0.3187 0.8828
1305031463.0598 -2.0911 0.0777 0.3927 -0.0430 0.3402 0.3119 0.8861
1305031463.0958 -2.0864 0.0913 0.3815 -0.0407 0.3341 0.2991 0.8929
1305031463.1275 -2.0845 0.0988 0.3733 -0.0380 0.3319 0.2928 0.8959
1305031463.1598 -2.0903 0.1006 0.3540 -0.0358 0.3330 0.2792 0.8999
1305031463.1957 -2.0882 0.1006 0.3428 -0.0396 0.3322 0.2732 0.9019
1305031463.2278 -2.0789 0.1171 0.3374 -0.0355 0.3293 0.2674 0.9049
1305031463.2600 -2.0800 0.1252 0.3257 -0.0306 0.3323 0.2605 0.9060
1305031463.2957 -2.0760 0.1286 0.3130 -0.0307 0.3300 0.2584 0.9074
1305031463.3277 -2.0672 0.1426 0.3081 -0.0262 0.3256 0.2538 0.9104
1305031463.3598 -2.0637 0.1541 0.2932 -0.0198 0.3219 0.2460 0.9140
1305031463.3956 -2.0603 0.1586 0.2848 -0.0179 0.3193 0.2441 0.9155
1305031463.4277 -2.0506 0.1757 0.2723 -0.0125 0.3149 0.2393 0.9184
1305031463.4598 -2.0396 0.1950 0.2714 -0.0064 0.3152 0.2361 0.9192
1305031463.4956 -2.0417 0.2067 0.2785 -0.0049 0.3259 0.2289 0.9172
1305031463.5277 -2.0355 0.2209 0.2688 -0.0003 0.3321 0.2249 0.9160
1305031463.5598 -2.0200 0.2339 0.2561 0.0076 0.3301 0.2234 0.9171
1305031463.5956 -2.0090 0.2419 0.2439 0.0088 0.3266 0.2232 0.9184
1305031463.6276 -1.9976 0.2448 0.2349 0.0087 0.3271 0.2210 0.9188
1305031463.6598 -1.9868 0.2384 0.2092 0.0126 0.3258 0.2191 0.9196
1305031463.6956 -1.9812 0.2448 0.1967 0.0156 0.3274 0.2149 0.9200
1305031463.7276 -1.9732 0.2413 0.1771 0.0124 0.3286 0.2085 0.9211
1305031463.7597 -1.9567 0.2375 0.1481 0.0164 0.3263 0.2022 0.9232
1305031463.7956 -1.9525 0.2330 0.1259 0.0183 0.3303 0.1907 0.9242
1305031463.8278 -1.9372 0.2273 0.1002 0.0130 0.3269 0.1775 0.9282
1305031463.8599 -1.9299 0.2208 0.0825 0.0151 0.3300 0.1704 0.9283
1305031463.8956 -1.9237 0.2168 0.0546 0.0186 0.3296 0.1592 0.9304
1305031463.9277 -1.9184 0.2139 0.0429 0.0169 0.3288 0.1501 0.9322
1305031463.9597 -1.9070 0.2078 0.0157 0.0195 0.3220 0.1449 0.9354
1305031463.9958 -1.9055 0.1995 0.0047 0.0203 0.3225 0.1338 0.9368
1305031464.0277 -1.9087 0.1939 -0.0159 0.0196 0.3216 0.1250 0.9384
1305031464.0597 -1.9016 0.1789 -0.0342 0.0155 0.3208 0.1142 0.9401
1305031464.0956 -1.9029 0.1799 -0.0476 0.0205 0.3239 0.0986 0.9407
1305031464.1277 -1.9097 0.1699 -0.0558 0.0200 0.3263 0.0916 0.9406
1305031464.1598 -1.9081 0.1670 -0.0612 0.0266 0.3241 0.0876 0.9416
1305031464.1956 -1.9038 0.1515 -0.0833 0.0333 0.3146 0.0833 0.9450
1305031464.2276 -1.9102 0.1551 -0.0996 0.0446 0.3041 0.0756 0.9486
1305031464.2596 -1.9174 0.1562 -0.1119 0.0488 0.2914 0.0733 0.9525
1305031464.2957 -1.9217 0.1522 -0.1160 0.0484 0.2784 0.0675 0.9569
1305031464.3279 -1.9051 0.1524 -0.1308 0.0484 0.2618 0.0607 0.9620
1305031464.3597 -1.9031 0.1421 -0.1401 0.0481 0.2565 0.0545 0.9638
1305031464.3956 -1.8981 0.1334 -0.1506 0.0487 0.2536 0.0449 0.9650
1305031464.4276 -1.8976 0.1381 -0.1615 0.0506 0.2543 0.0341 0.9652
1305031464.4597 -1.8998 0.1278 -0.1739 0.0495 0.2542 0.0254 0.9656
1305031464.4956 -1.8983 0.1304 -0.1849 0.0515 0.2533 0.0188 0.9658
1305031464.5276 -1.8992 0.1291 -0.2042 0.0513 0.2544 0.0100 0.9657
1305031464.5597 -1.8946 0.1185 -0.2213 0.0465 0.2531 0.0029 0.9663
1305031464.5957 -1.8836 0.1064 -0.2419 0.0466 0.2557 -0.0129 0.9655
1305031464.6277 -1.8735 0.1041 -0.2538 0.0597 0.2666 -0.0212 0.9617
1305031464.6597 -1.8707 0.0963 -0.2707 0.0698 0.2780 -0.0314 0.9575
1305031464.6957 -1.8594 0.0794 -0.2888 0.0801 0.2849 -0.0487 0.9540
1305031464.7277 -1.8471 0.0921 -0.2901 0.1009 0.2869 -0.0699 0.9501
1305031464.7597 -1.8403 0.0920 -0.2952 0.1121 0.2845 -0.0866 0.9482
1305031464.7960 -1.8457 0.0843 -0.2845 0.1150 0.2831 -0.1068 0.9462
1305031464.8278 -1.8443 0.0892 -0.2808 0.1251 0.2697 -0.1225 0.9469
1305031464.8597 -1.8424 0.0966 -0.2621 0.1290 0.2565 -0.1427 0.9472
1305031464.8958 -1.8179 0.0910 -0.2742 0.1229 0.2374 -0.1580 0.9506
1305031464.9278 -1.8023 0.0600 -0.2843 0.1121 0.2242 -0.1772 0.9517
1305031464.9598 -1.8011 0.0462 -0.2824 0.1112 0.2216 -0.1939 0.9492
1305031464.9957 -1.7852 0.0502 -0.2827 0.1160 0.2187 -0.2153 0.9447
1305031465.0278 -1.7806 0.0503 -0.2653 0.1172 0.2208 -0.2331 0.9398
1305031465.0597 -1.7727 0.0727 -0.2410 0.1236 0.2177 -0.2544 0.9341
1305031465.0957 -1.7293 0.1036 -0.2345 0.1222 0.2035 -0.2712 0.9328
1305031465.1277 -1.7062 0.0988 -0.2119 0.1010 0.1940 -0.2837 0.9336
1305031465.1598 -1.6823 0.0907 -0.1898 0.0813 0.1846 -0.2901 0.9355
1305031465.1956 -1.6641 0.0715 -0.1764 0.0622 0.1756 -0.2962 0.9368
1305031465.2279 -1.6388 0.0639 -0.1579 0.0464 0.1683 -0.2998 0.9379
1305031465.2598 -1.6294 0.0455 -0.1407 0.0276 0.1641 -0.2999 0.9394
1305031465.2956 -1.6145 0.0494 -0.1284 0.0250 0.1581 -0.2890 0.9439
1305031465.3277 -1.6040 0.0582 -0.1227 0.0156 0.1499 -0.2811 0.9478
1305031465.3599 -1.5933 0.0496 -0.1102 0.0081 0.1363 -0.2697 0.9532
1305031465.3956 -1.5679 0.0525 -0.1048 0.0087 0.1200 -0.2605 0.9580
1305031465.4277 -1.5430 0.0449 -0.1071 0.0084 0.1066 -0.2532 0.9615
1305031465.4601 -1.5328 0.0498 -0.1116 0.0104 0.1006 -0.2440 0.9645
1305031465.4957 -1.5126 0.0604 -0.1160 0.0106 0.0933 -0.2365 0.9671
1305031465.5276 -1.5013 0.0536 -0.1161 0.0072 0.0877 -0.2332 0.9684
1305031465.5598 -1.4838 0.0531 -0.1229 0.0104 0.0800 -0.2302 0.9698
1305031465.5956 -1.4674 0.0515 -0.1295 0.0124 0.0755 -0.2257 0.9712
1305031465.6277 -1.4567 0.0553 -0.1351 0.0154 0.0726 -0.2208 0.9725
1305031465.6601 -1.4439 0.0572 -0.1424 0.0175 0.0658 -0.2153 0.9742
1305031465.6957 -1.4211 0.0574 -0.1491 0.0207 0.0576 -0.2105 0.9757
1305031465.7277 -1.4049 0.0673 -0.1529 0.0279 0.0545 -0.2054 0.9768
1305031465.7598 -1.3887 0.0748 -0.1591 0.0335 0.0501 -0.1999 0.9780
1305031465.7959 -1.3701 0.0787 -0.1665 0.0371 0.0471 -0.1959 0.9788
1305031465.8280 -1.3532 0.0850 -0.1732 0.0442 0.0431 -0.1939 0.9791
1305031465.8599 -1.3269 0.0978 -0.1834 0.0552 0.0377 -0.1924 0.9790
1305031465.8955 -1.2998 0.1045 -0.1909 0.0597 0.0409 -0.1928 0.9786
1305031465.9275 -1.2803 0.1065 -0.1944 0.0652 0.0486 -0.1909 0.9782
1305031465.9597 -1.2558 0.1150 -0.2042 0.0755 0.0537 -0.1928 0.9768
1305031465.9958 -1.2338 0.1194 -0.2114 0.0812 0.0578 -0.1943 0.9759
1305031466.0276 -1.2124 0.1243 -0.2175 0.0845 0.0567 -0.1964 0.9752
1305031466.0598 -1.1870 0.1405 -0.2300 0.0859 0.0560 -0.1946 0.9755
1305031466.0958 -1.1764 0.1524 -0.2333 0.0822 0.0569 -0.1941 0.9759
1305031466.1276 -1.1592 0.1694 -0.2354 0.0782 0.0544 -0.1953 0.9761
1305031466.1604 -1.1457 0.1869 -0.2402 0.0752 0.0522 -0.1924 0.9770
1305031466.1958 -1.1280 0.1970 -0.2495 0.0662 0.0447 -0.1903 0.9785
1305031466.2280 -1.1107 0.1972 -0.2576 0.0517 0.0381 -0.1900 0.9797
1305031466.2598 -1.1019 0.1900 -0.2765 0.0464 0.0374 -0.1973 0.9785
1305031466.2957 -1.0778 0.1916 -0.2879 0.0486 0.0379 -0.2082 0.9761
1305031466.3277 -1.0597 0.1964 -0.3054 0.0514 0.0456 -0.2171 0.9737
1305031466.3598 -1.0503 0.2121 -0.3190 0.0524 0.0578 -0.2249 0.9713
1305031466.3958 -1.0393 0.1939 -0.3370 0.0478 0.0586 -0.2257 0.9713
1305031466.4278 -1.0345 0.2029 -0.3494 0.0532 0.0576 -0.2304 0.9699
1305031466.4598 -1.0272 0.2053 -0.3664 0.0516 0.0550 -0.2336 0.9694
1305031466.4958 -1.0111 0.2157 -0.3749 0.0509 0.0530 -0.2341 0.9694
1305031466.5275 -0.9899 0.2046 -0.3915 0.0480 0.0525 -0.2349 0.9694
1305031466.5604 -0.9641 0.2138 -0.4005 0.0517 0.0542 -0.2362 0.9688
1305031466.5959 -0.9482 0.2068 -0.4180 0.0391 0.0565 -0.2381 0.9688
1305031466.6275 -0.9308 0.1893 -0.4233 0.0314 0.0596 -0.2449 0.9672
1305031466.6597 -0.9128 0.1785 -0.4403 0.0332 0.0601 -0.2489 0.9661
1305031466.6958 -0.8964 0.1884 -0.4484 0.0354 0.0598 -0.2561 0.9642
1305031466.7281 -0.8803 0.1816 -0.4560 0.0272 0.0590 -0.2668 0.9616
1305031466.7596 -0.8614 0.1669 -0.4563 0.0268 0.0571 -0.2720 0.9602
1305031466.7956 -0.8532 0.1665 -0.4694 0.0295 0.0560 -0.2762 0.9590
1305031466.8279 -0.8385 0.1695 -0.4794 0.0283 0.0524 -0.2774 0.9589
1305031466.8597 -0.8356 0.1647 -0.4815 0.0257 0.0508 -0.2769 0.9592
1305031466.8957 -0.8219 0.1579 -0.4936 0.0247 0.0393 -0.2764 0.9599
1305031466.9278 -0.8057 0.1481 -0.5010 0.0205 0.0244 -0.2788 0.9598
1305031466.9597 -0.7971 0.1382 -0.5118 0.0175 0.0176 -0.2806 0.9595
1305031466.9957 -0.7902 0.1351 -0.5185 0.0169 0.0150 -0.2818 0.9592
1305031467.0278 -0.7816 0.1322 -0.5221 0.0165 0.0129 -0.2836 0.9587
1305031467.0597 -0.7707 0.1278 -0.5280 0.0159 0.0106 -0.2856 0.9582
1305031467.0957 -0.7567 0.1266 -0.5306 0.0155 0.0089 -0.2879 0.9575
1305031467.1290 -0.7513 0.1254 -0.5298 0.0148 0.0082 -0.2935 0.9558
1305031467.1597 -0.7421 0.1210 -0.5330 0.0147 0.0055 -0.2980 0.9544
1305031467.1957 -0.7380 0.1206 -0.5368 0.0143 0.0035 -0.3011 0.9535
1305031467.2277 -0.7303 0.1186 -0.5413 0.0137 -0.0013 -0.3047 0.9524
1305031467.2597 -0.7238 0.1173 -0.5434 0.0142 -0.0044 -0.3079 0.9513
1305031467.2958 -0.7134 0.1162 -0.5455 0.0149 -0.0092 -0.3115 0.9501
1305031467.3280 -0.7059 0.1125 -0.5561 0.0135 -0.0128 -0.3158 0.9486
1305031467.3597 -0.6950 0.1104 -0.5626 0.0109 -0.0181 -0.3178 0.9479
1305031467.3958 -0.6817 0.1138 -0.5635 0.0079 -0.0233 -0.3199 0.9471
1305031467.4278 -0.6745 0.1076 -0.5707 0.0058 -0.0271 -0.3212 0.9466
1305031467.4597 -0.6641 0.1032 -0.5756 0.0046 -0.0323 -0.3216 0.9463
1305031467.4961 -0.6497 0.0999 -0.5877 0.0001 -0.0386 -0.3239 0.9453
1305031467.5277 -0.6342 0.1081 -0.5861 0.0002 -0.0410 -0.3264 0.9444
1305031467.5598 -0.6266 0.1026 -0.5851 -0.0006 -0.0424 -0.3276 0.9439
1305031467.5960 -0.6216 0.0976 -0.5893 -0.0015 -0.0430 -0.3260 0.9444
1305031467.6275 -0.6145 0.0951 -0.5872 -0.0000 -0.0466 -0.3236 0.9450
1305031467.6596 -0.6121 0.0871 -0.5890 0.0027 -0.0503 -0.3238 0.9448
1305031467.6959 -0.6058 0.0814 -0.5899 0.0033 -0.0531 -0.3259 0.9439
1305031467.7275 -0.6035 0.0721 -0.5829 0.0040 -0.0546 -0.3307 0.9421
1305031467.7599 -0.6001 0.0683 -0.5823 0.0094 -0.0566 -0.3350 0.9405
1305031467.7961 -0.5977 0.0594 -0.5808 0.0102 -0.0588 -0.3371 0.9396
1305031467.8278 -0.6025 0.0455 -0.5702 0.0109 -0.0600 -0.3381 0.9391
1305031467.8597 -0.5923 0.0534 -0.5656 0.0240 -0.0656 -0.3376 0.9387
1305031467.8959 -0.5922 0.0400 -0.5662 0.0246 -0.0703 -0.3378 0.9383
1305031467.9278 -0.5920 0.0299 -0.5528 0.0254 -0.0758 -0.3430 0.9359
1305031467.9598 -0.5876 0.0271 -0.5438 0.0334 -0.0806 -0.3487 0.9332
1305031467.9958 -0.5819 0.0229 -0.5430 0.0346 -0.0824 -0.3491 0.9328
1305031468.0281 -0.5780 0.0151 -0.5277 0.0335 -0.0828 -0.3511 0.9321
1305031468.0598 -0.5784 -0.0036 -0.5156 0.0352 -0.0856 -0.3552 0.9302
1305031468.0959 -0.5724 -0.0115 -0.5143 0.0353 -0.0887 -0.3558 0.9297
1305031468.1278 -0.5708 -0.0177 -0.5018 0.0346 -0.0896 -0.3565 0.9293
1305031468.1599 -0.5660 -0.0304 -0.4908 0.0344 -0.0923 -0.3577 0.9286
1305031468.1960 -0.5577 -0.0421 -0.4804 0.0336 -0.0943 -0.3597 0.9277
1305031468.2282 -0.5493 -0.0557 -0.4665 0.0325 -0.0952 -0.3598 0.9276
1305031468.2598 -0.5363 -0.0716 -0.4501 0.0328 -0.0971 -0.3579 0.9281
1305031468.2958 -0.5274 -0.0948 -0.4389 0.0308 -0.0976 -0.3584 0.9279
1305031468.3278 -0.5188 -0.1215 -0.4206 0.0306 -0.1003 -0.3569 0.9282
1305031468.3598 -0.5114 -0.1409 -0.4108 0.0331 -0.0999 -0.3521 0.9300
1305031468.3959 -0.5082 -0.1483 -0.4050 0.0326 -0.0992 -0.3523 0.9300
1305031468.4280 -0.5064 -0.1640 -0.3848 0.0304 -0.0998 -0.3509 0.9306
1305031468.4598 -0.5074 -0.1912 -0.3786 0.0265 -0.1008 -0.3459 0.9325
1305031468.4958 -0.5030 -0.2009 -0.3685 0.0257 -0.1011 -0.3458 0.9325
1305031468.5278 -0.5129 -0.2159 -0.3528 0.0272 -0.0975 -0.3518 0.9306
1305031468.5597 -0.5266 -0.2333 -0.3536 0.0314 -0.0973 -0.3624 0.9264
1305031468.5958 -0.5314 -0.2341 -0.3544 0.0342 -0.0972 -0.3675 0.9243
1305031468.6276 -0.5364 -0.2439 -0.3507 0.0302 -0.0974 -0.3681 0.9242
1305031468.6596 -0.5527 -0.2600 -0.3467 0.0286 -0.0986 -0.3702 0.9232
1305031468.6958 -0.5687 -0.2707 -0.3462 0.0321 -0.1024 -0.3769 0.9200
1305031468.7278 -0.5763 -0.2832 -0.3440 0.0352 -0.1085 -0.3781 0.9187
1305031468.7596 -0.5797 -0.2946 -0.3359 0.0351 -0.1129 -0.3760 0.9190
1305031468.7958 -0.5933 -0.3065 -0.3354 0.0393 -0.1149 -0.3811 0.9165
1305031468.8292 -0.6109 -0.3150 -0.3394 0.0465 -0.1156 -0.3881 0.9131
1305031468.8597 -0.6114 -0.3163 -0.3364 0.0484 -0.1156 -0.3909 0.9119
1305031468.8959 -0.6078 -0.3257 -0.3183 0.0492 -0.1133 -0.3923 0.9115
1305031468.9281 -0.6103 -0.3296 -0.3270 0.0488 -0.1052 -0.3899 0.9135
1305031468.9596 -0.6152 -0.3232 -0.3206 0.0480 -0.0987 -0.3861 0.9159
1305031468.9957 -0.6117 -0.3131 -0.3171 0.0382 -0.0925 -0.3888 0.9159
1305031469.0277 -0.6163 -0.3194 -0.3044 0.0200 -0.0859 -0.3913 0.9160
1305031469.0598 -0.6346 -0.3368 -0.2836 0.0024 -0.0815 -0.3968 0.9143
1305031469.0957 -0.6332 -0.3370 -0.2751 -0.0080 -0.0783 -0.4063 0.9104
1305031469.1277 -0.6261 -0.3552 -0.2598 -0.0224 -0.0743 -0.4138 0.9071
1305031469.1597 -0.6268 -0.3638 -0.2417 -0.0318 -0.0644 -0.4178 0.9057
1305031469.1955 -0.6268 -0.3805 -0.2288 -0.0401 -0.0564 -0.4212 0.9043
1305031469.2278 -0.6353 -0.3783 -0.2262 -0.0445 -0.0461 -0.4213 0.9046
1305031469.2596 -0.6335 -0.3783 -0.2193 -0.0475 -0.0445 -0.4233 0.9036
1305031469.2968 -0.6297 -0.3783 -0.1946 -0.0522 -0.0394 -0.4259 0.9024
1305031469.3276 -0.6291 -0.3735 -0.1833 -0.0539 -0.0361 -0.4277 0.9016
1305031469.3596 -0.6152 -0.3791 -0.1656 -0.0603 -0.0358 -0.4322 0.8990
1305031469.3957 -0.6112 -0.3863 -0.1483 -0.0601 -0.0257 -0.4364 0.8974
1305031469.4277 -0.6128 -0.3761 -0.1361 -0.0555 -0.0116 -0.4434 0.8945
1305031469.4597 -0.6090 -0.3809 -0.1187 -0.0571 -0.0048 -0.4507 0.8908
1305031469.4957 -0.6108 -0.3750 -0.1056 -0.0570 -0.0002 -0.4522 0.8901
1305031469.5276 -0.6060 -0.3714 -0.0943 -0.0595 -0.0007 -0.4517 0.8902
1305031469.5596 -0.5925 -0.3639 -0.0823 -0.0623 -0.0030 -0.4495 0.8911
1305031469.5958 -0.5865 -0.3523 -0.0698 -0.0669 -0.0005 -0.4473 0.8919
1305031469.6278 -0.5859 -0.3500 -0.0528 -0.0777 0.0020 -0.4480 0.8906
1305031469.6596 -0.5829 -0.3266 -0.0350 -0.0785 0.0105 -0.4466 0.8912
1305031469.6956 -0.5784 -0.3163 -0.0247 -0.0803 0.0140 -0.4457 0.8915
1305031469.7277 -0.5757 -0.3052 -0.0125 -0.0842 0.0213 -0.4427 0.8924
1305031469.7596 -0.5760 -0.2945 0.0011 -0.0906 0.0290 -0.4376 0.8941
1305031469.7956 -0.5736 -0.2781 0.0192 -0.0950 0.0327 -0.4331 0.8957
1305031469.8275 -0.5758 -0.2680 0.0280 -0.1018 0.0329 -0.4320 0.8955
1305031469.8596 -0.5764 -0.2391 0.0478 -0.1033 0.0368 -0.4280 0.8971
1305031469.8958 -0.5761 -0.2289 0.0590 -0.1099 0.0355 -0.4246 0.8980
1305031469.9279 -0.5730 -0.2202 0.0718 -0.1161 0.0310 -0.4222 0.8985
1305031469.9598 -0.5779 -0.2035 0.0848 -0.1175 0.0304 -0.4203 0.8992
1305031469.9956 -0.5781 -0.1828 0.0946 -0.1189 0.0295 -0.4171 0.9006
1305031470.0277 -0.5824 -0.1755 0.0977 -0.1256 0.0259 -0.4167 0.9000
1305031470.0596 -0.5865 -0.1635 0.1050 -0.1300 0.0250 -0.4157 0.8998
1305031470.0959 -0.5934 -0.1379 0.1123 -0.1277 0.0290 -0.4139 0.9008
1305031470.1276 -0.5933 -0.1166 0.1117 -0.1269 0.0279 -0.4111 0.9023
1305031470.1596 -0.6007 -0.0934 0.1179 -0.1262 0.0303 -0.4071 0.9041
1305031470.1961 -0.6023 -0.0729 0.1208 -0.1264 0.0284 -0.4022 0.9064
1305031470.2276 -0.6141 -0.0782 0.1163 -0.1416 0.0265 -0.4041 0.9033
1305031470.2600 -0.6172 -0.0513 0.1236 -0.1388 0.0284 -0.3949 0.9077
1305031470.2957 -0.6224 -0.0309 0.1282 -0.1411 0.0297 -0.3951 0.9073
1305031470.3276 -0.6243 -0.0031 0.1299 -0.1373 0.0320 -0.3897 0.9101
1305031470.3596 -0.6332 0.0049 0.1333 -0.1475 0.0309 -0.3860 0.9101
1305031470.3958 -0.6377 0.0168 0.1351 -0.1511 0.0265 -0.3797 0.9123
1305031470.4276 -0.6440 0.0410 0.1418 -0.1465 0.0263 -0.3785 0.9136
1305031470.4597 -0.6493 0.0502 0.1411 -0.1475 0.0208 -0.3776 0.9139
1305031470.4957 -0.6574 0.0606 0.1425 -0.1480 0.0170 -0.3765 0.9144
1305031470.5277 -0.6642 0.0685 0.1431 -0.1490 0.0151 -0.3748 0.9149
1305031470.5597 -0.6743 0.0799 0.1441 -0.1488 0.0167 -0.3766 0.9142
1305031470.5958 -0.6803 0.0935 0.1438 -0.1457 0.0165 -0.3707 0.9171
1305031470.6277 -0.6884 0.1088 0.1471 -0.1445 0.0191 -0.3655 0.9193
1305031470.6597 -0.6966 0.1185 0.1500 -0.1450 0.0211 -0.3610 0.9210
1305031470.6956 -0.7059 0.1299 0.1513 -0.1450 0.0215 -0.3578 0.9222
1305031470.7277 -0.7129 0.1368 0.1548 -0.1455 0.0198 -0.3565 0.9227
1305031470.7597 -0.7188 0.1440 0.1541 -0.1431 0.0240 -0.3539 0.9240
1305031470.7956 -0.7206 0.1506 0.1570 -0.1412 0.0252 -0.3504 0.9256
1305031470.8278 -0.7261 0.1569 0.1581 -0.1375 0.0244 -0.3454 0.9280
1305031470.8596 -0.7324 0.1623 0.1597 -0.1323 0.0228 -0.3380 0.9315
1305031470.8957 -0.7392 0.1674 0.1576 -0.1284 0.0207 -0.3308 0.9347
1305031470.9277 -0.7427 0.1772 0.1614 -0.1209 0.0155 -0.3274 0.9370
1305031470.9596 -0.7542 0.1815 0.1591 -0.1106 0.0117 -0.3279 0.9381
1305031470.9960 -0.7588 0.1858 0.1567 -0.0992 0.0088 -0.3262 0.9400
1305031471.0276 -0.7608 0.1891 0.1546 -0.0865 0.0055 -0.3259 0.9414
1305031471.0596 -0.7670 0.1906 0.1530 -0.0746 0.0047 -0.3242 0.9430
1305031471.0958 -0.7700 0.1973 0.1492 -0.0607 0.0016 -0.3167 0.9466
1305031471.1277 -0.7719 0.2026 0.1463 -0.0508 -0.0023 -0.3102 0.9493
1305031471.1596 -0.7708 0.2036 0.1443 -0.0439 -0.0071 -0.3043 0.9515
1305031471.1957 -0.7727 0.2028 0.1426 -0.0428 -0.0075 -0.3007 0.9527
1305031471.2276 -0.7768 0.2059 0.1433 -0.0413 -0.0056 -0.2969 0.9540
1305031471.2597 -0.7784 0.2063 0.1443 -0.0413 -0.0059 -0.2961 0.9543
1305031471.2961 -0.7829 0.2053 0.1440 -0.0413 -0.0045 -0.2924 0.9554
1305031471.3276 -0.7780 0.2118 0.1435 -0.0316 -0.0064 -0.2899 0.9565
1305031471.3596 -0.7787 0.2127 0.1432 -0.0296 -0.0024 -0.2872 0.9574
1305031471.3957 -0.7861 0.2089 0.1427 -0.0314 0.0037 -0.2825 0.9588
1305031471.4277 -0.7918 0.2082 0.1409 -0.0302 0.0056 -0.2779 0.9601
1305031471.4596 -0.7938 0.2097 0.1388 -0.0294 0.0048 -0.2746 0.9611
1305031471.4965 -0.8023 0.2092 0.1353 -0.0323 0.0072 -0.2697 0.9624
1305031471.5276 -0.8042 0.2094 0.1339 -0.0325 0.0072 -0.2673 0.9630
1305031471.5597 -0.8035 0.2119 0.1325 -0.0308 0.0068 -0.2665 0.9633
1305031471.5957 -0.8054 0.2109 0.1309 -0.0311 0.0093 -0.2645 0.9638
1305031471.6276 -0.8080 0.2134 0.1285 -0.0287 0.0136 -0.2638 0.9641
1305031471.6596 -0.8079 0.2150 0.1240 -0.0252 0.0157 -0.2619 0.9646
1305031471.6956 -0.8096 0.2131 0.1179 -0.0256 0.0182 -0.2584 0.9655
1305031471.7275 -0.8112 0.2147 0.1135 -0.0253 0.0217 -0.2529 0.9669
1305031471.7597 -0.8118 0.2162 0.1128 -0.0239 0.0263 -0.2447 0.9690
1305031471.7958 -0.8160 0.2184 0.1086 -0.0222 0.0348 -0.2435 0.9690
1305031471.8276 -0.8187 0.2236 0.1050 -0.0218 0.0408 -0.2399 0.9697
1305031471.8597 -0.8137 0.2263 0.1080 -0.0237 0.0401 -0.2291 0.9723
1305031471.8956 -0.8152 0.2326 0.1069 -0.0238 0.0455 -0.2251 0.9730
1305031471.9277 -0.8153 0.2358 0.1081 -0.0272 0.0509 -0.2165 0.9746
1305031471.9596 -0.8215 0.2395 0.1147 -0.0259 0.0609 -0.2155 0.9743
1305031471.9956 -0.8194 0.2447 0.1076 -0.0237 0.0655 -0.2084 0.9756
1305031472.0276 -0.8178 0.2539 0.1069 -0.0233 0.0688 -0.2048 0.9761
1305031472.0597 -0.8212 0.2563 0.1128 -0.0256 0.0742 -0.2000 0.9766
1305031472.0956 -0.8225 0.2617 0.1130 -0.0236 0.0782 -0.1963 0.9771
1305031472.1276 -0.8219 0.2643 0.1104 -0.0253 0.0781 -0.1942 0.9775
1305031472.1596 -0.8299 0.2681 0.1222 -0.0266 0.0827 -0.1947 0.9770
1305031472.1957 -0.8321 0.2796 0.1270 -0.0170 0.0840 -0.1846 0.9791
1305031472.2276 -0.8343 0.2850 0.1299 -0.0132 0.0848 -0.1829 0.9794
1305031472.2638 -0.8391 0.2822 0.1272 -0.0109 0.0868 -0.1820 0.9794
1305031472.2957 -0.8376 0.2768 0.1216 -0.0068 0.0842 -0.1756 0.9808
1305031472.3277 -0.8362 0.2772 0.1223 -0.0035 0.0843 -0.1724 0.9814
1305031472.3636 -0.8385 0.2766 0.1227 -0.0043 0.0852 -0.1709 0.9816
1305031472.3956 -0.8403 0.2809 0.1272 -0.0012 0.0841 -0.1728 0.9814
1305031472.4277 -0.8389 0.2798 0.1318 -0.0010 0.0810 -0.1699 0.9821
1305031472.4636 -0.8393 0.2787 0.1311 0.0007 0.0811 -0.1700 0.9821
1305031472.4956 -0.8411 0.2713 0.1269 -0.0017 0.0824 -0.1706 0.9819
1305031472.5276 -0.8430 0.2650 0.1277 -0.0025 0.0831 -0.1763 0.9808
1305031472.5636 -0.8429 0.2571 0.1316 -0.0031 0.0814 -0.1734 0.9815
1305031472.5957 -0.8414 0.2560 0.1282 -0.0004 0.0792 -0.1715 0.9820
1305031472.6277 -0.8398 0.2565 0.1278 0.0021 0.0778 -0.1704 0.9823
1305031472.6636 -0.8417 0.2472 0.1286 -0.0000 0.0772 -0.1676 0.9828
1305031472.6958 -0.8428 0.2441 0.1294 0.0018 0.0771 -0.1690 0.9826
1305031472.7276 -0.8412 0.2447 0.1295 0.0060 0.0757 -0.1701 0.9825
1305031472.7636 -0.8406 0.2433 0.1286 0.0082 0.0754 -0.1699 0.9825
1305031472.7956 -0.8425 0.2312 0.1289 0.0043 0.0762 -0.1702 0.9825
1305031472.8276 -0.8430 0.2302 0.1298 0.0064 0.0770 -0.1702 0.9824
1305031472.8636 -0.8440 0.2299 0.1309 0.0090 0.0772 -0.1698 0.9824
1305031472.8957 -0.8447 0.2284 0.1314 0.0094 0.0764 -0.1676 0.9828
1305031472.9277 -0.8437 0.2240 0.1324 0.0078 0.0748 -0.1669 0.9831
1305031472.9638 -0.8429 0.2235 0.1313 0.0094 0.0742 -0.1651 0.9834
1305031472.9957 -0.8432 0.2217 0.1335 0.0074 0.0736 -0.1637 0.9837
1305031473.0276 -0.8436 0.2220 0.1352 0.0067 0.0735 -0.1645 0.9836
1305031473.0637 -0.8435 0.2196 0.1356 0.0050 0.0730 -0.1661 0.9834
1305031473.0957 -0.8437 0.2171 0.1342 0.0042 0.0735 -0.1676 0.9831
1305031473.1277 -0.8452 0.2196 0.1345 0.0063 0.0753 -0.1687 0.9828
1305031473.1671 -0.8447 0.2211 0.1349 0.0089 0.0742 -0.1695 0.9827
1305031473.1961 -0.8445 0.2213 0.1344 0.0110 0.0734 -0.1694 0.9827
