1305031453.3917 0.0000 0.0000 0.0000 0.0000 0.0000 0.0000 1.0000
1305031453.5237 0.0070 0.0191 -0.0383 0.0172 0.0239 0.0353 0.9989
1305031453.6277 0.0047 0.0287 -0.0818 0.0352 0.0303 0.0491 0.9977
1305031453.7277 -0.0102 0.0425 -0.1227 0.0488 0.0170 0.0385 0.9979
1305031453.8597 -0.0581 0.0451 -0.1616 0.0532 -0.0150 0.0092 0.9984
1305031453.9277 -0.0652 0.0517 -0.1723 0.0504 -0.0544 -0.0026 0.9972
1305031453.9596 -0.0693 0.0561 -0.1724 0.0489 -0.0714 -0.0085 0.9962
1305031453.9916 -0.0833 0.0644 -0.1613 0.0506 -0.0819 -0.0169 0.9952
1305031454.0277 -0.0950 0.0553 -0.1642 0.0490 -0.0936 -0.0244 0.9941
1305031454.0597 -0.1152 0.0623 -0.1687 0.0507 -0.1006 -0.0339 0.9931
1305031454.0917 -0.1337 0.0779 -0.1583 0.0567 -0.1104 -0.0432 0.9913
1305031454.1277 -0.1554 0.0871 -0.1510 0.0626 -0.1207 -0.0547 0.9892
1305031454.1597 -0.1777 0.0976 -0.1450 0.0653 -0.1320 -0.0641 0.9870
1305031454.1917 -0.1924 0.1048 -0.1423 0.0661 -0.1461 -0.0750 0.9842
1305031454.2277 -0.2007 0.1048 -0.1430 0.0700 -0.1632 -0.0944 0.9796
1305031454.2596 -0.2155 0.1122 -0.1460 0.0747 -0.1722 -0.1067 0.9764
1305031454.2916 -0.2234 0.1204 -0.1440 0.0752 -0.1806 -0.1159 0.9738
1305031454.3277 -0.2335 0.1224 -0.1506 0.0775 -0.1898 -0.1287 0.9703
1305031454.3596 -0.2443 0.1284 -0.1531 0.0845 -0.1983 -0.1435 0.9659
1305031454.3917 -0.2525 0.1419 -0.1431 0.0888 -0.2072 -0.1517 0.9624
1305031454.4275 -0.2613 0.1501 -0.1514 0.0915 -0.2176 -0.1620 0.9581
1305031454.4599 -0.2637 0.1517 -0.1564 0.0931 -0.2283 -0.1747 0.9533
1305031454.4916 -0.2691 0.1586 -0.1425 0.0964 -0.2344 -0.1880 0.9489
1305031454.5277 -0.2709 0.1764 -0.1318 0.1009 -0.2434 -0.2002 0.9437
1305031454.5596 -0.2741 0.1777 -0.1326 0.0974 -0.2515 -0.2145 0.9388
1305031454.5916 -0.2853 0.1973 -0.1302 0.1011 -0.2597 -0.2270 0.9332
1305031454.6276 -0.2905 0.2066 -0.1345 0.1013 -0.2705 -0.2366 0.9277
1305031454.6595 -0.2922 0.2266 -0.1274 0.1014 -0.2829 -0.2398 0.9231
1305031454.6919 -0.3005 0.2447 -0.1306 0.1015 -0.2923 -0.2485 0.9179
1305031454.7277 -0.3025 0.2466 -0.1353 0.0968 -0.3038 -0.2526 0.9135
1305031454.7597 -0.2896 0.2384 -0.1306 0.0874 -0.3142 -0.2472 0.9124
1305031454.7916 -0.2896 0.2395 -0.1261 0.0812 -0.3177 -0.2406 0.9136
1305031454.8276 -0.2841 0.2471 -0.1180 0.0783 -0.3212 -0.2340 0.9143
1305031454.8596 -0.2777 0.2389 -0.1071 0.0683 -0.3242 -0.2271 0.9158
1305031454.8918 -0.2750 0.2467 -0.0978 0.0645 -0.3228 -0.2184 0.9187
1305031454.9276 -0.2745 0.2551 -0.0918 0.0619 -0.3199 -0.2119 0.9214
1305031454.9596 -0.2767 0.2583 -0.0922 0.0575 -0.3161 -0.2054 0.9244
1305031454.9919 -0.2818 0.2584 -0.0880 0.0512 -0.3156 -0.1989 0.9264
1305031455.0278 -0.2808 0.2651 -0.0868 0.0509 -0.3162 -0.1964 0.9267
1305031455.0596 -0.2845 0.2752 -0.0831 0.0521 -0.3147 -0.1936 0.9278
1305031455.0917 -0.2866 0.2775 -0.0836 0.0526 -0.3136 -0.1936 0.9281
1305031455.1277 -0.2893 0.2861 -0.0857 0.0544 -0.3110 -0.1913 0.9294
1305031455.1597 -0.3003 0.2920 -0.0942 0.0541 -0.3051 -0.1896 0.9317
1305031455.1917 -0.3059 0.2986 -0.0923 0.0516 -0.3033 -0.1842 0.9335
1305031455.2276 -0.3153 0.3046 -0.0940 0.0513 -0.3005 -0.1806 0.9351
1305031455.2596 -0.3161 0.3123 -0.0993 0.0502 -0.2980 -0.1758 0.9369
1305031455.2918 -0.3305 0.3156 -0.0951 0.0424 -0.2944 -0.1671 0.9400
1305031455.3278 -0.3458 0.3302 -0.1095 0.0401 -0.2879 -0.1582 0.9437
1305031455.3596 -0.3448 0.3498 -0.1099 0.0383 -0.2883 -0.1501 0.9449
1305031455.3917 -0.3525 0.3457 -0.1023 0.0263 -0.2863 -0.1414 0.9473
1305031455.4276 -0.3674 0.3488 -0.1065 0.0182 -0.2799 -0.1308 0.9509
1305031455.4596 -0.3836 0.3543 -0.1153 0.0162 -0.2739 -0.1249 0.9535
1305031455.4916 -0.3999 0.3597 -0.1258 0.0136 -0.2683 -0.1186 0.9559
1305031455.5276 -0.4129 0.3671 -0.1288 0.0121 -0.2658 -0.1088 0.9578
1305031455.5597 -0.4374 0.3734 -0.1441 0.0115 -0.2618 -0.0989 0.9600
1305031455.5916 -0.4506 0.3805 -0.1499 0.0106 -0.2646 -0.0868 0.9604
1305031455.6596 -0.4688 0.3771 -0.1665 0.0077 -0.2653 -0.0686 0.9617
1305031455.6916 -0.4817 0.3785 -0.1850 0.0107 -0.2621 -0.0681 0.9626
1305031455.7276 -0.4904 0.3837 -0.1887 0.0146 -0.2605 -0.0705 0.9628
1305031455.7597 -0.4980 0.3830 -0.1952 0.0155 -0.2572 -0.0717 0.9636
1305031455.7917 -0.5013 0.3769 -0.2014 0.0151 -0.2563 -0.0711 0.9639
1305031455.8276 -0.5106 0.3812 -0.2116 0.0203 -0.2539 -0.0727 0.9643
1305031455.8595 -0.5198 0.3841 -0.2185 0.0230 -0.2518 -0.0740 0.9647
1305031455.8917 -0.5240 0.3860 -0.2228 0.0243 -0.2511 -0.0734 0.9649
1305031455.9280 -0.5291 0.3852 -0.2288 0.0242 -0.2492 -0.0733 0.9654
1305031455.9597 -0.5315 0.3850 -0.2353 0.0250 -0.2480 -0.0741 0.9656
1305031455.9917 -0.5353 0.3825 -0.2399 0.0235 -0.2458 -0.0753 0.9661
1305031456.0278 -0.5430 0.3818 -0.2542 0.0198 -0.2393 -0.0782 0.9676
1305031456.0597 -0.5536 0.3769 -0.2517 0.0127 -0.2363 -0.0861 0.9678
1305031456.0917 -0.5598 0.3696 -0.2532 0.0089 -0.2342 -0.0897 0.9680
1305031456.1276 -0.5649 0.3662 -0.2561 0.0082 -0.2318 -0.0908 0.9685
1305031456.1597 -0.5699 0.3537 -0.2553 0.0042 -0.2295 -0.0908 0.9691
1305031456.1917 -0.5737 0.3390 -0.2639 0.0058 -0.2235 -0.0902 0.9705
1305031456.2277 -0.5731 0.3422 -0.2727 0.0097 -0.2165 -0.0879 0.9723
1305031456.2917 -0.5909 0.3200 -0.2638 0.0043 -0.1986 -0.0775 0.9770
1305031456.3277 -0.6022 0.3167 -0.2637 0.0076 -0.1885 -0.0694 0.9796
1305031456.3916 -0.6107 0.3036 -0.2548 0.0065 -0.1703 -0.0583 0.9836
1305031456.4277 -0.6134 0.3056 -0.2559 0.0125 -0.1638 -0.0478 0.9853
1305031456.4917 -0.6587 0.3233 -0.2518 0.0125 -0.1536 -0.0381 0.9873
1305031456.5276 -0.6755 0.3223 -0.2450 0.0068 -0.1542 -0.0310 0.9875
1305031456.5917 -0.7054 0.3427 -0.2306 0.0121 -0.1475 -0.0221 0.9887
1305031456.6276 -0.7120 0.3610 -0.2188 0.0044 -0.1453 -0.0168 0.9892
1305031456.6916 -0.7513 0.3451 -0.2030 -0.0071 -0.1344 -0.0083 0.9909
1305031456.7916 -0.8023 0.3572 -0.1810 -0.0092 -0.1432 0.0117 0.9896
1305031456.9597 -0.8833 0.3959 -0.1487 -0.0057 -0.1243 0.0415 0.9914
1305031457.1917 -0.9604 0.3968 -0.1465 -0.0331 -0.0879 0.0746 0.9928
1305031457.2917 -0.9974 0.3913 -0.1737 -0.0269 -0.0633 0.0954 0.9931
1305031457.3917 -1.0350 0.3854 -0.2061 -0.0208 -0.0297 0.1155 0.9926
1305031457.4917 -1.0717 0.3734 -0.2400 -0.0201 -0.0176 0.1295 0.9912
1305031457.5597 -1.0884 0.3595 -0.2695 -0.0164 -0.0103 0.1383 0.9902
1305031457.6275 -1.1183 0.3569 -0.2892 -0.0107 -0.0013 0.1455 0.9893
1305031457.6916 -1.1491 0.3437 -0.3099 -0.0152 0.0044 0.1515 0.9883
1305031457.7596 -1.1679 0.3243 -0.3246 -0.0135 0.0084 0.1497 0.9886
1305031457.7916 -1.1733 0.3123 -0.3372 -0.0036 0.0133 0.1523 0.9882
1305031457.8277 -1.1883 0.3243 -0.3493 0.0115 0.0213 0.1517 0.9881
1305031457.8916 -1.2121 0.3012 -0.3620 0.0211 0.0382 0.1568 0.9867
1305031457.9276 -1.2180 0.2967 -0.3745 0.0337 0.0404 0.1640 0.9851
1305031457.9916 -1.2453 0.2742 -0.3843 0.0422 0.0447 0.1707 0.9834
1305031458.0278 -1.2615 0.2712 -0.3818 0.0546 0.0514 0.1717 0.9823
1305031458.0597 -1.2716 0.2699 -0.3906 0.0608 0.0552 0.1730 0.9815
1305031458.1276 -1.2908 0.2537 -0.3868 0.0569 0.0611 0.1745 0.9811
1305031458.1596 -1.3018 0.2555 -0.3851 0.0601 0.0624 0.1782 0.9802
1305031458.1916 -1.3297 0.2503 -0.3791 0.0611 0.0657 0.1828 0.9790
1305031458.2276 -1.3337 0.2492 -0.3658 0.0570 0.0602 0.1878 0.9787
1305031458.2599 -1.3493 0.2282 -0.3602 0.0542 0.0588 0.1852 0.9794
1305031458.2917 -1.3669 0.2220 -0.3521 0.0636 0.0539 0.1855 0.9791
1305031458.3276 -1.3788 0.2138 -0.3419 0.0651 0.0469 0.1874 0.9790
1305031458.3596 -1.3884 0.1908 -0.3246 0.0694 0.0439 0.1892 0.9785
1305031458.3916 -1.4113 0.1928 -0.3047 0.0847 0.0441 0.1943 0.9763
1305031458.4276 -1.4080 0.1905 -0.2901 0.0913 0.0402 0.2061 0.9734
1305031458.4596 -1.3969 0.1885 -0.2852 0.1019 0.0387 0.2174 0.9700
1305031458.4917 -1.4015 0.1750 -0.2817 0.1175 0.0481 0.2157 0.9682
1305031458.5277 -1.4280 0.1938 -0.2716 0.1390 0.0610 0.2132 0.9651
1305031458.5596 -1.4451 0.1959 -0.2604 0.1468 0.0708 0.2108 0.9638
1305031458.5916 -1.4548 0.1993 -0.2458 0.1568 0.0769 0.2037 0.9633
1305031458.6277 -1.4647 0.2086 -0.2346 0.1607 0.0779 0.2014 0.9631
1305031458.6596 -1.4773 0.2117 -0.2176 0.1594 0.0704 0.2061 0.9629
1305031458.6917 -1.4687 0.2012 -0.1956 0.1539 0.0510 0.2045 0.9653
1305031458.7276 -1.4533 0.2049 -0.1734 0.1579 0.0314 0.1979 0.9669
1305031458.7599 -1.4662 0.2032 -0.1586 0.1657 0.0206 0.1881 0.9679
1305031458.7916 -1.4626 0.2094 -0.1241 0.1705 0.0042 0.1828 0.9682
1305031458.8276 -1.4490 0.2073 -0.0902 0.1686 -0.0093 0.1820 0.9687
1305031458.8917 -1.4480 0.1980 -0.0597 0.1774 -0.0129 0.1691 0.9694
1305031458.9276 -1.4510 0.2010 -0.0613 0.1762 -0.0101 0.1712 0.9693
1305031458.9596 -1.4621 0.1977 -0.0511 0.1698 -0.0051 0.1814 0.9686
1305031458.9916 -1.4646 0.1744 -0.0606 0.1655 -0.0023 0.1861 0.9685
1305031459.0277 -1.4917 0.1669 -0.0544 0.1783 0.0007 0.1869 0.9661
1305031459.0596 -1.5052 0.1569 -0.0396 0.1868 -0.0092 0.1986 0.9621
1305031459.1276 -1.5719 0.1918 0.0384 0.2100 0.0191 0.1810 0.9606
1305031459.1596 -1.5723 0.1969 0.0580 0.2235 -0.0096 0.1771 0.9584
1305031459.1917 -1.5782 0.2005 0.0852 0.2332 -0.0283 0.1769 0.9558
1305031459.2276 -1.5827 0.2006 0.1086 0.2393 -0.0427 0.1804 0.9531
1305031459.2598 -1.5940 0.2007 0.1376 0.2427 -0.0435 0.1829 0.9517
1305031459.3276 -1.4358 0.2951 0.5812 0.3287 -0.1278 0.1851 0.9173
1305031459.3597 -1.4374 0.2973 0.5929 0.3289 -0.1138 0.2111 0.9134
1305031459.3917 -1.4593 0.2940 0.6074 0.3236 -0.0885 0.2320 0.9130
1305031459.4276 -1.4590 0.2922 0.6169 0.3037 -0.0669 0.2767 0.9093
1305031459.4597 -1.4726 0.2963 0.6367 0.2983 -0.0415 0.3173 0.8992
1305031459.5276 -1.4879 0.2824 0.6765 0.3080 -0.0354 0.3187 0.8957
1305031459.5596 -1.4816 0.2722 0.6728 0.2946 -0.0327 0.3426 0.8915
1305031459.5917 -1.5015 0.2739 0.6733 0.2897 -0.0298 0.3603 0.8862
1305031459.6276 -1.5072 0.2647 0.6876 0.2846 -0.0320 0.3709 0.8834
1305031459.6596 -1.5177 0.2638 0.6896 0.2846 -0.0255 0.3723 0.8830
1305031459.6916 -1.5362 0.2602 0.6897 0.2789 -0.0139 0.3793 0.8821
1305031459.7276 -1.5440 0.2489 0.6811 0.2717 -0.0073 0.3823 0.8831
1305031459.7917 -1.5830 0.2322 0.6678 0.2751 0.0057 0.3790 0.8835
1305031459.8277 -1.6014 0.2177 0.6595 0.2721 0.0098 0.3792 0.8844
1305031459.8597 -1.6247 0.2051 0.6544 0.2695 0.0120 0.3777 0.8857
1305031459.8916 -1.6304 0.1930 0.6500 0.2644 0.0039 0.3817 0.8857
1305031459.9276 -1.6459 0.1786 0.6440 0.2630 0.0043 0.3817 0.8860
1305031459.9917 -1.6614 0.1557 0.6322 0.2552 -0.0038 0.3898 0.8848
1305031460.0276 -1.6685 0.1400 0.6301 0.2523 -0.0042 0.3927 0.8844
1305031460.0597 -1.6792 0.1233 0.6221 0.2499 -0.0035 0.3976 0.8829
1305031460.0917 -1.6920 0.1150 0.6210 0.2537 -0.0092 0.3990 0.8811
1305031460.1277 -1.7018 0.0991 0.6223 0.2559 -0.0176 0.4029 0.8786
1305031460.1597 -1.7146 0.0917 0.6147 0.2595 -0.0246 0.4055 0.8761
1305031460.1916 -1.7210 0.0794 0.6117 0.2569 -0.0315 0.4107 0.8743
1305031460.2278 -1.7219 0.0744 0.6167 0.2582 -0.0316 0.4126 0.8730
1305031460.2917 -1.7340 0.0548 0.6181 0.2625 -0.0130 0.4134 0.8718
1305031460.3275 -1.7345 0.0495 0.6148 0.2630 -0.0083 0.4168 0.8701
1305031460.3916 -1.7446 0.0309 0.6209 0.2593 0.0119 0.4238 0.8678
1305031460.4275 -1.7500 0.0188 0.6224 0.2566 0.0224 0.4318 0.8644
1305031460.4596 -1.7584 0.0130 0.6207 0.2532 0.0375 0.4360 0.8628
1305031460.4915 -1.7631 0.0025 0.6205 0.2448 0.0511 0.4452 0.8598
1305031460.5276 -1.7666 -0.0091 0.6237 0.2366 0.0606 0.4576 0.8550
1305031460.5596 -1.7709 -0.0226 0.6267 0.2305 0.0714 0.4624 0.8532
1305031460.5919 -1.7732 -0.0363 0.6215 0.2242 0.0786 0.4665 0.8520
1305031460.6276 -1.7765 -0.0406 0.6242 0.2234 0.0844 0.4674 0.8512
1305031460.6598 -1.7750 -0.0467 0.6138 0.2189 0.0864 0.4701 0.8507
1305031460.6917 -1.7811 -0.0549 0.6128 0.2164 0.0901 0.4714 0.8502
1305031460.7277 -1.7840 -0.0671 0.6140 0.2119 0.0932 0.4717 0.8508
1305031460.7597 -1.7829 -0.0754 0.6122 0.2091 0.0958 0.4717 0.8512
1305031460.7917 -1.7860 -0.0847 0.6084 0.2063 0.0982 0.4727 0.8511
1305031460.8277 -1.7884 -0.0924 0.6093 0.2029 0.1001 0.4699 0.8532
1305031460.8597 -1.7927 -0.0985 0.6123 0.2009 0.1043 0.4681 0.8542
1305031460.8918 -1.7915 -0.1069 0.6123 0.1964 0.1066 0.4675 0.8553
1305031460.9276 -1.7975 -0.1171 0.6120 0.1930 0.1097 0.4667 0.8561
1305031460.9917 -1.7896 -0.1369 0.6145 0.1892 0.1112 0.4690 0.8555
1305031461.0276 -1.7926 -0.1510 0.6176 0.1893 0.1143 0.4719 0.8534
1305031461.0917 -1.7906 -0.1791 0.6221 0.1869 0.1122 0.4731 0.8536
1305031461.1276 -1.7892 -0.1854 0.6266 0.1874 0.1132 0.4705 0.8548
1305031461.1597 -1.7831 -0.2014 0.6278 0.1868 0.1149 0.4691 0.8555
1305031461.1920 -1.7836 -0.2134 0.6300 0.1880 0.1178 0.4687 0.8550
1305031461.2276 -1.7812 -0.2163 0.6338 0.1890 0.1181 0.4671 0.8557
1305031461.2596 -1.7775 -0.2238 0.6364 0.1904 0.1180 0.4648 0.8566
1305031461.2917 -1.7833 -0.2288 0.6454 0.1953 0.1234 0.4568 0.8591
1305031461.3278 -1.7857 -0.2302 0.6544 0.1996 0.1275 0.4553 0.8583
1305031461.3597 -1.7842 -0.2362 0.6557 0.1951 0.1303 0.4535 0.8598
1305031461.3917 -1.7830 -0.2496 0.6608 0.1884 0.1324 0.4534 0.8611
1305031461.4276 -1.7793 -0.2542 0.6601 0.1874 0.1332 0.4524 0.8617
1305031461.4598 -1.7840 -0.2570 0.6666 0.1857 0.1361 0.4522 0.8617
1305031461.4917 -1.7743 -0.2583 0.6615 0.1836 0.1337 0.4518 0.8627
1305031461.5277 -1.7738 -0.2574 0.6665 0.1909 0.1371 0.4486 0.8623
1305031461.5597 -1.7683 -0.2511 0.6762 0.1938 0.1384 0.4444 0.8636
1305031461.5917 -1.7640 -0.2304 0.6885 0.2014 0.1442 0.4412 0.8625
1305031461.6275 -1.7690 -0.2291 0.7000 0.2011 0.1547 0.4427 0.8600
1305031461.6596 -1.7605 -0.2226 0.6962 0.1987 0.1547 0.4439 0.8600
1305031461.6916 -1.7673 -0.2228 0.7036 0.1977 0.1608 0.4480 0.8570
1305031461.7276 -1.7608 -0.2232 0.6992 0.1915 0.1604 0.4518 0.8564
1305031461.7597 -1.7574 -0.2078 0.7086 0.1951 0.1613 0.4526 0.8550
1305031461.7916 -1.7529 -0.1982 0.7064 0.1916 0.1616 0.4579 0.8529
1305031461.8276 -1.7530 -0.1999 0.7134 0.1858 0.1714 0.4626 0.8497
1305031461.8598 -1.7573 -0.1795 0.7179 0.1881 0.1752 0.4674 0.8458
1305031461.8917 -1.7713 -0.1744 0.7276 0.1850 0.1802 0.4797 0.8386
1305031461.9278 -1.7686 -0.1477 0.7455 0.1850 0.1762 0.4860 0.8358
1305031461.9597 -1.7620 -0.1365 0.7505 0.1782 0.1815 0.4883 0.8348
1305031461.9916 -1.7771 -0.0978 0.7587 0.1849 0.1828 0.4942 0.8295
1305031462.0277 -1.7787 -0.1037 0.7645 0.1705 0.1826 0.5072 0.8249
1305031462.0598 -1.7740 -0.0937 0.7677 0.1641 0.1703 0.5182 0.8219
1305031462.0918 -1.7658 -0.0781 0.7718 0.1619 0.1557 0.5281 0.8189
1305031462.1277 -1.7740 -0.0677 0.7775 0.1599 0.1527 0.5370 0.8141
1305031462.1596 -1.7761 -0.0593 0.7812 0.1576 0.1491 0.5410 0.8125
1305031462.1916 -1.7893 -0.0533 0.7898 0.1577 0.1553 0.5360 0.8147
1305031462.2276 -1.7950 -0.0439 0.7973 0.1550 0.1549 0.5368 0.8148
1305031462.2598 -1.7941 -0.0448 0.7991 0.1441 0.1532 0.5345 0.8186
1305031462.2916 -1.7929 -0.0381 0.8016 0.1390 0.1486 0.5305 0.8229
1305031462.3597 -1.8243 -0.0388 0.8331 0.1312 0.1637 0.5213 0.8272
1305031462.4599 -1.9539 -0.0836 0.9675 0.1356 0.2346 0.5113 0.8156
1305031462.6597 -1.9902 -0.0677 0.9861 0.1162 0.2289 0.4728 0.8429
1305031462.7919 -2.0149 -0.0626 0.9952 0.1098 0.2325 0.4308 0.8651
1305031462.9597 -2.0164 -0.0264 0.9853 0.1027 0.2298 0.4101 0.8766
1305031463.0598 -2.0240 -0.0050 0.9588 0.1129 0.2302 0.3901 0.8843
1305031463.1598 -2.0190 0.0304 0.9366 0.1221 0.2287 0.3635 0.8948
1305031463.2600 -2.0022 0.0704 0.9172 0.1306 0.2254 0.3448 0.9018
1305031463.3598 -1.9915 0.0991 0.8889 0.1374 0.2227 0.3324 0.9061
1305031463.4598 -1.9408 0.1589 0.8827 0.1543 0.2051 0.3166 0.9132
1305031463.5277 -1.9077 0.2031 0.8774 0.1627 0.2081 0.3021 0.9159
1305031463.6276 -1.8609 0.2673 0.8805 0.1869 0.1969 0.2982 0.9151
1305031463.6598 -1.8428 0.2742 0.8558 0.1923 0.1941 0.2971 0.9149
1305031463.7276 -1.8237 0.2816 0.8302 0.1884 0.2000 0.2866 0.9178
1305031463.7597 -1.8044 0.2870 0.8080 0.1936 0.2012 0.2810 0.9182
1305031463.7956 -1.8012 0.2850 0.7871 0.1942 0.2086 0.2745 0.9184
1305031463.8599 -1.7687 0.2896 0.7393 0.1919 0.2116 0.2547 0.9239
1305031463.9277 -1.7517 0.2967 0.7090 0.1980 0.2155 0.2434 0.9247
1305031463.9958 -1.7256 0.3058 0.6708 0.2057 0.2079 0.2306 0.9281
1305031464.0597 -1.6991 0.3132 0.6283 0.2079 0.2037 0.2118 0.9330
1305031464.0956 -1.7060 0.3006 0.6042 0.2065 0.2128 0.2036 0.9331
1305031464.1277 -1.7033 0.2989 0.5925 0.2073 0.2133 0.1995 0.9337
1305031464.1598 -1.6999 0.2969 0.5757 0.2123 0.2107 0.1960 0.9339
1305031464.1956 -1.6992 0.3018 0.5583 0.2248 0.2049 0.1915 0.9332
1305031464.2276 -1.7022 0.3074 0.5524 0.2381 0.1985 0.1837 0.9328
1305031464.2596 -1.7076 0.3124 0.5527 0.2453 0.1883 0.1769 0.9344
1305031464.2957 -1.7027 0.3173 0.5507 0.2497 0.1739 0.1682 0.9376
1305031464.3279 -1.6750 0.3204 0.5374 0.2495 0.1563 0.1578 0.9426
1305031464.3597 -1.6777 0.3185 0.5280 0.2519 0.1558 0.1495 0.9434
1305031464.3956 -1.6821 0.3163 0.5087 0.2531 0.1590 0.1384 0.9442
1305031464.4276 -1.6730 0.3195 0.5042 0.2547 0.1601 0.1303 0.9447
1305031464.4597 -1.6678 0.3164 0.4920 0.2551 0.1599 0.1239 0.9455
1305031464.4956 -1.6598 0.3207 0.4760 0.2557 0.1607 0.1133 0.9465
1305031464.5276 -1.6558 0.3251 0.4569 0.2551 0.1628 0.1054 0.9473
1305031464.5597 -1.6368 0.3341 0.4379 0.2538 0.1610 0.0930 0.9492
1305031464.5957 -1.6174 0.3391 0.4184 0.2578 0.1640 0.0791 0.9489
1305031464.6277 -1.6078 0.3373 0.3965 0.2673 0.1769 0.0765 0.9441
1305031464.6597 -1.5956 0.3328 0.3810 0.2759 0.1903 0.0680 0.9397
1305031464.6957 -1.5843 0.3106 0.3519 0.2808 0.2021 0.0525 0.9368
1305031464.7277 -1.5793 0.3252 0.3561 0.3027 0.2108 0.0342 0.9288
1305031464.7597 -1.5965 0.3168 0.3650 0.3114 0.2221 0.0153 0.9238
1305031464.7960 -1.5870 0.3079 0.3617 0.3161 0.2211 -0.0056 0.9226
1305031464.8278 -1.6006 0.3025 0.3826 0.3267 0.2162 -0.0223 0.9198
1305031464.8597 -1.6018 0.2926 0.4040 0.3304 0.2079 -0.0430 0.9196
1305031464.8958 -1.5785 0.2813 0.4136 0.3244 0.1972 -0.0671 0.9227
1305031464.9278 -1.5486 0.2552 0.3836 0.3155 0.1856 -0.0865 0.9266
1305031464.9598 -1.5317 0.2376 0.3762 0.3151 0.1822 -0.1030 0.9257
1305031464.9957 -1.5203 0.2439 0.3895 0.3209 0.1859 -0.1224 0.9206
1305031465.0278 -1.5230 0.2332 0.4110 0.3218 0.1943 -0.1413 0.9158
1305031465.0597 -1.5394 0.2471 0.4404 0.3272 0.2016 -0.1643 0.9085
1305031465.0957 -1.4693 0.2479 0.4338 0.3242 0.1799 -0.1829 0.9106
1305031465.1277 -1.4500 0.2322 0.4660 0.3070 0.1737 -0.1991 0.9143
1305031465.1598 -1.4199 0.2177 0.4978 0.2913 0.1632 -0.2071 0.9196
1305031465.1956 -1.3972 0.2000 0.5163 0.2761 0.1553 -0.2153 0.9238
1305031465.2279 -1.3827 0.1871 0.5286 0.2603 0.1502 -0.2225 0.9275
1305031465.2956 -1.3892 0.1752 0.5802 0.2427 0.1467 -0.2199 0.9334
1305031465.3599 -1.3588 0.1672 0.6072 0.2309 0.1161 -0.2000 0.9451
1305031465.3956 -1.3229 0.1677 0.6175 0.2342 0.0916 -0.1943 0.9482
1305031465.4277 -1.3017 0.1695 0.6267 0.2375 0.0794 -0.1903 0.9493
1305031465.4601 -1.2903 0.1700 0.6244 0.2379 0.0714 -0.1839 0.9510
1305031465.4957 -1.2751 0.1836 0.6201 0.2362 0.0626 -0.1766 0.9535
1305031465.5276 -1.2584 0.1880 0.6294 0.2385 0.0554 -0.1760 0.9535
1305031465.5598 -1.2388 0.1943 0.6295 0.2434 0.0470 -0.1742 0.9530
1305031465.5956 -1.2183 0.1988 0.6279 0.2470 0.0408 -0.1693 0.9532
1305031465.6277 -1.2033 0.2076 0.6319 0.2518 0.0348 -0.1625 0.9534
1305031465.6601 -1.1886 0.2145 0.6321 0.2549 0.0264 -0.1561 0.9539
1305031465.6957 -1.1686 0.2202 0.6296 0.2577 0.0186 -0.1531 0.9538
1305031465.7277 -1.1437 0.2377 0.6403 0.2689 0.0111 -0.1479 0.9517
1305031465.7598 -1.1300 0.2497 0.6385 0.2745 0.0069 -0.1428 0.9509
1305031465.7959 -1.1060 0.2553 0.6434 0.2786 0.0002 -0.1380 0.9504
1305031465.8280 -1.0805 0.2517 0.6410 0.2815 -0.0076 -0.1339 0.9502
1305031465.8599 -1.0507 0.2824 0.6406 0.2961 -0.0126 -0.1310 0.9460
1305031465.8955 -1.0190 0.2878 0.6421 0.2979 -0.0125 -0.1246 0.9464
1305031465.9275 -0.9996 0.2858 0.6429 0.3012 -0.0054 -0.1213 0.9458
1305031465.9597 -0.9748 0.3078 0.6499 0.3156 0.0008 -0.1220 0.9410
1305031465.9958 -0.9425 0.3169 0.6518 0.3222 0.0022 -0.1244 0.9384
1305031466.0276 -0.9204 0.3277 0.6511 0.3265 0.0023 -0.1272 0.9366
1305031466.0598 -0.9030 0.3511 0.6634 0.3298 0.0050 -0.1279 0.9353
1305031466.0958 -0.8938 0.3674 0.6649 0.3269 0.0066 -0.1290 0.9362
1305031466.1276 -0.8806 0.3895 0.6734 0.3249 0.0055 -0.1326 0.9364
1305031466.1604 -0.8684 0.4010 0.6783 0.3211 0.0012 -0.1304 0.9380
1305031466.1958 -0.8654 0.4258 0.6857 0.3172 0.0003 -0.1342 0.9388
1305031466.2280 -0.8439 0.4264 0.6878 0.3044 -0.0079 -0.1361 0.9427
1305031466.2598 -0.8269 0.4286 0.6966 0.3055 -0.0104 -0.1456 0.9409
1305031466.2957 -0.8083 0.4407 0.6856 0.3086 -0.0035 -0.1568 0.9382
1305031466.3277 -0.7961 0.4463 0.6791 0.3085 0.0087 -0.1635 0.9370
1305031466.3598 -0.7851 0.4565 0.6663 0.3041 0.0186 -0.1657 0.9379
1305031466.3958 -0.7694 0.4518 0.6621 0.3048 0.0173 -0.1680 0.9373
1305031466.4278 -0.7599 0.4576 0.6549 0.3071 0.0157 -0.1715 0.9359
1305031466.4598 -0.7490 0.4718 0.6492 0.3075 0.0138 -0.1748 0.9353
1305031466.4958 -0.7302 0.4845 0.6453 0.3069 0.0109 -0.1760 0.9353
1305031466.5275 -0.7066 0.4884 0.6315 0.3056 0.0118 -0.1755 0.9358
1305031466.5604 -0.6793 0.4927 0.6183 0.3038 0.0126 -0.1749 0.9365
1305031466.5959 -0.6542 0.4982 0.6207 0.2956 0.0125 -0.1790 0.9383
1305031466.6275 -0.6494 0.4855 0.6078 0.2877 0.0197 -0.1830 0.9399
1305031466.6597 -0.6236 0.4792 0.5913 0.2884 0.0203 -0.1878 0.9387
1305031466.6958 -0.6065 0.4823 0.5846 0.2864 0.0206 -0.1909 0.9387
1305031466.7281 -0.5830 0.4752 0.5831 0.2793 0.0214 -0.2042 0.9380
1305031466.7596 -0.5652 0.4659 0.5785 0.2801 0.0215 -0.2104 0.9364
1305031466.7956 -0.5479 0.4736 0.5767 0.2850 0.0202 -0.2152 0.9338
1305031466.8279 -0.5323 0.4832 0.5740 0.2844 0.0168 -0.2155 0.9340
1305031466.8597 -0.5325 0.4796 0.5692 0.2817 0.0167 -0.2163 0.9346
1305031466.8957 -0.5251 0.4855 0.5660 0.2841 0.0084 -0.2146 0.9344
1305031466.9278 -0.5075 0.4782 0.5528 0.2785 -0.0056 -0.2225 0.9343
1305031466.9597 -0.5024 0.4768 0.5433 0.2766 -0.0097 -0.2267 0.9338
1305031466.9957 -0.4926 0.4764 0.5383 0.2756 -0.0124 -0.2293 0.9334
1305031467.0278 -0.4786 0.4748 0.5307 0.2750 -0.0156 -0.2329 0.9327
1305031467.0597 -0.4596 0.4745 0.5266 0.2748 -0.0186 -0.2352 0.9321
1305031467.0957 -0.4501 0.4815 0.5302 0.2759 -0.0168 -0.2392 0.9308
1305031467.1290 -0.4435 0.4747 0.5228 0.2727 -0.0179 -0.2451 0.9302
1305031467.1597 -0.4362 0.4751 0.5185 0.2729 -0.0180 -0.2500 0.9288
1305031467.1957 -0.4294 0.4773 0.5171 0.2736 -0.0196 -0.2543 0.9274
1305031467.2277 -0.4214 0.4814 0.5124 0.2743 -0.0217 -0.2592 0.9258
1305031467.2597 -0.4155 0.4770 0.5123 0.2733 -0.0243 -0.2638 0.9247
1305031467.2958 -0.4064 0.4780 0.5070 0.2740 -0.0267 -0.2684 0.9231
1305031467.3280 -0.3958 0.4802 0.5035 0.2739 -0.0294 -0.2735 0.9216
1305031467.3597 -0.3798 0.4880 0.5073 0.2746 -0.0341 -0.2771 0.9201
1305031467.3958 -0.3668 0.4807 0.4931 0.2657 -0.0381 -0.2832 0.9207
1305031467.4278 -0.3546 0.4799 0.4820 0.2638 -0.0425 -0.2856 0.9203
1305031467.4597 -0.3423 0.4809 0.4800 0.2630 -0.0470 -0.2891 0.9192
1305031467.4961 -0.3287 0.4926 0.4792 0.2615 -0.0504 -0.2966 0.9171
1305031467.5277 -0.3180 0.5008 0.4751 0.2601 -0.0490 -0.3020 0.9158
1305031467.5598 -0.3094 0.4993 0.4656 0.2590 -0.0494 -0.3027 0.9159
1305031467.5960 -0.3035 0.4990 0.4580 0.2583 -0.0498 -0.3015 0.9165
1305031467.6275 -0.2916 0.4953 0.4731 0.2620 -0.0571 -0.2995 0.9156
1305031467.6596 -0.2876 0.4922 0.4650 0.2647 -0.0600 -0.2992 0.9148
1305031467.6959 -0.2818 0.4939 0.4612 0.2674 -0.0610 -0.3013 0.9133
1305031467.7275 -0.2795 0.4861 0.4732 0.2711 -0.0615 -0.3075 0.9100
1305031467.7599 -0.2746 0.4793 0.4667 0.2746 -0.0629 -0.3096 0.9082
1305031467.7961 -0.2736 0.4792 0.4650 0.2778 -0.0625 -0.3134 0.9059
1305031467.8278 -0.2693 0.4767 0.4687 0.2831 -0.0635 -0.3173 0.9028
1305031467.8597 -0.2703 0.4738 0.4699 0.2913 -0.0665 -0.3170 0.9001
1305031467.8959 -0.2819 0.4557 0.4706 0.2897 -0.0690 -0.3183 0.9000
1305031467.9278 -0.2797 0.4321 0.4843 0.2888 -0.0758 -0.3222 0.8983
1305031467.9598 -0.2818 0.4185 0.4792 0.2935 -0.0771 -0.3280 0.8946
1305031467.9958 -0.2789 0.4067 0.4822 0.2927 -0.0789 -0.3273 0.8950
1305031468.0281 -0.2774 0.3910 0.4979 0.2925 -0.0784 -0.3300 0.8941
1305031468.0598 -0.2750 0.3682 0.4983 0.2951 -0.0817 -0.3344 0.8913
1305031468.0959 -0.2784 0.3653 0.4942 0.2950 -0.0811 -0.3355 0.8910
1305031468.1278 -0.2798 0.3525 0.4983 0.2933 -0.0823 -0.3357 0.8913
1305031468.1599 -0.2785 0.3315 0.5040 0.2921 -0.0837 -0.3379 0.8908
1305031468.1960 -0.2716 0.3209 0.5086 0.2920 -0.0842 -0.3403 0.8898
1305031468.2282 -0.2678 0.3044 0.5170 0.2915 -0.0848 -0.3404 0.8899
1305031468.2598 -0.2542 0.2819 0.5211 0.2907 -0.0865 -0.3416 0.8896
1305031468.2958 -0.2515 0.2583 0.5253 0.2884 -0.0861 -0.3415 0.8904
1305031468.3278 -0.2503 0.2246 0.5318 0.2878 -0.0864 -0.3405 0.8909
1305031468.3598 -0.2397 0.1955 0.5294 0.2865 -0.0915 -0.3350 0.8929
1305031468.4280 -0.2384 0.1576 0.5394 0.2821 -0.0913 -0.3343 0.8946
1305031468.4958 -0.2275 0.1119 0.5487 0.2783 -0.0969 -0.3317 0.8962
1305031468.5278 -0.2371 0.0882 0.5464 0.2758 -0.0949 -0.3356 0.8957
1305031468.5597 -0.2527 0.0715 0.5344 0.2775 -0.0912 -0.3444 0.8922
1305031468.6596 -0.2793 0.0375 0.5345 0.2757 -0.0905 -0.3536 0.8892
1305031468.6958 -0.2882 0.0168 0.5366 0.2776 -0.0963 -0.3574 0.8865
1305031468.7278 -0.3023 0.0141 0.5380 0.2835 -0.0971 -0.3616 0.8829
1305031468.7958 -0.3273 -0.0172 0.5285 0.2843 -0.1007 -0.3685 0.8794
1305031468.8292 -0.3422 -0.0172 0.5045 0.2902 -0.0963 -0.3765 0.8745
1305031468.9281 -0.3463 -0.0510 0.5028 0.2866 -0.0872 -0.3722 0.8785
1305031469.0277 -0.3523 -0.0562 0.5315 0.2590 -0.0708 -0.3726 0.8883
1305031469.1277 -0.3603 -0.1123 0.5389 0.2147 -0.0568 -0.3908 0.8933
1305031469.1955 -0.3772 -0.1179 0.5555 0.2032 -0.0304 -0.3946 0.8956
1305031469.2596 -0.3878 -0.1382 0.5783 0.1930 -0.0197 -0.4002 0.8956
1305031469.2968 -0.3999 -0.1467 0.5860 0.1877 -0.0115 -0.4019 0.8962
1305031469.3276 -0.3970 -0.1588 0.5925 0.1816 -0.0110 -0.4022 0.8973
1305031469.3596 -0.3927 -0.1741 0.6071 0.1736 -0.0082 -0.4051 0.8976
1305031469.3957 -0.3890 -0.1880 0.6192 0.1729 0.0010 -0.4078 0.8966
1305031469.4277 -0.3908 -0.1949 0.6304 0.1741 0.0145 -0.4104 0.8950
1305031469.4597 -0.3893 -0.1913 0.6518 0.1783 0.0253 -0.4153 0.8917
1305031469.4957 -0.3898 -0.1926 0.6613 0.1782 0.0283 -0.4167 0.8909
1305031469.5276 -0.3819 -0.1996 0.6695 0.1731 0.0245 -0.4135 0.8936
1305031469.5596 -0.3858 -0.2044 0.6810 0.1648 0.0260 -0.4126 0.8955
1305031469.5958 -0.3844 -0.1907 0.6986 0.1622 0.0300 -0.4089 0.8976
1305031469.6956 -0.3843 -0.1926 0.7432 0.1433 0.0395 -0.4017 0.9036
1305031469.7956 -0.3974 -0.1670 0.8000 0.1307 0.0574 -0.3879 0.9106
1305031469.9598 -0.4123 -0.1240 0.8840 0.1090 0.0489 -0.3782 0.9180
1305031470.1276 -0.4485 -0.0509 0.9567 0.1044 0.0511 -0.3681 0.9225
1305031470.3276 -0.4991 0.0282 1.0064 0.0813 0.0482 -0.3467 0.9332
1305031470.4957 -0.5537 0.0803 1.0304 0.0678 0.0435 -0.3451 0.9351
1305031470.6597 -0.5970 0.1263 1.0532 0.0685 0.0406 -0.3275 0.9415
1305031470.6956 -0.6047 0.1391 1.0626 0.0723 0.0404 -0.3235 0.9426
1305031470.7277 -0.6142 0.1426 1.0684 0.0718 0.0409 -0.3219 0.9432
1305031470.7597 -0.6217 0.1517 1.0724 0.0753 0.0447 -0.3178 0.9441
1305031470.7956 -0.6248 0.1579 1.0765 0.0779 0.0465 -0.3133 0.9453
1305031470.8278 -0.6337 0.1645 1.0851 0.0833 0.0474 -0.3098 0.9459
1305031470.8596 -0.6379 0.1699 1.0900 0.0909 0.0451 -0.3094 0.9455
1305031470.8957 -0.6426 0.1820 1.0977 0.1022 0.0428 -0.3021 0.9468
1305031470.9277 -0.6511 0.1902 1.1050 0.1105 0.0389 -0.2984 0.9472
1305031470.9596 -0.6650 0.1990 1.1068 0.1247 0.0389 -0.2996 0.9451
1305031470.9960 -0.6728 0.2015 1.1023 0.1323 0.0369 -0.2969 0.9450
1305031471.0276 -0.6786 0.2038 1.1029 0.1438 0.0354 -0.2954 0.9438
1305031471.0596 -0.6809 0.2074 1.1020 0.1574 0.0325 -0.2929 0.9425
1305031471.0958 -0.6833 0.2064 1.0991 0.1635 0.0267 -0.2883 0.9431
1305031471.1277 -0.6900 0.2111 1.1017 0.1733 0.0235 -0.2800 0.9439
1305031471.1596 -0.6958 0.2104 1.0993 0.1768 0.0228 -0.2766 0.9443
1305031471.1957 -0.7009 0.2113 1.1005 0.1796 0.0237 -0.2720 0.9451
1305031471.2276 -0.7037 0.2120 1.1007 0.1803 0.0236 -0.2682 0.9460
1305031471.2597 -0.7072 0.2146 1.1023 0.1818 0.0245 -0.2667 0.9462
1305031471.2961 -0.7088 0.2137 1.1034 0.1836 0.0231 -0.2631 0.9469
1305031471.3276 -0.7102 0.2152 1.1030 0.1879 0.0236 -0.2601 0.9468
1305031471.3596 -0.7121 0.2176 1.1026 0.1903 0.0287 -0.2574 0.9470
1305031471.3957 -0.7139 0.2216 1.1054 0.1962 0.0308 -0.2515 0.9472
1305031471.4277 -0.7167 0.2192 1.1011 0.1959 0.0296 -0.2472 0.9485
1305031471.4596 -0.7233 0.2198 1.0983 0.1949 0.0299 -0.2437 0.9496
1305031471.5276 -0.7315 0.2272 1.0983 0.1978 0.0317 -0.2386 0.9502
1305031471.5597 -0.7313 0.2297 1.0976 0.1989 0.0313 -0.2374 0.9503
1305031471.5957 -0.7347 0.2316 1.0971 0.1996 0.0352 -0.2364 0.9503
1305031471.6276 -0.7348 0.2337 1.0964 0.2012 0.0367 -0.2346 0.9503
1305031471.6596 -0.7378 0.2374 1.0931 0.2037 0.0403 -0.2328 0.9501
1305031471.7958 -0.7402 0.2549 1.0892 0.2145 0.0515 -0.2064 0.9533
1305031471.9956 -0.7423 0.2685 1.0978 0.2049 0.0705 -0.1677 0.9617
1305031472.2638 -0.7694 0.2976 1.1424 0.2273 0.0950 -0.1444 0.9584
1305031472.5276 -0.7761 0.2862 1.1351 0.2390 0.0920 -0.1402 0.9564
1305031472.7276 -0.7717 0.2652 1.1181 0.2462 0.0799 -0.1347 0.9565
1305031473.1961 -0.7708 0.2465 1.1147 0.2536 0.0757 -0.1367 0.9546
