1305031453.3917 0.0000 0.0000 0.0000 0.0000 0.0000 0.0000 1.0000
1305031453.5237 0.0133 0.0170 -0.0420 0.0161 0.0213 0.0373 0.9989
1305031453.6277 0.0099 0.0345 -0.0841 0.0373 0.0282 0.0524 0.9975
1305031453.7277 -0.0076 0.0630 -0.1296 0.0573 0.0149 0.0412 0.9974
1305031453.8278 -0.0333 0.0856 -0.1685 0.0688 -0.0093 0.0189 0.9974
1305031453.9277 -0.0676 0.1049 -0.1999 0.0670 -0.0550 -0.0012 0.9962
1305031453.9596 -0.0734 0.1105 -0.2088 0.0648 -0.0721 -0.0100 0.9952
1305031453.9916 -0.0846 0.1112 -0.2102 0.0630 -0.0836 -0.0217 0.9943
1305031454.0277 -0.0928 0.1131 -0.2168 0.0649 -0.0963 -0.0315 0.9927
1305031454.0597 -0.1011 0.1184 -0.2227 0.0661 -0.1079 -0.0427 0.9910
1305031454.0917 -0.1102 0.1173 -0.2192 0.0661 -0.1200 -0.0559 0.9890
1305031454.1277 -0.1141 0.1165 -0.2180 0.0689 -0.1365 -0.0698 0.9858
1305031454.1597 -0.1141 0.1180 -0.2219 0.0684 -0.1545 -0.0815 0.9822
1305031454.1917 -0.1236 0.1165 -0.2238 0.0654 -0.1711 -0.0966 0.9783
1305031454.2277 -0.1369 0.1142 -0.2197 0.0677 -0.1875 -0.1154 0.9731
1305031454.2596 -0.1375 0.1125 -0.2162 0.0724 -0.2038 -0.1310 0.9675
1305031454.2916 -0.1432 0.1157 -0.2160 0.0711 -0.2121 -0.1423 0.9642
1305031454.3277 -0.1618 0.1151 -0.2223 0.0718 -0.2178 -0.1584 0.9604
1305031454.3596 -0.1671 0.1173 -0.2207 0.0786 -0.2303 -0.1731 0.9544
1305031454.3917 -0.1735 0.1206 -0.2229 0.0798 -0.2377 -0.1847 0.9503
1305031454.4275 -0.1896 0.1260 -0.2248 0.0824 -0.2469 -0.2003 0.9445
1305031454.4599 -0.1897 0.1249 -0.2236 0.0843 -0.2589 -0.2156 0.9378
1305031454.4916 -0.1963 0.1271 -0.2265 0.0858 -0.2627 -0.2319 0.9326
1305031454.5277 -0.2002 0.1332 -0.2299 0.0862 -0.2682 -0.2477 0.9270
1305031454.5596 -0.2066 0.1357 -0.2328 0.0825 -0.2728 -0.2612 0.9222
1305031454.5916 -0.2169 0.1383 -0.2362 0.0790 -0.2809 -0.2794 0.9148
1305031454.6276 -0.2216 0.1370 -0.2380 0.0755 -0.2934 -0.2950 0.9062
1305031454.6595 -0.2217 0.1431 -0.2388 0.0700 -0.3054 -0.3032 0.8999
1305031454.6919 -0.2288 0.1434 -0.2404 0.0607 -0.3171 -0.3123 0.8934
1305031454.7277 -0.2321 0.1407 -0.2361 0.0539 -0.3296 -0.3192 0.8869
1305031454.7597 -0.2270 0.1413 -0.2319 0.0467 -0.3375 -0.3168 0.8852
1305031454.7916 -0.2230 0.1449 -0.2315 0.0406 -0.3404 -0.3103 0.8867
1305031454.8276 -0.2165 0.1522 -0.2307 0.0363 -0.3419 -0.3047 0.8882
1305031454.8596 -0.2142 0.1580 -0.2290 0.0299 -0.3386 -0.2985 0.8918
1305031454.8918 -0.2109 0.1652 -0.2291 0.0259 -0.3336 -0.2917 0.8961
1305031454.9276 -0.2085 0.1743 -0.2310 0.0222 -0.3275 -0.2857 0.9003
1305031454.9596 -0.2093 0.1830 -0.2354 0.0188 -0.3213 -0.2801 0.9044
1305031454.9919 -0.2133 0.1920 -0.2418 0.0161 -0.3168 -0.2751 0.9076
1305031455.0278 -0.2128 0.2039 -0.2454 0.0164 -0.3160 -0.2721 0.9088
1305031455.0596 -0.2164 0.2113 -0.2484 0.0149 -0.3127 -0.2704 0.9104
1305031455.0917 -0.2209 0.2207 -0.2536 0.0175 -0.3088 -0.2701 0.9118
1305031455.1277 -0.2254 0.2325 -0.2596 0.0193 -0.3036 -0.2687 0.9139
1305031455.1597 -0.2339 0.2429 -0.2668 0.0182 -0.2979 -0.2649 0.9169
1305031455.1917 -0.2429 0.2516 -0.2714 0.0144 -0.2937 -0.2596 0.9199
1305031455.2276 -0.2518 0.2586 -0.2765 0.0135 -0.2902 -0.2542 0.9225
1305031455.2596 -0.2570 0.2726 -0.2821 0.0122 -0.2852 -0.2481 0.9257
1305031455.2918 -0.2701 0.2778 -0.2876 0.0029 -0.2782 -0.2395 0.9302
1305031455.3278 -0.2812 0.2892 -0.2962 -0.0022 -0.2741 -0.2293 0.9340
1305031455.3596 -0.2862 0.3001 -0.2984 -0.0095 -0.2727 -0.2233 0.9358
1305031455.3917 -0.2972 0.3010 -0.3018 -0.0211 -0.2650 -0.2160 0.9395
1305031455.4276 -0.3113 0.3066 -0.3103 -0.0286 -0.2564 -0.2066 0.9438
1305031455.4596 -0.3254 0.3076 -0.3183 -0.0345 -0.2517 -0.1985 0.9466
1305031455.4916 -0.3364 0.3128 -0.3271 -0.0393 -0.2475 -0.1877 0.9497
1305031455.5276 -0.3538 0.3104 -0.3371 -0.0465 -0.2425 -0.1751 0.9531
1305031455.5597 -0.3699 0.3119 -0.3498 -0.0498 -0.2418 -0.1620 0.9554
1305031455.5916 -0.3809 0.3171 -0.3617 -0.0527 -0.2424 -0.1477 0.9574
1305031455.6596 -0.4120 0.3101 -0.3780 -0.0579 -0.2385 -0.1300 0.9607
1305031455.6916 -0.4255 0.3124 -0.3914 -0.0535 -0.2365 -0.1310 0.9613
1305031455.7276 -0.4388 0.3109 -0.4027 -0.0511 -0.2334 -0.1357 0.9615
1305031455.7597 -0.4520 0.3096 -0.4153 -0.0495 -0.2279 -0.1386 0.9625
1305031455.7917 -0.4680 0.3013 -0.4285 -0.0492 -0.2220 -0.1379 0.9640
1305031455.8276 -0.4816 0.3010 -0.4458 -0.0455 -0.2180 -0.1376 0.9651
1305031455.8595 -0.4933 0.2970 -0.4581 -0.0454 -0.2161 -0.1388 0.9654
1305031455.8917 -0.5034 0.2940 -0.4703 -0.0451 -0.2134 -0.1390 0.9660
1305031455.9280 -0.5142 0.2897 -0.4806 -0.0458 -0.2098 -0.1399 0.9666
1305031455.9597 -0.5232 0.2898 -0.4933 -0.0440 -0.2061 -0.1420 0.9672
1305031455.9917 -0.5318 0.2889 -0.5025 -0.0451 -0.2015 -0.1445 0.9677
1305031456.0278 -0.5402 0.2954 -0.5143 -0.0468 -0.1944 -0.1490 0.9684
1305031456.0597 -0.5540 0.2875 -0.5205 -0.0566 -0.1882 -0.1576 0.9678
1305031456.0917 -0.5666 0.2787 -0.5250 -0.0627 -0.1835 -0.1629 0.9674
1305031456.1276 -0.5777 0.2740 -0.5309 -0.0636 -0.1788 -0.1644 0.9680
1305031456.1597 -0.5869 0.2639 -0.5317 -0.0658 -0.1739 -0.1649 0.9686
1305031456.1917 -0.5967 0.2570 -0.5356 -0.0609 -0.1661 -0.1621 0.9708
1305031456.2277 -0.6021 0.2625 -0.5410 -0.0554 -0.1567 -0.1582 0.9733
1305031456.2917 -0.6290 0.2479 -0.5401 -0.0554 -0.1332 -0.1516 0.9779
1305031456.3277 -0.6403 0.2428 -0.5386 -0.0514 -0.1228 -0.1447 0.9805
1305031456.3916 -0.6632 0.2385 -0.5330 -0.0465 -0.0980 -0.1356 0.9848
1305031456.4277 -0.6815 0.2432 -0.5324 -0.0383 -0.0856 -0.1289 0.9872
1305031456.4917 -0.7190 0.2630 -0.5259 -0.0405 -0.0748 -0.1175 0.9894
1305031456.5276 -0.7320 0.2637 -0.5171 -0.0470 -0.0758 -0.1123 0.9897
1305031456.5917 -0.7530 0.2707 -0.5021 -0.0486 -0.0709 -0.1004 0.9912
1305031456.6276 -0.7637 0.2823 -0.4949 -0.0592 -0.0644 -0.0948 0.9916
1305031456.6916 -0.8011 0.2689 -0.4735 -0.0741 -0.0509 -0.0802 0.9927
1305031456.8276 -0.8570 0.2933 -0.4426 -0.0812 -0.0597 -0.0481 0.9937
1305031457.0917 -0.9531 0.3155 -0.3986 -0.1099 -0.0194 -0.0121 0.9937
1305031457.2275 -1.0035 0.3078 -0.4130 -0.1161 0.0103 0.0100 0.9931
1305031457.3275 -1.0416 0.3008 -0.4384 -0.1042 0.0361 0.0273 0.9935
1305031457.3917 -1.0725 0.2871 -0.4554 -0.1009 0.0602 0.0399 0.9923
1305031457.4917 -1.1224 0.2711 -0.4852 -0.0981 0.0767 0.0553 0.9907
1305031457.5597 -1.1481 0.2595 -0.5063 -0.0909 0.0852 0.0624 0.9902
1305031457.6275 -1.1807 0.2474 -0.5220 -0.0884 0.0939 0.0684 0.9893
1305031457.6916 -1.2103 0.2452 -0.5398 -0.0884 0.0970 0.0751 0.9885
1305031457.7596 -1.2349 0.2150 -0.5476 -0.0910 0.1003 0.0723 0.9882
1305031457.7916 -1.2417 0.1980 -0.5525 -0.0856 0.1032 0.0718 0.9884
1305031457.8277 -1.2543 0.2008 -0.5634 -0.0735 0.1104 0.0727 0.9885
1305031457.8916 -1.2824 0.1703 -0.5671 -0.0670 0.1265 0.0732 0.9870
1305031457.9276 -1.3005 0.1692 -0.5722 -0.0527 0.1314 0.0778 0.9869
1305031457.9916 -1.3236 0.1550 -0.5739 -0.0417 0.1324 0.0833 0.9868
1305031458.0278 -1.3335 0.1453 -0.5714 -0.0333 0.1353 0.0841 0.9867
1305031458.0597 -1.3479 0.1539 -0.5718 -0.0220 0.1400 0.0871 0.9861
1305031458.0917 -1.3618 0.1555 -0.5669 -0.0210 0.1445 0.0893 0.9853
1305031458.1276 -1.3753 0.1464 -0.5565 -0.0233 0.1484 0.0897 0.9846
1305031458.1596 -1.3901 0.1402 -0.5470 -0.0216 0.1510 0.0919 0.9840
1305031458.1916 -1.4042 0.1455 -0.5387 -0.0197 0.1503 0.0966 0.9837
1305031458.2276 -1.4173 0.1436 -0.5252 -0.0258 0.1479 0.0983 0.9838
1305031458.2599 -1.4272 0.1162 -0.5019 -0.0328 0.1453 0.0954 0.9842
1305031458.2917 -1.4412 0.1158 -0.4922 -0.0236 0.1404 0.0965 0.9851
1305031458.3276 -1.4486 0.1128 -0.4789 -0.0220 0.1330 0.0988 0.9859
1305031458.3596 -1.4543 0.1019 -0.4558 -0.0155 0.1278 0.0996 0.9867
1305031458.3916 -1.4616 0.1030 -0.4451 -0.0032 0.1233 0.1035 0.9870
1305031458.4276 -1.4615 0.1030 -0.4296 0.0048 0.1205 0.1127 0.9863
1305031458.4596 -1.4545 0.0944 -0.4108 0.0147 0.1217 0.1203 0.9851
1305031458.4917 -1.4553 0.0866 -0.3943 0.0339 0.1302 0.1201 0.9836
1305031458.5277 -1.4649 0.1002 -0.3772 0.0539 0.1401 0.1183 0.9816
1305031458.5596 -1.4712 0.1053 -0.3575 0.0620 0.1488 0.1159 0.9801
1305031458.5916 -1.4799 0.1065 -0.3358 0.0713 0.1549 0.1103 0.9792
1305031458.6277 -1.4904 0.1313 -0.3176 0.0779 0.1550 0.1057 0.9791
1305031458.6596 -1.4965 0.1309 -0.2972 0.0705 0.1505 0.1062 0.9804
1305031458.6917 -1.4982 0.1316 -0.2733 0.0641 0.1350 0.1009 0.9836
1305031458.7276 -1.4830 0.1198 -0.2498 0.0578 0.1156 0.0932 0.9872
1305031458.7599 -1.4912 0.1209 -0.2353 0.0628 0.1017 0.0836 0.9893
1305031458.7916 -1.4903 0.1320 -0.2237 0.0631 0.0845 0.0754 0.9916
1305031458.8276 -1.4846 0.1293 -0.2068 0.0554 0.0743 0.0727 0.9930
1305031458.8917 -1.4822 0.1239 -0.1838 0.0617 0.0702 0.0623 0.9937
1305031458.9276 -1.4922 0.1276 -0.1798 0.0601 0.0777 0.0674 0.9929
1305031458.9596 -1.4976 0.1198 -0.1725 0.0513 0.0834 0.0801 0.9920
1305031458.9916 -1.5033 0.0969 -0.1641 0.0491 0.0863 0.0857 0.9914
1305031459.0277 -1.5211 0.0915 -0.1601 0.0590 0.0842 0.0861 0.9910
1305031459.0596 -1.5403 0.0824 -0.1507 0.0661 0.0780 0.0960 0.9901
1305031459.1276 -1.5097 0.0394 -0.3184 0.0667 0.0269 0.1173 0.9905
1305031459.1596 -1.5192 0.0365 -0.3159 0.0747 0.0010 0.1208 0.9899
1305031459.1917 -1.5268 0.0368 -0.3087 0.0799 -0.0191 0.1289 0.9882
1305031459.2276 -1.5331 0.0378 -0.2998 0.0813 -0.0327 0.1412 0.9861
1305031459.2598 -1.5339 0.0460 -0.2841 0.0817 -0.0374 0.1511 0.9844
1305031459.3276 -1.5446 0.0524 -0.2642 0.0754 -0.0067 0.1796 0.9808
1305031459.3597 -1.5574 0.0607 -0.2558 0.0790 0.0191 0.1992 0.9766
1305031459.3917 -1.5728 0.0830 -0.2477 0.0775 0.0469 0.2236 0.9705
1305031459.4276 -1.5726 0.0880 -0.2375 0.0626 0.0796 0.2579 0.9609
1305031459.4597 -1.5888 0.0869 -0.2366 0.0578 0.1176 0.2940 0.9468
1305031459.5276 -1.5674 0.1284 -0.1865 0.0676 0.1191 0.3041 0.9428
1305031459.5596 -1.5818 0.1175 -0.1976 0.0573 0.1344 0.3313 0.9321
1305031459.5917 -1.6007 0.1180 -0.1995 0.0539 0.1421 0.3491 0.9247
1305031459.6276 -1.6110 0.1138 -0.1984 0.0486 0.1438 0.3591 0.9209
1305031459.6596 -1.6243 0.1166 -0.1959 0.0495 0.1508 0.3596 0.9195
1305031459.6916 -1.6422 0.1123 -0.1943 0.0434 0.1636 0.3640 0.9159
1305031459.7276 -1.6560 0.0972 -0.1948 0.0360 0.1725 0.3669 0.9134
1305031459.7917 -1.6947 0.0695 -0.1941 0.0361 0.1852 0.3604 0.9135
1305031459.8277 -1.7121 0.0592 -0.1920 0.0354 0.1862 0.3578 0.9144
1305031459.8597 -1.7312 0.0476 -0.1887 0.0313 0.1861 0.3560 0.9152
1305031459.8916 -1.7427 0.0335 -0.1843 0.0254 0.1819 0.3586 0.9152
1305031459.9276 -1.7532 0.0204 -0.1803 0.0241 0.1794 0.3614 0.9147
1305031459.9917 -1.7761 -0.0026 -0.1715 0.0187 0.1772 0.3684 0.9124
1305031460.0276 -1.7821 -0.0181 -0.1670 0.0163 0.1768 0.3721 0.9111
1305031460.0597 -1.7948 -0.0335 -0.1635 0.0163 0.1783 0.3739 0.9100
1305031460.0917 -1.8078 -0.0521 -0.1605 0.0164 0.1752 0.3810 0.9077
1305031460.1277 -1.8122 -0.0666 -0.1552 0.0202 0.1659 0.3912 0.9050
1305031460.1597 -1.8216 -0.0752 -0.1498 0.0264 0.1589 0.3990 0.9027
1305031460.1916 -1.8244 -0.0814 -0.1407 0.0261 0.1517 0.4059 0.9008
1305031460.2278 -1.8158 -0.0905 -0.1313 0.0254 0.1489 0.4105 0.8993
1305031460.2917 -1.8197 -0.1109 -0.1208 0.0271 0.1651 0.4105 0.8964
1305031460.3275 -1.8233 -0.1232 -0.1173 0.0277 0.1743 0.4123 0.8938
1305031460.3916 -1.8264 -0.1421 -0.1048 0.0225 0.1940 0.4183 0.8871
1305031460.4275 -1.8274 -0.1534 -0.0999 0.0207 0.2048 0.4231 0.8824
1305031460.4596 -1.8277 -0.1589 -0.0940 0.0190 0.2175 0.4268 0.8776
1305031460.4915 -1.8343 -0.1674 -0.0905 0.0127 0.2327 0.4326 0.8709
1305031460.5276 -1.8346 -0.1798 -0.0868 0.0044 0.2438 0.4419 0.8633
1305031460.5596 -1.8323 -0.1911 -0.0821 -0.0025 0.2529 0.4455 0.8588
1305031460.5919 -1.8364 -0.2022 -0.0779 -0.0065 0.2628 0.4458 0.8557
1305031460.6276 -1.8363 -0.2134 -0.0735 -0.0100 0.2710 0.4480 0.8519
1305031460.6598 -1.8426 -0.2252 -0.0685 -0.0119 0.2800 0.4471 0.8495
1305031460.6917 -1.8506 -0.2361 -0.0623 -0.0151 0.2857 0.4477 0.8472
1305031460.7277 -1.8509 -0.2442 -0.0555 -0.0199 0.2874 0.4477 0.8465
1305031460.7597 -1.8513 -0.2558 -0.0487 -0.0235 0.2926 0.4461 0.8455
1305031460.7917 -1.8573 -0.2679 -0.0407 -0.0265 0.2977 0.4446 0.8444
1305031460.8277 -1.8592 -0.2750 -0.0326 -0.0307 0.2989 0.4419 0.8452
1305031460.8597 -1.8589 -0.2822 -0.0255 -0.0367 0.3019 0.4391 0.8454
1305031460.8918 -1.8597 -0.2946 -0.0162 -0.0443 0.3072 0.4360 0.8447
1305031460.9276 -1.8620 -0.3055 -0.0055 -0.0497 0.3100 0.4351 0.8438
1305031460.9917 -1.8500 -0.3300 0.0099 -0.0548 0.3131 0.4379 0.8410
1305031461.0276 -1.8478 -0.3411 0.0195 -0.0539 0.3157 0.4389 0.8396
1305031461.0917 -1.8482 -0.3543 0.0362 -0.0511 0.3146 0.4381 0.8405
1305031461.1276 -1.8391 -0.3635 0.0426 -0.0537 0.3131 0.4367 0.8416
1305031461.1597 -1.8349 -0.3746 0.0515 -0.0524 0.3149 0.4348 0.8420
1305031461.1920 -1.8342 -0.3772 0.0584 -0.0484 0.3153 0.4304 0.8444
1305031461.2276 -1.8319 -0.3826 0.0650 -0.0480 0.3165 0.4280 0.8452
1305031461.2596 -1.8277 -0.3896 0.0724 -0.0467 0.3166 0.4248 0.8468
1305031461.2917 -1.8250 -0.3919 0.0792 -0.0440 0.3168 0.4189 0.8498
1305031461.3278 -1.8202 -0.3909 0.0852 -0.0418 0.3183 0.4144 0.8516
1305031461.3597 -1.8242 -0.3878 0.0921 -0.0436 0.3225 0.4097 0.8522
1305031461.3917 -1.8139 -0.3978 0.1018 -0.0532 0.3221 0.4108 0.8513
1305031461.4276 -1.8072 -0.4002 0.1065 -0.0537 0.3222 0.4091 0.8520
1305031461.4598 -1.8071 -0.3965 0.1103 -0.0559 0.3224 0.4101 0.8513
1305031461.4917 -1.7905 -0.4083 0.1130 -0.0626 0.3208 0.4127 0.8502
1305031461.5277 -1.7897 -0.4052 0.1131 -0.0560 0.3225 0.4102 0.8512
1305031461.5597 -1.7810 -0.3989 0.1084 -0.0560 0.3218 0.4074 0.8528
1305031461.5917 -1.7772 -0.3965 0.1053 -0.0556 0.3290 0.4035 0.8520
1305031461.6275 -1.7745 -0.3922 0.1043 -0.0578 0.3348 0.4029 0.8499
1305031461.6596 -1.7709 -0.3894 0.1041 -0.0602 0.3397 0.4024 0.8480
1305031461.6916 -1.7713 -0.3824 0.1028 -0.0609 0.3430 0.4072 0.8443
1305031461.7276 -1.7627 -0.3783 0.1001 -0.0645 0.3426 0.4130 0.8414
1305031461.7597 -1.7614 -0.3690 0.0943 -0.0643 0.3442 0.4152 0.8396
1305031461.7916 -1.7576 -0.3589 0.0897 -0.0682 0.3459 0.4192 0.8367
1305031461.8276 -1.7528 -0.3514 0.0853 -0.0709 0.3501 0.4234 0.8326
1305031461.8598 -1.7561 -0.3378 0.0812 -0.0709 0.3552 0.4291 0.8275
1305031461.8917 -1.7598 -0.3272 0.0788 -0.0753 0.3581 0.4397 0.8202
1305031461.9278 -1.7544 -0.3195 0.0774 -0.0840 0.3564 0.4491 0.8150
1305031461.9597 -1.7487 -0.3045 0.0690 -0.0885 0.3584 0.4517 0.8122
1305031461.9916 -1.7615 -0.2924 0.0672 -0.0941 0.3680 0.4567 0.8045
1305031462.0277 -1.7638 -0.2921 0.0698 -0.1061 0.3694 0.4675 0.7960
1305031462.0598 -1.7663 -0.2875 0.0700 -0.1110 0.3658 0.4795 0.7899
1305031462.0918 -1.7661 -0.2780 0.0657 -0.1133 0.3594 0.4911 0.7854
1305031462.1277 -1.7681 -0.2681 0.0620 -0.1162 0.3561 0.4998 0.7809
1305031462.1596 -1.7695 -0.2630 0.0592 -0.1209 0.3539 0.5061 0.7772
1305031462.1916 -1.7752 -0.2523 0.0556 -0.1229 0.3527 0.5052 0.7780
1305031462.2276 -1.7824 -0.2453 0.0547 -0.1288 0.3537 0.5050 0.7767
1305031462.2598 -1.7885 -0.2410 0.0549 -0.1362 0.3528 0.5031 0.7771
1305031462.2916 -1.7958 -0.2340 0.0546 -0.1422 0.3499 0.4990 0.7800
1305031462.3597 -1.8140 -0.2158 0.0541 -0.1547 0.3462 0.4861 0.7873
1305031462.4599 -1.8480 -0.1923 0.0638 -0.1772 0.3320 0.4701 0.7983
1305031462.5599 -1.7947 -0.1152 0.0551 -0.1753 0.2658 0.4771 0.8192
1305031462.6925 -1.8185 -0.0983 0.0346 -0.1782 0.2553 0.4386 0.8431
1305031462.7598 -1.8280 -0.0902 0.0189 -0.1805 0.2408 0.4175 0.8574
1305031462.8278 -1.8328 -0.0882 -0.0021 -0.1883 0.2302 0.4043 0.8649
1305031462.9276 -1.8304 -0.0716 -0.0291 -0.1947 0.2241 0.3871 0.8729
1305031462.9955 -1.8301 -0.0514 -0.0543 -0.1852 0.2176 0.3806 0.8795
1305031463.0277 -1.8311 -0.0499 -0.0716 -0.1798 0.2159 0.3747 0.8835
1305031463.0598 -1.8299 -0.0510 -0.0904 -0.1782 0.2107 0.3679 0.8880
1305031463.1275 -1.8290 -0.0312 -0.1147 -0.1683 0.2050 0.3488 0.8989
1305031463.1598 -1.8291 -0.0307 -0.1327 -0.1649 0.2046 0.3388 0.9034
1305031463.2278 -1.8218 -0.0111 -0.1566 -0.1617 0.2001 0.3263 0.9096
1305031463.2957 -1.8066 -0.0029 -0.1897 -0.1561 0.1972 0.3162 0.9148
1305031463.3956 -1.7914 0.0113 -0.2212 -0.1466 0.1875 0.3089 0.9208
1305031463.4956 -1.7556 0.0419 -0.2519 -0.1434 0.1811 0.3024 0.9248
1305031463.5598 -1.7364 0.0559 -0.2658 -0.1384 0.1915 0.2990 0.9245
1305031463.6598 -1.6909 0.0677 -0.2965 -0.1297 0.1876 0.2952 0.9278
1305031463.7276 -1.6588 0.0775 -0.3210 -0.1252 0.1843 0.2885 0.9312
1305031463.7597 -1.6398 0.0732 -0.3335 -0.1213 0.1870 0.2823 0.9331
1305031463.8278 -1.6074 0.0720 -0.3636 -0.1154 0.1871 0.2623 0.9396
1305031463.8599 -1.5876 0.0636 -0.3782 -0.1149 0.1873 0.2528 0.9422
1305031463.8956 -1.5747 0.0625 -0.3934 -0.1099 0.1885 0.2438 0.9450
1305031463.9597 -1.5445 0.0486 -0.4199 -0.1083 0.1813 0.2331 0.9492
1305031463.9958 -1.5296 0.0432 -0.4356 -0.1037 0.1772 0.2268 0.9520
1305031464.0277 -1.5171 0.0407 -0.4515 -0.1010 0.1732 0.2189 0.9549
1305031464.0597 -1.4987 0.0298 -0.4653 -0.1016 0.1705 0.2104 0.9572
1305031464.0956 -1.4894 0.0232 -0.4796 -0.0970 0.1720 0.2013 0.9594
1305031464.1277 -1.4857 0.0168 -0.4911 -0.0935 0.1724 0.1965 0.9607
1305031464.1598 -1.4778 0.0031 -0.5004 -0.0900 0.1687 0.1954 0.9619
1305031464.1956 -1.4715 -0.0062 -0.5115 -0.0800 0.1621 0.1921 0.9646
1305031464.2276 -1.4705 -0.0054 -0.5247 -0.0673 0.1530 0.1890 0.9676
1305031464.2596 -1.4683 -0.0041 -0.5370 -0.0590 0.1392 0.1879 0.9705
1305031464.2957 -1.4566 -0.0038 -0.5479 -0.0548 0.1208 0.1839 0.9740
1305031464.3279 -1.4386 -0.0047 -0.5591 -0.0518 0.1048 0.1787 0.9769
1305031464.3597 -1.4214 -0.0107 -0.5695 -0.0478 0.0939 0.1742 0.9791
1305031464.3956 -1.4018 -0.0066 -0.5830 -0.0408 0.0858 0.1664 0.9815
1305031464.4276 -1.3887 -0.0054 -0.5946 -0.0377 0.0844 0.1566 0.9833
1305031464.4597 -1.3776 -0.0124 -0.6065 -0.0355 0.0819 0.1484 0.9849
1305031464.4956 -1.3591 -0.0122 -0.6199 -0.0323 0.0781 0.1423 0.9862
1305031464.5276 -1.3490 -0.0119 -0.6345 -0.0296 0.0782 0.1341 0.9874
1305031464.5597 -1.3303 -0.0170 -0.6477 -0.0317 0.0744 0.1223 0.9892
1305031464.5957 -1.3030 -0.0379 -0.6638 -0.0318 0.0759 0.1116 0.9903
1305031464.6277 -1.2864 -0.0442 -0.6792 -0.0218 0.0864 0.1031 0.9907
1305031464.6597 -1.2727 -0.0499 -0.6900 -0.0121 0.0974 0.0901 0.9911
1305031464.6957 -1.2587 -0.0719 -0.6967 -0.0019 0.1071 0.0743 0.9915
1305031464.7277 -1.2575 -0.0725 -0.7013 0.0179 0.1141 0.0586 0.9916
1305031464.7597 -1.2521 -0.0642 -0.7073 0.0331 0.1129 0.0408 0.9922
1305031464.7960 -1.2525 -0.0749 -0.7050 0.0397 0.1087 0.0231 0.9930
1305031464.8278 -1.2530 -0.0768 -0.7021 0.0515 0.0970 0.0097 0.9939
1305031464.8597 -1.2400 -0.0648 -0.7037 0.0609 0.0781 -0.0047 0.9951
1305031464.8958 -1.2208 -0.0621 -0.7020 0.0607 0.0592 -0.0247 0.9961
1305031464.9278 -1.2012 -0.0852 -0.6960 0.0556 0.0448 -0.0462 0.9964
1305031464.9598 -1.1827 -0.1020 -0.6883 0.0578 0.0371 -0.0641 0.9956
1305031464.9957 -1.1636 -0.1016 -0.6809 0.0654 0.0332 -0.0820 0.9939
1305031465.0278 -1.1579 -0.1015 -0.6645 0.0705 0.0332 -0.1034 0.9916
1305031465.0597 -1.1607 -0.0797 -0.6438 0.0810 0.0293 -0.1218 0.9888
1305031465.0957 -1.1423 -0.0372 -0.6275 0.0835 0.0160 -0.1366 0.9870
1305031465.1277 -1.1269 -0.0263 -0.6076 0.0673 0.0029 -0.1527 0.9860
1305031465.1598 -1.1183 -0.0245 -0.5846 0.0502 -0.0077 -0.1631 0.9853
1305031465.1956 -1.1055 -0.0211 -0.5631 0.0376 -0.0182 -0.1714 0.9843
1305031465.2279 -1.0897 -0.0064 -0.5439 0.0276 -0.0271 -0.1773 0.9834
1305031465.2598 -1.0837 -0.0054 -0.5208 0.0146 -0.0340 -0.1794 0.9831
1305031465.3277 -1.0611 0.0224 -0.4887 0.0027 -0.0535 -0.1586 0.9859
1305031465.3956 -1.0307 0.0261 -0.4654 -0.0061 -0.0858 -0.1370 0.9868
1305031465.4277 -1.0023 0.0322 -0.4588 -0.0050 -0.1014 -0.1252 0.9869
1305031465.4601 -0.9782 0.0459 -0.4553 -0.0027 -0.1133 -0.1111 0.9873
1305031465.4957 -0.9526 0.0609 -0.4517 -0.0047 -0.1244 -0.1013 0.9870
1305031465.5276 -0.9346 0.0565 -0.4458 -0.0099 -0.1336 -0.0983 0.9861
1305031465.5598 -0.9096 0.0631 -0.4444 -0.0051 -0.1432 -0.0918 0.9854
1305031465.5956 -0.8819 0.0762 -0.4438 -0.0000 -0.1494 -0.0822 0.9854
1305031465.6277 -0.8655 0.0896 -0.4465 0.0037 -0.1524 -0.0726 0.9856
1305031465.6601 -0.8464 0.1000 -0.4477 0.0064 -0.1615 -0.0641 0.9848
1305031465.6957 -0.8140 0.1112 -0.4444 0.0110 -0.1717 -0.0560 0.9835
1305031465.7277 -0.7899 0.1251 -0.4451 0.0173 -0.1757 -0.0460 0.9832
1305031465.7598 -0.7651 0.1433 -0.4452 0.0241 -0.1810 -0.0363 0.9825
1305031465.7959 -0.7385 0.1580 -0.4416 0.0287 -0.1855 -0.0292 0.9818
1305031465.8280 -0.7149 0.1674 -0.4395 0.0356 -0.1895 -0.0228 0.9810
1305031465.8599 -0.6875 0.1933 -0.4380 0.0478 -0.1926 -0.0167 0.9800
1305031465.8955 -0.6586 0.2147 -0.4312 0.0519 -0.1903 -0.0135 0.9803
1305031465.9275 -0.6353 0.2230 -0.4274 0.0562 -0.1842 -0.0116 0.9812
1305031465.9597 -0.6126 0.2421 -0.4278 0.0680 -0.1773 -0.0116 0.9817
1305031465.9958 -0.5975 0.2635 -0.4318 0.0768 -0.1700 -0.0147 0.9823
1305031466.0276 -0.5799 0.2859 -0.4342 0.0838 -0.1678 -0.0158 0.9821
1305031466.0598 -0.5636 0.3109 -0.4363 0.0840 -0.1655 -0.0150 0.9825
1305031466.0958 -0.5501 0.3273 -0.4408 0.0794 -0.1660 -0.0154 0.9828
1305031466.1276 -0.5332 0.3428 -0.4445 0.0737 -0.1704 -0.0161 0.9825
1305031466.1604 -0.5191 0.3574 -0.4532 0.0681 -0.1745 -0.0149 0.9822
1305031466.1958 -0.5052 0.3748 -0.4623 0.0611 -0.1817 -0.0153 0.9813
1305031466.2280 -0.4849 0.3820 -0.4672 0.0498 -0.1909 -0.0213 0.9801
1305031466.2598 -0.4592 0.3790 -0.4697 0.0455 -0.1960 -0.0289 0.9791
1305031466.2957 -0.4355 0.3886 -0.4761 0.0502 -0.1925 -0.0401 0.9792
1305031466.3277 -0.4171 0.3993 -0.4875 0.0528 -0.1825 -0.0493 0.9805
1305031466.3598 -0.4015 0.4048 -0.4981 0.0483 -0.1733 -0.0561 0.9821
1305031466.3958 -0.3884 0.3959 -0.5088 0.0456 -0.1694 -0.0608 0.9826
1305031466.4278 -0.3736 0.4067 -0.5212 0.0533 -0.1710 -0.0643 0.9817
1305031466.4598 -0.3539 0.4176 -0.5281 0.0542 -0.1763 -0.0683 0.9805
1305031466.4958 -0.3298 0.4220 -0.5288 0.0498 -0.1815 -0.0694 0.9797
1305031466.5275 -0.3041 0.4223 -0.5269 0.0471 -0.1818 -0.0697 0.9797
1305031466.5604 -0.2845 0.4336 -0.5315 0.0471 -0.1777 -0.0716 0.9803
1305031466.5959 -0.2633 0.4416 -0.5316 0.0400 -0.1774 -0.0755 0.9804
1305031466.6275 -0.2399 0.4289 -0.5237 0.0313 -0.1774 -0.0806 0.9803
1305031466.6597 -0.2196 0.4311 -0.5254 0.0381 -0.1747 -0.0850 0.9802
1305031466.6958 -0.2009 0.4466 -0.5296 0.0423 -0.1746 -0.0923 0.9794
1305031466.7281 -0.1798 0.4469 -0.5235 0.0367 -0.1779 -0.1023 0.9780
1305031466.7596 -0.1606 0.4381 -0.5174 0.0379 -0.1788 -0.1103 0.9769
1305031466.7956 -0.1424 0.4474 -0.5226 0.0463 -0.1799 -0.1149 0.9759
1305031466.8279 -0.1236 0.4529 -0.5230 0.0444 -0.1843 -0.1180 0.9747
1305031466.8597 -0.1116 0.4479 -0.5202 0.0409 -0.1896 -0.1182 0.9739
1305031466.8957 -0.0943 0.4490 -0.5248 0.0436 -0.2011 -0.1181 0.9714
1305031466.9278 -0.0742 0.4480 -0.5274 0.0430 -0.2155 -0.1202 0.9681
1305031466.9597 -0.0562 0.4446 -0.5245 0.0429 -0.2255 -0.1222 0.9656
1305031466.9957 -0.0368 0.4438 -0.5251 0.0439 -0.2308 -0.1254 0.9639
1305031467.0278 -0.0201 0.4431 -0.5251 0.0446 -0.2349 -0.1296 0.9623
1305031467.0597 -0.0024 0.4428 -0.5252 0.0452 -0.2375 -0.1333 0.9611
1305031467.0957 0.0143 0.4435 -0.5256 0.0440 -0.2388 -0.1384 0.9602
1305031467.1290 0.0269 0.4438 -0.5224 0.0463 -0.2414 -0.1486 0.9579
1305031467.1597 0.0416 0.4439 -0.5216 0.0492 -0.2447 -0.1559 0.9557
1305031467.1957 0.0558 0.4446 -0.5230 0.0510 -0.2494 -0.1600 0.9537
1305031467.2277 0.0692 0.4454 -0.5224 0.0526 -0.2558 -0.1653 0.9510
1305031467.2597 0.0826 0.4457 -0.5213 0.0552 -0.2609 -0.1702 0.9486
1305031467.2958 0.0975 0.4469 -0.5225 0.0584 -0.2660 -0.1760 0.9460
1305031467.3280 0.1129 0.4475 -0.5245 0.0600 -0.2716 -0.1803 0.9435
1305031467.3597 0.1295 0.4507 -0.5270 0.0574 -0.2779 -0.1819 0.9415
1305031467.3958 0.1435 0.4527 -0.5271 0.0533 -0.2841 -0.1875 0.9388
1305031467.4278 0.1563 0.4526 -0.5250 0.0527 -0.2896 -0.1915 0.9363
1305031467.4597 0.1724 0.4536 -0.5285 0.0528 -0.2960 -0.1929 0.9340
1305031467.4961 0.1895 0.4548 -0.5327 0.0492 -0.3019 -0.1986 0.9311
1305031467.5277 0.2030 0.4564 -0.5286 0.0468 -0.3044 -0.2059 0.9289
1305031467.5598 0.2155 0.4546 -0.5247 0.0478 -0.3055 -0.2081 0.9279
1305031467.5960 0.2287 0.4529 -0.5245 0.0472 -0.3072 -0.2065 0.9278
1305031467.6275 0.2354 0.4444 -0.5192 0.0471 -0.3118 -0.2040 0.9268
1305031467.6596 0.2484 0.4401 -0.5157 0.0528 -0.3177 -0.1999 0.9254
1305031467.6959 0.2590 0.4368 -0.5129 0.0561 -0.3207 -0.2023 0.9236
1305031467.7275 0.2624 0.4305 -0.5002 0.0616 -0.3226 -0.2068 0.9216
1305031467.7599 0.2687 0.4249 -0.4908 0.0683 -0.3251 -0.2077 0.9201
1305031467.7961 0.2735 0.4219 -0.4798 0.0739 -0.3277 -0.2103 0.9181
1305031467.8278 0.2714 0.4133 -0.4609 0.0793 -0.3307 -0.2102 0.9166
1305031467.8597 0.2719 0.4053 -0.4475 0.0859 -0.3355 -0.2060 0.9152
1305031467.8959 0.2744 0.4018 -0.4378 0.0913 -0.3420 -0.2049 0.9125
1305031467.9278 0.2721 0.3917 -0.4182 0.0945 -0.3496 -0.2077 0.9087
1305031467.9598 0.2711 0.3794 -0.3999 0.1007 -0.3553 -0.2081 0.9057
1305031467.9958 0.2747 0.3805 -0.3827 0.1068 -0.3577 -0.2098 0.9037
1305031468.0281 0.2668 0.3670 -0.3611 0.1052 -0.3578 -0.2134 0.9030
1305031468.0598 0.2613 0.3536 -0.3463 0.1104 -0.3594 -0.2154 0.9013
1305031468.0959 0.2632 0.3488 -0.3301 0.1140 -0.3630 -0.2166 0.8991
1305031468.1278 0.2581 0.3338 -0.3097 0.1124 -0.3653 -0.2182 0.8980
1305031468.1599 0.2561 0.3218 -0.2930 0.1151 -0.3670 -0.2210 0.8962
1305031468.1960 0.2550 0.3109 -0.2751 0.1162 -0.3676 -0.2246 0.8949
1305031468.2282 0.2509 0.2939 -0.2582 0.1145 -0.3667 -0.2249 0.8954
1305031468.2598 0.2489 0.2799 -0.2421 0.1148 -0.3651 -0.2236 0.8964
1305031468.2958 0.2456 0.2648 -0.2282 0.1146 -0.3624 -0.2240 0.8974
1305031468.3278 0.2407 0.2435 -0.2150 0.1152 -0.3603 -0.2221 0.8987
1305031468.3598 0.2426 0.2331 -0.2055 0.1194 -0.3579 -0.2170 0.9003
1305031468.4598 0.2405 0.1780 -0.1841 0.1098 -0.3569 -0.2159 0.9022
1305031468.5278 0.2322 0.1391 -0.1739 0.1071 -0.3528 -0.2226 0.9025
1305031468.5597 0.2264 0.1208 -0.1732 0.1142 -0.3524 -0.2297 0.9000
1305031468.6596 0.2054 0.0721 -0.1733 0.1086 -0.3556 -0.2388 0.8971
1305031468.6958 0.1971 0.0549 -0.1737 0.1126 -0.3614 -0.2416 0.8935
1305031468.7278 0.1917 0.0429 -0.1712 0.1168 -0.3678 -0.2419 0.8902
1305031468.7596 0.1852 0.0292 -0.1686 0.1176 -0.3724 -0.2422 0.8882
1305031468.7958 0.1755 0.0081 -0.1675 0.1205 -0.3745 -0.2467 0.8856
1305031468.8292 0.1690 -0.0031 -0.1669 0.1295 -0.3764 -0.2510 0.8823
1305031468.9281 0.1566 -0.0289 -0.1527 0.1273 -0.3674 -0.2537 0.8857
1305031468.9957 0.1482 -0.0175 -0.1509 0.1126 -0.3559 -0.2562 0.8916
1305031469.0598 0.1268 -0.0403 -0.1461 0.0807 -0.3478 -0.2746 0.8928
1305031469.1597 0.1157 -0.0626 -0.1109 0.0523 -0.3320 -0.3061 0.8907
1305031469.2278 0.0923 -0.0729 -0.1001 0.0413 -0.3135 -0.3162 0.8945
1305031469.2968 0.0798 -0.0761 -0.0789 0.0331 -0.3058 -0.3235 0.8948
1305031469.3276 0.0739 -0.0717 -0.0696 0.0294 -0.3019 -0.3254 0.8956
1305031469.3596 0.0732 -0.0774 -0.0512 0.0227 -0.2991 -0.3308 0.8948
1305031469.3957 0.0670 -0.0821 -0.0378 0.0214 -0.2884 -0.3364 0.8962
1305031469.4277 0.0616 -0.0746 -0.0283 0.0252 -0.2760 -0.3417 0.8980
1305031469.4597 0.0525 -0.0677 -0.0178 0.0268 -0.2651 -0.3486 0.8986
1305031469.4957 0.0388 -0.0573 -0.0098 0.0278 -0.2569 -0.3520 0.8996
1305031469.5276 0.0346 -0.0450 0.0014 0.0262 -0.2565 -0.3520 0.8998
1305031469.5596 0.0318 -0.0375 0.0153 0.0202 -0.2574 -0.3531 0.8993
1305031469.6596 0.0163 -0.0163 0.0554 -0.0039 -0.2510 -0.3553 0.9004
1305031469.7596 0.0014 0.0206 0.0886 -0.0173 -0.2375 -0.3512 0.9055
1305031469.9279 -0.0473 0.0957 0.1256 -0.0471 -0.2342 -0.3425 0.9087
1305031470.1276 -0.1036 0.1902 0.1318 -0.0628 -0.2389 -0.3345 0.9095
1305031470.2957 -0.1543 0.2595 0.1123 -0.0862 -0.2365 -0.3236 0.9121
1305031470.4597 -0.2112 0.3204 0.0882 -0.1064 -0.2374 -0.3160 0.9124
1305031470.6597 -0.2709 0.3679 0.0575 -0.1161 -0.2351 -0.3042 0.9158
1305031470.6956 -0.2804 0.3757 0.0543 -0.1189 -0.2353 -0.3014 0.9163
1305031470.7277 -0.2909 0.3812 0.0523 -0.1195 -0.2354 -0.2996 0.9168
1305031470.7597 -0.2973 0.3833 0.0474 -0.1222 -0.2324 -0.2967 0.9182
1305031470.7956 -0.3058 0.3910 0.0464 -0.1230 -0.2277 -0.2927 0.9205
1305031470.8278 -0.3148 0.3964 0.0439 -0.1195 -0.2277 -0.2875 0.9226
1305031470.8596 -0.3236 0.3991 0.0398 -0.1160 -0.2284 -0.2828 0.9243
1305031470.8957 -0.3319 0.4027 0.0343 -0.1129 -0.2293 -0.2773 0.9262
1305031470.9277 -0.3411 0.4050 0.0313 -0.1098 -0.2327 -0.2729 0.9270
1305031470.9596 -0.3505 0.4053 0.0271 -0.1018 -0.2368 -0.2694 0.9279
1305031470.9960 -0.3554 0.4074 0.0227 -0.0931 -0.2397 -0.2655 0.9292
1305031471.0276 -0.3632 0.4065 0.0192 -0.0854 -0.2394 -0.2623 0.9309
1305031471.0596 -0.3713 0.4071 0.0134 -0.0763 -0.2372 -0.2567 0.9338
1305031471.0958 -0.3785 0.4102 0.0074 -0.0678 -0.2363 -0.2486 0.9369
1305031471.1277 -0.3854 0.4094 0.0031 -0.0636 -0.2375 -0.2414 0.9388
1305031471.1596 -0.3893 0.4099 -0.0018 -0.0587 -0.2382 -0.2343 0.9407
1305031471.1957 -0.3938 0.4112 -0.0058 -0.0564 -0.2360 -0.2277 0.9430
1305031471.2276 -0.4009 0.4127 -0.0096 -0.0565 -0.2321 -0.2228 0.9452
1305031471.2597 -0.4080 0.4111 -0.0119 -0.0586 -0.2300 -0.2198 0.9462
1305031471.2961 -0.4138 0.4088 -0.0134 -0.0592 -0.2285 -0.2154 0.9476
1305031471.3276 -0.4152 0.4089 -0.0162 -0.0551 -0.2261 -0.2115 0.9493
1305031471.3596 -0.4178 0.4104 -0.0198 -0.0535 -0.2187 -0.2086 0.9517
1305031471.3957 -0.4270 0.4060 -0.0226 -0.0558 -0.2100 -0.2041 0.9545
1305031471.4277 -0.4339 0.4069 -0.0292 -0.0527 -0.2058 -0.1966 0.9572
1305031471.4596 -0.4370 0.4082 -0.0340 -0.0525 -0.2060 -0.1914 0.9582
1305031471.5276 -0.4448 0.4073 -0.0412 -0.0558 -0.2041 -0.1830 0.9601
1305031471.5597 -0.4458 0.4082 -0.0447 -0.0558 -0.2029 -0.1810 0.9607
1305031471.5957 -0.4483 0.4076 -0.0488 -0.0564 -0.1981 -0.1788 0.9621
1305031471.6276 -0.4507 0.4062 -0.0535 -0.0570 -0.1929 -0.1769 0.9635
1305031471.6596 -0.4534 0.4043 -0.0579 -0.0572 -0.1875 -0.1732 0.9652
1305031471.7958 -0.4553 0.4032 -0.0758 -0.0610 -0.1684 -0.1518 0.9720
1305031471.9956 -0.4669 0.4192 -0.0867 -0.0788 -0.1332 -0.1254 0.9800
1305031472.3277 -0.5175 0.4374 -0.0941 -0.0747 -0.0909 -0.1041 0.9876
1305031472.5957 -0.5202 0.4178 -0.0960 -0.0660 -0.0968 -0.0966 0.9884
1305031472.8276 -0.5141 0.3931 -0.0878 -0.0587 -0.1004 -0.0945 0.9887
