1305031453.4237 0.0050 0.0025 -0.0085 0.0010 0.0040 0.0093 0.9999
1305031453.4597 0.0077 0.0076 -0.0185 0.0053 0.0106 0.0172 0.9998
1305031453.4917 0.0101 0.0110 -0.0296 0.0090 0.0172 0.0278 0.9994
1305031453.5237 0.0119 0.0170 -0.0434 0.0161 0.0218 0.0372 0.9989
1305031453.5598 0.0141 0.0216 -0.0562 0.0227 0.0240 0.0442 0.9985
1305031453.5916 0.0105 0.0298 -0.0718 0.0309 0.0280 0.0482 0.9980
1305031453.6277 0.0074 0.0335 -0.0859 0.0368 0.0290 0.0531 0.9975
1305031453.6596 0.0017 0.0380 -0.0978 0.0433 0.0261 0.0517 0.9974
1305031453.6917 -0.0017 0.0515 -0.1126 0.0521 0.0203 0.0476 0.9973
1305031453.7277 -0.0060 0.0589 -0.1247 0.0560 0.0151 0.0442 0.9973
1305031453.7597 -0.0132 0.0628 -0.1383 0.0596 0.0062 0.0370 0.9975
1305031453.7917 -0.0184 0.0740 -0.1510 0.0648 -0.0034 0.0288 0.9975
1305031453.8278 -0.0272 0.0812 -0.1642 0.0676 -0.0108 0.0232 0.9974
1305031453.8597 -0.0377 0.0846 -0.1763 0.0681 -0.0233 0.0169 0.9973
1305031453.8917 -0.0410 0.0922 -0.1857 0.0679 -0.0419 0.0099 0.9968
1305031453.9277 -0.0577 0.0938 -0.1903 0.0644 -0.0583 0.0056 0.9962
1305031453.9596 -0.0641 0.0983 -0.1953 0.0622 -0.0752 -0.0046 0.9952
1305031453.9916 -0.0763 0.0994 -0.1914 0.0612 -0.0867 -0.0172 0.9942
1305031454.0277 -0.0854 0.1004 -0.1916 0.0632 -0.0995 -0.0272 0.9927
1305031454.0597 -0.0963 0.1036 -0.1929 0.0640 -0.1107 -0.0394 0.9910
1305031454.0917 -0.1069 0.1136 -0.1723 0.0683 -0.1227 -0.0560 0.9885
1305031454.1277 -0.1161 0.1306 -0.1271 0.0791 -0.1367 -0.0748 0.9846
1305031454.1597 -0.1182 0.1342 -0.1080 0.0794 -0.1419 -0.0732 0.9840
1305031454.1917 -0.1148 0.1357 -0.1027 0.0801 -0.1441 -0.0687 0.9839
1305031454.2277 -0.0972 0.1373 -0.0912 0.0813 -0.1522 -0.0627 0.9830
1305031454.2596 -0.0579 0.1416 -0.0834 0.0866 -0.1657 -0.0541 0.9809
1305031454.2916 -0.1008 0.1683 -0.0629 0.0962 -0.1606 -0.0646 0.9802
1305031454.3277 -0.1603 0.2035 -0.0427 0.1114 -0.1509 -0.0763 0.9793
1305031454.3596 -0.2228 0.2586 -0.0387 0.1353 -0.1322 -0.0705 0.9794
1305031454.3917 -0.2527 0.2817 -0.0238 0.1453 -0.1304 -0.0804 0.9775
1305031454.4275 -0.2400 0.2770 -0.0260 0.1457 -0.1341 -0.0811 0.9768
1305031454.4599 -0.2719 0.2989 0.0002 0.1563 -0.1333 -0.0908 0.9745
1305031454.4916 -0.2823 0.3028 0.0056 0.1586 -0.1358 -0.1080 0.9720
1305031454.5277 -0.3177 0.3250 0.0262 0.1657 -0.1298 -0.1183 0.9704
1305031454.5596 -0.3565 0.3375 0.0506 0.1676 -0.1233 -0.1250 0.9701
1305031454.5916 -0.3453 0.3249 0.0503 0.1632 -0.1276 -0.1245 0.9704
1305031454.6276 -0.3321 0.3179 0.0540 0.1618 -0.1336 -0.1220 0.9701
1305031454.6595 -0.3252 0.3103 0.0679 0.1578 -0.1403 -0.1184 0.9703
1305031454.6919 -0.3119 0.2971 0.0885 0.1514 -0.1517 -0.1158 0.9699
1305031454.7277 -0.2460 0.3092 0.1527 0.1617 -0.1927 -0.1019 0.9625
1305031454.7597 -0.2522 0.3133 0.1835 0.1624 -0.2015 -0.0998 0.9608
1305031454.7916 -0.2533 0.3200 0.1904 0.1596 -0.2064 -0.0907 0.9611
1305031454.8276 -0.2565 0.3262 0.1984 0.1572 -0.2084 -0.0850 0.9616
1305031454.8596 -0.2598 0.3308 0.2021 0.1512 -0.2064 -0.0783 0.9635
1305031454.8918 -0.2595 0.3342 0.2011 0.1449 -0.2030 -0.0692 0.9659
1305031454.9276 -0.2607 0.3415 0.1992 0.1395 -0.1986 -0.0608 0.9682
1305031454.9596 -0.2653 0.3493 0.1978 0.1354 -0.1940 -0.0527 0.9702
1305031454.9919 -0.2710 0.3550 0.1937 0.1314 -0.1915 -0.0451 0.9716
1305031455.0278 -0.2833 0.3658 0.1930 0.1328 -0.1888 -0.0431 0.9720
1305031455.0596 -0.2832 0.3774 0.1962 0.1337 -0.1888 -0.0414 0.9720
1305031455.0917 -0.2843 0.3878 0.1977 0.1374 -0.1882 -0.0402 0.9716
1305031455.1277 -0.2911 0.3974 0.1976 0.1389 -0.1848 -0.0380 0.9722
1305031455.1597 -0.3008 0.4018 0.1938 0.1358 -0.1813 -0.0315 0.9735
1305031455.1917 -0.3154 0.4072 0.1949 0.1337 -0.1782 -0.0260 0.9745
1305031455.2276 -0.3300 0.4116 0.1935 0.1343 -0.1742 -0.0211 0.9753
1305031455.2596 -0.3403 0.4222 0.1924 0.1321 -0.1709 -0.0127 0.9763
1305031455.2918 -0.3528 0.4198 0.1896 0.1219 -0.1677 -0.0015 0.9783
1305031455.3278 -0.3684 0.4258 0.1845 0.1175 -0.1660 0.0107 0.9790
1305031455.3596 -0.3789 0.4300 0.1850 0.1098 -0.1668 0.0172 0.9797
1305031455.3917 -0.3885 0.4240 0.1840 0.0974 -0.1635 0.0264 0.9814
1305031455.4276 -0.4038 0.4212 0.1776 0.0885 -0.1579 0.0383 0.9827
1305031455.4596 -0.4159 0.4147 0.1713 0.0824 -0.1562 0.0478 0.9831
1305031455.4916 -0.4257 0.4101 0.1649 0.0753 -0.1558 0.0610 0.9830
1305031455.5276 -0.4385 0.3982 0.1563 0.0670 -0.1545 0.0761 0.9828
1305031455.5597 -0.4521 0.3890 0.1470 0.0626 -0.1569 0.0911 0.9814
1305031455.5916 -0.4636 0.3878 0.1408 0.0606 -0.1609 0.1070 0.9793
1305031455.6276 -0.4737 0.3733 0.1346 0.0530 -0.1622 0.1201 0.9780
1305031455.6596 -0.4871 0.3593 0.1234 0.0524 -0.1595 0.1261 0.9777
1305031455.6916 -0.5013 0.3510 0.1129 0.0539 -0.1568 0.1260 0.9781
1305031455.7276 -0.5094 0.3474 0.1054 0.0568 -0.1555 0.1229 0.9785
1305031455.7597 -0.5224 0.3304 0.0944 0.0526 -0.1493 0.1205 0.9800
1305031455.7917 -0.5345 0.3134 0.0817 0.0504 -0.1432 0.1216 0.9809
1305031455.8276 -0.5436 0.3110 0.0685 0.0539 -0.1408 0.1240 0.9808
1305031455.8595 -0.5537 0.3100 0.0597 0.0565 -0.1393 0.1217 0.9811
1305031455.8917 -0.5597 0.3004 0.0477 0.0550 -0.1379 0.1240 0.9811
1305031455.9280 -0.5693 0.2773 0.0352 0.0475 -0.1332 0.1237 0.9822
1305031455.9597 -0.5775 0.2776 0.0291 0.0483 -0.1298 0.1220 0.9828
1305031455.9917 -0.5820 0.2788 0.0252 0.0479 -0.1277 0.1205 0.9833
1305031456.0278 -0.5893 0.2794 0.0154 0.0438 -0.1237 0.1190 0.9842
1305031456.0597 -0.5953 0.2663 0.0100 0.0318 -0.1210 0.1122 0.9858
1305031456.0917 -0.5996 0.2573 0.0084 0.0257 -0.1191 0.1077 0.9867
1305031456.1276 -0.6010 0.2576 0.0064 0.0269 -0.1182 0.1075 0.9868
1305031456.1597 -0.6079 0.2466 0.0055 0.0244 -0.1120 0.1064 0.9877
1305031456.1917 -0.6115 0.2391 0.0031 0.0285 -0.1041 0.1091 0.9881
1305031456.2277 -0.6187 0.2369 -0.0004 0.0296 -0.0941 0.1146 0.9885
1305031456.2917 -0.6326 0.2128 0.0014 0.0250 -0.0722 0.1233 0.9894
1305031456.3277 -0.6400 0.2043 0.0032 0.0275 -0.0611 0.1304 0.9892
1305031456.3916 -0.6551 0.1898 0.0109 0.0270 -0.0369 0.1415 0.9889
1305031456.4277 -0.6705 0.1831 0.0142 0.0313 -0.0239 0.1501 0.9879
1305031456.4917 -0.7090 0.1738 0.0236 0.0244 -0.0150 0.1630 0.9862
1305031456.5276 -0.7173 0.1710 0.0359 0.0202 -0.0193 0.1687 0.9853
1305031456.5917 -0.7358 0.1672 0.0547 0.0194 -0.0161 0.1810 0.9832
1305031456.6276 -0.7517 0.1750 0.0655 0.0097 -0.0126 0.1873 0.9822
1305031456.6916 -0.7746 0.1411 0.0885 -0.0076 -0.0037 0.2021 0.9793
1305031456.7277 -0.7937 0.1475 0.0962 -0.0089 -0.0028 0.2130 0.9770
1305031456.7916 -0.7987 0.1763 0.0759 -0.0018 -0.0049 0.2120 0.9773
1305031456.8276 -0.8107 0.1886 0.0888 0.0018 -0.0092 0.2195 0.9756
1305031456.8917 -0.8219 0.1696 0.1134 -0.0105 -0.0091 0.2299 0.9731
1305031456.9277 -0.8336 0.1713 0.1215 -0.0052 -0.0028 0.2368 0.9715
1305031456.9597 -0.8524 0.1755 0.1278 -0.0066 0.0044 0.2431 0.9700
1305031456.9917 -0.8613 0.1653 0.1349 -0.0171 0.0072 0.2454 0.9693
1305031457.0276 -0.8716 0.1592 0.1404 -0.0200 0.0109 0.2495 0.9681
1305031457.0917 -0.8960 0.1536 0.1453 -0.0333 0.0192 0.2598 0.9649
1305031457.1276 -0.9020 0.1421 0.1466 -0.0392 0.0239 0.2638 0.9635
1305031457.1917 -0.9281 0.1330 0.1381 -0.0393 0.0397 0.2766 0.9593
1305031457.2275 -0.9395 0.1226 0.1345 -0.0456 0.0460 0.2823 0.9571
1305031457.2917 -0.9580 0.1041 0.1203 -0.0400 0.0619 0.2948 0.9527
1305031457.3275 -0.9727 0.1023 0.1113 -0.0381 0.0725 0.2997 0.9505
1305031457.3917 -0.9948 0.0745 0.0951 -0.0415 0.0958 0.3136 0.9438
1305031457.4276 -1.0150 0.0663 0.0867 -0.0395 0.1066 0.3209 0.9403
1305031457.4917 -1.0545 0.0781 0.0847 -0.0235 0.1174 0.3202 0.9398
1305031457.5276 -1.0668 0.0752 0.0733 -0.0164 0.1215 0.3222 0.9387
1305031457.5597 -1.0756 0.0599 0.0646 -0.0175 0.1267 0.3266 0.9365
1305031457.5917 -1.0910 0.0524 0.0557 -0.0150 0.1323 0.3315 0.9340
1305031457.6275 -1.1034 0.0364 0.0511 -0.0160 0.1360 0.3320 0.9333
1305031457.6596 -1.1209 0.0393 0.0431 -0.0086 0.1387 0.3363 0.9314
1305031457.6916 -1.1289 0.0231 0.0357 -0.0165 0.1374 0.3395 0.9304
1305031457.7277 -1.1318 0.0002 0.0319 -0.0219 0.1380 0.3378 0.9308
1305031457.7596 -1.1403 -0.0091 0.0236 -0.0172 0.1406 0.3358 0.9312
1305031457.7916 -1.1420 -0.0261 0.0203 -0.0134 0.1466 0.3332 0.9313
1305031457.8277 -1.1544 -0.0263 0.0088 -0.0017 0.1553 0.3346 0.9295
1305031457.8596 -1.1630 -0.0409 0.0026 -0.0020 0.1639 0.3359 0.9275
1305031457.8916 -1.1671 -0.0637 0.0010 0.0009 0.1726 0.3362 0.9258
1305031457.9276 -1.1821 -0.0709 -0.0047 0.0148 0.1798 0.3411 0.9226
1305031457.9916 -1.1955 -0.0943 -0.0075 0.0250 0.1830 0.3463 0.9198
1305031458.0278 -1.1983 -0.1100 -0.0032 0.0312 0.1883 0.3468 0.9183
1305031458.0597 -1.2166 -0.1034 0.0045 0.0436 0.1959 0.3478 0.9158
1305031458.0917 -1.2296 -0.1071 0.0127 0.0446 0.2005 0.3501 0.9139
1305031458.1276 -1.2346 -0.1178 0.0221 0.0428 0.2028 0.3518 0.9128
1305031458.1596 -1.2425 -0.1304 0.0345 0.0440 0.2056 0.3537 0.9114
1305031458.1916 -1.2519 -0.1193 0.0551 0.0507 0.2036 0.3593 0.9093
1305031458.2276 -1.2504 -0.1326 0.0696 0.0443 0.1973 0.3609 0.9104
1305031458.2599 -1.2530 -0.1343 0.0902 0.0465 0.1946 0.3530 0.9140
1305031458.2917 -1.2581 -0.1219 0.1205 0.0617 0.1919 0.3490 0.9152
1305031458.3276 -1.2619 -0.1051 0.1496 0.0722 0.1854 0.3457 0.9170
1305031458.3596 -1.2621 -0.1121 0.1723 0.0823 0.1832 0.3423 0.9179
1305031458.3916 -1.2690 -0.1040 0.1848 0.1007 0.1804 0.3434 0.9162
1305031458.4276 -1.2744 -0.1018 0.2033 0.1114 0.1812 0.3480 0.9131
1305031458.4596 -1.2893 -0.0949 0.2288 0.1286 0.1923 0.3482 0.9084
1305031458.4917 -1.2898 -0.1002 0.2476 0.1472 0.2068 0.3462 0.9032
1305031458.5277 -1.2941 -0.0966 0.2671 0.1620 0.2185 0.3451 0.8983
1305031458.5596 -1.2934 -0.0981 0.2857 0.1670 0.2270 0.3457 0.8950
1305031458.5916 -1.3025 -0.0964 0.3078 0.1782 0.2360 0.3417 0.8921
1305031458.6277 -1.3165 -0.0785 0.3350 0.1871 0.2371 0.3378 0.8914
1305031458.6596 -1.3184 -0.0762 0.3654 0.1838 0.2341 0.3343 0.8943
1305031458.6917 -1.3699 -0.0646 0.4601 0.2088 0.2514 0.3242 0.8877
1305031458.7276 -1.3364 -0.0628 0.4913 0.2108 0.2348 0.3116 0.8963
1305031458.7599 -1.3334 -0.0537 0.5397 0.2246 0.2290 0.2926 0.9008
1305031458.7916 -1.3334 -0.0551 0.5874 0.2289 0.2247 0.2820 0.9042
1305031458.8276 -1.3182 -0.0603 0.6097 0.2246 0.2158 0.2786 0.9085
1305031458.8917 -1.3082 -0.0680 0.6301 0.2308 0.2163 0.2654 0.9108
1305031458.9276 -1.3149 -0.0757 0.6351 0.2263 0.2218 0.2742 0.9080
1305031458.9596 -1.3151 -0.0871 0.6381 0.2185 0.2231 0.2891 0.9049
1305031458.9916 -1.3154 -0.1079 0.6402 0.2184 0.2265 0.2948 0.9023
1305031459.0277 -1.3328 -0.1057 0.6736 0.2344 0.2336 0.2854 0.8994
1305031459.0596 -1.3384 -0.1003 0.7169 0.2527 0.2310 0.2844 0.8955
1305031459.1276 -1.3408 -0.0532 1.1381 0.3165 0.3340 0.2317 0.8571
1305031459.1596 -1.2784 -0.0019 1.1363 0.3374 0.2956 0.2187 0.8666
1305031459.1917 -1.2717 -0.0062 1.1483 0.3486 0.2737 0.2201 0.8690
1305031459.2276 -1.2684 -0.0137 1.1584 0.3543 0.2581 0.2270 0.8697
1305031459.2598 -1.2566 -0.0155 1.1747 0.3570 0.2516 0.2335 0.8688
1305031459.3276 -1.2145 0.0479 1.2133 0.3738 0.2481 0.2292 0.8638
1305031459.3597 -1.2171 0.0498 1.2328 0.3804 0.2655 0.2509 0.8496
1305031459.3917 -1.1474 0.0969 1.3260 0.4072 0.2641 0.2301 0.8435
1305031459.4276 -1.0792 0.1353 1.4503 0.4365 0.2800 0.1915 0.8333
1305031459.4597 -1.0859 0.1352 1.4571 0.4418 0.2949 0.2393 0.8128
1305031459.5276 -0.9335 0.2310 1.6414 0.5106 0.2885 0.2052 0.7836
1305031459.5596 -0.9480 0.2316 1.6322 0.5097 0.2823 0.2430 0.7755
1305031459.5917 -0.9591 0.2318 1.6380 0.5102 0.2763 0.2663 0.7697
1305031459.6276 -0.9642 0.2265 1.6406 0.5070 0.2716 0.2787 0.7691
1305031459.6596 -0.9703 0.2271 1.6549 0.5091 0.2769 0.2807 0.7651
1305031459.6916 -0.9841 0.2219 1.6591 0.5047 0.2828 0.2937 0.7610
1305031459.7276 -0.9996 0.2118 1.6538 0.4991 0.2861 0.3039 0.7594
1305031459.7917 -1.0385 0.1913 1.6603 0.5000 0.2975 0.3036 0.7545
1305031459.8277 -1.0544 0.1807 1.6644 0.4988 0.2991 0.3022 0.7553
1305031459.8597 -1.0716 0.1692 1.6700 0.4955 0.2997 0.3020 0.7573
1305031459.8916 -1.0835 0.1558 1.6698 0.4912 0.2949 0.3046 0.7609
1305031459.9276 -1.0942 0.1423 1.6687 0.4903 0.2909 0.3068 0.7622
1305031459.9917 -1.1154 0.1180 1.6706 0.4864 0.2849 0.3143 0.7639
1305031460.0276 -1.1245 0.1040 1.6676 0.4851 0.2831 0.3179 0.7639
1305031460.0597 -1.1355 0.0921 1.6731 0.4875 0.2837 0.3184 0.7619
1305031460.0917 -1.1478 0.0774 1.6715 0.4895 0.2762 0.3234 0.7613
1305031460.1277 -1.1548 0.0642 1.6698 0.4946 0.2637 0.3269 0.7609
1305031460.1597 -1.1620 0.0533 1.6729 0.5008 0.2532 0.3293 0.7594
1305031460.1916 -1.1652 0.0412 1.6745 0.5005 0.2447 0.3327 0.7609
1305031460.2278 -1.1605 0.0276 1.6719 0.5000 0.2435 0.3344 0.7609
1305031460.2917 -1.1657 0.0072 1.6699 0.5023 0.2571 0.3389 0.7528
1305031460.3275 -1.1697 -0.0016 1.6659 0.5034 0.2621 0.3442 0.7480
1305031460.3916 -1.1724 -0.0225 1.6649 0.5004 0.2755 0.3582 0.7385
1305031460.4275 -1.1747 -0.0328 1.6621 0.4999 0.2814 0.3673 0.7321
1305031460.4596 -1.1748 -0.0395 1.6633 0.4992 0.2902 0.3753 0.7251
1305031460.4915 -1.1787 -0.0491 1.6596 0.4931 0.2979 0.3901 0.7183
1305031460.5276 -1.1807 -0.0601 1.6528 0.4865 0.3014 0.4060 0.7125
1305031460.5596 -1.1820 -0.0710 1.6462 0.4805 0.3069 0.4156 0.7087
1305031460.5919 -1.1878 -0.0826 1.6429 0.4762 0.3145 0.4214 0.7048
1305031460.6276 -1.1904 -0.0938 1.6373 0.4728 0.3199 0.4279 0.7007
1305031460.6598 -1.1963 -0.1039 1.6361 0.4712 0.3261 0.4317 0.6966
1305031460.6917 -1.2008 -0.1140 1.6322 0.4682 0.3269 0.4371 0.6948
1305031460.7277 -1.2023 -0.1189 1.6341 0.4657 0.3277 0.4388 0.6951
1305031460.7597 -1.2029 -0.1309 1.6293 0.4616 0.3326 0.4398 0.6949
1305031460.7917 -1.2070 -0.1418 1.6307 0.4597 0.3359 0.4418 0.6933
1305031460.8277 -1.2076 -0.1551 1.6339 0.4554 0.3405 0.4398 0.6952
1305031460.8597 -1.2073 -0.1673 1.6318 0.4488 0.3451 0.4405 0.6967
1305031460.8918 -1.2081 -0.1822 1.6301 0.4419 0.3514 0.4412 0.6975
1305031460.9276 -1.2090 -0.1959 1.6314 0.4381 0.3538 0.4434 0.6974
1305031460.9917 -1.2014 -0.2243 1.6167 0.4327 0.3552 0.4492 0.6963
1305031461.0276 -1.2019 -0.2347 1.6120 0.4351 0.3549 0.4509 0.6938
1305031461.0917 -1.2011 -0.2596 1.6124 0.4362 0.3554 0.4498 0.6936
1305031461.1276 -1.1970 -0.2688 1.6028 0.4343 0.3545 0.4492 0.6957
1305031461.1597 -1.1953 -0.2737 1.6006 0.4389 0.3546 0.4468 0.6943
1305031461.1920 -1.1942 -0.2785 1.5998 0.4418 0.3552 0.4436 0.6942
1305031461.2276 -1.1901 -0.2916 1.5971 0.4396 0.3585 0.4419 0.6949
1305031461.2596 -1.1887 -0.2962 1.5944 0.4425 0.3585 0.4391 0.6949
1305031461.2917 -1.1855 -0.3030 1.5924 0.4437 0.3611 0.4340 0.6960
1305031461.3278 -1.1809 -0.3055 1.5904 0.4442 0.3635 0.4315 0.6960
1305031461.3597 -1.1768 -0.3088 1.5943 0.4408 0.3674 0.4307 0.6966
1305031461.3917 -1.1705 -0.3202 1.5832 0.4318 0.3657 0.4357 0.7000
1305031461.4276 -1.1652 -0.3221 1.5760 0.4309 0.3646 0.4358 0.7010
1305031461.4598 -1.1600 -0.3268 1.5795 0.4272 0.3652 0.4378 0.7017
1305031461.4917 -1.1519 -0.3333 1.5633 0.4227 0.3623 0.4416 0.7036
1305031461.5277 -1.1502 -0.3330 1.5598 0.4261 0.3632 0.4405 0.7017
1305031461.5597 -1.1455 -0.3253 1.5569 0.4255 0.3652 0.4372 0.7031
1305031461.5917 -1.1419 -0.3217 1.5557 0.4247 0.3731 0.4363 0.7000
1305031461.6275 -1.1381 -0.3190 1.5575 0.4221 0.3784 0.4390 0.6971
1305031461.6596 -1.1342 -0.3163 1.5549 0.4187 0.3816 0.4426 0.6951
1305031461.6916 -1.1298 -0.3117 1.5606 0.4186 0.3818 0.4489 0.6910
1305031461.7276 -1.1216 -0.3116 1.5555 0.4138 0.3799 0.4554 0.6907
1305031461.7597 -1.1191 -0.3006 1.5590 0.4135 0.3804 0.4576 0.6891
1305031461.7916 -1.1140 -0.2931 1.5599 0.4090 0.3804 0.4636 0.6879
1305031461.8276 -1.1077 -0.2856 1.5608 0.4061 0.3820 0.4696 0.6845
1305031461.8598 -1.1052 -0.2773 1.5696 0.4048 0.3837 0.4778 0.6787
1305031461.8917 -1.1034 -0.2708 1.5782 0.4010 0.3808 0.4908 0.6733
1305031461.9278 -1.0968 -0.2652 1.5753 0.3916 0.3733 0.5037 0.6735
1305031461.9597 -1.0910 -0.2490 1.5752 0.3857 0.3739 0.5079 0.6734
1305031461.9916 -1.0926 -0.2428 1.5922 0.3795 0.3793 0.5187 0.6656
1305031462.0277 -1.0914 -0.2433 1.5938 0.3687 0.3731 0.5340 0.6631
1305031462.0598 -1.0887 -0.2460 1.5957 0.3624 0.3643 0.5465 0.6613
1305031462.0918 -1.0841 -0.2425 1.5976 0.3579 0.3543 0.5564 0.6609
1305031462.1277 -1.0854 -0.2318 1.6049 0.3577 0.3477 0.5625 0.6594
1305031462.1596 -1.0876 -0.2254 1.6112 0.3554 0.3441 0.5671 0.6585
1305031462.1916 -1.0870 -0.2228 1.6073 0.3480 0.3404 0.5717 0.6605
1305031462.2276 -1.0907 -0.2176 1.6208 0.3441 0.3437 0.5712 0.6612
1305031462.2598 -1.0929 -0.2178 1.6215 0.3343 0.3420 0.5743 0.6644
1305031462.2916 -1.0957 -0.2194 1.6208 0.3256 0.3397 0.5751 0.6692
1305031462.3275 -1.0987 -0.2115 1.6304 0.3209 0.3405 0.5699 0.6755
1305031462.3597 -1.1045 -0.2121 1.6408 0.3130 0.3447 0.5664 0.6800
1305031462.3917 -1.1052 -0.2272 1.6327 0.2958 0.3480 0.5654 0.6868
1305031462.4276 -1.1044 -0.2309 1.6315 0.2931 0.3487 0.5662 0.6870
1305031462.4599 -1.1040 -0.2324 1.6314 0.2923 0.3491 0.5666 0.6868
1305031462.4920 -1.0993 -0.2372 1.6268 0.2883 0.3482 0.5691 0.6869
1305031462.5277 -1.0937 -0.2459 1.6210 0.2818 0.3479 0.5727 0.6867
1305031462.5599 -1.0979 -0.2377 1.6690 0.2937 0.3668 0.5608 0.6817
1305031462.5919 -1.0901 -0.2347 1.6933 0.3001 0.3739 0.5569 0.6782
1305031462.6279 -1.0970 -0.2249 1.7019 0.3021 0.3760 0.5497 0.6820
1305031462.6597 -1.0965 -0.2243 1.7021 0.3018 0.3758 0.5492 0.6827
1305031462.6925 -1.0958 -0.2245 1.7015 0.3014 0.3752 0.5495 0.6830
1305031462.7277 -1.0957 -0.2247 1.7010 0.3010 0.3750 0.5497 0.6831
1305031462.7598 -1.0955 -0.2246 1.7007 0.3009 0.3748 0.5498 0.6832
1305031462.7919 -1.0954 -0.2244 1.7007 0.3009 0.3747 0.5498 0.6832
1305031462.8278 -1.0953 -0.2236 1.7016 0.3016 0.3747 0.5496 0.6831
1305031462.8598 -1.0952 -0.2224 1.7031 0.3026 0.3749 0.5492 0.6829
1305031462.8918 -1.0951 -0.2220 1.7037 0.3029 0.3749 0.5491 0.6828
1305031462.9276 -1.0951 -0.2216 1.7048 0.3035 0.3752 0.5488 0.6826
1305031462.9597 -1.0951 -0.2212 1.7051 0.3038 0.3751 0.5487 0.6826
1305031462.9955 -1.0950 -0.2212 1.7051 0.3038 0.3751 0.5487 0.6826
1305031463.0277 -1.0950 -0.2207 1.7059 0.3043 0.3752 0.5485 0.6825
1305031463.0598 -1.0945 -0.2189 1.7069 0.3055 0.3745 0.5483 0.6825
1305031463.0958 -1.0940 -0.2171 1.7092 0.3071 0.3743 0.5477 0.6823
1305031463.1275 -1.0935 -0.2155 1.7108 0.3082 0.3741 0.5473 0.6823
1305031463.1598 -1.0930 -0.2131 1.7139 0.3103 0.3740 0.5465 0.6820
1305031463.1957 -1.0923 -0.2118 1.7134 0.3106 0.3731 0.5465 0.6824
1305031463.2278 -1.0916 -0.2107 1.7142 0.3112 0.3729 0.5464 0.6823
1305031463.2600 -1.0910 -0.2092 1.7138 0.3117 0.3723 0.5464 0.6824
1305031463.2957 -1.0691 -0.1985 1.7050 0.3125 0.3613 0.5469 0.6875
1305031463.3277 -0.9981 -0.1707 1.6516 0.2945 0.3215 0.5574 0.7066
1305031463.3598 -1.0072 -0.1622 1.6552 0.3020 0.3253 0.5528 0.7052
1305031463.3956 -1.0083 -0.1624 1.6522 0.3011 0.3255 0.5526 0.7057
1305031463.4277 -1.0028 -0.1374 1.6413 0.3025 0.3204 0.5470 0.7117
1305031463.4598 -1.0002 -0.1152 1.6441 0.3060 0.3213 0.5424 0.7134
1305031463.4956 -0.9911 -0.0936 1.6249 0.3030 0.3120 0.5474 0.7150
1305031463.5277 -0.9864 -0.0684 1.5896 0.3004 0.2992 0.5547 0.7159
1305031463.5598 -0.9881 -0.0516 1.5879 0.3038 0.3028 0.5543 0.7133
1305031463.5956 -0.9858 -0.0398 1.5916 0.3040 0.3058 0.5521 0.7136
1305031463.6276 -0.9801 -0.0274 1.5890 0.3034 0.3106 0.5465 0.7161
1305031463.6598 -0.9815 -0.0118 1.5844 0.3105 0.3178 0.5415 0.7137
1305031463.6956 -0.9845 0.0042 1.5842 0.3141 0.3235 0.5354 0.7142
1305031463.7276 -0.9754 0.0220 1.5665 0.3109 0.3215 0.5334 0.7180
1305031463.7597 -0.9650 0.0439 1.5390 0.3125 0.3196 0.5304 0.7203
1305031463.7956 -0.9658 0.0613 1.5291 0.3163 0.3273 0.5214 0.7218
1305031463.8278 -0.9614 0.0787 1.5107 0.3142 0.3300 0.5136 0.7271
1305031463.8599 -0.9570 0.0919 1.4897 0.3122 0.3356 0.5053 0.7312
1305031463.8956 -0.9571 0.1079 1.4760 0.3148 0.3410 0.4974 0.7330
1305031463.9277 -0.9563 0.1199 1.4581 0.3147 0.3413 0.4931 0.7358
1305031463.9597 -0.9505 0.1296 1.4370 0.3144 0.3396 0.4873 0.7406
1305031463.9958 -0.9494 0.1423 1.4193 0.3176 0.3406 0.4791 0.7441
1305031464.0277 -0.9506 0.1554 1.4046 0.3187 0.3421 0.4703 0.7485
1305031464.0597 -0.9471 0.1666 1.3824 0.3169 0.3440 0.4626 0.7532
1305031464.0956 -0.9474 0.1742 1.3674 0.3181 0.3504 0.4548 0.7545
1305031464.1277 -0.9528 0.1800 1.3543 0.3201 0.3532 0.4499 0.7552
1305031464.1598 -0.9537 0.1838 1.3383 0.3247 0.3518 0.4468 0.7557
1305031464.1956 -0.9518 0.1771 1.3216 0.3296 0.3515 0.4414 0.7569
1305031464.2276 -0.9565 0.1777 1.3151 0.3400 0.3496 0.4326 0.7583
1305031464.2596 -0.9629 0.1861 1.3091 0.3502 0.3407 0.4247 0.7622
1305031464.2957 -0.9615 0.1982 1.3010 0.3574 0.3291 0.4131 0.7703
1305031464.3279 -0.9572 0.2090 1.2887 0.3615 0.3211 0.4013 0.7779
1305031464.3597 -0.9540 0.2212 1.2751 0.3663 0.3163 0.3915 0.7826
1305031464.3956 -0.9513 0.2396 1.2651 0.3716 0.3161 0.3795 0.7861
1305031464.4276 -0.9509 0.2542 1.2571 0.3723 0.3204 0.3696 0.7888
1305031464.4597 -0.9509 0.2622 1.2411 0.3726 0.3222 0.3618 0.7915
1305031464.4956 -0.9493 0.2788 1.2299 0.3744 0.3240 0.3531 0.7939
1305031464.5276 -0.9506 0.2902 1.2177 0.3736 0.3278 0.3464 0.7956
1305031464.5597 -0.9476 0.3043 1.2017 0.3691 0.3302 0.3350 0.8016
1305031464.5957 -0.9379 0.3155 1.1699 0.3657 0.3370 0.3251 0.8044
1305031464.6277 -0.9366 0.3282 1.1510 0.3690 0.3516 0.3185 0.7992
1305031464.6597 -0.9366 0.3366 1.1331 0.3703 0.3680 0.3088 0.7950
1305031464.6957 -0.9329 0.3343 1.1104 0.3729 0.3851 0.2962 0.7905
1305031464.7277 -0.9377 0.3373 1.1074 0.3837 0.4008 0.2797 0.7835
1305031464.7597 -0.9401 0.3491 1.1096 0.3911 0.4103 0.2589 0.7821
1305031464.7960 -0.9379 0.3444 1.1051 0.3931 0.4148 0.2402 0.7847
1305031464.8278 -0.9354 0.3440 1.1033 0.4019 0.4114 0.2221 0.7873
1305031464.8597 -0.9286 0.3577 1.1062 0.4086 0.4036 0.1995 0.7940
1305031464.8958 -0.9139 0.3663 1.1030 0.4049 0.3965 0.1747 0.8052
1305031464.9278 -0.8963 0.3570 1.0866 0.3962 0.3934 0.1523 0.8155
1305031464.9598 -0.8771 0.3540 1.0749 0.3937 0.3948 0.1323 0.8195
1305031464.9957 -0.8592 0.3587 1.0728 0.3937 0.4000 0.1127 0.8199
1305031465.0278 -0.8435 0.3532 1.0787 0.3899 0.4083 0.0930 0.8202
1305031465.0597 -0.8293 0.3576 1.1054 0.3930 0.4117 0.0722 0.8190
1305031465.0957 -0.8063 0.3854 1.1380 0.3917 0.4057 0.0532 0.8241
1305031465.1277 -0.7809 0.3921 1.1515 0.3752 0.3972 0.0394 0.8366
1305031465.1598 -0.7587 0.3878 1.1627 0.3596 0.3887 0.0324 0.8477
1305031465.1956 -0.7342 0.3860 1.1708 0.3478 0.3801 0.0254 0.8567
1305031465.2279 -0.7108 0.3929 1.1835 0.3384 0.3724 0.0207 0.8639
1305031465.2598 -0.6891 0.3857 1.1883 0.3278 0.3632 0.0213 0.8719
1305031465.2956 -0.6660 0.3933 1.2065 0.3298 0.3522 0.0270 0.8755
1305031465.3277 -0.6465 0.4015 1.2223 0.3307 0.3372 0.0356 0.8807
1305031465.3599 -0.6315 0.3991 1.2274 0.3311 0.3204 0.0425 0.8865
1305031465.3956 -0.6087 0.4081 1.2257 0.3371 0.3006 0.0449 0.8911
1305031465.4277 -0.5852 0.4226 1.2282 0.3438 0.2859 0.0470 0.8932
1305031465.4601 -0.5660 0.4437 1.2353 0.3532 0.2724 0.0520 0.8935
1305031465.4957 -0.5520 0.4602 1.2386 0.3548 0.2610 0.0566 0.8960
1305031465.5276 -0.5347 0.4662 1.2336 0.3528 0.2520 0.0559 0.8994
1305031465.5598 -0.5192 0.4814 1.2304 0.3598 0.2438 0.0561 0.8989
1305031465.5956 -0.5034 0.5022 1.2318 0.3669 0.2388 0.0598 0.8971
1305031465.6277 -0.4979 0.5191 1.2332 0.3736 0.2343 0.0664 0.8950
1305031465.6601 -0.4887 0.5360 1.2317 0.3798 0.2244 0.0695 0.8947
1305031465.6957 -0.4671 0.5593 1.2273 0.3869 0.2146 0.0698 0.8941
1305031465.7277 -0.4532 0.5807 1.2315 0.3962 0.2105 0.0734 0.8907
1305031465.7598 -0.4389 0.6050 1.2364 0.4051 0.2054 0.0767 0.8876
1305031465.7959 -0.4224 0.6262 1.2355 0.4109 0.2010 0.0790 0.8858
1305031465.8280 -0.4098 0.6427 1.2326 0.4181 0.1985 0.0797 0.8829
1305031465.8599 -0.3914 0.6734 1.2406 0.4300 0.1964 0.0783 0.8777
1305031465.8955 -0.3713 0.6985 1.2466 0.4331 0.2000 0.0798 0.8752
1305031465.9275 -0.3549 0.7162 1.2454 0.4368 0.2068 0.0813 0.8717
1305031465.9597 -0.3421 0.7412 1.2489 0.4453 0.2156 0.0800 0.8653
1305031465.9958 -0.3355 0.7669 1.2549 0.4506 0.2242 0.0780 0.8606
1305031466.0276 -0.3264 0.7899 1.2617 0.4543 0.2280 0.0763 0.8578
1305031466.0598 -0.3176 0.8143 1.2691 0.4531 0.2293 0.0788 0.8579
1305031466.0958 -0.3110 0.8371 1.2725 0.4499 0.2270 0.0808 0.8600
1305031466.1276 -0.3022 0.8596 1.2774 0.4462 0.2231 0.0793 0.8631
1305031466.1604 -0.2974 0.8835 1.2801 0.4437 0.2174 0.0802 0.8657
1305031466.1958 -0.2941 0.9077 1.2817 0.4388 0.2090 0.0803 0.8702
1305031466.2280 -0.2855 0.9256 1.2762 0.4283 0.2019 0.0750 0.8776
1305031466.2598 -0.2709 0.9403 1.2619 0.4226 0.2004 0.0670 0.8814
1305031466.2957 -0.2596 0.9641 1.2566 0.4224 0.2088 0.0563 0.8802
1305031466.3277 -0.2548 0.9863 1.2500 0.4194 0.2213 0.0516 0.8789
1305031466.3598 -0.2525 1.0049 1.2409 0.4122 0.2309 0.0520 0.8798
1305031466.3958 -0.2546 1.0107 1.2196 0.4069 0.2359 0.0519 0.8809
1305031466.4278 -0.2542 1.0318 1.2170 0.4122 0.2377 0.0455 0.8783
1305031466.4598 -0.2478 1.0530 1.2101 0.4112 0.2343 0.0406 0.8800
1305031466.4958 -0.2307 1.0720 1.2033 0.4086 0.2290 0.0387 0.8827
1305031466.5275 -0.2144 1.0848 1.1922 0.4056 0.2296 0.0391 0.8839
1305031466.5604 -0.2035 1.1055 1.1910 0.4048 0.2337 0.0395 0.8831
1305031466.5959 -0.1893 1.1232 1.1864 0.3972 0.2338 0.0396 0.8866
1305031466.6275 -0.1700 1.1243 1.1682 0.3873 0.2351 0.0383 0.8907
1305031466.6597 -0.1591 1.1369 1.1602 0.3906 0.2408 0.0336 0.8879
1305031466.6958 -0.1493 1.1577 1.1611 0.3908 0.2436 0.0262 0.8873
1305031466.7281 -0.1326 1.1668 1.1534 0.3821 0.2436 0.0188 0.8912
1305031466.7596 -0.1149 1.1690 1.1428 0.3800 0.2466 0.0104 0.8915
1305031466.7956 -0.1028 1.1888 1.1379 0.3857 0.2465 0.0038 0.8891
1305031466.8279 -0.0914 1.2019 1.1298 0.3826 0.2425 0.0007 0.8915
1305031466.8597 -0.0813 1.2051 1.1219 0.3806 0.2368 0.0007 0.8939
1305031466.8957 -0.0702 1.2151 1.1152 0.3840 0.2261 -0.0036 0.8952
1305031466.9278 -0.0590 1.2229 1.1066 0.3834 0.2144 -0.0118 0.8983
1305031466.9597 -0.0480 1.2251 1.0993 0.3819 0.2083 -0.0195 0.9002
1305031466.9957 -0.0391 1.2304 1.0888 0.3801 0.2061 -0.0250 0.9014
1305031467.0278 -0.0302 1.2373 1.0783 0.3784 0.2041 -0.0295 0.9024
1305031467.0597 -0.0145 1.2476 1.0709 0.3781 0.2022 -0.0346 0.9028
1305031467.0957 -0.0043 1.2533 1.0600 0.3730 0.2027 -0.0382 0.9046
1305031467.1290 0.0029 1.2556 1.0502 0.3687 0.2043 -0.0485 0.9055
1305031467.1597 0.0122 1.2608 1.0427 0.3675 0.2039 -0.0560 0.9057
1305031467.1957 0.0195 1.2672 1.0311 0.3658 0.2008 -0.0599 0.9068
1305031467.2277 0.0288 1.2736 1.0261 0.3649 0.1970 -0.0680 0.9074
1305031467.2597 0.0406 1.2807 1.0191 0.3650 0.1937 -0.0755 0.9075
1305031467.2958 0.0513 1.2889 1.0120 0.3651 0.1906 -0.0839 0.9074
1305031467.3280 0.0646 1.2990 1.0059 0.3654 0.1860 -0.0916 0.9075
1305031467.3597 0.0718 1.3099 0.9996 0.3629 0.1805 -0.0944 0.9093
1305031467.3958 0.0812 1.3193 0.9936 0.3577 0.1754 -0.1009 0.9117
1305031467.4278 0.0915 1.3258 0.9863 0.3551 0.1715 -0.1070 0.9127
1305031467.4597 0.0962 1.3329 0.9772 0.3537 0.1665 -0.1103 0.9138
1305031467.4961 0.1053 1.3455 0.9693 0.3491 0.1619 -0.1170 0.9156
1305031467.5277 0.1160 1.3511 0.9653 0.3431 0.1620 -0.1247 0.9168
1305031467.5598 0.1303 1.3556 0.9554 0.3427 0.1605 -0.1278 0.9168
1305031467.5960 0.1432 1.3633 0.9478 0.3439 0.1569 -0.1257 0.9172
1305031467.6275 0.1450 1.3548 0.9384 0.3420 0.1548 -0.1256 0.9183
1305031467.6596 0.1413 1.3422 0.9262 0.3423 0.1540 -0.1266 0.9182
1305031467.6959 0.1376 1.3343 0.9121 0.3399 0.1551 -0.1297 0.9185
1305031467.7275 0.1468 1.3274 0.9069 0.3417 0.1557 -0.1368 0.9167
1305031467.7599 0.1549 1.3098 0.8980 0.3416 0.1552 -0.1392 0.9164
1305031467.7961 0.1677 1.3113 0.8981 0.3477 0.1532 -0.1452 0.9135
1305031467.8278 0.1715 1.2880 0.8921 0.3470 0.1537 -0.1479 0.9133
1305031467.8597 0.1663 1.2653 0.8805 0.3492 0.1516 -0.1464 0.9130
1305031467.8959 0.1720 1.2551 0.8798 0.3523 0.1469 -0.1502 0.9120
1305031467.9278 0.1865 1.2415 0.8850 0.3548 0.1413 -0.1586 0.9105
1305031467.9598 0.1998 1.2261 0.8892 0.3612 0.1372 -0.1647 0.9075
1305031467.9958 0.2013 1.2140 0.8896 0.3595 0.1421 -0.1722 0.9060
1305031468.0281 0.2150 1.1979 0.8955 0.3582 0.1431 -0.1763 0.9056
1305031468.0598 0.2175 1.1769 0.8940 0.3587 0.1458 -0.1821 0.9038
1305031468.0959 0.2316 1.1706 0.9028 0.3629 0.1437 -0.1872 0.9014
1305031468.1278 0.2388 1.1511 0.9029 0.3597 0.1453 -0.1916 0.9016
1305031468.1599 0.2444 1.1336 0.9042 0.3591 0.1480 -0.1976 0.9001
1305031468.1960 0.2555 1.1197 0.9089 0.3589 0.1501 -0.2031 0.8986
1305031468.2282 0.2544 1.0958 0.9047 0.3541 0.1564 -0.2053 0.8989
1305031468.2598 0.2640 1.0799 0.9050 0.3551 0.1596 -0.2057 0.8978
1305031468.2958 0.2743 1.0645 0.9026 0.3552 0.1627 -0.2064 0.8971
1305031468.3278 0.2805 1.0436 0.8964 0.3570 0.1656 -0.2064 0.8958
1305031468.3598 0.2852 1.0322 0.8896 0.3615 0.1685 -0.2033 0.8942
1305031468.3959 0.2864 1.0204 0.8837 0.3595 0.1713 -0.2014 0.8949
1305031468.4280 0.2940 1.0012 0.8716 0.3556 0.1705 -0.2005 0.8968
1305031468.4598 0.2999 0.9893 0.8614 0.3562 0.1691 -0.1976 0.8975
1305031468.4958 0.2964 0.9685 0.8486 0.3507 0.1726 -0.1964 0.8993
1305031468.5278 0.3068 0.9571 0.8449 0.3530 0.1733 -0.2007 0.8973
1305031468.5597 0.2986 0.9361 0.8297 0.3516 0.1776 -0.2089 0.8951
1305031468.5958 0.2854 0.9198 0.8238 0.3496 0.1814 -0.2141 0.8939
1305031468.6276 0.3030 0.9186 0.8241 0.3501 0.1759 -0.2148 0.8946
1305031468.6596 0.2801 0.8825 0.8000 0.3385 0.1766 -0.2134 0.8993
1305031468.6958 0.2638 0.8583 0.7868 0.3369 0.1736 -0.2174 0.8995
1305031468.7278 0.2508 0.8376 0.7751 0.3365 0.1695 -0.2193 0.9000
1305031468.7596 0.2531 0.8257 0.7758 0.3390 0.1647 -0.2225 0.8991
1305031468.7958 0.2497 0.8079 0.7694 0.3406 0.1634 -0.2294 0.8970
1305031468.8292 0.2470 0.7961 0.7709 0.3469 0.1631 -0.2386 0.8922
1305031468.8597 0.2528 0.7885 0.7664 0.3468 0.1638 -0.2425 0.8911
1305031468.8959 0.2498 0.7751 0.7710 0.3455 0.1693 -0.2431 0.8904
1305031468.9281 0.2490 0.7648 0.7745 0.3443 0.1739 -0.2380 0.8914
1305031468.9596 0.2529 0.7654 0.7732 0.3421 0.1769 -0.2298 0.8938
1305031468.9957 0.2529 0.7670 0.7817 0.3309 0.1814 -0.2271 0.8978
1305031469.0277 0.2492 0.7495 0.7838 0.3110 0.1860 -0.2263 0.9041
1305031469.0598 0.2472 0.7375 0.7819 0.2956 0.1892 -0.2263 0.9087
1305031469.0957 0.2553 0.7302 0.7877 0.2832 0.1914 -0.2325 0.9106
1305031469.1277 0.2684 0.7163 0.7851 0.2677 0.1970 -0.2363 0.9131
1305031469.1597 0.2679 0.7018 0.7900 0.2551 0.2081 -0.2371 0.9140
1305031469.1955 0.2685 0.6867 0.7926 0.2452 0.2180 -0.2356 0.9148
1305031469.2278 0.2658 0.6761 0.7971 0.2395 0.2248 -0.2329 0.9153
1305031469.2596 0.2713 0.6679 0.8064 0.2338 0.2281 -0.2345 0.9156
1305031469.2968 0.2737 0.6586 0.8135 0.2285 0.2332 -0.2328 0.9161
1305031469.3276 0.2767 0.6540 0.8268 0.2243 0.2372 -0.2316 0.9164
1305031469.3596 0.2901 0.6454 0.8331 0.2166 0.2411 -0.2338 0.9167
1305031469.3957 0.2962 0.6342 0.8397 0.2120 0.2530 -0.2348 0.9143
1305031469.4277 0.3014 0.6334 0.8533 0.2119 0.2664 -0.2361 0.9102
1305031469.4597 0.3072 0.6306 0.8637 0.2088 0.2768 -0.2381 0.9072
1305031469.4957 0.3127 0.6307 0.8803 0.2092 0.2823 -0.2384 0.9054
1305031469.5276 0.3232 0.6337 0.8919 0.2082 0.2804 -0.2371 0.9065
1305031469.5596 0.3321 0.6332 0.9065 0.2031 0.2797 -0.2361 0.9082
1305031469.5958 0.3436 0.6369 0.9236 0.1995 0.2783 -0.2337 0.9100
1305031469.6278 0.3497 0.6317 0.9359 0.1889 0.2797 -0.2300 0.9128
1305031469.6596 0.3569 0.6263 0.9507 0.1828 0.2825 -0.2271 0.9139
1305031469.6956 0.3656 0.6303 0.9653 0.1814 0.2846 -0.2231 0.9145
1305031469.7277 0.3706 0.6300 0.9861 0.1774 0.2900 -0.2197 0.9144
1305031469.7596 0.3769 0.6350 1.0005 0.1749 0.2916 -0.2128 0.9160
1305031469.7956 0.3831 0.6407 1.0208 0.1728 0.2916 -0.2079 0.9176
1305031469.8275 0.3837 0.6447 1.0442 0.1704 0.2918 -0.2043 0.9187
1305031469.8596 0.3837 0.6473 1.0624 0.1647 0.2901 -0.2003 0.9212
1305031469.8958 0.3809 0.6464 1.0798 0.1583 0.2896 -0.1961 0.9234
1305031469.9279 0.3776 0.6483 1.0984 0.1545 0.2886 -0.1920 0.9252
1305031469.9598 0.3775 0.6543 1.1179 0.1551 0.2848 -0.1907 0.9265
1305031469.9956 0.3749 0.6602 1.1375 0.1552 0.2828 -0.1887 0.9276
1305031470.0277 0.3722 0.6681 1.1554 0.1550 0.2798 -0.1876 0.9287
1305031470.0596 0.3702 0.6753 1.1713 0.1546 0.2771 -0.1871 0.9297
1305031470.0959 0.3632 0.6823 1.1892 0.1548 0.2778 -0.1840 0.9301
1305031470.1276 0.3623 0.6961 1.2084 0.1584 0.2749 -0.1815 0.9308
1305031470.1596 0.3537 0.7024 1.2246 0.1566 0.2741 -0.1780 0.9320
1305031470.1961 0.3435 0.7085 1.2379 0.1552 0.2724 -0.1740 0.9335
1305031470.2276 0.3341 0.7151 1.2519 0.1530 0.2715 -0.1692 0.9350
1305031470.2600 0.3257 0.7220 1.2642 0.1505 0.2699 -0.1648 0.9367
1305031470.2957 0.3195 0.7335 1.2808 0.1510 0.2688 -0.1610 0.9376
1305031470.3276 0.3097 0.7389 1.2937 0.1458 0.2679 -0.1556 0.9395
1305031470.3596 0.2979 0.7427 1.3059 0.1411 0.2661 -0.1496 0.9417
1305031470.3958 0.2853 0.7478 1.3198 0.1387 0.2654 -0.1455 0.9429
1305031470.4276 0.2739 0.7514 1.3321 0.1363 0.2645 -0.1467 0.9434
1305031470.4597 0.2642 0.7556 1.3427 0.1370 0.2626 -0.1483 0.9435
1305031470.4957 0.2507 0.7579 1.3533 0.1370 0.2626 -0.1472 0.9437
1305031470.5277 0.2415 0.7621 1.3637 0.1381 0.2616 -0.1479 0.9437
1305031470.5597 0.2317 0.7655 1.3740 0.1376 0.2626 -0.1471 0.9436
1305031470.5958 0.2221 0.7672 1.3823 0.1377 0.2621 -0.1435 0.9443
1305031470.6277 0.2144 0.7715 1.3946 0.1394 0.2622 -0.1398 0.9446
1305031470.6597 0.2056 0.7734 1.4035 0.1399 0.2615 -0.1349 0.9454
1305031470.6956 0.1951 0.7818 1.4297 0.1467 0.2700 -0.1358 0.9419
1305031470.7277 0.1845 0.7850 1.4595 0.1529 0.2833 -0.1389 0.9365
1305031470.7597 0.1775 0.7869 1.4687 0.1549 0.2867 -0.1357 0.9356
1305031470.7956 0.1703 0.7866 1.4776 0.1546 0.2908 -0.1296 0.9353
1305031470.8278 0.1599 0.7831 1.4877 0.1576 0.2937 -0.1240 0.9346
1305031470.8596 0.1475 0.7783 1.4963 0.1610 0.2965 -0.1192 0.9338
1305031470.8957 0.1369 0.7778 1.5039 0.1670 0.2966 -0.1142 0.9333
1305031470.9277 0.1281 0.7746 1.5100 0.1714 0.2942 -0.1124 0.9335
1305031470.9596 0.1176 0.7702 1.5155 0.1789 0.2935 -0.1151 0.9320
1305031470.9960 0.1078 0.7669 1.5220 0.1854 0.2963 -0.1153 0.9298
1305031471.0276 0.0996 0.7642 1.5253 0.1948 0.2977 -0.1176 0.9271
1305031471.0596 0.0856 0.7568 1.5284 0.2005 0.3033 -0.1131 0.9247
1305031471.0958 0.0775 0.7589 1.5324 0.2130 0.3029 -0.1096 0.9224
1305031471.1277 0.0695 0.7575 1.5369 0.2218 0.3023 -0.1069 0.9209
1305031471.1596 0.0660 0.7596 1.5382 0.2320 0.2987 -0.1042 0.9198
1305031471.1957 0.0612 0.7600 1.5414 0.2379 0.2993 -0.0991 0.9187
1305031471.2276 0.0559 0.7585 1.5434 0.2401 0.2996 -0.0926 0.9187
1305031471.2597 0.0461 0.7501 1.5461 0.2365 0.3030 -0.0871 0.9190
1305031471.2961 0.0412 0.7467 1.5482 0.2388 0.3039 -0.0823 0.9186
1305031471.3276 0.0367 0.7472 1.5499 0.2443 0.3072 -0.0813 0.9162
1305031471.3596 0.0347 0.7501 1.5510 0.2478 0.3121 -0.0782 0.9138
1305031471.3957 0.0262 0.7433 1.5501 0.2471 0.3176 -0.0694 0.9128
1305031471.4277 0.0186 0.7452 1.5548 0.2553 0.3200 -0.0640 0.9102
1305031471.4596 0.0135 0.7463 1.5566 0.2583 0.3183 -0.0601 0.9102
1305031471.4965 0.0080 0.7458 1.5589 0.2591 0.3188 -0.0557 0.9100
1305031471.5276 0.0033 0.7449 1.5604 0.2600 0.3185 -0.0504 0.9101
1305031471.5597 0.0036 0.7490 1.5626 0.2629 0.3186 -0.0502 0.9093
1305031471.5957 -0.0023 0.7482 1.5623 0.2627 0.3230 -0.0454 0.9081
1305031471.6276 -0.0089 0.7477 1.5603 0.2620 0.3275 -0.0407 0.9069
1305031471.6596 -0.0123 0.7482 1.5572 0.2638 0.3292 -0.0344 0.9060
1305031471.6956 -0.0154 0.7523 1.5553 0.2680 0.3298 -0.0303 0.9047
1305031471.7275 -0.0161 0.7560 1.5555 0.2701 0.3300 -0.0275 0.9041
1305031471.7597 -0.0173 0.7581 1.5566 0.2728 0.3314 -0.0250 0.9029
1305031471.7958 -0.0232 0.7546 1.5569 0.2722 0.3379 -0.0082 0.9009
1305031471.8276 -0.0224 0.7634 1.5583 0.2775 0.3366 -0.0049 0.8998
1305031471.8597 -0.0231 0.7704 1.5594 0.2792 0.3363 0.0018 0.8994
1305031471.8956 -0.0288 0.7640 1.5613 0.2728 0.3403 0.0156 0.8997
1305031471.9277 -0.0284 0.7648 1.5680 0.2708 0.3437 0.0215 0.8989
1305031471.9596 -0.0326 0.7600 1.5681 0.2664 0.3504 0.0256 0.8976
1305031471.9956 -0.0283 0.7639 1.5761 0.2720 0.3523 0.0271 0.8951
1305031472.0276 -0.0225 0.7681 1.5860 0.2740 0.3517 0.0416 0.8941
1305031472.0597 -0.0240 0.7725 1.5877 0.2775 0.3526 0.0424 0.8927
1305031472.0956 -0.0269 0.7733 1.5909 0.2784 0.3552 0.0499 0.8910
1305031472.1276 -0.0307 0.7700 1.5968 0.2737 0.3565 0.0590 0.8913
1305031472.1596 -0.0302 0.7632 1.6037 0.2701 0.3577 0.0624 0.8918
1305031472.1957 -0.0348 0.7539 1.6051 0.2684 0.3602 0.0676 0.8909
1305031472.2276 -0.0373 0.7502 1.6102 0.2691 0.3644 0.0676 0.8889
1305031472.2638 -0.0444 0.7361 1.6271 0.2660 0.3815 0.0659 0.8828
1305031472.2957 -0.0466 0.7362 1.6269 0.2734 0.3828 0.0649 0.8800
1305031472.3277 -0.0479 0.7393 1.6282 0.2797 0.3831 0.0660 0.8778
1305031472.3636 -0.0489 0.7406 1.6348 0.2827 0.3852 0.0656 0.8760
1305031472.3956 -0.0485 0.7370 1.6372 0.2832 0.3844 0.0669 0.8761
1305031472.4277 -0.0468 0.7353 1.6445 0.2860 0.3864 0.0621 0.8747
1305031472.4636 -0.0463 0.7360 1.6423 0.2888 0.3848 0.0595 0.8746
1305031472.4956 -0.0472 0.7376 1.6388 0.2887 0.3859 0.0583 0.8743
1305031472.5276 -0.0463 0.7307 1.6367 0.2874 0.3871 0.0615 0.8739
1305031472.5636 -0.0472 0.7250 1.6329 0.2893 0.3870 0.0612 0.8734
1305031472.5957 -0.0465 0.7267 1.6313 0.2948 0.3848 0.0613 0.8725
1305031472.6277 -0.0464 0.7237 1.6283 0.2942 0.3839 0.0623 0.8730
1305031472.6636 -0.0447 0.7237 1.6269 0.2973 0.3826 0.0615 0.8726
1305031472.6958 -0.0444 0.7202 1.6235 0.2984 0.3816 0.0618 0.8726
1305031472.7276 -0.0450 0.7151 1.6199 0.2985 0.3816 0.0617 0.8726
1305031472.7636 -0.0390 0.7171 1.6121 0.3004 0.3767 0.0599 0.8742
1305031472.7956 -0.0420 0.7092 1.6139 0.2986 0.3834 0.0601 0.8719
1305031472.8276 -0.0418 0.7117 1.6163 0.3047 0.3852 0.0564 0.8692
1305031472.8636 -0.0414 0.7108 1.6148 0.3070 0.3844 0.0564 0.8688
1305031472.8957 -0.0402 0.7145 1.6204 0.3116 0.3848 0.0555 0.8670
1305031472.9277 -0.0380 0.7128 1.6208 0.3122 0.3833 0.0567 0.8674
1305031472.9638 -0.0380 0.7128 1.6200 0.3139 0.3827 0.0571 0.8670
1305031472.9957 -0.0369 0.7108 1.6208 0.3134 0.3817 0.0587 0.8676
1305031473.0276 -0.0353 0.7035 1.6152 0.3080 0.3780 0.0619 0.8709
1305031473.0637 -0.0368 0.7032 1.6162 0.3072 0.3800 0.0590 0.8705
1305031473.0957 -0.0336 0.7023 1.6149 0.3064 0.3798 0.0583 0.8709
1305031473.1277 -0.0330 0.7025 1.6099 0.3051 0.3781 0.0589 0.8720
1305031473.1671 -0.0342 0.7004 1.6141 0.3064 0.3805 0.0577 0.8707
1305031473.1961 -0.0369 0.6991 1.6161 0.3071 0.3829 0.0557 0.8695
