1305031453.3917 0.0000 0.0000 0.0000 0.0000 0.0000 0.0000 1.0000
1305031453.5237 0.0068 0.0140 -0.0424 0.0152 0.0238 0.0345 0.9990
1305031453.6277 0.0035 0.0271 -0.0887 0.0342 0.0307 0.0479 0.9978
1305031453.6917 -0.0051 0.0476 -0.1249 0.0497 0.0216 0.0443 0.9975
1305031453.8278 -0.0260 0.0644 -0.1644 0.0611 -0.0103 0.0191 0.9979
1305031453.9277 -0.0568 0.0857 -0.1831 0.0620 -0.0567 0.0043 0.9965
1305031453.9596 -0.0594 0.0852 -0.1842 0.0598 -0.0739 -0.0024 0.9955
1305031453.9916 -0.0706 0.0840 -0.1839 0.0586 -0.0853 -0.0112 0.9946
1305031454.0277 -0.0866 0.0912 -0.1819 0.0620 -0.0964 -0.0167 0.9933
1305031454.0597 -0.1012 0.0999 -0.1831 0.0653 -0.1055 -0.0242 0.9920
1305031454.0917 -0.1170 0.1101 -0.1689 0.0698 -0.1155 -0.0319 0.9903
1305031454.1277 -0.1368 0.1193 -0.1602 0.0761 -0.1262 -0.0412 0.9882
1305031454.1597 -0.1544 0.1297 -0.1594 0.0794 -0.1374 -0.0488 0.9861
1305031454.1917 -0.1673 0.1314 -0.1510 0.0791 -0.1528 -0.0580 0.9834
1305031454.2277 -0.1898 0.1395 -0.1410 0.0850 -0.1650 -0.0729 0.9799
1305031454.2596 -0.1951 0.1363 -0.1493 0.0858 -0.1777 -0.0844 0.9767
1305031454.2916 -0.2087 0.1413 -0.1481 0.0862 -0.1840 -0.0943 0.9746
1305031454.3277 -0.2220 0.1421 -0.1446 0.0867 -0.1927 -0.1039 0.9719
1305031454.3596 -0.2336 0.1466 -0.1533 0.0925 -0.2007 -0.1172 0.9682
1305031454.3917 -0.2452 0.1536 -0.1536 0.0946 -0.2080 -0.1255 0.9654
1305031454.4275 -0.2608 0.1586 -0.1579 0.0960 -0.2162 -0.1359 0.9621
1305031454.4599 -0.2755 0.1622 -0.1568 0.0987 -0.2234 -0.1482 0.9583
1305031454.4916 -0.2813 0.1679 -0.1531 0.1018 -0.2282 -0.1618 0.9547
1305031454.5277 -0.2919 0.1775 -0.1482 0.1039 -0.2335 -0.1757 0.9507
1305031454.5596 -0.3028 0.1845 -0.1411 0.1028 -0.2393 -0.1856 0.9475
1305031454.5916 -0.3178 0.1917 -0.1417 0.1020 -0.2463 -0.1980 0.9433
1305031454.6276 -0.3294 0.1945 -0.1406 0.0994 -0.2568 -0.2068 0.9388
1305031454.6595 -0.3425 0.2112 -0.1307 0.0998 -0.2665 -0.2110 0.9351
1305031454.6919 -0.3583 0.2212 -0.1259 0.0963 -0.2764 -0.2148 0.9318
1305031454.7277 -0.3642 0.2293 -0.1263 0.0953 -0.2878 -0.2188 0.9275
1305031454.7597 -0.3657 0.2351 -0.1168 0.0932 -0.2945 -0.2153 0.9264
1305031454.7916 -0.3667 0.2392 -0.1081 0.0891 -0.2981 -0.2085 0.9272
1305031454.8276 -0.3647 0.2447 -0.1052 0.0855 -0.3000 -0.2025 0.9283
1305031454.8596 -0.3658 0.2397 -0.0989 0.0768 -0.3000 -0.1985 0.9299
1305031454.8918 -0.3644 0.2382 -0.0992 0.0703 -0.2971 -0.1925 0.9326
1305031454.9276 -0.3616 0.2467 -0.0968 0.0674 -0.2951 -0.1856 0.9348
1305031454.9596 -0.3623 0.2510 -0.0984 0.0649 -0.2923 -0.1821 0.9366
1305031454.9919 -0.3640 0.2519 -0.0990 0.0610 -0.2913 -0.1778 0.9380
1305031455.0278 -0.3653 0.2576 -0.1007 0.0608 -0.2906 -0.1754 0.9387
1305031455.0596 -0.3674 0.2600 -0.1017 0.0594 -0.2891 -0.1736 0.9396
1305031455.0917 -0.3705 0.2630 -0.1063 0.0603 -0.2864 -0.1738 0.9403
1305031455.1277 -0.3753 0.2715 -0.1103 0.0623 -0.2827 -0.1733 0.9414
1305031455.1597 -0.3832 0.2773 -0.1155 0.0619 -0.2785 -0.1709 0.9431
1305031455.1917 -0.3891 0.2801 -0.1151 0.0584 -0.2774 -0.1662 0.9445
1305031455.2276 -0.3930 0.2827 -0.1165 0.0575 -0.2764 -0.1628 0.9454
1305031455.2596 -0.3988 0.2929 -0.1203 0.0572 -0.2729 -0.1579 0.9473
1305031455.2918 -0.4036 0.2872 -0.1191 0.0448 -0.2723 -0.1483 0.9497
1305031455.3278 -0.4157 0.2959 -0.1276 0.0411 -0.2687 -0.1395 0.9522
1305031455.3596 -0.4211 0.3057 -0.1186 0.0342 -0.2704 -0.1291 0.9534
1305031455.3917 -0.4245 0.3006 -0.1145 0.0200 -0.2694 -0.1199 0.9553
1305031455.4276 -0.4388 0.3060 -0.1213 0.0153 -0.2627 -0.1122 0.9582
1305031455.4596 -0.4536 0.3074 -0.1317 0.0122 -0.2570 -0.1069 0.9604
1305031455.4916 -0.4656 0.3098 -0.1397 0.0084 -0.2534 -0.0994 0.9622
1305031455.5276 -0.4818 0.3090 -0.1509 0.0041 -0.2491 -0.0903 0.9643
1305031455.5597 -0.5025 0.3156 -0.1636 0.0041 -0.2473 -0.0799 0.9656
1305031455.5916 -0.5200 0.3188 -0.1787 0.0023 -0.2463 -0.0695 0.9667
1305031455.6276 -0.5396 0.3175 -0.1912 -0.0014 -0.2418 -0.0617 0.9684
1305031455.6596 -0.5501 0.3154 -0.2006 -0.0002 -0.2404 -0.0562 0.9690
1305031455.6916 -0.5666 0.3193 -0.2153 0.0042 -0.2361 -0.0582 0.9700
1305031455.7276 -0.5752 0.3185 -0.2214 0.0055 -0.2343 -0.0607 0.9703
1305031455.7597 -0.5826 0.3178 -0.2283 0.0064 -0.2310 -0.0624 0.9709
1305031455.7917 -0.5881 0.3115 -0.2362 0.0064 -0.2289 -0.0612 0.9715
1305031455.8276 -0.5959 0.3109 -0.2487 0.0084 -0.2266 -0.0608 0.9721
1305031455.8595 -0.6045 0.3097 -0.2564 0.0089 -0.2250 -0.0614 0.9724
1305031455.8917 -0.6085 0.3081 -0.2646 0.0095 -0.2237 -0.0622 0.9726
1305031455.9280 -0.6146 0.3045 -0.2727 0.0084 -0.2215 -0.0623 0.9731
1305031455.9597 -0.6195 0.3045 -0.2794 0.0095 -0.2194 -0.0640 0.9735
1305031455.9917 -0.6236 0.3044 -0.2840 0.0089 -0.2171 -0.0650 0.9739
1305031456.0278 -0.6281 0.3082 -0.2894 0.0069 -0.2133 -0.0676 0.9746
1305031456.0597 -0.6395 0.2956 -0.2937 -0.0024 -0.2085 -0.0753 0.9751
1305031456.0917 -0.6461 0.2905 -0.2971 -0.0055 -0.2057 -0.0782 0.9755
1305031456.1276 -0.6499 0.2878 -0.3004 -0.0061 -0.2038 -0.0784 0.9758
1305031456.1597 -0.6525 0.2855 -0.3016 -0.0061 -0.2012 -0.0785 0.9764
1305031456.1917 -0.6584 0.2702 -0.3127 -0.0056 -0.1947 -0.0774 0.9778
1305031456.2277 -0.6630 0.2749 -0.3208 -0.0020 -0.1869 -0.0751 0.9795
1305031456.2917 -0.6702 0.2531 -0.3175 -0.0066 -0.1707 -0.0674 0.9830
1305031456.3277 -0.6759 0.2484 -0.3224 -0.0042 -0.1619 -0.0607 0.9849
1305031456.3916 -0.6841 0.2314 -0.3148 -0.0058 -0.1434 -0.0501 0.9884
1305031456.4277 -0.6910 0.2316 -0.3142 -0.0009 -0.1359 -0.0397 0.9899
1305031456.4917 -0.7325 0.2484 -0.3081 -0.0020 -0.1262 -0.0268 0.9916
1305031456.5276 -0.7589 0.2572 -0.3025 -0.0021 -0.1222 -0.0226 0.9922
1305031456.5917 -0.7795 0.2687 -0.2888 0.0002 -0.1186 -0.0137 0.9928
1305031456.6276 -0.7846 0.2789 -0.2798 -0.0115 -0.1171 -0.0093 0.9930
1305031456.6916 -0.8199 0.2557 -0.2601 -0.0285 -0.1069 0.0028 0.9939
1305031456.7916 -0.8785 0.2619 -0.2396 -0.0335 -0.1110 0.0241 0.9930
1305031457.0276 -0.9553 0.2829 -0.1869 -0.0491 -0.0960 0.0613 0.9923
1305031457.1917 -1.0125 0.2823 -0.1967 -0.0641 -0.0657 0.0876 0.9919
1305031457.3275 -1.0569 0.2744 -0.2304 -0.0573 -0.0338 0.1117 0.9915
1305031457.4276 -1.0980 0.2636 -0.2598 -0.0512 -0.0028 0.1321 0.9899
1305031457.5276 -1.1275 0.2406 -0.2973 -0.0490 0.0043 0.1467 0.9880
1305031457.5917 -1.1513 0.2409 -0.3193 -0.0405 0.0138 0.1548 0.9870
1305031457.6596 -1.1826 0.2306 -0.3387 -0.0381 0.0218 0.1609 0.9860
1305031457.7277 -1.2092 0.1999 -0.3508 -0.0484 0.0261 0.1606 0.9855
1305031457.7916 -1.2166 0.1764 -0.3628 -0.0396 0.0305 0.1603 0.9858
1305031457.8277 -1.2262 0.1880 -0.3751 -0.0244 0.0369 0.1628 0.9857
1305031457.8916 -1.2527 0.1643 -0.3845 -0.0150 0.0548 0.1635 0.9849
1305031457.9276 -1.2664 0.1605 -0.3927 -0.0013 0.0603 0.1678 0.9840
1305031457.9916 -1.2960 0.1430 -0.3965 0.0107 0.0661 0.1738 0.9825
1305031458.0278 -1.2992 0.1345 -0.3992 0.0199 0.0688 0.1765 0.9817
1305031458.0597 -1.3116 0.1436 -0.4035 0.0308 0.0731 0.1787 0.9807
1305031458.1276 -1.3272 0.1314 -0.4008 0.0280 0.0780 0.1808 0.9800
1305031458.1596 -1.3350 0.1240 -0.3996 0.0282 0.0795 0.1825 0.9796
1305031458.1916 -1.3562 0.1193 -0.3891 0.0286 0.0819 0.1866 0.9786
1305031458.2276 -1.3698 0.1018 -0.3670 0.0192 0.0809 0.1858 0.9791
1305031458.2599 -1.3908 0.0840 -0.3553 0.0174 0.0812 0.1824 0.9797
1305031458.2917 -1.4164 0.0669 -0.3509 0.0225 0.0810 0.1847 0.9792
1305031458.3276 -1.4360 0.0645 -0.3344 0.0260 0.0765 0.1851 0.9794
1305031458.3596 -1.4474 0.0482 -0.3120 0.0319 0.0741 0.1878 0.9789
1305031458.3916 -1.4739 0.0608 -0.2953 0.0494 0.0756 0.1908 0.9775
1305031458.4276 -1.4807 0.0642 -0.2778 0.0584 0.0751 0.2014 0.9749
1305031458.4596 -1.4834 0.0623 -0.2724 0.0701 0.0782 0.2073 0.9726
1305031458.4917 -1.4732 0.0454 -0.2670 0.0829 0.0831 0.2079 0.9711
1305031458.5277 -1.4858 0.0542 -0.2707 0.1007 0.0916 0.2075 0.9687
1305031458.5596 -1.4980 0.0556 -0.2626 0.1055 0.0993 0.2046 0.9681
1305031458.5916 -1.5188 0.0584 -0.2548 0.1147 0.1079 0.1963 0.9678
1305031458.6277 -1.5274 0.0720 -0.2336 0.1205 0.1087 0.1941 0.9675
1305031458.6596 -1.5442 0.0608 -0.2187 0.1128 0.1071 0.1955 0.9683
1305031458.6917 -1.5567 0.0562 -0.1936 0.1084 0.0954 0.1860 0.9719
1305031458.7276 -1.5538 0.0560 -0.1716 0.1106 0.0805 0.1800 0.9741
1305031458.7599 -1.5617 0.0528 -0.1628 0.1149 0.0672 0.1722 0.9760
1305031458.7916 -1.5644 0.0550 -0.1458 0.1164 0.0527 0.1642 0.9781
1305031458.8276 -1.5573 0.0497 -0.1186 0.1117 0.0421 0.1625 0.9795
1305031458.8917 -1.5636 0.0432 -0.0980 0.1179 0.0419 0.1495 0.9808
1305031458.9276 -1.5698 0.0467 -0.0952 0.1180 0.0460 0.1513 0.9803
1305031458.9596 -1.5653 0.0344 -0.0882 0.1069 0.0460 0.1618 0.9799
1305031458.9916 -1.5679 0.0182 -0.0898 0.1047 0.0478 0.1655 0.9795
1305031459.0277 -1.5990 0.0200 -0.0806 0.1183 0.0527 0.1619 0.9783
1305031459.0596 -1.6150 0.0117 -0.0745 0.1249 0.0452 0.1722 0.9761
1305031459.1276 -1.5582 0.0585 -0.0311 0.1374 0.0255 0.1670 0.9760
1305031459.1596 -1.5687 0.0616 -0.0175 0.1482 -0.0010 0.1657 0.9750
1305031459.1917 -1.5807 0.0595 -0.0089 0.1540 -0.0189 0.1688 0.9734
1305031459.2276 -1.5861 0.0623 0.0038 0.1581 -0.0330 0.1757 0.9711
1305031459.2598 -1.5896 0.0632 0.0197 0.1579 -0.0360 0.1821 0.9698
1305031459.3276 -1.5986 0.0691 0.0471 0.1521 -0.0089 0.2099 0.9658
1305031459.3597 -1.6086 0.0739 0.0544 0.1533 0.0130 0.2271 0.9616
1305031459.3917 -1.6220 0.0906 0.0629 0.1494 0.0379 0.2512 0.9556
1305031459.4276 -1.6148 0.0969 0.0731 0.1336 0.0640 0.2855 0.9468
1305031459.4597 -1.6209 0.1053 0.0707 0.1279 0.0917 0.3166 0.9354
1305031459.5276 -1.6162 0.1214 0.1012 0.1274 0.0923 0.3175 0.9351
1305031459.5596 -1.6286 0.1106 0.0931 0.1156 0.1052 0.3428 0.9263
1305031459.5917 -1.6373 0.1101 0.0946 0.1103 0.1077 0.3630 0.9189
1305031459.6276 -1.6385 0.1087 0.0967 0.1054 0.1049 0.3747 0.9152
1305031459.6596 -1.6449 0.1107 0.1001 0.1063 0.1089 0.3751 0.9144
1305031459.6916 -1.6579 0.1045 0.0977 0.1006 0.1186 0.3806 0.9116
1305031459.7276 -1.6634 0.0895 0.0951 0.0926 0.1237 0.3836 0.9105
1305031459.7917 -1.6955 0.0615 0.0903 0.0914 0.1339 0.3807 0.9104
1305031459.8277 -1.7120 0.0443 0.0926 0.0890 0.1370 0.3805 0.9102
1305031459.8597 -1.7341 0.0289 0.0952 0.0863 0.1397 0.3793 0.9106
1305031459.8916 -1.7398 0.0079 0.0987 0.0794 0.1353 0.3850 0.9095
1305031459.9276 -1.7516 -0.0079 0.1035 0.0779 0.1347 0.3864 0.9091
1305031459.9917 -1.7733 -0.0393 0.1124 0.0716 0.1335 0.3943 0.9064
1305031460.0276 -1.7826 -0.0509 0.1196 0.0712 0.1352 0.3961 0.9054
1305031460.0597 -1.7956 -0.0695 0.1230 0.0693 0.1381 0.3985 0.9041
1305031460.0917 -1.8095 -0.0926 0.1245 0.0676 0.1360 0.4039 0.9021
1305031460.1277 -1.8174 -0.1001 0.1307 0.0737 0.1272 0.4075 0.9013
1305031460.1597 -1.8294 -0.1093 0.1348 0.0795 0.1203 0.4117 0.8998
1305031460.1916 -1.8332 -0.1205 0.1450 0.0786 0.1147 0.4176 0.8979
1305031460.2278 -1.8357 -0.1212 0.1525 0.0810 0.1153 0.4176 0.8976
1305031460.2917 -1.8480 -0.1381 0.1557 0.0858 0.1327 0.4177 0.8948
1305031460.3275 -1.8544 -0.1401 0.1581 0.0892 0.1391 0.4179 0.8933
1305031460.3916 -1.8629 -0.1439 0.1709 0.0888 0.1580 0.4211 0.8887
1305031460.4275 -1.8656 -0.1489 0.1735 0.0881 0.1657 0.4252 0.8854
1305031460.4596 -1.8625 -0.1438 0.1781 0.0875 0.1747 0.4275 0.8826
1305031460.4915 -1.8689 -0.1514 0.1796 0.0808 0.1899 0.4320 0.8779
1305031460.5276 -1.8729 -0.1680 0.1797 0.0706 0.2027 0.4397 0.8721
1305031460.5596 -1.8711 -0.1745 0.1801 0.0654 0.2092 0.4437 0.8689
1305031460.5919 -1.8755 -0.1795 0.1839 0.0635 0.2165 0.4438 0.8673
1305031460.6276 -1.8778 -0.1821 0.1868 0.0631 0.2215 0.4455 0.8651
1305031460.6598 -1.8835 -0.1883 0.1896 0.0623 0.2274 0.4443 0.8643
1305031460.6917 -1.8873 -0.1935 0.1919 0.0608 0.2301 0.4448 0.8635
1305031460.7277 -1.8879 -0.1986 0.1941 0.0582 0.2308 0.4452 0.8632
1305031460.7597 -1.8895 -0.2050 0.1962 0.0563 0.2340 0.4436 0.8633
1305031460.7917 -1.8937 -0.2140 0.1982 0.0539 0.2372 0.4436 0.8626
1305031460.8277 -1.8968 -0.2201 0.2043 0.0516 0.2391 0.4423 0.8628
1305031460.8597 -1.8970 -0.2243 0.2067 0.0488 0.2407 0.4411 0.8632
1305031460.8918 -1.8967 -0.2319 0.2086 0.0445 0.2428 0.4398 0.8635
1305031460.9276 -1.8992 -0.2418 0.2133 0.0408 0.2453 0.4399 0.8629
1305031460.9917 -1.8925 -0.2612 0.2213 0.0376 0.2474 0.4429 0.8609
1305031461.0276 -1.8963 -0.2684 0.2296 0.0393 0.2508 0.4431 0.8598
1305031461.0917 -1.9064 -0.2817 0.2474 0.0436 0.2526 0.4407 0.8603
1305031461.1276 -1.9031 -0.2849 0.2558 0.0437 0.2529 0.4392 0.8609
1305031461.1597 -1.9042 -0.2959 0.2636 0.0447 0.2568 0.4379 0.8604
1305031461.1920 -1.9065 -0.2990 0.2705 0.0474 0.2591 0.4332 0.8620
1305031461.2276 -1.9067 -0.3025 0.2754 0.0481 0.2605 0.4319 0.8621
1305031461.2596 -1.9077 -0.3060 0.2827 0.0504 0.2621 0.4294 0.8627
1305031461.2917 -1.9052 -0.3117 0.2864 0.0506 0.2634 0.4234 0.8653
1305031461.3278 -1.9057 -0.3103 0.2930 0.0535 0.2660 0.4196 0.8662
1305031461.3597 -1.9073 -0.3098 0.2976 0.0521 0.2691 0.4174 0.8664
1305031461.3917 -1.9004 -0.3187 0.3013 0.0453 0.2685 0.4177 0.8668
1305031461.4276 -1.8974 -0.3192 0.3048 0.0458 0.2689 0.4167 0.8672
1305031461.4598 -1.8974 -0.3216 0.3072 0.0428 0.2694 0.4170 0.8670
1305031461.4917 -1.8884 -0.3254 0.3073 0.0405 0.2678 0.4185 0.8669
1305031461.5277 -1.8930 -0.3209 0.3119 0.0468 0.2717 0.4146 0.8673
1305031461.5597 -1.8869 -0.3121 0.3108 0.0485 0.2711 0.4113 0.8689
1305031461.5917 -1.8801 -0.3071 0.3006 0.0473 0.2746 0.4085 0.8692
1305031461.6275 -1.8782 -0.2982 0.3039 0.0473 0.2807 0.4078 0.8676
1305031461.6596 -1.8768 -0.2938 0.3034 0.0461 0.2854 0.4067 0.8666
1305031461.6916 -1.8792 -0.2920 0.3087 0.0444 0.2911 0.4105 0.8630
1305031461.7276 -1.8745 -0.2860 0.3130 0.0436 0.2921 0.4134 0.8613
1305031461.7597 -1.8719 -0.2785 0.3087 0.0428 0.2934 0.4147 0.8603
1305031461.7916 -1.8661 -0.2711 0.3059 0.0391 0.2954 0.4199 0.8573
1305031461.8276 -1.8619 -0.2619 0.3018 0.0370 0.3004 0.4231 0.8540
1305031461.8598 -1.8654 -0.2513 0.3021 0.0368 0.3066 0.4289 0.8489
1305031461.8917 -1.8638 -0.2364 0.3082 0.0331 0.3084 0.4429 0.8412
1305031461.9278 -1.8532 -0.2301 0.3134 0.0248 0.3051 0.4555 0.8360
1305031461.9597 -1.8451 -0.2145 0.3071 0.0199 0.3078 0.4573 0.8341
1305031461.9916 -1.8531 -0.1999 0.3126 0.0120 0.3167 0.4633 0.8276
1305031462.0277 -1.8553 -0.2040 0.3254 -0.0028 0.3207 0.4737 0.8202
1305031462.0598 -1.8532 -0.1942 0.3271 -0.0074 0.3129 0.4858 0.8161
1305031462.0918 -1.8471 -0.1824 0.3251 -0.0099 0.3029 0.4993 0.8117
1305031462.1277 -1.8370 -0.1775 0.3263 -0.0176 0.2961 0.5112 0.8067
1305031462.1596 -1.8341 -0.1584 0.3244 -0.0165 0.2878 0.5182 0.8053
1305031462.1916 -1.8346 -0.1511 0.3342 -0.0200 0.2896 0.5153 0.8064
1305031462.2276 -1.8406 -0.1319 0.3348 -0.0206 0.2863 0.5133 0.8088
1305031462.2598 -1.8432 -0.1341 0.3407 -0.0312 0.2878 0.5091 0.8106
1305031462.2916 -1.8474 -0.1322 0.3470 -0.0409 0.2872 0.5036 0.8138
1305031462.3917 -1.9043 -0.0884 0.3997 -0.0390 0.3023 0.4847 0.8199
1305031462.5277 -1.9514 -0.0692 0.4608 -0.0655 0.3011 0.4612 0.8321
1305031462.6925 -1.9774 -0.0395 0.4501 -0.0720 0.2888 0.4100 0.8621
1305031462.8598 -1.9811 -0.0295 0.4317 -0.1005 0.2654 0.3680 0.8855
1305031462.9955 -1.9648 0.0021 0.4057 -0.0986 0.2541 0.3511 0.8958
1305031463.0598 -1.9671 0.0008 0.3716 -0.0944 0.2506 0.3358 0.9031
1305031463.1598 -1.9562 0.0369 0.3393 -0.0787 0.2410 0.3088 0.9167
1305031463.2600 -1.9369 0.0641 0.3119 -0.0718 0.2372 0.2942 0.9230
1305031463.3598 -1.9180 0.0866 0.2816 -0.0623 0.2285 0.2832 0.9293
1305031463.4598 -1.8883 0.1148 0.2521 -0.0555 0.2218 0.2774 0.9331
1305031463.5598 -1.8620 0.1357 0.2275 -0.0535 0.2359 0.2696 0.9321
1305031463.6598 -1.8177 0.1563 0.1905 -0.0406 0.2297 0.2625 0.9363
1305031463.7276 -1.7945 0.1588 0.1551 -0.0399 0.2289 0.2530 0.9391
1305031463.7597 -1.7777 0.1521 0.1302 -0.0367 0.2294 0.2444 0.9414
1305031463.7956 -1.7600 0.1449 0.1016 -0.0366 0.2268 0.2344 0.9446
1305031463.8599 -1.7273 0.1343 0.0633 -0.0364 0.2269 0.2149 0.9492
1305031463.8956 -1.7184 0.1323 0.0357 -0.0318 0.2268 0.2043 0.9518
1305031463.9597 -1.6910 0.1155 0.0001 -0.0327 0.2185 0.1923 0.9561
1305031463.9958 -1.6898 0.1168 -0.0133 -0.0241 0.2191 0.1834 0.9580
1305031464.0277 -1.6874 0.1132 -0.0256 -0.0233 0.2192 0.1729 0.9600
1305031464.0597 -1.6788 0.1017 -0.0405 -0.0259 0.2191 0.1602 0.9621
1305031464.0956 -1.6763 0.0902 -0.0586 -0.0226 0.2218 0.1490 0.9634
1305031464.1277 -1.6832 0.0911 -0.0657 -0.0178 0.2253 0.1422 0.9637
1305031464.1598 -1.6772 0.0740 -0.0752 -0.0165 0.2225 0.1391 0.9648
1305031464.1956 -1.6765 0.0652 -0.0821 -0.0065 0.2196 0.1341 0.9663
1305031464.2276 -1.6784 0.0864 -0.0909 0.0125 0.2109 0.1235 0.9696
1305031464.2596 -1.6831 0.0883 -0.0928 0.0182 0.1990 0.1211 0.9723
1305031464.2957 -1.6828 0.0901 -0.0914 0.0211 0.1855 0.1156 0.9756
1305031464.3279 -1.6603 0.0953 -0.1034 0.0239 0.1678 0.1096 0.9794
1305031464.3597 -1.6532 0.0880 -0.1165 0.0253 0.1600 0.1031 0.9814
1305031464.3956 -1.6474 0.0867 -0.1257 0.0289 0.1575 0.0906 0.9829
1305031464.4276 -1.6414 0.0889 -0.1411 0.0306 0.1568 0.0829 0.9837
1305031464.4597 -1.6426 0.0803 -0.1543 0.0309 0.1575 0.0740 0.9843
1305031464.4956 -1.6332 0.0771 -0.1650 0.0315 0.1555 0.0679 0.9850
1305031464.5276 -1.6365 0.0737 -0.1885 0.0318 0.1579 0.0600 0.9851
1305031464.5597 -1.6220 0.0695 -0.1984 0.0297 0.1551 0.0527 0.9860
1305031464.5957 -1.6035 0.0530 -0.2294 0.0297 0.1566 0.0379 0.9865
1305031464.6277 -1.5904 0.0467 -0.2543 0.0415 0.1662 0.0323 0.9847
1305031464.6597 -1.5811 0.0329 -0.2731 0.0498 0.1773 0.0224 0.9826
1305031464.6957 -1.5629 0.0178 -0.2986 0.0616 0.1831 0.0094 0.9811
1305031464.7277 -1.5597 0.0180 -0.3065 0.0802 0.1876 -0.0098 0.9789
1305031464.7597 -1.5625 0.0217 -0.3140 0.0929 0.1881 -0.0263 0.9774
1305031464.7960 -1.5644 0.0162 -0.3192 0.0981 0.1847 -0.0460 0.9768
1305031464.8278 -1.5641 0.0282 -0.3039 0.1123 0.1733 -0.0619 0.9765
1305031464.8597 -1.5641 0.0483 -0.2970 0.1211 0.1588 -0.0803 0.9766
1305031464.8958 -1.5436 0.0393 -0.2946 0.1164 0.1414 -0.0977 0.9782
1305031464.9278 -1.5197 0.0134 -0.3008 0.1089 0.1267 -0.1174 0.9789
1305031464.9598 -1.5114 -0.0010 -0.3020 0.1093 0.1220 -0.1350 0.9772
1305031464.9957 -1.5084 0.0052 -0.2922 0.1162 0.1228 -0.1543 0.9735
1305031465.0278 -1.5050 0.0106 -0.2819 0.1206 0.1246 -0.1737 0.9694
1305031465.0597 -1.5069 0.0282 -0.2569 0.1279 0.1230 -0.1925 0.9651
1305031465.0957 -1.4776 0.0520 -0.2491 0.1254 0.1090 -0.2079 0.9639
1305031465.1277 -1.4517 0.0584 -0.2105 0.1093 0.0975 -0.2212 0.9642
1305031465.1598 -1.4336 0.0558 -0.1859 0.0915 0.0872 -0.2292 0.9651
1305031465.1956 -1.4139 0.0409 -0.1633 0.0744 0.0768 -0.2382 0.9653
1305031465.2279 -1.3963 0.0402 -0.1378 0.0605 0.0704 -0.2434 0.9655
1305031465.2598 -1.3790 0.0299 -0.1112 0.0454 0.0626 -0.2439 0.9667
1305031465.3277 -1.3539 0.0527 -0.0701 0.0348 0.0461 -0.2245 0.9728
1305031465.3956 -1.3127 0.0516 -0.0426 0.0283 0.0118 -0.2030 0.9787
1305031465.4277 -1.2918 0.0484 -0.0444 0.0280 0.0000 -0.1951 0.9804
1305031465.4601 -1.2732 0.0545 -0.0425 0.0300 -0.0091 -0.1860 0.9821
1305031465.4957 -1.2531 0.0641 -0.0428 0.0283 -0.0168 -0.1756 0.9839
1305031465.5276 -1.2386 0.0573 -0.0413 0.0246 -0.0240 -0.1723 0.9844
1305031465.5598 -1.2192 0.0611 -0.0443 0.0288 -0.0315 -0.1681 0.9848
1305031465.5956 -1.2011 0.0648 -0.0486 0.0317 -0.0360 -0.1624 0.9856
1305031465.6277 -1.1889 0.0723 -0.0475 0.0350 -0.0391 -0.1562 0.9863
1305031465.6601 -1.1780 0.0747 -0.0485 0.0362 -0.0448 -0.1514 0.9868
1305031465.6957 -1.1540 0.0794 -0.0483 0.0399 -0.0531 -0.1462 0.9870
1305031465.7277 -1.1369 0.0879 -0.0510 0.0453 -0.0566 -0.1397 0.9875
1305031465.7598 -1.1224 0.0975 -0.0545 0.0506 -0.0600 -0.1341 0.9878
1305031465.7959 -1.1035 0.1011 -0.0565 0.0528 -0.0631 -0.1309 0.9880
1305031465.8280 -1.0849 0.1076 -0.0575 0.0590 -0.0674 -0.1269 0.9879
1305031465.8599 -1.0570 0.1216 -0.0713 0.0690 -0.0710 -0.1238 0.9874
1305031465.8955 -1.0284 0.1266 -0.0767 0.0712 -0.0680 -0.1220 0.9876
1305031465.9275 -1.0012 0.1269 -0.0730 0.0750 -0.0640 -0.1206 0.9878
1305031465.9597 -0.9743 0.1396 -0.0800 0.0857 -0.0588 -0.1216 0.9871
1305031465.9958 -0.9497 0.1440 -0.0859 0.0904 -0.0557 -0.1226 0.9868
1305031466.0276 -0.9259 0.1500 -0.0940 0.0933 -0.0562 -0.1235 0.9864
1305031466.0598 -0.9008 0.1728 -0.0990 0.0942 -0.0562 -0.1209 0.9866
1305031466.0958 -0.8870 0.1903 -0.1046 0.0910 -0.0568 -0.1205 0.9869
1305031466.1276 -0.8738 0.2080 -0.1059 0.0865 -0.0590 -0.1202 0.9872
1305031466.1604 -0.8614 0.2301 -0.1079 0.0845 -0.0619 -0.1185 0.9874
1305031466.1958 -0.8480 0.2490 -0.1101 0.0787 -0.0671 -0.1168 0.9878
1305031466.2280 -0.8346 0.2520 -0.1093 0.0648 -0.0732 -0.1209 0.9878
1305031466.2598 -0.8193 0.2493 -0.1168 0.0624 -0.0754 -0.1275 0.9870
1305031466.2957 -0.7932 0.2527 -0.1237 0.0656 -0.0743 -0.1373 0.9856
1305031466.3277 -0.7728 0.2565 -0.1366 0.0664 -0.0669 -0.1445 0.9850
1305031466.3598 -0.7601 0.2656 -0.1520 0.0652 -0.0556 -0.1523 0.9846
1305031466.3958 -0.7490 0.2552 -0.1663 0.0626 -0.0536 -0.1538 0.9847
1305031466.4278 -0.7373 0.2589 -0.1786 0.0665 -0.0559 -0.1572 0.9837
1305031466.4598 -0.7259 0.2675 -0.1876 0.0676 -0.0585 -0.1594 0.9832
1305031466.4958 -0.7140 0.2774 -0.1904 0.0667 -0.0598 -0.1598 0.9831
1305031466.5275 -0.6886 0.2694 -0.2005 0.0642 -0.0605 -0.1610 0.9830
1305031466.5604 -0.6681 0.2768 -0.2119 0.0655 -0.0565 -0.1615 0.9831
1305031466.5959 -0.6440 0.2795 -0.2187 0.0562 -0.0568 -0.1661 0.9829
1305031466.6275 -0.6259 0.2592 -0.2262 0.0480 -0.0546 -0.1684 0.9830
1305031466.6597 -0.6011 0.2505 -0.2356 0.0501 -0.0544 -0.1719 0.9823
1305031466.6958 -0.5820 0.2613 -0.2424 0.0529 -0.0546 -0.1783 0.9810
1305031466.7281 -0.5708 0.2658 -0.2443 0.0485 -0.0533 -0.1915 0.9788
1305031466.7596 -0.5471 0.2504 -0.2464 0.0474 -0.0562 -0.1966 0.9777
1305031466.7956 -0.5348 0.2509 -0.2570 0.0506 -0.0573 -0.2007 0.9767
1305031466.8279 -0.5220 0.2558 -0.2587 0.0497 -0.0600 -0.2022 0.9762
1305031466.8597 -0.5186 0.2525 -0.2581 0.0478 -0.0619 -0.2024 0.9762
1305031466.8957 -0.5053 0.2510 -0.2561 0.0483 -0.0726 -0.2027 0.9754
1305031466.9278 -0.4886 0.2422 -0.2637 0.0445 -0.0868 -0.2059 0.9737
1305031466.9597 -0.4779 0.2340 -0.2653 0.0424 -0.0938 -0.2088 0.9725
1305031466.9957 -0.4673 0.2301 -0.2711 0.0420 -0.0967 -0.2107 0.9718
1305031467.0278 -0.4565 0.2267 -0.2744 0.0418 -0.0995 -0.2132 0.9710
1305031467.0597 -0.4415 0.2245 -0.2791 0.0420 -0.1025 -0.2143 0.9705
1305031467.0957 -0.4302 0.2311 -0.2767 0.0430 -0.1031 -0.2175 0.9697
1305031467.1290 -0.4239 0.2288 -0.2742 0.0425 -0.1042 -0.2232 0.9682
1305031467.1597 -0.4157 0.2266 -0.2766 0.0430 -0.1059 -0.2275 0.9670
1305031467.1957 -0.4095 0.2257 -0.2806 0.0432 -0.1082 -0.2311 0.9659
1305031467.2277 -0.3995 0.2237 -0.2821 0.0430 -0.1131 -0.2346 0.9645
1305031467.2597 -0.3930 0.2239 -0.2816 0.0440 -0.1160 -0.2375 0.9634
1305031467.2958 -0.3857 0.2229 -0.2835 0.0445 -0.1192 -0.2415 0.9620
1305031467.3280 -0.3760 0.2227 -0.2889 0.0452 -0.1225 -0.2443 0.9609
1305031467.3597 -0.3636 0.2271 -0.2944 0.0445 -0.1271 -0.2462 0.9598
1305031467.3958 -0.3522 0.2301 -0.2968 0.0413 -0.1314 -0.2499 0.9584
1305031467.4278 -0.3459 0.2295 -0.2978 0.0409 -0.1341 -0.2520 0.9575
1305031467.4597 -0.3357 0.2263 -0.3013 0.0399 -0.1385 -0.2528 0.9567
1305031467.4961 -0.3166 0.2442 -0.3050 0.0419 -0.1442 -0.2563 0.9549
1305031467.5277 -0.3055 0.2390 -0.3084 0.0384 -0.1460 -0.2618 0.9532
1305031467.5598 -0.2969 0.2354 -0.3057 0.0384 -0.1472 -0.2629 0.9528
1305031467.5960 -0.2900 0.2335 -0.3095 0.0380 -0.1479 -0.2615 0.9530
1305031467.6275 -0.2823 0.2331 -0.3017 0.0395 -0.1517 -0.2597 0.9529
1305031467.6596 -0.2788 0.2264 -0.3037 0.0423 -0.1547 -0.2582 0.9527
1305031467.6959 -0.2767 0.2190 -0.3101 0.0424 -0.1554 -0.2607 0.9519
1305031467.7275 -0.2713 0.2141 -0.3057 0.0452 -0.1565 -0.2654 0.9503
1305031467.7599 -0.2686 0.2153 -0.3053 0.0513 -0.1572 -0.2689 0.9489
1305031467.7961 -0.2679 0.2151 -0.3072 0.0541 -0.1573 -0.2702 0.9483
1305031467.8278 -0.2686 0.2087 -0.3035 0.0567 -0.1574 -0.2704 0.9481
1305031467.8597 -0.2616 0.2141 -0.2988 0.0674 -0.1616 -0.2664 0.9478
1305031467.8959 -0.2625 0.2088 -0.2986 0.0703 -0.1647 -0.2671 0.9469
1305031467.9278 -0.2613 0.1988 -0.2845 0.0711 -0.1696 -0.2693 0.9453
1305031467.9598 -0.2581 0.1844 -0.2761 0.0753 -0.1743 -0.2703 0.9439
1305031467.9958 -0.2525 0.1843 -0.2720 0.0777 -0.1756 -0.2716 0.9430
1305031468.0281 -0.2481 0.1772 -0.2556 0.0775 -0.1768 -0.2739 0.9422
1305031468.0598 -0.2540 0.1565 -0.2474 0.0784 -0.1775 -0.2773 0.9410
1305031468.0959 -0.2531 0.1527 -0.2432 0.0796 -0.1789 -0.2787 0.9402
1305031468.1278 -0.2495 0.1465 -0.2304 0.0794 -0.1806 -0.2793 0.9397
1305031468.1599 -0.2471 0.1354 -0.2204 0.0797 -0.1824 -0.2807 0.9389
1305031468.1960 -0.2396 0.1262 -0.2064 0.0799 -0.1838 -0.2835 0.9378
1305031468.2282 -0.2344 0.1161 -0.1900 0.0794 -0.1842 -0.2833 0.9378
1305031468.2598 -0.2195 0.0968 -0.1695 0.0783 -0.1876 -0.2825 0.9375
1305031468.2958 -0.2122 0.0817 -0.1549 0.0779 -0.1874 -0.2834 0.9373
1305031468.3278 -0.2012 0.0493 -0.1350 0.0752 -0.1906 -0.2815 0.9374
1305031468.3598 -0.1895 0.0236 -0.1220 0.0752 -0.1932 -0.2787 0.9377
1305031468.4598 -0.1867 -0.0260 -0.0923 0.0680 -0.1936 -0.2735 0.9397
1305031468.5278 -0.1880 -0.0549 -0.0641 0.0674 -0.1927 -0.2779 0.9387
1305031468.5597 -0.1993 -0.0677 -0.0714 0.0739 -0.1904 -0.2890 0.9353
1305031468.6596 -0.2233 -0.0995 -0.0666 0.0718 -0.1916 -0.2972 0.9326
1305031468.6958 -0.2388 -0.1151 -0.0627 0.0752 -0.1951 -0.3035 0.9296
1305031468.7278 -0.2508 -0.1203 -0.0543 0.0810 -0.1993 -0.3037 0.9282
1305031468.7958 -0.2658 -0.1463 -0.0496 0.0862 -0.2051 -0.3079 0.9250
1305031468.8292 -0.2810 -0.1587 -0.0603 0.0932 -0.2045 -0.3156 0.9219
1305031468.9596 -0.2872 -0.1810 -0.0541 0.0889 -0.1885 -0.3164 0.9254
1305031469.0277 -0.2947 -0.1819 -0.0407 0.0590 -0.1779 -0.3263 0.9265
1305031469.1277 -0.2999 -0.2111 -0.0111 0.0205 -0.1679 -0.3509 0.9210
1305031469.1955 -0.3070 -0.2245 0.0135 0.0047 -0.1485 -0.3588 0.9215
1305031469.2596 -0.3187 -0.2309 0.0438 -0.0055 -0.1393 -0.3635 0.9211
1305031469.2968 -0.3234 -0.2394 0.0578 -0.0115 -0.1358 -0.3663 0.9205
1305031469.3276 -0.3230 -0.2386 0.0682 -0.0143 -0.1339 -0.3676 0.9202
1305031469.3596 -0.3235 -0.2510 0.0887 -0.0239 -0.1312 -0.3727 0.9183
1305031469.3957 -0.3259 -0.2526 0.1028 -0.0228 -0.1186 -0.3777 0.9180
1305031469.4277 -0.3224 -0.2556 0.1166 -0.0210 -0.1093 -0.3841 0.9165
1305031469.4597 -0.3218 -0.2631 0.1296 -0.0234 -0.1029 -0.3906 0.9145
1305031469.4957 -0.3264 -0.2557 0.1407 -0.0227 -0.0983 -0.3931 0.9140
1305031469.5276 -0.3211 -0.2521 0.1539 -0.0250 -0.1008 -0.3915 0.9143
1305031469.5596 -0.3243 -0.2504 0.1664 -0.0325 -0.0996 -0.3928 0.9137
1305031469.6596 -0.3244 -0.2291 0.2105 -0.0560 -0.0920 -0.3913 0.9139
1305031469.7596 -0.3246 -0.1863 0.2469 -0.0660 -0.0754 -0.3826 0.9185
1305031469.9279 -0.3475 -0.0998 0.3106 -0.0875 -0.0723 -0.3704 0.9219
1305031470.0959 -0.3841 -0.0078 0.3435 -0.0937 -0.0745 -0.3589 0.9257
1305031470.2600 -0.4243 0.0806 0.3535 -0.1036 -0.0743 -0.3429 0.9307
1305031470.4276 -0.4702 0.1601 0.3651 -0.1181 -0.0770 -0.3254 0.9350
1305031470.5958 -0.5208 0.2103 0.3596 -0.1169 -0.0804 -0.3186 0.9372
1305031470.7956 -0.5699 0.2627 0.3679 -0.1152 -0.0737 -0.2945 0.9458
1305031470.8278 -0.5788 0.2706 0.3675 -0.1108 -0.0715 -0.2901 0.9479
1305031470.8596 -0.5870 0.2692 0.3662 -0.1107 -0.0725 -0.2854 0.9492
1305031470.8957 -0.5951 0.2758 0.3627 -0.1059 -0.0731 -0.2797 0.9514
1305031470.9277 -0.6050 0.2810 0.3622 -0.1017 -0.0745 -0.2738 0.9535
1305031470.9596 -0.6186 0.2863 0.3607 -0.0901 -0.0755 -0.2733 0.9547
1305031470.9960 -0.6239 0.2813 0.3561 -0.0853 -0.0782 -0.2721 0.9553
1305031471.0276 -0.6279 0.2824 0.3535 -0.0745 -0.0798 -0.2706 0.9565
1305031471.0596 -0.6350 0.2802 0.3503 -0.0654 -0.0792 -0.2685 0.9578
1305031471.0958 -0.6429 0.2860 0.3446 -0.0538 -0.0775 -0.2621 0.9604
1305031471.1277 -0.6476 0.2894 0.3418 -0.0451 -0.0794 -0.2530 0.9632
1305031471.1596 -0.6507 0.2937 0.3399 -0.0377 -0.0799 -0.2459 0.9653
1305031471.1957 -0.6538 0.2928 0.3382 -0.0371 -0.0792 -0.2425 0.9662
1305031471.2276 -0.6568 0.2930 0.3372 -0.0370 -0.0782 -0.2395 0.9670
1305031471.2597 -0.6607 0.2935 0.3370 -0.0372 -0.0770 -0.2374 0.9676
1305031471.2961 -0.6652 0.2929 0.3369 -0.0368 -0.0754 -0.2354 0.9683
1305031471.3276 -0.6646 0.2948 0.3360 -0.0323 -0.0750 -0.2317 0.9694
1305031471.3596 -0.6650 0.2954 0.3338 -0.0312 -0.0712 -0.2295 0.9702
1305031471.3957 -0.6718 0.2918 0.3331 -0.0331 -0.0654 -0.2261 0.9714
1305031471.4277 -0.6751 0.2925 0.3296 -0.0302 -0.0642 -0.2204 0.9728
1305031471.4965 -0.6867 0.2933 0.3243 -0.0323 -0.0612 -0.2139 0.9744
1305031471.5276 -0.6899 0.2924 0.3224 -0.0335 -0.0602 -0.2113 0.9750
1305031471.5597 -0.6912 0.2927 0.3212 -0.0340 -0.0593 -0.2100 0.9753
1305031471.5957 -0.6932 0.2920 0.3202 -0.0347 -0.0564 -0.2086 0.9758
1305031471.6276 -0.6961 0.2940 0.3176 -0.0330 -0.0524 -0.2089 0.9760
1305031471.6596 -0.6999 0.2957 0.3134 -0.0311 -0.0479 -0.2070 0.9767
1305031471.7958 -0.7102 0.2914 0.2941 -0.0348 -0.0273 -0.1894 0.9809
1305031471.9956 -0.7183 0.3096 0.2874 -0.0440 0.0027 -0.1624 0.9857
1305031472.2957 -0.7316 0.3563 0.2819 -0.0207 0.0161 -0.1283 0.9914
1305031472.5957 -0.7333 0.3407 0.2734 -0.0027 0.0079 -0.1224 0.9924
1305031472.8276 -0.7333 0.3122 0.2800 0.0014 0.0075 -0.1225 0.9924
