1305031453.4237 0.0046 0.0039 -0.0069 0.0018 0.0040 0.0095 0.9999
1305031453.4597 0.0087 0.0086 -0.0174 0.0058 0.0103 0.0183 0.9998
1305031453.4917 0.0115 0.0144 -0.0262 0.0106 0.0165 0.0288 0.9994
1305031453.5237 0.0123 0.0208 -0.0374 0.0179 0.0214 0.0378 0.9989
1305031453.5598 0.0146 0.0265 -0.0505 0.0251 0.0235 0.0446 0.9984
1305031453.5916 0.0150 0.0340 -0.0659 0.0328 0.0261 0.0489 0.9979
1305031453.6277 0.0109 0.0400 -0.0787 0.0397 0.0273 0.0531 0.9974
1305031453.6596 0.0087 0.0480 -0.0941 0.0475 0.0227 0.0515 0.9973
1305031453.6917 0.0035 0.0577 -0.1105 0.0543 0.0177 0.0467 0.9973
1305031453.7277 -0.0037 0.0664 -0.1248 0.0587 0.0129 0.0420 0.9973
1305031453.7597 -0.0116 0.0723 -0.1363 0.0630 0.0042 0.0343 0.9974
1305031453.7917 -0.0176 0.0821 -0.1519 0.0676 -0.0051 0.0261 0.9974
1305031453.8278 -0.0280 0.0892 -0.1629 0.0704 -0.0119 0.0198 0.9973
1305031453.8597 -0.0402 0.0963 -0.1741 0.0721 -0.0240 0.0122 0.9970
1305031453.8917 -0.0497 0.1044 -0.1871 0.0716 -0.0404 0.0045 0.9966
1305031453.9277 -0.0620 0.1099 -0.1931 0.0690 -0.0584 0.0003 0.9959
1305031453.9596 -0.0679 0.1152 -0.2011 0.0668 -0.0752 -0.0089 0.9949
1305031453.9916 -0.0778 0.1152 -0.2009 0.0649 -0.0868 -0.0200 0.9939
1305031454.0277 -0.0876 0.1174 -0.2046 0.0670 -0.0991 -0.0299 0.9924
1305031454.0597 -0.0967 0.1221 -0.2096 0.0682 -0.1105 -0.0414 0.9907
1305031454.0917 -0.1061 0.1211 -0.2037 0.0685 -0.1227 -0.0545 0.9886
1305031454.1277 -0.1165 0.1222 -0.2032 0.0720 -0.1370 -0.0682 0.9856
1305031454.1597 -0.1254 0.1288 -0.2081 0.0734 -0.1524 -0.0806 0.9823
1305031454.1917 -0.1368 0.1301 -0.2091 0.0713 -0.1683 -0.0952 0.9785
1305031454.2277 -0.1515 0.1307 -0.2035 0.0749 -0.1842 -0.1137 0.9734
1305031454.2596 -0.1520 0.1312 -0.2009 0.0807 -0.2006 -0.1300 0.9676
1305031454.2916 -0.1573 0.1336 -0.2024 0.0791 -0.2086 -0.1419 0.9644
1305031454.3277 -0.1725 0.1345 -0.2062 0.0799 -0.2156 -0.1566 0.9605
1305031454.3596 -0.1709 0.1363 -0.2118 0.0856 -0.2272 -0.1687 0.9553
1305031454.3917 -0.1753 0.1401 -0.2159 0.0872 -0.2351 -0.1808 0.9510
1305031454.4275 -0.1874 0.1464 -0.2179 0.0898 -0.2453 -0.1955 0.9453
1305031454.4599 -0.1862 0.1466 -0.2166 0.0924 -0.2578 -0.2112 0.9383
1305031454.4916 -0.1905 0.1516 -0.2183 0.0949 -0.2624 -0.2273 0.9330
1305031454.5277 -0.1920 0.1569 -0.2209 0.0952 -0.2687 -0.2435 0.9271
1305031454.5596 -0.1956 0.1617 -0.2251 0.0921 -0.2739 -0.2568 0.9223
1305031454.5916 -0.2036 0.1662 -0.2272 0.0893 -0.2826 -0.2734 0.9151
1305031454.6276 -0.2069 0.1673 -0.2254 0.0867 -0.2960 -0.2873 0.9068
1305031454.6595 -0.2058 0.1751 -0.2272 0.0818 -0.3082 -0.2951 0.9007
1305031454.6919 -0.2089 0.1774 -0.2267 0.0740 -0.3214 -0.3033 0.8940
1305031454.7277 -0.2055 0.1795 -0.2198 0.0692 -0.3366 -0.3079 0.8872
1305031454.7597 -0.2001 0.1798 -0.2163 0.0618 -0.3444 -0.3054 0.8856
1305031454.7916 -0.1948 0.1842 -0.2137 0.0559 -0.3484 -0.2982 0.8869
1305031454.8276 -0.1872 0.1926 -0.2118 0.0517 -0.3502 -0.2921 0.8885
1305031454.8596 -0.1836 0.1977 -0.2095 0.0453 -0.3477 -0.2857 0.8919
1305031454.8918 -0.1807 0.2040 -0.2093 0.0409 -0.3430 -0.2793 0.8959
1305031454.9276 -0.1780 0.2107 -0.2106 0.0363 -0.3375 -0.2738 0.8999
1305031454.9596 -0.1783 0.2181 -0.2141 0.0323 -0.3319 -0.2682 0.9038
1305031454.9919 -0.1818 0.2248 -0.2190 0.0286 -0.3283 -0.2631 0.9067
1305031455.0278 -0.1812 0.2354 -0.2232 0.0284 -0.3274 -0.2604 0.9079
1305031455.0596 -0.1844 0.2407 -0.2261 0.0260 -0.3245 -0.2589 0.9094
1305031455.0917 -0.1883 0.2476 -0.2310 0.0278 -0.3211 -0.2585 0.9106
1305031455.1277 -0.1928 0.2597 -0.2375 0.0297 -0.3158 -0.2569 0.9129
1305031455.1597 -0.2016 0.2704 -0.2446 0.0287 -0.3101 -0.2529 0.9160
1305031455.1917 -0.2105 0.2786 -0.2486 0.0247 -0.3063 -0.2474 0.9189
1305031455.2276 -0.2192 0.2849 -0.2541 0.0235 -0.3029 -0.2422 0.9215
1305031455.2596 -0.2243 0.2990 -0.2607 0.0222 -0.2979 -0.2361 0.9247
1305031455.2918 -0.2374 0.3037 -0.2658 0.0126 -0.2912 -0.2273 0.9292
1305031455.3278 -0.2478 0.3132 -0.2743 0.0067 -0.2878 -0.2174 0.9327
1305031455.3596 -0.2529 0.3233 -0.2778 -0.0009 -0.2862 -0.2116 0.9345
1305031455.3917 -0.2636 0.3244 -0.2810 -0.0126 -0.2789 -0.2044 0.9382
1305031455.4276 -0.2774 0.3297 -0.2883 -0.0203 -0.2711 -0.1948 0.9424
1305031455.4596 -0.2909 0.3304 -0.2952 -0.0265 -0.2670 -0.1865 0.9451
1305031455.4916 -0.3020 0.3356 -0.3048 -0.0312 -0.2627 -0.1760 0.9482
1305031455.5276 -0.3190 0.3349 -0.3125 -0.0379 -0.2585 -0.1632 0.9513
1305031455.5597 -0.3350 0.3366 -0.3248 -0.0412 -0.2580 -0.1503 0.9535
1305031455.5916 -0.3458 0.3417 -0.3380 -0.0441 -0.2585 -0.1364 0.9553
1305031455.6276 -0.3602 0.3371 -0.3420 -0.0513 -0.2576 -0.1240 0.9569
1305031455.6596 -0.3754 0.3347 -0.3526 -0.0496 -0.2555 -0.1180 0.9583
1305031455.6916 -0.3886 0.3377 -0.3661 -0.0447 -0.2536 -0.1187 0.9590
1305031455.7276 -0.4010 0.3356 -0.3774 -0.0424 -0.2507 -0.1234 0.9592
1305031455.7597 -0.4139 0.3344 -0.3908 -0.0407 -0.2451 -0.1265 0.9604
1305031455.7917 -0.4287 0.3269 -0.4037 -0.0400 -0.2395 -0.1255 0.9619
1305031455.8276 -0.4410 0.3260 -0.4202 -0.0367 -0.2360 -0.1251 0.9630
1305031455.8595 -0.4514 0.3220 -0.4322 -0.0365 -0.2346 -0.1263 0.9632
1305031455.8917 -0.4603 0.3191 -0.4451 -0.0360 -0.2321 -0.1265 0.9637
1305031455.9280 -0.4701 0.3146 -0.4547 -0.0368 -0.2290 -0.1272 0.9644
1305031455.9597 -0.4781 0.3149 -0.4679 -0.0349 -0.2254 -0.1296 0.9650
1305031455.9917 -0.4862 0.3136 -0.4774 -0.0361 -0.2208 -0.1319 0.9657
1305031456.0278 -0.4944 0.3206 -0.4907 -0.0374 -0.2136 -0.1370 0.9666
1305031456.0597 -0.5069 0.3150 -0.4954 -0.0462 -0.2079 -0.1448 0.9663
1305031456.0917 -0.5187 0.3067 -0.4992 -0.0519 -0.2035 -0.1501 0.9661
1305031456.1276 -0.5289 0.3025 -0.5054 -0.0528 -0.1991 -0.1515 0.9668
1305031456.1597 -0.5378 0.2934 -0.5049 -0.0546 -0.1945 -0.1515 0.9676
1305031456.1917 -0.5470 0.2867 -0.5094 -0.0496 -0.1868 -0.1489 0.9698
1305031456.2277 -0.5535 0.2932 -0.5162 -0.0437 -0.1768 -0.1453 0.9725
1305031456.2917 -0.5797 0.2777 -0.5160 -0.0443 -0.1537 -0.1382 0.9774
1305031456.3277 -0.5908 0.2728 -0.5145 -0.0404 -0.1434 -0.1312 0.9801
1305031456.3916 -0.6139 0.2686 -0.5094 -0.0356 -0.1188 -0.1217 0.9848
1305031456.4277 -0.6324 0.2725 -0.5101 -0.0280 -0.1062 -0.1148 0.9873
1305031456.4917 -0.6707 0.2922 -0.5051 -0.0300 -0.0956 -0.1036 0.9896
1305031456.5276 -0.6839 0.2926 -0.4965 -0.0366 -0.0968 -0.0985 0.9897
1305031456.5917 -0.7053 0.2973 -0.4835 -0.0391 -0.0921 -0.0871 0.9912
1305031456.6276 -0.7171 0.3089 -0.4759 -0.0497 -0.0858 -0.0819 0.9917
1305031456.6916 -0.7554 0.2942 -0.4548 -0.0652 -0.0725 -0.0673 0.9930
1305031456.7277 -0.7720 0.3099 -0.4502 -0.0672 -0.0698 -0.0578 0.9936
1305031456.7916 -0.8064 0.3017 -0.4295 -0.0735 -0.0780 -0.0439 0.9933
1305031456.8276 -0.8136 0.3161 -0.4260 -0.0730 -0.0815 -0.0355 0.9934
1305031456.8917 -0.8311 0.3095 -0.3999 -0.0860 -0.0798 -0.0243 0.9928
1305031456.9277 -0.8450 0.3167 -0.3968 -0.0802 -0.0727 -0.0181 0.9940
1305031456.9597 -0.8598 0.3323 -0.3962 -0.0787 -0.0650 -0.0136 0.9947
1305031456.9917 -0.8727 0.3291 -0.3875 -0.0884 -0.0601 -0.0117 0.9942
1305031457.0276 -0.8862 0.3297 -0.3854 -0.0904 -0.0548 -0.0082 0.9944
1305031457.0917 -0.9092 0.3364 -0.3844 -0.1024 -0.0433 0.0006 0.9938
1305031457.1276 -0.9200 0.3293 -0.3832 -0.1070 -0.0372 0.0047 0.9935
1305031457.1917 -0.9447 0.3329 -0.3964 -0.1040 -0.0216 0.0173 0.9942
1305031457.2275 -0.9572 0.3289 -0.4006 -0.1088 -0.0145 0.0231 0.9937
1305031457.2917 -0.9804 0.3182 -0.4163 -0.1012 0.0006 0.0359 0.9942
1305031457.3275 -0.9935 0.3210 -0.4284 -0.0977 0.0111 0.0408 0.9943
1305031457.3917 -1.0225 0.3056 -0.4463 -0.0957 0.0349 0.0535 0.9934
1305031457.4276 -1.0428 0.3073 -0.4587 -0.0912 0.0454 0.0605 0.9930
1305031457.4917 -1.0696 0.2903 -0.4779 -0.0927 0.0510 0.0693 0.9920
1305031457.5276 -1.0813 0.2824 -0.4892 -0.0897 0.0545 0.0724 0.9918
1305031457.5597 -1.0940 0.2779 -0.5005 -0.0860 0.0597 0.0766 0.9916
1305031457.5917 -1.1113 0.2770 -0.5118 -0.0821 0.0653 0.0801 0.9912
1305031457.6275 -1.1244 0.2656 -0.5173 -0.0836 0.0680 0.0829 0.9907
1305031457.6596 -1.1425 0.2696 -0.5304 -0.0780 0.0716 0.0870 0.9906
1305031457.6916 -1.1552 0.2622 -0.5354 -0.0841 0.0721 0.0889 0.9899
1305031457.7277 -1.1656 0.2445 -0.5385 -0.0880 0.0731 0.0884 0.9895
1305031457.7596 -1.1770 0.2321 -0.5448 -0.0863 0.0750 0.0868 0.9896
1305031457.7916 -1.1839 0.2138 -0.5491 -0.0816 0.0786 0.0863 0.9898
1305031457.8277 -1.1966 0.2160 -0.5613 -0.0695 0.0861 0.0872 0.9900
1305031457.8596 -1.2087 0.2082 -0.5661 -0.0669 0.0941 0.0878 0.9894
1305031457.8916 -1.2236 0.1867 -0.5651 -0.0626 0.1025 0.0882 0.9888
1305031457.9276 -1.2440 0.1850 -0.5710 -0.0484 0.1086 0.0926 0.9886
1305031457.9916 -1.2677 0.1710 -0.5734 -0.0372 0.1102 0.0982 0.9883
1305031458.0278 -1.2768 0.1583 -0.5718 -0.0301 0.1130 0.0993 0.9882
1305031458.0597 -1.2933 0.1674 -0.5727 -0.0185 0.1185 0.1020 0.9875
1305031458.0917 -1.3092 0.1681 -0.5679 -0.0177 0.1236 0.1039 0.9867
1305031458.1276 -1.3234 0.1601 -0.5581 -0.0196 0.1277 0.1042 0.9861
1305031458.1596 -1.3392 0.1524 -0.5487 -0.0184 0.1306 0.1064 0.9855
1305031458.1916 -1.3566 0.1573 -0.5409 -0.0167 0.1308 0.1109 0.9850
1305031458.2276 -1.3676 0.1511 -0.5272 -0.0246 0.1275 0.1118 0.9852
1305031458.2599 -1.3748 0.1302 -0.5052 -0.0297 0.1241 0.1085 0.9859
1305031458.2917 -1.3950 0.1272 -0.4968 -0.0205 0.1210 0.1088 0.9865
1305031458.3276 -1.4041 0.1233 -0.4841 -0.0190 0.1138 0.1113 0.9871
1305031458.3596 -1.4102 0.1111 -0.4613 -0.0130 0.1087 0.1126 0.9876
1305031458.3916 -1.4219 0.1139 -0.4509 0.0004 0.1055 0.1164 0.9876
1305031458.4276 -1.4270 0.1128 -0.4377 0.0079 0.1041 0.1250 0.9866
1305031458.4596 -1.4239 0.1019 -0.4209 0.0165 0.1063 0.1332 0.9852
1305031458.4917 -1.4243 0.0957 -0.4038 0.0359 0.1147 0.1331 0.9838
1305031458.5277 -1.4418 0.1197 -0.3867 0.0606 0.1272 0.1307 0.9814
1305031458.5596 -1.4501 0.1251 -0.3669 0.0689 0.1366 0.1285 0.9798
1305031458.5916 -1.4609 0.1271 -0.3446 0.0787 0.1434 0.1226 0.9789
1305031458.6277 -1.4782 0.1530 -0.3236 0.0860 0.1459 0.1170 0.9786
1305031458.6596 -1.4900 0.1537 -0.3022 0.0795 0.1429 0.1176 0.9795
1305031458.6917 -1.4943 0.1564 -0.2766 0.0742 0.1280 0.1109 0.9828
1305031458.7276 -1.4821 0.1488 -0.2530 0.0702 0.1100 0.1022 0.9862
1305031458.7599 -1.4951 0.1518 -0.2374 0.0764 0.0978 0.0916 0.9880
1305031458.7916 -1.4985 0.1646 -0.2257 0.0774 0.0817 0.0818 0.9903
1305031458.8276 -1.4949 0.1605 -0.2108 0.0700 0.0725 0.0796 0.9917
1305031458.8917 -1.4932 0.1561 -0.1884 0.0769 0.0686 0.0689 0.9923
1305031458.9276 -1.5040 0.1602 -0.1843 0.0752 0.0762 0.0748 0.9914
1305031458.9596 -1.5076 0.1522 -0.1770 0.0663 0.0811 0.0876 0.9906
1305031458.9916 -1.5097 0.1337 -0.1675 0.0655 0.0829 0.0929 0.9901
1305031459.0277 -1.5302 0.1296 -0.1610 0.0767 0.0822 0.0927 0.9893
1305031459.0596 -1.5520 0.1207 -0.1488 0.0844 0.0774 0.1022 0.9882
1305031459.1276 -1.5668 0.1800 -0.1410 0.1031 0.0760 0.0838 0.9882
1305031459.1596 -1.5759 0.1788 -0.1325 0.1113 0.0497 0.0853 0.9889
1305031459.1917 -1.5861 0.1793 -0.1261 0.1164 0.0304 0.0918 0.9885
1305031459.2276 -1.5928 0.1794 -0.1186 0.1177 0.0168 0.1031 0.9875
1305031459.2598 -1.5932 0.1850 -0.1080 0.1178 0.0125 0.1130 0.9865
1305031459.3276 -1.6035 0.1904 -0.0837 0.1144 0.0439 0.1429 0.9821
1305031459.3597 -1.6147 0.1993 -0.0751 0.1198 0.0687 0.1630 0.9769
1305031459.3917 -1.6292 0.2202 -0.0477 0.1224 0.0955 0.1865 0.9701
1305031459.4276 -1.6288 0.2237 -0.0304 0.1113 0.1280 0.2227 0.9600
1305031459.4597 -1.6409 0.2266 -0.0296 0.1100 0.1612 0.2590 0.9460
1305031459.5276 -1.6345 0.2551 -0.0023 0.1164 0.1612 0.2524 0.9470
1305031459.5596 -1.6518 0.2498 -0.0057 0.1098 0.1769 0.2780 0.9378
1305031459.5917 -1.6709 0.2527 -0.0031 0.1078 0.1846 0.2957 0.9311
1305031459.6276 -1.6803 0.2495 0.0001 0.1029 0.1862 0.3059 0.9280
1305031459.6596 -1.6935 0.2540 0.0040 0.1042 0.1932 0.3062 0.9263
1305031459.6916 -1.7114 0.2508 0.0077 0.0987 0.2062 0.3115 0.9223
1305031459.7276 -1.7258 0.2367 0.0085 0.0915 0.2149 0.3157 0.9197
1305031459.7917 -1.7671 0.2141 0.0139 0.0923 0.2281 0.3092 0.9186
1305031459.8277 -1.7851 0.2056 0.0179 0.0916 0.2292 0.3066 0.9193
1305031459.8597 -1.8043 0.1962 0.0233 0.0874 0.2293 0.3052 0.9201
1305031459.8916 -1.8161 0.1835 0.0290 0.0818 0.2254 0.3083 0.9206
1305031459.9276 -1.8273 0.1715 0.0342 0.0806 0.2229 0.3115 0.9202
1305031459.9917 -1.8512 0.1505 0.0454 0.0754 0.2208 0.3188 0.9186
1305031460.0276 -1.8593 0.1368 0.0508 0.0738 0.2209 0.3220 0.9176
1305031460.0597 -1.8725 0.1234 0.0556 0.0740 0.2218 0.3241 0.9166
1305031460.0917 -1.8859 0.1089 0.0621 0.0753 0.2181 0.3311 0.9150
1305031460.1277 -1.8913 0.0949 0.0679 0.0790 0.2084 0.3408 0.9134
1305031460.1597 -1.9009 0.0878 0.0737 0.0852 0.2003 0.3478 0.9120
1305031460.1916 -1.9025 0.0810 0.0816 0.0845 0.1925 0.3546 0.9111
1305031460.2278 -1.8956 0.0709 0.0904 0.0841 0.1903 0.3588 0.9100
1305031460.2917 -1.9012 0.0510 0.1008 0.0870 0.2065 0.3588 0.9061
1305031460.3275 -1.9046 0.0398 0.1053 0.0883 0.2149 0.3610 0.9032
1305031460.3916 -1.9084 0.0212 0.1180 0.0847 0.2343 0.3679 0.8958
1305031460.4275 -1.9107 0.0100 0.1230 0.0838 0.2451 0.3731 0.8909
1305031460.4596 -1.9113 0.0045 0.1287 0.0830 0.2575 0.3772 0.8857
1305031460.4915 -1.9182 -0.0032 0.1333 0.0778 0.2729 0.3835 0.8789
1305031460.5276 -1.9194 -0.0146 0.1369 0.0709 0.2835 0.3940 0.8714
1305031460.5596 -1.9185 -0.0259 0.1408 0.0649 0.2927 0.3987 0.8667
1305031460.5919 -1.9227 -0.0363 0.1447 0.0614 0.3023 0.3998 0.8631
1305031460.6276 -1.9231 -0.0474 0.1485 0.0585 0.3103 0.4026 0.8592
1305031460.6598 -1.9292 -0.0589 0.1520 0.0565 0.3187 0.4021 0.8565
1305031460.6917 -1.9370 -0.0685 0.1582 0.0539 0.3241 0.4030 0.8542
1305031460.7277 -1.9372 -0.0778 0.1643 0.0488 0.3261 0.4035 0.8535
1305031460.7597 -1.9376 -0.0887 0.1703 0.0457 0.3311 0.4023 0.8523
1305031460.7917 -1.9445 -0.0997 0.1778 0.0432 0.3362 0.4012 0.8509
1305031460.8277 -1.9464 -0.1070 0.1862 0.0389 0.3380 0.3986 0.8517
1305031460.8597 -1.9463 -0.1142 0.1939 0.0333 0.3417 0.3962 0.8515
1305031460.8918 -1.9475 -0.1264 0.2032 0.0261 0.3475 0.3938 0.8506
1305031460.9276 -1.9499 -0.1384 0.2136 0.0205 0.3508 0.3933 0.8496
1305031460.9917 -1.9396 -0.1620 0.2280 0.0172 0.3542 0.3962 0.8469
1305031461.0276 -1.9383 -0.1731 0.2367 0.0186 0.3566 0.3969 0.8456
1305031461.0917 -1.9394 -0.1855 0.2531 0.0221 0.3557 0.3956 0.8465
1305031461.1276 -1.9319 -0.1953 0.2592 0.0201 0.3552 0.3939 0.8475
1305031461.1597 -1.9274 -0.2063 0.2674 0.0218 0.3568 0.3921 0.8476
1305031461.1920 -1.9261 -0.2098 0.2730 0.0255 0.3570 0.3875 0.8496
1305031461.2276 -1.9241 -0.2156 0.2799 0.0261 0.3585 0.3848 0.8501
1305031461.2596 -1.9196 -0.2235 0.2862 0.0272 0.3586 0.3815 0.8515
1305031461.2917 -1.9164 -0.2265 0.2923 0.0297 0.3589 0.3753 0.8541
1305031461.3278 -1.9110 -0.2261 0.2976 0.0320 0.3604 0.3707 0.8554
1305031461.3597 -1.9127 -0.2254 0.3044 0.0289 0.3647 0.3664 0.8555
1305031461.3917 -1.9034 -0.2358 0.3126 0.0201 0.3650 0.3681 0.8549
1305031461.4276 -1.8971 -0.2397 0.3162 0.0195 0.3655 0.3663 0.8555
1305031461.4598 -1.8956 -0.2372 0.3205 0.0168 0.3657 0.3677 0.8549
1305031461.4917 -1.8816 -0.2487 0.3215 0.0113 0.3647 0.3702 0.8543
1305031461.5277 -1.8811 -0.2471 0.3214 0.0174 0.3663 0.3673 0.8547
1305031461.5597 -1.8731 -0.2414 0.3167 0.0175 0.3663 0.3641 0.8561
1305031461.5917 -1.8696 -0.2394 0.3134 0.0179 0.3736 0.3604 0.8546
1305031461.6275 -1.8668 -0.2361 0.3117 0.0158 0.3792 0.3603 0.8522
1305031461.6596 -1.8634 -0.2336 0.3103 0.0138 0.3840 0.3603 0.8500
1305031461.6916 -1.8629 -0.2279 0.3087 0.0129 0.3869 0.3655 0.8465
1305031461.7276 -1.8544 -0.2239 0.3061 0.0099 0.3866 0.3715 0.8441
1305031461.7597 -1.8527 -0.2143 0.3009 0.0103 0.3881 0.3737 0.8424
1305031461.7916 -1.8482 -0.2053 0.2965 0.0064 0.3898 0.3782 0.8396
1305031461.8276 -1.8433 -0.1984 0.2918 0.0042 0.3937 0.3830 0.8356
1305031461.8598 -1.8456 -0.1844 0.2883 0.0044 0.3982 0.3889 0.8307
1305031461.8917 -1.8483 -0.1740 0.2869 0.0003 0.4007 0.4003 0.8241
1305031461.9278 -1.8413 -0.1662 0.2833 -0.0081 0.3981 0.4101 0.8205
1305031461.9597 -1.8348 -0.1507 0.2755 -0.0122 0.4003 0.4128 0.8181
1305031461.9916 -1.8465 -0.1384 0.2761 -0.0182 0.4100 0.4184 0.8102
1305031462.0277 -1.8478 -0.1399 0.2808 -0.0309 0.4119 0.4303 0.8026
1305031462.0598 -1.8499 -0.1365 0.2831 -0.0362 0.4087 0.4426 0.7973
1305031462.0918 -1.8492 -0.1264 0.2788 -0.0382 0.4017 0.4543 0.7942
1305031462.1277 -1.8502 -0.1167 0.2763 -0.0410 0.3983 0.4635 0.7905
1305031462.1596 -1.8507 -0.1118 0.2741 -0.0459 0.3961 0.4700 0.7875
1305031462.1916 -1.8557 -0.1000 0.2727 -0.0477 0.3955 0.4689 0.7883
1305031462.2276 -1.8616 -0.0909 0.2723 -0.0530 0.3962 0.4693 0.7874
1305031462.2598 -1.8669 -0.0838 0.2725 -0.0593 0.3951 0.4680 0.7883
1305031462.2916 -1.8725 -0.0757 0.2732 -0.0653 0.3924 0.4646 0.7912
1305031462.3275 -1.8764 -0.0640 0.2715 -0.0715 0.3889 0.4597 0.7952
1305031462.3597 -1.8883 -0.0561 0.2777 -0.0784 0.3912 0.4524 0.7976
1305031462.3917 -1.8969 -0.0446 0.2822 -0.0858 0.3873 0.4480 0.8012
1305031462.4276 -1.9097 -0.0493 0.2975 -0.0990 0.3913 0.4414 0.8014
1305031462.4599 -1.9254 -0.0255 0.3165 -0.0981 0.3881 0.4366 0.8057
1305031462.4920 -1.9231 -0.0162 0.3174 -0.0949 0.3850 0.4375 0.8070
1305031462.5277 -1.9225 -0.0157 0.3186 -0.0952 0.3849 0.4381 0.8068
1305031462.5599 -1.8732 0.0033 0.3064 -0.1040 0.3449 0.4625 0.8102
1305031462.5919 -1.8674 0.0256 0.3077 -0.1034 0.3317 0.4520 0.8216
1305031462.6279 -1.8763 0.0329 0.3059 -0.1026 0.3310 0.4435 0.8266
1305031462.6597 -1.8801 0.0349 0.3021 -0.1054 0.3301 0.4345 0.8313
1305031462.6925 -1.8867 0.0308 0.2949 -0.1092 0.3292 0.4262 0.8355
1305031462.7277 -1.8932 0.0324 0.2892 -0.1119 0.3236 0.4163 0.8423
1305031462.7598 -1.8985 0.0404 0.2831 -0.1124 0.3166 0.4049 0.8504
1305031462.7919 -1.9028 0.0388 0.2770 -0.1165 0.3143 0.4003 0.8529
1305031462.8278 -1.9058 0.0391 0.2666 -0.1236 0.3081 0.3938 0.8572
1305031462.8598 -1.9109 0.0379 0.2592 -0.1288 0.3082 0.3877 0.8591
1305031462.8918 -1.9098 0.0401 0.2505 -0.1327 0.3071 0.3825 0.8613
1305031462.9276 -1.9082 0.0412 0.2445 -0.1349 0.3064 0.3807 0.8620
1305031462.9597 -1.9075 0.0471 0.2336 -0.1345 0.3035 0.3786 0.8640
1305031462.9955 -1.9059 0.0620 0.2207 -0.1285 0.2990 0.3761 0.8675
1305031463.0277 -1.9074 0.0613 0.2067 -0.1258 0.2974 0.3717 0.8704
1305031463.0598 -1.9082 0.0617 0.1826 -0.1240 0.2914 0.3624 0.8766
1305031463.0958 -1.9072 0.0696 0.1722 -0.1224 0.2876 0.3549 0.8811
1305031463.1275 -1.9041 0.0781 0.1635 -0.1195 0.2850 0.3478 0.8852
1305031463.1598 -1.9044 0.0760 0.1456 -0.1182 0.2843 0.3385 0.8892
1305031463.1957 -1.9015 0.0738 0.1304 -0.1232 0.2826 0.3317 0.8916
1305031463.2278 -1.8957 0.0849 0.1266 -0.1208 0.2800 0.3290 0.8938
1305031463.2600 -1.8937 0.0915 0.1136 -0.1154 0.2801 0.3246 0.8960
1305031463.2957 -1.8880 0.0882 0.0914 -0.1182 0.2782 0.3192 0.8982
1305031463.3277 -1.8811 0.0987 0.0877 -0.1163 0.2741 0.3174 0.9003
1305031463.3598 -1.8809 0.0997 0.0764 -0.1117 0.2729 0.3155 0.9020
1305031463.3956 -1.8766 0.1042 0.0602 -0.1092 0.2689 0.3104 0.9052
1305031463.4277 -1.8662 0.1146 0.0524 -0.1088 0.2651 0.3069 0.9076
1305031463.4598 -1.8541 0.1250 0.0403 -0.1077 0.2626 0.3041 0.9094
1305031463.4956 -1.8417 0.1387 0.0323 -0.1067 0.2639 0.3012 0.9101
1305031463.5277 -1.8240 0.1492 0.0229 -0.1042 0.2656 0.2995 0.9105
1305031463.5598 -1.8167 0.1530 0.0096 -0.1015 0.2687 0.3001 0.9096
1305031463.5956 -1.8064 0.1612 -0.0004 -0.1006 0.2666 0.3000 0.9104
1305031463.6276 -1.7877 0.1659 -0.0101 -0.0994 0.2635 0.2979 0.9121
1305031463.6598 -1.7773 0.1688 -0.0243 -0.0914 0.2660 0.2946 0.9133
1305031463.6956 -1.7717 0.1795 -0.0379 -0.0849 0.2671 0.2896 0.9152
1305031463.7276 -1.7490 0.1787 -0.0537 -0.0877 0.2630 0.2872 0.9169
1305031463.7597 -1.7281 0.1731 -0.0725 -0.0854 0.2627 0.2820 0.9188
1305031463.7956 -1.7186 0.1741 -0.0903 -0.0803 0.2652 0.2713 0.9218
1305031463.8278 -1.7018 0.1732 -0.1074 -0.0804 0.2637 0.2613 0.9251
1305031463.8599 -1.6841 0.1646 -0.1248 -0.0808 0.2639 0.2519 0.9276
1305031463.8956 -1.6742 0.1626 -0.1429 -0.0769 0.2653 0.2425 0.9300
1305031463.9277 -1.6652 0.1587 -0.1578 -0.0760 0.2642 0.2364 0.9320
1305031463.9597 -1.6499 0.1499 -0.1736 -0.0757 0.2589 0.2314 0.9347
1305031463.9958 -1.6380 0.1438 -0.1921 -0.0721 0.2549 0.2246 0.9378
1305031464.0277 -1.6291 0.1402 -0.2107 -0.0705 0.2514 0.2163 0.9408
1305031464.0597 -1.6135 0.1298 -0.2267 -0.0717 0.2490 0.2077 0.9432
1305031464.0956 -1.6069 0.1228 -0.2426 -0.0679 0.2507 0.1983 0.9451
1305031464.1277 -1.6066 0.1168 -0.2546 -0.0646 0.2516 0.1926 0.9463
1305031464.1598 -1.6012 0.1045 -0.2644 -0.0608 0.2484 0.1912 0.9477
1305031464.1956 -1.5968 0.0955 -0.2759 -0.0512 0.2420 0.1872 0.9507
1305031464.2276 -1.5992 0.0964 -0.2882 -0.0389 0.2336 0.1825 0.9543
1305031464.2596 -1.5986 0.0981 -0.3011 -0.0308 0.2197 0.1807 0.9582
1305031464.2957 -1.5891 0.0997 -0.3134 -0.0265 0.2017 0.1761 0.9631
1305031464.3279 -1.5735 0.0996 -0.3271 -0.0238 0.1861 0.1706 0.9673
1305031464.3597 -1.5592 0.0926 -0.3400 -0.0207 0.1756 0.1657 0.9702
1305031464.3956 -1.5437 0.0965 -0.3558 -0.0143 0.1685 0.1569 0.9730
1305031464.4276 -1.5337 0.0978 -0.3690 -0.0121 0.1676 0.1467 0.9748
1305031464.4597 -1.5249 0.0898 -0.3833 -0.0110 0.1653 0.1382 0.9764
1305031464.4956 -1.5095 0.0902 -0.3988 -0.0083 0.1618 0.1316 0.9780
1305031464.5276 -1.5021 0.0915 -0.4154 -0.0061 0.1620 0.1230 0.9791
1305031464.5597 -1.4865 0.0869 -0.4307 -0.0089 0.1588 0.1114 0.9810
1305031464.5957 -1.4639 0.0650 -0.4513 -0.0101 0.1609 0.1009 0.9817
1305031464.6277 -1.4505 0.0583 -0.4697 -0.0009 0.1713 0.0914 0.9810
1305031464.6597 -1.4381 0.0529 -0.4825 0.0082 0.1823 0.0779 0.9801
1305031464.6957 -1.4263 0.0311 -0.4909 0.0171 0.1922 0.0608 0.9793
1305031464.7277 -1.4262 0.0294 -0.4968 0.0352 0.1989 0.0430 0.9784
1305031464.7597 -1.4227 0.0384 -0.5038 0.0491 0.1980 0.0234 0.9787
1305031464.7960 -1.4225 0.0286 -0.5009 0.0544 0.1941 0.0048 0.9795
1305031464.8278 -1.4249 0.0252 -0.4979 0.0644 0.1833 -0.0099 0.9809
1305031464.8597 -1.4136 0.0352 -0.4994 0.0719 0.1651 -0.0256 0.9833
1305031464.8958 -1.3953 0.0369 -0.5017 0.0696 0.1467 -0.0455 0.9857
1305031464.9278 -1.3757 0.0139 -0.5011 0.0625 0.1325 -0.0664 0.9870
1305031464.9598 -1.3551 -0.0019 -0.4969 0.0634 0.1245 -0.0845 0.9866
1305031464.9957 -1.3359 -0.0027 -0.4912 0.0692 0.1209 -0.1029 0.9849
1305031465.0278 -1.3281 -0.0025 -0.4757 0.0725 0.1211 -0.1248 0.9821
1305031465.0597 -1.3275 0.0168 -0.4545 0.0807 0.1172 -0.1445 0.9792
1305031465.0957 -1.3068 0.0604 -0.4385 0.0819 0.1045 -0.1603 0.9781
1305031465.1277 -1.2882 0.0701 -0.4230 0.0640 0.0917 -0.1756 0.9781
1305031465.1598 -1.2773 0.0691 -0.4036 0.0451 0.0818 -0.1848 0.9783
1305031465.1956 -1.2606 0.0701 -0.3854 0.0312 0.0715 -0.1920 0.9783
1305031465.2279 -1.2431 0.0831 -0.3695 0.0203 0.0634 -0.1974 0.9781
1305031465.2598 -1.2334 0.0821 -0.3494 0.0066 0.0567 -0.1985 0.9784
1305031465.2956 -1.2212 0.0939 -0.3356 0.0022 0.0492 -0.1897 0.9806
1305031465.3277 -1.2077 0.1075 -0.3213 -0.0041 0.0387 -0.1776 0.9833
1305031465.3599 -1.1980 0.1088 -0.3083 -0.0105 0.0254 -0.1663 0.9857
1305031465.3956 -1.1756 0.1090 -0.3042 -0.0119 0.0075 -0.1558 0.9877
1305031465.4277 -1.1480 0.1133 -0.3035 -0.0103 -0.0074 -0.1445 0.9894
1305031465.4601 -1.1251 0.1254 -0.3050 -0.0072 -0.0186 -0.1312 0.9912
1305031465.4957 -1.0996 0.1381 -0.3067 -0.0091 -0.0297 -0.1217 0.9921
1305031465.5276 -1.0806 0.1336 -0.3039 -0.0140 -0.0388 -0.1180 0.9922
1305031465.5598 -1.0574 0.1380 -0.3085 -0.0093 -0.0479 -0.1122 0.9925
1305031465.5956 -1.0312 0.1494 -0.3144 -0.0036 -0.0535 -0.1035 0.9932
1305031465.6277 -1.0162 0.1621 -0.3203 0.0010 -0.0564 -0.0947 0.9939
1305031465.6601 -0.9965 0.1710 -0.3250 0.0040 -0.0659 -0.0862 0.9941
1305031465.6957 -0.9652 0.1793 -0.3292 0.0087 -0.0758 -0.0791 0.9939
1305031465.7277 -0.9419 0.1920 -0.3343 0.0157 -0.0798 -0.0700 0.9942
1305031465.7598 -0.9173 0.2083 -0.3401 0.0230 -0.0851 -0.0611 0.9942
1305031465.7959 -0.8905 0.2209 -0.3419 0.0279 -0.0897 -0.0548 0.9941
1305031465.8280 -0.8675 0.2288 -0.3450 0.0350 -0.0935 -0.0490 0.9938
1305031465.8599 -0.8397 0.2528 -0.3511 0.0475 -0.0968 -0.0447 0.9932
1305031465.8955 -0.8106 0.2718 -0.3516 0.0516 -0.0940 -0.0421 0.9933
1305031465.9275 -0.7873 0.2788 -0.3530 0.0562 -0.0878 -0.0410 0.9937
1305031465.9597 -0.7652 0.2963 -0.3586 0.0679 -0.0808 -0.0425 0.9935
1305031465.9958 -0.7514 0.3157 -0.3659 0.0760 -0.0731 -0.0466 0.9933
1305031466.0276 -0.7351 0.3365 -0.3731 0.0828 -0.0704 -0.0485 0.9929
1305031466.0598 -0.7204 0.3594 -0.3796 0.0824 -0.0673 -0.0482 0.9932
1305031466.0958 -0.7075 0.3740 -0.3871 0.0773 -0.0676 -0.0482 0.9935
1305031466.1276 -0.6919 0.3878 -0.3945 0.0712 -0.0715 -0.0484 0.9937
1305031466.1604 -0.6793 0.4014 -0.4056 0.0655 -0.0755 -0.0466 0.9939
1305031466.1958 -0.6664 0.4175 -0.4171 0.0580 -0.0828 -0.0465 0.9938
1305031466.2280 -0.6469 0.4234 -0.4253 0.0459 -0.0919 -0.0512 0.9934
1305031466.2598 -0.6221 0.4191 -0.4335 0.0407 -0.0969 -0.0581 0.9928
1305031466.2957 -0.6001 0.4277 -0.4455 0.0444 -0.0933 -0.0700 0.9922
1305031466.3277 -0.5851 0.4373 -0.4611 0.0461 -0.0826 -0.0799 0.9923
1305031466.3598 -0.5720 0.4417 -0.4743 0.0411 -0.0732 -0.0860 0.9928
1305031466.3958 -0.5618 0.4323 -0.4856 0.0380 -0.0694 -0.0895 0.9928
1305031466.4278 -0.5499 0.4427 -0.5010 0.0454 -0.0710 -0.0941 0.9920
1305031466.4598 -0.5317 0.4523 -0.5124 0.0454 -0.0763 -0.0984 0.9912
1305031466.4958 -0.5084 0.4555 -0.5185 0.0410 -0.0813 -0.0991 0.9909
1305031466.5275 -0.4832 0.4541 -0.5219 0.0380 -0.0814 -0.0992 0.9910
1305031466.5604 -0.4652 0.4644 -0.5302 0.0380 -0.0769 -0.1017 0.9911
1305031466.5959 -0.4443 0.4710 -0.5346 0.0303 -0.0764 -0.1049 0.9911
1305031466.6275 -0.4207 0.4580 -0.5301 0.0215 -0.0763 -0.1087 0.9909
1305031466.6597 -0.4010 0.4595 -0.5343 0.0282 -0.0741 -0.1139 0.9903
1305031466.6958 -0.3822 0.4733 -0.5423 0.0311 -0.0745 -0.1219 0.9892
1305031466.7281 -0.3612 0.4738 -0.5405 0.0249 -0.0774 -0.1308 0.9881
1305031466.7596 -0.3418 0.4664 -0.5367 0.0261 -0.0786 -0.1387 0.9869
1305031466.7956 -0.3240 0.4752 -0.5440 0.0342 -0.0804 -0.1441 0.9857
1305031466.8279 -0.3059 0.4791 -0.5486 0.0314 -0.0849 -0.1471 0.9850
1305031466.8597 -0.2946 0.4762 -0.5443 0.0288 -0.0904 -0.1468 0.9846
1305031466.8957 -0.2799 0.4780 -0.5475 0.0318 -0.1023 -0.1482 0.9831
1305031466.9278 -0.2612 0.4771 -0.5521 0.0310 -0.1172 -0.1504 0.9812
1305031466.9597 -0.2433 0.4723 -0.5556 0.0300 -0.1272 -0.1517 0.9797
1305031466.9957 -0.2241 0.4696 -0.5602 0.0303 -0.1328 -0.1545 0.9786
1305031467.0278 -0.2086 0.4680 -0.5622 0.0305 -0.1369 -0.1585 0.9773
1305031467.0597 -0.1897 0.4652 -0.5682 0.0301 -0.1399 -0.1619 0.9764
1305031467.0957 -0.1740 0.4650 -0.5697 0.0285 -0.1412 -0.1674 0.9753
1305031467.1290 -0.1612 0.4633 -0.5676 0.0294 -0.1443 -0.1775 0.9730
1305031467.1597 -0.1473 0.4619 -0.5695 0.0312 -0.1476 -0.1850 0.9711
1305031467.1957 -0.1351 0.4619 -0.5707 0.0324 -0.1523 -0.1893 0.9695
1305031467.2277 -0.1220 0.4608 -0.5721 0.0329 -0.1591 -0.1946 0.9673
1305031467.2597 -0.1089 0.4592 -0.5729 0.0346 -0.1645 -0.1995 0.9654
1305031467.2958 -0.0957 0.4589 -0.5760 0.0368 -0.1697 -0.2057 0.9631
1305031467.3280 -0.0816 0.4583 -0.5810 0.0375 -0.1753 -0.2100 0.9611
1305031467.3597 -0.0665 0.4584 -0.5854 0.0339 -0.1817 -0.2119 0.9597
1305031467.3958 -0.0536 0.4591 -0.5865 0.0288 -0.1880 -0.2168 0.9575
1305031467.4278 -0.0404 0.4568 -0.5853 0.0272 -0.1940 -0.2203 0.9556
1305031467.4597 -0.0254 0.4550 -0.5914 0.0265 -0.2007 -0.2222 0.9538
1305031467.4961 -0.0089 0.4527 -0.5999 0.0212 -0.2070 -0.2280 0.9512
1305031467.5277 0.0060 0.4517 -0.5973 0.0174 -0.2101 -0.2340 0.9491
1305031467.5598 0.0190 0.4470 -0.5959 0.0175 -0.2115 -0.2357 0.9484
1305031467.5960 0.0326 0.4432 -0.5958 0.0168 -0.2139 -0.2343 0.9482
1305031467.6275 0.0392 0.4343 -0.5876 0.0169 -0.2191 -0.2312 0.9478
1305031467.6596 0.0512 0.4278 -0.5858 0.0224 -0.2252 -0.2278 0.9470
1305031467.6959 0.0619 0.4215 -0.5863 0.0250 -0.2285 -0.2312 0.9454
1305031467.7275 0.0668 0.4121 -0.5747 0.0286 -0.2309 -0.2356 0.9436
1305031467.7599 0.0745 0.4039 -0.5676 0.0344 -0.2337 -0.2375 0.9422
1305031467.7961 0.0811 0.3971 -0.5604 0.0383 -0.2366 -0.2401 0.9407
1305031467.8278 0.0791 0.3848 -0.5425 0.0416 -0.2391 -0.2402 0.9399
1305031467.8597 0.0811 0.3754 -0.5305 0.0479 -0.2440 -0.2370 0.9392
1305031467.8959 0.0873 0.3713 -0.5227 0.0531 -0.2513 -0.2362 0.9371
1305031467.9278 0.0888 0.3607 -0.5044 0.0555 -0.2592 -0.2386 0.9342
1305031467.9598 0.0919 0.3482 -0.4872 0.0614 -0.2653 -0.2393 0.9320
1305031467.9958 0.1019 0.3457 -0.4772 0.0661 -0.2679 -0.2415 0.9303
1305031468.0281 0.0978 0.3327 -0.4515 0.0642 -0.2686 -0.2445 0.9295
1305031468.0598 0.0944 0.3198 -0.4344 0.0690 -0.2706 -0.2470 0.9279
1305031468.0959 0.1001 0.3132 -0.4230 0.0718 -0.2740 -0.2486 0.9263
1305031468.1278 0.0974 0.3007 -0.4012 0.0704 -0.2760 -0.2496 0.9255
1305031468.1599 0.0983 0.2888 -0.3852 0.0727 -0.2778 -0.2525 0.9240
1305031468.1960 0.1002 0.2782 -0.3686 0.0731 -0.2783 -0.2557 0.9229
1305031468.2282 0.0986 0.2627 -0.3510 0.0716 -0.2771 -0.2556 0.9235
1305031468.2598 0.0998 0.2476 -0.3357 0.0715 -0.2754 -0.2541 0.9244
1305031468.2958 0.0980 0.2336 -0.3206 0.0714 -0.2725 -0.2545 0.9251
1305031468.3278 0.0951 0.2118 -0.3063 0.0719 -0.2703 -0.2524 0.9263
1305031468.3598 0.0979 0.2015 -0.2979 0.0764 -0.2675 -0.2476 0.9281
1305031468.3959 0.0982 0.1933 -0.2901 0.0757 -0.2652 -0.2476 0.9288
1305031468.4280 0.0943 0.1694 -0.2809 0.0697 -0.2646 -0.2479 0.9293
1305031468.4598 0.0965 0.1487 -0.2746 0.0674 -0.2658 -0.2456 0.9298
1305031468.4958 0.0965 0.1351 -0.2664 0.0657 -0.2643 -0.2462 0.9302
1305031468.5278 0.0879 0.1123 -0.2603 0.0646 -0.2618 -0.2519 0.9294
1305031468.5597 0.0808 0.0951 -0.2576 0.0710 -0.2616 -0.2596 0.9269
1305031468.5958 0.0809 0.0872 -0.2589 0.0750 -0.2624 -0.2648 0.9249
1305031468.6276 0.0720 0.0721 -0.2545 0.0685 -0.2625 -0.2662 0.9250
1305031468.6596 0.0566 0.0487 -0.2532 0.0646 -0.2645 -0.2680 0.9241
1305031468.6958 0.0476 0.0332 -0.2522 0.0684 -0.2706 -0.2710 0.9212
1305031468.7278 0.0425 0.0231 -0.2505 0.0729 -0.2769 -0.2716 0.9188
1305031468.7596 0.0363 0.0117 -0.2455 0.0742 -0.2817 -0.2718 0.9172
1305031468.7958 0.0255 -0.0072 -0.2403 0.0770 -0.2843 -0.2762 0.9149
1305031468.8292 0.0184 -0.0187 -0.2393 0.0854 -0.2866 -0.2817 0.9117
1305031468.8597 0.0217 -0.0241 -0.2340 0.0892 -0.2877 -0.2852 0.9099
1305031468.8959 0.0154 -0.0361 -0.2285 0.0866 -0.2830 -0.2872 0.9110
1305031468.9281 0.0100 -0.0442 -0.2246 0.0834 -0.2774 -0.2850 0.9137
1305031468.9596 0.0068 -0.0435 -0.2243 0.0791 -0.2707 -0.2826 0.9169
1305031468.9957 0.0049 -0.0329 -0.2229 0.0693 -0.2652 -0.2871 0.9178
1305031469.0277 -0.0052 -0.0430 -0.2149 0.0501 -0.2602 -0.2947 0.9181
1305031469.0598 -0.0163 -0.0511 -0.2111 0.0367 -0.2564 -0.3019 0.9175
1305031469.0957 -0.0134 -0.0558 -0.1991 0.0268 -0.2564 -0.3119 0.9145
1305031469.1277 -0.0159 -0.0667 -0.1854 0.0145 -0.2499 -0.3226 0.9128
1305031469.1597 -0.0217 -0.0731 -0.1739 0.0053 -0.2404 -0.3304 0.9127
1305031469.1955 -0.0314 -0.0797 -0.1631 -0.0021 -0.2299 -0.3358 0.9134
1305031469.2278 -0.0425 -0.0810 -0.1573 -0.0059 -0.2216 -0.3393 0.9142
1305031469.2596 -0.0465 -0.0807 -0.1462 -0.0099 -0.2185 -0.3432 0.9135
1305031469.2968 -0.0516 -0.0824 -0.1346 -0.0144 -0.2132 -0.3459 0.9136
1305031469.3276 -0.0554 -0.0783 -0.1243 -0.0182 -0.2093 -0.3478 0.9137
1305031469.3596 -0.0521 -0.0822 -0.1048 -0.0248 -0.2067 -0.3522 0.9125
1305031469.3957 -0.0555 -0.0856 -0.0903 -0.0260 -0.1959 -0.3576 0.9127
1305031469.4277 -0.0583 -0.0761 -0.0799 -0.0220 -0.1834 -0.3633 0.9132
1305031469.4597 -0.0644 -0.0671 -0.0677 -0.0202 -0.1726 -0.3702 0.9126
1305031469.4957 -0.0746 -0.0559 -0.0564 -0.0191 -0.1649 -0.3739 0.9125
1305031469.5276 -0.0753 -0.0455 -0.0451 -0.0212 -0.1649 -0.3742 0.9123
1305031469.5596 -0.0746 -0.0373 -0.0312 -0.0269 -0.1656 -0.3745 0.9119
1305031469.5958 -0.0735 -0.0293 -0.0174 -0.0346 -0.1660 -0.3740 0.9118
1305031469.6278 -0.0741 -0.0197 -0.0040 -0.0435 -0.1633 -0.3735 0.9121
1305031469.6596 -0.0794 -0.0108 0.0107 -0.0492 -0.1584 -0.3736 0.9127
1305031469.6956 -0.0797 -0.0004 0.0227 -0.0527 -0.1547 -0.3726 0.9135
1305031469.7277 -0.0833 0.0113 0.0353 -0.0573 -0.1491 -0.3714 0.9146
1305031469.7596 -0.0868 0.0247 0.0452 -0.0626 -0.1436 -0.3691 0.9161
1305031469.7956 -0.0945 0.0426 0.0571 -0.0679 -0.1398 -0.3665 0.9174
1305031469.8275 -0.0995 0.0564 0.0663 -0.0735 -0.1402 -0.3645 0.9177
1305031469.8596 -0.1054 0.0726 0.0755 -0.0801 -0.1403 -0.3624 0.9179
1305031469.8958 -0.1120 0.0893 0.0842 -0.0848 -0.1402 -0.3597 0.9186
1305031469.9279 -0.1193 0.1082 0.0935 -0.0878 -0.1410 -0.3558 0.9197
1305031469.9598 -0.1265 0.1248 0.1001 -0.0899 -0.1438 -0.3531 0.9201
1305031469.9956 -0.1342 0.1409 0.1047 -0.0919 -0.1451 -0.3513 0.9204
1305031470.0277 -0.1422 0.1590 0.1077 -0.0939 -0.1466 -0.3502 0.9204
1305031470.0596 -0.1517 0.1767 0.1098 -0.0954 -0.1459 -0.3498 0.9205
1305031470.0959 -0.1609 0.1916 0.1105 -0.0976 -0.1453 -0.3482 0.9210
1305031470.1276 -0.1700 0.2066 0.1098 -0.1021 -0.1444 -0.3462 0.9213
1305031470.1596 -0.1808 0.2253 0.1113 -0.1045 -0.1438 -0.3424 0.9226
1305031470.1961 -0.1907 0.2388 0.1087 -0.1075 -0.1444 -0.3400 0.9230
1305031470.2276 -0.2003 0.2531 0.1067 -0.1116 -0.1438 -0.3369 0.9238
1305031470.2600 -0.2103 0.2669 0.1046 -0.1166 -0.1426 -0.3342 0.9243
1305031470.2957 -0.2202 0.2797 0.1019 -0.1229 -0.1410 -0.3324 0.9244
1305031470.3276 -0.2316 0.2948 0.1006 -0.1293 -0.1392 -0.3294 0.9249
1305031470.3596 -0.2429 0.3093 0.0987 -0.1346 -0.1391 -0.3245 0.9259
1305031470.3958 -0.2538 0.3227 0.0960 -0.1385 -0.1395 -0.3208 0.9265
1305031470.4276 -0.2651 0.3354 0.0938 -0.1399 -0.1409 -0.3209 0.9261
1305031470.4597 -0.2768 0.3473 0.0907 -0.1393 -0.1418 -0.3206 0.9261
1305031470.4957 -0.2881 0.3567 0.0866 -0.1391 -0.1430 -0.3193 0.9264
1305031470.5277 -0.2982 0.3649 0.0827 -0.1396 -0.1438 -0.3196 0.9261
1305031470.5597 -0.3088 0.3752 0.0800 -0.1404 -0.1423 -0.3187 0.9265
1305031470.5958 -0.3193 0.3824 0.0770 -0.1420 -0.1413 -0.3158 0.9274
1305031470.6277 -0.3287 0.3904 0.0750 -0.1447 -0.1403 -0.3116 0.9286
1305031470.6597 -0.3382 0.3974 0.0734 -0.1470 -0.1398 -0.3075 0.9297
1305031470.6956 -0.3485 0.4058 0.0724 -0.1494 -0.1394 -0.3046 0.9303
1305031470.7277 -0.3590 0.4115 0.0717 -0.1500 -0.1391 -0.3023 0.9310
1305031470.7597 -0.3664 0.4121 0.0670 -0.1532 -0.1357 -0.3001 0.9317
1305031470.7956 -0.3764 0.4218 0.0683 -0.1530 -0.1292 -0.2949 0.9343
1305031470.8278 -0.3863 0.4279 0.0693 -0.1494 -0.1285 -0.2898 0.9366
1305031470.8596 -0.3958 0.4319 0.0671 -0.1449 -0.1288 -0.2851 0.9387
1305031470.8957 -0.4053 0.4366 0.0639 -0.1408 -0.1292 -0.2801 0.9408
1305031470.9277 -0.4149 0.4417 0.0633 -0.1357 -0.1319 -0.2753 0.9426
1305031470.9596 -0.4251 0.4410 0.0612 -0.1286 -0.1361 -0.2723 0.9438
1305031470.9960 -0.4320 0.4417 0.0563 -0.1208 -0.1378 -0.2694 0.9454
1305031471.0276 -0.4407 0.4408 0.0543 -0.1132 -0.1372 -0.2668 0.9472
1305031471.0596 -0.4503 0.4412 0.0505 -0.1039 -0.1345 -0.2623 0.9499
1305031471.0958 -0.4584 0.4450 0.0459 -0.0941 -0.1334 -0.2556 0.9529
1305031471.1277 -0.4668 0.4442 0.0430 -0.0895 -0.1340 -0.2488 0.9550
1305031471.1596 -0.4714 0.4442 0.0386 -0.0843 -0.1347 -0.2426 0.9570
1305031471.1957 -0.4768 0.4459 0.0350 -0.0811 -0.1319 -0.2368 0.9591
1305031471.2276 -0.4837 0.4485 0.0335 -0.0798 -0.1283 -0.2318 0.9610
1305031471.2597 -0.4909 0.4480 0.0328 -0.0811 -0.1262 -0.2283 0.9620
1305031471.2961 -0.4974 0.4451 0.0319 -0.0817 -0.1241 -0.2239 0.9632
1305031471.3276 -0.4999 0.4436 0.0285 -0.0785 -0.1215 -0.2208 0.9645
1305031471.3596 -0.5023 0.4453 0.0258 -0.0762 -0.1145 -0.2186 0.9661
1305031471.3957 -0.5112 0.4422 0.0261 -0.0772 -0.1062 -0.2134 0.9681
1305031471.4277 -0.5179 0.4447 0.0223 -0.0721 -0.1028 -0.2064 0.9704
1305031471.4596 -0.5213 0.4468 0.0184 -0.0707 -0.1033 -0.2016 0.9714
1305031471.4965 -0.5257 0.4463 0.0166 -0.0725 -0.1026 -0.1973 0.9723
1305031471.5276 -0.5297 0.4461 0.0136 -0.0731 -0.1018 -0.1930 0.9732
1305031471.5597 -0.5312 0.4448 0.0097 -0.0745 -0.1008 -0.1909 0.9736
1305031471.5957 -0.5340 0.4435 0.0067 -0.0753 -0.0965 -0.1887 0.9744
1305031471.6276 -0.5368 0.4429 0.0035 -0.0752 -0.0917 -0.1868 0.9752
1305031471.6596 -0.5393 0.4429 0.0007 -0.0734 -0.0870 -0.1832 0.9765
1305031471.6956 -0.5411 0.4433 -0.0045 -0.0719 -0.0831 -0.1787 0.9777
1305031471.7275 -0.5423 0.4460 -0.0081 -0.0713 -0.0792 -0.1754 0.9787
1305031471.7597 -0.5425 0.4467 -0.0082 -0.0718 -0.0750 -0.1683 0.9803
1305031471.7958 -0.5439 0.4479 -0.0143 -0.0708 -0.0675 -0.1610 0.9821
1305031471.8276 -0.5446 0.4514 -0.0174 -0.0730 -0.0630 -0.1551 0.9832
1305031471.8597 -0.5468 0.4534 -0.0165 -0.0768 -0.0585 -0.1476 0.9843
1305031471.8956 -0.5482 0.4565 -0.0199 -0.0794 -0.0542 -0.1428 0.9851
1305031471.9277 -0.5502 0.4610 -0.0194 -0.0829 -0.0481 -0.1392 0.9856
1305031471.9596 -0.5535 0.4621 -0.0145 -0.0848 -0.0406 -0.1366 0.9862
1305031471.9956 -0.5570 0.4679 -0.0214 -0.0827 -0.0312 -0.1338 0.9871
1305031472.0276 -0.5601 0.4732 -0.0185 -0.0880 -0.0251 -0.1299 0.9873
1305031472.0597 -0.5636 0.4754 -0.0155 -0.0897 -0.0208 -0.1269 0.9876
1305031472.0956 -0.5675 0.4793 -0.0184 -0.0890 -0.0148 -0.1211 0.9885
1305031472.1276 -0.5710 0.4826 -0.0175 -0.0947 -0.0119 -0.1176 0.9885
1305031472.1596 -0.5754 0.4863 -0.0095 -0.0951 -0.0107 -0.1159 0.9886
1305031472.1957 -0.5800 0.4868 -0.0092 -0.0918 -0.0089 -0.1121 0.9894
1305031472.2276 -0.5839 0.4869 -0.0109 -0.0902 -0.0066 -0.1104 0.9898
1305031472.2638 -0.5869 0.4857 -0.0079 -0.0884 -0.0050 -0.1101 0.9900
1305031472.2957 -0.5893 0.4815 -0.0102 -0.0844 -0.0035 -0.1082 0.9905
1305031472.3277 -0.5918 0.4782 -0.0153 -0.0823 -0.0019 -0.1064 0.9909
1305031472.3636 -0.5944 0.4773 -0.0164 -0.0828 -0.0008 -0.1052 0.9910
1305031472.3956 -0.5968 0.4732 -0.0150 -0.0854 -0.0023 -0.1025 0.9911
1305031472.4277 -0.5969 0.4650 -0.0153 -0.0884 -0.0068 -0.1028 0.9907
1305031472.4636 -0.5951 0.4573 -0.0182 -0.0911 -0.0097 -0.1028 0.9905
1305031472.4956 -0.5946 0.4537 -0.0190 -0.0923 -0.0084 -0.1038 0.9903
1305031472.5276 -0.5936 0.4442 -0.0145 -0.0968 -0.0085 -0.1018 0.9901
1305031472.5636 -0.5937 0.4315 -0.0163 -0.0996 -0.0100 -0.0973 0.9902
1305031472.5957 -0.5922 0.4317 -0.0190 -0.0944 -0.0117 -0.0950 0.9909
1305031472.6277 -0.5905 0.4287 -0.0180 -0.0948 -0.0130 -0.0928 0.9911
1305031472.6636 -0.5895 0.4242 -0.0164 -0.0952 -0.0139 -0.0914 0.9912
1305031472.6958 -0.5885 0.4204 -0.0154 -0.0940 -0.0150 -0.0900 0.9914
1305031472.7276 -0.5869 0.4168 -0.0143 -0.0920 -0.0165 -0.0900 0.9915
1305031472.7636 -0.5852 0.4141 -0.0140 -0.0901 -0.0170 -0.0915 0.9916
1305031472.7956 -0.5850 0.4111 -0.0125 -0.0883 -0.0159 -0.0931 0.9916
1305031472.8276 -0.5848 0.4090 -0.0114 -0.0857 -0.0153 -0.0930 0.9919
1305031472.8636 -0.5859 0.4092 -0.0106 -0.0826 -0.0147 -0.0918 0.9922
1305031472.8957 -0.5855 0.4082 -0.0101 -0.0827 -0.0162 -0.0899 0.9924
1305031472.9277 -0.5846 0.4053 -0.0080 -0.0843 -0.0176 -0.0882 0.9924
1305031472.9638 -0.5842 0.4059 -0.0074 -0.0829 -0.0175 -0.0869 0.9926
1305031472.9957 -0.5856 0.4056 -0.0062 -0.0838 -0.0174 -0.0861 0.9926
1305031473.0276 -0.5854 0.4058 -0.0054 -0.0841 -0.0187 -0.0859 0.9926
1305031473.0637 -0.5845 0.4035 -0.0040 -0.0858 -0.0198 -0.0872 0.9923
1305031473.0957 -0.5841 0.4029 -0.0038 -0.0851 -0.0192 -0.0893 0.9922
1305031473.1277 -0.5855 0.4028 -0.0029 -0.0849 -0.0174 -0.0907 0.9921
1305031473.1671 -0.5865 0.4009 -0.0025 -0.0851 -0.0179 -0.0909 0.9921
1305031473.1961 -0.5856 0.4004 -0.0029 -0.0838 -0.0191 -0.0908 0.9922
