1341847980.7547 0.0000 0.0000 0.0000 0.0000 0.0000 0.0000 1.0000
1341847982.3989 -0.0309 0.0405 -0.1097 0.0131 -0.0125 0.0170 0.9997
1341847983.3709 -0.2255 0.0270 -0.1064 -0.0034 0.0211 0.0329 0.9992
1341847983.8707 -0.4008 0.0217 -0.1541 0.0123 0.0349 0.0411 0.9985
1341847984.2748 -0.5573 0.0396 -0.1595 -0.0073 0.0456 0.0372 0.9982
1341847984.8788 -0.7415 -0.0013 0.0068 -0.0043 0.0500 0.0495 0.9975
1341847985.4146 -0.8260 -0.0854 0.1732 -0.0124 0.0794 0.0662 0.9946
1341847985.7470 -0.8884 -0.1366 0.2868 0.0017 0.1026 0.0824 0.9913
1341847986.0826 -0.9501 -0.1943 0.3771 0.0144 0.1280 0.1032 0.9863
1341847986.3592 -0.9804 -0.2445 0.4585 0.0188 0.1551 0.1123 0.9813
1341847986.6619 -1.0059 -0.2955 0.5666 0.0180 0.1810 0.1233 0.9756
1341847987.0912 -1.0390 -0.3605 0.7102 -0.0008 0.1981 0.1584 0.9673
1341847987.3907 -1.0675 -0.4025 0.8054 -0.0069 0.2429 0.1514 0.9581
1341847987.9337 -1.1598 -0.3976 0.9597 0.0230 0.2778 0.1874 0.9419
1341847988.6018 -1.2464 -0.4161 1.0955 0.0307 0.2929 0.1934 0.9359
1341847989.0667 -1.3379 -0.4492 1.1307 0.0125 0.3136 0.2101 0.9259
1341847989.3667 -1.4298 -0.4950 1.1363 0.0191 0.3057 0.1960 0.9315
1341847989.7707 -1.5302 -0.5369 1.1336 0.0107 0.3222 0.1807 0.9292
1341847990.1067 -1.6435 -0.5629 1.1320 0.0143 0.3327 0.1848 0.9246
1341847990.4426 -1.7603 -0.5821 1.1295 0.0185 0.3275 0.1920 0.9250
1341847990.9108 -1.8737 -0.6063 1.1511 0.0150 0.3407 0.2157 0.9150
1341847991.3467 -1.9703 -0.6472 1.2052 0.0244 0.3649 0.2305 0.9017
1341847991.7468 -2.0338 -0.6910 1.2485 0.0200 0.3915 0.2676 0.8802
1341847992.0828 -2.0851 -0.7464 1.2856 0.0127 0.4217 0.2701 0.8655
1341847992.4189 -2.1590 -0.7887 1.3388 0.0169 0.4471 0.2813 0.8489
1341847992.6547 -2.2300 -0.8228 1.3785 0.0168 0.4598 0.2933 0.8380
1341847992.9867 -2.2789 -0.8549 1.4400 0.0138 0.4720 0.3007 0.8286
1341847993.2618 -2.3173 -0.8908 1.4957 0.0124 0.4851 0.3061 0.8190
1341847993.5227 -2.3480 -0.9327 1.5627 0.0188 0.5018 0.3169 0.8046
1341847993.7271 -2.3629 -0.9650 1.6224 0.0052 0.5033 0.3300 0.7986
1341847994.1018 -2.3855 -1.0326 1.7005 -0.0043 0.5243 0.3292 0.7853
1341847994.2336 -2.3951 -1.0570 1.7260 0.0056 0.5332 0.3333 0.7776
1341847994.4697 -2.4369 -1.1070 1.7766 0.0189 0.5480 0.3364 0.7656
1341847994.6017 -2.4651 -1.1311 1.8116 0.0222 0.5531 0.3432 0.7588
1341847994.7698 -2.4844 -1.1610 1.8580 0.0179 0.5608 0.3496 0.7503
1341847994.8313 -2.5054 -1.1706 1.8728 0.0120 0.5648 0.3547 0.7450
1341847995.0308 -2.5188 -1.1945 1.9186 0.0055 0.5729 0.3658 0.7335
1341847995.2347 -2.5297 -1.2231 1.9561 0.0098 0.5900 0.3713 0.7169
1341847995.4347 -2.5389 -1.2534 1.9965 0.0097 0.6000 0.3746 0.7069
1341847995.6708 -2.5424 -1.2828 2.0510 0.0143 0.5986 0.3911 0.6989
1341847996.0027 -2.5376 -1.3127 2.1028 0.0085 0.6098 0.4000 0.6842
1341847996.2390 -2.5414 -1.3330 2.1202 0.0102 0.6261 0.3976 0.6707
1341847996.5067 -2.5503 -1.3578 2.1484 0.0144 0.6386 0.4073 0.6528
1341847996.7427 -2.5756 -1.3728 2.1960 0.0049 0.6487 0.4123 0.6397
1341847997.0787 -2.6017 -1.4298 2.2747 0.0108 0.6567 0.4238 0.6237
1341847997.4788 -2.6199 -1.4982 2.3732 0.0077 0.6698 0.4169 0.6144
1341847997.7787 -2.5933 -1.5613 2.4481 0.0092 0.6901 0.4092 0.5969
1341847998.2538 -2.5424 -1.6550 2.5834 0.0182 0.6906 0.4240 0.5857
1341847998.6188 -2.5103 -1.7214 2.6966 0.0015 0.6824 0.4176 0.6000
1341847998.9867 -2.4977 -1.7806 2.8246 -0.0046 0.6819 0.4298 0.5919
1341847999.4239 -2.4685 -1.8353 2.9277 0.0069 0.7002 0.4419 0.5607
1341847999.6588 -2.4324 -1.8605 2.9653 0.0172 0.7214 0.4522 0.5242
1341847999.9908 -2.3577 -1.8763 3.0200 0.0233 0.7390 0.4766 0.4756
1341848000.2271 -2.3025 -1.8733 3.0394 0.0107 0.7440 0.4982 0.4452
1341848000.6954 -2.1894 -1.8617 3.0619 0.0060 0.7578 0.5108 0.4059
1341848001.0307 -2.0950 -1.8782 3.0880 0.0195 0.7724 0.5131 0.3738
1341848001.3993 -1.9852 -1.8652 3.1168 0.0062 0.7894 0.5115 0.3395
1341848001.6347 -1.9298 -1.8455 3.1191 -0.0050 0.8073 0.5116 0.2941
1341848001.9707 -1.8779 -1.8355 3.1233 0.0042 0.8236 0.5098 0.2485
1341848002.3708 -1.7800 -1.8174 3.1042 0.0035 0.8286 0.5222 0.2015
1341848002.8068 -1.6768 -1.7679 3.1186 -0.0132 0.8252 0.5372 0.1741
1341848003.2429 -1.5645 -1.7465 3.1339 -0.0190 0.8305 0.5223 0.1928
1341848003.5469 -1.4898 -1.7246 3.1466 -0.0304 0.8270 0.5106 0.2334
1341848003.8179 -1.4323 -1.7032 3.1419 -0.0288 0.8188 0.4995 0.2813
1341848004.1217 -1.3627 -1.6570 3.1104 -0.0273 0.8083 0.4963 0.3157
1341848004.3898 -1.2954 -1.6189 3.0992 -0.0335 0.7937 0.4914 0.3569
1341848004.6258 -1.2428 -1.5876 3.1013 -0.0456 0.7749 0.4934 0.3925
1341848004.9578 -1.1963 -1.5604 3.1129 -0.0551 0.7531 0.4995 0.4247
1341848005.4257 -1.1610 -1.5495 3.1358 -0.0544 0.7312 0.4896 0.4718
1341848005.8299 -1.1220 -1.5586 3.1590 -0.0526 0.7133 0.4770 0.5108
1341848006.1658 -1.0970 -1.5762 3.1805 -0.0382 0.7049 0.4558 0.5421
1341848006.4697 -1.0756 -1.5905 3.2044 -0.0231 0.6942 0.4422 0.5674
1341848006.9377 -1.0319 -1.6426 3.2527 -0.0118 0.6951 0.4422 0.5667
1341848007.2057 -1.0241 -1.6841 3.2954 -0.0046 0.7103 0.4533 0.5385
1341848007.5667 -1.0134 -1.7538 3.3600 0.0040 0.7206 0.4595 0.5192
1341848007.9028 -0.9833 -1.8005 3.4060 0.0062 0.7376 0.4792 0.4757
1341848008.1388 -0.9490 -1.8376 3.4424 0.0107 0.7470 0.4954 0.4433
1341848008.5388 -0.8841 -1.8938 3.5070 0.0136 0.7580 0.5214 0.3917
1341848009.1108 -0.8023 -1.9590 3.5711 0.0106 0.7753 0.5348 0.3359
1341848009.4429 -0.7535 -1.9592 3.6138 0.0064 0.7877 0.5510 0.2754
1341848010.1147 -0.5942 -1.9325 3.6424 -0.0017 0.7935 0.5474 0.2659
1341848010.5506 -0.4994 -1.8753 3.5525 0.0015 0.7896 0.5671 0.2342
1341848010.9188 -0.4865 -1.8298 3.5394 0.0065 0.8092 0.5508 0.2045
1341848011.4547 -0.4628 -1.7860 3.5195 0.0149 0.8236 0.5444 0.1583
1341848011.9229 -0.4614 -1.7319 3.4803 0.0299 0.8215 0.5586 0.1102
1341848012.3588 -0.4482 -1.6625 3.4035 0.0116 0.8135 0.5693 0.1177
1341848012.7627 -0.4041 -1.6031 3.3332 -0.0225 0.8054 0.5718 0.1542
1341848013.1308 -0.3748 -1.5690 3.3166 -0.0502 0.8034 0.5493 0.2243
1341848013.4670 -0.3504 -1.5522 3.3309 -0.0510 0.7805 0.5495 0.2938
1341848013.7668 -0.3142 -1.5474 3.3563 -0.0670 0.7730 0.5177 0.3604
1341848014.1027 -0.2760 -1.5407 3.3762 -0.0782 0.7543 0.4956 0.4234
1341848014.3387 -0.2192 -1.5393 3.4035 -0.0926 0.7355 0.4796 0.4696
1341848014.5387 -0.1766 -1.5498 3.4250 -0.1015 0.7114 0.4539 0.5268
1341848014.7387 -0.1406 -1.5621 3.4453 -0.0935 0.6964 0.4273 0.5689
1341848014.9387 -0.1107 -1.5678 3.4691 -0.0741 0.6778 0.4151 0.6024
1341848015.2435 -0.0723 -1.5491 3.4815 -0.1011 0.6353 0.4090 0.6472
1341848015.4750 -0.0472 -1.5411 3.4891 -0.0956 0.5925 0.3949 0.6956
1341848015.6858 -0.0343 -1.5394 3.4941 -0.0978 0.5523 0.3683 0.7415
1341848015.8179 -0.0279 -1.5451 3.4959 -0.0919 0.5310 0.3485 0.7669
1341848015.9540 -0.0255 -1.5537 3.5032 -0.0930 0.5191 0.3229 0.7858
1341848016.0539 -0.0265 -1.5603 3.5039 -0.0877 0.5092 0.3096 0.7982
1341848016.1858 -0.0322 -1.5629 3.4997 -0.0892 0.5000 0.2952 0.8093
1341848016.2217 -0.0335 -1.5629 3.5004 -0.0906 0.4987 0.2948 0.8100
1341848016.2537 -0.0310 -1.5657 3.5027 -0.0925 0.4983 0.2944 0.8102
1341848016.2900 -0.0348 -1.5658 3.4986 -0.0925 0.4981 0.2922 0.8112
1341848016.3898 -0.0401 -1.5675 3.5012 -0.0869 0.5043 0.3016 0.8045
1341848016.4901 -0.0433 -1.5731 3.5067 -0.0781 0.5094 0.3113 0.7984
1341848016.5898 -0.0524 -1.5782 3.5121 -0.0684 0.5143 0.3117 0.7961
1341848016.6899 -0.0641 -1.5845 3.5197 -0.0574 0.5141 0.3193 0.7940
1341848016.8508 -0.0818 -1.5995 3.5403 -0.0559 0.5168 0.3178 0.7930
1341848017.0187 -0.1093 -1.6125 3.5606 -0.0567 0.5195 0.3204 0.7901
1341848017.1869 -0.1382 -1.6252 3.5667 -0.0524 0.5297 0.3281 0.7804
1341848017.3187 -0.1582 -1.6397 3.5750 -0.0391 0.5461 0.3341 0.7672
1341848017.4188 -0.1903 -1.6503 3.5713 -0.0220 0.5587 0.3376 0.7572
1341848017.6227 -0.2296 -1.6654 3.5742 -0.0117 0.5776 0.3420 0.7411
1341848017.8547 -0.2629 -1.6822 3.5821 0.0086 0.5963 0.3428 0.7258
1341848018.2267 -0.2955 -1.7008 3.6049 0.0074 0.6175 0.3547 0.7020
1341848018.5345 -0.3149 -1.7339 3.6579 0.0159 0.6389 0.3782 0.6697
1341848018.7018 -0.3312 -1.7555 3.6983 0.0157 0.6514 0.3876 0.6521
1341848019.0698 -0.3608 -1.8262 3.7739 0.0200 0.6691 0.3914 0.6315
1341848019.2987 -0.3847 -1.8592 3.8190 0.0157 0.6871 0.3992 0.6069
1341848019.4988 -0.4042 -1.8957 3.8726 0.0114 0.7062 0.4035 0.5817
1341848019.7667 -0.4321 -1.9463 3.9569 0.0165 0.7205 0.4132 0.5567
1341848020.0347 -0.4441 -1.9821 4.0095 0.0240 0.7383 0.4261 0.5223
1341848020.3028 -0.4341 -2.0151 4.0573 0.0239 0.7593 0.4340 0.4842
1341848020.5387 -0.4110 -2.0463 4.1035 0.0330 0.7825 0.4358 0.4435
1341848020.9066 -0.3675 -2.1000 4.1743 0.0408 0.7936 0.4583 0.3981
1341848021.2749 -0.3066 -2.1428 4.2292 0.0390 0.8099 0.4647 0.3557
1341848021.4879 -0.2648 -2.1770 4.2627 0.0521 0.8291 0.4585 0.3157
1341848021.7107 -0.2180 -2.2442 4.3127 0.0460 0.8390 0.4614 0.2847
1341848021.9787 -0.1967 -2.3230 4.3291 0.0454 0.8403 0.4719 0.2631
1341848022.2148 -0.1262 -2.3392 4.3366 0.0407 0.8511 0.4680 0.2343
1341848022.4178 -0.0718 -2.3603 4.3316 0.0572 0.8606 0.4662 0.1966
1341848022.4542 -0.0680 -2.3671 4.3261 0.0580 0.8617 0.4651 0.1944
1341848022.6218 -0.0262 -2.3852 4.3138 0.0613 0.8680 0.4628 0.1693
1341848022.8508 0.0355 -2.3842 4.3041 0.0593 0.8714 0.4701 0.1271
1341848023.0188 0.0713 -2.3794 4.3029 0.0352 0.8725 0.4795 0.0871
1341848023.2187 0.1428 -2.3711 4.2983 0.0430 0.8697 0.4905 0.0336
1341848023.3548 0.1851 -2.3607 4.2910 0.0295 0.8619 0.5062 0.0091
1341848023.7227 0.2799 -2.3388 4.2513 0.0275 0.8564 0.5136 -0.0451
1341848024.0547 0.3449 -2.3053 4.1775 0.0351 0.8524 0.5128 -0.0959
1341848024.4588 0.3996 -2.2631 4.1026 0.0418 0.8399 0.5212 -0.1457
1341848024.8267 0.4747 -2.2191 4.0599 0.0361 0.8257 0.5298 -0.1901
1341848025.2306 0.5882 -2.1992 4.0337 0.0518 0.8143 0.5287 -0.2341
1341848025.7307 0.6863 -2.1777 3.9916 0.0466 0.8017 0.5314 -0.2696
1341848026.2028 0.7667 -2.1407 3.9488 0.0678 0.7888 0.5256 -0.3114
1341848026.7028 0.8521 -2.1041 3.8974 0.0776 0.7776 0.5176 -0.3485
1341848027.0068 0.9291 -2.0901 3.8794 0.0745 0.7755 0.5223 -0.3468
1341848027.2387 1.0055 -2.0945 3.8704 0.0769 0.7742 0.5164 -0.3577
1341848027.4748 1.0821 -2.1037 3.8635 0.0778 0.7814 0.5041 -0.3595
1341848027.8107 1.1683 -2.1086 3.8426 0.0744 0.7930 0.4984 -0.3424
1341848028.1860 1.2349 -2.0927 3.7844 0.0685 0.8002 0.4988 -0.3260
1341848028.5827 1.3060 -2.0629 3.7091 0.0755 0.8015 0.4869 -0.3389
1341848028.9509 1.3862 -2.0314 3.6383 0.0826 0.8008 0.4876 -0.3378
1341848029.4508 1.4798 -1.9956 3.5645 0.0703 0.7917 0.4934 -0.3534
1341848029.6868 1.5443 -1.9911 3.5402 0.0724 0.7869 0.4850 -0.3746
1341848029.8880 1.6002 -1.9866 3.5256 0.0751 0.7786 0.4822 -0.3944
1341848030.1549 1.6640 -1.9735 3.5079 0.0759 0.7672 0.4822 -0.4161
1341848030.3908 1.7045 -1.9591 3.4848 0.0728 0.7531 0.4851 -0.4385
1341848030.7588 1.7637 -1.9244 3.4348 0.0771 0.7372 0.4765 -0.4727
1341848030.9947 1.8115 -1.9127 3.3918 0.0867 0.7295 0.4579 -0.5006
1341848031.2947 1.8787 -1.8977 3.3320 0.1051 0.7252 0.4452 -0.5146
1341848031.6988 1.9345 -1.8885 3.2829 0.0958 0.7123 0.4401 -0.5383
1341848031.9308 1.9794 -1.8909 3.2620 0.0917 0.7026 0.4265 -0.5622
1341848032.1670 2.0382 -1.8943 3.2492 0.0898 0.6967 0.4204 -0.5743
1341848032.2667 2.0594 -1.9002 3.2486 0.0937 0.6954 0.4197 -0.5758
1341848032.3667 2.0792 -1.8986 3.2409 0.0927 0.6928 0.4193 -0.5793
1341848032.5030 2.1032 -1.8943 3.2288 0.0900 0.6918 0.4143 -0.5845
1341848032.7028 2.1401 -1.8912 3.1984 0.0840 0.6943 0.4060 -0.5882
1341848032.9708 2.1747 -1.8646 3.1559 0.0837 0.6947 0.4031 -0.5899
1341848033.2749 2.1938 -1.8358 3.1006 0.0853 0.6843 0.3931 -0.6082
1341848033.5748 2.2183 -1.8109 3.0484 0.0878 0.6730 0.3892 -0.6227
1341848033.7748 2.2332 -1.8029 3.0165 0.0922 0.6687 0.3832 -0.6305
1341848034.0427 2.2552 -1.7966 2.9857 -0.0822 -0.6523 -0.3710 0.6559
1341848034.2467 2.2828 -1.7993 2.9690 -0.0795 -0.6375 -0.3521 0.6806
1341848034.5217 2.3320 -1.7940 2.9338 -0.0794 -0.6272 -0.3389 0.6967
1341848034.6538 2.3632 -1.7796 2.9116 -0.0811 -0.6246 -0.3418 0.6975
1341848034.8147 2.3967 -1.7608 2.8840 -0.0851 -0.6203 -0.3432 0.7001
1341848035.2843 2.4423 -1.7139 2.8230 -0.0877 -0.6054 -0.3480 0.7105
1341848035.8188 2.4681 -1.6647 2.7194 -0.1025 -0.5872 -0.3184 0.7371
1341848036.3908 2.4824 -1.6116 2.6048 -0.1088 -0.5683 -0.3052 0.7564
1341848036.7907 2.5037 -1.5656 2.4994 -0.0965 -0.5564 -0.2827 0.7753
1341848037.0610 2.5289 -1.5350 2.4138 -0.0869 -0.5454 -0.2680 0.7894
1341848037.2637 2.5479 -1.5139 2.3449 -0.0690 -0.5558 -0.2506 0.7896
1341848037.6987 2.5522 -1.4520 2.2258 -0.0464 -0.5548 -0.2569 0.7900
1341848037.9669 2.5364 -1.4065 2.1651 -0.0553 -0.5331 -0.2507 0.8062
1341848038.3065 2.5144 -1.3558 2.0899 -0.0651 -0.5051 -0.2518 0.8230
1341848038.8028 2.4948 -1.2961 1.9592 -0.0477 -0.4922 -0.2473 0.8332
1341848039.1387 2.5112 -1.2482 1.8741 -0.0508 -0.4732 -0.2312 0.8485
1341848039.6748 2.5206 -1.1835 1.7590 -0.0445 -0.4504 -0.2295 0.8617
1341848040.2427 2.4649 -1.1035 1.6467 -0.0556 -0.4173 -0.2164 0.8808
1341848040.7788 2.4042 -1.0740 1.5478 -0.0428 -0.3790 -0.1878 0.9051
1341848041.1900 2.3693 -1.0324 1.4860 -0.0526 -0.3278 -0.1528 0.9308
1341848041.5868 2.3049 -0.9908 1.4519 -0.0664 -0.2863 -0.1438 0.9450
1341848042.2229 2.1196 -0.9521 1.3816 -0.0663 -0.2455 -0.0970 0.9622
1341848042.6978 1.9963 -0.9218 1.3584 -0.0745 -0.1906 -0.0706 0.9763
1341848043.1340 1.9082 -0.8909 1.3303 -0.0810 -0.1380 -0.0380 0.9864
1341848044.0059 1.6852 -0.8882 1.3092 -0.0863 -0.0874 -0.0090 0.9924
1341848044.7060 1.5262 -0.8866 1.3623 -0.0924 -0.0297 0.0360 0.9946
1341848045.4747 1.3412 -0.8873 1.4257 -0.0982 0.0011 0.0586 0.9934
1341848045.9428 1.2430 -0.8974 1.5185 -0.1007 -0.0284 0.0444 0.9935
1341848046.3823 1.1684 -0.8803 1.5515 -0.1047 -0.0735 0.0037 0.9918
1341848046.8147 1.0924 -0.8445 1.5031 -0.1036 -0.0995 -0.0164 0.9895
1341848047.2149 1.0353 -0.8017 1.4256 -0.1092 -0.1082 -0.0234 0.9878
1341848047.5187 0.9771 -0.7812 1.3576 -0.1100 -0.1291 -0.0325 0.9850
1341848047.9547 0.8961 -0.7601 1.2923 -0.1061 -0.1404 -0.0415 0.9835
1341848048.4549 0.7903 -0.7451 1.2245 -0.0900 -0.1200 -0.0367 0.9880
1341848048.8910 0.7197 -0.7432 1.1648 -0.0603 -0.1184 -0.0287 0.9907
1341848049.3268 0.6491 -0.7330 1.0850 -0.0283 -0.1297 -0.0428 0.9902
1341848049.6951 0.5835 -0.7008 1.0004 -0.0238 -0.1237 -0.0292 0.9916
1341848050.0308 0.5147 -0.6617 0.9250 -0.0293 -0.1442 -0.0409 0.9883
1341848050.3987 0.4526 -0.6237 0.8761 -0.0299 -0.1741 -0.0689 0.9819
1341848050.7669 0.3853 -0.6072 0.8354 -0.0282 -0.2128 -0.0927 0.9723
1341848051.1387 0.3198 -0.5915 0.7951 -0.0198 -0.2507 -0.1155 0.9609
1341848051.4709 0.2904 -0.5893 0.7681 -0.0019 -0.2816 -0.1262 0.9512
1341848051.7067 0.2834 -0.5754 0.7556 0.0199 -0.3173 -0.1571 0.9350
1341848052.0749 0.3183 -0.5655 0.7301 0.0310 -0.3399 -0.2129 0.9155
1341848052.3111 0.3587 -0.5583 0.7252 0.0323 -0.3239 -0.2371 0.9153
1341848052.5433 0.4153 -0.5580 0.7119 0.0407 -0.3149 -0.2462 0.9157
1341848052.6787 0.4595 -0.5637 0.6938 0.0465 -0.3102 -0.2633 0.9123
1341848052.8788 0.5067 -0.5698 0.6807 0.0436 -0.2963 -0.2677 0.9158
1341848053.0467 0.5389 -0.5776 0.6654 0.0407 -0.2732 -0.2636 0.9243
1341848053.2480 0.5740 -0.5872 0.6554 0.0379 -0.2407 -0.2554 0.9356
1341848053.4857 0.6221 -0.5858 0.6333 0.0360 -0.2102 -0.2310 0.9493
1341848053.6897 0.6605 -0.5861 0.6206 0.0172 -0.1771 -0.2072 0.9620
1341848053.9511 0.6881 -0.5948 0.5952 0.0091 -0.1306 -0.1624 0.9780
1341848054.4547 0.6843 -0.5865 0.4869 -0.0127 -0.1094 -0.1126 0.9875
1341848054.9228 0.7235 -0.5949 0.3973 -0.0046 -0.0892 -0.0773 0.9930
1341848055.2589 0.7441 -0.5702 0.2983 0.0112 -0.0740 -0.0515 0.9959
1341848055.5626 0.7387 -0.5355 0.1928 0.0133 -0.0581 -0.0474 0.9971
1341848055.8628 0.7199 -0.5045 0.1193 0.0119 -0.0280 -0.0298 0.9991
1341848056.2639 0.6136 -0.4619 0.0490 0.0146 -0.0171 -0.0134 0.9997
1341848056.4989 0.5270 -0.4310 0.0153 -0.0043 -0.0310 0.0011 0.9995
1341848056.8029 0.4296 -0.4077 -0.0192 -0.0231 -0.0518 -0.0012 0.9984
1341848057.3029 0.2860 -0.3705 -0.0554 -0.0398 -0.0370 -0.0172 0.9984
1341848057.6067 0.1822 -0.3273 -0.0982 -0.0570 -0.0140 -0.0032 0.9983
1341848057.9753 0.0496 -0.2796 -0.1563 -0.0603 0.0095 0.0281 0.9977
1341848058.3107 -0.0780 -0.2627 -0.1666 -0.0439 -0.0126 0.0167 0.9988
1341848058.9468 -0.2410 -0.2500 -0.1460 -0.0331 0.0116 0.0473 0.9983
1341848059.3147 -0.2653 -0.2522 -0.1351 -0.0169 0.0443 0.0535 0.9974
1341848060.0187 -0.2884 -0.2420 -0.1547 0.0126 0.0706 0.0593 0.9957
1341848060.6561 -0.2540 -0.2238 -0.1622 0.0433 0.0825 0.0242 0.9954
1341848061.2594 -0.1893 -0.2889 -0.1300 0.0600 0.0575 0.0292 0.9961
1341848061.9307 -0.0864 -0.2661 -0.0841 0.0801 0.0591 0.0332 0.9945
1341848062.7668 -0.0265 -0.2820 -0.0317 0.0625 0.0171 0.0246 0.9976
1341848063.6430 0.1394 -0.3198 0.0318 0.0445 -0.0149 -0.0129 0.9988
1341848064.2139 0.2371 -0.3807 0.1577 0.0398 -0.0387 -0.0209 0.9982
1341848064.5180 0.3165 -0.4302 0.2461 0.0447 -0.0328 -0.0313 0.9980
1341848065.2787 0.4923 -0.4776 0.3318 0.0447 -0.0617 -0.0173 0.9969
1341848066.1187 0.6426 -0.4923 0.3710 0.0367 -0.1235 -0.0671 0.9894
1341848066.9050 0.7693 -0.5670 0.4878 0.0525 -0.1585 -0.1096 0.9799
1341848067.7948 0.8862 -0.6014 0.5278 0.0602 -0.1481 -0.0924 0.9828
