1305031453.4237 0.0049 0.0035 -0.0077 0.0016 0.0039 0.0094 0.9999
1305031453.4597 0.0104 0.0081 -0.0178 0.0055 0.0095 0.0184 0.9998
1305031453.4917 0.0127 0.0122 -0.0275 0.0095 0.0163 0.0282 0.9994
1305031453.5237 0.0134 0.0168 -0.0407 0.0161 0.0214 0.0368 0.9990
1305031453.5598 0.0155 0.0218 -0.0535 0.0230 0.0236 0.0435 0.9985
1305031453.5916 0.0157 0.0292 -0.0689 0.0307 0.0263 0.0480 0.9980
1305031453.6277 0.0111 0.0335 -0.0824 0.0369 0.0280 0.0516 0.9976
1305031453.6596 0.0077 0.0406 -0.0981 0.0445 0.0238 0.0501 0.9975
1305031453.6917 0.0029 0.0514 -0.1147 0.0518 0.0187 0.0459 0.9974
1305031453.7277 -0.0052 0.0601 -0.1296 0.0562 0.0142 0.0407 0.9975
1305031453.7597 -0.0148 0.0657 -0.1420 0.0603 0.0062 0.0326 0.9976
1305031453.7917 -0.0198 0.0757 -0.1570 0.0651 -0.0037 0.0251 0.9976
1305031453.8278 -0.0306 0.0818 -0.1690 0.0674 -0.0102 0.0185 0.9975
1305031453.8597 -0.0434 0.0887 -0.1802 0.0690 -0.0218 0.0107 0.9973
1305031453.8917 -0.0544 0.0970 -0.1925 0.0688 -0.0374 0.0033 0.9969
1305031453.9277 -0.0643 0.1015 -0.1998 0.0658 -0.0559 -0.0014 0.9963
1305031453.9596 -0.0693 0.1065 -0.2076 0.0635 -0.0733 -0.0102 0.9952
1305031453.9916 -0.0817 0.1081 -0.2061 0.0623 -0.0846 -0.0220 0.9942
1305031454.0277 -0.0910 0.1112 -0.2104 0.0647 -0.0969 -0.0320 0.9927
1305031454.0597 -0.0973 0.1156 -0.2126 0.0659 -0.1091 -0.0424 0.9909
1305031454.0917 -0.1044 0.1173 -0.2024 0.0674 -0.1220 -0.0553 0.9887
1305031454.1277 -0.1076 0.1165 -0.1947 0.0706 -0.1385 -0.0686 0.9855
1305031454.1597 -0.1076 0.1189 -0.1897 0.0710 -0.1561 -0.0792 0.9820
1305031454.1917 -0.1163 0.1159 -0.1861 0.0681 -0.1726 -0.0939 0.9781
1305031454.2277 -0.1234 0.1150 -0.1700 0.0725 -0.1895 -0.1111 0.9729
1305031454.2596 -0.1192 0.1108 -0.1707 0.0755 -0.2054 -0.1254 0.9677
1305031454.2916 -0.1258 0.1133 -0.1673 0.0741 -0.2134 -0.1361 0.9646
1305031454.3277 -0.1416 0.1123 -0.1692 0.0753 -0.2198 -0.1523 0.9606
1305031454.3596 -0.1459 0.1133 -0.1696 0.0814 -0.2313 -0.1665 0.9551
1305031454.3917 -0.1541 0.1168 -0.1699 0.0830 -0.2382 -0.1784 0.9511
1305031454.4275 -0.1689 0.1237 -0.1691 0.0865 -0.2476 -0.1937 0.9454
1305031454.4599 -0.1702 0.1228 -0.1659 0.0888 -0.2585 -0.2090 0.9389
1305031454.4916 -0.1765 0.1248 -0.1677 0.0904 -0.2622 -0.2247 0.9341
1305031454.5277 -0.1825 0.1320 -0.1674 0.0914 -0.2671 -0.2401 0.9288
1305031454.5596 -0.1947 0.1350 -0.1568 0.0891 -0.2709 -0.2522 0.9247
1305031454.5916 -0.2189 0.1403 -0.1434 0.0879 -0.2748 -0.2681 0.9192
1305031454.6276 -0.2293 0.1444 -0.1388 0.0881 -0.2758 -0.2724 0.9176
1305031454.6595 -0.2341 0.1449 -0.1353 0.0871 -0.2760 -0.2729 0.9175
1305031454.6919 -0.2385 0.1424 -0.1328 0.0852 -0.2761 -0.2735 0.9174
1305031454.7277 -0.2506 0.1474 -0.1275 0.0813 -0.2834 -0.2801 0.9136
1305031454.7597 -0.2468 0.1488 -0.1233 0.0749 -0.2906 -0.2777 0.9126
1305031454.7916 -0.2442 0.1534 -0.1217 0.0700 -0.2938 -0.2718 0.9137
1305031454.8276 -0.2382 0.1610 -0.1177 0.0666 -0.2965 -0.2663 0.9148
1305031454.8596 -0.2361 0.1655 -0.1150 0.0598 -0.2940 -0.2593 0.9180
1305031454.8918 -0.2337 0.1715 -0.1155 0.0552 -0.2894 -0.2523 0.9217
1305031454.9276 -0.2325 0.1796 -0.1168 0.0507 -0.2837 -0.2458 0.9255
1305031454.9596 -0.2353 0.1882 -0.1207 0.0473 -0.2775 -0.2400 0.9291
1305031454.9919 -0.2409 0.1962 -0.1264 0.0442 -0.2731 -0.2347 0.9319
1305031455.0278 -0.2418 0.2087 -0.1292 0.0448 -0.2723 -0.2315 0.9329
1305031455.0596 -0.2469 0.2160 -0.1308 0.0431 -0.2691 -0.2296 0.9344
1305031455.0917 -0.2528 0.2250 -0.1351 0.0456 -0.2651 -0.2292 0.9355
1305031455.1277 -0.2584 0.2367 -0.1399 0.0473 -0.2600 -0.2274 0.9373
1305031455.1597 -0.2681 0.2466 -0.1456 0.0463 -0.2545 -0.2230 0.9399
1305031455.1917 -0.2784 0.2547 -0.1482 0.0426 -0.2508 -0.2171 0.9424
1305031455.2276 -0.2882 0.2605 -0.1524 0.0416 -0.2474 -0.2117 0.9446
1305031455.2596 -0.2944 0.2735 -0.1574 0.0400 -0.2427 -0.2050 0.9474
1305031455.2918 -0.3091 0.2782 -0.1609 0.0312 -0.2362 -0.1957 0.9513
1305031455.3278 -0.3214 0.2877 -0.1687 0.0260 -0.2327 -0.1852 0.9544
1305031455.3596 -0.3271 0.2964 -0.1701 0.0180 -0.2319 -0.1787 0.9560
1305031455.3917 -0.3389 0.2973 -0.1715 0.0068 -0.2250 -0.1707 0.9593
1305031455.4276 -0.3543 0.3021 -0.1783 -0.0003 -0.2170 -0.1607 0.9629
1305031455.4596 -0.3689 0.3027 -0.1842 -0.0057 -0.2130 -0.1523 0.9651
1305031455.4916 -0.3809 0.3071 -0.1916 -0.0102 -0.2093 -0.1409 0.9676
1305031455.5276 -0.3992 0.3047 -0.1994 -0.0164 -0.2051 -0.1281 0.9702
1305031455.5597 -0.4159 0.3053 -0.2103 -0.0191 -0.2050 -0.1149 0.9718
1305031455.5916 -0.4280 0.3093 -0.2215 -0.0215 -0.2062 -0.1004 0.9731
1305031455.6276 -0.4431 0.3040 -0.2236 -0.0279 -0.2059 -0.0880 0.9742
1305031455.6596 -0.4580 0.2998 -0.2333 -0.0262 -0.2041 -0.0824 0.9751
1305031455.6916 -0.4718 0.3009 -0.2453 -0.0221 -0.2024 -0.0833 0.9755
1305031455.7276 -0.4856 0.2981 -0.2551 -0.0202 -0.1992 -0.0880 0.9758
1305031455.7597 -0.4995 0.2956 -0.2665 -0.0191 -0.1937 -0.0910 0.9766
1305031455.7917 -0.5145 0.2865 -0.2785 -0.0189 -0.1883 -0.0901 0.9778
1305031455.8276 -0.5282 0.2844 -0.2950 -0.0160 -0.1844 -0.0896 0.9786
1305031455.8595 -0.5397 0.2793 -0.3064 -0.0162 -0.1829 -0.0909 0.9788
1305031455.8917 -0.5500 0.2756 -0.3181 -0.0160 -0.1803 -0.0911 0.9793
1305031455.9280 -0.5603 0.2703 -0.3271 -0.0171 -0.1772 -0.0918 0.9797
1305031455.9597 -0.5697 0.2692 -0.3395 -0.0159 -0.1734 -0.0940 0.9802
1305031455.9917 -0.5784 0.2669 -0.3485 -0.0176 -0.1690 -0.0963 0.9807
1305031456.0278 -0.5876 0.2711 -0.3613 -0.0206 -0.1620 -0.1006 0.9814
1305031456.0597 -0.5994 0.2634 -0.3650 -0.0304 -0.1570 -0.1087 0.9811
1305031456.0917 -0.6106 0.2545 -0.3674 -0.0365 -0.1531 -0.1140 0.9809
1305031456.1276 -0.6201 0.2485 -0.3723 -0.0380 -0.1490 -0.1153 0.9814
1305031456.1597 -0.6275 0.2390 -0.3707 -0.0397 -0.1449 -0.1158 0.9818
1305031456.1917 -0.6364 0.2311 -0.3739 -0.0352 -0.1370 -0.1131 0.9835
1305031456.2277 -0.6430 0.2358 -0.3798 -0.0301 -0.1271 -0.1089 0.9854
1305031456.2917 -0.6673 0.2193 -0.3764 -0.0306 -0.1042 -0.1018 0.9889
1305031456.3277 -0.6775 0.2135 -0.3738 -0.0267 -0.0939 -0.0949 0.9907
1305031456.3916 -0.6985 0.2071 -0.3661 -0.0224 -0.0696 -0.0853 0.9937
1305031456.4277 -0.7172 0.2088 -0.3653 -0.0152 -0.0567 -0.0784 0.9952
1305031456.4917 -0.7551 0.2232 -0.3569 -0.0179 -0.0465 -0.0666 0.9965
1305031456.5276 -0.7680 0.2232 -0.3463 -0.0239 -0.0479 -0.0614 0.9967
1305031456.5917 -0.7887 0.2270 -0.3305 -0.0256 -0.0431 -0.0489 0.9975
1305031456.6276 -0.7998 0.2380 -0.3220 -0.0359 -0.0375 -0.0428 0.9977
1305031456.6916 -0.8349 0.2216 -0.2969 -0.0504 -0.0250 -0.0281 0.9980
1305031456.7277 -0.8512 0.2350 -0.2908 -0.0524 -0.0227 -0.0184 0.9982
1305031456.7916 -0.8830 0.2226 -0.2693 -0.0581 -0.0313 -0.0048 0.9978
1305031456.8276 -0.8895 0.2373 -0.2633 -0.0567 -0.0355 0.0043 0.9977
1305031456.8917 -0.9056 0.2295 -0.2347 -0.0688 -0.0338 0.0152 0.9969
1305031456.9277 -0.9196 0.2358 -0.2299 -0.0628 -0.0265 0.0219 0.9974
1305031456.9597 -0.9328 0.2480 -0.2278 -0.0627 -0.0200 0.0272 0.9975
1305031456.9917 -0.9447 0.2441 -0.2181 -0.0722 -0.0155 0.0288 0.9969
1305031457.0276 -0.9578 0.2436 -0.2144 -0.0743 -0.0104 0.0328 0.9966
1305031457.0917 -0.9802 0.2484 -0.2111 -0.0863 0.0000 0.0423 0.9954
1305031457.1276 -0.9911 0.2402 -0.2086 -0.0912 0.0062 0.0465 0.9947
1305031457.1917 -1.0165 0.2415 -0.2197 -0.0885 0.0215 0.0595 0.9941
1305031457.2275 -1.0292 0.2367 -0.2223 -0.0934 0.0283 0.0653 0.9931
1305031457.2917 -1.0522 0.2245 -0.2363 -0.0858 0.0431 0.0780 0.9923
1305031457.3275 -1.0657 0.2263 -0.2472 -0.0825 0.0534 0.0832 0.9917
1305031457.3917 -1.0960 0.2087 -0.2626 -0.0812 0.0777 0.0960 0.9890
1305031457.4276 -1.1167 0.2075 -0.2741 -0.0775 0.0878 0.1027 0.9878
1305031457.4917 -1.1442 0.1896 -0.2910 -0.0784 0.0932 0.1110 0.9863
1305031457.5276 -1.1559 0.1817 -0.3014 -0.0751 0.0966 0.1143 0.9859
1305031457.5597 -1.1695 0.1761 -0.3117 -0.0716 0.1019 0.1181 0.9852
1305031457.5917 -1.1875 0.1737 -0.3219 -0.0679 0.1075 0.1215 0.9844
1305031457.6275 -1.2005 0.1615 -0.3265 -0.0693 0.1100 0.1241 0.9837
1305031457.6596 -1.2166 0.1649 -0.3390 -0.0636 0.1123 0.1286 0.9833
1305031457.6916 -1.2301 0.1573 -0.3437 -0.0692 0.1128 0.1307 0.9826
1305031457.7277 -1.2402 0.1373 -0.3458 -0.0740 0.1138 0.1295 0.9822
1305031457.7596 -1.2514 0.1253 -0.3507 -0.0720 0.1160 0.1280 0.9823
1305031457.7916 -1.2576 0.1064 -0.3548 -0.0675 0.1197 0.1275 0.9823
1305031457.8277 -1.2716 0.1089 -0.3660 -0.0553 0.1277 0.1283 0.9819
1305031457.8596 -1.2836 0.0993 -0.3698 -0.0534 0.1359 0.1284 0.9809
1305031457.8916 -1.2974 0.0753 -0.3684 -0.0499 0.1444 0.1279 0.9800
1305031457.9276 -1.3180 0.0725 -0.3731 -0.0356 0.1508 0.1317 0.9791
1305031457.9916 -1.3398 0.0570 -0.3739 -0.0240 0.1523 0.1365 0.9786
1305031458.0278 -1.3491 0.0466 -0.3711 -0.0156 0.1558 0.1373 0.9781
1305031458.0597 -1.3648 0.0524 -0.3724 -0.0049 0.1610 0.1400 0.9770
1305031458.0917 -1.3786 0.0520 -0.3667 -0.0042 0.1655 0.1419 0.9760
1305031458.1276 -1.3904 0.0423 -0.3564 -0.0064 0.1692 0.1419 0.9753
1305031458.1596 -1.4047 0.0352 -0.3460 -0.0045 0.1722 0.1438 0.9745
1305031458.1916 -1.4213 0.0395 -0.3370 -0.0020 0.1726 0.1477 0.9739
1305031458.2276 -1.4322 0.0378 -0.3222 -0.0074 0.1695 0.1492 0.9742
1305031458.2599 -1.4351 0.0129 -0.2932 -0.0135 0.1664 0.1458 0.9751
1305031458.2917 -1.4512 0.0128 -0.2829 -0.0032 0.1627 0.1459 0.9758
1305031458.3276 -1.4585 0.0083 -0.2675 -0.0012 0.1558 0.1478 0.9767
1305031458.3596 -1.4620 0.0043 -0.2395 0.0090 0.1514 0.1482 0.9773
1305031458.3916 -1.4678 0.0063 -0.2300 0.0217 0.1468 0.1516 0.9772
1305031458.4276 -1.4658 0.0059 -0.2132 0.0301 0.1442 0.1609 0.9759
1305031458.4596 -1.4595 -0.0010 -0.1939 0.0413 0.1465 0.1671 0.9741
1305031458.4917 -1.4591 -0.0064 -0.1767 0.0612 0.1559 0.1661 0.9718
1305031458.5277 -1.4649 0.0035 -0.1617 0.0794 0.1649 0.1657 0.9690
1305031458.5596 -1.4701 0.0061 -0.1420 0.0865 0.1739 0.1631 0.9673
1305031458.5916 -1.4793 0.0050 -0.1216 0.0953 0.1808 0.1574 0.9662
1305031458.6277 -1.4895 0.0243 -0.1056 0.1006 0.1808 0.1536 0.9662
1305031458.6596 -1.4969 0.0214 -0.0805 0.0935 0.1777 0.1537 0.9675
1305031458.6917 -1.4950 0.0232 -0.0537 0.0886 0.1616 0.1479 0.9717
1305031458.7276 -1.4737 0.0148 -0.0277 0.0840 0.1416 0.1396 0.9764
1305031458.7599 -1.4794 0.0176 -0.0099 0.0907 0.1284 0.1290 0.9791
1305031458.7916 -1.4779 0.0289 0.0036 0.0920 0.1120 0.1214 0.9820
1305031458.8276 -1.4694 0.0261 0.0224 0.0849 0.1016 0.1195 0.9840
1305031458.8917 -1.4634 0.0197 0.0447 0.0910 0.0974 0.1096 0.9850
1305031458.9276 -1.4739 0.0224 0.0487 0.0895 0.1046 0.1146 0.9838
1305031458.9596 -1.4783 0.0147 0.0569 0.0810 0.1096 0.1274 0.9825
1305031458.9916 -1.4827 -0.0090 0.0639 0.0790 0.1124 0.1321 0.9817
1305031459.0277 -1.4984 -0.0157 0.0715 0.0890 0.1105 0.1317 0.9811
1305031459.0596 -1.5156 -0.0259 0.0834 0.0970 0.1042 0.1406 0.9798
1305031459.1276 -1.5513 -0.0477 0.0967 0.1200 0.0644 0.1537 0.9787
1305031459.1596 -1.5603 -0.0526 0.1039 0.1291 0.0382 0.1556 0.9786
1305031459.1917 -1.5692 -0.0539 0.1113 0.1351 0.0189 0.1621 0.9773
1305031459.2276 -1.5752 -0.0545 0.1206 0.1372 0.0050 0.1733 0.9753
1305031459.2598 -1.5756 -0.0467 0.1394 0.1385 0.0000 0.1829 0.9733
1305031459.3276 -1.5832 -0.0417 0.1647 0.1326 0.0285 0.2130 0.9676
1305031459.3597 -1.5947 -0.0340 0.1782 0.1363 0.0533 0.2335 0.9613
1305031459.3917 -1.6090 -0.0098 0.1901 0.1353 0.0787 0.2588 0.9532
1305031459.4276 -1.6075 -0.0057 0.2020 0.1204 0.1086 0.2949 0.9417
1305031459.4597 -1.6251 -0.0110 0.2020 0.1137 0.1449 0.3331 0.9247
1305031459.5276 -1.6577 0.0051 0.2149 0.0953 0.1852 0.3934 0.8955
1305031459.5596 -1.6720 -0.0105 0.2055 0.0845 0.1989 0.4204 0.8812
1305031459.5917 -1.6912 -0.0151 0.2046 0.0810 0.2055 0.4378 0.8715
1305031459.6276 -1.6992 -0.0218 0.2063 0.0757 0.2059 0.4484 0.8665
1305031459.6596 -1.7125 -0.0217 0.2106 0.0757 0.2128 0.4486 0.8647
1305031459.6916 -1.7283 -0.0296 0.2145 0.0686 0.2245 0.4532 0.8599
1305031459.7276 -1.7386 -0.0473 0.2157 0.0603 0.2325 0.4565 0.8567
1305031459.7917 -1.7704 -0.0826 0.2199 0.0586 0.2453 0.4503 0.8565
1305031459.8277 -1.7856 -0.0960 0.2244 0.0577 0.2465 0.4475 0.8577
1305031459.8597 -1.8013 -0.1112 0.2297 0.0536 0.2462 0.4462 0.8587
1305031459.8916 -1.8085 -0.1276 0.2348 0.0483 0.2414 0.4493 0.8588
1305031459.9276 -1.8148 -0.1425 0.2397 0.0475 0.2383 0.4524 0.8581
1305031459.9917 -1.8312 -0.1697 0.2504 0.0429 0.2353 0.4594 0.8554
1305031460.0276 -1.8336 -0.1860 0.2550 0.0408 0.2346 0.4628 0.8539
1305031460.0597 -1.8424 -0.2027 0.2598 0.0411 0.2359 0.4644 0.8526
1305031460.0917 -1.8511 -0.2236 0.2641 0.0418 0.2328 0.4710 0.8498
1305031460.1277 -1.8521 -0.2392 0.2695 0.0470 0.2238 0.4803 0.8468
1305031460.1597 -1.8592 -0.2493 0.2761 0.0545 0.2173 0.4871 0.8441
1305031460.1916 -1.8586 -0.2562 0.2849 0.0554 0.2095 0.4938 0.8421
1305031460.2278 -1.8477 -0.2632 0.2940 0.0553 0.2069 0.4980 0.8403
1305031460.2917 -1.8455 -0.2847 0.3031 0.0551 0.2226 0.4981 0.8362
1305031460.3275 -1.8455 -0.2976 0.3061 0.0547 0.2312 0.4999 0.8329
1305031460.3916 -1.8428 -0.3167 0.3176 0.0479 0.2494 0.5060 0.8243
1305031460.4275 -1.8412 -0.3286 0.3216 0.0452 0.2596 0.5104 0.8185
1305031460.4596 -1.8397 -0.3349 0.3267 0.0422 0.2717 0.5141 0.8125
1305031460.4915 -1.8439 -0.3440 0.3302 0.0348 0.2855 0.5195 0.8046
1305031460.5276 -1.8411 -0.3563 0.3329 0.0259 0.2948 0.5288 0.7955
1305031460.5596 -1.8366 -0.3666 0.3366 0.0185 0.3028 0.5325 0.7902
1305031460.5919 -1.8378 -0.3791 0.3401 0.0132 0.3119 0.5331 0.7864
1305031460.6276 -1.8349 -0.3903 0.3435 0.0089 0.3193 0.5353 0.7820
1305031460.6598 -1.8377 -0.4037 0.3476 0.0058 0.3276 0.5343 0.7792
1305031460.6917 -1.8424 -0.4162 0.3540 0.0021 0.3327 0.5350 0.7766
1305031460.7277 -1.8399 -0.4240 0.3604 -0.0029 0.3339 0.5351 0.7760
1305031460.7597 -1.8369 -0.4352 0.3664 -0.0070 0.3384 0.5337 0.7750
1305031460.7917 -1.8396 -0.4483 0.3738 -0.0105 0.3430 0.5325 0.7738
1305031460.8277 -1.8392 -0.4554 0.3822 -0.0149 0.3441 0.5300 0.7749
1305031460.8597 -1.8365 -0.4625 0.3898 -0.0213 0.3468 0.5277 0.7751
1305031460.8918 -1.8335 -0.4752 0.3979 -0.0296 0.3510 0.5252 0.7746
1305031460.9276 -1.8319 -0.4873 0.4080 -0.0357 0.3532 0.5246 0.7738
1305031460.9917 -1.8140 -0.5069 0.4229 -0.0402 0.3563 0.5268 0.7707
1305031461.0276 -1.8090 -0.5173 0.4319 -0.0393 0.3590 0.5274 0.7690
1305031461.0917 -1.8048 -0.5306 0.4463 -0.0362 0.3580 0.5267 0.7701
1305031461.1276 -1.7940 -0.5370 0.4528 -0.0383 0.3571 0.5252 0.7715
1305031461.1597 -1.7867 -0.5457 0.4606 -0.0368 0.3590 0.5230 0.7722
1305031461.1920 -1.7845 -0.5483 0.4673 -0.0331 0.3601 0.5187 0.7747
1305031461.2276 -1.7811 -0.5532 0.4740 -0.0327 0.3618 0.5162 0.7756
1305031461.2596 -1.7745 -0.5585 0.4799 -0.0313 0.3620 0.5133 0.7775
1305031461.2917 -1.7704 -0.5606 0.4869 -0.0290 0.3630 0.5075 0.7809
1305031461.3278 -1.7651 -0.5591 0.4918 -0.0272 0.3649 0.5033 0.7828
1305031461.3597 -1.7671 -0.5582 0.4982 -0.0304 0.3686 0.4994 0.7835
1305031461.3917 -1.7547 -0.5656 0.5075 -0.0397 0.3678 0.5006 0.7827
1305031461.4276 -1.7472 -0.5676 0.5115 -0.0405 0.3682 0.4989 0.7835
1305031461.4598 -1.7477 -0.5639 0.5156 -0.0426 0.3683 0.5001 0.7826
1305031461.4917 -1.7295 -0.5717 0.5170 -0.0488 0.3664 0.5026 0.7816
1305031461.5277 -1.7293 -0.5689 0.5161 -0.0427 0.3686 0.4998 0.7826
1305031461.5597 -1.7235 -0.5602 0.5119 -0.0424 0.3686 0.4968 0.7846
1305031461.5917 -1.7212 -0.5577 0.5089 -0.0431 0.3762 0.4930 0.7833
1305031461.6275 -1.7198 -0.5527 0.5072 -0.0457 0.3813 0.4924 0.7811
1305031461.6596 -1.7173 -0.5489 0.5065 -0.0484 0.3859 0.4921 0.7788
1305031461.6916 -1.7195 -0.5433 0.5051 -0.0494 0.3889 0.4967 0.7743
1305031461.7276 -1.7124 -0.5365 0.5021 -0.0523 0.3880 0.5023 0.7710
1305031461.7597 -1.7140 -0.5284 0.4949 -0.0521 0.3891 0.5050 0.7687
1305031461.7916 -1.7129 -0.5183 0.4896 -0.0560 0.3898 0.5089 0.7654
1305031461.8276 -1.7103 -0.5099 0.4843 -0.0587 0.3931 0.5132 0.7607
1305031461.8598 -1.7180 -0.4968 0.4799 -0.0583 0.3975 0.5186 0.7548
1305031461.8917 -1.7243 -0.4874 0.4773 -0.0625 0.3989 0.5288 0.7465
1305031461.9278 -1.7204 -0.4784 0.4742 -0.0699 0.3952 0.5386 0.7409
1305031461.9597 -1.7181 -0.4634 0.4642 -0.0751 0.3958 0.5415 0.7379
1305031461.9916 -1.7329 -0.4559 0.4633 -0.0824 0.4037 0.5465 0.7291
1305031462.0277 -1.7335 -0.4581 0.4681 -0.0955 0.4037 0.5570 0.7195
1305031462.0598 -1.7359 -0.4557 0.4697 -0.1002 0.3992 0.5687 0.7122
1305031462.0918 -1.7379 -0.4462 0.4662 -0.1012 0.3921 0.5798 0.7070
1305031462.1277 -1.7419 -0.4370 0.4638 -0.1033 0.3882 0.5883 0.7018
1305031462.1596 -1.7447 -0.4323 0.4622 -0.1077 0.3856 0.5940 0.6978
1305031462.1916 -1.7526 -0.4230 0.4604 -0.1097 0.3844 0.5932 0.6987
1305031462.2276 -1.7615 -0.4168 0.4606 -0.1153 0.3847 0.5933 0.6977
1305031462.2598 -1.7689 -0.4125 0.4619 -0.1221 0.3832 0.5917 0.6987
1305031462.2916 -1.7788 -0.4054 0.4641 -0.1273 0.3807 0.5875 0.7027
1305031462.3275 -1.7876 -0.3965 0.4656 -0.1337 0.3782 0.5818 0.7075
1305031462.3597 -1.8046 -0.3901 0.4741 -0.1402 0.3809 0.5730 0.7120
1305031462.3917 -1.8096 -0.4029 0.4931 -0.1544 0.3872 0.5669 0.7105
1305031462.4276 -1.8101 -0.4026 0.4938 -0.1543 0.3875 0.5667 0.7105
1305031462.4599 -1.8104 -0.4026 0.4944 -0.1542 0.3878 0.5665 0.7105
1305031462.4920 -1.8108 -0.4024 0.4952 -0.1541 0.3882 0.5663 0.7105
1305031462.5277 -1.8115 -0.4025 0.4983 -0.1545 0.3896 0.5655 0.7103
1305031462.5599 -1.8694 -0.3348 0.5844 -0.1394 0.4291 0.5134 0.7300
1305031462.5919 -1.8691 -0.3368 0.5842 -0.1425 0.4283 0.5123 0.7306
1305031462.6279 -1.8681 -0.3377 0.5829 -0.1435 0.4276 0.5125 0.7307
1305031462.6597 -1.8677 -0.3381 0.5823 -0.1439 0.4273 0.5126 0.7307
1305031462.6925 -1.8673 -0.3386 0.5817 -0.1443 0.4270 0.5127 0.7307
1305031462.7277 -1.8666 -0.3392 0.5807 -0.1448 0.4265 0.5130 0.7307
1305031462.7598 -1.8666 -0.3392 0.5807 -0.1449 0.4265 0.5131 0.7307
1305031462.7919 -1.8666 -0.3392 0.5807 -0.1449 0.4265 0.5131 0.7307
1305031462.8278 -1.8666 -0.3392 0.5807 -0.1449 0.4265 0.5131 0.7307
1305031462.8598 -1.8666 -0.3392 0.5807 -0.1449 0.4265 0.5131 0.7307
1305031462.8918 -1.8666 -0.3392 0.5807 -0.1449 0.4265 0.5131 0.7307
1305031462.9276 -1.8666 -0.3392 0.5807 -0.1449 0.4265 0.5131 0.7307
1305031462.9597 -1.8666 -0.3392 0.5807 -0.1449 0.4265 0.5131 0.7307
1305031462.9955 -1.8666 -0.3392 0.5807 -0.1449 0.4265 0.5131 0.7307
1305031463.0277 -1.8666 -0.3392 0.5807 -0.1449 0.4265 0.5131 0.7307
1305031463.0598 -1.8666 -0.3392 0.5807 -0.1449 0.4265 0.5131 0.7307
1305031463.0958 -1.8666 -0.3392 0.5807 -0.1449 0.4265 0.5131 0.7307
1305031463.1275 -1.8666 -0.3392 0.5807 -0.1449 0.4265 0.5131 0.7307
1305031463.1598 -1.8666 -0.3392 0.5807 -0.1449 0.4265 0.5131 0.7307
1305031463.1957 -1.8666 -0.3392 0.5807 -0.1449 0.4265 0.5131 0.7307
1305031463.2278 -1.8666 -0.3392 0.5807 -0.1449 0.4265 0.5131 0.7307
1305031463.2600 -1.8666 -0.3392 0.5807 -0.1449 0.4265 0.5131 0.7307
1305031463.2957 -1.8666 -0.3392 0.5807 -0.1449 0.4265 0.5131 0.7307
1305031463.3277 -1.8666 -0.3392 0.5807 -0.1449 0.4265 0.5131 0.7307
1305031463.3598 -1.8666 -0.3392 0.5807 -0.1449 0.4265 0.5131 0.7307
1305031463.3956 -1.8681 -0.3355 0.5816 -0.1425 0.4267 0.5127 0.7313
1305031463.4277 -1.8718 -0.3268 0.5821 -0.1370 0.4268 0.5115 0.7331
1305031463.4598 -1.8735 -0.3206 0.5819 -0.1333 0.4265 0.5106 0.7345
1305031463.4956 -1.8779 -0.3081 0.5791 -0.1254 0.4256 0.5062 0.7395
1305031463.5277 -1.8141 -0.3909 0.6412 -0.1700 0.4473 0.5050 0.7183
1305031463.5598 -1.8173 -0.3865 0.6276 -0.1673 0.4518 0.5035 0.7172
1305031463.5956 -1.8191 -0.3764 0.6158 -0.1660 0.4517 0.5022 0.7185
1305031463.6276 -1.8105 -0.3666 0.6022 -0.1654 0.4511 0.4994 0.7209
1305031463.6598 -1.8100 -0.3625 0.5864 -0.1593 0.4563 0.4938 0.7229
1305031463.6956 -1.8149 -0.3537 0.5719 -0.1545 0.4589 0.4885 0.7259
1305031463.7276 -1.8040 -0.3487 0.5507 -0.1571 0.4564 0.4862 0.7284
1305031463.7597 -1.7904 -0.3514 0.5214 -0.1563 0.4553 0.4826 0.7317
1305031463.7956 -1.7906 -0.3503 0.5005 -0.1538 0.4584 0.4720 0.7372
1305031463.8278 -1.7825 -0.3488 0.4772 -0.1565 0.4565 0.4637 0.7431
1305031463.8599 -1.7717 -0.3532 0.4539 -0.1590 0.4565 0.4551 0.7478
1305031463.8956 -1.7698 -0.3551 0.4329 -0.1577 0.4584 0.4461 0.7523
1305031463.9277 -1.7650 -0.3579 0.4147 -0.1581 0.4569 0.4410 0.7561
1305031463.9597 -1.7551 -0.3633 0.3946 -0.1579 0.4524 0.4369 0.7613
1305031463.9958 -1.7499 -0.3687 0.3729 -0.1552 0.4497 0.4310 0.7668
1305031464.0277 -1.7476 -0.3727 0.3523 -0.1548 0.4466 0.4242 0.7724
1305031464.0597 -1.7369 -0.3792 0.3314 -0.1572 0.4441 0.4169 0.7773
1305031464.0956 -1.7347 -0.3868 0.3146 -0.1564 0.4462 0.4074 0.7813
1305031464.1277 -1.7353 -0.3941 0.3033 -0.1546 0.4473 0.4020 0.7839
1305031464.1598 -1.7286 -0.4034 0.2934 -0.1505 0.4454 0.3996 0.7869
1305031464.1956 -1.7255 -0.4121 0.2819 -0.1411 0.4421 0.3945 0.7931
1305031464.2276 -1.7320 -0.4161 0.2712 -0.1289 0.4373 0.3892 0.8004
1305031464.2596 -1.7374 -0.4178 0.2593 -0.1188 0.4269 0.3877 0.8083
1305031464.2957 -1.7340 -0.4175 0.2425 -0.1125 0.4111 0.3857 0.8183
1305031464.3279 -1.7268 -0.4156 0.2224 -0.1081 0.3974 0.3821 0.8273
1305031464.3597 -1.7162 -0.4185 0.2038 -0.1039 0.3881 0.3784 0.8339
1305031464.3956 -1.7102 -0.4125 0.1810 -0.0983 0.3820 0.3706 0.8409
1305031464.4276 -1.7066 -0.4101 0.1632 -0.0982 0.3806 0.3614 0.8455
1305031464.4597 -1.7018 -0.4167 0.1475 -0.0986 0.3786 0.3535 0.8497
1305031464.4956 -1.6949 -0.4136 0.1254 -0.0965 0.3753 0.3477 0.8538
1305031464.5276 -1.6945 -0.4142 0.1062 -0.0965 0.3751 0.3401 0.8569
1305031464.5597 -1.6851 -0.4154 0.0858 -0.1012 0.3707 0.3305 0.8621
1305031464.5957 -1.6634 -0.4285 0.0585 -0.1049 0.3713 0.3207 0.8650
1305031464.6277 -1.6555 -0.4332 0.0359 -0.1006 0.3823 0.3090 0.8650
1305031464.6597 -1.6478 -0.4353 0.0195 -0.0976 0.3934 0.2932 0.8659
1305031464.6957 -1.6321 -0.4525 0.0086 -0.0956 0.4036 0.2739 0.8677
1305031464.7277 -1.6347 -0.4569 0.0041 -0.0842 0.4131 0.2523 0.8709
1305031464.7597 -1.6384 -0.4496 -0.0051 -0.0752 0.4137 0.2313 0.8773
1305031464.7960 -1.6321 -0.4573 -0.0024 -0.0733 0.4098 0.2133 0.8839
1305031464.8278 -1.6301 -0.4582 0.0016 -0.0641 0.4006 0.1984 0.8922
1305031464.8597 -1.6267 -0.4440 -0.0079 -0.0558 0.3841 0.1843 0.9030
1305031464.8958 -1.6135 -0.4347 -0.0185 -0.0579 0.3650 0.1680 0.9139
1305031464.9278 -1.5858 -0.4456 -0.0231 -0.0658 0.3488 0.1514 0.9225
1305031464.9598 -1.5608 -0.4511 -0.0261 -0.0673 0.3404 0.1347 0.9282
1305031464.9957 -1.5433 -0.4413 -0.0313 -0.0645 0.3363 0.1161 0.9324
1305031465.0278 -1.5307 -0.4342 -0.0215 -0.0659 0.3347 0.0944 0.9353
1305031465.0597 -1.5327 -0.4102 -0.0039 -0.0608 0.3310 0.0739 0.9388
1305031465.0957 -1.5327 -0.3608 -0.0030 -0.0599 0.3178 0.0604 0.9443
1305031465.1277 -1.5161 -0.3404 0.0039 -0.0769 0.3004 0.0517 0.9493
1305031465.1598 -1.4993 -0.3298 0.0180 -0.0939 0.2859 0.0482 0.9524
1305031465.1956 -1.4808 -0.3163 0.0275 -0.1057 0.2725 0.0453 0.9552
1305031465.2279 -1.4671 -0.2920 0.0332 -0.1147 0.2617 0.0436 0.9573
1305031465.2598 -1.4513 -0.2826 0.0487 -0.1261 0.2523 0.0460 0.9583
1305031465.2956 -1.4424 -0.2634 0.0550 -0.1265 0.2453 0.0564 0.9595
1305031465.3277 -1.4320 -0.2405 0.0605 -0.1268 0.2350 0.0714 0.9610
1305031465.3599 -1.4195 -0.2316 0.0687 -0.1274 0.2222 0.0849 0.9629
1305031465.3956 -1.3995 -0.2191 0.0618 -0.1214 0.2060 0.0975 0.9661
1305031465.4277 -1.3785 -0.2018 0.0499 -0.1134 0.1931 0.1096 0.9684
1305031465.4601 -1.3662 -0.1804 0.0382 -0.1044 0.1844 0.1232 0.9695
1305031465.4957 -1.3524 -0.1562 0.0251 -0.1004 0.1744 0.1342 0.9703
1305031465.5276 -1.3339 -0.1513 0.0193 -0.1020 0.1648 0.1394 0.9711
1305031465.5598 -1.3189 -0.1361 0.0055 -0.0933 0.1577 0.1449 0.9723
1305031465.5956 -1.3050 -0.1153 -0.0116 -0.0844 0.1541 0.1528 0.9725
1305031465.6277 -1.3003 -0.0983 -0.0244 -0.0772 0.1529 0.1610 0.9720
1305031465.6601 -1.2917 -0.0821 -0.0372 -0.0698 0.1456 0.1690 0.9723
1305031465.6957 -1.2718 -0.0599 -0.0545 -0.0606 0.1377 0.1759 0.9728
1305031465.7277 -1.2613 -0.0394 -0.0698 -0.0508 0.1362 0.1836 0.9722
1305031465.7598 -1.2516 -0.0147 -0.0855 -0.0403 0.1335 0.1911 0.9716
1305031465.7959 -1.2372 0.0085 -0.0990 -0.0329 0.1308 0.1967 0.9712
1305031465.8280 -1.2232 0.0261 -0.1124 -0.0235 0.1289 0.2011 0.9708
1305031465.8599 -1.2146 0.0584 -0.1300 -0.0097 0.1289 0.2033 0.9705
1305031465.8955 -1.2001 0.0893 -0.1426 -0.0055 0.1323 0.2049 0.9698
1305031465.9275 -1.1856 0.1069 -0.1534 -0.0021 0.1395 0.2047 0.9688
1305031465.9597 -1.1782 0.1314 -0.1681 0.0071 0.1487 0.2009 0.9682
1305031465.9958 -1.1791 0.1546 -0.1810 0.0127 0.1573 0.1948 0.9681
1305031466.0276 -1.1785 0.1788 -0.1956 0.0181 0.1609 0.1917 0.9680
1305031466.0598 -1.1806 0.2048 -0.2076 0.0176 0.1639 0.1920 0.9675
1305031466.0958 -1.1803 0.2220 -0.2202 0.0130 0.1623 0.1931 0.9676
1305031466.1276 -1.1777 0.2402 -0.2336 0.0084 0.1571 0.1945 0.9682
1305031466.1604 -1.1790 0.2551 -0.2496 0.0045 0.1522 0.1974 0.9684
1305031466.1958 -1.1819 0.2724 -0.2663 -0.0005 0.1437 0.1995 0.9693
1305031466.2280 -1.1728 0.2853 -0.2809 -0.0103 0.1318 0.1981 0.9712
1305031466.2598 -1.1534 0.2914 -0.2975 -0.0154 0.1248 0.1927 0.9732
1305031466.2957 -1.1440 0.3059 -0.3176 -0.0153 0.1279 0.1809 0.9750
1305031466.3277 -1.1423 0.3175 -0.3390 -0.0184 0.1375 0.1710 0.9755
1305031466.3598 -1.1394 0.3249 -0.3567 -0.0266 0.1449 0.1656 0.9751
1305031466.3958 -1.1311 0.3195 -0.3711 -0.0311 0.1475 0.1614 0.9753
1305031466.4278 -1.1325 0.3297 -0.3913 -0.0248 0.1474 0.1558 0.9764
1305031466.4598 -1.1275 0.3441 -0.4094 -0.0239 0.1421 0.1522 0.9778
1305031466.4958 -1.1130 0.3562 -0.4245 -0.0270 0.1362 0.1528 0.9785
1305031466.5275 -1.0933 0.3659 -0.4381 -0.0296 0.1352 0.1535 0.9784
1305031466.5604 -1.0881 0.3795 -0.4547 -0.0317 0.1396 0.1515 0.9780
1305031466.5959 -1.0768 0.3941 -0.4679 -0.0396 0.1381 0.1500 0.9782
1305031466.6275 -1.0479 0.3957 -0.4740 -0.0485 0.1349 0.1477 0.9786
1305031466.6597 -1.0355 0.4032 -0.4900 -0.0444 0.1384 0.1413 0.9792
1305031466.6958 -1.0319 0.4206 -0.5061 -0.0432 0.1386 0.1334 0.9804
1305031466.7281 -1.0131 0.4309 -0.5140 -0.0503 0.1329 0.1258 0.9818
1305031466.7596 -0.9919 0.4326 -0.5194 -0.0510 0.1312 0.1177 0.9830
1305031466.7956 -0.9860 0.4443 -0.5369 -0.0447 0.1312 0.1111 0.9841
1305031466.8279 -0.9753 0.4550 -0.5488 -0.0464 0.1263 0.1091 0.9849
1305031466.8597 -0.9631 0.4561 -0.5523 -0.0483 0.1203 0.1102 0.9854
1305031466.8957 -0.9521 0.4603 -0.5651 -0.0435 0.1090 0.1094 0.9871
1305031466.9278 -0.9385 0.4672 -0.5766 -0.0407 0.0945 0.1081 0.9888
1305031466.9597 -0.9222 0.4732 -0.5834 -0.0383 0.0842 0.1074 0.9899
1305031466.9957 -0.9084 0.4790 -0.5951 -0.0369 0.0789 0.1049 0.9907
1305031467.0278 -0.8962 0.4844 -0.6048 -0.0364 0.0745 0.1011 0.9914
1305031467.0597 -0.8833 0.4908 -0.6156 -0.0359 0.0713 0.0979 0.9920
1305031467.0957 -0.8717 0.4965 -0.6269 -0.0384 0.0691 0.0936 0.9925
1305031467.1290 -0.8612 0.5011 -0.6323 -0.0389 0.0656 0.0833 0.9936
1305031467.1597 -0.8510 0.5063 -0.6411 -0.0376 0.0623 0.0755 0.9945
1305031467.1957 -0.8429 0.5103 -0.6504 -0.0364 0.0578 0.0709 0.9951
1305031467.2277 -0.8339 0.5149 -0.6582 -0.0352 0.0512 0.0655 0.9959
1305031467.2597 -0.8237 0.5199 -0.6649 -0.0331 0.0460 0.0607 0.9965
1305031467.2958 -0.8151 0.5242 -0.6750 -0.0312 0.0410 0.0542 0.9972
1305031467.3280 -0.8055 0.5289 -0.6863 -0.0298 0.0352 0.0499 0.9977
1305031467.3597 -0.7958 0.5352 -0.6983 -0.0314 0.0281 0.0495 0.9979
1305031467.3958 -0.7869 0.5421 -0.7057 -0.0353 0.0202 0.0457 0.9981
1305031467.4278 -0.7771 0.5470 -0.7118 -0.0359 0.0143 0.0426 0.9983
1305031467.4597 -0.7673 0.5504 -0.7245 -0.0353 0.0076 0.0413 0.9985
1305031467.4961 -0.7582 0.5557 -0.7388 -0.0387 0.0002 0.0376 0.9985
1305031467.5277 -0.7475 0.5648 -0.7409 -0.0422 -0.0039 0.0323 0.9986
1305031467.5598 -0.7352 0.5687 -0.7454 -0.0417 -0.0052 0.0300 0.9987
1305031467.5960 -0.7242 0.5710 -0.7535 -0.0417 -0.0070 0.0318 0.9986
1305031467.6275 -0.7139 0.5682 -0.7527 -0.0394 -0.0110 0.0344 0.9986
1305031467.6596 -0.7005 0.5706 -0.7593 -0.0312 -0.0151 0.0367 0.9987
1305031467.6959 -0.6890 0.5723 -0.7630 -0.0282 -0.0181 0.0340 0.9989
1305031467.7275 -0.6764 0.5708 -0.7548 -0.0243 -0.0200 0.0278 0.9991
1305031467.7599 -0.6639 0.5711 -0.7524 -0.0178 -0.0214 0.0249 0.9993
1305031467.7961 -0.6522 0.5750 -0.7457 -0.0126 -0.0235 0.0213 0.9994
1305031467.8278 -0.6409 0.5739 -0.7260 -0.0066 -0.0253 0.0199 0.9995
1305031467.8597 -0.6296 0.5722 -0.7157 0.0022 -0.0283 0.0216 0.9994
1305031467.8959 -0.6214 0.5737 -0.7093 0.0092 -0.0337 0.0207 0.9992
1305031467.9278 -0.6091 0.5712 -0.6917 0.0136 -0.0410 0.0175 0.9989
1305031467.9598 -0.5952 0.5662 -0.6772 0.0208 -0.0454 0.0154 0.9986
1305031467.9958 -0.5834 0.5719 -0.6723 0.0258 -0.0466 0.0121 0.9985
1305031468.0281 -0.5725 0.5650 -0.6470 0.0238 -0.0473 0.0089 0.9986
1305031468.0598 -0.5628 0.5566 -0.6292 0.0284 -0.0483 0.0053 0.9984
1305031468.0959 -0.5508 0.5574 -0.6213 0.0323 -0.0511 0.0029 0.9982
1305031468.1278 -0.5380 0.5501 -0.5997 0.0313 -0.0537 0.0021 0.9981
1305031468.1599 -0.5248 0.5442 -0.5848 0.0336 -0.0555 -0.0015 0.9979
1305031468.1960 -0.5114 0.5406 -0.5697 0.0339 -0.0563 -0.0049 0.9978
1305031468.2282 -0.4983 0.5307 -0.5520 0.0324 -0.0556 -0.0045 0.9979
1305031468.2598 -0.4839 0.5222 -0.5370 0.0323 -0.0539 -0.0029 0.9980
1305031468.2958 -0.4733 0.5135 -0.5214 0.0318 -0.0509 -0.0033 0.9982
1305031468.3278 -0.4601 0.4979 -0.5054 0.0327 -0.0482 -0.0016 0.9983
1305031468.3598 -0.4487 0.4919 -0.4989 0.0371 -0.0441 0.0021 0.9983
1305031468.3959 -0.4413 0.4873 -0.4918 0.0361 -0.0420 0.0024 0.9985
1305031468.4280 -0.4296 0.4661 -0.4814 0.0301 -0.0428 0.0032 0.9986
1305031468.4598 -0.4152 0.4513 -0.4765 0.0288 -0.0441 0.0063 0.9986
1305031468.4958 -0.4052 0.4419 -0.4678 0.0269 -0.0432 0.0062 0.9987
1305031468.5278 -0.3995 0.4200 -0.4569 0.0242 -0.0415 0.0004 0.9988
1305031468.5597 -0.3951 0.4028 -0.4507 0.0289 -0.0409 -0.0090 0.9987
1305031468.5958 -0.3919 0.3937 -0.4539 0.0314 -0.0410 -0.0154 0.9985
1305031468.6276 -0.3908 0.3801 -0.4426 0.0262 -0.0429 -0.0162 0.9986
1305031468.6596 -0.3891 0.3519 -0.4348 0.0219 -0.0465 -0.0167 0.9985
1305031468.6958 -0.3871 0.3342 -0.4290 0.0265 -0.0524 -0.0209 0.9981
1305031468.7278 -0.3847 0.3228 -0.4234 0.0322 -0.0581 -0.0227 0.9975
1305031468.7596 -0.3817 0.3098 -0.4160 0.0342 -0.0628 -0.0234 0.9972
1305031468.7958 -0.3769 0.2888 -0.4070 0.0363 -0.0657 -0.0284 0.9968
1305031468.8292 -0.3769 0.2762 -0.4021 0.0437 -0.0666 -0.0360 0.9962
1305031468.8597 -0.3710 0.2740 -0.3970 0.0472 -0.0671 -0.0406 0.9958
1305031468.8959 -0.3678 0.2620 -0.3889 0.0430 -0.0631 -0.0418 0.9962
1305031468.9281 -0.3681 0.2531 -0.3822 0.0385 -0.0574 -0.0384 0.9969
1305031468.9596 -0.3704 0.2517 -0.3802 0.0328 -0.0516 -0.0345 0.9975
1305031468.9957 -0.3779 0.2598 -0.3780 0.0208 -0.0486 -0.0367 0.9979
1305031469.0277 -0.3776 0.2468 -0.3659 -0.0005 -0.0492 -0.0400 0.9980
1305031469.0598 -0.3811 0.2337 -0.3572 -0.0162 -0.0496 -0.0446 0.9976
1305031469.0957 -0.3722 0.2338 -0.3477 -0.0276 -0.0531 -0.0527 0.9968
1305031469.1277 -0.3638 0.2264 -0.3334 -0.0430 -0.0510 -0.0608 0.9959
1305031469.1597 -0.3607 0.2208 -0.3209 -0.0556 -0.0448 -0.0666 0.9952
1305031469.1955 -0.3612 0.2127 -0.3067 -0.0666 -0.0369 -0.0710 0.9946
1305031469.2278 -0.3672 0.2078 -0.2959 -0.0730 -0.0302 -0.0738 0.9941
1305031469.2596 -0.3655 0.2082 -0.2843 -0.0786 -0.0287 -0.0769 0.9935
1305031469.2968 -0.3641 0.2081 -0.2712 -0.0843 -0.0252 -0.0786 0.9930
1305031469.3276 -0.3646 0.2122 -0.2606 -0.0894 -0.0227 -0.0796 0.9926
1305031469.3596 -0.3537 0.2137 -0.2445 -0.0975 -0.0220 -0.0828 0.9915
1305031469.3957 -0.3487 0.2129 -0.2291 -0.1025 -0.0125 -0.0883 0.9907
1305031469.4277 -0.3504 0.2213 -0.2185 -0.1033 -0.0005 -0.0951 0.9901
1305031469.4597 -0.3549 0.2292 -0.2040 -0.1058 0.0095 -0.1029 0.9890
1305031469.4957 -0.3638 0.2370 -0.1889 -0.1074 0.0167 -0.1071 0.9883
1305031469.5276 -0.3655 0.2472 -0.1794 -0.1099 0.0164 -0.1067 0.9881
1305031469.5596 -0.3634 0.2576 -0.1670 -0.1153 0.0140 -0.1057 0.9876
1305031469.5958 -0.3608 0.2690 -0.1555 -0.1218 0.0116 -0.1033 0.9871
1305031469.6278 -0.3608 0.2777 -0.1421 -0.1318 0.0117 -0.1011 0.9860
1305031469.6596 -0.3649 0.2852 -0.1260 -0.1389 0.0154 -0.1006 0.9851
1305031469.6956 -0.3653 0.2975 -0.1149 -0.1427 0.0180 -0.0987 0.9847
1305031469.7277 -0.3684 0.3086 -0.1023 -0.1484 0.0221 -0.0965 0.9840
1305031469.7596 -0.3743 0.3216 -0.0921 -0.1538 0.0264 -0.0930 0.9834
1305031469.7956 -0.3852 0.3349 -0.0772 -0.1599 0.0292 -0.0901 0.9826
1305031469.8275 -0.3912 0.3460 -0.0672 -0.1648 0.0271 -0.0867 0.9821
1305031469.8596 -0.4012 0.3595 -0.0560 -0.1706 0.0258 -0.0831 0.9815
1305031469.8958 -0.4121 0.3713 -0.0451 -0.1754 0.0253 -0.0798 0.9809
1305031469.9279 -0.4254 0.3817 -0.0335 -0.1799 0.0251 -0.0765 0.9804
1305031469.9598 -0.4374 0.3938 -0.0244 -0.1809 0.0225 -0.0738 0.9805
1305031469.9956 -0.4498 0.4054 -0.0166 -0.1823 0.0209 -0.0712 0.9804
1305031470.0277 -0.4629 0.4158 -0.0109 -0.1846 0.0187 -0.0700 0.9801
1305031470.0596 -0.4771 0.4271 -0.0042 -0.1865 0.0182 -0.0690 0.9799
1305031470.0959 -0.4917 0.4385 0.0000 -0.1868 0.0188 -0.0667 0.9799
1305031470.1276 -0.5056 0.4487 0.0029 -0.1900 0.0182 -0.0634 0.9796
1305031470.1596 -0.5228 0.4591 0.0091 -0.1925 0.0184 -0.0599 0.9793
1305031470.1961 -0.5382 0.4675 0.0113 -0.1937 0.0173 -0.0565 0.9793
1305031470.2276 -0.5527 0.4752 0.0135 -0.1970 0.0167 -0.0524 0.9789
1305031470.2600 -0.5681 0.4831 0.0164 -0.2010 0.0167 -0.0488 0.9782
1305031470.2957 -0.5835 0.4919 0.0187 -0.2053 0.0169 -0.0454 0.9775
1305031470.3276 -0.6005 0.4996 0.0224 -0.2111 0.0173 -0.0416 0.9764
1305031470.3596 -0.6180 0.5063 0.0259 -0.2153 0.0169 -0.0360 0.9757
1305031470.3958 -0.6343 0.5125 0.0290 -0.2183 0.0156 -0.0319 0.9752
1305031470.4276 -0.6499 0.5173 0.0327 -0.2197 0.0134 -0.0327 0.9749
1305031470.4597 -0.6662 0.5210 0.0354 -0.2193 0.0127 -0.0331 0.9750
1305031470.4957 -0.6802 0.5247 0.0370 -0.2177 0.0107 -0.0314 0.9754
1305031470.5277 -0.6932 0.5275 0.0381 -0.2175 0.0092 -0.0312 0.9755
1305031470.5597 -0.7073 0.5320 0.0403 -0.2175 0.0104 -0.0304 0.9755
1305031470.5958 -0.7208 0.5324 0.0422 -0.2194 0.0116 -0.0273 0.9752
1305031470.6277 -0.7309 0.5420 0.0449 -0.2157 0.0105 -0.0223 0.9762
1305031470.6597 -0.7426 0.5482 0.0476 -0.2133 0.0109 -0.0180 0.9768
1305031470.6956 -0.7547 0.5520 0.0511 -0.2141 0.0105 -0.0144 0.9766
1305031470.7277 -0.7642 0.5530 0.0561 -0.2137 0.0092 -0.0122 0.9768
1305031470.7597 -0.7709 0.5524 0.0555 -0.2151 0.0110 -0.0080 0.9765
1305031470.7956 -0.7818 0.5563 0.0603 -0.2154 0.0165 -0.0039 0.9764
1305031470.8278 -0.7923 0.5572 0.0643 -0.2109 0.0185 -0.0001 0.9773
1305031470.8596 -0.8016 0.5565 0.0660 -0.2051 0.0192 0.0039 0.9785
1305031470.8957 -0.8127 0.5558 0.0667 -0.1998 0.0205 0.0083 0.9796
1305031470.9277 -0.8220 0.5549 0.0702 -0.1938 0.0186 0.0116 0.9808
1305031470.9596 -0.8299 0.5517 0.0721 -0.1835 0.0163 0.0136 0.9828
1305031470.9960 -0.8363 0.5513 0.0713 -0.1729 0.0160 0.0154 0.9847
1305031471.0276 -0.8427 0.5476 0.0729 -0.1642 0.0183 0.0164 0.9861
1305031471.0596 -0.8524 0.5440 0.0732 -0.1544 0.0242 0.0192 0.9875
1305031471.0958 -0.8621 0.5426 0.0724 -0.1444 0.0285 0.0247 0.9888
1305031471.1277 -0.8688 0.5390 0.0730 -0.1375 0.0293 0.0305 0.9896
1305031471.1596 -0.8746 0.5365 0.0712 -0.1308 0.0312 0.0362 0.9903
1305031471.1957 -0.8803 0.5349 0.0704 -0.1274 0.0347 0.0420 0.9904
1305031471.2276 -0.8877 0.5330 0.0714 -0.1266 0.0391 0.0468 0.9901
1305031471.2597 -0.8933 0.5288 0.0737 -0.1278 0.0410 0.0502 0.9897
1305031471.2961 -0.8971 0.5241 0.0758 -0.1274 0.0429 0.0545 0.9894
1305031471.3276 -0.8992 0.5221 0.0741 -0.1238 0.0465 0.0575 0.9895
1305031471.3596 -0.9031 0.5216 0.0727 -0.1233 0.0543 0.0597 0.9891
1305031471.3957 -0.9097 0.5141 0.0760 -0.1256 0.0633 0.0641 0.9880
1305031471.4277 -0.9184 0.5105 0.0744 -0.1218 0.0691 0.0704 0.9876
1305031471.4596 -0.9235 0.5096 0.0720 -0.1197 0.0695 0.0754 0.9875
1305031471.4965 -0.9280 0.5067 0.0722 -0.1208 0.0706 0.0799 0.9869
1305031471.5276 -0.9326 0.5046 0.0712 -0.1204 0.0719 0.0844 0.9865
1305031471.5597 -0.9352 0.5042 0.0694 -0.1200 0.0733 0.0866 0.9863
1305031471.5957 -0.9383 0.5013 0.0675 -0.1212 0.0779 0.0892 0.9855
1305031471.6276 -0.9412 0.4961 0.0646 -0.1237 0.0826 0.0916 0.9846
1305031471.6596 -0.9443 0.4898 0.0619 -0.1258 0.0878 0.0945 0.9836
1305031471.6956 -0.9443 0.4864 0.0578 -0.1265 0.0894 0.0985 0.9830
1305031471.7275 -0.9465 0.4839 0.0543 -0.1280 0.0927 0.1021 0.9821
1305031471.7597 -0.9499 0.4839 0.0518 -0.1281 0.0985 0.1086 0.9809
1305031471.7958 -0.9519 0.4840 0.0492 -0.1273 0.1022 0.1113 0.9803
1305031471.8276 -0.9536 0.4808 0.0457 -0.1325 0.1087 0.1208 0.9778
1305031471.8597 -0.9539 0.4837 0.0453 -0.1321 0.1092 0.1246 0.9773
1305031471.8956 -0.9553 0.4843 0.0447 -0.1321 0.1101 0.1251 0.9771
1305031471.9277 -0.9564 0.4836 0.0442 -0.1333 0.1114 0.1258 0.9767
1305031471.9596 -0.9571 0.4858 0.0427 -0.1323 0.1120 0.1253 0.9769
1305031471.9956 -0.9574 0.4848 0.0415 -0.1333 0.1127 0.1257 0.9766
1305031472.0276 -0.9580 0.4844 0.0398 -0.1339 0.1136 0.1263 0.9763
1305031472.0597 -0.9788 0.4954 0.0369 -0.1433 0.1402 0.1441 0.9690
1305031472.0956 -0.9790 0.4959 0.0366 -0.1430 0.1404 0.1446 0.9690
1305031472.1276 -0.9798 0.4965 0.0361 -0.1433 0.1409 0.1455 0.9687
1305031472.1596 -0.9902 0.4989 0.0442 -0.1494 0.1472 0.1548 0.9654
1305031472.1957 -0.9957 0.4949 0.0478 -0.1484 0.1519 0.1583 0.9643
1305031472.2276 -1.0018 0.4965 0.0488 -0.1444 0.1560 0.1596 0.9640
1305031472.2638 -1.0101 0.4953 0.0545 -0.1417 0.1637 0.1565 0.9637
1305031472.2957 -1.0117 0.4903 0.0554 -0.1379 0.1677 0.1573 0.9634
1305031472.3277 -1.0497 0.4706 0.0623 -0.1450 0.1987 0.1416 0.9589
1305031472.3636 -1.0521 0.4702 0.0622 -0.1445 0.1994 0.1426 0.9587
1305031472.3956 -1.0518 0.4680 0.0648 -0.1444 0.1975 0.1441 0.9588
1305031472.4277 -1.0511 0.4655 0.0656 -0.1425 0.1947 0.1444 0.9597
1305031472.4636 -1.0494 0.4639 0.0643 -0.1406 0.1930 0.1434 0.9604
1305031472.4956 -1.0483 0.4623 0.0635 -0.1412 0.1946 0.1430 0.9601
1305031472.5276 -1.0456 0.4582 0.0662 -0.1420 0.1959 0.1434 0.9596
1305031472.5636 -1.0437 0.4535 0.0665 -0.1380 0.1960 0.1442 0.9601
1305031472.5957 -1.0442 0.4531 0.0628 -0.1324 0.1960 0.1462 0.9606
1305031472.6277 -1.0412 0.4506 0.0626 -0.1324 0.1946 0.1482 0.9605
1305031472.6636 -1.0375 0.4475 0.0636 -0.1322 0.1936 0.1495 0.9606
1305031472.6958 -1.0343 0.4446 0.0638 -0.1306 0.1928 0.1507 0.9608
1305031472.7276 -1.0310 0.4419 0.0639 -0.1285 0.1918 0.1503 0.9613
1305031472.7636 -1.0281 0.4404 0.0633 -0.1268 0.1916 0.1487 0.9618
1305031472.7956 -1.0257 0.4371 0.0645 -0.1264 0.1928 0.1468 0.9619
1305031472.8276 -1.0250 0.4356 0.0655 -0.1239 0.1945 0.1460 0.9620
1305031472.8636 -1.0256 0.4348 0.0661 -0.1213 0.1958 0.1467 0.9620
1305031472.8957 -1.0258 0.4346 0.0669 -0.1202 0.1953 0.1488 0.9619
1305031472.9277 -1.0225 0.4331 0.0682 -0.1206 0.1934 0.1507 0.9619
1305031472.9638 -1.0223 0.4338 0.0686 -0.1191 0.1940 0.1518 0.9618
1305031472.9957 -1.0222 0.4332 0.0700 -0.1198 0.1935 0.1529 0.9617
1305031473.0276 -1.0213 0.4331 0.0704 -0.1202 0.1917 0.1532 0.9619
1305031473.0637 -1.0187 0.4318 0.0711 -0.1217 0.1900 0.1523 0.9622
1305031473.0957 -1.0181 0.4320 0.0712 -0.1213 0.1909 0.1503 0.9624
1305031473.1277 -1.0188 0.4306 0.0725 -0.1225 0.1924 0.1488 0.9622
1305031473.1671 -1.0189 0.4291 0.0734 -0.1221 0.1922 0.1484 0.9624
1305031473.1961 -1.0186 0.4288 0.0727 -0.1207 0.1916 0.1481 0.9627
