1305031453.4237 -0.0011 0.0105 -0.0105 0.0044 0.0056 0.0101 0.9999
1305031453.4597 0.0026 0.0098 -0.0211 0.0065 0.0125 0.0172 0.9998
1305031453.4917 0.0097 0.0160 -0.0315 0.0114 0.0179 0.0291 0.9994
1305031453.5237 -0.0144 0.0295 -0.0359 0.0213 0.0318 0.0382 0.9985
1305031453.5598 -0.0067 0.0304 -0.0498 0.0243 0.0310 0.0414 0.9984
1305031453.5916 -0.0186 0.0535 -0.0679 0.0402 0.0389 0.0491 0.9972
1305031453.6277 -0.0190 0.0585 -0.0749 0.0447 0.0388 0.0525 0.9969
1305031453.6596 -0.0255 0.0744 -0.0813 0.0582 0.0374 0.0554 0.9961
1305031453.6917 -0.0121 0.0795 -0.0859 0.0649 0.0241 0.0493 0.9964
1305031453.7277 -0.0226 0.0853 -0.0949 0.0676 0.0217 0.0448 0.9965
1305031453.7597 -0.0311 0.0826 -0.0958 0.0693 0.0130 0.0383 0.9968
1305031453.7917 -0.0411 0.0874 -0.1073 0.0736 0.0045 0.0267 0.9969
1305031453.8278 -0.0442 0.0906 -0.1155 0.0747 -0.0038 0.0205 0.9970
1305031453.8597 -0.0541 0.0909 -0.1167 0.0749 -0.0164 0.0136 0.9970
1305031453.8917 -0.0586 0.1020 -0.1365 0.0761 -0.0341 0.0116 0.9964
1305031453.9277 -0.0737 0.1099 -0.1288 0.0759 -0.0513 0.0066 0.9958
1305031453.9596 -0.0950 0.1097 -0.1160 0.0745 -0.0622 -0.0016 0.9953
1305031453.9916 -0.1115 0.1176 -0.1141 0.0758 -0.0713 -0.0127 0.9945
1305031454.0277 -0.1354 0.1136 -0.1060 0.0769 -0.0798 -0.0206 0.9936
1305031454.0597 -0.1518 0.1228 -0.0932 0.0818 -0.0892 -0.0279 0.9923
1305031454.0917 -0.1826 0.1293 -0.0719 0.0848 -0.0959 -0.0345 0.9912
1305031454.1277 -0.2129 0.1237 -0.0681 0.0829 -0.1022 -0.0460 0.9902
1305031454.1597 -0.2483 0.1513 -0.0584 0.0941 -0.1066 -0.0528 0.9884
1305031454.1917 -0.2915 0.1756 -0.0384 0.1021 -0.1111 -0.0600 0.9867
1305031454.2277 -0.3255 0.1690 -0.0204 0.1009 -0.1186 -0.0760 0.9849
1305031454.2596 -0.3433 0.1784 -0.0231 0.1078 -0.1265 -0.0872 0.9822
1305031454.2916 -0.3593 0.1996 -0.0107 0.1137 -0.1309 -0.0965 0.9801
1305031454.3277 -0.3924 0.2029 -0.0066 0.1135 -0.1317 -0.1098 0.9786
1305031454.3596 -0.4187 0.2316 -0.0024 0.1286 -0.1333 -0.1224 0.9751
1305031454.3917 -0.4486 0.2529 0.0048 0.1366 -0.1312 -0.1331 0.9728
1305031454.4275 -0.4818 0.2701 0.0186 0.1416 -0.1317 -0.1423 0.9707
1305031454.4599 -0.5008 0.2823 0.0258 0.1462 -0.1352 -0.1569 0.9673
1305031454.4916 -0.5155 0.2945 0.0327 0.1508 -0.1355 -0.1718 0.9640
1305031454.5277 -0.5383 0.3143 0.0486 0.1556 -0.1336 -0.1837 0.9613
1305031454.5596 -0.5613 0.3281 0.0608 0.1551 -0.1337 -0.1960 0.9590
1305031454.5916 -0.5922 0.3418 0.0774 0.1557 -0.1323 -0.2110 0.9559
1305031454.6276 -0.6074 0.3534 0.0869 0.1562 -0.1396 -0.2224 0.9522
1305031454.6595 -0.6278 0.3803 0.1077 0.1593 -0.1440 -0.2263 0.9501
1305031454.6919 -0.6534 0.3955 0.1236 0.1596 -0.1479 -0.2303 0.9485
1305031454.7277 -0.6620 0.4009 0.1274 0.1575 -0.1575 -0.2369 0.9457
1305031454.7597 -0.6555 0.4021 0.1390 0.1534 -0.1685 -0.2305 0.9460
1305031454.7916 -0.6538 0.4047 0.1470 0.1524 -0.1722 -0.2270 0.9464
1305031454.8276 -0.6533 0.4082 0.1505 0.1505 -0.1730 -0.2240 0.9472
1305031454.8596 -0.6546 0.4008 0.1571 0.1390 -0.1724 -0.2159 0.9510
1305031454.8918 -0.6523 0.4012 0.1614 0.1331 -0.1716 -0.2097 0.9534
1305031454.9276 -0.6509 0.4003 0.1579 0.1280 -0.1685 -0.2031 0.9560
1305031454.9596 -0.6452 0.3979 0.1629 0.1215 -0.1696 -0.1946 0.9584
1305031454.9919 -0.6480 0.4007 0.1628 0.1189 -0.1687 -0.1894 0.9600
1305031455.0278 -0.6479 0.4035 0.1674 0.1177 -0.1701 -0.1860 0.9605
1305031455.0596 -0.6468 0.4063 0.1651 0.1166 -0.1695 -0.1836 0.9612
1305031455.0917 -0.6514 0.4085 0.1626 0.1168 -0.1671 -0.1838 0.9616
1305031455.1277 -0.6563 0.4123 0.1598 0.1168 -0.1638 -0.1836 0.9622
1305031455.1597 -0.6643 0.4261 0.1589 0.1203 -0.1595 -0.1807 0.9630
1305031455.1917 -0.6660 0.4265 0.1650 0.1174 -0.1608 -0.1750 0.9642
1305031455.2276 -0.6713 0.4218 0.1652 0.1137 -0.1604 -0.1720 0.9653
1305031455.2596 -0.6766 0.4257 0.1676 0.1116 -0.1588 -0.1672 0.9666
1305031455.2918 -0.6806 0.4216 0.1733 0.1029 -0.1592 -0.1576 0.9691
1305031455.3278 -0.6987 0.4364 0.1763 0.1022 -0.1559 -0.1449 0.9717
1305031455.3596 -0.6988 0.4457 0.1841 0.0990 -0.1584 -0.1374 0.9727
1305031455.3917 -0.7006 0.4435 0.1970 0.0898 -0.1592 -0.1274 0.9749
1305031455.4276 -0.7093 0.4525 0.2025 0.0876 -0.1570 -0.1168 0.9768
1305031455.4596 -0.7256 0.4527 0.1961 0.0842 -0.1520 -0.1101 0.9786
1305031455.4916 -0.7407 0.4594 0.1904 0.0830 -0.1481 -0.1025 0.9801
1305031455.5276 -0.7592 0.4554 0.1848 0.0776 -0.1454 -0.0901 0.9822
1305031455.5597 -0.7764 0.4594 0.1792 0.0776 -0.1475 -0.0772 0.9830
1305031455.5916 -0.7995 0.4763 0.1752 0.0827 -0.1456 -0.0642 0.9838
1305031455.6276 -0.8225 0.4771 0.1701 0.0818 -0.1414 -0.0568 0.9849
1305031455.6596 -0.8433 0.4782 0.1686 0.0854 -0.1381 -0.0514 0.9854
1305031455.6916 -0.8633 0.4841 0.1586 0.0905 -0.1325 -0.0536 0.9856
1305031455.7276 -0.8755 0.4811 0.1577 0.0902 -0.1301 -0.0571 0.9857
1305031455.7597 -0.8831 0.4819 0.1504 0.0914 -0.1269 -0.0583 0.9860
1305031455.7917 -0.8921 0.4771 0.1449 0.0923 -0.1241 -0.0576 0.9863
1305031455.8276 -0.9047 0.4744 0.1397 0.0931 -0.1211 -0.0586 0.9865
1305031455.8595 -0.9144 0.4738 0.1324 0.0939 -0.1186 -0.0606 0.9866
1305031455.8917 -0.9229 0.4719 0.1268 0.0940 -0.1161 -0.0610 0.9869
1305031455.9280 -0.9283 0.4701 0.1214 0.0931 -0.1144 -0.0616 0.9871
1305031455.9597 -0.9327 0.4710 0.1161 0.0939 -0.1132 -0.0625 0.9872
1305031455.9917 -0.9362 0.4698 0.1121 0.0927 -0.1114 -0.0624 0.9875
1305031456.0278 -0.9396 0.4710 0.1031 0.0895 -0.1080 -0.0656 0.9879
1305031456.0597 -0.9499 0.4564 0.0969 0.0780 -0.1030 -0.0743 0.9888
1305031456.0917 -0.9553 0.4514 0.0944 0.0745 -0.1008 -0.0764 0.9892
1305031456.1276 -0.9602 0.4472 0.0936 0.0729 -0.0987 -0.0766 0.9895
1305031456.1597 -0.9616 0.4421 0.0936 0.0721 -0.0974 -0.0747 0.9898
1305031456.1917 -0.9551 0.4355 0.1011 0.0765 -0.0988 -0.0674 0.9899
1305031456.2277 -0.9465 0.4188 0.0878 0.0716 -0.0952 -0.0609 0.9910
1305031456.2917 -0.9623 0.4075 0.0963 0.0728 -0.0753 -0.0528 0.9931
1305031456.3277 -0.9536 0.3823 0.1010 0.0678 -0.0743 -0.0420 0.9940
1305031456.3916 -0.9439 0.3574 0.1106 0.0646 -0.0631 -0.0281 0.9955
1305031456.4277 -0.9474 0.3510 0.1140 0.0687 -0.0576 -0.0178 0.9958
1305031456.4917 -0.9792 0.3688 0.1348 0.0695 -0.0532 -0.0025 0.9962
1305031456.5276 -0.9986 0.3791 0.1561 0.0712 -0.0529 0.0025 0.9961
1305031456.5917 -1.0220 0.3836 0.1705 0.0728 -0.0488 0.0106 0.9961
1305031456.6276 -1.0293 0.3916 0.1799 0.0616 -0.0462 0.0152 0.9969
1305031456.6916 -1.0497 0.3673 0.2030 0.0473 -0.0423 0.0311 0.9975
1305031456.7277 -1.0727 0.3905 0.2132 0.0515 -0.0387 0.0437 0.9970
1305031456.7916 -1.1172 0.3833 0.2297 0.0520 -0.0420 0.0530 0.9964
1305031456.8276 -1.1132 0.3847 0.2413 0.0491 -0.0525 0.0602 0.9956
1305031456.8917 -1.1383 0.3741 0.2601 0.0395 -0.0470 0.0701 0.9956
1305031456.9277 -1.1421 0.3726 0.2655 0.0412 -0.0454 0.0746 0.9953
1305031456.9597 -1.1565 0.3804 0.2714 0.0418 -0.0395 0.0799 0.9951
1305031456.9917 -1.1672 0.3760 0.2810 0.0323 -0.0362 0.0885 0.9949
1305031457.0276 -1.1889 0.3756 0.2846 0.0316 -0.0282 0.0906 0.9950
1305031457.0917 -1.2126 0.3804 0.2911 0.0206 -0.0189 0.1012 0.9945
1305031457.1276 -1.2151 0.3733 0.2919 0.0165 -0.0177 0.1030 0.9944
1305031457.1917 -1.2500 0.3677 0.2807 0.0148 0.0019 0.1187 0.9928
1305031457.2275 -1.2666 0.3642 0.2766 0.0109 0.0100 0.1241 0.9922
1305031457.2917 -1.2805 0.3549 0.2591 0.0194 0.0203 0.1373 0.9901
1305031457.3275 -1.2938 0.3565 0.2524 0.0211 0.0297 0.1422 0.9892
1305031457.3917 -1.3227 0.3463 0.2363 0.0245 0.0520 0.1593 0.9856
1305031457.4276 -1.3436 0.3362 0.2244 0.0230 0.0624 0.1636 0.9843
1305031457.4917 -1.3802 0.3164 0.2138 0.0198 0.0727 0.1705 0.9825
1305031457.5276 -1.3824 0.3219 0.1967 0.0289 0.0711 0.1757 0.9814
1305031457.5597 -1.3932 0.3231 0.1914 0.0331 0.0758 0.1779 0.9806
1305031457.5917 -1.4119 0.3226 0.1808 0.0390 0.0819 0.1851 0.9785
1305031457.6275 -1.4235 0.3108 0.1780 0.0359 0.0861 0.1860 0.9781
1305031457.6596 -1.4475 0.2934 0.1688 0.0330 0.0928 0.1897 0.9769
1305031457.6916 -1.4591 0.2964 0.1720 0.0335 0.0941 0.1917 0.9764
1305031457.7277 -1.4751 0.2824 0.1688 0.0309 0.0965 0.1907 0.9764
1305031457.7596 -1.4902 0.2761 0.1647 0.0333 0.1005 0.1872 0.9766
1305031457.7916 -1.4851 0.2481 0.1550 0.0342 0.1016 0.1853 0.9768
1305031457.8277 -1.4924 0.2661 0.1460 0.0511 0.1059 0.1907 0.9746
1305031457.8596 -1.5007 0.2571 0.1380 0.0511 0.1117 0.1932 0.9734
1305031457.8916 -1.5189 0.2429 0.1367 0.0598 0.1230 0.1902 0.9722
1305031457.9276 -1.5344 0.2300 0.1326 0.0704 0.1300 0.1941 0.9698
1305031457.9916 -1.5564 0.2003 0.1268 0.0772 0.1334 0.1997 0.9677
1305031458.0278 -1.5572 0.1865 0.1301 0.0855 0.1362 0.2002 0.9665
1305031458.0597 -1.5623 0.1899 0.1364 0.0949 0.1389 0.2032 0.9646
1305031458.0917 -1.5681 0.1820 0.1371 0.0930 0.1411 0.2039 0.9643
1305031458.1276 -1.5794 0.1726 0.1355 0.0912 0.1445 0.2044 0.9639
1305031458.1596 -1.5910 0.1603 0.1498 0.0902 0.1474 0.2056 0.9632
1305031458.1916 -1.5964 0.1550 0.1718 0.0915 0.1458 0.2092 0.9626
1305031458.2276 -1.6049 0.1402 0.1989 0.0851 0.1452 0.2104 0.9630
1305031458.2599 -1.6161 0.0837 0.2304 0.0710 0.1478 0.1995 0.9661
1305031458.2917 -1.6231 0.0921 0.2565 0.0849 0.1453 0.1985 0.9655
1305031458.3276 -1.6432 0.0914 0.2996 0.0914 0.1442 0.1982 0.9652
1305031458.3596 -1.6310 0.0666 0.3337 0.0928 0.1373 0.2009 0.9655
1305031458.3916 -1.6433 0.0779 0.3652 0.1109 0.1387 0.2013 0.9633
1305031458.4276 -1.6502 0.0782 0.3961 0.1212 0.1384 0.2106 0.9601
1305031458.4596 -1.6223 0.0515 0.3861 0.1225 0.1328 0.2177 0.9591
1305031458.4917 -1.6152 0.0374 0.3846 0.1355 0.1372 0.2172 0.9569
1305031458.5277 -1.6327 0.0279 0.3841 0.1495 0.1482 0.2175 0.9531
1305031458.5596 -1.6398 0.0267 0.3926 0.1541 0.1541 0.2152 0.9519
1305031458.5916 -1.6424 0.0104 0.3990 0.1556 0.1585 0.2094 0.9523
1305031458.6277 -1.6505 0.0131 0.4103 0.1579 0.1603 0.2053 0.9525
1305031458.6596 -1.6593 0.0044 0.4490 0.1538 0.1585 0.2086 0.9527
1305031458.6917 -1.6529 0.0010 0.5075 0.1522 0.1467 0.2012 0.9565
1305031458.7276 -1.6350 -0.0010 0.5570 0.1556 0.1312 0.1998 0.9585
1305031458.7599 -1.6222 0.0043 0.5933 0.1651 0.1159 0.1849 0.9618
1305031458.7916 -1.6283 0.0048 0.6372 0.1689 0.1102 0.1761 0.9635
1305031458.8276 -1.6018 -0.0104 0.6586 0.1588 0.0960 0.1741 0.9671
1305031458.8917 -1.6122 -0.0178 0.6882 0.1670 0.0980 0.1614 0.9677
1305031458.9276 -1.6114 -0.0184 0.6876 0.1650 0.0998 0.1623 0.9677
1305031458.9596 -1.6026 -0.0252 0.6874 0.1582 0.0979 0.1701 0.9677
1305031458.9916 -1.6109 -0.0450 0.6924 0.1565 0.1025 0.1729 0.9670
1305031459.0277 -1.6361 -0.0459 0.7157 0.1705 0.1071 0.1714 0.9644
1305031459.0596 -1.6630 -0.0668 0.7375 0.1764 0.1076 0.1794 0.9618
1305031459.1276 -1.6188 -0.0770 0.7202 0.1725 0.0943 0.2076 0.9583
1305031459.1596 -1.6182 -0.0863 0.7369 0.1823 0.0681 0.2068 0.9588
1305031459.1917 -1.6362 -0.0926 0.7415 0.1887 0.0540 0.2081 0.9582
1305031459.2276 -1.6412 -0.0945 0.7500 0.1926 0.0397 0.2122 0.9572
1305031459.2598 -1.6354 -0.0989 0.7623 0.1916 0.0346 0.2201 0.9558
1305031459.3276 -1.6457 -0.1049 0.8015 0.1844 0.0634 0.2470 0.9492
1305031459.3597 -1.6512 -0.0973 0.8016 0.1854 0.0833 0.2611 0.9437
1305031459.3917 -1.6564 -0.0966 0.8155 0.1776 0.1088 0.2889 0.9344
1305031459.4276 -1.6442 -0.0931 0.8356 0.1636 0.1333 0.3286 0.9206
1305031459.4597 -1.6436 -0.0819 0.8430 0.1605 0.1602 0.3582 0.9057
1305031459.5276 -1.6051 -0.0998 0.8531 0.1495 0.1542 0.3707 0.9036
1305031459.5596 -1.6130 -0.1072 0.8656 0.1432 0.1686 0.3963 0.8911
1305031459.5917 -1.6264 -0.1027 0.8762 0.1431 0.1729 0.4135 0.8824
1305031459.6276 -1.6176 -0.1119 0.8731 0.1358 0.1671 0.4290 0.8773
1305031459.6596 -1.6201 -0.1114 0.8811 0.1363 0.1711 0.4299 0.8760
1305031459.6916 -1.6298 -0.1157 0.8871 0.1314 0.1803 0.4373 0.8712
1305031459.7276 -1.6326 -0.1296 0.8840 0.1243 0.1838 0.4420 0.8691
1305031459.7917 -1.6664 -0.1584 0.8825 0.1239 0.1960 0.4367 0.8692
1305031459.8277 -1.6846 -0.1699 0.8838 0.1256 0.1980 0.4352 0.8693
1305031459.8597 -1.6991 -0.1954 0.8877 0.1181 0.1992 0.4354 0.8699
1305031459.8916 -1.7105 -0.2145 0.8875 0.1144 0.1965 0.4383 0.8696
1305031459.9276 -1.7201 -0.2382 0.8888 0.1102 0.1961 0.4411 0.8688
1305031459.9917 -1.7285 -0.2677 0.8996 0.1053 0.1900 0.4521 0.8651
1305031460.0276 -1.7355 -0.2848 0.9035 0.1030 0.1916 0.4533 0.8644
1305031460.0597 -1.7465 -0.3066 0.9071 0.1010 0.1945 0.4566 0.8623
1305031460.0917 -1.7614 -0.3403 0.9028 0.0968 0.1948 0.4620 0.8598
1305031460.1277 -1.7637 -0.3526 0.9060 0.1016 0.1854 0.4657 0.8593
1305031460.1597 -1.7730 -0.3657 0.9143 0.1068 0.1801 0.4689 0.8581
1305031460.1916 -1.7657 -0.3739 0.9292 0.1074 0.1707 0.4758 0.8561
1305031460.2278 -1.7655 -0.3735 0.9377 0.1103 0.1710 0.4768 0.8552
1305031460.2917 -1.7658 -0.3974 0.9411 0.1110 0.1875 0.4768 0.8516
1305031460.3275 -1.7654 -0.3963 0.9469 0.1138 0.1915 0.4776 0.8499
1305031460.3916 -1.7650 -0.4198 0.9598 0.1066 0.2111 0.4885 0.8399
1305031460.4275 -1.7627 -0.4225 0.9597 0.1056 0.2161 0.4934 0.8359
1305031460.4596 -1.7612 -0.4207 0.9702 0.1044 0.2276 0.4948 0.8321
1305031460.4915 -1.7613 -0.4260 0.9739 0.0974 0.2399 0.5016 0.8254
1305031460.5276 -1.7567 -0.4398 0.9700 0.0866 0.2483 0.5110 0.8184
1305031460.5596 -1.7578 -0.4518 0.9777 0.0794 0.2595 0.5137 0.8139
1305031460.5919 -1.7542 -0.4599 0.9791 0.0743 0.2635 0.5167 0.8112
1305031460.6276 -1.7499 -0.4572 0.9835 0.0749 0.2653 0.5178 0.8099
1305031460.6598 -1.7460 -0.4624 0.9863 0.0719 0.2678 0.5188 0.8087
1305031460.6917 -1.7476 -0.4682 0.9886 0.0699 0.2698 0.5202 0.8073
1305031460.7277 -1.7476 -0.4707 0.9935 0.0684 0.2707 0.5192 0.8078
1305031460.7597 -1.7456 -0.4726 0.9972 0.0680 0.2725 0.5183 0.8077
1305031460.7917 -1.7478 -0.4789 0.9999 0.0668 0.2749 0.5184 0.8070
1305031460.8277 -1.7475 -0.4891 1.0008 0.0618 0.2757 0.5178 0.8075
1305031460.8597 -1.7439 -0.4958 1.0036 0.0573 0.2767 0.5179 0.8074
1305031460.8918 -1.7426 -0.5016 1.0059 0.0532 0.2786 0.5161 0.8082
1305031460.9276 -1.7436 -0.5084 1.0094 0.0504 0.2797 0.5162 0.8079
1305031460.9917 -1.7319 -0.5309 1.0222 0.0460 0.2825 0.5181 0.8060
1305031461.0276 -1.7271 -0.5377 1.0275 0.0472 0.2833 0.5199 0.8045
1305031461.0917 -1.7262 -0.5559 1.0452 0.0475 0.2847 0.5178 0.8054
1305031461.1276 -1.7239 -0.5609 1.0505 0.0475 0.2856 0.5177 0.8051
1305031461.1597 -1.7202 -0.5752 1.0531 0.0461 0.2890 0.5126 0.8072
1305031461.1920 -1.7162 -0.5749 1.0580 0.0494 0.2888 0.5101 0.8086
1305031461.2276 -1.7182 -0.5846 1.0629 0.0485 0.2921 0.5088 0.8084
1305031461.2596 -1.7191 -0.5931 1.0678 0.0477 0.2951 0.5050 0.8097
1305031461.2917 -1.7208 -0.5973 1.0713 0.0497 0.2980 0.4988 0.8124
1305031461.3278 -1.7176 -0.5995 1.0703 0.0492 0.2992 0.4950 0.8143
1305031461.3597 -1.7162 -0.5937 1.0762 0.0491 0.3004 0.4924 0.8154
1305031461.3917 -1.7161 -0.5970 1.0831 0.0461 0.3026 0.4920 0.8150
1305031461.4276 -1.7123 -0.5957 1.0851 0.0473 0.3026 0.4909 0.8156
1305031461.4598 -1.7134 -0.5931 1.0905 0.0462 0.3033 0.4889 0.8166
1305031461.4917 -1.7059 -0.5976 1.0857 0.0432 0.3014 0.4899 0.8169
1305031461.5277 -1.7078 -0.5932 1.0859 0.0495 0.3037 0.4886 0.8165
1305031461.5597 -1.7016 -0.5812 1.0803 0.0513 0.3012 0.4866 0.8185
1305031461.5917 -1.7001 -0.5668 1.0718 0.0541 0.3056 0.4817 0.8196
1305031461.6275 -1.6980 -0.5585 1.0655 0.0529 0.3083 0.4817 0.8186
1305031461.6596 -1.6916 -0.5473 1.0608 0.0525 0.3085 0.4812 0.8189
1305031461.6916 -1.6940 -0.5402 1.0626 0.0539 0.3109 0.4853 0.8154
1305031461.7276 -1.6887 -0.5383 1.0573 0.0505 0.3098 0.4883 0.8143
1305031461.7597 -1.6872 -0.5239 1.0509 0.0527 0.3084 0.4896 0.8139
1305031461.7916 -1.6728 -0.5042 1.0357 0.0515 0.3007 0.4945 0.8139
1305031461.8276 -1.6677 -0.4868 1.0248 0.0528 0.2997 0.4975 0.8123
1305031461.8598 -1.6667 -0.4695 1.0122 0.0520 0.2996 0.5048 0.8079
1305031461.8917 -1.6641 -0.4582 1.0073 0.0454 0.2975 0.5190 0.8000
1305031461.9278 -1.6512 -0.4312 1.0222 0.0458 0.2910 0.5302 0.7951
1305031461.9597 -1.6432 -0.4270 1.0128 0.0328 0.2935 0.5324 0.7933
1305031461.9916 -1.6521 -0.4121 1.0207 0.0259 0.3018 0.5405 0.7849
1305031462.0277 -1.6423 -0.4166 1.0201 0.0069 0.2956 0.5535 0.7786
1305031462.0598 -1.6410 -0.4109 1.0261 0.0019 0.2897 0.5654 0.7723
1305031462.0918 -1.6387 -0.4031 1.0281 -0.0031 0.2813 0.5756 0.7678
1305031462.1277 -1.6451 -0.3812 1.0263 0.0019 0.2732 0.5842 0.7642
1305031462.1596 -1.6402 -0.3672 1.0279 -0.0000 0.2644 0.5932 0.7604
1305031462.1916 -1.6499 -0.3514 1.0360 0.0027 0.2663 0.5884 0.7635
1305031462.2276 -1.6447 -0.3653 1.0431 -0.0151 0.2696 0.5906 0.7605
1305031462.2598 -1.6284 -0.3554 1.0371 -0.0250 0.2541 0.5943 0.7627
1305031462.2916 -1.6212 -0.3635 1.0388 -0.0408 0.2494 0.5922 0.7652
1305031462.3275 -1.5934 -0.3628 1.0417 -0.0619 0.2341 0.5954 0.7661
1305031462.3597 -1.6155 -0.3463 1.0539 -0.0569 0.2397 0.5828 0.7744
1305031462.3917 -1.6093 -0.3068 1.0652 -0.0537 0.2190 0.5766 0.7853
1305031462.4276 -1.6039 -0.3114 1.0785 -0.0695 0.2095 0.5744 0.7883
1305031462.4599 -1.6123 -0.3211 1.0990 -0.0837 0.2069 0.5681 0.7921
1305031462.4920 -1.6688 -0.3083 1.1278 -0.0651 0.2244 0.5641 0.7920
1305031462.5277 -1.6810 -0.3292 1.1572 -0.0763 0.2316 0.5560 0.7946
1305031462.5599 -1.6773 -0.3413 1.1518 -0.0935 0.2230 0.5409 0.8056
1305031462.5919 -1.6877 -0.3415 1.1580 -0.0935 0.2253 0.5325 0.8105
1305031462.6279 -1.6904 -0.3474 1.1650 -0.0995 0.2247 0.5238 0.8156
1305031462.6597 -1.6951 -0.3436 1.1697 -0.0984 0.2229 0.5117 0.8239
1305031462.6925 -1.7004 -0.3487 1.1527 -0.1049 0.2227 0.5006 0.8300
1305031462.7277 -1.7109 -0.3618 1.1634 -0.1110 0.2275 0.4888 0.8349
1305031462.7598 -1.7309 -0.3607 1.1707 -0.1084 0.2332 0.4698 0.8445
1305031462.7919 -1.7336 -0.3622 1.1752 -0.1124 0.2327 0.4636 0.8475
1305031462.8278 -1.7330 -0.3574 1.1849 -0.1187 0.2267 0.4602 0.8502
1305031462.8598 -1.7338 -0.3579 1.1908 -0.1248 0.2261 0.4505 0.8546
1305031462.8918 -1.7355 -0.3702 1.1867 -0.1334 0.2324 0.4457 0.8541
1305031462.9276 -1.7211 -0.3648 1.1845 -0.1373 0.2225 0.4476 0.8551
1305031462.9597 -1.7211 -0.3500 1.1797 -0.1307 0.2180 0.4457 0.8584
1305031462.9955 -1.7182 -0.3201 1.1862 -0.1185 0.2109 0.4412 0.8642
1305031463.0277 -1.7242 -0.2907 1.1776 -0.0993 0.2062 0.4345 0.8711
1305031463.0598 -1.7339 -0.3146 1.1533 -0.1053 0.2165 0.4222 0.8740
1305031463.0958 -1.7307 -0.2995 1.1482 -0.1000 0.2115 0.4171 0.8782
1305031463.1275 -1.7287 -0.2777 1.1408 -0.0899 0.2075 0.4094 0.8839
1305031463.1598 -1.7318 -0.2788 1.1195 -0.0876 0.2096 0.3962 0.8896
1305031463.1957 -1.7268 -0.2738 1.1124 -0.0873 0.2071 0.3927 0.8918
1305031463.2278 -1.7199 -0.2502 1.1093 -0.0799 0.2023 0.3883 0.8955
1305031463.2600 -1.7171 -0.2399 1.0982 -0.0746 0.2037 0.3839 0.8975
1305031463.2957 -1.7151 -0.2313 1.0917 -0.0712 0.2028 0.3799 0.8997
1305031463.3277 -1.7080 -0.2146 1.0871 -0.0658 0.1981 0.3771 0.9024
1305031463.3598 -1.7050 -0.2067 1.0754 -0.0593 0.1959 0.3768 0.9034
1305031463.3956 -1.6985 -0.1939 1.0636 -0.0540 0.1915 0.3712 0.9070
1305031463.4277 -1.6833 -0.1799 1.0561 -0.0520 0.1856 0.3701 0.9088
1305031463.4598 -1.6728 -0.1648 1.0427 -0.0467 0.1840 0.3667 0.9108
1305031463.4956 -1.6638 -0.1556 1.0351 -0.0489 0.1884 0.3647 0.9106
1305031463.5277 -1.6486 -0.1281 1.0276 -0.0394 0.1867 0.3638 0.9117
1305031463.5598 -1.6313 -0.1140 1.0132 -0.0350 0.1826 0.3667 0.9116
1305031463.5956 -1.6326 -0.1018 1.0117 -0.0301 0.1867 0.3654 0.9114
1305031463.6276 -1.6142 -0.0853 0.9983 -0.0230 0.1821 0.3597 0.9148
1305031463.6598 -1.6025 -0.0762 0.9798 -0.0134 0.1832 0.3583 0.9154
1305031463.6956 -1.5903 -0.0515 0.9613 -0.0026 0.1777 0.3551 0.9178
1305031463.7276 -1.5774 -0.0446 0.9501 0.0000 0.1792 0.3483 0.9201
1305031463.7597 -1.5509 -0.0384 0.9263 0.0052 0.1765 0.3407 0.9234
1305031463.7956 -1.5266 -0.0393 0.8922 0.0054 0.1725 0.3325 0.9272
1305031463.8278 -1.4966 -0.0495 0.8612 -0.0033 0.1654 0.3225 0.9320
1305031463.8599 -1.4604 -0.0581 0.8315 -0.0086 0.1575 0.3115 0.9371
1305031463.8956 -1.4438 -0.0754 0.8009 -0.0138 0.1588 0.3007 0.9403
1305031463.9277 -1.4350 -0.0822 0.7885 -0.0157 0.1584 0.2982 0.9411
1305031463.9597 -1.4093 -0.0850 0.7684 -0.0136 0.1507 0.2912 0.9446
1305031463.9958 -1.4017 -0.0956 0.7499 -0.0136 0.1512 0.2823 0.9472
1305031464.0277 -1.4017 -0.1061 0.7410 -0.0153 0.1545 0.2699 0.9503
1305031464.0597 -1.3670 -0.1047 0.7187 -0.0131 0.1452 0.2663 0.9528
1305031464.0956 -1.3589 -0.1197 0.6941 -0.0134 0.1481 0.2535 0.9558
1305031464.1277 -1.3610 -0.1241 0.6847 -0.0107 0.1511 0.2496 0.9564
1305031464.1598 -1.3486 -0.1507 0.6763 -0.0152 0.1495 0.2477 0.9571
1305031464.1956 -1.3498 -0.1636 0.6751 -0.0061 0.1500 0.2396 0.9592
1305031464.2276 -1.3582 -0.1755 0.6820 0.0003 0.1497 0.2316 0.9612
1305031464.2596 -1.3642 -0.1953 0.6817 -0.0001 0.1409 0.2247 0.9642
1305031464.2957 -1.3570 -0.1851 0.6847 0.0070 0.1253 0.2213 0.9671
1305031464.3279 -1.3337 -0.1816 0.6727 0.0097 0.1079 0.2182 0.9699
1305031464.3597 -1.3279 -0.1967 0.6662 0.0098 0.1035 0.2102 0.9721
1305031464.3956 -1.3288 -0.2105 0.6583 0.0099 0.1045 0.1989 0.9744
1305031464.4276 -1.3101 -0.2075 0.6494 0.0112 0.1015 0.1907 0.9763
1305031464.4597 -1.3019 -0.2196 0.6444 0.0106 0.1003 0.1835 0.9778
1305031464.4956 -1.2823 -0.2290 0.6239 0.0088 0.0962 0.1768 0.9795
1305031464.5276 -1.2764 -0.2284 0.6124 0.0102 0.0968 0.1716 0.9803
1305031464.5597 -1.2533 -0.2384 0.6005 0.0059 0.0921 0.1621 0.9824
1305031464.5957 -1.2298 -0.2492 0.5776 0.0079 0.0940 0.1504 0.9841
1305031464.6277 -1.2167 -0.2623 0.5578 0.0145 0.1064 0.1413 0.9841
1305031464.6597 -1.2055 -0.2651 0.5454 0.0243 0.1196 0.1299 0.9840
1305031464.6957 -1.1688 -0.2640 0.5268 0.0391 0.1232 0.1166 0.9847
1305031464.7277 -1.1550 -0.2668 0.5333 0.0554 0.1287 0.1002 0.9850
1305031464.7597 -1.1525 -0.2681 0.5304 0.0675 0.1284 0.0822 0.9860
1305031464.7960 -1.1534 -0.2923 0.5274 0.0696 0.1259 0.0598 0.9878
1305031464.8278 -1.1602 -0.2859 0.5343 0.0847 0.1153 0.0435 0.9888
1305031464.8597 -1.1931 -0.2655 0.5700 0.0978 0.1102 0.0265 0.9887
1305031464.8958 -1.1815 -0.2718 0.5968 0.0967 0.0960 0.0084 0.9906
1305031464.9278 -1.1660 -0.2916 0.6168 0.0919 0.0854 -0.0152 0.9920
1305031464.9598 -1.1572 -0.3009 0.6199 0.0944 0.0807 -0.0357 0.9916
1305031464.9957 -1.1580 -0.2908 0.6238 0.1042 0.0829 -0.0561 0.9895
1305031465.0278 -1.1539 -0.3082 0.6295 0.1036 0.0838 -0.0752 0.9882
1305031465.0597 -1.1680 -0.2882 0.6370 0.1131 0.0842 -0.0956 0.9854
1305031465.0957 -1.1696 -0.2672 0.6837 0.1119 0.0779 -0.1169 0.9837
1305031465.1277 -1.1242 -0.2613 0.7306 0.0977 0.0591 -0.1279 0.9852
1305031465.1598 -1.1132 -0.2580 0.7784 0.0835 0.0497 -0.1380 0.9857
1305031465.1956 -1.0820 -0.2648 0.8056 0.0681 0.0355 -0.1442 0.9866
1305031465.2279 -1.0709 -0.2559 0.8359 0.0568 0.0292 -0.1505 0.9865
1305031465.2598 -1.0718 -0.2717 0.8694 0.0399 0.0248 -0.1543 0.9869
1305031465.2956 -1.0562 -0.2491 0.8954 0.0405 0.0156 -0.1450 0.9885
1305031465.3277 -1.0474 -0.2372 0.9279 0.0343 0.0051 -0.1290 0.9910
1305031465.3599 -1.0231 -0.2441 0.9353 0.0264 -0.0129 -0.1230 0.9920
1305031465.3956 -0.9946 -0.2426 0.9472 0.0265 -0.0341 -0.1130 0.9927
1305031465.4277 -0.9699 -0.2326 0.9613 0.0304 -0.0498 -0.1054 0.9927
1305031465.4601 -0.9626 -0.2273 0.9646 0.0308 -0.0554 -0.0970 0.9933
1305031465.4957 -0.9454 -0.2139 0.9646 0.0302 -0.0631 -0.0875 0.9937
1305031465.5276 -0.9302 -0.2256 0.9670 0.0252 -0.0702 -0.0849 0.9936
1305031465.5598 -0.9091 -0.2229 0.9687 0.0282 -0.0788 -0.0803 0.9932
1305031465.5956 -0.8969 -0.2189 0.9696 0.0302 -0.0819 -0.0763 0.9933
1305031465.6277 -0.8877 -0.2130 0.9702 0.0317 -0.0840 -0.0695 0.9935
1305031465.6601 -0.8740 -0.2043 0.9728 0.0353 -0.0913 -0.0644 0.9931
1305031465.6957 -0.8555 -0.2025 0.9758 0.0368 -0.0980 -0.0598 0.9927
1305031465.7277 -0.8397 -0.1948 0.9758 0.0412 -0.1014 -0.0524 0.9926
1305031465.7598 -0.8253 -0.1813 0.9783 0.0469 -0.1055 -0.0443 0.9923
1305031465.7959 -0.8044 -0.1751 0.9724 0.0494 -0.1094 -0.0394 0.9920
1305031465.8280 -0.7888 -0.1657 0.9768 0.0558 -0.1129 -0.0339 0.9915
1305031465.8599 -0.7621 -0.1439 0.9660 0.0684 -0.1165 -0.0299 0.9904
1305031465.8955 -0.7353 -0.1330 0.9667 0.0696 -0.1125 -0.0256 0.9909
1305031465.9275 -0.7023 -0.1340 0.9675 0.0706 -0.1105 -0.0238 0.9911
1305031465.9597 -0.6731 -0.1148 0.9647 0.0826 -0.1064 -0.0235 0.9906
1305031465.9958 -0.6486 -0.1093 0.9525 0.0849 -0.1032 -0.0241 0.9907
1305031466.0276 -0.6228 -0.0977 0.9585 0.0891 -0.1062 -0.0243 0.9900
1305031466.0598 -0.5978 -0.0896 0.9471 0.0866 -0.1074 -0.0230 0.9902
1305031466.0958 -0.5903 -0.0699 0.9453 0.0844 -0.1078 -0.0255 0.9903
1305031466.1276 -0.5739 -0.0521 0.9460 0.0788 -0.1130 -0.0236 0.9902
1305031466.1604 -0.5679 -0.0335 0.9421 0.0763 -0.1150 -0.0227 0.9902
1305031466.1958 -0.5570 -0.0101 0.9438 0.0717 -0.1206 -0.0222 0.9899
1305031466.2280 -0.5282 -0.0124 0.9527 0.0557 -0.1358 -0.0265 0.9888
1305031466.2598 -0.5075 -0.0107 0.9520 0.0540 -0.1407 -0.0337 0.9880
1305031466.2957 -0.4777 -0.0058 0.9477 0.0578 -0.1404 -0.0449 0.9874
1305031466.3277 -0.4503 0.0117 0.9418 0.0621 -0.1350 -0.0517 0.9875
1305031466.3598 -0.4364 0.0193 0.9195 0.0582 -0.1244 -0.0600 0.9887
1305031466.3958 -0.4120 0.0149 0.9178 0.0572 -0.1271 -0.0602 0.9884
1305031466.4278 -0.3977 0.0132 0.9081 0.0580 -0.1300 -0.0609 0.9879
1305031466.4598 -0.3894 0.0151 0.8973 0.0571 -0.1318 -0.0664 0.9874
1305031466.4958 -0.3729 0.0289 0.8933 0.0577 -0.1346 -0.0675 0.9869
1305031466.5275 -0.3457 0.0197 0.8825 0.0532 -0.1347 -0.0697 0.9870
1305031466.5604 -0.3256 0.0338 0.8753 0.0561 -0.1300 -0.0722 0.9873
1305031466.5959 -0.3025 0.0255 0.8756 0.0405 -0.1321 -0.0753 0.9875
1305031466.6275 -0.2743 0.0186 0.8754 0.0378 -0.1311 -0.0811 0.9873
1305031466.6597 -0.2534 0.0219 0.8721 0.0434 -0.1291 -0.0845 0.9871
1305031466.6958 -0.2338 0.0273 0.8619 0.0437 -0.1302 -0.0894 0.9865
1305031466.7281 -0.2210 0.0250 0.8491 0.0379 -0.1281 -0.1044 0.9855
1305031466.7596 -0.1974 0.0265 0.8619 0.0427 -0.1310 -0.1116 0.9842
1305031466.7956 -0.1874 0.0269 0.8495 0.0455 -0.1311 -0.1152 0.9836
1305031466.8279 -0.1812 0.0331 0.8496 0.0443 -0.1319 -0.1161 0.9834
1305031466.8597 -0.1796 0.0298 0.8513 0.0424 -0.1338 -0.1165 0.9832
1305031466.8957 -0.1601 0.0285 0.8524 0.0433 -0.1468 -0.1161 0.9814
1305031466.9278 -0.1356 0.0303 0.8571 0.0444 -0.1640 -0.1215 0.9779
1305031466.9597 -0.1248 0.0290 0.8563 0.0450 -0.1695 -0.1248 0.9766
1305031466.9957 -0.1137 0.0256 0.8513 0.0447 -0.1723 -0.1274 0.9758
1305031467.0278 -0.1043 0.0285 0.8524 0.0465 -0.1745 -0.1305 0.9749
1305031467.0597 -0.0952 0.0281 0.8541 0.0462 -0.1757 -0.1330 0.9743
1305031467.0957 -0.0856 0.0265 0.8489 0.0449 -0.1761 -0.1367 0.9738
1305031467.1290 -0.0773 0.0383 0.8545 0.0498 -0.1778 -0.1431 0.9723
1305031467.1597 -0.0731 0.0389 0.8577 0.0510 -0.1786 -0.1473 0.9715
1305031467.1957 -0.0638 0.0440 0.8575 0.0541 -0.1815 -0.1513 0.9702
1305031467.2277 -0.0552 0.0407 0.8501 0.0538 -0.1851 -0.1556 0.9688
1305031467.2597 -0.0515 0.0473 0.8601 0.0577 -0.1885 -0.1592 0.9674
1305031467.2958 -0.0432 0.0512 0.8566 0.0605 -0.1907 -0.1634 0.9661
1305031467.3280 -0.0333 0.0570 0.8568 0.0635 -0.1945 -0.1674 0.9644
1305031467.3597 -0.0212 0.0827 0.8558 0.0684 -0.1976 -0.1682 0.9633
1305031467.3958 -0.0042 0.1018 0.8649 0.0695 -0.2046 -0.1701 0.9614
1305031467.4278 0.0062 0.0992 0.8649 0.0693 -0.2085 -0.1736 0.9600
1305031467.4597 0.0102 0.1062 0.8653 0.0708 -0.2107 -0.1742 0.9593
1305031467.4961 0.0142 0.1411 0.8666 0.0778 -0.2122 -0.1797 0.9574
1305031467.5277 0.0189 0.1389 0.8620 0.0742 -0.2111 -0.1842 0.9571
1305031467.5598 0.0290 0.1431 0.8703 0.0777 -0.2133 -0.1865 0.9559
1305031467.5960 0.0347 0.1374 0.8714 0.0757 -0.2142 -0.1846 0.9562
1305031467.6275 0.0362 0.1433 0.8889 0.0784 -0.2180 -0.1837 0.9553
1305031467.6596 0.0379 0.1359 0.8930 0.0810 -0.2211 -0.1830 0.9545
1305031467.6959 0.0428 0.1357 0.8926 0.0840 -0.2218 -0.1844 0.9538
1305031467.7275 0.0444 0.1374 0.8910 0.0896 -0.2210 -0.1901 0.9524
1305031467.7599 0.0468 0.1282 0.9023 0.0926 -0.2222 -0.1905 0.9517
1305031467.7961 0.0469 0.1295 0.9087 0.0971 -0.2230 -0.1913 0.9509
1305031467.8278 0.0432 0.1121 0.9062 0.0970 -0.2228 -0.1920 0.9508
1305031467.8597 0.0405 0.1023 0.9103 0.1024 -0.2244 -0.1880 0.9507
1305031467.8959 0.0402 0.1014 0.9168 0.1092 -0.2274 -0.1881 0.9492
1305031467.9278 0.0439 0.0871 0.9310 0.1109 -0.2335 -0.1922 0.9467
1305031467.9598 0.0378 0.0723 0.9460 0.1153 -0.2365 -0.1933 0.9452
1305031467.9958 0.0448 0.0733 0.9597 0.1178 -0.2396 -0.1924 0.9443
1305031468.0281 0.0436 0.0645 0.9808 0.1176 -0.2393 -0.1966 0.9436
1305031468.0598 0.0391 0.0448 0.9970 0.1187 -0.2422 -0.1957 0.9429
1305031468.0959 0.0429 0.0474 1.0060 0.1219 -0.2442 -0.1946 0.9421
1305031468.1278 0.0442 0.0356 1.0193 0.1195 -0.2462 -0.1957 0.9417
1305031468.1599 0.0507 0.0346 1.0317 0.1224 -0.2485 -0.1953 0.9408
1305031468.1960 0.0553 0.0266 1.0462 0.1223 -0.2499 -0.1980 0.9399
1305031468.2282 0.0561 0.0195 1.0711 0.1229 -0.2511 -0.1981 0.9395
1305031468.2598 0.0695 0.0070 1.0916 0.1230 -0.2539 -0.1949 0.9394
1305031468.2958 0.0751 -0.0002 1.1179 0.1254 -0.2548 -0.1948 0.9388
1305031468.3278 0.0847 -0.0248 1.1474 0.1243 -0.2589 -0.1914 0.9385
1305031468.3598 0.0882 -0.0417 1.1685 0.1253 -0.2604 -0.1858 0.9391
1305031468.3959 0.0931 -0.0422 1.1796 0.1268 -0.2604 -0.1834 0.9394
1305031468.4280 0.1008 -0.0595 1.1950 0.1240 -0.2624 -0.1819 0.9395
1305031468.4598 0.1067 -0.0994 1.1918 0.1152 -0.2632 -0.1792 0.9409
1305031468.4958 0.1127 -0.1071 1.2027 0.1143 -0.2645 -0.1794 0.9406
1305031468.5278 0.1199 -0.1253 1.2221 0.1167 -0.2663 -0.1833 0.9391
1305031468.5597 0.1077 -0.1390 1.2188 0.1243 -0.2617 -0.1939 0.9373
1305031468.5958 0.1056 -0.1343 1.2160 0.1308 -0.2603 -0.1984 0.9358
1305031468.6276 0.1024 -0.1511 1.2182 0.1241 -0.2607 -0.1988 0.9365
1305031468.6596 0.0926 -0.1807 1.2156 0.1217 -0.2624 -0.2030 0.9355
1305031468.6958 0.0811 -0.1997 1.2099 0.1260 -0.2643 -0.2091 0.9330
1305031468.7278 0.0722 -0.2209 1.2032 0.1285 -0.2660 -0.2128 0.9314
1305031468.7596 0.0670 -0.2306 1.2100 0.1288 -0.2700 -0.2103 0.9308
1305031468.7958 0.0599 -0.2574 1.2081 0.1307 -0.2722 -0.2149 0.9288
1305031468.8292 0.0493 -0.2689 1.1937 0.1389 -0.2697 -0.2225 0.9265
1305031468.8597 0.0510 -0.2693 1.1970 0.1419 -0.2702 -0.2251 0.9253
1305031468.8959 0.0581 -0.2854 1.2162 0.1404 -0.2700 -0.2262 0.9253
1305031468.9281 0.0508 -0.2894 1.2065 0.1383 -0.2604 -0.2245 0.9288
1305031468.9596 0.0386 -0.2815 1.2119 0.1368 -0.2524 -0.2237 0.9314
1305031468.9957 0.0415 -0.2839 1.2131 0.1227 -0.2504 -0.2272 0.9331
1305031469.0277 0.0348 -0.2942 1.2173 0.1033 -0.2456 -0.2347 0.9348
1305031469.0598 0.0213 -0.3047 1.2134 0.0911 -0.2400 -0.2438 0.9352
1305031469.0957 0.0168 -0.3133 1.2282 0.0788 -0.2390 -0.2544 0.9338
1305031469.1277 0.0211 -0.3224 1.2490 0.0675 -0.2353 -0.2651 0.9326
1305031469.1597 0.0238 -0.3361 1.2766 0.0592 -0.2313 -0.2747 0.9314
1305031469.1955 0.0065 -0.3334 1.2707 0.0522 -0.2150 -0.2749 0.9357
1305031469.2278 0.0039 -0.3433 1.2822 0.0483 -0.2124 -0.2779 0.9356
1305031469.2596 -0.0002 -0.3483 1.3021 0.0433 -0.2094 -0.2836 0.9348
1305031469.2968 0.0005 -0.3619 1.3101 0.0374 -0.2074 -0.2878 0.9342
1305031469.3276 -0.0024 -0.3556 1.3196 0.0365 -0.2044 -0.2906 0.9340
1305031469.3596 0.0073 -0.3511 1.3409 0.0358 -0.2044 -0.2970 0.9321
1305031469.3957 0.0127 -0.3786 1.3561 0.0288 -0.1984 -0.3042 0.9313
1305031469.4277 0.0054 -0.3809 1.3693 0.0299 -0.1859 -0.3101 0.9319
1305031469.4597 -0.0115 -0.3547 1.3915 0.0389 -0.1698 -0.3157 0.9327
1305031469.4957 -0.0175 -0.3379 1.4003 0.0437 -0.1638 -0.3156 0.9336
1305031469.5276 -0.0112 -0.3317 1.4130 0.0441 -0.1674 -0.3134 0.9337
1305031469.5596 -0.0136 -0.3107 1.4312 0.0448 -0.1660 -0.3123 0.9343
1305031469.5958 -0.0192 -0.2827 1.4484 0.0454 -0.1623 -0.3118 0.9351
1305031469.6278 -0.0160 -0.2854 1.4653 0.0350 -0.1647 -0.3116 0.9352
1305031469.6596 -0.0323 -0.2630 1.4806 0.0335 -0.1551 -0.3092 0.9377
1305031469.6956 -0.0298 -0.2473 1.4895 0.0345 -0.1532 -0.3053 0.9392
1305031469.7277 -0.0325 -0.2315 1.5059 0.0317 -0.1481 -0.3029 0.9409
1305031469.7596 -0.0462 -0.1991 1.5299 0.0343 -0.1388 -0.2928 0.9454
1305031469.7956 -0.0537 -0.1699 1.5482 0.0368 -0.1365 -0.2855 0.9479
1305031469.8275 -0.0566 -0.1654 1.5563 0.0291 -0.1393 -0.2866 0.9474
1305031469.8596 -0.0790 -0.1363 1.5792 0.0284 -0.1342 -0.2810 0.9498
1305031469.8958 -0.0818 -0.1302 1.5864 0.0215 -0.1383 -0.2778 0.9504
1305031469.9279 -0.0925 -0.1100 1.5994 0.0209 -0.1388 -0.2722 0.9519
1305031469.9598 -0.1155 -0.0885 1.6104 0.0239 -0.1349 -0.2718 0.9526
1305031469.9956 -0.1202 -0.0765 1.6232 0.0211 -0.1413 -0.2671 0.9530
1305031470.0277 -0.1305 -0.0546 1.6253 0.0233 -0.1422 -0.2647 0.9535
1305031470.0596 -0.1417 -0.0432 1.6340 0.0208 -0.1443 -0.2658 0.9529
1305031470.0959 -0.1598 -0.0389 1.6349 0.0128 -0.1414 -0.2667 0.9533
1305031470.1276 -0.1713 -0.0194 1.6415 0.0127 -0.1418 -0.2602 0.9550
1305031470.1596 -0.1824 0.0020 1.6481 0.0139 -0.1428 -0.2544 0.9564
1305031470.1961 -0.1917 0.0046 1.6428 0.0061 -0.1471 -0.2558 0.9554
1305031470.2276 -0.2081 0.0223 1.6442 0.0046 -0.1447 -0.2485 0.9578
1305031470.2600 -0.2138 0.0364 1.6393 0.0016 -0.1472 -0.2451 0.9582
1305031470.2957 -0.2334 0.0554 1.6416 0.0003 -0.1417 -0.2423 0.9598
1305031470.3276 -0.2421 0.0651 1.6399 -0.0077 -0.1442 -0.2383 0.9604
1305031470.3596 -0.2583 0.0794 1.6423 -0.0107 -0.1444 -0.2306 0.9622
1305031470.3958 -0.2786 0.1000 1.6437 -0.0096 -0.1401 -0.2240 0.9644
1305031470.4276 -0.2966 0.1081 1.6448 -0.0111 -0.1398 -0.2282 0.9635
1305031470.4597 -0.3082 0.1169 1.6451 -0.0104 -0.1424 -0.2261 0.9636
1305031470.4957 -0.3187 0.1224 1.6427 -0.0104 -0.1437 -0.2252 0.9636
1305031470.5277 -0.3271 0.1293 1.6414 -0.0102 -0.1493 -0.2251 0.9628
1305031470.5597 -0.3481 0.1404 1.6428 -0.0105 -0.1422 -0.2249 0.9639
1305031470.5958 -0.3584 0.1485 1.6429 -0.0095 -0.1434 -0.2213 0.9646
1305031470.6277 -0.3618 0.1497 1.6465 -0.0127 -0.1495 -0.2191 0.9641
1305031470.6597 -0.3797 0.1632 1.6444 -0.0114 -0.1434 -0.2093 0.9672
1305031470.6956 -0.3888 0.1694 1.6466 -0.0121 -0.1468 -0.2069 0.9672
1305031470.7277 -0.3992 0.1718 1.6472 -0.0127 -0.1472 -0.2042 0.9677
1305031470.7597 -0.4121 0.1769 1.6444 -0.0138 -0.1405 -0.2008 0.9694
1305031470.7956 -0.4195 0.1797 1.6460 -0.0145 -0.1379 -0.1985 0.9702
1305031470.8278 -0.4292 0.1884 1.6490 -0.0088 -0.1370 -0.1892 0.9723
1305031470.8596 -0.4430 0.1971 1.6514 -0.0002 -0.1336 -0.1824 0.9741
1305031470.8957 -0.4518 0.2002 1.6512 0.0024 -0.1360 -0.1745 0.9752
1305031470.9277 -0.4622 0.1983 1.6537 0.0040 -0.1392 -0.1712 0.9753
1305031470.9596 -0.4772 0.2136 1.6550 0.0255 -0.1369 -0.1666 0.9761
1305031470.9960 -0.4832 0.2179 1.6518 0.0366 -0.1377 -0.1651 0.9759
1305031471.0276 -0.4882 0.2181 1.6507 0.0481 -0.1376 -0.1640 0.9756
1305031471.0596 -0.4899 0.2208 1.6504 0.0621 -0.1396 -0.1574 0.9757
1305031471.0958 -0.4977 0.2215 1.6466 0.0707 -0.1387 -0.1492 0.9765
1305031471.1277 -0.5057 0.2276 1.6453 0.0816 -0.1390 -0.1393 0.9770
1305031471.1596 -0.5125 0.2352 1.6435 0.0920 -0.1370 -0.1332 0.9773
1305031471.1957 -0.5167 0.2418 1.6442 0.0993 -0.1355 -0.1290 0.9773
1305031471.2276 -0.5202 0.2422 1.6435 0.0994 -0.1347 -0.1263 0.9778
1305031471.2597 -0.5300 0.2408 1.6416 0.0977 -0.1310 -0.1228 0.9789
1305031471.2961 -0.5315 0.2413 1.6433 0.0997 -0.1318 -0.1199 0.9789
1305031471.3276 -0.5306 0.2446 1.6443 0.1059 -0.1320 -0.1143 0.9789
1305031471.3596 -0.5290 0.2457 1.6445 0.1068 -0.1298 -0.1107 0.9795
1305031471.3957 -0.5306 0.2426 1.6433 0.1059 -0.1281 -0.1068 0.9803
1305031471.4277 -0.5343 0.2484 1.6433 0.1120 -0.1274 -0.1003 0.9804
1305031471.4596 -0.5407 0.2462 1.6392 0.1099 -0.1246 -0.0994 0.9811
1305031471.4965 -0.5485 0.2404 1.6320 0.1037 -0.1221 -0.0949 0.9825
1305031471.5276 -0.5503 0.2404 1.6315 0.1034 -0.1223 -0.0923 0.9828
1305031471.5597 -0.5523 0.2405 1.6311 0.1032 -0.1214 -0.0917 0.9830
1305031471.5957 -0.5513 0.2421 1.6290 0.1038 -0.1207 -0.0900 0.9831
1305031471.6276 -0.5485 0.2421 1.6286 0.1033 -0.1221 -0.0880 0.9832
1305031471.6596 -0.5487 0.2391 1.6250 0.1017 -0.1209 -0.0883 0.9835
1305031471.6956 -0.5525 0.2392 1.6187 0.1014 -0.1162 -0.0870 0.9842
1305031471.7275 -0.5552 0.2381 1.6159 0.0984 -0.1127 -0.0839 0.9852
1305031471.7597 -0.5501 0.2362 1.6115 0.0963 -0.1122 -0.0784 0.9859
1305031471.7958 -0.5533 0.2379 1.6083 0.0952 -0.1055 -0.0689 0.9875
1305031471.8276 -0.5535 0.2399 1.6058 0.0924 -0.1037 -0.0658 0.9881
1305031471.8597 -0.5506 0.2454 1.6091 0.0901 -0.1056 -0.0554 0.9888
1305031471.8956 -0.5501 0.2494 1.6054 0.0881 -0.1037 -0.0536 0.9892
1305031471.9277 -0.5483 0.2518 1.6050 0.0822 -0.1022 -0.0480 0.9902
1305031471.9596 -0.5616 0.2486 1.6151 0.0788 -0.0896 -0.0390 0.9921
1305031471.9956 -0.5607 0.2618 1.6212 0.0842 -0.0862 -0.0336 0.9921
1305031472.0276 -0.5585 0.2721 1.6214 0.0852 -0.0866 -0.0298 0.9921
1305031472.0597 -0.5622 0.2699 1.6217 0.0806 -0.0832 -0.0251 0.9929
1305031472.0956 -0.5657 0.2694 1.6224 0.0762 -0.0795 -0.0163 0.9938
1305031472.1276 -0.5613 0.2876 1.6203 0.0853 -0.0843 -0.0155 0.9927
1305031472.1596 -0.5793 0.2799 1.6256 0.0755 -0.0747 -0.0070 0.9943
1305031472.1957 -0.5862 0.2880 1.6311 0.0859 -0.0711 0.0003 0.9938
1305031472.2276 -0.5948 0.3159 1.6496 0.1164 -0.0659 -0.0001 0.9910
1305031472.2638 -0.5980 0.3138 1.6525 0.1177 -0.0641 0.0018 0.9910
1305031472.2957 -0.5968 0.3160 1.6515 0.1275 -0.0646 0.0072 0.9897
1305031472.3277 -0.5975 0.3160 1.6478 0.1317 -0.0637 0.0056 0.9892
1305031472.3636 -0.5978 0.3210 1.6489 0.1361 -0.0638 0.0062 0.9886
1305031472.3956 -0.5992 0.3192 1.6477 0.1354 -0.0642 0.0066 0.9887
1305031472.4277 -0.5981 0.3153 1.6490 0.1349 -0.0674 0.0050 0.9885
1305031472.4636 -0.5992 0.3151 1.6510 0.1386 -0.0674 0.0035 0.9881
1305031472.4956 -0.5980 0.3108 1.6473 0.1361 -0.0659 0.0049 0.9885
1305031472.5276 -0.5959 0.3036 1.6433 0.1355 -0.0660 0.0055 0.9886
1305031472.5636 -0.5936 0.3021 1.6417 0.1401 -0.0676 0.0054 0.9878
1305031472.5957 -0.5924 0.2996 1.6429 0.1424 -0.0698 0.0096 0.9873
1305031472.6277 -0.5924 0.2976 1.6411 0.1412 -0.0695 0.0105 0.9875
1305031472.6636 -0.5914 0.2951 1.6416 0.1414 -0.0700 0.0118 0.9874
1305031472.6958 -0.5894 0.2858 1.6400 0.1397 -0.0717 0.0161 0.9875
1305031472.7276 -0.5868 0.2852 1.6387 0.1451 -0.0730 0.0135 0.9866
1305031472.7636 -0.5895 0.2885 1.6394 0.1505 -0.0703 0.0116 0.9860
1305031472.7956 -0.5878 0.2847 1.6429 0.1509 -0.0696 0.0115 0.9860
1305031472.8276 -0.5808 0.2680 1.6377 0.1432 -0.0720 0.0098 0.9870
1305031472.8636 -0.5809 0.2688 1.6380 0.1450 -0.0720 0.0104 0.9868
1305031472.8957 -0.5804 0.2670 1.6398 0.1447 -0.0737 0.0119 0.9866
1305031472.9277 -0.5786 0.2665 1.6415 0.1454 -0.0755 0.0136 0.9864
1305031472.9638 -0.5765 0.2650 1.6409 0.1456 -0.0770 0.0150 0.9862
1305031472.9957 -0.5770 0.2649 1.6417 0.1451 -0.0775 0.0161 0.9862
1305031473.0276 -0.5793 0.2665 1.6441 0.1465 -0.0770 0.0153 0.9861
1305031473.0637 -0.5777 0.2628 1.6443 0.1440 -0.0780 0.0139 0.9864
1305031473.0957 -0.5769 0.2611 1.6439 0.1436 -0.0775 0.0131 0.9865
1305031473.1277 -0.5767 0.2592 1.6423 0.1429 -0.0769 0.0121 0.9867
1305031473.1671 -0.5776 0.2563 1.6428 0.1425 -0.0769 0.0115 0.9867
1305031473.1961 -0.5782 0.2514 1.6416 0.1410 -0.0766 0.0108 0.9870
