1305031453.4237 0.0057 0.0044 -0.0085 0.0020 0.0024 0.0072 1.0000
1305031453.4597 0.0064 0.0087 -0.0179 0.0058 0.0114 0.0171 0.9998
1305031453.4917 0.0059 0.0157 -0.0280 0.0118 0.0189 0.0278 0.9994
1305031453.5237 0.0089 0.0189 -0.0399 0.0173 0.0229 0.0353 0.9990
1305031453.5598 0.0153 0.0213 -0.0541 0.0217 0.0227 0.0410 0.9987
1305031453.5916 0.0095 0.0294 -0.0720 0.0312 0.0286 0.0480 0.9980
1305031453.6277 0.0037 0.0359 -0.0790 0.0380 0.0300 0.0497 0.9976
1305031453.6596 0.0042 0.0464 -0.0962 0.0451 0.0250 0.0494 0.9974
1305031453.6917 -0.0079 0.0584 -0.1126 0.0542 0.0220 0.0450 0.9973
1305031453.7277 -0.0167 0.0600 -0.1236 0.0553 0.0186 0.0416 0.9974
1305031453.7597 -0.0218 0.0638 -0.1325 0.0587 0.0087 0.0351 0.9976
1305031453.7917 -0.0296 0.0708 -0.1510 0.0630 -0.0000 0.0254 0.9977
1305031453.8278 -0.0270 0.0802 -0.1627 0.0663 -0.0116 0.0206 0.9975
1305031453.8597 -0.0382 0.0854 -0.1661 0.0681 -0.0240 0.0162 0.9973
1305031453.8917 -0.0420 0.0913 -0.1837 0.0674 -0.0417 0.0106 0.9968
1305031453.9277 -0.0553 0.1027 -0.1898 0.0665 -0.0593 0.0056 0.9960
1305031453.9596 -0.0588 0.1014 -0.1941 0.0634 -0.0764 -0.0015 0.9951
1305031453.9916 -0.0699 0.1015 -0.1950 0.0625 -0.0879 -0.0114 0.9941
1305031454.0277 -0.0834 0.1080 -0.1930 0.0656 -0.1000 -0.0169 0.9927
1305031454.0597 -0.0928 0.1128 -0.1960 0.0676 -0.1109 -0.0246 0.9912
1305031454.0917 -0.1063 0.1212 -0.1819 0.0714 -0.1216 -0.0345 0.9894
1305031454.1277 -0.1189 0.1263 -0.1771 0.0764 -0.1350 -0.0453 0.9869
1305031454.1597 -0.1366 0.1330 -0.1782 0.0784 -0.1460 -0.0553 0.9846
1305031454.1917 -0.1509 0.1369 -0.1770 0.0781 -0.1607 -0.0658 0.9817
1305031454.2277 -0.1618 0.1423 -0.1713 0.0833 -0.1769 -0.0829 0.9772
1305031454.2596 -0.1673 0.1388 -0.1781 0.0855 -0.1895 -0.0971 0.9733
1305031454.2916 -0.1756 0.1437 -0.1772 0.0860 -0.1970 -0.1071 0.9707
1305031454.3277 -0.1835 0.1447 -0.1756 0.0864 -0.2083 -0.1174 0.9671
1305031454.3596 -0.1973 0.1480 -0.1843 0.0920 -0.2158 -0.1309 0.9632
1305031454.3917 -0.2053 0.1554 -0.1874 0.0949 -0.2237 -0.1410 0.9597
1305031454.4275 -0.2162 0.1581 -0.1912 0.0960 -0.2338 -0.1528 0.9554
1305031454.4599 -0.2251 0.1594 -0.1919 0.0978 -0.2436 -0.1654 0.9507
1305031454.4916 -0.2288 0.1650 -0.1863 0.1012 -0.2499 -0.1805 0.9459
1305031454.5277 -0.2344 0.1750 -0.1878 0.1035 -0.2562 -0.1944 0.9412
1305031454.5596 -0.2347 0.1810 -0.1822 0.1023 -0.2651 -0.2069 0.9362
1305031454.5916 -0.2405 0.1906 -0.1856 0.1025 -0.2742 -0.2222 0.9300
1305031454.6276 -0.2494 0.1919 -0.1887 0.0994 -0.2847 -0.2332 0.9245
1305031454.6595 -0.2496 0.2063 -0.1855 0.0984 -0.2973 -0.2389 0.9192
1305031454.6919 -0.2555 0.2159 -0.1801 0.0956 -0.3108 -0.2449 0.9134
1305031454.7277 -0.2552 0.2215 -0.1814 0.0938 -0.3235 -0.2494 0.9079
1305031454.7597 -0.2566 0.2303 -0.1743 0.0915 -0.3301 -0.2457 0.9068
1305031454.7916 -0.2551 0.2349 -0.1656 0.0865 -0.3343 -0.2383 0.9077
1305031454.8276 -0.2522 0.2414 -0.1639 0.0834 -0.3358 -0.2330 0.9088
1305031454.8596 -0.2500 0.2452 -0.1630 0.0773 -0.3343 -0.2272 0.9114
1305031454.8918 -0.2485 0.2500 -0.1635 0.0723 -0.3304 -0.2200 0.9150
1305031454.9276 -0.2468 0.2567 -0.1601 0.0677 -0.3283 -0.2119 0.9180
1305031454.9596 -0.2463 0.2616 -0.1623 0.0637 -0.3251 -0.2061 0.9207
1305031454.9919 -0.2482 0.2651 -0.1655 0.0605 -0.3232 -0.2020 0.9225
1305031455.0278 -0.2496 0.2718 -0.1666 0.0605 -0.3226 -0.1996 0.9233
1305031455.0596 -0.2517 0.2753 -0.1666 0.0590 -0.3213 -0.1977 0.9242
1305031455.0917 -0.2550 0.2796 -0.1713 0.0601 -0.3185 -0.1976 0.9252
1305031455.1277 -0.2600 0.2883 -0.1770 0.0621 -0.3141 -0.1970 0.9266
1305031455.1597 -0.2676 0.2956 -0.1813 0.0612 -0.3101 -0.1937 0.9287
1305031455.1917 -0.2726 0.2976 -0.1820 0.0572 -0.3093 -0.1890 0.9302
1305031455.2276 -0.2776 0.3002 -0.1856 0.0559 -0.3075 -0.1856 0.9316
1305031455.2596 -0.2815 0.3111 -0.1871 0.0549 -0.3052 -0.1796 0.9336
1305031455.2918 -0.2906 0.3075 -0.1876 0.0424 -0.3027 -0.1702 0.9368
1305031455.3278 -0.3022 0.3171 -0.1956 0.0382 -0.2994 -0.1611 0.9396
1305031455.3596 -0.3075 0.3278 -0.1905 0.0314 -0.2998 -0.1513 0.9414
1305031455.3917 -0.3143 0.3253 -0.1890 0.0181 -0.2968 -0.1426 0.9441
1305031455.4276 -0.3264 0.3303 -0.1949 0.0118 -0.2910 -0.1336 0.9473
1305031455.4596 -0.3396 0.3314 -0.2047 0.0080 -0.2861 -0.1281 0.9496
1305031455.4916 -0.3526 0.3346 -0.2130 0.0037 -0.2823 -0.1198 0.9518
1305031455.5276 -0.3690 0.3350 -0.2240 -0.0008 -0.2782 -0.1104 0.9542
1305031455.5597 -0.3875 0.3422 -0.2371 -0.0013 -0.2772 -0.0982 0.9558
1305031455.5916 -0.4007 0.3426 -0.2521 -0.0058 -0.2778 -0.0869 0.9567
1305031455.6276 -0.4186 0.3403 -0.2639 -0.0106 -0.2740 -0.0775 0.9586
1305031455.6596 -0.4290 0.3413 -0.2759 -0.0079 -0.2721 -0.0724 0.9595
1305031455.6916 -0.4426 0.3426 -0.2920 -0.0049 -0.2684 -0.0732 0.9605
1305031455.7276 -0.4510 0.3414 -0.3003 -0.0036 -0.2662 -0.0756 0.9609
1305031455.7597 -0.4574 0.3406 -0.3061 -0.0025 -0.2635 -0.0774 0.9615
1305031455.7917 -0.4630 0.3351 -0.3159 -0.0023 -0.2609 -0.0763 0.9623
1305031455.8276 -0.4695 0.3304 -0.3288 -0.0020 -0.2591 -0.0756 0.9629
1305031455.8595 -0.4768 0.3290 -0.3370 -0.0015 -0.2580 -0.0763 0.9631
1305031455.8917 -0.4802 0.3267 -0.3466 -0.0014 -0.2565 -0.0764 0.9635
1305031455.9280 -0.4860 0.3230 -0.3548 -0.0023 -0.2543 -0.0768 0.9641
1305031455.9597 -0.4906 0.3226 -0.3633 -0.0012 -0.2519 -0.0784 0.9646
1305031455.9917 -0.4937 0.3199 -0.3684 -0.0028 -0.2499 -0.0796 0.9650
1305031456.0278 -0.4974 0.3200 -0.3735 -0.0069 -0.2467 -0.0829 0.9655
1305031456.0597 -0.5077 0.3044 -0.3795 -0.0175 -0.2423 -0.0906 0.9658
1305031456.0917 -0.5149 0.2983 -0.3839 -0.0209 -0.2391 -0.0940 0.9662
1305031456.1276 -0.5190 0.2966 -0.3873 -0.0209 -0.2369 -0.0943 0.9667
1305031456.1597 -0.5230 0.2933 -0.3873 -0.0212 -0.2341 -0.0946 0.9674
1305031456.1917 -0.5282 0.2769 -0.3970 -0.0211 -0.2277 -0.0922 0.9691
1305031456.2277 -0.5315 0.2785 -0.4038 -0.0187 -0.2204 -0.0900 0.9711
1305031456.2917 -0.5475 0.2616 -0.4045 -0.0216 -0.2004 -0.0833 0.9759
1305031456.3277 -0.5542 0.2542 -0.4049 -0.0203 -0.1919 -0.0755 0.9783
1305031456.3916 -0.5619 0.2392 -0.3992 -0.0213 -0.1737 -0.0650 0.9824
1305031456.4277 -0.5655 0.2290 -0.3961 -0.0209 -0.1685 -0.0552 0.9839
1305031456.4917 -0.6062 0.2458 -0.3949 -0.0229 -0.1587 -0.0430 0.9861
1305031456.5276 -0.6259 0.2528 -0.3868 -0.0252 -0.1577 -0.0375 0.9865
1305031456.5917 -0.6484 0.2626 -0.3779 -0.0244 -0.1530 -0.0287 0.9875
1305031456.6276 -0.6536 0.2722 -0.3705 -0.0369 -0.1509 -0.0247 0.9876
1305031456.6916 -0.6955 0.2571 -0.3550 -0.0511 -0.1378 -0.0133 0.9890
1305031456.7277 -0.7162 0.2760 -0.3518 -0.0511 -0.1342 -0.0023 0.9896
1305031456.7916 -0.7539 0.2603 -0.3389 -0.0592 -0.1419 0.0083 0.9881
1305031456.8276 -0.7662 0.2852 -0.3270 -0.0530 -0.1452 0.0163 0.9879
1305031456.8917 -0.7860 0.2785 -0.3052 -0.0660 -0.1439 0.0273 0.9870
1305031456.9277 -0.7960 0.2864 -0.3031 -0.0598 -0.1392 0.0331 0.9879
1305031456.9597 -0.8124 0.3002 -0.3027 -0.0594 -0.1316 0.0387 0.9888
1305031456.9917 -0.8217 0.2875 -0.2952 -0.0735 -0.1295 0.0409 0.9880
1305031457.0276 -0.8356 0.2888 -0.2939 -0.0747 -0.1247 0.0435 0.9884
1305031457.0917 -0.8519 0.2944 -0.2910 -0.0880 -0.1181 0.0512 0.9878
1305031457.1276 -0.8660 0.2887 -0.2922 -0.0913 -0.1105 0.0541 0.9882
1305031457.1917 -0.8896 0.2899 -0.3072 -0.0899 -0.0946 0.0695 0.9890
1305031457.2275 -0.8988 0.2853 -0.3114 -0.0937 -0.0895 0.0724 0.9889
1305031457.2917 -0.9163 0.2739 -0.3303 -0.0892 -0.0744 0.0883 0.9893
1305031457.3275 -0.9286 0.2776 -0.3403 -0.0858 -0.0650 0.0915 0.9900
1305031457.3917 -0.9530 0.2631 -0.3660 -0.0844 -0.0396 0.1071 0.9899
1305031457.4276 -0.9646 0.2635 -0.3762 -0.0818 -0.0329 0.1121 0.9898
1305031457.4917 -0.9921 0.2466 -0.4019 -0.0824 -0.0243 0.1229 0.9887
1305031457.5276 -0.9981 0.2442 -0.4117 -0.0792 -0.0219 0.1261 0.9886
1305031457.5597 -1.0083 0.2426 -0.4265 -0.0734 -0.0167 0.1330 0.9883
1305031457.5917 -1.0192 0.2368 -0.4369 -0.0731 -0.0125 0.1355 0.9880
1305031457.6275 -1.0347 0.2221 -0.4498 -0.0753 -0.0080 0.1382 0.9875
1305031457.6596 -1.0452 0.2179 -0.4611 -0.0746 -0.0053 0.1412 0.9871
1305031457.6916 -1.0580 0.2045 -0.4727 -0.0807 -0.0048 0.1436 0.9863
1305031457.7277 -1.0667 0.1916 -0.4764 -0.0836 -0.0027 0.1427 0.9862
1305031457.7596 -1.0744 0.1724 -0.4876 -0.0841 -0.0011 0.1429 0.9862
1305031457.7916 -1.0768 0.1582 -0.4903 -0.0768 0.0022 0.1432 0.9867
1305031457.8277 -1.0818 0.1634 -0.5062 -0.0639 0.0074 0.1458 0.9872
1305031457.8596 -1.0920 0.1621 -0.5108 -0.0600 0.0138 0.1457 0.9874
1305031457.8916 -1.1078 0.1391 -0.5162 -0.0545 0.0246 0.1452 0.9876
1305031457.9276 -1.1248 0.1344 -0.5237 -0.0406 0.0314 0.1489 0.9875
1305031457.9916 -1.1549 0.1188 -0.5266 -0.0282 0.0367 0.1543 0.9869
1305031458.0278 -1.1556 0.1102 -0.5290 -0.0191 0.0385 0.1584 0.9864
1305031458.0597 -1.1672 0.1134 -0.5362 -0.0105 0.0429 0.1605 0.9861
1305031458.0917 -1.1748 0.1120 -0.5344 -0.0106 0.0452 0.1611 0.9859
1305031458.1276 -1.1872 0.1055 -0.5302 -0.0119 0.0488 0.1616 0.9856
1305031458.1596 -1.1972 0.0989 -0.5275 -0.0116 0.0507 0.1632 0.9852
1305031458.1916 -1.2168 0.0963 -0.5180 -0.0109 0.0524 0.1670 0.9845
1305031458.2276 -1.2314 0.0794 -0.5000 -0.0210 0.0516 0.1661 0.9845
1305031458.2599 -1.2572 0.0555 -0.4881 -0.0245 0.0525 0.1614 0.9852
1305031458.2917 -1.2774 0.0424 -0.4850 -0.0183 0.0497 0.1663 0.9847
1305031458.3276 -1.2957 0.0395 -0.4726 -0.0157 0.0446 0.1675 0.9847
1305031458.3596 -1.3010 0.0079 -0.4594 -0.0161 0.0388 0.1686 0.9848
1305031458.3916 -1.3301 0.0137 -0.4478 -0.0007 0.0414 0.1745 0.9838
1305031458.4276 -1.3378 0.0177 -0.4304 0.0077 0.0408 0.1853 0.9818
1305031458.4596 -1.3320 0.0106 -0.4210 0.0189 0.0426 0.1905 0.9806
1305031458.4917 -1.3278 -0.0003 -0.4123 0.0338 0.0484 0.1900 0.9800
1305031458.5277 -1.3422 0.0105 -0.4088 0.0532 0.0582 0.1890 0.9788
1305031458.5596 -1.3540 0.0142 -0.3956 0.0591 0.0658 0.1876 0.9783
1305031458.5916 -1.3725 0.0123 -0.3864 0.0671 0.0739 0.1777 0.9790
1305031458.6277 -1.3857 0.0288 -0.3664 0.0733 0.0754 0.1759 0.9788
1305031458.6596 -1.4053 0.0299 -0.3584 0.0680 0.0725 0.1768 0.9792
1305031458.6917 -1.4240 0.0301 -0.3375 0.0651 0.0615 0.1674 0.9818
1305031458.7276 -1.4254 0.0277 -0.3212 0.0661 0.0468 0.1616 0.9835
1305031458.7599 -1.4349 0.0263 -0.3108 0.0709 0.0331 0.1534 0.9851
1305031458.7916 -1.4415 0.0362 -0.2913 0.0744 0.0194 0.1443 0.9865
1305031458.8276 -1.4412 0.0291 -0.2703 0.0678 0.0114 0.1420 0.9875
1305031458.8917 -1.4513 0.0299 -0.2493 0.0775 0.0112 0.1285 0.9886
1305031458.9276 -1.4590 0.0355 -0.2449 0.0783 0.0163 0.1293 0.9884
1305031458.9596 -1.4588 0.0280 -0.2363 0.0686 0.0182 0.1406 0.9875
1305031458.9916 -1.4686 0.0051 -0.2349 0.0654 0.0230 0.1437 0.9872
1305031459.0277 -1.4948 0.0095 -0.2274 0.0803 0.0249 0.1427 0.9862
1305031459.0596 -1.5129 0.0002 -0.2209 0.0868 0.0183 0.1532 0.9842
1305031459.1276 -1.5431 0.0623 -0.1767 0.1109 0.0294 0.1407 0.9834
1305031459.1596 -1.5496 0.0672 -0.1661 0.1211 0.0014 0.1407 0.9826
1305031459.1917 -1.5612 0.0690 -0.1492 0.1280 -0.0160 0.1439 0.9812
1305031459.2276 -1.5669 0.0718 -0.1360 0.1316 -0.0300 0.1522 0.9791
1305031459.2598 -1.5695 0.0752 -0.1198 0.1318 -0.0330 0.1586 0.9779
1305031459.3276 -1.5835 0.0850 -0.0920 0.1279 -0.0030 0.1842 0.9745
1305031459.3597 -1.5908 0.0874 -0.0792 0.1296 0.0190 0.2041 0.9702
1305031459.3917 -1.6063 0.1057 -0.0794 0.1262 0.0447 0.2283 0.9643
1305031459.4276 -1.5992 0.1110 -0.0698 0.1107 0.0722 0.2624 0.9559
1305031459.4597 -1.6099 0.1114 -0.0741 0.1045 0.1057 0.3008 0.9420
1305031459.5276 -1.6393 0.1327 -0.0612 0.0866 0.1470 0.3603 0.9171
1305031459.5596 -1.6479 0.1180 -0.0660 0.0742 0.1603 0.3860 0.9054
1305031459.5917 -1.6607 0.1158 -0.0649 0.0699 0.1651 0.4055 0.8963
1305031459.6276 -1.6647 0.1134 -0.0594 0.0660 0.1639 0.4187 0.8908
1305031459.6596 -1.6729 0.1145 -0.0553 0.0666 0.1688 0.4188 0.8898
1305031459.6916 -1.6926 0.1070 -0.0546 0.0618 0.1819 0.4221 0.8860
1305031459.7276 -1.6959 0.0920 -0.0569 0.0537 0.1858 0.4262 0.8837
1305031459.7917 -1.7234 0.0610 -0.0574 0.0519 0.1944 0.4229 0.8836
1305031459.8277 -1.7379 0.0435 -0.0533 0.0497 0.1965 0.4221 0.8836
1305031459.8597 -1.7591 0.0284 -0.0469 0.0475 0.1989 0.4193 0.8845
1305031459.8916 -1.7639 0.0051 -0.0445 0.0403 0.1943 0.4247 0.8833
1305031459.9276 -1.7717 -0.0145 -0.0417 0.0375 0.1922 0.4279 0.8824
1305031459.9917 -1.7890 -0.0419 -0.0277 0.0331 0.1901 0.4355 0.8793
1305031460.0276 -1.7960 -0.0563 -0.0216 0.0320 0.1912 0.4377 0.8780
1305031460.0597 -1.8049 -0.0760 -0.0176 0.0302 0.1926 0.4409 0.8761
1305031460.0917 -1.8164 -0.0999 -0.0174 0.0295 0.1900 0.4473 0.8735
1305031460.1277 -1.8209 -0.1093 -0.0100 0.0355 0.1812 0.4521 0.8727
1305031460.1597 -1.8313 -0.1190 -0.0029 0.0418 0.1749 0.4564 0.8714
1305031460.1916 -1.8314 -0.1302 0.0048 0.0407 0.1687 0.4635 0.8689
1305031460.2278 -1.8308 -0.1306 0.0139 0.0430 0.1688 0.4637 0.8687
1305031460.2917 -1.8336 -0.1466 0.0209 0.0465 0.1838 0.4643 0.8652
1305031460.3275 -1.8354 -0.1507 0.0251 0.0486 0.1898 0.4648 0.8635
1305031460.3916 -1.8391 -0.1609 0.0372 0.0446 0.2081 0.4693 0.8570
1305031460.4275 -1.8407 -0.1680 0.0416 0.0431 0.2173 0.4734 0.8525
1305031460.4596 -1.8388 -0.1656 0.0465 0.0415 0.2275 0.4755 0.8488
1305031460.4915 -1.8420 -0.1726 0.0444 0.0343 0.2401 0.4803 0.8429
1305031460.5276 -1.8447 -0.1879 0.0460 0.0245 0.2524 0.4868 0.8359
1305031460.5596 -1.8438 -0.1966 0.0521 0.0186 0.2610 0.4898 0.8316
1305031460.5919 -1.8462 -0.2030 0.0578 0.0155 0.2685 0.4894 0.8296
1305031460.6276 -1.8476 -0.2058 0.0629 0.0147 0.2742 0.4899 0.8274
1305031460.6598 -1.8515 -0.2123 0.0665 0.0134 0.2798 0.4888 0.8262
1305031460.6917 -1.8543 -0.2191 0.0696 0.0113 0.2824 0.4895 0.8249
1305031460.7277 -1.8547 -0.2226 0.0734 0.0094 0.2833 0.4894 0.8247
1305031460.7597 -1.8550 -0.2282 0.0767 0.0075 0.2862 0.4879 0.8246
1305031460.7917 -1.8582 -0.2372 0.0808 0.0052 0.2894 0.4875 0.8237
1305031460.8277 -1.8592 -0.2452 0.0869 0.0015 0.2911 0.4864 0.8238
1305031460.8597 -1.8591 -0.2490 0.0917 -0.0016 0.2931 0.4849 0.8240
1305031460.8918 -1.8580 -0.2557 0.0960 -0.0058 0.2955 0.4835 0.8239
1305031460.9276 -1.8591 -0.2641 0.1018 -0.0092 0.2972 0.4834 0.8233
1305031460.9917 -1.8468 -0.2844 0.1135 -0.0134 0.2998 0.4863 0.8207
1305031461.0276 -1.8458 -0.2935 0.1195 -0.0133 0.3020 0.4862 0.8199
1305031461.0917 -1.8522 -0.3028 0.1408 -0.0083 0.3034 0.4825 0.8217
1305031461.1276 -1.8470 -0.3055 0.1464 -0.0087 0.3029 0.4815 0.8224
1305031461.1597 -1.8431 -0.3135 0.1565 -0.0074 0.3058 0.4786 0.8230
1305031461.1920 -1.8433 -0.3189 0.1631 -0.0062 0.3078 0.4744 0.8247
1305031461.2276 -1.8414 -0.3235 0.1670 -0.0066 0.3088 0.4730 0.8252
1305031461.2596 -1.8398 -0.3278 0.1744 -0.0053 0.3103 0.4699 0.8264
1305031461.2917 -1.8390 -0.3300 0.1814 -0.0032 0.3124 0.4638 0.8290
1305031461.3278 -1.8391 -0.3268 0.1874 -0.0001 0.3148 0.4597 0.8304
1305031461.3597 -1.8401 -0.3256 0.1926 -0.0018 0.3177 0.4573 0.8306
1305031461.3917 -1.8337 -0.3318 0.1981 -0.0076 0.3174 0.4574 0.8307
1305031461.4276 -1.8285 -0.3310 0.1998 -0.0073 0.3167 0.4565 0.8314
1305031461.4598 -1.8307 -0.3316 0.2063 -0.0092 0.3188 0.4560 0.8308
1305031461.4917 -1.8214 -0.3348 0.2071 -0.0116 0.3176 0.4576 0.8304
1305031461.5277 -1.8224 -0.3310 0.2079 -0.0059 0.3197 0.4538 0.8317
1305031461.5597 -1.8173 -0.3239 0.2072 -0.0051 0.3195 0.4508 0.8335
1305031461.5917 -1.8118 -0.3157 0.1971 -0.0052 0.3233 0.4470 0.8341
1305031461.6275 -1.8091 -0.3071 0.1953 -0.0061 0.3277 0.4467 0.8325
1305031461.6596 -1.8093 -0.3017 0.1970 -0.0071 0.3330 0.4447 0.8314
1305031461.6916 -1.8125 -0.2976 0.2017 -0.0078 0.3385 0.4483 0.8272
1305031461.7276 -1.8080 -0.2900 0.2041 -0.0085 0.3393 0.4515 0.8252
1305031461.7597 -1.8081 -0.2815 0.1993 -0.0080 0.3406 0.4523 0.8242
1305031461.7916 -1.8051 -0.2767 0.1949 -0.0127 0.3436 0.4571 0.8203
1305031461.8276 -1.8026 -0.2699 0.1899 -0.0156 0.3486 0.4603 0.8163
1305031461.8598 -1.8090 -0.2562 0.1890 -0.0146 0.3549 0.4647 0.8111
1305031461.8917 -1.8126 -0.2431 0.1934 -0.0184 0.3582 0.4777 0.8020
1305031461.9278 -1.8069 -0.2349 0.1979 -0.0256 0.3564 0.4891 0.7957
1305031461.9597 -1.8026 -0.2178 0.1880 -0.0291 0.3583 0.4907 0.7937
1305031461.9916 -1.8136 -0.2017 0.1896 -0.0355 0.3658 0.4973 0.7859
1305031462.0277 -1.8166 -0.2008 0.2038 -0.0476 0.3693 0.5067 0.7776
1305031462.0598 -1.8172 -0.1914 0.2035 -0.0508 0.3619 0.5188 0.7729
1305031462.0918 -1.8151 -0.1763 0.1976 -0.0504 0.3517 0.5319 0.7687
1305031462.1277 -1.8122 -0.1662 0.1972 -0.0534 0.3459 0.5430 0.7633
1305031462.1596 -1.8151 -0.1483 0.1912 -0.0518 0.3387 0.5497 0.7619
1305031462.1916 -1.8181 -0.1405 0.1930 -0.0541 0.3380 0.5482 0.7631
1305031462.2276 -1.8268 -0.1222 0.1895 -0.0548 0.3344 0.5470 0.7655
1305031462.2598 -1.8326 -0.1247 0.1942 -0.0650 0.3357 0.5425 0.7673
1305031462.2916 -1.8383 -0.1219 0.1963 -0.0733 0.3332 0.5378 0.7709
1305031462.3275 -1.8376 -0.1146 0.1983 -0.0835 0.3284 0.5324 0.7757
1305031462.3597 -1.8540 -0.0948 0.1996 -0.0802 0.3274 0.5253 0.7813
1305031462.3917 -1.8602 -0.0767 0.2029 -0.0838 0.3191 0.5236 0.7855
1305031462.4276 -1.8657 -0.0552 0.2050 -0.0868 0.3091 0.5169 0.7936
1305031462.4599 -1.8892 -0.0237 0.2192 -0.0803 0.3053 0.5068 0.8022
1305031462.4920 -1.8885 -0.0188 0.2223 -0.0911 0.2946 0.5063 0.8053
1305031462.5277 -1.8940 -0.0317 0.2331 -0.1057 0.2925 0.4976 0.8098
1305031462.5599 -1.9033 -0.0238 0.2346 -0.1082 0.2870 0.4878 0.8173
1305031462.5919 -1.9174 -0.0030 0.2401 -0.0989 0.2866 0.4769 0.8250
1305031462.6279 -1.9168 -0.0092 0.2354 -0.1096 0.2833 0.4707 0.8283
1305031462.6597 -1.9199 -0.0046 0.2322 -0.1095 0.2809 0.4646 0.8326
1305031462.6925 -1.9364 0.0083 0.2312 -0.1023 0.2838 0.4497 0.8407
1305031462.7277 -1.9448 0.0156 0.2339 -0.1017 0.2807 0.4364 0.8488
1305031462.7598 -1.9442 0.0111 0.2254 -0.1094 0.2731 0.4276 0.8548
1305031462.7919 -1.9442 0.0068 0.2241 -0.1169 0.2693 0.4221 0.8577
1305031462.8278 -1.9402 0.0187 0.2261 -0.1223 0.2603 0.4159 0.8628
1305031462.8598 -1.9418 0.0159 0.2166 -0.1291 0.2588 0.4124 0.8639
1305031462.8918 -1.9409 0.0252 0.2071 -0.1290 0.2578 0.4082 0.8662
1305031462.9276 -1.9458 0.0401 0.1917 -0.1258 0.2585 0.4029 0.8689
1305031462.9597 -1.9422 0.0424 0.1867 -0.1267 0.2558 0.4009 0.8705
1305031462.9955 -1.9404 0.0578 0.1813 -0.1199 0.2519 0.3976 0.8741
1305031463.0277 -1.9403 0.0621 0.1678 -0.1157 0.2501 0.3925 0.8775
1305031463.0598 -1.9411 0.0602 0.1545 -0.1157 0.2481 0.3848 0.8815
1305031463.0958 -1.9386 0.0746 0.1441 -0.1110 0.2424 0.3727 0.8888
1305031463.1275 -1.9376 0.0827 0.1382 -0.1072 0.2417 0.3670 0.8918
1305031463.1598 -1.9384 0.0829 0.1195 -0.1049 0.2424 0.3540 0.8972
1305031463.1957 -1.9354 0.0846 0.1132 -0.1070 0.2416 0.3485 0.8993
1305031463.2278 -1.9292 0.1011 0.1094 -0.1032 0.2402 0.3423 0.9025
1305031463.2600 -1.9265 0.1117 0.0930 -0.0964 0.2403 0.3366 0.9054
1305031463.2957 -1.9209 0.1182 0.0818 -0.0947 0.2385 0.3339 0.9070
1305031463.3277 -1.9142 0.1326 0.0777 -0.0904 0.2347 0.3304 0.9097
1305031463.3598 -1.9149 0.1373 0.0640 -0.0852 0.2343 0.3238 0.9127
1305031463.3956 -1.9106 0.1429 0.0563 -0.0828 0.2322 0.3225 0.9139
1305031463.4277 -1.9027 0.1604 0.0506 -0.0773 0.2296 0.3191 0.9162
1305031463.4598 -1.8916 0.1794 0.0437 -0.0725 0.2281 0.3161 0.9181
1305031463.4956 -1.8838 0.1910 0.0398 -0.0724 0.2322 0.3132 0.9180
1305031463.5277 -1.8699 0.2007 0.0354 -0.0727 0.2378 0.3110 0.9173
1305031463.5598 -1.8653 0.2073 0.0293 -0.0694 0.2434 0.3088 0.9168
1305031463.5956 -1.8538 0.2180 0.0186 -0.0672 0.2397 0.3082 0.9182
1305031463.6276 -1.8388 0.2151 0.0058 -0.0702 0.2385 0.3076 0.9185
1305031463.6598 -1.8232 0.2258 -0.0097 -0.0582 0.2383 0.3048 0.9203
1305031463.6956 -1.8125 0.2327 -0.0289 -0.0553 0.2358 0.3016 0.9222
1305031463.7276 -1.8035 0.2284 -0.0406 -0.0580 0.2407 0.2957 0.9226
1305031463.7597 -1.7881 0.2295 -0.0572 -0.0515 0.2437 0.2871 0.9249
1305031463.7956 -1.7725 0.2316 -0.0834 -0.0468 0.2420 0.2762 0.9290
1305031463.8278 -1.7529 0.2258 -0.1041 -0.0508 0.2394 0.2648 0.9327
1305031463.8599 -1.7417 0.2220 -0.1177 -0.0478 0.2436 0.2562 0.9342
1305031463.8956 -1.7349 0.2243 -0.1411 -0.0415 0.2451 0.2447 0.9372
1305031463.9277 -1.7257 0.2202 -0.1547 -0.0420 0.2431 0.2396 0.9390
1305031463.9597 -1.7063 0.2151 -0.1758 -0.0400 0.2368 0.2328 0.9424
1305031463.9958 -1.7061 0.2131 -0.1880 -0.0330 0.2382 0.2239 0.9445
1305031464.0277 -1.7019 0.2121 -0.2007 -0.0313 0.2374 0.2139 0.9471
1305031464.0597 -1.6797 0.2018 -0.2227 -0.0326 0.2323 0.2059 0.9500
1305031464.0956 -1.6784 0.1947 -0.2400 -0.0286 0.2356 0.1928 0.9521
1305031464.1277 -1.6835 0.1935 -0.2468 -0.0243 0.2385 0.1863 0.9528
1305031464.1598 -1.6768 0.1792 -0.2571 -0.0222 0.2358 0.1842 0.9539
1305031464.1956 -1.6722 0.1693 -0.2727 -0.0122 0.2302 0.1797 0.9563
1305031464.2276 -1.6775 0.1824 -0.2894 0.0044 0.2218 0.1701 0.9601
1305031464.2596 -1.6834 0.1829 -0.2929 0.0105 0.2100 0.1684 0.9630
1305031464.2957 -1.6826 0.1824 -0.2964 0.0132 0.1959 0.1631 0.9669
1305031464.3279 -1.6611 0.1906 -0.3077 0.0169 0.1784 0.1574 0.9711
1305031464.3597 -1.6528 0.1875 -0.3162 0.0198 0.1710 0.1508 0.9734
1305031464.3956 -1.6465 0.1958 -0.3275 0.0269 0.1675 0.1383 0.9758
1305031464.4276 -1.6403 0.1949 -0.3431 0.0275 0.1670 0.1314 0.9768
1305031464.4597 -1.6391 0.1878 -0.3575 0.0278 0.1670 0.1231 0.9778
1305031464.4956 -1.6321 0.1869 -0.3683 0.0291 0.1657 0.1171 0.9788
1305031464.5276 -1.6278 0.1860 -0.3880 0.0295 0.1660 0.1098 0.9795
1305031464.5597 -1.6109 0.1842 -0.3996 0.0275 0.1625 0.1020 0.9810
1305031464.5957 -1.5834 0.1689 -0.4229 0.0280 0.1626 0.0897 0.9822
1305031464.6277 -1.5688 0.1655 -0.4454 0.0392 0.1728 0.0832 0.9807
1305031464.6597 -1.5585 0.1577 -0.4607 0.0481 0.1847 0.0718 0.9790
1305031464.6957 -1.5424 0.1451 -0.4833 0.0595 0.1929 0.0575 0.9777
1305031464.7277 -1.5374 0.1491 -0.4844 0.0788 0.1987 0.0396 0.9761
1305031464.7597 -1.5368 0.1522 -0.4891 0.0915 0.1994 0.0221 0.9754
1305031464.7960 -1.5401 0.1456 -0.4925 0.0970 0.1967 0.0024 0.9757
1305031464.8278 -1.5377 0.1540 -0.4864 0.1107 0.1847 -0.0127 0.9765
1305031464.8597 -1.5372 0.1774 -0.4754 0.1216 0.1703 -0.0316 0.9773
1305031464.8958 -1.5242 0.1719 -0.4718 0.1175 0.1546 -0.0499 0.9797
1305031464.9278 -1.4973 0.1500 -0.4797 0.1110 0.1400 -0.0700 0.9814
1305031464.9598 -1.4865 0.1396 -0.4809 0.1120 0.1353 -0.0877 0.9805
1305031464.9957 -1.4816 0.1451 -0.4696 0.1187 0.1364 -0.1073 0.9776
1305031465.0278 -1.4794 0.1494 -0.4578 0.1226 0.1390 -0.1264 0.9745
1305031465.0597 -1.4803 0.1671 -0.4354 0.1302 0.1370 -0.1467 0.9709
1305031465.0957 -1.4582 0.2014 -0.4160 0.1296 0.1247 -0.1634 0.9700
1305031465.1277 -1.4421 0.2063 -0.3883 0.1118 0.1144 -0.1773 0.9711
1305031465.1598 -1.4259 0.2040 -0.3599 0.0945 0.1041 -0.1845 0.9727
1305031465.1956 -1.4077 0.1865 -0.3472 0.0761 0.0932 -0.1940 0.9736
1305031465.2279 -1.3906 0.1908 -0.3249 0.0636 0.0862 -0.2002 0.9739
1305031465.2598 -1.3749 0.1824 -0.3013 0.0488 0.0785 -0.2015 0.9751
1305031465.2956 -1.3670 0.1958 -0.2762 0.0471 0.0732 -0.1906 0.9778
1305031465.3277 -1.3542 0.2030 -0.2685 0.0379 0.0615 -0.1817 0.9807
1305031465.3599 -1.3457 0.2039 -0.2528 0.0330 0.0475 -0.1710 0.9836
1305031465.3956 -1.3131 0.2068 -0.2448 0.0335 0.0270 -0.1601 0.9862
1305031465.4277 -1.2907 0.2049 -0.2438 0.0336 0.0143 -0.1518 0.9877
1305031465.4601 -1.2774 0.2152 -0.2443 0.0367 0.0068 -0.1430 0.9890
1305031465.4957 -1.2565 0.2241 -0.2461 0.0346 -0.0021 -0.1334 0.9905
1305031465.5276 -1.2415 0.2197 -0.2480 0.0316 -0.0095 -0.1307 0.9909
1305031465.5598 -1.2222 0.2255 -0.2510 0.0363 -0.0171 -0.1268 0.9911
1305031465.5956 -1.2044 0.2299 -0.2553 0.0393 -0.0216 -0.1204 0.9917
1305031465.6277 -1.1932 0.2378 -0.2563 0.0426 -0.0246 -0.1143 0.9922
1305031465.6601 -1.1817 0.2426 -0.2583 0.0445 -0.0308 -0.1102 0.9924
1305031465.6957 -1.1579 0.2485 -0.2606 0.0484 -0.0391 -0.1048 0.9926
1305031465.7277 -1.1430 0.2579 -0.2659 0.0537 -0.0418 -0.0988 0.9928
1305031465.7598 -1.1272 0.2718 -0.2663 0.0603 -0.0459 -0.0923 0.9928
1305031465.7959 -1.1069 0.2737 -0.2718 0.0617 -0.0495 -0.0883 0.9929
1305031465.8280 -1.0874 0.2823 -0.2704 0.0684 -0.0543 -0.0848 0.9926
1305031465.8599 -1.0598 0.2992 -0.2837 0.0788 -0.0575 -0.0815 0.9919
1305031465.8955 -1.0350 0.3108 -0.2880 0.0824 -0.0526 -0.0803 0.9920
1305031465.9275 -1.0113 0.3132 -0.2855 0.0859 -0.0467 -0.0787 0.9921
1305031465.9597 -0.9862 0.3278 -0.2926 0.0962 -0.0410 -0.0793 0.9914
1305031465.9958 -0.9623 0.3367 -0.2979 0.1015 -0.0372 -0.0808 0.9908
1305031466.0276 -0.9411 0.3445 -0.3084 0.1040 -0.0374 -0.0820 0.9905
1305031466.0598 -0.9173 0.3692 -0.3102 0.1055 -0.0373 -0.0799 0.9905
1305031466.0958 -0.9078 0.3885 -0.3159 0.1026 -0.0369 -0.0803 0.9908
1305031466.1276 -0.8945 0.4080 -0.3184 0.0982 -0.0397 -0.0801 0.9911
1305031466.1604 -0.8856 0.4309 -0.3220 0.0962 -0.0421 -0.0793 0.9913
1305031466.1958 -0.8748 0.4479 -0.3276 0.0893 -0.0472 -0.0764 0.9920
1305031466.2280 -0.8598 0.4496 -0.3289 0.0747 -0.0544 -0.0801 0.9925
1305031466.2598 -0.8434 0.4470 -0.3348 0.0716 -0.0574 -0.0864 0.9920
1305031466.2957 -0.8196 0.4539 -0.3450 0.0750 -0.0555 -0.0971 0.9909
1305031466.3277 -0.8000 0.4587 -0.3599 0.0750 -0.0476 -0.1038 0.9906
1305031466.3598 -0.7874 0.4648 -0.3746 0.0714 -0.0375 -0.1104 0.9906
1305031466.3958 -0.7748 0.4552 -0.3895 0.0686 -0.0358 -0.1124 0.9906
1305031466.4278 -0.7664 0.4612 -0.4013 0.0730 -0.0371 -0.1164 0.9898
1305031466.4598 -0.7550 0.4684 -0.4115 0.0733 -0.0402 -0.1189 0.9894
1305031466.4958 -0.7413 0.4751 -0.4165 0.0711 -0.0426 -0.1200 0.9893
1305031466.5275 -0.7152 0.4670 -0.4288 0.0674 -0.0435 -0.1194 0.9896
1305031466.5604 -0.6967 0.4750 -0.4416 0.0680 -0.0392 -0.1201 0.9897
1305031466.5959 -0.6712 0.4801 -0.4472 0.0588 -0.0404 -0.1242 0.9897
1305031466.6275 -0.6522 0.4588 -0.4572 0.0491 -0.0377 -0.1276 0.9899
1305031466.6597 -0.6308 0.4563 -0.4657 0.0528 -0.0361 -0.1326 0.9891
1305031466.6958 -0.6110 0.4676 -0.4732 0.0554 -0.0373 -0.1386 0.9881
1305031466.7281 -0.5964 0.4715 -0.4737 0.0501 -0.0375 -0.1510 0.9865
1305031466.7596 -0.5740 0.4595 -0.4760 0.0497 -0.0395 -0.1570 0.9856
1305031466.7956 -0.5621 0.4621 -0.4883 0.0534 -0.0403 -0.1610 0.9847
1305031466.8279 -0.5492 0.4638 -0.4929 0.0511 -0.0435 -0.1628 0.9844
1305031466.8597 -0.5438 0.4606 -0.4926 0.0490 -0.0462 -0.1624 0.9844
1305031466.8957 -0.5284 0.4594 -0.4930 0.0498 -0.0583 -0.1619 0.9838
1305031466.9278 -0.5145 0.4558 -0.4987 0.0480 -0.0717 -0.1648 0.9826
1305031466.9597 -0.5030 0.4484 -0.5034 0.0459 -0.0785 -0.1675 0.9817
1305031466.9957 -0.4931 0.4449 -0.5096 0.0454 -0.0811 -0.1694 0.9812
1305031467.0278 -0.4834 0.4424 -0.5121 0.0449 -0.0838 -0.1721 0.9805
1305031467.0597 -0.4702 0.4401 -0.5190 0.0449 -0.0862 -0.1737 0.9800
1305031467.0957 -0.4599 0.4438 -0.5174 0.0448 -0.0867 -0.1764 0.9795
1305031467.1290 -0.4541 0.4413 -0.5174 0.0440 -0.0875 -0.1839 0.9781
1305031467.1597 -0.4469 0.4399 -0.5190 0.0445 -0.0889 -0.1886 0.9770
1305031467.1957 -0.4409 0.4402 -0.5224 0.0449 -0.0911 -0.1924 0.9761
1305031467.2277 -0.4305 0.4398 -0.5238 0.0457 -0.0960 -0.1962 0.9748
1305031467.2597 -0.4248 0.4403 -0.5241 0.0466 -0.0986 -0.1992 0.9739
1305031467.2958 -0.4175 0.4413 -0.5275 0.0480 -0.1016 -0.2041 0.9725
1305031467.3280 -0.4078 0.4412 -0.5328 0.0484 -0.1054 -0.2083 0.9712
1305031467.3597 -0.3983 0.4474 -0.5410 0.0476 -0.1091 -0.2109 0.9702
1305031467.3958 -0.3852 0.4496 -0.5378 0.0441 -0.1150 -0.2153 0.9688
1305031467.4278 -0.3755 0.4476 -0.5389 0.0433 -0.1192 -0.2175 0.9678
1305031467.4597 -0.3610 0.4413 -0.5471 0.0415 -0.1254 -0.2183 0.9669
1305031467.4961 -0.3433 0.4563 -0.5525 0.0421 -0.1310 -0.2246 0.9647
1305031467.5277 -0.3337 0.4507 -0.5585 0.0380 -0.1325 -0.2287 0.9637
1305031467.5598 -0.3243 0.4475 -0.5559 0.0378 -0.1340 -0.2299 0.9632
1305031467.5960 -0.3180 0.4451 -0.5585 0.0371 -0.1349 -0.2278 0.9636
1305031467.6275 -0.3071 0.4473 -0.5522 0.0399 -0.1391 -0.2255 0.9634
1305031467.6596 -0.3030 0.4414 -0.5509 0.0433 -0.1426 -0.2247 0.9630
1305031467.6959 -0.2996 0.4374 -0.5522 0.0442 -0.1440 -0.2272 0.9621
1305031467.7275 -0.2942 0.4339 -0.5449 0.0483 -0.1454 -0.2333 0.9603
1305031467.7599 -0.2933 0.4348 -0.5375 0.0543 -0.1459 -0.2360 0.9592
1305031467.7961 -0.2940 0.4396 -0.5370 0.0590 -0.1455 -0.2393 0.9582
1305031467.8278 -0.2985 0.4341 -0.5284 0.0627 -0.1450 -0.2403 0.9578
1305031467.8597 -0.2917 0.4394 -0.5218 0.0735 -0.1493 -0.2371 0.9571
1305031467.8959 -0.2898 0.4326 -0.5191 0.0762 -0.1538 -0.2380 0.9560
1305031467.9278 -0.2850 0.4233 -0.4997 0.0782 -0.1603 -0.2415 0.9539
1305031467.9598 -0.2815 0.4067 -0.4917 0.0823 -0.1649 -0.2429 0.9524
1305031467.9958 -0.2760 0.4057 -0.4897 0.0845 -0.1659 -0.2441 0.9517
1305031468.0281 -0.2729 0.3999 -0.4746 0.0845 -0.1663 -0.2468 0.9510
1305031468.0598 -0.2756 0.3830 -0.4614 0.0868 -0.1677 -0.2501 0.9496
1305031468.0959 -0.2745 0.3818 -0.4552 0.0892 -0.1688 -0.2524 0.9486
1305031468.1278 -0.2715 0.3757 -0.4437 0.0889 -0.1701 -0.2530 0.9482
1305031468.1599 -0.2714 0.3663 -0.4300 0.0900 -0.1713 -0.2547 0.9475
1305031468.1960 -0.2642 0.3588 -0.4165 0.0906 -0.1724 -0.2577 0.9464
1305031468.2282 -0.2586 0.3491 -0.3984 0.0905 -0.1726 -0.2580 0.9463
1305031468.2598 -0.2467 0.3320 -0.3778 0.0900 -0.1745 -0.2568 0.9463
1305031468.2958 -0.2409 0.3200 -0.3623 0.0906 -0.1730 -0.2576 0.9463
1305031468.3278 -0.2326 0.2945 -0.3427 0.0901 -0.1746 -0.2560 0.9465
1305031468.3598 -0.2227 0.2801 -0.3278 0.0938 -0.1753 -0.2515 0.9472
1305031468.3959 -0.2194 0.2733 -0.3253 0.0929 -0.1740 -0.2514 0.9476
1305031468.4280 -0.2155 0.2590 -0.3081 0.0913 -0.1745 -0.2506 0.9478
1305031468.4598 -0.2152 0.2300 -0.2992 0.0870 -0.1754 -0.2463 0.9492
1305031468.4958 -0.2101 0.2208 -0.2916 0.0864 -0.1755 -0.2464 0.9492
1305031468.5278 -0.2171 0.2019 -0.2774 0.0870 -0.1730 -0.2516 0.9483
1305031468.5597 -0.2274 0.1832 -0.2823 0.0917 -0.1711 -0.2624 0.9452
1305031468.5958 -0.2321 0.1803 -0.2881 0.0950 -0.1698 -0.2675 0.9437
1305031468.6276 -0.2366 0.1715 -0.2841 0.0914 -0.1701 -0.2681 0.9439
1305031468.6596 -0.2509 0.1478 -0.2762 0.0886 -0.1726 -0.2697 0.9432
1305031468.6958 -0.2635 0.1273 -0.2729 0.0911 -0.1769 -0.2755 0.9405
1305031468.7278 -0.2712 0.1223 -0.2682 0.0971 -0.1815 -0.2763 0.9388
1305031468.7596 -0.2762 0.1104 -0.2647 0.0974 -0.1849 -0.2762 0.9381
1305031468.7958 -0.2868 0.0960 -0.2598 0.1025 -0.1872 -0.2810 0.9357
1305031468.8292 -0.2986 0.0831 -0.2709 0.1094 -0.1867 -0.2887 0.9326
1305031468.8597 -0.2975 0.0812 -0.2721 0.1118 -0.1866 -0.2920 0.9314
1305031468.8959 -0.2895 0.0702 -0.2573 0.1116 -0.1853 -0.2925 0.9315
1305031468.9281 -0.2922 0.0655 -0.2598 0.1098 -0.1785 -0.2903 0.9337
1305031468.9596 -0.3075 0.0646 -0.2626 0.1053 -0.1696 -0.2889 0.9363
1305031468.9957 -0.3089 0.0695 -0.2581 0.0928 -0.1646 -0.2923 0.9375
1305031469.0277 -0.3125 0.0641 -0.2521 0.0747 -0.1597 -0.2972 0.9384
1305031469.0598 -0.3230 0.0483 -0.2454 0.0589 -0.1566 -0.3033 0.9381
1305031469.0957 -0.3215 0.0451 -0.2370 0.0486 -0.1550 -0.3121 0.9361
1305031469.1277 -0.3155 0.0335 -0.2212 0.0362 -0.1506 -0.3218 0.9341
1305031469.1597 -0.3122 0.0221 -0.2022 0.0256 -0.1443 -0.3281 0.9332
1305031469.1955 -0.3213 0.0222 -0.1987 0.0205 -0.1311 -0.3293 0.9348
1305031469.2278 -0.3257 0.0141 -0.1899 0.0158 -0.1273 -0.3316 0.9347
1305031469.2596 -0.3275 0.0079 -0.1708 0.0090 -0.1239 -0.3351 0.9339
1305031469.2968 -0.3299 -0.0021 -0.1583 0.0026 -0.1207 -0.3370 0.9337
1305031469.3276 -0.3343 0.0028 -0.1482 0.0001 -0.1169 -0.3386 0.9337
1305031469.3596 -0.3282 -0.0103 -0.1285 -0.0091 -0.1161 -0.3437 0.9318
1305031469.3957 -0.3306 -0.0108 -0.1154 -0.0079 -0.1028 -0.3489 0.9315
1305031469.4277 -0.3256 -0.0120 -0.1003 -0.0059 -0.0940 -0.3542 0.9304
1305031469.4597 -0.3223 -0.0249 -0.0899 -0.0103 -0.0883 -0.3612 0.9282
1305031469.4957 -0.3290 -0.0154 -0.0805 -0.0092 -0.0827 -0.3636 0.9278
1305031469.5276 -0.3260 -0.0099 -0.0676 -0.0111 -0.0843 -0.3619 0.9283
1305031469.5596 -0.3274 -0.0072 -0.0537 -0.0186 -0.0839 -0.3619 0.9283
1305031469.5958 -0.3241 0.0055 -0.0417 -0.0244 -0.0826 -0.3590 0.9293
1305031469.6278 -0.3210 0.0057 -0.0253 -0.0344 -0.0832 -0.3592 0.9289
1305031469.6596 -0.3294 0.0108 -0.0094 -0.0430 -0.0766 -0.3600 0.9288
1305031469.6956 -0.3278 0.0203 0.0003 -0.0462 -0.0736 -0.3585 0.9295
1305031469.7277 -0.3243 0.0308 0.0111 -0.0505 -0.0693 -0.3565 0.9303
1305031469.7596 -0.3310 0.0559 0.0261 -0.0515 -0.0601 -0.3502 0.9333
1305031469.7956 -0.3401 0.0774 0.0438 -0.0543 -0.0546 -0.3477 0.9345
1305031469.8275 -0.3387 0.0881 0.0524 -0.0595 -0.0577 -0.3455 0.9347
1305031469.8596 -0.3511 0.1098 0.0669 -0.0644 -0.0538 -0.3431 0.9356
1305031469.8958 -0.3499 0.1193 0.0750 -0.0701 -0.0577 -0.3392 0.9363
1305031469.9279 -0.3586 0.1320 0.0887 -0.0758 -0.0584 -0.3372 0.9366
1305031469.9598 -0.3678 0.1484 0.0992 -0.0768 -0.0601 -0.3348 0.9372
1305031469.9956 -0.3739 0.1697 0.1095 -0.0770 -0.0613 -0.3304 0.9387
1305031470.0277 -0.3812 0.1871 0.1128 -0.0781 -0.0627 -0.3299 0.9387
1305031470.0596 -0.3882 0.2001 0.1172 -0.0807 -0.0635 -0.3281 0.9390
1305031470.0959 -0.4016 0.2206 0.1256 -0.0812 -0.0602 -0.3258 0.9400
1305031470.1276 -0.4162 0.2414 0.1301 -0.0826 -0.0564 -0.3231 0.9411
1305031470.1596 -0.4222 0.2592 0.1341 -0.0848 -0.0580 -0.3195 0.9420
1305031470.1961 -0.4313 0.2671 0.1309 -0.0892 -0.0611 -0.3184 0.9418
1305031470.2276 -0.4425 0.2839 0.1387 -0.0925 -0.0607 -0.3125 0.9435
1305031470.2600 -0.4492 0.3010 0.1387 -0.0947 -0.0613 -0.3094 0.9442
1305031470.2957 -0.4624 0.3210 0.1419 -0.0967 -0.0579 -0.3055 0.9455
1305031470.3276 -0.4710 0.3334 0.1427 -0.1035 -0.0581 -0.3020 0.9459
1305031470.3596 -0.4815 0.3490 0.1473 -0.1065 -0.0597 -0.2952 0.9476
1305031470.3958 -0.4941 0.3687 0.1494 -0.1060 -0.0587 -0.2907 0.9491
1305031470.4276 -0.5077 0.3801 0.1514 -0.1069 -0.0600 -0.2918 0.9486
1305031470.4597 -0.5173 0.3878 0.1511 -0.1080 -0.0629 -0.2903 0.9487
1305031470.4957 -0.5277 0.3971 0.1506 -0.1072 -0.0650 -0.2883 0.9493
1305031470.5277 -0.5360 0.4047 0.1508 -0.1076 -0.0687 -0.2888 0.9489
1305031470.5597 -0.5505 0.4196 0.1515 -0.1053 -0.0642 -0.2878 0.9497
1305031470.5958 -0.5600 0.4288 0.1508 -0.1043 -0.0642 -0.2842 0.9509
1305031470.6277 -0.5656 0.4336 0.1528 -0.1071 -0.0678 -0.2805 0.9514
1305031470.6597 -0.5791 0.4508 0.1527 -0.1023 -0.0626 -0.2733 0.9544
1305031470.6956 -0.5864 0.4581 0.1538 -0.1043 -0.0655 -0.2684 0.9554
1305031470.7277 -0.5962 0.4617 0.1561 -0.1047 -0.0663 -0.2678 0.9555
1305031470.7597 -0.6048 0.4688 0.1543 -0.1041 -0.0623 -0.2639 0.9569
1305031470.7956 -0.6121 0.4747 0.1555 -0.1033 -0.0585 -0.2612 0.9580
1305031470.8278 -0.6221 0.4825 0.1563 -0.0980 -0.0561 -0.2555 0.9602
1305031470.8596 -0.6307 0.4831 0.1545 -0.0956 -0.0571 -0.2499 0.9619
1305031470.8957 -0.6401 0.4916 0.1525 -0.0891 -0.0571 -0.2439 0.9640
1305031470.9277 -0.6475 0.4940 0.1521 -0.0848 -0.0622 -0.2384 0.9654
1305031470.9596 -0.6596 0.4983 0.1505 -0.0730 -0.0642 -0.2364 0.9668
1305031470.9960 -0.6640 0.4944 0.1442 -0.0670 -0.0675 -0.2338 0.9676
1305031471.0276 -0.6665 0.4951 0.1421 -0.0553 -0.0704 -0.2317 0.9686
1305031471.0596 -0.6724 0.4916 0.1394 -0.0472 -0.0708 -0.2274 0.9701
1305031471.0958 -0.6810 0.4991 0.1356 -0.0330 -0.0687 -0.2215 0.9722
1305031471.1277 -0.6859 0.4974 0.1323 -0.0279 -0.0713 -0.2127 0.9741
1305031471.1596 -0.6886 0.5001 0.1304 -0.0208 -0.0729 -0.2046 0.9759
1305031471.1957 -0.6900 0.5009 0.1291 -0.0183 -0.0732 -0.2009 0.9767
1305031471.2276 -0.6933 0.5017 0.1284 -0.0178 -0.0720 -0.1975 0.9775
1305031471.2597 -0.6986 0.5020 0.1275 -0.0179 -0.0699 -0.1956 0.9780
1305031471.2961 -0.7026 0.5005 0.1278 -0.0178 -0.0688 -0.1928 0.9787
1305031471.3276 -0.7010 0.5020 0.1272 -0.0133 -0.0694 -0.1896 0.9793
1305031471.3596 -0.7022 0.5041 0.1253 -0.0112 -0.0646 -0.1868 0.9802
1305031471.3957 -0.7071 0.5009 0.1256 -0.0124 -0.0602 -0.1829 0.9812
1305031471.4277 -0.7112 0.4996 0.1219 -0.0108 -0.0587 -0.1783 0.9822
1305031471.4596 -0.7150 0.5016 0.1197 -0.0096 -0.0586 -0.1751 0.9828
1305031471.4965 -0.7239 0.5006 0.1160 -0.0124 -0.0553 -0.1708 0.9837
1305031471.5276 -0.7267 0.5013 0.1141 -0.0123 -0.0544 -0.1684 0.9841
1305031471.5597 -0.7280 0.5016 0.1126 -0.0126 -0.0535 -0.1671 0.9844
1305031471.5957 -0.7298 0.5006 0.1112 -0.0135 -0.0508 -0.1656 0.9848
1305031471.6276 -0.7313 0.5043 0.1092 -0.0106 -0.0478 -0.1652 0.9850
1305031471.6596 -0.7337 0.5046 0.1055 -0.0094 -0.0444 -0.1638 0.9854
1305031471.6956 -0.7331 0.5068 0.1018 -0.0071 -0.0430 -0.1603 0.9861
1305031471.7275 -0.7363 0.5046 0.0988 -0.0103 -0.0388 -0.1567 0.9868
1305031471.7597 -0.7380 0.5055 0.0956 -0.0099 -0.0336 -0.1498 0.9881
1305031471.7958 -0.7397 0.5031 0.0904 -0.0118 -0.0273 -0.1426 0.9893
1305031471.8276 -0.7407 0.5067 0.0888 -0.0130 -0.0242 -0.1381 0.9900
1305031471.8597 -0.7385 0.5137 0.0906 -0.0136 -0.0230 -0.1289 0.9913
1305031471.8956 -0.7405 0.5128 0.0890 -0.0195 -0.0192 -0.1239 0.9919
1305031471.9277 -0.7419 0.5102 0.0894 -0.0279 -0.0146 -0.1159 0.9928
1305031471.9596 -0.7459 0.5144 0.0935 -0.0263 -0.0065 -0.1122 0.9933
1305031471.9956 -0.7476 0.5183 0.0879 -0.0259 -0.0002 -0.1107 0.9935
1305031472.0276 -0.7456 0.5294 0.0848 -0.0247 0.0019 -0.1040 0.9943
1305031472.0597 -0.7462 0.5303 0.0910 -0.0284 0.0042 -0.0972 0.9949
1305031472.0956 -0.7478 0.5309 0.0905 -0.0301 0.0071 -0.0921 0.9953
1305031472.1276 -0.7505 0.5395 0.0908 -0.0294 0.0088 -0.0910 0.9954
1305031472.1596 -0.7549 0.5404 0.0993 -0.0323 0.0098 -0.0843 0.9959
1305031472.1957 -0.7574 0.5479 0.1038 -0.0243 0.0108 -0.0772 0.9967
1305031472.2276 -0.7578 0.5675 0.1024 -0.0069 0.0111 -0.0740 0.9972
1305031472.2638 -0.7573 0.5690 0.1010 -0.0012 0.0101 -0.0749 0.9971
1305031472.2957 -0.7566 0.5681 0.1025 0.0020 0.0098 -0.0722 0.9973
1305031472.3277 -0.7553 0.5743 0.0991 0.0118 0.0090 -0.0675 0.9976
1305031472.3636 -0.7561 0.5742 0.0986 0.0117 0.0088 -0.0669 0.9977
1305031472.3956 -0.7586 0.5748 0.0990 0.0126 0.0086 -0.0658 0.9977
1305031472.4277 -0.7598 0.5719 0.1002 0.0135 0.0052 -0.0643 0.9978
1305031472.4636 -0.7610 0.5661 0.0982 0.0130 0.0048 -0.0649 0.9978
1305031472.4956 -0.7593 0.5617 0.0959 0.0114 0.0060 -0.0663 0.9977
1305031472.5276 -0.7585 0.5573 0.0968 0.0119 0.0067 -0.0664 0.9977
1305031472.5636 -0.7583 0.5551 0.0975 0.0158 0.0063 -0.0651 0.9977
1305031472.5957 -0.7545 0.5528 0.0931 0.0195 0.0019 -0.0609 0.9980
1305031472.6277 -0.7532 0.5513 0.0934 0.0192 0.0010 -0.0601 0.9980
1305031472.6636 -0.7529 0.5494 0.0931 0.0200 0.0008 -0.0587 0.9981
1305031472.6958 -0.7518 0.5409 0.0929 0.0190 -0.0005 -0.0574 0.9982
1305031472.7276 -0.7508 0.5358 0.0922 0.0213 -0.0018 -0.0582 0.9981
1305031472.7636 -0.7512 0.5369 0.0929 0.0252 -0.0005 -0.0595 0.9979
1305031472.7956 -0.7500 0.5320 0.0950 0.0246 0.0000 -0.0606 0.9979
1305031472.8276 -0.7501 0.5254 0.0971 0.0245 0.0010 -0.0610 0.9978
1305031472.8636 -0.7499 0.5267 0.0978 0.0270 0.0010 -0.0601 0.9978
1305031472.8957 -0.7493 0.5268 0.0984 0.0276 -0.0005 -0.0588 0.9979
1305031472.9277 -0.7483 0.5237 0.0992 0.0264 -0.0017 -0.0578 0.9980
1305031472.9638 -0.7482 0.5229 0.1000 0.0268 -0.0016 -0.0563 0.9981
1305031472.9957 -0.7493 0.5233 0.1011 0.0267 -0.0017 -0.0552 0.9981
1305031473.0276 -0.7492 0.5243 0.1026 0.0273 -0.0028 -0.0547 0.9981
1305031473.0637 -0.7484 0.5230 0.1041 0.0263 -0.0035 -0.0561 0.9981
1305031473.0957 -0.7480 0.5186 0.1023 0.0243 -0.0027 -0.0581 0.9980
1305031473.1277 -0.7477 0.5166 0.1025 0.0233 -0.0027 -0.0589 0.9980
1305031473.1671 -0.7482 0.5140 0.1037 0.0235 -0.0030 -0.0592 0.9980
1305031473.1961 -0.7477 0.5076 0.1030 0.0209 -0.0041 -0.0590 0.9980
