1305031453.3917 0.0000 0.0000 0.0000 0.0000 0.0000 0.0000 1.0000
1305031453.5237 0.0106 0.0164 -0.0414 0.0159 0.0223 0.0367 0.9990
1305031453.6277 0.0037 0.0341 -0.0850 0.0371 0.0305 0.0513 0.9975
1305031453.7277 -0.0160 0.0617 -0.1311 0.0568 0.0178 0.0400 0.9974
1305031453.8278 -0.0424 0.0840 -0.1702 0.0681 -0.0062 0.0175 0.9975
1305031453.9277 -0.0793 0.1050 -0.2024 0.0665 -0.0511 -0.0025 0.9965
1305031453.9596 -0.0839 0.1095 -0.2102 0.0639 -0.0688 -0.0111 0.9955
1305031453.9916 -0.0957 0.1099 -0.2093 0.0620 -0.0802 -0.0222 0.9946
1305031454.0277 -0.1037 0.1115 -0.2143 0.0638 -0.0933 -0.0322 0.9931
1305031454.0597 -0.1091 0.1155 -0.2204 0.0645 -0.1063 -0.0439 0.9913
1305031454.0917 -0.1207 0.1153 -0.2168 0.0648 -0.1181 -0.0580 0.9892
1305031454.1277 -0.1280 0.1158 -0.2162 0.0677 -0.1336 -0.0719 0.9861
1305031454.1597 -0.1318 0.1164 -0.2202 0.0669 -0.1512 -0.0845 0.9826
1305031454.1917 -0.1424 0.1184 -0.2201 0.0652 -0.1677 -0.0991 0.9787
1305031454.2277 -0.1597 0.1216 -0.2130 0.0691 -0.1826 -0.1162 0.9738
1305031454.2596 -0.1571 0.1227 -0.2076 0.0755 -0.2007 -0.1323 0.9677
1305031454.2916 -0.1605 0.1260 -0.2074 0.0743 -0.2098 -0.1443 0.9642
1305031454.3277 -0.1814 0.1276 -0.2105 0.0755 -0.2152 -0.1602 0.9604
1305031454.3596 -0.1858 0.1310 -0.2082 0.0830 -0.2282 -0.1754 0.9541
1305031454.3917 -0.1884 0.1345 -0.2104 0.0847 -0.2371 -0.1876 0.9494
1305031454.4275 -0.2025 0.1397 -0.2123 0.0868 -0.2469 -0.2026 0.9437
1305031454.4599 -0.2017 0.1414 -0.2101 0.0901 -0.2593 -0.2182 0.9365
1305031454.4916 -0.2065 0.1454 -0.2123 0.0920 -0.2637 -0.2343 0.9312
1305031454.5277 -0.2101 0.1515 -0.2134 0.0924 -0.2698 -0.2506 0.9251
1305031454.5596 -0.2152 0.1567 -0.2151 0.0897 -0.2749 -0.2640 0.9202
1305031454.5916 -0.2267 0.1624 -0.2157 0.0874 -0.2826 -0.2815 0.9128
1305031454.6276 -0.2319 0.1658 -0.2151 0.0854 -0.2946 -0.2959 0.9046
1305031454.6595 -0.2312 0.1727 -0.2156 0.0802 -0.3068 -0.3037 0.8984
1305031454.6919 -0.2383 0.1769 -0.2145 0.0726 -0.3186 -0.3117 0.8922
1305031454.7277 -0.2393 0.1784 -0.2098 0.0672 -0.3315 -0.3172 0.8860
1305031454.7597 -0.2358 0.1819 -0.2055 0.0607 -0.3385 -0.3139 0.8850
1305031454.7916 -0.2325 0.1861 -0.2035 0.0547 -0.3417 -0.3070 0.8866
1305031454.8276 -0.2258 0.1934 -0.2015 0.0500 -0.3435 -0.3007 0.8883
1305031454.8596 -0.2239 0.1991 -0.1995 0.0437 -0.3403 -0.2943 0.8920
1305031454.8918 -0.2204 0.2057 -0.1996 0.0393 -0.3355 -0.2872 0.8963
1305031454.9276 -0.2184 0.2133 -0.2016 0.0349 -0.3295 -0.2812 0.9006
1305031454.9596 -0.2192 0.2218 -0.2055 0.0314 -0.3235 -0.2754 0.9047
1305031454.9919 -0.2230 0.2304 -0.2110 0.0285 -0.3194 -0.2701 0.9079
1305031455.0278 -0.2227 0.2413 -0.2146 0.0282 -0.3186 -0.2670 0.9090
1305031455.0596 -0.2260 0.2480 -0.2168 0.0263 -0.3157 -0.2652 0.9107
1305031455.0917 -0.2305 0.2560 -0.2218 0.0284 -0.3120 -0.2649 0.9120
1305031455.1277 -0.2349 0.2682 -0.2276 0.0303 -0.3069 -0.2631 0.9141
1305031455.1597 -0.2435 0.2788 -0.2345 0.0292 -0.3013 -0.2591 0.9172
1305031455.1917 -0.2528 0.2876 -0.2383 0.0255 -0.2973 -0.2537 0.9201
1305031455.2276 -0.2617 0.2944 -0.2437 0.0245 -0.2938 -0.2485 0.9227
1305031455.2596 -0.2667 0.3078 -0.2493 0.0229 -0.2891 -0.2423 0.9259
1305031455.2918 -0.2801 0.3136 -0.2542 0.0139 -0.2823 -0.2336 0.9304
1305031455.3278 -0.2909 0.3240 -0.2623 0.0084 -0.2788 -0.2234 0.9340
1305031455.3596 -0.2958 0.3332 -0.2644 0.0002 -0.2777 -0.2174 0.9357
1305031455.3917 -0.3069 0.3350 -0.2669 -0.0109 -0.2704 -0.2102 0.9394
1305031455.4276 -0.3210 0.3409 -0.2751 -0.0182 -0.2621 -0.2008 0.9437
1305031455.4596 -0.3348 0.3428 -0.2829 -0.0236 -0.2576 -0.1928 0.9465
1305031455.4916 -0.3460 0.3487 -0.2916 -0.0280 -0.2536 -0.1822 0.9496
1305031455.5276 -0.3631 0.3483 -0.3015 -0.0342 -0.2489 -0.1699 0.9529
1305031455.5597 -0.3797 0.3510 -0.3144 -0.0370 -0.2480 -0.1570 0.9552
1305031455.5916 -0.3909 0.3574 -0.3262 -0.0393 -0.2488 -0.1428 0.9572
1305031455.6596 -0.4212 0.3500 -0.3422 -0.0449 -0.2454 -0.1248 0.9603
1305031455.6916 -0.4341 0.3524 -0.3553 -0.0404 -0.2438 -0.1254 0.9608
1305031455.7276 -0.4464 0.3504 -0.3663 -0.0383 -0.2410 -0.1300 0.9610
1305031455.7597 -0.4597 0.3495 -0.3792 -0.0364 -0.2354 -0.1333 0.9620
1305031455.7917 -0.4746 0.3418 -0.3924 -0.0359 -0.2299 -0.1325 0.9635
1305031455.8276 -0.4874 0.3412 -0.4093 -0.0325 -0.2261 -0.1320 0.9646
1305031455.8595 -0.4978 0.3376 -0.4212 -0.0322 -0.2248 -0.1333 0.9647
1305031455.8917 -0.5068 0.3348 -0.4337 -0.0317 -0.2224 -0.1336 0.9652
1305031455.9280 -0.5163 0.3304 -0.4433 -0.0325 -0.2194 -0.1344 0.9658
1305031455.9597 -0.5245 0.3311 -0.4560 -0.0306 -0.2158 -0.1367 0.9663
1305031455.9917 -0.5322 0.3290 -0.4646 -0.0322 -0.2117 -0.1388 0.9669
1305031456.0278 -0.5403 0.3343 -0.4768 -0.0344 -0.2048 -0.1431 0.9677
1305031456.0597 -0.5521 0.3278 -0.4817 -0.0435 -0.1994 -0.1514 0.9672
1305031456.0917 -0.5633 0.3201 -0.4846 -0.0490 -0.1953 -0.1569 0.9669
1305031456.1276 -0.5727 0.3150 -0.4903 -0.0502 -0.1913 -0.1583 0.9674
1305031456.1597 -0.5802 0.3040 -0.4903 -0.0527 -0.1873 -0.1589 0.9679
1305031456.1917 -0.5890 0.2965 -0.4940 -0.0480 -0.1799 -0.1561 0.9700
1305031456.2277 -0.5946 0.3019 -0.5001 -0.0427 -0.1703 -0.1519 0.9727
1305031456.2917 -0.6209 0.2876 -0.4991 -0.0425 -0.1473 -0.1452 0.9774
1305031456.3277 -0.6318 0.2825 -0.4975 -0.0386 -0.1371 -0.1382 0.9801
1305031456.3916 -0.6542 0.2788 -0.4915 -0.0335 -0.1130 -0.1289 0.9846
1305031456.4277 -0.6733 0.2823 -0.4918 -0.0259 -0.1002 -0.1219 0.9871
1305031456.4917 -0.7113 0.3009 -0.4860 -0.0284 -0.0898 -0.1107 0.9894
1305031456.5276 -0.7249 0.3023 -0.4766 -0.0346 -0.0909 -0.1058 0.9896
1305031456.5917 -0.7467 0.3082 -0.4624 -0.0366 -0.0861 -0.0939 0.9912
1305031456.6276 -0.7576 0.3219 -0.4548 -0.0461 -0.0799 -0.0883 0.9918
1305031456.6916 -0.7957 0.3074 -0.4331 -0.0615 -0.0669 -0.0744 0.9931
1305031456.8276 -0.8536 0.3315 -0.4036 -0.0685 -0.0758 -0.0426 0.9939
1305031457.0917 -0.9494 0.3533 -0.3608 -0.0969 -0.0374 -0.0063 0.9946
1305031457.2275 -0.9988 0.3450 -0.3763 -0.1038 -0.0083 0.0159 0.9944
1305031457.3275 -1.0358 0.3385 -0.4028 -0.0921 0.0173 0.0337 0.9950
1305031457.3917 -1.0662 0.3237 -0.4206 -0.0898 0.0413 0.0462 0.9940
1305031457.4917 -1.1143 0.3089 -0.4525 -0.0867 0.0574 0.0617 0.9927
1305031457.5597 -1.1390 0.2971 -0.4748 -0.0800 0.0658 0.0690 0.9922
1305031457.6275 -1.1704 0.2854 -0.4918 -0.0774 0.0741 0.0752 0.9914
1305031457.6916 -1.1986 0.2837 -0.5107 -0.0774 0.0769 0.0819 0.9907
1305031457.7596 -1.2222 0.2542 -0.5197 -0.0796 0.0801 0.0791 0.9905
1305031457.7916 -1.2299 0.2359 -0.5240 -0.0749 0.0838 0.0783 0.9906
1305031457.8277 -1.2420 0.2393 -0.5360 -0.0624 0.0909 0.0797 0.9907
1305031457.8916 -1.2707 0.2091 -0.5406 -0.0559 0.1075 0.0797 0.9894
1305031457.9276 -1.2899 0.2078 -0.5464 -0.0417 0.1129 0.0842 0.9892
1305031457.9916 -1.3124 0.1950 -0.5488 -0.0302 0.1139 0.0899 0.9890
1305031458.0278 -1.3222 0.1840 -0.5467 -0.0225 0.1168 0.0909 0.9887
1305031458.0597 -1.3371 0.1920 -0.5475 -0.0112 0.1217 0.0942 0.9880
1305031458.0917 -1.3509 0.1940 -0.5429 -0.0100 0.1261 0.0964 0.9873
1305031458.1276 -1.3640 0.1866 -0.5338 -0.0117 0.1298 0.0967 0.9867
1305031458.1596 -1.3794 0.1785 -0.5249 -0.0106 0.1325 0.0990 0.9862
1305031458.1916 -1.3935 0.1841 -0.5166 -0.0089 0.1314 0.1041 0.9858
1305031458.2276 -1.4029 0.1785 -0.5030 -0.0166 0.1275 0.1049 0.9861
1305031458.2599 -1.4133 0.1572 -0.4799 -0.0218 0.1254 0.1009 0.9867
1305031458.2917 -1.4282 0.1540 -0.4738 -0.0126 0.1204 0.1016 0.9874
1305031458.3276 -1.4353 0.1524 -0.4611 -0.0105 0.1125 0.1037 0.9882
1305031458.3596 -1.4409 0.1403 -0.4401 -0.0048 0.1072 0.1038 0.9888
1305031458.3916 -1.4509 0.1427 -0.4302 0.0084 0.1034 0.1077 0.9888
1305031458.4276 -1.4536 0.1428 -0.4165 0.0163 0.1010 0.1166 0.9879
1305031458.4596 -1.4483 0.1341 -0.3987 0.0255 0.1021 0.1249 0.9866
1305031458.4917 -1.4509 0.1287 -0.3814 0.0456 0.1112 0.1250 0.9848
1305031458.5277 -1.4711 0.1541 -0.3632 0.0718 0.1247 0.1223 0.9820
1305031458.5596 -1.4798 0.1599 -0.3428 0.0805 0.1343 0.1204 0.9803
1305031458.5916 -1.4907 0.1603 -0.3237 0.0898 0.1411 0.1145 0.9792
1305031458.6277 -1.5046 0.1848 -0.3045 0.0966 0.1422 0.1103 0.9789
1305031458.6596 -1.5146 0.1843 -0.2839 0.0896 0.1385 0.1108 0.9801
1305031458.6917 -1.5174 0.1844 -0.2608 0.0834 0.1231 0.1043 0.9834
1305031458.7276 -1.5051 0.1746 -0.2389 0.0787 0.1052 0.0955 0.9867
1305031458.7599 -1.5171 0.1771 -0.2235 0.0847 0.0926 0.0847 0.9885
1305031458.7916 -1.5175 0.1866 -0.2129 0.0844 0.0760 0.0764 0.9906
1305031458.8276 -1.5120 0.1817 -0.1973 0.0765 0.0663 0.0744 0.9921
1305031458.8917 -1.5098 0.1770 -0.1748 0.0836 0.0624 0.0639 0.9925
1305031458.9276 -1.5214 0.1809 -0.1687 0.0820 0.0710 0.0715 0.9915
1305031458.9596 -1.5263 0.1732 -0.1606 0.0733 0.0763 0.0841 0.9908
1305031458.9916 -1.5321 0.1540 -0.1531 0.0722 0.0791 0.0885 0.9903
1305031459.0277 -1.5530 0.1498 -0.1477 0.0832 0.0784 0.0878 0.9896
1305031459.0596 -1.5746 0.1399 -0.1381 0.0901 0.0731 0.0972 0.9885
1305031459.1276 -1.6428 0.1603 -0.1359 0.0976 0.0933 0.0797 0.9876
1305031459.1596 -1.6525 0.1576 -0.1302 0.1053 0.0670 0.0822 0.9888
1305031459.1917 -1.6631 0.1578 -0.1260 0.1103 0.0480 0.0890 0.9887
1305031459.2276 -1.6695 0.1579 -0.1197 0.1117 0.0345 0.1006 0.9880
1305031459.2598 -1.6682 0.1633 -0.1092 0.1117 0.0296 0.1111 0.9871
1305031459.3276 -1.6752 0.1694 -0.0885 0.1085 0.0595 0.1406 0.9823
1305031459.3597 -1.6860 0.1782 -0.0787 0.1142 0.0844 0.1605 0.9768
1305031459.3917 -1.6982 0.2032 -0.0665 0.1160 0.1113 0.1854 0.9694
1305031459.4276 -1.6964 0.2079 -0.0544 0.1050 0.1433 0.2217 0.9588
1305031459.4597 -1.7140 0.2082 -0.0502 0.1042 0.1805 0.2586 0.9432
1305031459.5276 -1.7182 0.2249 0.0258 0.1055 0.2123 0.2653 0.9346
1305031459.5596 -1.7381 0.2188 0.0257 0.1002 0.2295 0.2903 0.9236
1305031459.5917 -1.7588 0.2210 0.0295 0.0992 0.2376 0.3074 0.9161
1305031459.6276 -1.7688 0.2180 0.0337 0.0952 0.2392 0.3176 0.9126
1305031459.6596 -1.7810 0.2223 0.0392 0.0965 0.2461 0.3177 0.9106
1305031459.6916 -1.7983 0.2186 0.0447 0.0911 0.2588 0.3229 0.9058
1305031459.7276 -1.8129 0.2051 0.0479 0.0844 0.2677 0.3261 0.9027
1305031459.7917 -1.8524 0.1810 0.0577 0.0844 0.2805 0.3192 0.9013
1305031459.8277 -1.8698 0.1718 0.0636 0.0835 0.2817 0.3167 0.9019
1305031459.8597 -1.8885 0.1619 0.0714 0.0793 0.2820 0.3154 0.9026
1305031459.8916 -1.8991 0.1484 0.0778 0.0735 0.2779 0.3188 0.9032
1305031459.9276 -1.9089 0.1357 0.0839 0.0724 0.2751 0.3222 0.9029
1305031459.9917 -1.9313 0.1142 0.0978 0.0676 0.2731 0.3298 0.9011
1305031460.0276 -1.9381 0.0997 0.1035 0.0658 0.2728 0.3333 0.9001
1305031460.0597 -1.9506 0.0863 0.1104 0.0663 0.2743 0.3350 0.8990
1305031460.0917 -1.9628 0.0704 0.1178 0.0674 0.2709 0.3416 0.8974
1305031460.1277 -1.9678 0.0558 0.1236 0.0717 0.2614 0.3514 0.8961
1305031460.1597 -1.9769 0.0482 0.1311 0.0786 0.2540 0.3585 0.8949
1305031460.1916 -1.9784 0.0411 0.1398 0.0785 0.2466 0.3658 0.8940
1305031460.2278 -1.9688 0.0312 0.1468 0.0780 0.2437 0.3704 0.8929
1305031460.2917 -1.9721 0.0115 0.1578 0.0805 0.2595 0.3702 0.8883
1305031460.3275 -1.9755 -0.0005 0.1620 0.0815 0.2681 0.3722 0.8848
1305031460.3916 -1.9772 -0.0188 0.1749 0.0779 0.2871 0.3790 0.8763
1305031460.4275 -1.9782 -0.0299 0.1801 0.0771 0.2975 0.3840 0.8707
1305031460.4596 -1.9777 -0.0352 0.1856 0.0764 0.3096 0.3880 0.8647
1305031460.4915 -1.9842 -0.0433 0.1911 0.0713 0.3245 0.3944 0.8568
1305031460.5276 -1.9843 -0.0559 0.1945 0.0643 0.3347 0.4050 0.8484
1305031460.5596 -1.9820 -0.0672 0.1982 0.0581 0.3434 0.4094 0.8433
1305031460.5919 -1.9864 -0.0787 0.2031 0.0544 0.3532 0.4103 0.8390
1305031460.6276 -1.9860 -0.0904 0.2071 0.0512 0.3609 0.4131 0.8346
1305031460.6598 -1.9918 -0.1024 0.2124 0.0493 0.3695 0.4124 0.8313
1305031460.6917 -1.9991 -0.1129 0.2198 0.0464 0.3748 0.4134 0.8285
1305031460.7277 -1.9982 -0.1212 0.2268 0.0416 0.3767 0.4139 0.8277
1305031460.7597 -1.9979 -0.1332 0.2332 0.0379 0.3818 0.4127 0.8261
1305031460.7917 -2.0035 -0.1442 0.2418 0.0352 0.3867 0.4115 0.8246
1305031460.8277 -2.0044 -0.1510 0.2508 0.0309 0.3884 0.4090 0.8252
1305031460.8597 -2.0033 -0.1582 0.2589 0.0249 0.3920 0.4069 0.8247
1305031460.8918 -2.0034 -0.1702 0.2682 0.0176 0.3975 0.4046 0.8234
1305031460.9276 -2.0046 -0.1818 0.2798 0.0120 0.4008 0.4041 0.8221
1305031460.9917 -1.9915 -0.2069 0.2932 0.0077 0.4039 0.4075 0.8190
1305031461.0276 -1.9885 -0.2179 0.3021 0.0089 0.4063 0.4081 0.8175
1305031461.0917 -1.9872 -0.2303 0.3176 0.0121 0.4049 0.4068 0.8188
1305031461.1276 -1.9780 -0.2401 0.3225 0.0094 0.4040 0.4056 0.8199
1305031461.1597 -1.9727 -0.2507 0.3304 0.0108 0.4056 0.4033 0.8202
1305031461.1920 -1.9708 -0.2535 0.3361 0.0144 0.4059 0.3986 0.8223
1305031461.2276 -1.9681 -0.2596 0.3420 0.0146 0.4072 0.3962 0.8228
1305031461.2596 -1.9626 -0.2665 0.3477 0.0157 0.4071 0.3929 0.8244
1305031461.2917 -1.9589 -0.2692 0.3537 0.0179 0.4076 0.3868 0.8270
1305031461.3278 -1.9529 -0.2692 0.3575 0.0195 0.4090 0.3824 0.8283
1305031461.3597 -1.9549 -0.2674 0.3648 0.0167 0.4135 0.3782 0.8281
1305031461.3917 -1.9441 -0.2762 0.3740 0.0082 0.4140 0.3797 0.8273
1305031461.4276 -1.9374 -0.2795 0.3769 0.0075 0.4144 0.3780 0.8279
1305031461.4598 -1.9364 -0.2772 0.3813 0.0049 0.4149 0.3796 0.8268
1305031461.4917 -1.9209 -0.2886 0.3816 -0.0009 0.4138 0.3822 0.8263
1305031461.5277 -1.9202 -0.2864 0.3799 0.0053 0.4150 0.3794 0.8269
1305031461.5597 -1.9123 -0.2808 0.3742 0.0049 0.4149 0.3764 0.8284
1305031461.5917 -1.9098 -0.2792 0.3705 0.0051 0.4221 0.3726 0.8264
1305031461.6275 -1.9070 -0.2761 0.3685 0.0027 0.4276 0.3726 0.8236
1305031461.6596 -1.9038 -0.2735 0.3670 0.0006 0.4324 0.3727 0.8210
1305031461.6916 -1.9041 -0.2684 0.3657 -0.0000 0.4356 0.3781 0.8168
1305031461.7276 -1.8957 -0.2636 0.3623 -0.0027 0.4353 0.3840 0.8143
1305031461.7597 -1.8958 -0.2564 0.3554 -0.0026 0.4368 0.3870 0.8121
1305031461.7916 -1.8921 -0.2486 0.3510 -0.0069 0.4388 0.3915 0.8088
1305031461.8276 -1.8883 -0.2413 0.3460 -0.0087 0.4428 0.3962 0.8043
1305031461.8598 -1.8921 -0.2295 0.3424 -0.0087 0.4477 0.4024 0.7985
1305031461.8917 -1.8953 -0.2207 0.3408 -0.0130 0.4502 0.4138 0.7912
1305031461.9278 -1.8900 -0.2118 0.3386 -0.0199 0.4483 0.4241 0.7866
1305031461.9597 -1.8853 -0.1968 0.3288 -0.0238 0.4501 0.4270 0.7839
1305031461.9916 -1.8973 -0.1854 0.3311 -0.0300 0.4598 0.4324 0.7751
1305031462.0277 -1.8984 -0.1858 0.3355 -0.0415 0.4612 0.4446 0.7667
1305031462.0598 -1.9003 -0.1818 0.3373 -0.0457 0.4576 0.4572 0.7613
1305031462.0918 -1.9002 -0.1721 0.3332 -0.0469 0.4509 0.4691 0.7579
1305031462.1277 -1.9020 -0.1621 0.3300 -0.0488 0.4473 0.4784 0.7541
1305031462.1596 -1.9038 -0.1564 0.3276 -0.0526 0.4450 0.4849 0.7510
1305031462.1916 -1.9092 -0.1459 0.3261 -0.0551 0.4443 0.4842 0.7517
1305031462.2276 -1.9156 -0.1381 0.3265 -0.0609 0.4452 0.4847 0.7504
1305031462.2598 -1.9212 -0.1322 0.3277 -0.0677 0.4444 0.4838 0.7509
1305031462.2916 -1.9276 -0.1251 0.3289 -0.0745 0.4420 0.4805 0.7538
1305031462.3597 -1.9425 -0.1078 0.3330 -0.0896 0.4397 0.4696 0.7603
1305031462.4599 -1.9630 -0.0803 0.3434 -0.1171 0.4217 0.4564 0.7747
1305031462.6279 -1.9455 -0.1521 0.4164 -0.1693 0.4547 0.4520 0.7485
1305031462.8278 -1.9112 -0.1703 0.4930 -0.1947 0.4832 0.4504 0.7251
1305031463.1598 -1.8792 -0.1292 0.4413 -0.2025 0.4490 0.4418 0.7498
1305031463.2957 -1.8862 -0.1371 0.4270 -0.2087 0.4493 0.4339 0.7525
1305031463.4277 -1.8782 -0.1177 0.3717 -0.2008 0.4341 0.4264 0.7677
1305031463.5277 -1.8577 -0.1024 0.3080 -0.2025 0.4278 0.4268 0.7706
1305031463.6276 -1.8420 -0.0848 0.2633 -0.1979 0.4274 0.4238 0.7736
1305031463.6956 -1.8383 -0.0753 0.2265 -0.1857 0.4309 0.4150 0.7795
1305031463.7597 -1.8060 -0.0805 0.1793 -0.1879 0.4260 0.4096 0.7845
1305031463.8278 -1.7922 -0.0817 0.1377 -0.1869 0.4263 0.3899 0.7945
1305031463.8599 -1.7789 -0.0889 0.1158 -0.1887 0.4256 0.3813 0.7986
1305031463.8956 -1.7745 -0.0916 0.0965 -0.1865 0.4271 0.3718 0.8029
1305031463.9597 -1.7560 -0.1058 0.0615 -0.1872 0.4204 0.3625 0.8104
1305031463.9958 -1.7484 -0.1129 0.0408 -0.1843 0.4168 0.3566 0.8156
1305031464.0277 -1.7446 -0.1168 0.0216 -0.1831 0.4134 0.3492 0.8208
1305031464.0597 -1.7314 -0.1265 0.0029 -0.1856 0.4102 0.3419 0.8248
1305031464.0956 -1.7275 -0.1345 -0.0135 -0.1836 0.4116 0.3324 0.8285
1305031464.1277 -1.7285 -0.1422 -0.0233 -0.1815 0.4127 0.3263 0.8308
1305031464.1598 -1.7217 -0.1549 -0.0326 -0.1780 0.4100 0.3245 0.8336
1305031464.1956 -1.7181 -0.1656 -0.0431 -0.1687 0.4055 0.3202 0.8394
1305031464.2276 -1.7236 -0.1686 -0.0543 -0.1565 0.3993 0.3153 0.8466
1305031464.2596 -1.7269 -0.1704 -0.0681 -0.1470 0.3870 0.3147 0.8541
1305031464.2957 -1.7221 -0.1704 -0.0829 -0.1416 0.3706 0.3124 0.8631
1305031464.3279 -1.7133 -0.1703 -0.1000 -0.1379 0.3567 0.3088 0.8709
1305031464.3597 -1.7020 -0.1754 -0.1157 -0.1342 0.3470 0.3048 0.8767
1305031464.3956 -1.6928 -0.1711 -0.1376 -0.1283 0.3400 0.2972 0.8830
1305031464.4276 -1.6874 -0.1707 -0.1543 -0.1278 0.3383 0.2876 0.8868
1305031464.4597 -1.6815 -0.1794 -0.1685 -0.1281 0.3359 0.2795 0.8903
1305031464.4956 -1.6718 -0.1785 -0.1892 -0.1258 0.3321 0.2737 0.8939
1305031464.5276 -1.6694 -0.1812 -0.2074 -0.1256 0.3318 0.2657 0.8964
1305031464.5597 -1.6586 -0.1851 -0.2256 -0.1300 0.3273 0.2556 0.9004
1305031464.5957 -1.6364 -0.2028 -0.2484 -0.1329 0.3281 0.2455 0.9025
1305031464.6277 -1.6274 -0.2097 -0.2685 -0.1270 0.3388 0.2336 0.9025
1305031464.6597 -1.6188 -0.2151 -0.2833 -0.1226 0.3491 0.2176 0.9032
1305031464.6957 -1.6035 -0.2350 -0.2923 -0.1185 0.3582 0.1983 0.9046
1305031464.7277 -1.6058 -0.2377 -0.2969 -0.1049 0.3658 0.1772 0.9076
1305031464.7597 -1.6091 -0.2284 -0.3059 -0.0942 0.3652 0.1559 0.9129
1305031464.7960 -1.6049 -0.2372 -0.3018 -0.0917 0.3602 0.1379 0.9181
1305031464.8278 -1.6034 -0.2374 -0.2980 -0.0823 0.3493 0.1234 0.9252
1305031464.8597 -1.5973 -0.2231 -0.3083 -0.0742 0.3312 0.1095 0.9343
1305031464.8958 -1.5817 -0.2169 -0.3173 -0.0771 0.3111 0.0930 0.9427
1305031464.9278 -1.5558 -0.2335 -0.3185 -0.0855 0.2944 0.0760 0.9488
1305031464.9598 -1.5313 -0.2429 -0.3186 -0.0868 0.2851 0.0592 0.9527
1305031464.9957 -1.5124 -0.2369 -0.3218 -0.0835 0.2801 0.0407 0.9555
1305031465.0278 -1.5006 -0.2301 -0.3105 -0.0836 0.2778 0.0187 0.9568
1305031465.0597 -1.5025 -0.2039 -0.2940 -0.0775 0.2731 -0.0016 0.9588
1305031465.0957 -1.4973 -0.1565 -0.2963 -0.0771 0.2595 -0.0151 0.9625
1305031465.1277 -1.4797 -0.1387 -0.2885 -0.0950 0.2428 -0.0247 0.9651
1305031465.1598 -1.4636 -0.1288 -0.2731 -0.1126 0.2293 -0.0291 0.9664
1305031465.1956 -1.4446 -0.1168 -0.2619 -0.1251 0.2164 -0.0326 0.9677
1305031465.2279 -1.4298 -0.0943 -0.2550 -0.1349 0.2064 -0.0352 0.9685
1305031465.2598 -1.4158 -0.0858 -0.2376 -0.1471 0.1981 -0.0331 0.9685
1305031465.3277 -1.3952 -0.0468 -0.2245 -0.1515 0.1825 -0.0085 0.9714
1305031465.3956 -1.3625 -0.0320 -0.2203 -0.1505 0.1543 0.0179 0.9763
1305031465.4277 -1.3384 -0.0193 -0.2304 -0.1445 0.1413 0.0307 0.9789
1305031465.4601 -1.3224 -0.0021 -0.2425 -0.1375 0.1325 0.0449 0.9806
1305031465.4957 -1.3051 0.0166 -0.2553 -0.1358 0.1229 0.0558 0.9815
1305031465.5276 -1.2867 0.0172 -0.2588 -0.1389 0.1140 0.0608 0.9819
1305031465.5598 -1.2694 0.0272 -0.2715 -0.1318 0.1068 0.0668 0.9832
1305031465.5956 -1.2512 0.0437 -0.2881 -0.1239 0.1032 0.0754 0.9840
1305031465.6277 -1.2447 0.0572 -0.3009 -0.1178 0.1026 0.0837 0.9842
1305031465.6601 -1.2337 0.0698 -0.3140 -0.1117 0.0956 0.0919 0.9849
1305031465.6957 -1.2094 0.0861 -0.3312 -0.1039 0.0872 0.0995 0.9857
1305031465.7277 -1.1952 0.1026 -0.3464 -0.0950 0.0859 0.1077 0.9859
1305031465.7598 -1.1809 0.1235 -0.3633 -0.0853 0.0829 0.1159 0.9861
1305031465.7959 -1.1625 0.1426 -0.3768 -0.0786 0.0801 0.1218 0.9862
1305031465.8280 -1.1467 0.1552 -0.3891 -0.0702 0.0786 0.1264 0.9864
1305031465.8599 -1.1315 0.1839 -0.4090 -0.0567 0.0777 0.1296 0.9869
1305031465.8955 -1.1127 0.2103 -0.4220 -0.0526 0.0814 0.1312 0.9866
1305031465.9275 -1.0955 0.2235 -0.4321 -0.0490 0.0886 0.1310 0.9862
1305031465.9597 -1.0843 0.2443 -0.4478 -0.0391 0.0974 0.1269 0.9863
1305031465.9958 -1.0822 0.2655 -0.4622 -0.0327 0.1060 0.1206 0.9865
1305031466.0276 -1.0781 0.2881 -0.4772 -0.0268 0.1097 0.1173 0.9867
1305031466.0598 -1.0745 0.3123 -0.4916 -0.0274 0.1126 0.1177 0.9863
1305031466.0958 -1.0708 0.3277 -0.5061 -0.0321 0.1114 0.1187 0.9861
1305031466.1276 -1.0644 0.3434 -0.5206 -0.0372 0.1066 0.1199 0.9863
1305031466.1604 -1.0619 0.3564 -0.5378 -0.0416 0.1022 0.1228 0.9863
1305031466.1958 -1.0602 0.3719 -0.5554 -0.0475 0.0941 0.1250 0.9865
1305031466.2280 -1.0482 0.3806 -0.5707 -0.0584 0.0827 0.1235 0.9872
1305031466.2598 -1.0273 0.3817 -0.5864 -0.0637 0.0761 0.1180 0.9880
1305031466.2957 -1.0150 0.3923 -0.6059 -0.0629 0.0791 0.1054 0.9893
1305031466.3277 -1.0093 0.4014 -0.6268 -0.0647 0.0885 0.0948 0.9894
1305031466.3598 -1.0039 0.4060 -0.6439 -0.0721 0.0964 0.0887 0.9888
1305031466.3958 -0.9944 0.3976 -0.6575 -0.0762 0.0989 0.0850 0.9885
1305031466.4278 -0.9921 0.4061 -0.6778 -0.0696 0.0981 0.0795 0.9896
1305031466.4598 -0.9833 0.4183 -0.6953 -0.0688 0.0926 0.0759 0.9904
1305031466.4958 -0.9661 0.4266 -0.7094 -0.0724 0.0871 0.0764 0.9906
1305031466.5275 -0.9443 0.4319 -0.7212 -0.0751 0.0864 0.0768 0.9904
1305031466.5604 -0.9348 0.4448 -0.7367 -0.0762 0.0907 0.0745 0.9902
1305031466.5959 -0.9209 0.4565 -0.7489 -0.0839 0.0899 0.0724 0.9898
1305031466.6275 -0.8929 0.4536 -0.7523 -0.0926 0.0876 0.0702 0.9894
1305031466.6597 -0.8774 0.4578 -0.7668 -0.0880 0.0904 0.0638 0.9900
1305031466.6958 -0.8702 0.4757 -0.7813 -0.0855 0.0904 0.0553 0.9907
1305031466.7281 -0.8507 0.4821 -0.7872 -0.0927 0.0851 0.0476 0.9909
1305031466.7596 -0.8290 0.4808 -0.7899 -0.0930 0.0830 0.0400 0.9914
1305031466.7956 -0.8198 0.4906 -0.8072 -0.0861 0.0825 0.0329 0.9923
1305031466.8279 -0.8073 0.4981 -0.8193 -0.0883 0.0776 0.0309 0.9926
1305031466.8597 -0.7948 0.4971 -0.8218 -0.0907 0.0719 0.0324 0.9928
1305031466.8957 -0.7839 0.5003 -0.8344 -0.0863 0.0608 0.0321 0.9939
1305031466.9278 -0.7692 0.5029 -0.8465 -0.0849 0.0462 0.0316 0.9948
1305031466.9597 -0.7527 0.5039 -0.8527 -0.0840 0.0360 0.0312 0.9953
1305031466.9957 -0.7368 0.5061 -0.8636 -0.0831 0.0303 0.0288 0.9957
1305031467.0278 -0.7230 0.5080 -0.8727 -0.0830 0.0257 0.0252 0.9959
1305031467.0597 -0.7082 0.5107 -0.8832 -0.0828 0.0225 0.0226 0.9961
1305031467.0957 -0.6941 0.5144 -0.8914 -0.0851 0.0200 0.0174 0.9960
1305031467.1290 -0.6819 0.5176 -0.8948 -0.0851 0.0158 0.0072 0.9962
1305031467.1597 -0.6700 0.5195 -0.9027 -0.0839 0.0118 -0.0002 0.9964
1305031467.1957 -0.6591 0.5210 -0.9108 -0.0829 0.0065 -0.0042 0.9965
1305031467.2277 -0.6481 0.5232 -0.9178 -0.0820 -0.0008 -0.0088 0.9966
1305031467.2597 -0.6363 0.5257 -0.9236 -0.0800 -0.0065 -0.0135 0.9967
1305031467.2958 -0.6246 0.5283 -0.9324 -0.0778 -0.0127 -0.0198 0.9967
1305031467.3280 -0.6133 0.5302 -0.9435 -0.0766 -0.0188 -0.0240 0.9966
1305031467.3597 -0.6015 0.5337 -0.9556 -0.0790 -0.0260 -0.0246 0.9962
1305031467.3958 -0.5900 0.5374 -0.9626 -0.0835 -0.0342 -0.0281 0.9955
1305031467.4278 -0.5781 0.5401 -0.9670 -0.0841 -0.0408 -0.0312 0.9951
1305031467.4597 -0.5662 0.5419 -0.9791 -0.0834 -0.0479 -0.0322 0.9948
1305031467.4961 -0.5535 0.5439 -0.9917 -0.0877 -0.0557 -0.0359 0.9939
1305031467.5277 -0.5407 0.5488 -0.9940 -0.0916 -0.0602 -0.0415 0.9931
1305031467.5598 -0.5279 0.5501 -0.9961 -0.0912 -0.0617 -0.0434 0.9930
1305031467.5960 -0.5163 0.5502 -1.0030 -0.0912 -0.0632 -0.0417 0.9930
1305031467.6275 -0.5056 0.5474 -0.9974 -0.0894 -0.0677 -0.0390 0.9929
1305031467.6596 -0.4920 0.5438 -0.9985 -0.0829 -0.0726 -0.0359 0.9933
1305031467.6959 -0.4798 0.5410 -1.0038 -0.0801 -0.0759 -0.0388 0.9931
1305031467.7275 -0.4700 0.5407 -0.9908 -0.0759 -0.0782 -0.0439 0.9931
1305031467.7599 -0.4580 0.5376 -0.9857 -0.0699 -0.0803 -0.0469 0.9932
1305031467.7961 -0.4491 0.5359 -0.9818 -0.0654 -0.0825 -0.0505 0.9932
1305031467.8278 -0.4397 0.5319 -0.9623 -0.0607 -0.0849 -0.0512 0.9932
1305031467.8597 -0.4318 0.5281 -0.9502 -0.0528 -0.0879 -0.0489 0.9935
1305031467.8959 -0.4235 0.5277 -0.9440 -0.0461 -0.0941 -0.0490 0.9933
1305031467.9278 -0.4119 0.5237 -0.9254 -0.0425 -0.1025 -0.0512 0.9925
1305031467.9598 -0.3993 0.5167 -0.9083 -0.0362 -0.1080 -0.0524 0.9921
1305031467.9958 -0.3871 0.5215 -0.8995 -0.0307 -0.1104 -0.0553 0.9919
1305031468.0281 -0.3785 0.5144 -0.8758 -0.0332 -0.1115 -0.0580 0.9915
1305031468.0598 -0.3719 0.5055 -0.8565 -0.0288 -0.1131 -0.0612 0.9913
1305031468.0959 -0.3620 0.5063 -0.8450 -0.0248 -0.1163 -0.0634 0.9909
1305031468.1278 -0.3513 0.4983 -0.8233 -0.0264 -0.1192 -0.0638 0.9905
1305031468.1599 -0.3412 0.4923 -0.8064 -0.0241 -0.1213 -0.0670 0.9901
1305031468.1960 -0.3288 0.4862 -0.7904 -0.0245 -0.1228 -0.0703 0.9896
1305031468.2282 -0.3183 0.4752 -0.7717 -0.0266 -0.1221 -0.0697 0.9897
1305031468.2598 -0.3064 0.4660 -0.7554 -0.0268 -0.1205 -0.0681 0.9900
1305031468.2958 -0.2971 0.4560 -0.7389 -0.0278 -0.1180 -0.0684 0.9903
1305031468.3278 -0.2872 0.4399 -0.7203 -0.0274 -0.1156 -0.0664 0.9907
1305031468.3598 -0.2773 0.4329 -0.7113 -0.0229 -0.1118 -0.0625 0.9915
1305031468.4280 -0.2621 0.4054 -0.6897 -0.0305 -0.1104 -0.0616 0.9915
1305031468.4598 -0.2518 0.3925 -0.6807 -0.0310 -0.1112 -0.0587 0.9916
1305031468.5278 -0.2399 0.3591 -0.6582 -0.0361 -0.1091 -0.0641 0.9913
1305031468.5597 -0.2385 0.3420 -0.6505 -0.0310 -0.1093 -0.0730 0.9908
1305031468.6596 -0.2399 0.2935 -0.6302 -0.0377 -0.1150 -0.0803 0.9894
1305031468.6958 -0.2412 0.2760 -0.6227 -0.0335 -0.1212 -0.0836 0.9885
1305031468.7278 -0.2408 0.2653 -0.6161 -0.0281 -0.1275 -0.0844 0.9878
1305031468.7596 -0.2398 0.2536 -0.6071 -0.0260 -0.1324 -0.0845 0.9872
1305031468.7958 -0.2401 0.2332 -0.5956 -0.0238 -0.1355 -0.0893 0.9864
1305031468.8292 -0.2414 0.2226 -0.5895 -0.0155 -0.1376 -0.0960 0.9857
1305031468.9281 -0.2372 0.2027 -0.5673 -0.0196 -0.1282 -0.0986 0.9866
1305031468.9957 -0.2459 0.2108 -0.5652 -0.0366 -0.1185 -0.0982 0.9874
1305031469.0598 -0.2540 0.1892 -0.5438 -0.0724 -0.1176 -0.1083 0.9845
1305031469.1597 -0.2398 0.1786 -0.5044 -0.1095 -0.1113 -0.1328 0.9788
1305031469.2278 -0.2512 0.1697 -0.4793 -0.1253 -0.0957 -0.1418 0.9773
1305031469.2968 -0.2507 0.1731 -0.4538 -0.1355 -0.0905 -0.1476 0.9755
1305031469.3276 -0.2530 0.1791 -0.4433 -0.1401 -0.0874 -0.1493 0.9749
1305031469.3596 -0.2432 0.1823 -0.4255 -0.1473 -0.0868 -0.1530 0.9733
1305031469.3957 -0.2396 0.1831 -0.4089 -0.1510 -0.0776 -0.1593 0.9725
1305031469.4277 -0.2417 0.1963 -0.3988 -0.1492 -0.0658 -0.1668 0.9724
1305031469.4597 -0.2458 0.2079 -0.3855 -0.1497 -0.0564 -0.1752 0.9715
1305031469.4957 -0.2557 0.2212 -0.3720 -0.1495 -0.0492 -0.1797 0.9710
1305031469.5276 -0.2570 0.2377 -0.3623 -0.1499 -0.0495 -0.1795 0.9710
1305031469.5596 -0.2560 0.2520 -0.3501 -0.1543 -0.0511 -0.1790 0.9703
1305031469.6596 -0.2564 0.2868 -0.3113 -0.1763 -0.0489 -0.1753 0.9674
1305031469.7596 -0.2655 0.3350 -0.2814 -0.1874 -0.0362 -0.1687 0.9670
1305031469.9279 -0.3098 0.4209 -0.2358 -0.2062 -0.0368 -0.1499 0.9663
1305031470.0959 -0.3679 0.4982 -0.2148 -0.2076 -0.0444 -0.1374 0.9675
1305031470.2600 -0.4403 0.5603 -0.2138 -0.2176 -0.0445 -0.1187 0.9678
1305031470.4276 -0.5202 0.6110 -0.2131 -0.2327 -0.0439 -0.1013 0.9663
1305031470.5958 -0.5916 0.6327 -0.2154 -0.2335 -0.0440 -0.0962 0.9666
1305031470.7956 -0.6617 0.6505 -0.2073 -0.2418 -0.0300 -0.0743 0.9670
1305031470.8278 -0.6725 0.6526 -0.2047 -0.2377 -0.0281 -0.0703 0.9684
1305031470.8596 -0.6827 0.6522 -0.2038 -0.2329 -0.0270 -0.0662 0.9699
1305031470.8957 -0.6936 0.6522 -0.2044 -0.2284 -0.0262 -0.0615 0.9713
1305031470.9277 -0.7032 0.6526 -0.2022 -0.2229 -0.0282 -0.0575 0.9727
1305031470.9596 -0.7126 0.6491 -0.2006 -0.2141 -0.0305 -0.0555 0.9748
1305031470.9960 -0.7187 0.6492 -0.2022 -0.2039 -0.0315 -0.0530 0.9770
1305031471.0276 -0.7260 0.6454 -0.2010 -0.1960 -0.0296 -0.0517 0.9788
1305031471.0596 -0.7354 0.6423 -0.2016 -0.1865 -0.0248 -0.0484 0.9809
1305031471.0958 -0.7446 0.6425 -0.2036 -0.1762 -0.0214 -0.0426 0.9832
1305031471.1277 -0.7519 0.6389 -0.2034 -0.1704 -0.0207 -0.0364 0.9845
1305031471.1596 -0.7574 0.6367 -0.2058 -0.1641 -0.0194 -0.0303 0.9858
1305031471.1957 -0.7635 0.6358 -0.2071 -0.1607 -0.0156 -0.0248 0.9866
1305031471.2276 -0.7711 0.6354 -0.2070 -0.1595 -0.0112 -0.0200 0.9869
1305031471.2597 -0.7773 0.6322 -0.2050 -0.1608 -0.0090 -0.0166 0.9868
1305031471.2961 -0.7819 0.6281 -0.2030 -0.1605 -0.0069 -0.0122 0.9869
1305031471.3276 -0.7843 0.6260 -0.2046 -0.1571 -0.0033 -0.0094 0.9875
1305031471.3596 -0.7877 0.6264 -0.2064 -0.1558 0.0042 -0.0075 0.9878
1305031471.3957 -0.7955 0.6199 -0.2040 -0.1578 0.0136 -0.0034 0.9874
1305031471.4277 -0.8044 0.6185 -0.2063 -0.1530 0.0194 0.0027 0.9880
1305031471.4596 -0.8089 0.6186 -0.2088 -0.1509 0.0195 0.0079 0.9883
1305031471.5597 -0.8201 0.6141 -0.2126 -0.1518 0.0229 0.0188 0.9880
1305031471.5957 -0.8235 0.6125 -0.2141 -0.1524 0.0278 0.0206 0.9877
1305031471.6276 -0.8265 0.6113 -0.2159 -0.1525 0.0329 0.0221 0.9875
1305031471.6596 -0.8295 0.6106 -0.2186 -0.1506 0.0384 0.0255 0.9875
1305031471.7958 -0.8390 0.6081 -0.2314 -0.1506 0.0599 0.0466 0.9857
1305031471.9956 -0.8576 0.6175 -0.2363 -0.1669 0.0927 0.0732 0.9789
1305031472.5276 -0.8450 0.5566 -0.1984 -0.2119 0.0944 0.1175 0.9656
1305031472.7276 -0.8309 0.5419 -0.1954 -0.1983 0.0907 0.1258 0.9678
1305031473.1277 -0.8195 0.5318 -0.1826 -0.1923 0.0902 0.1253 0.9691
