1305031453.4237 0.0042 0.0046 -0.0071 0.0021 0.0042 0.0098 0.9999
1305031453.4597 0.0083 0.0097 -0.0166 0.0063 0.0105 0.0185 0.9998
1305031453.4917 0.0106 0.0159 -0.0259 0.0112 0.0170 0.0291 0.9994
1305031453.5237 0.0105 0.0233 -0.0374 0.0188 0.0221 0.0382 0.9988
1305031453.5598 0.0122 0.0293 -0.0502 0.0261 0.0245 0.0450 0.9983
1305031453.5916 0.0117 0.0371 -0.0654 0.0340 0.0273 0.0492 0.9978
1305031453.6277 0.0081 0.0444 -0.0788 0.0413 0.0282 0.0537 0.9973
1305031453.6596 0.0054 0.0526 -0.0938 0.0492 0.0237 0.0521 0.9971
1305031453.6917 0.0015 0.0614 -0.1105 0.0557 0.0184 0.0473 0.9972
1305031453.7277 -0.0059 0.0715 -0.1243 0.0606 0.0135 0.0424 0.9972
1305031453.7597 -0.0132 0.0768 -0.1357 0.0647 0.0046 0.0347 0.9973
1305031453.7917 -0.0192 0.0864 -0.1514 0.0693 -0.0045 0.0265 0.9972
1305031453.8278 -0.0286 0.0935 -0.1625 0.0720 -0.0118 0.0203 0.9971
1305031453.8597 -0.0398 0.1000 -0.1715 0.0736 -0.0241 0.0132 0.9969
1305031453.8917 -0.0513 0.1096 -0.1822 0.0737 -0.0400 0.0061 0.9965
1305031453.9277 -0.0665 0.1142 -0.1767 0.0723 -0.0555 0.0033 0.9958
1305031453.9596 -0.0745 0.1191 -0.1842 0.0699 -0.0717 -0.0061 0.9950
1305031453.9916 -0.0848 0.1199 -0.1834 0.0683 -0.0834 -0.0173 0.9940
1305031454.0277 -0.0932 0.1213 -0.1873 0.0699 -0.0960 -0.0268 0.9926
1305031454.0597 -0.1018 0.1251 -0.1924 0.0706 -0.1078 -0.0384 0.9909
1305031454.0917 -0.1116 0.1238 -0.1869 0.0706 -0.1195 -0.0510 0.9890
1305031454.1277 -0.1205 0.1249 -0.1861 0.0740 -0.1341 -0.0646 0.9861
1305031454.1597 -0.1251 0.1281 -0.1899 0.0742 -0.1507 -0.0769 0.9828
1305031454.1917 -0.1359 0.1279 -0.1913 0.0716 -0.1668 -0.0916 0.9791
1305031454.2277 -0.1526 0.1259 -0.1898 0.0739 -0.1815 -0.1098 0.9744
1305031454.2596 -0.1564 0.1298 -0.1858 0.0809 -0.1973 -0.1261 0.9688
1305031454.2916 -0.1624 0.1338 -0.1865 0.0799 -0.2053 -0.1380 0.9656
1305031454.3277 -0.1784 0.1347 -0.1892 0.0810 -0.2122 -0.1524 0.9619
1305031454.3596 -0.1865 0.1395 -0.1883 0.0888 -0.2235 -0.1677 0.9561
1305031454.3917 -0.1934 0.1479 -0.1897 0.0924 -0.2305 -0.1797 0.9519
1305031454.4275 -0.2072 0.1528 -0.1921 0.0945 -0.2402 -0.1944 0.9464
1305031454.4599 -0.2100 0.1552 -0.1891 0.0978 -0.2516 -0.2104 0.9396
1305031454.4916 -0.2159 0.1600 -0.1915 0.1003 -0.2554 -0.2269 0.9345
1305031454.5277 -0.2191 0.1664 -0.1928 0.1006 -0.2614 -0.2429 0.9287
1305031454.5596 -0.2249 0.1708 -0.1963 0.0975 -0.2660 -0.2567 0.9240
1305031454.5916 -0.2337 0.1782 -0.1976 0.0957 -0.2740 -0.2729 0.9172
1305031454.6276 -0.2370 0.1826 -0.1960 0.0940 -0.2871 -0.2868 0.9091
1305031454.6595 -0.2379 0.1908 -0.1960 0.0895 -0.2988 -0.2950 0.9032
1305031454.6919 -0.2428 0.1945 -0.1945 0.0824 -0.3114 -0.3026 0.8970
1305031454.7277 -0.2395 0.1981 -0.1871 0.0782 -0.3264 -0.3068 0.8906
1305031454.7597 -0.2321 0.1963 -0.1832 0.0701 -0.3352 -0.3036 0.8891
1305031454.7916 -0.2272 0.2014 -0.1814 0.0648 -0.3390 -0.2964 0.8905
1305031454.8276 -0.2196 0.2086 -0.1791 0.0596 -0.3412 -0.2896 0.8923
1305031454.8596 -0.2169 0.2140 -0.1767 0.0535 -0.3385 -0.2832 0.8957
1305031454.8918 -0.2140 0.2211 -0.1771 0.0494 -0.3337 -0.2766 0.8998
1305031454.9276 -0.2121 0.2288 -0.1779 0.0451 -0.3283 -0.2707 0.9038
1305031454.9596 -0.2133 0.2364 -0.1815 0.0413 -0.3225 -0.2652 0.9077
1305031454.9919 -0.2176 0.2450 -0.1868 0.0384 -0.3185 -0.2600 0.9108
1305031455.0278 -0.2176 0.2563 -0.1907 0.0385 -0.3175 -0.2572 0.9119
1305031455.0596 -0.2211 0.2619 -0.1931 0.0361 -0.3147 -0.2555 0.9134
1305031455.0917 -0.2256 0.2697 -0.1979 0.0383 -0.3110 -0.2551 0.9147
1305031455.1277 -0.2301 0.2819 -0.2037 0.0402 -0.3059 -0.2533 0.9169
1305031455.1597 -0.2392 0.2936 -0.2102 0.0396 -0.3002 -0.2490 0.9200
1305031455.1917 -0.2484 0.3015 -0.2139 0.0355 -0.2964 -0.2433 0.9229
1305031455.2276 -0.2575 0.3077 -0.2196 0.0344 -0.2929 -0.2382 0.9254
1305031455.2596 -0.2628 0.3215 -0.2253 0.0329 -0.2881 -0.2319 0.9285
1305031455.2918 -0.2763 0.3259 -0.2304 0.0234 -0.2815 -0.2231 0.9330
1305031455.3278 -0.2879 0.3364 -0.2387 0.0181 -0.2778 -0.2131 0.9365
1305031455.3596 -0.2931 0.3460 -0.2420 0.0104 -0.2762 -0.2071 0.9385
1305031455.3917 -0.3039 0.3471 -0.2448 -0.0013 -0.2692 -0.1996 0.9422
1305031455.4276 -0.3182 0.3524 -0.2523 -0.0089 -0.2612 -0.1899 0.9464
1305031455.4596 -0.3319 0.3534 -0.2595 -0.0148 -0.2571 -0.1815 0.9491
1305031455.4916 -0.3429 0.3586 -0.2687 -0.0194 -0.2531 -0.1708 0.9521
1305031455.5276 -0.3601 0.3568 -0.2769 -0.0264 -0.2491 -0.1578 0.9552
1305031455.5597 -0.3763 0.3581 -0.2895 -0.0297 -0.2487 -0.1449 0.9572
1305031455.5916 -0.3873 0.3633 -0.3020 -0.0324 -0.2494 -0.1310 0.9589
1305031455.6276 -0.4023 0.3589 -0.3054 -0.0393 -0.2486 -0.1184 0.9605
1305031455.6596 -0.4174 0.3565 -0.3160 -0.0374 -0.2465 -0.1128 0.9618
1305031455.6916 -0.4304 0.3593 -0.3289 -0.0328 -0.2447 -0.1134 0.9624
1305031455.7276 -0.4432 0.3572 -0.3400 -0.0305 -0.2416 -0.1180 0.9627
1305031455.7597 -0.4562 0.3557 -0.3532 -0.0290 -0.2360 -0.1211 0.9637
1305031455.7917 -0.4712 0.3484 -0.3660 -0.0283 -0.2305 -0.1199 0.9652
1305031455.8276 -0.4834 0.3476 -0.3821 -0.0250 -0.2271 -0.1195 0.9662
1305031455.8595 -0.4944 0.3434 -0.3947 -0.0249 -0.2253 -0.1207 0.9665
1305031455.8917 -0.5034 0.3404 -0.4072 -0.0245 -0.2229 -0.1209 0.9670
1305031455.9280 -0.5136 0.3361 -0.4170 -0.0253 -0.2196 -0.1216 0.9677
1305031455.9597 -0.5217 0.3358 -0.4300 -0.0238 -0.2161 -0.1240 0.9682
1305031455.9917 -0.5297 0.3353 -0.4388 -0.0244 -0.2116 -0.1262 0.9689
1305031456.0278 -0.5377 0.3412 -0.4520 -0.0263 -0.2045 -0.1310 0.9697
1305031456.0597 -0.5510 0.3358 -0.4566 -0.0350 -0.1985 -0.1390 0.9696
1305031456.0917 -0.5632 0.3276 -0.4604 -0.0406 -0.1940 -0.1443 0.9695
1305031456.1276 -0.5734 0.3231 -0.4665 -0.0416 -0.1895 -0.1456 0.9701
1305031456.1597 -0.5829 0.3132 -0.4661 -0.0436 -0.1846 -0.1457 0.9710
1305031456.1917 -0.5921 0.3056 -0.4709 -0.0388 -0.1767 -0.1431 0.9730
1305031456.2277 -0.5979 0.3113 -0.4773 -0.0333 -0.1672 -0.1393 0.9755
1305031456.2917 -0.6249 0.2952 -0.4773 -0.0339 -0.1436 -0.1320 0.9802
1305031456.3277 -0.6361 0.2899 -0.4759 -0.0301 -0.1331 -0.1250 0.9827
1305031456.3916 -0.6590 0.2845 -0.4706 -0.0256 -0.1086 -0.1153 0.9871
1305031456.4277 -0.6770 0.2892 -0.4699 -0.0175 -0.0963 -0.1082 0.9893
1305031456.4917 -0.7156 0.3076 -0.4638 -0.0198 -0.0857 -0.0968 0.9914
1305031456.5276 -0.7291 0.3078 -0.4549 -0.0263 -0.0868 -0.0917 0.9917
1305031456.5917 -0.7493 0.3111 -0.4420 -0.0289 -0.0828 -0.0802 0.9929
1305031456.6276 -0.7619 0.3231 -0.4348 -0.0391 -0.0761 -0.0750 0.9935
1305031456.6916 -0.8003 0.3067 -0.4130 -0.0551 -0.0629 -0.0601 0.9947
1305031456.7277 -0.8178 0.3230 -0.4076 -0.0565 -0.0598 -0.0508 0.9953
1305031456.7916 -0.8522 0.3124 -0.3876 -0.0633 -0.0681 -0.0368 0.9950
1305031456.8276 -0.8594 0.3286 -0.3828 -0.0618 -0.0717 -0.0285 0.9951
1305031456.8917 -0.8779 0.3195 -0.3566 -0.0756 -0.0695 -0.0174 0.9946
1305031456.9277 -0.8916 0.3269 -0.3534 -0.0695 -0.0626 -0.0112 0.9956
1305031456.9597 -0.9061 0.3434 -0.3519 -0.0675 -0.0551 -0.0065 0.9962
1305031456.9917 -0.9193 0.3396 -0.3430 -0.0773 -0.0500 -0.0046 0.9957
1305031457.0276 -0.9332 0.3392 -0.3404 -0.0798 -0.0446 -0.0010 0.9958
1305031457.0917 -0.9559 0.3461 -0.3390 -0.0914 -0.0334 0.0081 0.9952
1305031457.1276 -0.9671 0.3382 -0.3377 -0.0964 -0.0272 0.0123 0.9949
1305031457.1917 -0.9920 0.3423 -0.3502 -0.0929 -0.0118 0.0250 0.9953
1305031457.2275 -1.0057 0.3378 -0.3543 -0.0980 -0.0042 0.0307 0.9947
1305031457.2917 -1.0293 0.3276 -0.3698 -0.0900 0.0109 0.0435 0.9949
1305031457.3275 -1.0429 0.3307 -0.3812 -0.0864 0.0215 0.0485 0.9948
1305031457.3917 -1.0730 0.3162 -0.3991 -0.0838 0.0456 0.0616 0.9935
1305031457.4276 -1.0930 0.3168 -0.4111 -0.0798 0.0557 0.0686 0.9929
1305031457.4917 -1.1202 0.2996 -0.4302 -0.0812 0.0613 0.0773 0.9918
1305031457.5276 -1.1324 0.2927 -0.4415 -0.0778 0.0649 0.0806 0.9916
1305031457.5597 -1.1455 0.2877 -0.4524 -0.0743 0.0701 0.0847 0.9912
1305031457.5917 -1.1635 0.2867 -0.4633 -0.0705 0.0759 0.0881 0.9907
1305031457.6275 -1.1763 0.2749 -0.4689 -0.0720 0.0784 0.0910 0.9901
1305031457.6596 -1.1945 0.2787 -0.4813 -0.0666 0.0821 0.0951 0.9898
1305031457.6916 -1.2081 0.2714 -0.4864 -0.0725 0.0827 0.0969 0.9892
1305031457.7277 -1.2178 0.2528 -0.4900 -0.0767 0.0835 0.0966 0.9888
1305031457.7596 -1.2294 0.2410 -0.4956 -0.0750 0.0855 0.0951 0.9889
1305031457.7916 -1.2362 0.2225 -0.5014 -0.0700 0.0892 0.0948 0.9890
1305031457.8277 -1.2490 0.2255 -0.5133 -0.0579 0.0965 0.0958 0.9890
1305031457.8596 -1.2618 0.2158 -0.5177 -0.0562 0.1049 0.0960 0.9882
1305031457.8916 -1.2782 0.1932 -0.5164 -0.0521 0.1140 0.0960 0.9875
1305031457.9276 -1.2966 0.1920 -0.5221 -0.0379 0.1192 0.1007 0.9870
1305031457.9916 -1.3193 0.1771 -0.5242 -0.0269 0.1206 0.1062 0.9866
1305031458.0278 -1.3283 0.1649 -0.5225 -0.0195 0.1235 0.1074 0.9863
1305031458.0597 -1.3442 0.1726 -0.5235 -0.0084 0.1288 0.1102 0.9855
1305031458.0917 -1.3594 0.1734 -0.5181 -0.0075 0.1338 0.1121 0.9846
1305031458.1276 -1.3733 0.1650 -0.5084 -0.0094 0.1379 0.1123 0.9840
1305031458.1596 -1.3877 0.1552 -0.4998 -0.0088 0.1405 0.1144 0.9834
1305031458.1916 -1.4037 0.1615 -0.4905 -0.0067 0.1403 0.1193 0.9829
1305031458.2276 -1.4148 0.1541 -0.4760 -0.0149 0.1371 0.1203 0.9831
1305031458.2599 -1.4253 0.1290 -0.4540 -0.0206 0.1350 0.1168 0.9837
1305031458.2917 -1.4440 0.1263 -0.4454 -0.0110 0.1315 0.1169 0.9843
1305031458.3276 -1.4521 0.1250 -0.4311 -0.0084 0.1241 0.1192 0.9851
1305031458.3596 -1.4569 0.1069 -0.4104 -0.0044 0.1186 0.1201 0.9856
1305031458.3916 -1.4679 0.1123 -0.3986 0.0101 0.1154 0.1234 0.9856
1305031458.4276 -1.4707 0.1127 -0.3841 0.0183 0.1133 0.1319 0.9846
1305031458.4596 -1.4657 0.1009 -0.3679 0.0269 0.1152 0.1402 0.9830
1305031458.4917 -1.4641 0.0926 -0.3517 0.0455 0.1233 0.1405 0.9813
1305031458.5277 -1.4797 0.1193 -0.3317 0.0717 0.1354 0.1384 0.9784
1305031458.5596 -1.4872 0.1244 -0.3120 0.0800 0.1445 0.1362 0.9768
1305031458.5916 -1.4980 0.1238 -0.2913 0.0890 0.1514 0.1303 0.9758
1305031458.6277 -1.5118 0.1529 -0.2691 0.0975 0.1525 0.1251 0.9755
1305031458.6596 -1.5222 0.1536 -0.2452 0.0913 0.1496 0.1252 0.9765
1305031458.6917 -1.5254 0.1542 -0.2205 0.0855 0.1347 0.1188 0.9800
1305031458.7276 -1.5131 0.1477 -0.1983 0.0825 0.1167 0.1106 0.9835
1305031458.7599 -1.5222 0.1521 -0.1810 0.0893 0.1035 0.0996 0.9856
1305031458.7916 -1.5206 0.1638 -0.1692 0.0900 0.0857 0.0901 0.9882
1305031458.8276 -1.5127 0.1610 -0.1531 0.0831 0.0747 0.0880 0.9898
1305031458.8917 -1.5102 0.1567 -0.1307 0.0905 0.0707 0.0776 0.9903
1305031458.9276 -1.5206 0.1612 -0.1254 0.0892 0.0782 0.0841 0.9894
1305031458.9596 -1.5253 0.1517 -0.1172 0.0800 0.0833 0.0966 0.9886
1305031458.9916 -1.5308 0.1279 -0.1098 0.0776 0.0862 0.1011 0.9881
1305031459.0277 -1.5532 0.1236 -0.1017 0.0890 0.0863 0.1002 0.9872
1305031459.0596 -1.5745 0.1143 -0.0890 0.0969 0.0810 0.1095 0.9859
1305031459.1276 -1.5886 0.0891 -0.1070 0.0894 0.0856 0.1254 0.9844
1305031459.1596 -1.5985 0.0882 -0.0959 0.0993 0.0598 0.1274 0.9851
1305031459.1917 -1.6088 0.0887 -0.0874 0.1056 0.0411 0.1336 0.9845
1305031459.2276 -1.6152 0.0890 -0.0773 0.1080 0.0279 0.1448 0.9831
1305031459.2598 -1.6164 0.0957 -0.0632 0.1090 0.0239 0.1543 0.9817
1305031459.3276 -1.6282 0.1003 -0.0408 0.1044 0.0557 0.1831 0.9759
1305031459.3597 -1.6391 0.1087 -0.0301 0.1092 0.0808 0.2025 0.9698
1305031459.3917 -1.6584 0.1291 -0.0188 0.1092 0.1099 0.2262 0.9617
1305031459.4276 -1.6586 0.1336 -0.0055 0.0969 0.1426 0.2619 0.9496
1305031459.4597 -1.6734 0.1329 -0.0005 0.0944 0.1789 0.2987 0.9327
1305031459.5276 -1.6531 0.1749 0.0482 0.1066 0.1803 0.2990 0.9310
1305031459.5596 -1.6695 0.1656 0.0411 0.0986 0.1950 0.3258 0.9198
1305031459.5917 -1.6877 0.1658 0.0421 0.0962 0.2019 0.3437 0.9120
1305031459.6276 -1.6971 0.1627 0.0468 0.0920 0.2034 0.3540 0.9082
1305031459.6596 -1.7104 0.1657 0.0517 0.0930 0.2107 0.3543 0.9063
1305031459.6916 -1.7273 0.1618 0.0559 0.0875 0.2229 0.3593 0.9020
1305031459.7276 -1.7407 0.1470 0.0577 0.0802 0.2315 0.3631 0.8990
1305031459.7917 -1.7790 0.1199 0.0635 0.0801 0.2447 0.3567 0.8981
1305031459.8277 -1.7960 0.1092 0.0674 0.0791 0.2457 0.3543 0.8988
1305031459.8597 -1.8135 0.0982 0.0727 0.0751 0.2453 0.3529 0.8998
1305031459.8916 -1.8231 0.0843 0.0788 0.0697 0.2409 0.3562 0.9001
1305031459.9276 -1.8321 0.0710 0.0843 0.0686 0.2381 0.3595 0.8997
1305031459.9917 -1.8536 0.0485 0.0965 0.0639 0.2359 0.3666 0.8977
1305031460.0276 -1.8605 0.0343 0.1024 0.0624 0.2360 0.3695 0.8966
1305031460.0597 -1.8721 0.0198 0.1071 0.0625 0.2369 0.3712 0.8956
1305031460.0917 -1.8824 0.0012 0.1101 0.0629 0.2325 0.3787 0.8936
1305031460.1277 -1.8863 -0.0113 0.1170 0.0682 0.2231 0.3879 0.8917
1305031460.1597 -1.8942 -0.0197 0.1226 0.0746 0.2153 0.3950 0.8900
1305031460.1916 -1.8949 -0.0253 0.1335 0.0751 0.2080 0.4016 0.8887
1305031460.2278 -1.8863 -0.0341 0.1430 0.0750 0.2058 0.4058 0.8873
1305031460.2917 -1.8891 -0.0547 0.1534 0.0769 0.2221 0.4056 0.8833
1305031460.3275 -1.8918 -0.0658 0.1586 0.0779 0.2308 0.4075 0.8801
1305031460.3916 -1.8930 -0.0842 0.1716 0.0735 0.2499 0.4141 0.8722
1305031460.4275 -1.8944 -0.0957 0.1771 0.0722 0.2609 0.4188 0.8668
1305031460.4596 -1.8948 -0.1010 0.1826 0.0709 0.2734 0.4225 0.8612
1305031460.4915 -1.9008 -0.1082 0.1882 0.0654 0.2882 0.4283 0.8540
1305031460.5276 -1.9006 -0.1205 0.1919 0.0577 0.2986 0.4385 0.8457
1305031460.5596 -1.8986 -0.1323 0.1963 0.0510 0.3078 0.4428 0.8406
1305031460.5919 -1.9028 -0.1437 0.2009 0.0470 0.3177 0.4435 0.8367
1305031460.6276 -1.9027 -0.1552 0.2051 0.0436 0.3259 0.4459 0.8325
1305031460.6598 -1.9082 -0.1674 0.2098 0.0415 0.3346 0.4452 0.8295
1305031460.6917 -1.9150 -0.1780 0.2166 0.0385 0.3401 0.4461 0.8270
1305031460.7277 -1.9139 -0.1865 0.2228 0.0336 0.3418 0.4465 0.8263
1305031460.7597 -1.9131 -0.1983 0.2288 0.0298 0.3467 0.4452 0.8250
1305031460.7917 -1.9188 -0.2101 0.2370 0.0269 0.3519 0.4441 0.8235
1305031460.8277 -1.9198 -0.2171 0.2460 0.0228 0.3536 0.4415 0.8243
1305031460.8597 -1.9188 -0.2242 0.2539 0.0169 0.3571 0.4392 0.8242
1305031460.8918 -1.9188 -0.2371 0.2630 0.0092 0.3626 0.4368 0.8232
1305031460.9276 -1.9199 -0.2495 0.2743 0.0033 0.3659 0.4362 0.8221
1305031460.9917 -1.9055 -0.2741 0.2878 -0.0015 0.3689 0.4393 0.8191
1305031461.0276 -1.9026 -0.2864 0.2971 -0.0008 0.3717 0.4401 0.8174
1305031461.0917 -1.9018 -0.2998 0.3128 0.0021 0.3708 0.4389 0.8185
1305031461.1276 -1.8926 -0.3094 0.3188 -0.0004 0.3702 0.4376 0.8194
1305031461.1597 -1.8862 -0.3212 0.3261 0.0003 0.3715 0.4358 0.8198
1305031461.1920 -1.8836 -0.3238 0.3320 0.0040 0.3717 0.4313 0.8221
1305031461.2276 -1.8811 -0.3298 0.3388 0.0043 0.3733 0.4288 0.8227
1305031461.2596 -1.8753 -0.3376 0.3448 0.0048 0.3732 0.4257 0.8243
1305031461.2917 -1.8720 -0.3397 0.3513 0.0075 0.3739 0.4195 0.8271
1305031461.3278 -1.8656 -0.3386 0.3556 0.0093 0.3750 0.4151 0.8288
1305031461.3597 -1.8683 -0.3369 0.3631 0.0065 0.3794 0.4106 0.8291
1305031461.3917 -1.8571 -0.3470 0.3712 -0.0027 0.3792 0.4125 0.8283
1305031461.4276 -1.8503 -0.3508 0.3740 -0.0038 0.3795 0.4109 0.8289
1305031461.4598 -1.8496 -0.3467 0.3787 -0.0059 0.3796 0.4119 0.8284
1305031461.4917 -1.8328 -0.3584 0.3794 -0.0123 0.3782 0.4149 0.8274
1305031461.5277 -1.8330 -0.3550 0.3789 -0.0059 0.3799 0.4118 0.8283
1305031461.5597 -1.8256 -0.3481 0.3737 -0.0059 0.3797 0.4085 0.8300
1305031461.5917 -1.8231 -0.3453 0.3703 -0.0055 0.3869 0.4047 0.8285
1305031461.6275 -1.8206 -0.3402 0.3690 -0.0074 0.3924 0.4042 0.8262
1305031461.6596 -1.8177 -0.3372 0.3676 -0.0097 0.3970 0.4041 0.8240
1305031461.6916 -1.8180 -0.3307 0.3659 -0.0102 0.3997 0.4089 0.8203
1305031461.7276 -1.8097 -0.3257 0.3623 -0.0131 0.3990 0.4150 0.8176
1305031461.7597 -1.8096 -0.3157 0.3567 -0.0124 0.4003 0.4172 0.8158
1305031461.7916 -1.8066 -0.3055 0.3513 -0.0157 0.4015 0.4215 0.8130
1305031461.8276 -1.8026 -0.2970 0.3465 -0.0175 0.4053 0.4262 0.8086
1305031461.8598 -1.8072 -0.2823 0.3430 -0.0165 0.4097 0.4316 0.8035
1305031461.8917 -1.8108 -0.2712 0.3414 -0.0203 0.4117 0.4423 0.7965
1305031461.9278 -1.8057 -0.2616 0.3364 -0.0270 0.4082 0.4530 0.7921
1305031461.9597 -1.8011 -0.2459 0.3270 -0.0309 0.4098 0.4560 0.7894
1305031461.9916 -1.8133 -0.2319 0.3282 -0.0360 0.4186 0.4608 0.7817
1305031462.0277 -1.8145 -0.2321 0.3316 -0.0482 0.4195 0.4724 0.7737
1305031462.0598 -1.8168 -0.2277 0.3332 -0.0526 0.4156 0.4845 0.7679
1305031462.0918 -1.8171 -0.2179 0.3297 -0.0543 0.4088 0.4961 0.7641
1305031462.1277 -1.8198 -0.2076 0.3268 -0.0564 0.4050 0.5050 0.7601
1305031462.1596 -1.8215 -0.2025 0.3246 -0.0608 0.4026 0.5114 0.7568
1305031462.1916 -1.8271 -0.1929 0.3230 -0.0637 0.4017 0.5107 0.7575
1305031462.2276 -1.8341 -0.1851 0.3229 -0.0692 0.4024 0.5110 0.7564
1305031462.2598 -1.8398 -0.1800 0.3239 -0.0763 0.4015 0.5099 0.7570
1305031462.2916 -1.8463 -0.1721 0.3241 -0.0820 0.3982 0.5069 0.7601
1305031462.3275 -1.8509 -0.1615 0.3228 -0.0885 0.3945 0.5026 0.7641
1305031462.3597 -1.8616 -0.1538 0.3266 -0.0954 0.3948 0.4960 0.7674
1305031462.3917 -1.8700 -0.1440 0.3302 -0.1033 0.3899 0.4925 0.7712
1305031462.4276 -1.8807 -0.1438 0.3399 -0.1146 0.3887 0.4882 0.7729
1305031462.4599 -1.8938 -0.1420 0.3493 -0.1250 0.3862 0.4814 0.7768
1305031462.4920 -1.8868 -0.1257 0.3514 -0.1299 0.3729 0.4830 0.7815
1305031462.5277 -1.8694 -0.1086 0.3423 -0.1319 0.3528 0.4862 0.7885
1305031462.5599 -1.8626 -0.1032 0.3355 -0.1316 0.3453 0.4886 0.7904
1305031462.5919 -1.8404 -0.0989 0.3251 -0.1373 0.3283 0.4940 0.7933
1305031462.6279 -1.8322 -0.0970 0.3220 -0.1393 0.3224 0.4952 0.7946
1305031462.6597 -1.8402 -0.0923 0.3172 -0.1389 0.3223 0.4859 0.8005
1305031462.6925 -1.8452 -0.0950 0.3086 -0.1416 0.3193 0.4778 0.8061
1305031462.7277 -1.8524 -0.0915 0.3014 -0.1425 0.3128 0.4684 0.8139
1305031462.7598 -1.8578 -0.0866 0.2946 -0.1435 0.3060 0.4597 0.8212
1305031462.7919 -1.8617 -0.0843 0.2860 -0.1465 0.3010 0.4534 0.8261
1305031462.8278 -1.8665 -0.0853 0.2749 -0.1519 0.2962 0.4485 0.8295
1305031462.8598 -1.8706 -0.0843 0.2664 -0.1557 0.2949 0.4434 0.8320
1305031462.8918 -1.8724 -0.0815 0.2547 -0.1580 0.2943 0.4390 0.8341
1305031462.9276 -1.8758 -0.0747 0.2434 -0.1574 0.2941 0.4366 0.8355
1305031462.9597 -1.8745 -0.0668 0.2319 -0.1560 0.2899 0.4349 0.8381
1305031462.9955 -1.8778 -0.0574 0.2233 -0.1500 0.2881 0.4319 0.8414
1305031463.0277 -1.8785 -0.0530 0.2038 -0.1444 0.2849 0.4253 0.8468
1305031463.0598 -1.8805 -0.0552 0.1872 -0.1434 0.2813 0.4180 0.8518
1305031463.0958 -1.8802 -0.0416 0.1764 -0.1399 0.2765 0.4094 0.8581
1305031463.1275 -1.8841 -0.0348 0.1660 -0.1356 0.2763 0.4019 0.8624
1305031463.1598 -1.8853 -0.0347 0.1493 -0.1333 0.2761 0.3923 0.8672
1305031463.1957 -1.8817 -0.0324 0.1340 -0.1367 0.2735 0.3856 0.8705
1305031463.2278 -1.8771 -0.0143 0.1276 -0.1320 0.2703 0.3809 0.8743
1305031463.2600 -1.8753 -0.0080 0.1125 -0.1264 0.2708 0.3763 0.8770
1305031463.2957 -1.8691 -0.0096 0.0943 -0.1287 0.2691 0.3713 0.8793
1305031463.3277 -1.8607 0.0044 0.0878 -0.1261 0.2636 0.3690 0.8823
1305031463.3598 -1.8615 0.0071 0.0776 -0.1208 0.2629 0.3663 0.8843
1305031463.3956 -1.8583 0.0104 0.0629 -0.1186 0.2600 0.3611 0.8877
1305031463.4277 -1.8495 0.0159 0.0554 -0.1195 0.2569 0.3597 0.8890
1305031463.4598 -1.8384 0.0308 0.0414 -0.1168 0.2541 0.3572 0.8912
1305031463.4956 -1.8314 0.0403 0.0347 -0.1176 0.2578 0.3547 0.8910
1305031463.5277 -1.8209 0.0458 0.0249 -0.1175 0.2628 0.3533 0.8901
1305031463.5598 -1.8140 0.0496 0.0124 -0.1156 0.2660 0.3537 0.8893
1305031463.5956 -1.8074 0.0605 0.0039 -0.1137 0.2655 0.3527 0.8900
1305031463.6276 -1.7918 0.0695 -0.0028 -0.1112 0.2647 0.3496 0.8918
1305031463.6598 -1.7839 0.0739 -0.0164 -0.1030 0.2687 0.3460 0.8930
1305031463.6956 -1.7804 0.0839 -0.0300 -0.0973 0.2705 0.3409 0.8951
1305031463.7276 -1.7609 0.0850 -0.0433 -0.0998 0.2688 0.3382 0.8963
1305031463.7597 -1.7380 0.0815 -0.0645 -0.0973 0.2674 0.3338 0.8987
1305031463.7956 -1.7296 0.0831 -0.0826 -0.0925 0.2703 0.3233 0.9022
1305031463.8278 -1.7123 0.0837 -0.1007 -0.0930 0.2684 0.3135 0.9061
1305031463.8599 -1.6954 0.0776 -0.1184 -0.0932 0.2691 0.3039 0.9092
1305031463.8956 -1.6858 0.0760 -0.1365 -0.0898 0.2707 0.2948 0.9120
1305031463.9277 -1.6755 0.0735 -0.1515 -0.0888 0.2693 0.2889 0.9144
1305031463.9597 -1.6594 0.0672 -0.1674 -0.0878 0.2639 0.2842 0.9175
1305031463.9958 -1.6474 0.0615 -0.1861 -0.0844 0.2603 0.2777 0.9209
1305031464.0277 -1.6386 0.0582 -0.2049 -0.0830 0.2569 0.2697 0.9243
1305031464.0597 -1.6221 0.0501 -0.2215 -0.0839 0.2544 0.2613 0.9273
1305031464.0956 -1.6156 0.0436 -0.2376 -0.0805 0.2563 0.2518 0.9298
1305031464.1277 -1.6140 0.0376 -0.2500 -0.0775 0.2570 0.2464 0.9313
1305031464.1598 -1.6069 0.0266 -0.2601 -0.0732 0.2537 0.2449 0.9329
1305031464.1956 -1.6017 0.0181 -0.2721 -0.0632 0.2478 0.2409 0.9363
1305031464.2276 -1.6037 0.0184 -0.2844 -0.0507 0.2399 0.2366 0.9402
1305031464.2596 -1.6035 0.0194 -0.2970 -0.0423 0.2265 0.2351 0.9443
1305031464.2957 -1.5951 0.0202 -0.3101 -0.0375 0.2092 0.2309 0.9495
1305031464.3279 -1.5806 0.0216 -0.3241 -0.0339 0.1940 0.2255 0.9541
1305031464.3597 -1.5657 0.0166 -0.3376 -0.0301 0.1838 0.2205 0.9574
1305031464.3956 -1.5507 0.0223 -0.3542 -0.0235 0.1768 0.2121 0.9608
1305031464.4276 -1.5406 0.0247 -0.3677 -0.0213 0.1758 0.2021 0.9632
1305031464.4597 -1.5317 0.0179 -0.3825 -0.0200 0.1737 0.1936 0.9654
1305031464.4956 -1.5162 0.0202 -0.3988 -0.0171 0.1701 0.1873 0.9673
1305031464.5276 -1.5085 0.0206 -0.4157 -0.0155 0.1702 0.1791 0.9689
1305031464.5597 -1.4928 0.0178 -0.4319 -0.0183 0.1668 0.1677 0.9714
1305031464.5957 -1.4663 0.0013 -0.4523 -0.0191 0.1681 0.1572 0.9730
1305031464.6277 -1.4521 -0.0044 -0.4710 -0.0107 0.1790 0.1478 0.9726
1305031464.6597 -1.4408 -0.0086 -0.4840 -0.0026 0.1907 0.1341 0.9724
1305031464.6957 -1.4285 -0.0297 -0.4919 0.0053 0.2016 0.1169 0.9725
1305031464.7277 -1.4287 -0.0320 -0.4967 0.0227 0.2095 0.0989 0.9725
1305031464.7597 -1.4236 -0.0229 -0.5050 0.0364 0.2085 0.0799 0.9741
1305031464.7960 -1.4225 -0.0340 -0.5025 0.0413 0.2048 0.0614 0.9760
1305031464.8278 -1.4230 -0.0369 -0.4989 0.0520 0.1941 0.0467 0.9785
1305031464.8597 -1.4128 -0.0237 -0.5004 0.0610 0.1763 0.0314 0.9819
1305031464.8958 -1.3938 -0.0189 -0.5021 0.0598 0.1576 0.0116 0.9856
1305031464.9278 -1.3716 -0.0399 -0.5005 0.0533 0.1430 -0.0094 0.9882
1305031464.9598 -1.3486 -0.0532 -0.4963 0.0544 0.1349 -0.0274 0.9890
1305031464.9957 -1.3285 -0.0507 -0.4914 0.0605 0.1313 -0.0462 0.9884
1305031465.0278 -1.3195 -0.0505 -0.4768 0.0635 0.1313 -0.0680 0.9870
1305031465.0597 -1.3202 -0.0297 -0.4556 0.0721 0.1277 -0.0881 0.9853
1305031465.0957 -1.3031 0.0169 -0.4397 0.0743 0.1145 -0.1041 0.9852
1305031465.1277 -1.2850 0.0286 -0.4236 0.0571 0.1006 -0.1189 0.9861
1305031465.1598 -1.2725 0.0305 -0.4032 0.0393 0.0894 -0.1275 0.9870
1305031465.1956 -1.2553 0.0343 -0.3850 0.0263 0.0781 -0.1344 0.9875
1305031465.2279 -1.2384 0.0503 -0.3684 0.0162 0.0691 -0.1399 0.9876
1305031465.2598 -1.2280 0.0520 -0.3470 0.0035 0.0616 -0.1406 0.9881
1305031465.2956 -1.2155 0.0667 -0.3331 0.0002 0.0535 -0.1314 0.9899
1305031465.3277 -1.2021 0.0813 -0.3187 -0.0057 0.0420 -0.1191 0.9920
1305031465.3599 -1.1913 0.0832 -0.3051 -0.0113 0.0278 -0.1074 0.9938
1305031465.3956 -1.1675 0.0866 -0.3016 -0.0113 0.0093 -0.0963 0.9952
1305031465.4277 -1.1392 0.0950 -0.3010 -0.0084 -0.0060 -0.0845 0.9964
1305031465.4601 -1.1169 0.1100 -0.3022 -0.0044 -0.0175 -0.0709 0.9973
1305031465.4957 -1.0934 0.1261 -0.3035 -0.0054 -0.0284 -0.0611 0.9977
1305031465.5276 -1.0733 0.1235 -0.3008 -0.0099 -0.0382 -0.0572 0.9976
1305031465.5598 -1.0493 0.1314 -0.3052 -0.0044 -0.0477 -0.0513 0.9975
1305031465.5956 -1.0238 0.1463 -0.3105 0.0017 -0.0534 -0.0425 0.9977
1305031465.6277 -1.0094 0.1606 -0.3163 0.0065 -0.0563 -0.0334 0.9978
1305031465.6601 -0.9908 0.1718 -0.3213 0.0099 -0.0658 -0.0246 0.9975
1305031465.6957 -0.9598 0.1852 -0.3247 0.0157 -0.0757 -0.0172 0.9969
1305031465.7277 -0.9378 0.2007 -0.3301 0.0230 -0.0794 -0.0080 0.9965
1305031465.7598 -0.9146 0.2204 -0.3351 0.0308 -0.0846 0.0011 0.9959
1305031465.7959 -0.8893 0.2368 -0.3365 0.0361 -0.0889 0.0077 0.9954
1305031465.8280 -0.8661 0.2479 -0.3398 0.0436 -0.0927 0.0136 0.9946
1305031465.8599 -0.8416 0.2755 -0.3451 0.0564 -0.0953 0.0183 0.9937
1305031465.8955 -0.8146 0.2986 -0.3445 0.0605 -0.0925 0.0208 0.9937
1305031465.9275 -0.7919 0.3094 -0.3456 0.0650 -0.0861 0.0222 0.9939
1305031465.9597 -0.7721 0.3301 -0.3507 0.0764 -0.0784 0.0210 0.9938
1305031465.9958 -0.7593 0.3520 -0.3571 0.0844 -0.0709 0.0173 0.9938
1305031466.0276 -0.7450 0.3752 -0.3625 0.0911 -0.0681 0.0155 0.9934
1305031466.0598 -0.7324 0.4004 -0.3679 0.0909 -0.0654 0.0161 0.9936
1305031466.0958 -0.7211 0.4172 -0.3750 0.0861 -0.0662 0.0162 0.9940
1305031466.1276 -0.7072 0.4334 -0.3819 0.0805 -0.0705 0.0160 0.9941
1305031466.1604 -0.6965 0.4488 -0.3931 0.0752 -0.0747 0.0176 0.9942
1305031466.1958 -0.6856 0.4670 -0.4041 0.0684 -0.0825 0.0179 0.9941
1305031466.2280 -0.6668 0.4750 -0.4117 0.0568 -0.0925 0.0132 0.9940
1305031466.2598 -0.6417 0.4741 -0.4193 0.0519 -0.0978 0.0063 0.9938
1305031466.2957 -0.6205 0.4853 -0.4310 0.0552 -0.0941 -0.0053 0.9940
1305031466.3277 -0.6064 0.4968 -0.4468 0.0563 -0.0836 -0.0149 0.9948
1305031466.3598 -0.5930 0.5029 -0.4598 0.0506 -0.0749 -0.0207 0.9957
1305031466.3958 -0.5814 0.4951 -0.4705 0.0473 -0.0713 -0.0243 0.9960
1305031466.4278 -0.5705 0.5069 -0.4851 0.0547 -0.0725 -0.0288 0.9954
1305031466.4598 -0.5538 0.5194 -0.4963 0.0555 -0.0777 -0.0330 0.9949
1305031466.4958 -0.5309 0.5258 -0.5024 0.0513 -0.0830 -0.0336 0.9947
1305031466.5275 -0.5057 0.5273 -0.5054 0.0482 -0.0834 -0.0337 0.9948
1305031466.5604 -0.4889 0.5389 -0.5147 0.0474 -0.0791 -0.0359 0.9951
1305031466.5959 -0.4687 0.5480 -0.5194 0.0397 -0.0791 -0.0392 0.9953
1305031466.6275 -0.4434 0.5393 -0.5147 0.0313 -0.0795 -0.0429 0.9954
1305031466.6597 -0.4237 0.5432 -0.5194 0.0377 -0.0769 -0.0482 0.9952
1305031466.6958 -0.4071 0.5582 -0.5278 0.0404 -0.0771 -0.0559 0.9946
1305031466.7281 -0.3859 0.5615 -0.5261 0.0343 -0.0804 -0.0649 0.9941
1305031466.7596 -0.3656 0.5579 -0.5222 0.0362 -0.0813 -0.0729 0.9934
1305031466.7956 -0.3490 0.5681 -0.5306 0.0438 -0.0825 -0.0781 0.9926
1305031466.8279 -0.3309 0.5742 -0.5348 0.0411 -0.0873 -0.0808 0.9920
1305031466.8597 -0.3184 0.5726 -0.5314 0.0389 -0.0930 -0.0803 0.9917
1305031466.8957 -0.3027 0.5763 -0.5355 0.0425 -0.1049 -0.0817 0.9902
1305031466.9278 -0.2854 0.5781 -0.5402 0.0426 -0.1191 -0.0838 0.9884
1305031466.9597 -0.2672 0.5767 -0.5426 0.0427 -0.1290 -0.0850 0.9871
1305031466.9957 -0.2484 0.5774 -0.5473 0.0435 -0.1344 -0.0876 0.9861
1305031467.0278 -0.2323 0.5777 -0.5502 0.0439 -0.1385 -0.0916 0.9851
1305031467.0597 -0.2140 0.5786 -0.5543 0.0442 -0.1415 -0.0948 0.9844
1305031467.0957 -0.1982 0.5792 -0.5572 0.0420 -0.1428 -0.1008 0.9837
1305031467.1290 -0.1854 0.5805 -0.5554 0.0436 -0.1456 -0.1108 0.9822
1305031467.1597 -0.1718 0.5813 -0.5584 0.0458 -0.1485 -0.1185 0.9807
1305031467.1957 -0.1594 0.5821 -0.5613 0.0469 -0.1531 -0.1228 0.9794
1305031467.2277 -0.1465 0.5825 -0.5637 0.0478 -0.1596 -0.1282 0.9777
1305031467.2597 -0.1327 0.5829 -0.5648 0.0498 -0.1650 -0.1331 0.9760
1305031467.2958 -0.1192 0.5842 -0.5688 0.0523 -0.1701 -0.1396 0.9741
1305031467.3280 -0.1046 0.5857 -0.5740 0.0535 -0.1757 -0.1442 0.9724
1305031467.3597 -0.0891 0.5878 -0.5781 0.0501 -0.1825 -0.1461 0.9710
1305031467.3958 -0.0767 0.5899 -0.5814 0.0454 -0.1888 -0.1512 0.9692
1305031467.4278 -0.0638 0.5898 -0.5814 0.0445 -0.1947 -0.1547 0.9676
1305031467.4597 -0.0482 0.5909 -0.5882 0.0444 -0.2015 -0.1567 0.9659
1305031467.4961 -0.0316 0.5936 -0.5936 0.0402 -0.2083 -0.1621 0.9637
1305031467.5277 -0.0180 0.5951 -0.5918 0.0369 -0.2111 -0.1681 0.9622
1305031467.5598 -0.0049 0.5925 -0.5899 0.0372 -0.2125 -0.1698 0.9616
1305031467.5960 0.0085 0.5907 -0.5916 0.0367 -0.2145 -0.1686 0.9614
1305031467.6275 0.0158 0.5828 -0.5832 0.0369 -0.2196 -0.1656 0.9607
1305031467.6596 0.0266 0.5768 -0.5821 0.0423 -0.2248 -0.1625 0.9598
1305031467.6959 0.0401 0.5728 -0.5838 0.0455 -0.2282 -0.1656 0.9583
1305031467.7275 0.0460 0.5654 -0.5702 0.0497 -0.2304 -0.1703 0.9568
1305031467.7599 0.0535 0.5570 -0.5636 0.0552 -0.2326 -0.1727 0.9555
1305031467.7961 0.0614 0.5515 -0.5578 0.0597 -0.2351 -0.1758 0.9541
1305031467.8278 0.0623 0.5403 -0.5399 0.0638 -0.2377 -0.1761 0.9531
1305031467.8597 0.0646 0.5311 -0.5297 0.0704 -0.2417 -0.1732 0.9522
1305031467.8959 0.0690 0.5261 -0.5217 0.0757 -0.2485 -0.1726 0.9501
1305031467.9278 0.0724 0.5172 -0.5028 0.0792 -0.2563 -0.1753 0.9472
1305031467.9598 0.0749 0.5056 -0.4856 0.0857 -0.2616 -0.1764 0.9451
1305031467.9958 0.0845 0.5049 -0.4744 0.0910 -0.2640 -0.1788 0.9434
1305031468.0281 0.0829 0.4906 -0.4509 0.0891 -0.2647 -0.1823 0.9428
1305031468.0598 0.0805 0.4772 -0.4328 0.0939 -0.2664 -0.1848 0.9413
1305031468.0959 0.0871 0.4725 -0.4200 0.0976 -0.2699 -0.1865 0.9396
1305031468.1278 0.0872 0.4586 -0.3992 0.0960 -0.2723 -0.1875 0.9389
1305031468.1599 0.0896 0.4462 -0.3837 0.0983 -0.2739 -0.1908 0.9375
1305031468.1960 0.0933 0.4360 -0.3659 0.0989 -0.2747 -0.1940 0.9365
1305031468.2282 0.0940 0.4202 -0.3484 0.0973 -0.2738 -0.1940 0.9370
1305031468.2598 0.0975 0.4040 -0.3328 0.0968 -0.2725 -0.1928 0.9377
1305031468.2958 0.0976 0.3899 -0.3180 0.0967 -0.2695 -0.1933 0.9384
1305031468.3278 0.0972 0.3673 -0.3041 0.0970 -0.2673 -0.1917 0.9394
1305031468.3598 0.1011 0.3568 -0.2952 0.1011 -0.2644 -0.1870 0.9407
1305031468.3959 0.1027 0.3496 -0.2873 0.1005 -0.2621 -0.1867 0.9415
1305031468.4280 0.1016 0.3243 -0.2798 0.0943 -0.2617 -0.1873 0.9421
1305031468.4598 0.1053 0.3073 -0.2728 0.0932 -0.2627 -0.1848 0.9424
1305031468.4958 0.1075 0.2934 -0.2647 0.0913 -0.2614 -0.1852 0.9429
1305031468.5278 0.1018 0.2691 -0.2605 0.0900 -0.2585 -0.1913 0.9426
1305031468.5597 0.0972 0.2505 -0.2581 0.0962 -0.2581 -0.1992 0.9405
1305031468.5958 0.0983 0.2427 -0.2589 0.1002 -0.2586 -0.2043 0.9388
1305031468.6276 0.0925 0.2269 -0.2540 0.0940 -0.2596 -0.2057 0.9389
1305031468.6596 0.0792 0.1998 -0.2543 0.0895 -0.2615 -0.2079 0.9383
1305031468.6958 0.0722 0.1826 -0.2525 0.0935 -0.2675 -0.2113 0.9354
1305031468.7278 0.0694 0.1707 -0.2498 0.0982 -0.2740 -0.2118 0.9330
1305031468.7596 0.0654 0.1575 -0.2451 0.0995 -0.2788 -0.2121 0.9313
1305031468.7958 0.0574 0.1377 -0.2400 0.1026 -0.2812 -0.2167 0.9292
1305031468.8292 0.0525 0.1260 -0.2382 0.1113 -0.2831 -0.2220 0.9264
1305031468.8597 0.0563 0.1212 -0.2330 0.1153 -0.2839 -0.2256 0.9248
1305031468.8959 0.0527 0.1083 -0.2269 0.1123 -0.2798 -0.2273 0.9260
1305031468.9281 0.0484 0.0990 -0.2225 0.1083 -0.2745 -0.2247 0.9287
1305031468.9596 0.0433 0.1002 -0.2213 0.1037 -0.2678 -0.2219 0.9318
1305031468.9957 0.0411 0.1090 -0.2198 0.0931 -0.2633 -0.2257 0.9333
1305031469.0277 0.0330 0.0974 -0.2121 0.0737 -0.2597 -0.2332 0.9342
1305031469.0598 0.0225 0.0868 -0.2082 0.0598 -0.2567 -0.2406 0.9342
1305031469.0957 0.0250 0.0833 -0.1957 0.0501 -0.2571 -0.2508 0.9319
1305031469.1277 0.0239 0.0720 -0.1815 0.0373 -0.2516 -0.2615 0.9311
1305031469.1597 0.0198 0.0646 -0.1705 0.0276 -0.2428 -0.2690 0.9316
1305031469.1955 0.0114 0.0554 -0.1603 0.0192 -0.2328 -0.2745 0.9328
1305031469.2278 -0.0002 0.0530 -0.1548 0.0149 -0.2245 -0.2779 0.9339
1305031469.2596 -0.0040 0.0513 -0.1432 0.0104 -0.2221 -0.2820 0.9333
1305031469.2968 -0.0083 0.0494 -0.1310 0.0057 -0.2174 -0.2844 0.9337
1305031469.3276 -0.0135 0.0523 -0.1205 0.0014 -0.2136 -0.2865 0.9340
1305031469.3596 -0.0097 0.0474 -0.1018 -0.0059 -0.2113 -0.2910 0.9331
1305031469.3957 -0.0128 0.0442 -0.0872 -0.0076 -0.2005 -0.2963 0.9338
1305031469.4277 -0.0166 0.0528 -0.0761 -0.0045 -0.1881 -0.3017 0.9347
1305031469.4597 -0.0226 0.0604 -0.0638 -0.0035 -0.1775 -0.3084 0.9345
1305031469.4957 -0.0358 0.0717 -0.0526 -0.0026 -0.1691 -0.3120 0.9349
1305031469.5276 -0.0381 0.0829 -0.0409 -0.0042 -0.1691 -0.3121 0.9349
1305031469.5596 -0.0388 0.0910 -0.0272 -0.0099 -0.1700 -0.3124 0.9345
1305031469.5958 -0.0385 0.0985 -0.0144 -0.0176 -0.1708 -0.3120 0.9344
1305031469.6278 -0.0419 0.1078 0.0005 -0.0269 -0.1687 -0.3116 0.9347
1305031469.6596 -0.0484 0.1146 0.0151 -0.0333 -0.1642 -0.3118 0.9353
1305031469.6956 -0.0505 0.1254 0.0272 -0.0369 -0.1606 -0.3107 0.9361
1305031469.7277 -0.0555 0.1351 0.0390 -0.0423 -0.1553 -0.3096 0.9371
1305031469.7596 -0.0603 0.1493 0.0490 -0.0473 -0.1504 -0.3066 0.9387
1305031469.7956 -0.0690 0.1675 0.0621 -0.0519 -0.1475 -0.3034 0.9399
1305031469.8275 -0.0749 0.1794 0.0712 -0.0578 -0.1488 -0.3013 0.9401
1305031469.8596 -0.0836 0.1959 0.0807 -0.0638 -0.1491 -0.2991 0.9403
1305031469.8958 -0.0915 0.2111 0.0896 -0.0686 -0.1499 -0.2961 0.9408
1305031469.9279 -0.1012 0.2294 0.0987 -0.0712 -0.1509 -0.2917 0.9418
1305031469.9598 -0.1112 0.2450 0.1050 -0.0728 -0.1533 -0.2895 0.9420
1305031469.9956 -0.1219 0.2609 0.1098 -0.0747 -0.1545 -0.2873 0.9423
1305031470.0277 -0.1322 0.2753 0.1125 -0.0774 -0.1562 -0.2868 0.9420
1305031470.0596 -0.1441 0.2912 0.1155 -0.0793 -0.1559 -0.2863 0.9421
1305031470.0959 -0.1555 0.3057 0.1155 -0.0808 -0.1549 -0.2845 0.9426
1305031470.1276 -0.1667 0.3203 0.1147 -0.0849 -0.1543 -0.2825 0.9430
1305031470.1596 -0.1801 0.3381 0.1163 -0.0872 -0.1539 -0.2785 0.9440
1305031470.1961 -0.1919 0.3501 0.1133 -0.0902 -0.1547 -0.2761 0.9443
1305031470.2276 -0.2035 0.3619 0.1107 -0.0950 -0.1542 -0.2733 0.9447
1305031470.2600 -0.2155 0.3742 0.1089 -0.1002 -0.1534 -0.2706 0.9451
1305031470.2957 -0.2269 0.3854 0.1062 -0.1067 -0.1523 -0.2687 0.9451
1305031470.3276 -0.2399 0.3988 0.1051 -0.1132 -0.1514 -0.2655 0.9454
1305031470.3596 -0.2534 0.4120 0.1029 -0.1183 -0.1514 -0.2605 0.9462
1305031470.3958 -0.2666 0.4253 0.0999 -0.1214 -0.1515 -0.2567 0.9468
1305031470.4276 -0.2803 0.4375 0.0976 -0.1218 -0.1524 -0.2573 0.9464
1305031470.4597 -0.2932 0.4469 0.0947 -0.1215 -0.1536 -0.2572 0.9463
1305031470.4957 -0.3053 0.4548 0.0905 -0.1213 -0.1551 -0.2559 0.9464
1305031470.5277 -0.3175 0.4618 0.0863 -0.1217 -0.1551 -0.2561 0.9463
1305031470.5597 -0.3293 0.4710 0.0837 -0.1223 -0.1535 -0.2551 0.9468
1305031470.5958 -0.3406 0.4767 0.0806 -0.1241 -0.1528 -0.2521 0.9475
1305031470.6277 -0.3517 0.4838 0.0787 -0.1268 -0.1515 -0.2476 0.9485
1305031470.6597 -0.3622 0.4884 0.0769 -0.1297 -0.1512 -0.2440 0.9491
1305031470.6956 -0.3734 0.4962 0.0758 -0.1316 -0.1510 -0.2403 0.9498
1305031470.7277 -0.3847 0.5007 0.0756 -0.1320 -0.1509 -0.2380 0.9503
1305031470.7597 -0.3924 0.5002 0.0707 -0.1355 -0.1473 -0.2361 0.9509
1305031470.7956 -0.4027 0.5089 0.0724 -0.1353 -0.1419 -0.2303 0.9532
1305031470.8278 -0.4131 0.5142 0.0729 -0.1311 -0.1412 -0.2251 0.9551
1305031470.8596 -0.4227 0.5165 0.0705 -0.1267 -0.1414 -0.2202 0.9568
1305031470.8957 -0.4329 0.5195 0.0671 -0.1230 -0.1416 -0.2150 0.9584
1305031470.9277 -0.4431 0.5230 0.0670 -0.1177 -0.1444 -0.2099 0.9598
1305031470.9596 -0.4529 0.5214 0.0643 -0.1098 -0.1480 -0.2071 0.9608
1305031470.9960 -0.4596 0.5219 0.0600 -0.1014 -0.1495 -0.2040 0.9622
1305031471.0276 -0.4681 0.5197 0.0578 -0.0939 -0.1484 -0.2014 0.9637
1305031471.0596 -0.4775 0.5193 0.0539 -0.0844 -0.1452 -0.1964 0.9660
1305031471.0958 -0.4856 0.5222 0.0496 -0.0749 -0.1438 -0.1892 0.9685
1305031471.1277 -0.4929 0.5212 0.0469 -0.0694 -0.1448 -0.1821 0.9701
1305031471.1596 -0.4973 0.5203 0.0423 -0.0643 -0.1452 -0.1756 0.9716
1305031471.1957 -0.5025 0.5210 0.0389 -0.0616 -0.1426 -0.1696 0.9732
1305031471.2276 -0.5097 0.5221 0.0370 -0.0610 -0.1390 -0.1646 0.9746
1305031471.2597 -0.5167 0.5204 0.0365 -0.0625 -0.1371 -0.1608 0.9754
1305031471.2961 -0.5225 0.5171 0.0357 -0.0629 -0.1354 -0.1564 0.9763
1305031471.3276 -0.5248 0.5158 0.0324 -0.0596 -0.1324 -0.1533 0.9775
1305031471.3596 -0.5277 0.5172 0.0299 -0.0579 -0.1251 -0.1507 0.9789
1305031471.3957 -0.5367 0.5127 0.0294 -0.0595 -0.1165 -0.1456 0.9807
1305031471.4277 -0.5440 0.5137 0.0248 -0.0553 -0.1127 -0.1384 0.9824
1305031471.4596 -0.5472 0.5149 0.0211 -0.0543 -0.1134 -0.1334 0.9831
1305031471.4965 -0.5522 0.5139 0.0187 -0.0561 -0.1122 -0.1293 0.9836
1305031471.5276 -0.5564 0.5127 0.0158 -0.0574 -0.1114 -0.1246 0.9843
1305031471.5597 -0.5586 0.5122 0.0123 -0.0582 -0.1098 -0.1226 0.9846
1305031471.5957 -0.5618 0.5112 0.0093 -0.0589 -0.1050 -0.1203 0.9854
1305031471.6276 -0.5649 0.5098 0.0059 -0.0595 -0.0999 -0.1185 0.9861
1305031471.6596 -0.5674 0.5092 0.0027 -0.0583 -0.0947 -0.1145 0.9872
1305031471.6956 -0.5693 0.5091 -0.0026 -0.0572 -0.0908 -0.1094 0.9882
1305031471.7275 -0.5712 0.5110 -0.0066 -0.0576 -0.0864 -0.1055 0.9890
1305031471.7597 -0.5718 0.5128 -0.0063 -0.0574 -0.0822 -0.0984 0.9901
1305031471.7958 -0.5731 0.5136 -0.0113 -0.0572 -0.0751 -0.0912 0.9913
1305031471.8276 -0.5749 0.5153 -0.0158 -0.0606 -0.0703 -0.0853 0.9920
1305031471.8597 -0.5765 0.5184 -0.0140 -0.0638 -0.0672 -0.0783 0.9926
1305031471.8956 -0.5795 0.5212 -0.0168 -0.0672 -0.0618 -0.0725 0.9932
1305031471.9277 -0.5827 0.5243 -0.0154 -0.0726 -0.0557 -0.0692 0.9934
1305031471.9596 -0.5851 0.5265 -0.0119 -0.0727 -0.0489 -0.0664 0.9939
1305031471.9956 -0.5887 0.5301 -0.0181 -0.0730 -0.0404 -0.0636 0.9945
1305031472.0276 -0.5922 0.5349 -0.0164 -0.0784 -0.0351 -0.0604 0.9945
1305031472.0597 -0.5955 0.5380 -0.0126 -0.0793 -0.0310 -0.0568 0.9947
1305031472.0956 -0.5988 0.5399 -0.0154 -0.0800 -0.0262 -0.0516 0.9951
1305031472.1276 -0.6031 0.5428 -0.0143 -0.0856 -0.0236 -0.0482 0.9949
1305031472.1596 -0.6082 0.5446 -0.0078 -0.0872 -0.0222 -0.0459 0.9949
1305031472.1957 -0.6130 0.5448 -0.0081 -0.0838 -0.0199 -0.0417 0.9954
1305031472.2276 -0.6161 0.5453 -0.0105 -0.0818 -0.0184 -0.0396 0.9957
1305031472.2638 -0.6185 0.5459 -0.0061 -0.0778 -0.0170 -0.0401 0.9960
1305031472.2957 -0.6199 0.5439 -0.0086 -0.0721 -0.0154 -0.0384 0.9965
1305031472.3277 -0.6169 0.5413 -0.0119 -0.0697 -0.0182 -0.0362 0.9967
1305031472.3636 -0.6154 0.5421 -0.0124 -0.0683 -0.0210 -0.0341 0.9969
1305031472.3956 -0.6151 0.5403 -0.0115 -0.0686 -0.0243 -0.0320 0.9968
1305031472.4277 -0.6019 0.5360 -0.0109 -0.0685 -0.0395 -0.0310 0.9964
1305031472.4636 -0.5699 0.5272 -0.0092 -0.0716 -0.0694 -0.0247 0.9947
1305031472.4956 -0.5481 0.5147 -0.0085 -0.0798 -0.0890 -0.0203 0.9926
1305031472.5276 -0.5486 0.5092 -0.0061 -0.0810 -0.0872 -0.0193 0.9927
1305031472.5636 -0.5486 0.5044 -0.0062 -0.0772 -0.0877 -0.0174 0.9930
1305031472.5957 -0.5463 0.5047 -0.0088 -0.0723 -0.0893 -0.0144 0.9933
1305031472.6277 -0.5444 0.5015 -0.0076 -0.0731 -0.0907 -0.0127 0.9931
1305031472.6636 -0.5427 0.4971 -0.0058 -0.0736 -0.0917 -0.0113 0.9930
1305031472.6958 -0.5413 0.4938 -0.0047 -0.0721 -0.0926 -0.0098 0.9930
1305031472.7276 -0.5396 0.4907 -0.0037 -0.0699 -0.0937 -0.0098 0.9931
1305031472.7636 -0.5372 0.4881 -0.0029 -0.0679 -0.0942 -0.0110 0.9932
1305031472.7956 -0.5367 0.4841 -0.0012 -0.0670 -0.0929 -0.0126 0.9933
1305031472.8276 -0.5368 0.4822 -0.0001 -0.0643 -0.0918 -0.0123 0.9936
1305031472.8636 -0.5370 0.4822 0.0006 -0.0616 -0.0917 -0.0105 0.9938
1305031472.8957 -0.5367 0.4821 0.0013 -0.0613 -0.0931 -0.0084 0.9937
1305031472.9277 -0.5354 0.4795 0.0037 -0.0626 -0.0949 -0.0066 0.9935
1305031472.9638 -0.5353 0.4795 0.0040 -0.0617 -0.0945 -0.0053 0.9936
1305031472.9957 -0.5365 0.4793 0.0053 -0.0625 -0.0948 -0.0045 0.9935
1305031473.0276 -0.5360 0.4790 0.0061 -0.0629 -0.0965 -0.0045 0.9933
1305031473.0637 -0.5349 0.4769 0.0075 -0.0644 -0.0977 -0.0060 0.9931
1305031473.0957 -0.5339 0.4762 0.0079 -0.0639 -0.0972 -0.0078 0.9932
1305031473.1277 -0.5353 0.4754 0.0087 -0.0641 -0.0956 -0.0091 0.9933
1305031473.1671 -0.5368 0.4740 0.0086 -0.0635 -0.0954 -0.0095 0.9934
1305031473.1961 -0.5363 0.4734 0.0084 -0.0624 -0.0963 -0.0097 0.9933
