1305031453.3917 0.0000 0.0000 0.0000 0.0000 0.0000 0.0000 1.0000
1305031453.5237 0.0140 0.0163 -0.0435 0.0156 0.0202 0.0356 0.9990
1305031453.6277 0.0139 0.0293 -0.0834 0.0350 0.0255 0.0497 0.9978
1305031453.7277 0.0147 0.0419 -0.1248 0.0486 0.0066 0.0397 0.9980
1305031453.8597 -0.0180 0.0463 -0.1735 0.0522 -0.0328 0.0134 0.9980
1305031453.9277 -0.0276 0.0530 -0.1834 0.0483 -0.0722 0.0057 0.9962
1305031453.9596 -0.0294 0.0576 -0.1853 0.0475 -0.0904 -0.0010 0.9948
1305031453.9916 -0.0311 0.0591 -0.1858 0.0475 -0.1042 -0.0104 0.9934
1305031454.0277 -0.0397 0.0627 -0.1840 0.0503 -0.1172 -0.0163 0.9917
1305031454.0597 -0.0592 0.0645 -0.1859 0.0508 -0.1253 -0.0246 0.9905
1305031454.0917 -0.0779 0.0679 -0.1717 0.0530 -0.1350 -0.0331 0.9889
1305031454.1277 -0.0963 0.0777 -0.1595 0.0594 -0.1474 -0.0405 0.9865
1305031454.1597 -0.1171 0.0864 -0.1539 0.0621 -0.1586 -0.0475 0.9842
1305031454.1917 -0.1356 0.0959 -0.1502 0.0645 -0.1715 -0.0583 0.9813
1305031454.2277 -0.1547 0.1073 -0.1403 0.0729 -0.1858 -0.0737 0.9771
1305031454.2596 -0.1610 0.1046 -0.1380 0.0743 -0.1999 -0.0838 0.9734
1305031454.2916 -0.1588 0.1075 -0.1366 0.0751 -0.2099 -0.0946 0.9702
1305031454.3277 -0.1741 0.1148 -0.1363 0.0781 -0.2182 -0.1037 0.9672
1305031454.3596 -0.1810 0.1161 -0.1407 0.0838 -0.2291 -0.1169 0.9627
1305031454.3917 -0.1868 0.1188 -0.1415 0.0850 -0.2378 -0.1243 0.9596
1305031454.4275 -0.1960 0.1204 -0.1446 0.0857 -0.2485 -0.1352 0.9553
1305031454.4599 -0.1864 0.1197 -0.1384 0.0880 -0.2649 -0.1473 0.9489
1305031454.4916 -0.1751 0.1174 -0.1333 0.0897 -0.2752 -0.1593 0.9438
1305031454.5277 -0.1677 0.1235 -0.1263 0.0913 -0.2881 -0.1695 0.9381
1305031454.5596 -0.1738 0.1307 -0.1329 0.0899 -0.2944 -0.1810 0.9341
1305031454.5916 -0.1722 0.1355 -0.1315 0.0892 -0.3070 -0.1903 0.9282
1305031454.6276 -0.1771 0.1446 -0.1305 0.0903 -0.3198 -0.1976 0.9222
1305031454.6595 -0.1791 0.1539 -0.1223 0.0891 -0.3335 -0.2022 0.9165
1305031454.6919 -0.1819 0.1596 -0.1238 0.0860 -0.3479 -0.2103 0.9096
1305031454.7277 -0.1855 0.1631 -0.1161 0.0837 -0.3618 -0.2131 0.9037
1305031454.7597 -0.1851 0.1750 -0.1254 0.0825 -0.3656 -0.2135 0.9022
1305031454.7916 -0.1846 0.1738 -0.1215 0.0775 -0.3686 -0.2097 0.9023
1305031454.8276 -0.1827 0.1815 -0.1150 0.0746 -0.3712 -0.2046 0.9027
1305031454.8596 -0.1763 0.1896 -0.1110 0.0703 -0.3711 -0.1987 0.9044
1305031454.8918 -0.1654 0.1891 -0.1045 0.0637 -0.3727 -0.1903 0.9060
1305031454.9276 -0.1612 0.1883 -0.0977 0.0577 -0.3730 -0.1852 0.9073
1305031454.9596 -0.1623 0.1935 -0.0982 0.0540 -0.3700 -0.1791 0.9100
1305031454.9919 -0.1627 0.1955 -0.0996 0.0505 -0.3689 -0.1755 0.9113
1305031455.0278 -0.1626 0.1982 -0.1009 0.0483 -0.3687 -0.1725 0.9121
1305031455.0596 -0.1635 0.2000 -0.1022 0.0462 -0.3679 -0.1706 0.9129
1305031455.0917 -0.1652 0.2002 -0.1033 0.0458 -0.3670 -0.1703 0.9133
1305031455.1277 -0.1666 0.2045 -0.1091 0.0464 -0.3639 -0.1696 0.9147
1305031455.1597 -0.1696 0.2082 -0.1138 0.0445 -0.3615 -0.1664 0.9163
1305031455.1917 -0.1745 0.2136 -0.1175 0.0420 -0.3596 -0.1622 0.9179
1305031455.2276 -0.1799 0.2137 -0.1199 0.0392 -0.3583 -0.1583 0.9193
1305031455.2596 -0.1834 0.2215 -0.1290 0.0371 -0.3538 -0.1543 0.9218
1305031455.2918 -0.1857 0.2183 -0.1253 0.0248 -0.3550 -0.1435 0.9234
1305031455.3278 -0.1998 0.2259 -0.1410 0.0206 -0.3488 -0.1359 0.9271
1305031455.3596 -0.2060 0.2349 -0.1407 0.0116 -0.3491 -0.1282 0.9282
1305031455.3917 -0.2118 0.2280 -0.1402 -0.0031 -0.3458 -0.1204 0.9305
1305031455.4276 -0.2190 0.2320 -0.1483 -0.0095 -0.3413 -0.1115 0.9333
1305031455.4596 -0.2270 0.2324 -0.1560 -0.0126 -0.3390 -0.1069 0.9346
1305031455.4916 -0.2334 0.2348 -0.1653 -0.0170 -0.3363 -0.0987 0.9364
1305031455.5276 -0.2529 0.2380 -0.1778 -0.0200 -0.3303 -0.0885 0.9395
1305031455.5597 -0.2652 0.2361 -0.1912 -0.0249 -0.3315 -0.0773 0.9400
1305031455.5916 -0.2736 0.2388 -0.2028 -0.0290 -0.3332 -0.0622 0.9404
1305031455.6596 -0.2939 0.2315 -0.2132 -0.0353 -0.3351 -0.0419 0.9406
1305031455.6916 -0.2990 0.2274 -0.2273 -0.0338 -0.3339 -0.0417 0.9411
1305031455.7276 -0.3056 0.2280 -0.2348 -0.0311 -0.3324 -0.0444 0.9416
1305031455.7597 -0.3103 0.2273 -0.2424 -0.0294 -0.3298 -0.0457 0.9425
1305031455.7917 -0.3163 0.2208 -0.2490 -0.0291 -0.3273 -0.0455 0.9434
1305031455.8276 -0.3194 0.2138 -0.2623 -0.0299 -0.3254 -0.0449 0.9440
1305031455.8595 -0.3235 0.2038 -0.2731 -0.0327 -0.3241 -0.0454 0.9444
1305031455.8917 -0.3268 0.2023 -0.2807 -0.0326 -0.3224 -0.0451 0.9450
1305031455.9280 -0.3295 0.2003 -0.2875 -0.0325 -0.3210 -0.0454 0.9454
1305031455.9597 -0.3302 0.1973 -0.2952 -0.0325 -0.3198 -0.0465 0.9458
1305031455.9917 -0.3325 0.1960 -0.2987 -0.0334 -0.3182 -0.0472 0.9463
1305031456.0278 -0.3374 0.1987 -0.3095 -0.0352 -0.3135 -0.0520 0.9475
1305031456.0597 -0.3477 0.1821 -0.3184 -0.0452 -0.3087 -0.0632 0.9480
1305031456.0917 -0.3551 0.1770 -0.3236 -0.0479 -0.3054 -0.0666 0.9487
1305031456.1276 -0.3594 0.1747 -0.3269 -0.0479 -0.3030 -0.0673 0.9494
1305031456.1597 -0.3624 0.1688 -0.3267 -0.0491 -0.3007 -0.0665 0.9501
1305031456.1917 -0.3682 0.1529 -0.3251 -0.0493 -0.2955 -0.0628 0.9520
1305031456.2277 -0.3742 0.1542 -0.3315 -0.0475 -0.2867 -0.0580 0.9551
1305031456.2917 -0.3755 0.1268 -0.3234 -0.0559 -0.2726 -0.0487 0.9593
1305031456.3277 -0.3845 0.1125 -0.3163 -0.0577 -0.2649 -0.0412 0.9617
1305031456.3916 -0.3869 0.0987 -0.3047 -0.0605 -0.2490 -0.0297 0.9662
1305031456.4277 -0.3973 0.0948 -0.3087 -0.0583 -0.2388 -0.0186 0.9691
1305031456.4917 -0.4331 0.1010 -0.3144 -0.0650 -0.2308 -0.0069 0.9708
1305031456.5276 -0.4588 0.1025 -0.3156 -0.0686 -0.2279 -0.0043 0.9713
1305031456.5917 -0.4823 0.1129 -0.3118 -0.0679 -0.2226 0.0041 0.9725
1305031456.6276 -0.4891 0.1242 -0.3077 -0.0794 -0.2202 0.0079 0.9722
1305031456.6916 -0.5242 0.1049 -0.2895 -0.0987 -0.2101 0.0196 0.9725
1305031456.7916 -0.5831 0.1027 -0.2878 -0.1079 -0.2130 0.0398 0.9703
1305031457.0917 -0.6954 0.1191 -0.2638 -0.1471 -0.1821 0.0789 0.9690
1305031457.2275 -0.7362 0.0915 -0.2912 -0.1631 -0.1529 0.0967 0.9699
1305031457.3275 -0.7571 0.0749 -0.3247 -0.1570 -0.1272 0.1147 0.9726
1305031457.4276 -0.7914 0.0559 -0.3626 -0.1532 -0.0941 0.1328 0.9747
1305031457.5276 -0.8106 0.0221 -0.3935 -0.1554 -0.0865 0.1455 0.9732
1305031457.5917 -0.8243 0.0179 -0.4212 -0.1472 -0.0776 0.1557 0.9737
1305031457.6596 -0.8485 0.0066 -0.4442 -0.1440 -0.0709 0.1619 0.9737
1305031457.7277 -0.8743 -0.0286 -0.4542 -0.1549 -0.0658 0.1599 0.9727
1305031457.7916 -0.8764 -0.0553 -0.4588 -0.1480 -0.0627 0.1590 0.9741
1305031457.8277 -0.8806 -0.0435 -0.4731 -0.1317 -0.0574 0.1630 0.9761
1305031457.8916 -0.8956 -0.0807 -0.4825 -0.1272 -0.0432 0.1605 0.9779
1305031457.9276 -0.9067 -0.0796 -0.4873 -0.1121 -0.0378 0.1678 0.9787
1305031457.9916 -0.9219 -0.1098 -0.5041 -0.1050 -0.0353 0.1761 0.9781
1305031458.0278 -0.9248 -0.1149 -0.5031 -0.0941 -0.0328 0.1786 0.9789
1305031458.0597 -0.9350 -0.1020 -0.5113 -0.0823 -0.0292 0.1829 0.9792
1305031458.0917 -0.9435 -0.1013 -0.5120 -0.0820 -0.0266 0.1845 0.9790
1305031458.1276 -0.9484 -0.1087 -0.5101 -0.0836 -0.0251 0.1840 0.9790
1305031458.1596 -0.9505 -0.1260 -0.5160 -0.0868 -0.0251 0.1846 0.9786
1305031458.1916 -0.9741 -0.1262 -0.5125 -0.0851 -0.0224 0.1893 0.9780
1305031458.2276 -0.9969 -0.1285 -0.4881 -0.0907 -0.0237 0.1887 0.9775
1305031458.2599 -1.0216 -0.1582 -0.4577 -0.0957 -0.0226 0.1874 0.9773
1305031458.2917 -1.0334 -0.1676 -0.4586 -0.0888 -0.0306 0.1878 0.9777
1305031458.3276 -1.0611 -0.1714 -0.4412 -0.0862 -0.0327 0.1892 0.9776
1305031458.3596 -1.0645 -0.2016 -0.4246 -0.0863 -0.0395 0.1920 0.9768
1305031458.3916 -1.0858 -0.1944 -0.4124 -0.0717 -0.0395 0.1997 0.9764
1305031458.4276 -1.0888 -0.1879 -0.4022 -0.0636 -0.0407 0.2091 0.9750
1305031458.4596 -1.0882 -0.1928 -0.3950 -0.0540 -0.0380 0.2145 0.9745
1305031458.4917 -1.0955 -0.1917 -0.3802 -0.0345 -0.0288 0.2157 0.9754
1305031458.5277 -1.1036 -0.1943 -0.3743 -0.0204 -0.0208 0.2149 0.9762
1305031458.5596 -1.1087 -0.1966 -0.3637 -0.0181 -0.0157 0.2156 0.9762
1305031458.5916 -1.1153 -0.2127 -0.3584 -0.0149 -0.0113 0.2113 0.9772
1305031458.6277 -1.1346 -0.1978 -0.3445 -0.0094 -0.0091 0.2092 0.9778
1305031458.6596 -1.1415 -0.1921 -0.3121 -0.0122 -0.0154 0.2121 0.9771
1305031458.6917 -1.1750 -0.1758 -0.2902 -0.0064 -0.0241 0.2058 0.9783
1305031458.7276 -1.1883 -0.1743 -0.2746 -0.0030 -0.0350 0.2003 0.9791
1305031458.7599 -1.2022 -0.1817 -0.2624 0.0014 -0.0478 0.1951 0.9796
1305031458.7916 -1.2156 -0.1658 -0.2416 0.0079 -0.0613 0.1869 0.9804
1305031458.8276 -1.2253 -0.1743 -0.2208 0.0016 -0.0659 0.1842 0.9807
1305031458.8917 -1.2360 -0.1774 -0.1924 0.0101 -0.0676 0.1738 0.9824
1305031458.9276 -1.2523 -0.1766 -0.1937 0.0090 -0.0597 0.1748 0.9827
1305031458.9596 -1.2659 -0.1787 -0.1928 0.0037 -0.0523 0.1830 0.9817
1305031458.9916 -1.2670 -0.1924 -0.1918 0.0019 -0.0504 0.1845 0.9815
1305031459.0277 -1.2957 -0.1974 -0.1802 0.0137 -0.0469 0.1862 0.9813
1305031459.0596 -1.3223 -0.2119 -0.1785 0.0195 -0.0486 0.1968 0.9790
1305031459.1276 -1.3538 -0.1642 -0.1196 0.0487 -0.0476 0.2012 0.9772
1305031459.1596 -1.3641 -0.1705 -0.1136 0.0568 -0.0731 0.2036 0.9747
1305031459.1917 -1.3722 -0.1713 -0.0945 0.0617 -0.0921 0.2112 0.9711
1305031459.2276 -1.3758 -0.1730 -0.0811 0.0632 -0.1065 0.2208 0.9674
1305031459.2598 -1.3899 -0.1692 -0.0712 0.0643 -0.1059 0.2261 0.9662
1305031459.3276 -1.4095 -0.1648 -0.0379 0.0556 -0.0760 0.2505 0.9635
1305031459.3597 -1.4120 -0.1618 -0.0309 0.0534 -0.0544 0.2711 0.9595
1305031459.3917 -1.4308 -0.1384 -0.0245 0.0509 -0.0256 0.2924 0.9546
1305031459.4276 -1.4289 -0.1354 -0.0162 0.0308 0.0041 0.3241 0.9455
1305031459.4597 -1.4473 -0.1386 -0.0195 0.0207 0.0427 0.3591 0.9321
1305031459.5276 -1.4905 -0.0395 0.0595 0.0436 0.0551 0.3683 0.9270
1305031459.5596 -1.5054 -0.0443 0.0624 0.0342 0.0713 0.3908 0.9171
1305031459.5917 -1.5199 -0.0495 0.0618 0.0271 0.0790 0.4109 0.9079
1305031459.6276 -1.5164 -0.0447 0.0746 0.0232 0.0745 0.4207 0.9038
1305031459.6596 -1.5246 -0.0422 0.0743 0.0242 0.0781 0.4204 0.9037
1305031459.6916 -1.5464 -0.0558 0.0726 0.0161 0.0949 0.4235 0.9007
1305031459.7276 -1.5536 -0.0673 0.0697 0.0100 0.1002 0.4262 0.8990
1305031459.7917 -1.5871 -0.0951 0.0664 0.0111 0.1117 0.4187 0.9012
1305031459.8277 -1.6002 -0.1127 0.0663 0.0085 0.1131 0.4189 0.9009
1305031459.8597 -1.6159 -0.1352 0.0644 0.0016 0.1138 0.4186 0.9010
1305031459.8916 -1.6222 -0.1461 0.0703 -0.0007 0.1076 0.4228 0.8998
1305031459.9276 -1.6360 -0.1643 0.0742 -0.0026 0.1086 0.4227 0.8998
1305031459.9917 -1.6472 -0.1951 0.0828 -0.0101 0.1036 0.4341 0.8948
1305031460.0276 -1.6569 -0.2078 0.0906 -0.0114 0.1059 0.4353 0.8940
1305031460.0597 -1.6683 -0.2274 0.0920 -0.0133 0.1081 0.4373 0.8927
1305031460.0917 -1.6787 -0.2562 0.0933 -0.0165 0.1071 0.4443 0.8893
1305031460.1277 -1.6897 -0.2649 0.1019 -0.0098 0.1006 0.4493 0.8876
1305031460.1597 -1.6990 -0.2776 0.1014 -0.0056 0.0940 0.4561 0.8849
1305031460.1916 -1.6971 -0.2843 0.1134 -0.0064 0.0859 0.4644 0.8814
1305031460.2278 -1.7036 -0.2819 0.1265 -0.0017 0.0878 0.4630 0.8820
1305031460.2917 -1.7050 -0.3032 0.1348 -0.0005 0.1028 0.4640 0.8798
1305031460.3275 -1.7089 -0.3111 0.1377 0.0001 0.1101 0.4653 0.8783
1305031460.3916 -1.7101 -0.3184 0.1514 -0.0031 0.1272 0.4707 0.8731
1305031460.4275 -1.7146 -0.3287 0.1613 -0.0057 0.1394 0.4743 0.8692
1305031460.4596 -1.7132 -0.3293 0.1698 -0.0082 0.1506 0.4770 0.8659
1305031460.4915 -1.7165 -0.3454 0.1695 -0.0189 0.1663 0.4829 0.8595
1305031460.5276 -1.7124 -0.3539 0.1713 -0.0273 0.1753 0.4907 0.8531
1305031460.5596 -1.7124 -0.3635 0.1752 -0.0346 0.1839 0.4933 0.8495
1305031460.5919 -1.7129 -0.3695 0.1819 -0.0372 0.1905 0.4944 0.8473
1305031460.6276 -1.7120 -0.3724 0.1858 -0.0388 0.1953 0.4965 0.8449
1305031460.6598 -1.7147 -0.3822 0.1860 -0.0408 0.2008 0.4953 0.8442
1305031460.6917 -1.7188 -0.3902 0.1893 -0.0434 0.2044 0.4961 0.8427
1305031460.7277 -1.7203 -0.3929 0.1933 -0.0452 0.2052 0.4961 0.8425
1305031460.7597 -1.7193 -0.3985 0.1971 -0.0466 0.2073 0.4946 0.8428
1305031460.7917 -1.7206 -0.4060 0.1998 -0.0490 0.2092 0.4942 0.8424
1305031460.8277 -1.7221 -0.4119 0.2032 -0.0519 0.2099 0.4931 0.8427
1305031460.8597 -1.7246 -0.4154 0.2077 -0.0543 0.2124 0.4915 0.8429
1305031460.8918 -1.7230 -0.4247 0.2147 -0.0602 0.2154 0.4893 0.8429
1305031460.9276 -1.7267 -0.4317 0.2208 -0.0625 0.2174 0.4885 0.8427
1305031460.9917 -1.7144 -0.4536 0.2309 -0.0675 0.2190 0.4905 0.8407
1305031461.0276 -1.7153 -0.4623 0.2392 -0.0670 0.2220 0.4918 0.8393
1305031461.0917 -1.7207 -0.4773 0.2547 -0.0641 0.2208 0.4906 0.8405
1305031461.1276 -1.7212 -0.4856 0.2634 -0.0651 0.2232 0.4889 0.8408
1305031461.1597 -1.7121 -0.4949 0.2707 -0.0650 0.2231 0.4881 0.8413
1305031461.1920 -1.7190 -0.4945 0.2758 -0.0595 0.2244 0.4821 0.8448
1305031461.2276 -1.7160 -0.4956 0.2800 -0.0591 0.2242 0.4806 0.8457
1305031461.2596 -1.7200 -0.5034 0.2876 -0.0571 0.2276 0.4769 0.8471
1305031461.2917 -1.7230 -0.5034 0.2956 -0.0538 0.2292 0.4720 0.8496
1305031461.3278 -1.7246 -0.5040 0.2982 -0.0518 0.2318 0.4675 0.8515
1305031461.3597 -1.7259 -0.5009 0.3027 -0.0524 0.2338 0.4655 0.8520
1305031461.3917 -1.7198 -0.5083 0.3088 -0.0593 0.2328 0.4651 0.8520
1305031461.4276 -1.7172 -0.5087 0.3124 -0.0590 0.2333 0.4650 0.8520
1305031461.4598 -1.7215 -0.5083 0.3179 -0.0598 0.2357 0.4646 0.8515
1305031461.4917 -1.7127 -0.5134 0.3225 -0.0638 0.2354 0.4646 0.8513
1305031461.5277 -1.7111 -0.5069 0.3232 -0.0575 0.2360 0.4637 0.8520
1305031461.5597 -1.7041 -0.4957 0.3215 -0.0557 0.2344 0.4609 0.8541
1305031461.5917 -1.6973 -0.4908 0.3109 -0.0563 0.2378 0.4578 0.8548
1305031461.6275 -1.7022 -0.4818 0.3174 -0.0563 0.2474 0.4554 0.8534
1305031461.6596 -1.7033 -0.4810 0.3207 -0.0585 0.2537 0.4547 0.8517
1305031461.6916 -1.7082 -0.4795 0.3247 -0.0600 0.2598 0.4572 0.8485
1305031461.7276 -1.7042 -0.4726 0.3236 -0.0612 0.2600 0.4620 0.8457
1305031461.7597 -1.7078 -0.4679 0.3235 -0.0614 0.2649 0.4623 0.8440
1305031461.7916 -1.6976 -0.4513 0.3137 -0.0638 0.2623 0.4673 0.8419
1305031461.8276 -1.6998 -0.4427 0.3102 -0.0654 0.2693 0.4692 0.8385
1305031461.8598 -1.7054 -0.4367 0.3050 -0.0679 0.2765 0.4758 0.8322
1305031461.8917 -1.7109 -0.4215 0.3050 -0.0716 0.2802 0.4866 0.8243
1305031461.9278 -1.7045 -0.4040 0.3041 -0.0763 0.2745 0.4971 0.8196
1305031461.9597 -1.6914 -0.3852 0.2919 -0.0807 0.2718 0.5015 0.8174
1305031461.9916 -1.7142 -0.3766 0.3077 -0.0865 0.2900 0.5029 0.8096
1305031462.0277 -1.7128 -0.3759 0.3235 -0.1029 0.2925 0.5103 0.8021
1305031462.0598 -1.7130 -0.3719 0.3308 -0.1118 0.2886 0.5200 0.7961
1305031462.0918 -1.7095 -0.3580 0.3240 -0.1128 0.2783 0.5331 0.7910
1305031462.1277 -1.7060 -0.3515 0.3262 -0.1193 0.2739 0.5428 0.7849
1305031462.1596 -1.7049 -0.3490 0.3230 -0.1255 0.2705 0.5486 0.7811
1305031462.1916 -1.7132 -0.3360 0.3235 -0.1231 0.2700 0.5484 0.7818
1305031462.2276 -1.7227 -0.3363 0.3264 -0.1325 0.2728 0.5450 0.7817
1305031462.2598 -1.7194 -0.3499 0.3366 -0.1512 0.2742 0.5432 0.7790
1305031462.2916 -1.7232 -0.3593 0.3451 -0.1651 0.2751 0.5388 0.7789
1305031462.3597 -1.7270 -0.3843 0.3599 -0.1969 0.2761 0.5321 0.7758
1305031462.4276 -1.7861 -0.3648 0.4104 -0.1997 0.2934 0.5198 0.7771
1305031462.4920 -1.8047 -0.3433 0.4830 -0.2111 0.2959 0.5168 0.7751
1305031462.7598 -1.8481 -0.3246 0.4888 -0.2297 0.2571 0.4396 0.8294
1305031462.9597 -1.8346 -0.3151 0.4609 -0.2577 0.2331 0.4149 0.8409
1305031463.0598 -1.8294 -0.3050 0.4197 -0.2446 0.2212 0.3990 0.8556
1305031463.1598 -1.8260 -0.2868 0.3834 -0.2333 0.2141 0.3725 0.8723
1305031463.2600 -1.8110 -0.2653 0.3550 -0.2281 0.2093 0.3595 0.8803
1305031463.3598 -1.7958 -0.2590 0.3253 -0.2241 0.2040 0.3504 0.8862
1305031463.4598 -1.7767 -0.2283 0.2972 -0.2141 0.1979 0.3405 0.8939
1305031463.5277 -1.7515 -0.2056 0.2777 -0.2127 0.2016 0.3348 0.8956
1305031463.6276 -1.7402 -0.1810 0.2589 -0.2042 0.2128 0.3191 0.9007
1305031463.6598 -1.7318 -0.1833 0.2432 -0.1970 0.2178 0.3136 0.9030
1305031463.7276 -1.7161 -0.1728 0.2202 -0.1910 0.2208 0.2992 0.9084
1305031463.7597 -1.6948 -0.1800 0.2068 -0.1874 0.2232 0.2941 0.9102
1305031463.7956 -1.6896 -0.1779 0.1879 -0.1812 0.2265 0.2781 0.9157
1305031463.8599 -1.6480 -0.1887 0.1582 -0.1804 0.2224 0.2631 0.9213
1305031463.8956 -1.6357 -0.1958 0.1321 -0.1764 0.2208 0.2500 0.9261
1305031463.9597 -1.6015 -0.2068 0.1055 -0.1724 0.2111 0.2411 0.9314
1305031463.9958 -1.6000 -0.2113 0.0950 -0.1670 0.2107 0.2296 0.9354
1305031464.0277 -1.5888 -0.2133 0.0805 -0.1646 0.2057 0.2223 0.9387
1305031464.0597 -1.5680 -0.2263 0.0716 -0.1675 0.2012 0.2135 0.9412
1305031464.0956 -1.5651 -0.2467 0.0625 -0.1683 0.2040 0.1986 0.9437
1305031464.1277 -1.5627 -0.2478 0.0505 -0.1632 0.2039 0.1949 0.9454
1305031464.1598 -1.5581 -0.2630 0.0482 -0.1600 0.2029 0.1911 0.9470
1305031464.1956 -1.5528 -0.2719 0.0378 -0.1489 0.1967 0.1870 0.9509
1305031464.2276 -1.5517 -0.2680 0.0180 -0.1342 0.1865 0.1826 0.9560
1305031464.2596 -1.5523 -0.2665 0.0102 -0.1265 0.1716 0.1839 0.9596
1305031464.2957 -1.5401 -0.2700 0.0053 -0.1244 0.1534 0.1802 0.9636
1305031464.3279 -1.5250 -0.2732 -0.0045 -0.1231 0.1389 0.1753 0.9669
1305031464.3597 -1.5116 -0.2815 -0.0095 -0.1210 0.1305 0.1713 0.9690
1305031464.3956 -1.5042 -0.2798 -0.0257 -0.1149 0.1253 0.1621 0.9720
1305031464.4276 -1.4972 -0.2804 -0.0329 -0.1127 0.1244 0.1530 0.9739
1305031464.4597 -1.4904 -0.2988 -0.0427 -0.1144 0.1229 0.1447 0.9751
1305031464.4956 -1.4836 -0.2998 -0.0483 -0.1124 0.1216 0.1392 0.9763
1305031464.5276 -1.4743 -0.2997 -0.0613 -0.1099 0.1205 0.1311 0.9779
1305031464.5597 -1.4644 -0.3059 -0.0725 -0.1119 0.1179 0.1226 0.9791
1305031464.5957 -1.4383 -0.3171 -0.0864 -0.1098 0.1172 0.1069 0.9812
1305031464.6277 -1.4282 -0.3263 -0.0962 -0.0996 0.1299 0.0989 0.9815
1305031464.6597 -1.4141 -0.3435 -0.1109 -0.0916 0.1401 0.0876 0.9820
1305031464.6957 -1.3960 -0.3455 -0.1130 -0.0773 0.1479 0.0702 0.9835
1305031464.7277 -1.3986 -0.3544 -0.1265 -0.0589 0.1538 0.0526 0.9849
1305031464.7597 -1.3998 -0.3547 -0.1369 -0.0442 0.1528 0.0364 0.9866
1305031464.7960 -1.4030 -0.3744 -0.1422 -0.0404 0.1485 0.0184 0.9879
1305031464.8278 -1.4035 -0.3634 -0.1314 -0.0257 0.1361 0.0055 0.9903
1305031464.8597 -1.4165 -0.3586 -0.1131 -0.0188 0.1225 -0.0115 0.9922
1305031464.8958 -1.4103 -0.3569 -0.1022 -0.0218 0.1058 -0.0310 0.9937
1305031464.9278 -1.3895 -0.3665 -0.0857 -0.0244 0.0910 -0.0488 0.9944
1305031464.9598 -1.3789 -0.3819 -0.0809 -0.0234 0.0847 -0.0646 0.9940
1305031464.9957 -1.3772 -0.3730 -0.0710 -0.0154 0.0834 -0.0827 0.9930
1305031465.0278 -1.3781 -0.3712 -0.0515 -0.0121 0.0838 -0.1049 0.9909
1305031465.0597 -1.3899 -0.3460 -0.0362 -0.0023 0.0820 -0.1252 0.9887
1305031465.0957 -1.3738 -0.2951 -0.0105 -0.0007 0.0685 -0.1407 0.9877
1305031465.1277 -1.3577 -0.2887 0.0185 -0.0192 0.0546 -0.1528 0.9866
1305031465.1598 -1.3378 -0.2865 0.0469 -0.0369 0.0414 -0.1599 0.9856
1305031465.1956 -1.3194 -0.2859 0.0698 -0.0516 0.0291 -0.1649 0.9845
1305031465.2279 -1.2974 -0.2837 0.0880 -0.0655 0.0184 -0.1711 0.9829
1305031465.2598 -1.2861 -0.2745 0.1158 -0.0780 0.0116 -0.1702 0.9822
1305031465.3277 -1.2650 -0.2472 0.1415 -0.0902 -0.0043 -0.1504 0.9845
1305031465.3956 -1.2294 -0.2342 0.1683 -0.0950 -0.0345 -0.1246 0.9871
1305031465.4277 -1.2044 -0.2284 0.1709 -0.0933 -0.0472 -0.1149 0.9879
1305031465.4601 -1.1848 -0.2237 0.1684 -0.0920 -0.0554 -0.1031 0.9889
1305031465.4957 -1.1621 -0.2144 0.1653 -0.0952 -0.0635 -0.0912 0.9892
1305031465.5276 -1.1462 -0.2175 0.1693 -0.0984 -0.0706 -0.0862 0.9889
1305031465.5598 -1.1281 -0.2102 0.1672 -0.0937 -0.0772 -0.0810 0.9893
1305031465.5956 -1.1131 -0.2000 0.1649 -0.0891 -0.0800 -0.0742 0.9900
1305031465.6277 -1.1034 -0.1924 0.1631 -0.0865 -0.0814 -0.0678 0.9906
1305031465.6601 -1.0901 -0.1878 0.1578 -0.0847 -0.0871 -0.0603 0.9908
1305031465.6957 -1.0686 -0.1836 0.1550 -0.0820 -0.0938 -0.0536 0.9908
1305031465.7277 -1.0526 -0.1751 0.1519 -0.0771 -0.0963 -0.0458 0.9913
1305031465.7598 -1.0392 -0.1621 0.1444 -0.0710 -0.0983 -0.0372 0.9919
1305031465.7959 -1.0238 -0.1628 0.1397 -0.0702 -0.1001 -0.0328 0.9920
1305031465.8280 -1.0058 -0.1589 0.1336 -0.0653 -0.1024 -0.0285 0.9922
1305031465.8599 -0.9868 -0.1410 0.1248 -0.0547 -0.1031 -0.0248 0.9929
1305031465.8955 -0.9623 -0.1344 0.1196 -0.0537 -0.0986 -0.0225 0.9934
1305031465.9275 -0.9345 -0.1332 0.1228 -0.0520 -0.0942 -0.0209 0.9940
1305031465.9597 -0.9152 -0.1214 0.1141 -0.0427 -0.0861 -0.0226 0.9951
1305031465.9958 -0.8947 -0.1164 0.1057 -0.0386 -0.0805 -0.0257 0.9957
1305031466.0276 -0.8780 -0.1076 0.0956 -0.0351 -0.0802 -0.0265 0.9958
1305031466.0598 -0.8560 -0.0884 0.0863 -0.0356 -0.0791 -0.0259 0.9959
1305031466.0958 -0.8504 -0.0692 0.0820 -0.0381 -0.0783 -0.0267 0.9958
1305031466.1276 -0.8356 -0.0520 0.0777 -0.0431 -0.0827 -0.0253 0.9953
1305031466.1604 -0.8284 -0.0366 0.0660 -0.0471 -0.0847 -0.0239 0.9950
1305031466.1958 -0.8201 -0.0256 0.0551 -0.0558 -0.0896 -0.0223 0.9942
1305031466.2280 -0.8053 -0.0265 0.0550 -0.0705 -0.0970 -0.0250 0.9925
1305031466.2598 -0.7882 -0.0274 0.0533 -0.0726 -0.1014 -0.0307 0.9917
1305031466.2957 -0.7613 -0.0242 0.0419 -0.0704 -0.1009 -0.0392 0.9916
1305031466.3277 -0.7466 -0.0180 0.0249 -0.0687 -0.0919 -0.0507 0.9921
1305031466.3598 -0.7365 -0.0219 0.0105 -0.0754 -0.0817 -0.0588 0.9921
1305031466.3958 -0.7202 -0.0313 0.0014 -0.0767 -0.0812 -0.0622 0.9918
1305031466.4278 -0.7127 -0.0298 -0.0104 -0.0734 -0.0828 -0.0651 0.9917
1305031466.4598 -0.7028 -0.0245 -0.0207 -0.0729 -0.0860 -0.0697 0.9912
1305031466.4958 -0.6888 -0.0217 -0.0273 -0.0765 -0.0883 -0.0687 0.9908
1305031466.5275 -0.6638 -0.0258 -0.0358 -0.0782 -0.0881 -0.0678 0.9907
1305031466.5604 -0.6443 -0.0213 -0.0531 -0.0790 -0.0844 -0.0708 0.9908
1305031466.5959 -0.6210 -0.0189 -0.0570 -0.0886 -0.0858 -0.0762 0.9894
1305031466.6275 -0.5921 -0.0319 -0.0564 -0.0947 -0.0876 -0.0795 0.9885
1305031466.6597 -0.5699 -0.0332 -0.0589 -0.0899 -0.0866 -0.0850 0.9885
1305031466.6958 -0.5534 -0.0275 -0.0742 -0.0887 -0.0878 -0.0913 0.9880
1305031466.7281 -0.5311 -0.0249 -0.0667 -0.0947 -0.0928 -0.1013 0.9860
1305031466.7596 -0.5112 -0.0271 -0.0581 -0.0925 -0.0947 -0.1082 0.9853
1305031466.7956 -0.4919 -0.0218 -0.0606 -0.0871 -0.0993 -0.1107 0.9850
1305031466.8279 -0.4795 -0.0218 -0.0708 -0.0895 -0.1020 -0.1146 0.9841
1305031466.8597 -0.4748 -0.0264 -0.0701 -0.0920 -0.1045 -0.1152 0.9835
1305031466.8957 -0.4620 -0.0318 -0.0729 -0.0923 -0.1145 -0.1134 0.9826
1305031466.9278 -0.4415 -0.0330 -0.0649 -0.0938 -0.1306 -0.1110 0.9807
1305031466.9597 -0.4311 -0.0330 -0.0638 -0.0917 -0.1388 -0.1149 0.9794
1305031466.9957 -0.4195 -0.0356 -0.0635 -0.0918 -0.1422 -0.1172 0.9786
1305031467.0278 -0.4075 -0.0389 -0.0685 -0.0917 -0.1451 -0.1190 0.9779
1305031467.0597 -0.3913 -0.0382 -0.0670 -0.0913 -0.1484 -0.1196 0.9774
1305031467.0957 -0.3784 -0.0331 -0.0658 -0.0903 -0.1508 -0.1225 0.9768
1305031467.1290 -0.3726 -0.0350 -0.0667 -0.0905 -0.1521 -0.1283 0.9758
1305031467.1597 -0.3633 -0.0417 -0.0646 -0.0918 -0.1556 -0.1332 0.9745
1305031467.1957 -0.3562 -0.0410 -0.0679 -0.0908 -0.1583 -0.1354 0.9738
1305031467.2277 -0.3489 -0.0459 -0.0659 -0.0918 -0.1632 -0.1404 0.9722
1305031467.2597 -0.3414 -0.0456 -0.0643 -0.0907 -0.1668 -0.1427 0.9714
1305031467.2958 -0.3328 -0.0442 -0.0643 -0.0891 -0.1709 -0.1464 0.9703
1305031467.3280 -0.3227 -0.0429 -0.0656 -0.0880 -0.1753 -0.1493 0.9691
1305031467.3597 -0.3111 -0.0438 -0.0687 -0.0905 -0.1802 -0.1515 0.9677
1305031467.3958 -0.2980 -0.0455 -0.0689 -0.0949 -0.1868 -0.1539 0.9656
1305031467.4278 -0.2883 -0.0447 -0.0686 -0.0950 -0.1907 -0.1544 0.9648
1305031467.4597 -0.2792 -0.0465 -0.0746 -0.0952 -0.1946 -0.1558 0.9637
1305031467.4961 -0.2517 -0.0447 -0.0758 -0.0969 -0.2053 -0.1602 0.9606
1305031467.5277 -0.2316 -0.0418 -0.0753 -0.0976 -0.2105 -0.1644 0.9587
1305031467.5598 -0.2222 -0.0436 -0.0746 -0.0970 -0.2115 -0.1647 0.9585
1305031467.5960 -0.2147 -0.0489 -0.0753 -0.0986 -0.2130 -0.1636 0.9582
1305031467.6275 -0.2064 -0.0433 -0.0628 -0.0954 -0.2182 -0.1620 0.9576
1305031467.6596 -0.2001 -0.0549 -0.0488 -0.0937 -0.2230 -0.1580 0.9574
1305031467.6959 -0.1925 -0.0588 -0.0416 -0.0925 -0.2265 -0.1604 0.9563
1305031467.7275 -0.1927 -0.0525 -0.0279 -0.0864 -0.2283 -0.1649 0.9556
1305031467.7599 -0.1873 -0.0601 -0.0186 -0.0837 -0.2315 -0.1672 0.9547
1305031467.7961 -0.1806 -0.0635 -0.0115 -0.0806 -0.2338 -0.1705 0.9538
1305031467.8278 -0.1829 -0.0682 0.0143 -0.0787 -0.2368 -0.1698 0.9533
1305031467.8597 -0.1804 -0.0774 0.0343 -0.0745 -0.2412 -0.1658 0.9533
1305031467.8959 -0.1771 -0.0817 0.0492 -0.0715 -0.2470 -0.1644 0.9523
1305031467.9278 -0.1753 -0.0799 0.0700 -0.0677 -0.2534 -0.1657 0.9506
1305031467.9598 -0.1753 -0.0927 0.0879 -0.0635 -0.2580 -0.1665 0.9496
1305031467.9958 -0.1734 -0.0926 0.0979 -0.0612 -0.2592 -0.1681 0.9491
1305031468.0281 -0.1739 -0.0920 0.1151 -0.0610 -0.2601 -0.1695 0.9486
1305031468.0598 -0.1780 -0.1016 0.1411 -0.0577 -0.2635 -0.1721 0.9474
1305031468.0959 -0.1782 -0.1059 0.1500 -0.0571 -0.2649 -0.1725 0.9470
1305031468.1278 -0.1775 -0.1090 0.1646 -0.0575 -0.2666 -0.1725 0.9465
1305031468.1599 -0.1784 -0.1133 0.1836 -0.0567 -0.2688 -0.1738 0.9457
1305031468.1960 -0.1754 -0.1153 0.2012 -0.0562 -0.2703 -0.1758 0.9449
1305031468.2282 -0.1756 -0.1183 0.2190 -0.0570 -0.2700 -0.1747 0.9452
1305031468.2598 -0.1684 -0.1246 0.2472 -0.0569 -0.2708 -0.1733 0.9452
1305031468.2958 -0.1688 -0.1264 0.2672 -0.0558 -0.2695 -0.1755 0.9452
1305031468.3278 -0.1685 -0.1391 0.3031 -0.0563 -0.2700 -0.1725 0.9456
1305031468.3598 -0.1645 -0.1487 0.3240 -0.0547 -0.2690 -0.1680 0.9468
1305031468.4280 -0.1640 -0.1611 0.3591 -0.0573 -0.2686 -0.1674 0.9469
1305031468.4958 -0.1591 -0.1801 0.3934 -0.0599 -0.2700 -0.1647 0.9468
1305031468.5278 -0.1646 -0.1908 0.4200 -0.0598 -0.2715 -0.1684 0.9457
1305031468.5597 -0.1757 -0.2016 0.4232 -0.0512 -0.2710 -0.1785 0.9445
1305031468.6596 -0.1948 -0.2399 0.4443 -0.0536 -0.2754 -0.1863 0.9416
1305031468.6958 -0.2019 -0.2631 0.4588 -0.0522 -0.2823 -0.1892 0.9390
1305031468.7278 -0.2115 -0.2733 0.4681 -0.0473 -0.2876 -0.1927 0.9370
1305031468.7958 -0.2203 -0.3025 0.4815 -0.0427 -0.2946 -0.1942 0.9347
1305031468.8292 -0.2344 -0.3198 0.4759 -0.0354 -0.2943 -0.2013 0.9336
1305031468.9596 -0.2459 -0.3391 0.4910 -0.0420 -0.2779 -0.2059 0.9374
1305031469.0277 -0.2547 -0.3368 0.5064 -0.0732 -0.2716 -0.2171 0.9347
1305031469.1277 -0.2685 -0.3465 0.5436 -0.1076 -0.2658 -0.2458 0.9259
1305031469.1955 -0.2726 -0.3506 0.5726 -0.1241 -0.2511 -0.2573 0.9249
1305031469.2596 -0.2874 -0.3534 0.6067 -0.1348 -0.2454 -0.2665 0.9223
1305031469.2968 -0.2940 -0.3518 0.6165 -0.1380 -0.2416 -0.2715 0.9213
1305031469.3276 -0.2945 -0.3476 0.6243 -0.1411 -0.2403 -0.2730 0.9208
1305031469.3596 -0.2957 -0.3498 0.6465 -0.1486 -0.2384 -0.2795 0.9181
1305031469.3957 -0.2931 -0.3506 0.6665 -0.1496 -0.2311 -0.2869 0.9176
1305031469.4277 -0.2952 -0.3403 0.6746 -0.1456 -0.2196 -0.2931 0.9191
1305031469.4597 -0.2987 -0.3369 0.6916 -0.1460 -0.2136 -0.3041 0.9168
1305031469.4957 -0.3097 -0.3213 0.6973 -0.1435 -0.2068 -0.3078 0.9175
1305031469.5276 -0.3091 -0.3133 0.7056 -0.1464 -0.2078 -0.3072 0.9171
1305031469.5596 -0.3126 -0.2997 0.7168 -0.1510 -0.2073 -0.3072 0.9164
1305031469.6596 -0.3294 -0.2589 0.7499 -0.1725 -0.1975 -0.3100 0.9139
1305031469.7596 -0.3430 -0.2102 0.7736 -0.1855 -0.1802 -0.3065 0.9161
1305031469.9279 -0.3886 -0.1196 0.8066 -0.2128 -0.1746 -0.2959 0.9147
1305031470.1276 -0.4470 -0.0222 0.8050 -0.2263 -0.1775 -0.2855 0.9142
1305031470.2957 -0.5061 0.0567 0.7825 -0.2396 -0.1691 -0.2712 0.9168
1305031470.4597 -0.5685 0.1249 0.7709 -0.2505 -0.1708 -0.2601 0.9167
1305031470.6597 -0.6214 0.1830 0.7435 -0.2432 -0.1737 -0.2379 0.9242
1305031470.6956 -0.6336 0.1919 0.7401 -0.2435 -0.1728 -0.2349 0.9250
1305031470.7277 -0.6425 0.1995 0.7385 -0.2418 -0.1733 -0.2320 0.9261
1305031470.7597 -0.6471 0.2039 0.7356 -0.2408 -0.1706 -0.2298 0.9274
1305031470.7956 -0.6538 0.2096 0.7347 -0.2405 -0.1667 -0.2269 0.9289
1305031470.8278 -0.6634 0.2185 0.7314 -0.2340 -0.1642 -0.2205 0.9326
1305031470.8596 -0.6732 0.2246 0.7283 -0.2281 -0.1614 -0.2117 0.9365
1305031470.8957 -0.6830 0.2333 0.7219 -0.2204 -0.1602 -0.2067 0.9397
1305031470.9277 -0.6913 0.2420 0.7209 -0.2115 -0.1629 -0.1983 0.9431
1305031470.9596 -0.7016 0.2489 0.7171 -0.1968 -0.1652 -0.1961 0.9463
1305031470.9960 -0.7071 0.2470 0.7125 -0.1888 -0.1661 -0.1933 0.9484
1305031471.0276 -0.7111 0.2496 0.7093 -0.1754 -0.1667 -0.1913 0.9512
1305031471.0596 -0.7166 0.2445 0.7078 -0.1684 -0.1663 -0.1869 0.9534
1305031471.0958 -0.7236 0.2440 0.7039 -0.1608 -0.1652 -0.1770 0.9568
1305031471.1277 -0.7283 0.2409 0.7012 -0.1573 -0.1663 -0.1677 0.9589
1305031471.1596 -0.7332 0.2399 0.6988 -0.1530 -0.1648 -0.1619 0.9608
1305031471.1957 -0.7341 0.2406 0.6974 -0.1507 -0.1641 -0.1573 0.9621
1305031471.2276 -0.7372 0.2417 0.6966 -0.1500 -0.1628 -0.1544 0.9629
1305031471.2597 -0.7400 0.2436 0.6968 -0.1489 -0.1627 -0.1519 0.9635
1305031471.2961 -0.7433 0.2421 0.6971 -0.1488 -0.1613 -0.1490 0.9642
1305031471.3276 -0.7443 0.2453 0.6959 -0.1438 -0.1587 -0.1451 0.9659
1305031471.3596 -0.7475 0.2451 0.6941 -0.1434 -0.1532 -0.1440 0.9671
1305031471.3957 -0.7488 0.2432 0.6956 -0.1438 -0.1503 -0.1385 0.9683
1305031471.4277 -0.7502 0.2445 0.6907 -0.1395 -0.1492 -0.1333 0.9698
1305031471.5276 -0.7656 0.2495 0.6838 -0.1376 -0.1442 -0.1208 0.9725
1305031471.5597 -0.7663 0.2515 0.6821 -0.1363 -0.1436 -0.1189 0.9730
1305031471.5957 -0.7681 0.2514 0.6822 -0.1368 -0.1405 -0.1171 0.9736
1305031471.6276 -0.7685 0.2513 0.6790 -0.1352 -0.1385 -0.1166 0.9741
1305031471.6596 -0.7694 0.2532 0.6789 -0.1337 -0.1363 -0.1153 0.9748
1305031471.7958 -0.7817 0.2547 0.6634 -0.1323 -0.1102 -0.0963 0.9803
1305031472.0276 -0.7892 0.2587 0.6583 -0.1680 -0.0766 -0.0628 0.9808
1305031472.3277 -0.8105 0.2925 0.6413 -0.1352 -0.0574 -0.0332 0.9886
1305031472.5957 -0.8060 0.2752 0.6412 -0.1240 -0.0641 -0.0245 0.9899
1305031472.8276 -0.7984 0.2524 0.6550 -0.1183 -0.0667 -0.0219 0.9905
