1305031453.3917 0.0000 0.0000 0.0000 0.0000 0.0000 0.0000 1.0000
1305031453.5237 0.0123 0.0179 -0.0416 0.0164 0.0217 0.0372 0.9989
1305031453.6277 0.0070 0.0362 -0.0844 0.0379 0.0292 0.0519 0.9975
1305031453.7277 -0.0113 0.0649 -0.1308 0.0578 0.0160 0.0407 0.9974
1305031453.8278 -0.0379 0.0880 -0.1696 0.0694 -0.0078 0.0182 0.9974
1305031453.9277 -0.0777 0.1098 -0.2032 0.0682 -0.0518 -0.0017 0.9963
1305031453.9596 -0.0818 0.1148 -0.2114 0.0656 -0.0696 -0.0104 0.9954
1305031453.9916 -0.0926 0.1149 -0.2120 0.0636 -0.0812 -0.0219 0.9944
1305031454.0277 -0.1003 0.1159 -0.2185 0.0650 -0.0942 -0.0317 0.9929
1305031454.0597 -0.1066 0.1207 -0.2253 0.0660 -0.1065 -0.0429 0.9912
1305031454.0917 -0.1159 0.1201 -0.2191 0.0661 -0.1189 -0.0563 0.9891
1305031454.1277 -0.1181 0.1196 -0.2169 0.0690 -0.1362 -0.0704 0.9858
1305031454.1597 -0.1171 0.1206 -0.2206 0.0685 -0.1546 -0.0823 0.9822
1305031454.1917 -0.1273 0.1209 -0.2233 0.0660 -0.1711 -0.0975 0.9782
1305031454.2277 -0.1410 0.1194 -0.2195 0.0683 -0.1873 -0.1163 0.9730
1305031454.2596 -0.1408 0.1209 -0.2231 0.0732 -0.2015 -0.1302 0.9680
1305031454.2916 -0.1480 0.1230 -0.2234 0.0714 -0.2091 -0.1416 0.9649
1305031454.3277 -0.1681 0.1218 -0.2278 0.0719 -0.2152 -0.1588 0.9609
1305031454.3596 -0.1731 0.1236 -0.2267 0.0785 -0.2275 -0.1736 0.9550
1305031454.3917 -0.1792 0.1268 -0.2307 0.0797 -0.2348 -0.1855 0.9508
1305031454.4275 -0.1957 0.1305 -0.2338 0.0813 -0.2441 -0.2013 0.9451
1305031454.4599 -0.1962 0.1293 -0.2340 0.0830 -0.2555 -0.2163 0.9386
1305031454.4916 -0.2040 0.1323 -0.2371 0.0846 -0.2590 -0.2323 0.9337
1305031454.5277 -0.2083 0.1364 -0.2407 0.0839 -0.2646 -0.2485 0.9280
1305031454.5596 -0.2151 0.1386 -0.2435 0.0800 -0.2695 -0.2620 0.9232
1305031454.5916 -0.2246 0.1404 -0.2473 0.0761 -0.2781 -0.2802 0.9156
1305031454.6276 -0.2289 0.1405 -0.2505 0.0728 -0.2902 -0.2953 0.9073
1305031454.6595 -0.2324 0.1442 -0.2513 0.0665 -0.3011 -0.3047 0.9012
1305031454.6919 -0.2417 0.1446 -0.2517 0.0572 -0.3124 -0.3141 0.8947
1305031454.7277 -0.2425 0.1426 -0.2494 0.0505 -0.3252 -0.3200 0.8884
1305031454.7597 -0.2394 0.1429 -0.2468 0.0437 -0.3318 -0.3187 0.8868
1305031454.7916 -0.2359 0.1472 -0.2462 0.0380 -0.3346 -0.3122 0.8883
1305031454.8276 -0.2289 0.1539 -0.2453 0.0335 -0.3362 -0.3066 0.8899
1305031454.8596 -0.2265 0.1591 -0.2444 0.0273 -0.3327 -0.3007 0.8934
1305031454.8918 -0.2229 0.1664 -0.2450 0.0235 -0.3276 -0.2938 0.8977
1305031454.9276 -0.2204 0.1757 -0.2473 0.0200 -0.3214 -0.2878 0.9019
1305031454.9596 -0.2212 0.1850 -0.2519 0.0170 -0.3150 -0.2822 0.9060
1305031454.9919 -0.2255 0.1944 -0.2584 0.0146 -0.3103 -0.2772 0.9092
1305031455.0278 -0.2250 0.2060 -0.2621 0.0147 -0.3095 -0.2743 0.9104
1305031455.0596 -0.2287 0.2135 -0.2650 0.0132 -0.3061 -0.2725 0.9121
1305031455.0917 -0.2334 0.2231 -0.2702 0.0159 -0.3021 -0.2721 0.9135
1305031455.1277 -0.2380 0.2349 -0.2764 0.0177 -0.2968 -0.2708 0.9156
1305031455.1597 -0.2467 0.2456 -0.2836 0.0168 -0.2910 -0.2670 0.9186
1305031455.1917 -0.2558 0.2545 -0.2881 0.0131 -0.2868 -0.2617 0.9215
1305031455.2276 -0.2647 0.2613 -0.2933 0.0121 -0.2832 -0.2563 0.9241
1305031455.2596 -0.2697 0.2751 -0.2994 0.0107 -0.2782 -0.2502 0.9273
1305031455.2918 -0.2829 0.2807 -0.3045 0.0017 -0.2712 -0.2415 0.9318
1305031455.3278 -0.2941 0.2919 -0.3130 -0.0033 -0.2671 -0.2313 0.9355
1305031455.3596 -0.2988 0.3023 -0.3156 -0.0108 -0.2656 -0.2253 0.9373
1305031455.3917 -0.3097 0.3036 -0.3187 -0.0223 -0.2580 -0.2178 0.9410
1305031455.4276 -0.3239 0.3095 -0.3267 -0.0295 -0.2495 -0.2083 0.9452
1305031455.4596 -0.3381 0.3107 -0.3344 -0.0353 -0.2448 -0.2001 0.9480
1305031455.4916 -0.3492 0.3162 -0.3431 -0.0398 -0.2405 -0.1894 0.9512
1305031455.5276 -0.3669 0.3147 -0.3525 -0.0465 -0.2356 -0.1768 0.9545
1305031455.5597 -0.3835 0.3167 -0.3651 -0.0496 -0.2348 -0.1637 0.9569
1305031455.5916 -0.3946 0.3219 -0.3773 -0.0523 -0.2354 -0.1494 0.9589
1305031455.6596 -0.4258 0.3153 -0.3924 -0.0573 -0.2317 -0.1316 0.9622
1305031455.6916 -0.4393 0.3175 -0.4055 -0.0529 -0.2299 -0.1326 0.9627
1305031455.7276 -0.4530 0.3162 -0.4169 -0.0506 -0.2266 -0.1372 0.9630
1305031455.7597 -0.4662 0.3150 -0.4294 -0.0489 -0.2211 -0.1401 0.9639
1305031455.7917 -0.4826 0.3069 -0.4424 -0.0485 -0.2152 -0.1395 0.9653
1305031455.8276 -0.4964 0.3067 -0.4594 -0.0449 -0.2112 -0.1392 0.9664
1305031455.8595 -0.5083 0.3028 -0.4716 -0.0448 -0.2093 -0.1404 0.9667
1305031455.8917 -0.5185 0.2999 -0.4838 -0.0444 -0.2066 -0.1406 0.9673
1305031455.9280 -0.5293 0.2958 -0.4937 -0.0450 -0.2031 -0.1415 0.9678
1305031455.9597 -0.5385 0.2957 -0.5066 -0.0434 -0.1993 -0.1436 0.9684
1305031455.9917 -0.5473 0.2948 -0.5159 -0.0445 -0.1945 -0.1460 0.9689
1305031456.0278 -0.5562 0.3016 -0.5281 -0.0462 -0.1872 -0.1506 0.9696
1305031456.0597 -0.5701 0.2944 -0.5335 -0.0557 -0.1810 -0.1592 0.9689
1305031456.0917 -0.5826 0.2858 -0.5375 -0.0618 -0.1763 -0.1644 0.9685
1305031456.1276 -0.5937 0.2808 -0.5433 -0.0629 -0.1716 -0.1658 0.9691
1305031456.1597 -0.6026 0.2708 -0.5436 -0.0651 -0.1669 -0.1662 0.9697
1305031456.1917 -0.6128 0.2637 -0.5476 -0.0602 -0.1589 -0.1636 0.9718
1305031456.2277 -0.6184 0.2690 -0.5533 -0.0548 -0.1494 -0.1596 0.9743
1305031456.2917 -0.6455 0.2549 -0.5516 -0.0545 -0.1260 -0.1531 0.9786
1305031456.3277 -0.6565 0.2493 -0.5498 -0.0507 -0.1156 -0.1462 0.9812
1305031456.3916 -0.6793 0.2453 -0.5437 -0.0455 -0.0910 -0.1371 0.9853
1305031456.4277 -0.6980 0.2500 -0.5427 -0.0373 -0.0784 -0.1304 0.9876
1305031456.4917 -0.7354 0.2697 -0.5361 -0.0394 -0.0676 -0.1192 0.9898
1305031456.5276 -0.7482 0.2708 -0.5269 -0.0458 -0.0687 -0.1139 0.9900
1305031456.5917 -0.7689 0.2774 -0.5119 -0.0474 -0.0639 -0.1019 0.9916
1305031456.6276 -0.7794 0.2902 -0.5047 -0.0574 -0.0574 -0.0962 0.9920
1305031456.6916 -0.8154 0.2772 -0.4826 -0.0719 -0.0446 -0.0813 0.9931
1305031456.8276 -0.8711 0.3029 -0.4508 -0.0781 -0.0535 -0.0492 0.9943
1305031457.0917 -0.9658 0.3253 -0.4051 -0.1063 -0.0139 -0.0128 0.9942
1305031457.2275 -1.0167 0.3178 -0.4192 -0.1123 0.0159 0.0093 0.9935
1305031457.3275 -1.0553 0.3111 -0.4443 -0.1003 0.0417 0.0267 0.9937
1305031457.3917 -1.0866 0.2977 -0.4610 -0.0968 0.0658 0.0392 0.9924
1305031457.4917 -1.1362 0.2819 -0.4906 -0.0939 0.0817 0.0545 0.9907
1305031457.5597 -1.1622 0.2704 -0.5116 -0.0868 0.0902 0.0617 0.9902
1305031457.6275 -1.1951 0.2583 -0.5271 -0.0843 0.0988 0.0677 0.9892
1305031457.6916 -1.2240 0.2565 -0.5452 -0.0842 0.1015 0.0744 0.9885
1305031457.7596 -1.2487 0.2267 -0.5530 -0.0867 0.1048 0.0717 0.9881
1305031457.7916 -1.2563 0.2100 -0.5578 -0.0812 0.1080 0.0711 0.9883
1305031457.8277 -1.2684 0.2133 -0.5688 -0.0689 0.1150 0.0723 0.9883
1305031457.8916 -1.2965 0.1834 -0.5723 -0.0622 0.1309 0.0726 0.9868
1305031457.9276 -1.3142 0.1826 -0.5776 -0.0478 0.1355 0.0772 0.9866
1305031457.9916 -1.3365 0.1692 -0.5795 -0.0365 0.1361 0.0829 0.9865
1305031458.0278 -1.3464 0.1595 -0.5770 -0.0282 0.1390 0.0838 0.9863
1305031458.0597 -1.3607 0.1675 -0.5778 -0.0171 0.1436 0.0869 0.9857
1305031458.0917 -1.3745 0.1697 -0.5726 -0.0159 0.1479 0.0891 0.9849
1305031458.1276 -1.3880 0.1603 -0.5627 -0.0183 0.1518 0.0895 0.9842
1305031458.1596 -1.4026 0.1542 -0.5525 -0.0166 0.1541 0.0918 0.9836
1305031458.1916 -1.4158 0.1610 -0.5452 -0.0144 0.1526 0.0967 0.9834
1305031458.2276 -1.4282 0.1573 -0.5320 -0.0212 0.1498 0.0980 0.9836
1305031458.2599 -1.4409 0.1299 -0.5122 -0.0282 0.1479 0.0950 0.9840
1305031458.2917 -1.4532 0.1278 -0.5036 -0.0194 0.1424 0.0968 0.9849
1305031458.3276 -1.4609 0.1258 -0.4903 -0.0172 0.1350 0.0991 0.9857
1305031458.3596 -1.4661 0.1113 -0.4705 -0.0126 0.1296 0.0997 0.9865
1305031458.3916 -1.4752 0.1134 -0.4598 0.0005 0.1258 0.1039 0.9866
1305031458.4276 -1.4769 0.1136 -0.4447 0.0085 0.1235 0.1127 0.9859
1305031458.4596 -1.4704 0.1074 -0.4260 0.0190 0.1246 0.1204 0.9847
1305031458.4917 -1.4703 0.0987 -0.4092 0.0377 0.1328 0.1204 0.9831
1305031458.5277 -1.4854 0.1185 -0.3919 0.0615 0.1447 0.1181 0.9805
1305031458.5596 -1.4919 0.1233 -0.3718 0.0695 0.1537 0.1159 0.9788
1305031458.5916 -1.5000 0.1248 -0.3502 0.0791 0.1598 0.1099 0.9778
1305031458.6277 -1.5111 0.1477 -0.3335 0.0851 0.1600 0.1056 0.9778
1305031458.6596 -1.5169 0.1484 -0.3134 0.0780 0.1551 0.1058 0.9791
1305031458.6917 -1.5193 0.1479 -0.2902 0.0715 0.1399 0.1002 0.9825
1305031458.7276 -1.5062 0.1369 -0.2688 0.0659 0.1214 0.0926 0.9861
1305031458.7599 -1.5152 0.1369 -0.2544 0.0705 0.1080 0.0831 0.9882
1305031458.7916 -1.5127 0.1453 -0.2436 0.0696 0.0905 0.0752 0.9906
1305031458.8276 -1.5070 0.1411 -0.2270 0.0618 0.0811 0.0731 0.9921
1305031458.8917 -1.5042 0.1356 -0.2044 0.0682 0.0771 0.0628 0.9927
1305031458.9276 -1.5148 0.1394 -0.1991 0.0667 0.0849 0.0687 0.9918
1305031458.9596 -1.5199 0.1311 -0.1916 0.0579 0.0906 0.0813 0.9909
1305031458.9916 -1.5251 0.1086 -0.1835 0.0557 0.0932 0.0866 0.9903
1305031459.0277 -1.5421 0.1046 -0.1790 0.0663 0.0909 0.0867 0.9899
1305031459.0596 -1.5597 0.0958 -0.1692 0.0736 0.0842 0.0967 0.9890
1305031459.1276 -1.5347 0.0622 -0.3234 0.0771 0.0335 0.1182 0.9894
1305031459.1596 -1.5450 0.0595 -0.3168 0.0857 0.0075 0.1214 0.9889
1305031459.1917 -1.5545 0.0598 -0.3098 0.0912 -0.0116 0.1289 0.9874
1305031459.2276 -1.5615 0.0612 -0.3013 0.0928 -0.0249 0.1405 0.9854
1305031459.2598 -1.5617 0.0698 -0.2851 0.0934 -0.0297 0.1505 0.9837
1305031459.3276 -1.5713 0.0766 -0.2639 0.0876 0.0007 0.1798 0.9798
1305031459.3597 -1.5833 0.0852 -0.2528 0.0916 0.0262 0.1997 0.9752
1305031459.3917 -1.5981 0.1099 -0.2417 0.0911 0.0536 0.2238 0.9689
1305031459.4276 -1.5976 0.1158 -0.2301 0.0769 0.0859 0.2586 0.9591
1305031459.4597 -1.6155 0.1133 -0.2302 0.0718 0.1241 0.2956 0.9445
1305031459.5276 -1.6185 0.0991 -0.2177 0.0444 0.1634 0.3552 0.9193
1305031459.5596 -1.6340 0.0862 -0.2260 0.0348 0.1792 0.3807 0.9065
1305031459.5917 -1.6541 0.0845 -0.2262 0.0319 0.1874 0.3972 0.8978
1305031459.6276 -1.6646 0.0799 -0.2236 0.0273 0.1891 0.4065 0.8934
1305031459.6596 -1.6780 0.0811 -0.2205 0.0278 0.1961 0.4067 0.8918
1305031459.6916 -1.6952 0.0750 -0.2174 0.0213 0.2086 0.4107 0.8873
1305031459.7276 -1.7071 0.0588 -0.2160 0.0138 0.2169 0.4133 0.8843
1305031459.7917 -1.7422 0.0269 -0.2113 0.0129 0.2294 0.4063 0.8844
1305031459.8277 -1.7582 0.0145 -0.2073 0.0119 0.2304 0.4039 0.8852
1305031459.8597 -1.7756 0.0010 -0.2021 0.0077 0.2301 0.4024 0.8861
1305031459.8916 -1.7851 -0.0140 -0.1962 0.0022 0.2257 0.4052 0.8859
1305031459.9276 -1.7939 -0.0284 -0.1910 0.0010 0.2232 0.4083 0.8852
1305031459.9917 -1.8136 -0.0538 -0.1795 -0.0041 0.2209 0.4154 0.8824
1305031460.0276 -1.8173 -0.0697 -0.1737 -0.0062 0.2204 0.4192 0.8807
1305031460.0597 -1.8277 -0.0860 -0.1686 -0.0063 0.2219 0.4208 0.8796
1305031460.0917 -1.8388 -0.1062 -0.1634 -0.0058 0.2193 0.4278 0.8769
1305031460.1277 -1.8412 -0.1203 -0.1563 -0.0008 0.2106 0.4378 0.8741
1305031460.1597 -1.8495 -0.1297 -0.1499 0.0061 0.2043 0.4453 0.8717
1305031460.1916 -1.8511 -0.1352 -0.1395 0.0068 0.1974 0.4522 0.8698
1305031460.2278 -1.8409 -0.1428 -0.1300 0.0064 0.1948 0.4567 0.8680
1305031460.2917 -1.8417 -0.1627 -0.1177 0.0074 0.2111 0.4561 0.8645
1305031460.3275 -1.8440 -0.1749 -0.1127 0.0077 0.2205 0.4573 0.8615
1305031460.3916 -1.8439 -0.1934 -0.0989 0.0018 0.2399 0.4626 0.8535
1305031460.4275 -1.8433 -0.2046 -0.0933 -0.0004 0.2506 0.4669 0.8480
1305031460.4596 -1.8424 -0.2099 -0.0874 -0.0027 0.2630 0.4702 0.8425
1305031460.4915 -1.8487 -0.2193 -0.0819 -0.0094 0.2784 0.4750 0.8347
1305031460.5276 -1.8477 -0.2313 -0.0772 -0.0176 0.2890 0.4836 0.8260
1305031460.5596 -1.8435 -0.2416 -0.0721 -0.0247 0.2975 0.4869 0.8209
1305031460.5919 -1.8462 -0.2529 -0.0666 -0.0291 0.3072 0.4869 0.8172
1305031460.6276 -1.8445 -0.2636 -0.0615 -0.0328 0.3151 0.4886 0.8129
1305031460.6598 -1.8495 -0.2757 -0.0549 -0.0352 0.3241 0.4872 0.8102
1305031460.6917 -1.8561 -0.2871 -0.0471 -0.0385 0.3297 0.4875 0.8076
1305031460.7277 -1.8549 -0.2944 -0.0399 -0.0433 0.3310 0.4875 0.8068
1305031460.7597 -1.8534 -0.3058 -0.0325 -0.0473 0.3359 0.4860 0.8055
1305031460.7917 -1.8578 -0.3176 -0.0230 -0.0504 0.3410 0.4842 0.8042
1305031460.8277 -1.8584 -0.3244 -0.0144 -0.0548 0.3420 0.4816 0.8051
1305031460.8597 -1.8567 -0.3312 -0.0068 -0.0611 0.3446 0.4790 0.8051
1305031460.8918 -1.8554 -0.3432 0.0030 -0.0691 0.3493 0.4760 0.8042
1305031460.9276 -1.8557 -0.3539 0.0143 -0.0747 0.3517 0.4752 0.8030
1305031460.9917 -1.8395 -0.3765 0.0301 -0.0799 0.3545 0.4780 0.7997
1305031461.0276 -1.8352 -0.3867 0.0399 -0.0791 0.3569 0.4787 0.7982
1305031461.0917 -1.8331 -0.3988 0.0568 -0.0762 0.3559 0.4780 0.7994
1305031461.1276 -1.8225 -0.4064 0.0634 -0.0787 0.3544 0.4768 0.8005
1305031461.1597 -1.8163 -0.4166 0.0723 -0.0777 0.3561 0.4748 0.8011
1305031461.1920 -1.8149 -0.4188 0.0791 -0.0739 0.3567 0.4705 0.8037
1305031461.2276 -1.8116 -0.4236 0.0857 -0.0737 0.3579 0.4681 0.8046
1305031461.2596 -1.8056 -0.4296 0.0931 -0.0727 0.3579 0.4649 0.8065
1305031461.2917 -1.8023 -0.4313 0.1001 -0.0703 0.3584 0.4592 0.8098
1305031461.3278 -1.7973 -0.4299 0.1056 -0.0685 0.3600 0.4547 0.8117
1305031461.3597 -1.8013 -0.4273 0.1129 -0.0710 0.3643 0.4500 0.8122
1305031461.3917 -1.7891 -0.4351 0.1222 -0.0803 0.3632 0.4514 0.8111
1305031461.4276 -1.7818 -0.4367 0.1263 -0.0810 0.3633 0.4499 0.8118
1305031461.4598 -1.7818 -0.4331 0.1300 -0.0833 0.3635 0.4510 0.8109
1305031461.4917 -1.7634 -0.4426 0.1321 -0.0898 0.3614 0.4538 0.8096
1305031461.5277 -1.7632 -0.4398 0.1318 -0.0835 0.3635 0.4512 0.8108
1305031461.5597 -1.7558 -0.4325 0.1264 -0.0835 0.3629 0.4485 0.8125
1305031461.5917 -1.7526 -0.4305 0.1226 -0.0838 0.3700 0.4444 0.8116
1305031461.6275 -1.7504 -0.4256 0.1211 -0.0862 0.3755 0.4436 0.8092
1305031461.6596 -1.7474 -0.4228 0.1205 -0.0888 0.3803 0.4430 0.8070
1305031461.6916 -1.7488 -0.4163 0.1189 -0.0895 0.3837 0.4475 0.8028
1305031461.7276 -1.7410 -0.4111 0.1151 -0.0926 0.3831 0.4533 0.7995
1305031461.7597 -1.7413 -0.4027 0.1084 -0.0924 0.3847 0.4555 0.7975
1305031461.7916 -1.7392 -0.3928 0.1029 -0.0962 0.3861 0.4595 0.7940
1305031461.8276 -1.7358 -0.3851 0.0975 -0.0987 0.3901 0.4636 0.7894
1305031461.8598 -1.7410 -0.3730 0.0928 -0.0989 0.3952 0.4690 0.7836
1305031461.8917 -1.7464 -0.3636 0.0896 -0.1030 0.3978 0.4793 0.7755
1305031461.9278 -1.7424 -0.3552 0.0869 -0.1108 0.3955 0.4887 0.7697
1305031461.9597 -1.7393 -0.3406 0.0771 -0.1153 0.3973 0.4914 0.7664
1305031461.9916 -1.7537 -0.3312 0.0759 -0.1216 0.4066 0.4958 0.7577
1305031462.0277 -1.7558 -0.3312 0.0786 -0.1331 0.4072 0.5064 0.7484
1305031462.0598 -1.7592 -0.3268 0.0786 -0.1369 0.4034 0.5183 0.7416
1305031462.0918 -1.7605 -0.3179 0.0734 -0.1383 0.3969 0.5300 0.7366
1305031462.1277 -1.7639 -0.3086 0.0685 -0.1403 0.3932 0.5389 0.7317
1305031462.1596 -1.7663 -0.3033 0.0646 -0.1441 0.3903 0.5452 0.7277
1305031462.1916 -1.7736 -0.2937 0.0609 -0.1460 0.3890 0.5447 0.7285
1305031462.2276 -1.7816 -0.2880 0.0596 -0.1520 0.3895 0.5446 0.7270
1305031462.2598 -1.7887 -0.2838 0.0599 -0.1589 0.3880 0.5430 0.7275
1305031462.2916 -1.7975 -0.2771 0.0597 -0.1646 0.3848 0.5393 0.7308
1305031462.3597 -1.8186 -0.2623 0.0616 -0.1784 0.3812 0.5272 0.7382
1305031462.4599 -1.8633 -0.2522 0.1047 -0.2042 0.3802 0.5116 0.7430
1305031462.5599 -1.8204 -0.1756 0.0787 -0.1991 0.3180 0.5244 0.7644
1305031462.6925 -1.8447 -0.1670 0.0583 -0.2071 0.3059 0.4895 0.7899
1305031462.7598 -1.8577 -0.1615 0.0426 -0.2099 0.2918 0.4703 0.8060
1305031462.8278 -1.8657 -0.1625 0.0223 -0.2182 0.2812 0.4579 0.8146
1305031462.9276 -1.8708 -0.1505 -0.0075 -0.2250 0.2759 0.4418 0.8234
1305031463.0277 -1.8785 -0.1319 -0.0360 -0.2138 0.2704 0.4351 0.8318
1305031463.0598 -1.8805 -0.1364 -0.0549 -0.2126 0.2663 0.4295 0.8363
1305031463.1275 -1.8860 -0.1224 -0.0749 -0.2059 0.2625 0.4113 0.8483
1305031463.1598 -1.8878 -0.1259 -0.0922 -0.2043 0.2625 0.4028 0.8527
1305031463.2600 -1.8812 -0.1069 -0.1290 -0.1983 0.2587 0.3880 0.8621
1305031463.3598 -1.8772 -0.1027 -0.1650 -0.1939 0.2556 0.3776 0.8686
1305031463.3956 -1.8850 -0.0950 -0.1845 -0.1880 0.2548 0.3704 0.8733
1305031463.4956 -1.8531 -0.0587 -0.2268 -0.1830 0.2454 0.3649 0.8793
1305031463.5598 -1.8348 -0.0429 -0.2482 -0.1788 0.2538 0.3609 0.8794
1305031463.6598 -1.8002 -0.0254 -0.2777 -0.1697 0.2553 0.3544 0.8834
1305031463.7276 -1.7736 -0.0137 -0.3061 -0.1654 0.2528 0.3475 0.8877
1305031463.7597 -1.7560 -0.0167 -0.3205 -0.1621 0.2556 0.3413 0.8899
1305031463.8278 -1.7275 -0.0182 -0.3555 -0.1585 0.2553 0.3214 0.8980
1305031463.8599 -1.7083 -0.0256 -0.3720 -0.1588 0.2550 0.3123 0.9013
1305031463.8956 -1.6971 -0.0273 -0.3894 -0.1548 0.2559 0.3032 0.9048
1305031463.9597 -1.6688 -0.0399 -0.4185 -0.1537 0.2487 0.2929 0.9104
1305031463.9958 -1.6554 -0.0455 -0.4360 -0.1495 0.2446 0.2868 0.9141
1305031464.0277 -1.6451 -0.0482 -0.4532 -0.1472 0.2408 0.2791 0.9179
1305031464.0597 -1.6271 -0.0572 -0.4679 -0.1480 0.2378 0.2711 0.9209
1305031464.0956 -1.6186 -0.0645 -0.4831 -0.1444 0.2391 0.2618 0.9238
1305031464.1277 -1.6156 -0.0713 -0.4945 -0.1412 0.2395 0.2567 0.9256
1305031464.1598 -1.6070 -0.0845 -0.5032 -0.1376 0.2362 0.2555 0.9274
1305031464.1956 -1.6010 -0.0943 -0.5139 -0.1277 0.2303 0.2519 0.9312
1305031464.2276 -1.6018 -0.0950 -0.5271 -0.1148 0.2222 0.2487 0.9357
1305031464.2596 -1.6013 -0.0942 -0.5396 -0.1057 0.2090 0.2478 0.9401
1305031464.2957 -1.5909 -0.0942 -0.5523 -0.1010 0.1909 0.2447 0.9452
1305031464.3279 -1.5751 -0.0941 -0.5657 -0.0974 0.1753 0.2403 0.9497
1305031464.3597 -1.5588 -0.0990 -0.5775 -0.0932 0.1646 0.2362 0.9531
1305031464.3956 -1.5416 -0.0943 -0.5944 -0.0864 0.1567 0.2287 0.9569
1305031464.4276 -1.5299 -0.0927 -0.6077 -0.0840 0.1550 0.2190 0.9596
1305031464.4597 -1.5197 -0.0996 -0.6200 -0.0824 0.1525 0.2107 0.9620
1305031464.4956 -1.5028 -0.0983 -0.6358 -0.0793 0.1485 0.2049 0.9642
1305031464.5276 -1.4945 -0.0989 -0.6519 -0.0774 0.1484 0.1967 0.9661
1305031464.5597 -1.4772 -0.1023 -0.6666 -0.0799 0.1440 0.1854 0.9688
1305031464.5957 -1.4491 -0.1206 -0.6836 -0.0808 0.1450 0.1750 0.9705
1305031464.6277 -1.4335 -0.1264 -0.7003 -0.0722 0.1557 0.1655 0.9712
1305031464.6597 -1.4206 -0.1316 -0.7126 -0.0641 0.1666 0.1516 0.9722
1305031464.6957 -1.4061 -0.1540 -0.7190 -0.0562 0.1765 0.1343 0.9735
1305031464.7277 -1.4072 -0.1545 -0.7234 -0.0380 0.1843 0.1167 0.9752
1305031464.7597 -1.4050 -0.1446 -0.7309 -0.0235 0.1834 0.0976 0.9779
1305031464.7960 -1.4038 -0.1543 -0.7267 -0.0178 0.1789 0.0797 0.9805
1305031464.8278 -1.4033 -0.1553 -0.7233 -0.0061 0.1673 0.0662 0.9837
1305031464.8597 -1.3925 -0.1420 -0.7283 0.0035 0.1485 0.0521 0.9875
1305031464.8958 -1.3742 -0.1371 -0.7298 0.0030 0.1288 0.0332 0.9911
1305031464.9278 -1.3516 -0.1567 -0.7241 -0.0025 0.1133 0.0131 0.9935
1305031464.9598 -1.3299 -0.1699 -0.7172 -0.0010 0.1048 -0.0046 0.9945
1305031464.9957 -1.3098 -0.1666 -0.7127 0.0057 0.1003 -0.0228 0.9947
1305031465.0278 -1.3024 -0.1634 -0.6971 0.0095 0.0994 -0.0446 0.9940
1305031465.0597 -1.3059 -0.1389 -0.6774 0.0194 0.0952 -0.0638 0.9932
1305031465.0957 -1.2925 -0.0921 -0.6671 0.0216 0.0814 -0.0788 0.9933
1305031465.1277 -1.2767 -0.0772 -0.6501 0.0054 0.0665 -0.0931 0.9934
1305031465.1598 -1.2657 -0.0708 -0.6283 -0.0114 0.0545 -0.1016 0.9933
1305031465.1956 -1.2508 -0.0628 -0.6093 -0.0235 0.0428 -0.1084 0.9929
1305031465.2279 -1.2351 -0.0437 -0.5939 -0.0331 0.0331 -0.1133 0.9925
1305031465.2598 -1.2263 -0.0391 -0.5722 -0.0455 0.0252 -0.1140 0.9921
1305031465.3277 -1.2028 -0.0049 -0.5461 -0.0546 0.0058 -0.0913 0.9943
1305031465.3956 -1.1696 0.0051 -0.5280 -0.0597 -0.0260 -0.0674 0.9956
1305031465.4277 -1.1417 0.0153 -0.5263 -0.0569 -0.0409 -0.0550 0.9960
1305031465.4601 -1.1195 0.0321 -0.5275 -0.0529 -0.0518 -0.0405 0.9964
1305031465.4957 -1.0957 0.0501 -0.5289 -0.0537 -0.0627 -0.0301 0.9961
1305031465.5276 -1.0766 0.0485 -0.5252 -0.0580 -0.0721 -0.0265 0.9954
1305031465.5598 -1.0528 0.0586 -0.5279 -0.0520 -0.0811 -0.0198 0.9951
1305031465.5956 -1.0276 0.0750 -0.5325 -0.0459 -0.0863 -0.0103 0.9952
1305031465.6277 -1.0138 0.0898 -0.5388 -0.0413 -0.0885 -0.0009 0.9952
1305031465.6601 -0.9962 0.1028 -0.5433 -0.0373 -0.0971 0.0078 0.9945
1305031465.6957 -0.9661 0.1181 -0.5456 -0.0315 -0.1064 0.0159 0.9937
1305031465.7277 -0.9447 0.1346 -0.5510 -0.0243 -0.1094 0.0256 0.9934
1305031465.7598 -0.9231 0.1556 -0.5564 -0.0165 -0.1136 0.0350 0.9928
1305031465.7959 -0.8989 0.1737 -0.5579 -0.0111 -0.1174 0.0418 0.9921
1305031465.8280 -0.8768 0.1860 -0.5600 -0.0036 -0.1205 0.0479 0.9915
1305031465.8599 -0.8534 0.2152 -0.5651 0.0093 -0.1224 0.0532 0.9910
1305031465.8955 -0.8276 0.2407 -0.5643 0.0134 -0.1194 0.0559 0.9912
1305031465.9275 -0.8053 0.2522 -0.5643 0.0174 -0.1129 0.0573 0.9918
1305031465.9597 -0.7854 0.2736 -0.5693 0.0285 -0.1053 0.0565 0.9924
1305031465.9958 -0.7738 0.2965 -0.5770 0.0368 -0.0976 0.0524 0.9932
1305031466.0276 -0.7598 0.3207 -0.5839 0.0436 -0.0950 0.0509 0.9932
1305031466.0598 -0.7480 0.3474 -0.5904 0.0437 -0.0925 0.0513 0.9934
1305031466.0958 -0.7374 0.3649 -0.5983 0.0391 -0.0933 0.0513 0.9935
1305031466.1276 -0.7235 0.3820 -0.6058 0.0338 -0.0981 0.0512 0.9933
1305031466.1604 -0.7128 0.3972 -0.6177 0.0286 -0.1025 0.0528 0.9929
1305031466.1958 -0.7028 0.4152 -0.6304 0.0221 -0.1102 0.0530 0.9922
1305031466.2280 -0.6845 0.4246 -0.6378 0.0114 -0.1205 0.0484 0.9915
1305031466.2598 -0.6591 0.4247 -0.6439 0.0070 -0.1263 0.0414 0.9911
1305031466.2957 -0.6382 0.4363 -0.6548 0.0107 -0.1229 0.0298 0.9919
1305031466.3277 -0.6232 0.4477 -0.6698 0.0118 -0.1130 0.0200 0.9933
1305031466.3598 -0.6101 0.4540 -0.6829 0.0062 -0.1043 0.0133 0.9944
1305031466.3958 -0.5977 0.4460 -0.6941 0.0031 -0.1008 0.0086 0.9949
1305031466.4278 -0.5864 0.4572 -0.7095 0.0107 -0.1020 0.0046 0.9947
1305031466.4598 -0.5696 0.4697 -0.7203 0.0117 -0.1074 0.0007 0.9941
1305031466.4958 -0.5468 0.4769 -0.7253 0.0076 -0.1128 0.0002 0.9936
1305031466.5275 -0.5212 0.4805 -0.7275 0.0050 -0.1133 0.0001 0.9935
1305031466.5604 -0.5048 0.4936 -0.7360 0.0045 -0.1089 -0.0020 0.9940
1305031466.5959 -0.4852 0.5040 -0.7400 -0.0030 -0.1092 -0.0055 0.9940
1305031466.6275 -0.4589 0.4955 -0.7351 -0.0118 -0.1101 -0.0097 0.9938
1305031466.6597 -0.4393 0.5001 -0.7398 -0.0054 -0.1073 -0.0147 0.9941
1305031466.6958 -0.4238 0.5177 -0.7481 -0.0016 -0.1073 -0.0223 0.9940
1305031466.7281 -0.4019 0.5212 -0.7452 -0.0076 -0.1116 -0.0318 0.9932
1305031466.7596 -0.3810 0.5158 -0.7412 -0.0068 -0.1130 -0.0398 0.9928
1305031466.7956 -0.3653 0.5262 -0.7502 0.0012 -0.1136 -0.0450 0.9925
1305031466.8279 -0.3477 0.5338 -0.7542 -0.0007 -0.1184 -0.0480 0.9918
1305031466.8597 -0.3356 0.5307 -0.7525 -0.0039 -0.1238 -0.0478 0.9911
1305031466.8957 -0.3201 0.5326 -0.7588 -0.0006 -0.1356 -0.0484 0.9896
1305031466.9278 -0.3009 0.5347 -0.7633 -0.0001 -0.1503 -0.0496 0.9874
1305031466.9597 -0.2826 0.5349 -0.7627 0.0008 -0.1604 -0.0506 0.9858
1305031466.9957 -0.2633 0.5370 -0.7665 0.0021 -0.1659 -0.0534 0.9847
1305031467.0278 -0.2468 0.5381 -0.7697 0.0028 -0.1701 -0.0577 0.9837
1305031467.0597 -0.2297 0.5404 -0.7721 0.0034 -0.1729 -0.0612 0.9830
1305031467.0957 -0.2132 0.5434 -0.7754 0.0021 -0.1746 -0.0661 0.9824
1305031467.1290 -0.2001 0.5457 -0.7738 0.0041 -0.1780 -0.0763 0.9811
1305031467.1597 -0.1852 0.5477 -0.7759 0.0068 -0.1816 -0.0835 0.9798
1305031467.1957 -0.1713 0.5498 -0.7800 0.0087 -0.1866 -0.0878 0.9785
1305031467.2277 -0.1581 0.5525 -0.7817 0.0105 -0.1932 -0.0929 0.9767
1305031467.2597 -0.1441 0.5547 -0.7826 0.0133 -0.1987 -0.0977 0.9751
1305031467.2958 -0.1293 0.5576 -0.7863 0.0166 -0.2042 -0.1038 0.9733
1305031467.3280 -0.1146 0.5604 -0.7915 0.0183 -0.2098 -0.1079 0.9716
1305031467.3597 -0.0987 0.5654 -0.7969 0.0162 -0.2166 -0.1094 0.9700
1305031467.3958 -0.0851 0.5682 -0.7989 0.0120 -0.2236 -0.1146 0.9678
1305031467.4278 -0.0720 0.5700 -0.7990 0.0117 -0.2294 -0.1181 0.9661
1305031467.4597 -0.0569 0.5735 -0.8049 0.0125 -0.2361 -0.1194 0.9643
1305031467.4961 -0.0403 0.5766 -0.8112 0.0089 -0.2428 -0.1246 0.9620
1305031467.5277 -0.0269 0.5798 -0.8094 0.0061 -0.2458 -0.1313 0.9604
1305031467.5598 -0.0140 0.5799 -0.8068 0.0070 -0.2471 -0.1333 0.9598
1305031467.5960 -0.0008 0.5798 -0.8087 0.0066 -0.2488 -0.1318 0.9595
1305031467.6275 0.0072 0.5730 -0.8032 0.0069 -0.2533 -0.1293 0.9587
1305031467.6596 0.0216 0.5727 -0.8005 0.0137 -0.2589 -0.1256 0.9576
1305031467.6959 0.0336 0.5718 -0.8005 0.0174 -0.2617 -0.1279 0.9565
1305031467.7275 0.0392 0.5684 -0.7856 0.0230 -0.2639 -0.1324 0.9551
1305031467.7599 0.0477 0.5645 -0.7768 0.0298 -0.2660 -0.1340 0.9541
1305031467.7961 0.0546 0.5627 -0.7682 0.0354 -0.2683 -0.1371 0.9529
1305031467.8278 0.0568 0.5558 -0.7483 0.0409 -0.2711 -0.1372 0.9518
1305031467.8597 0.0603 0.5493 -0.7351 0.0482 -0.2752 -0.1335 0.9508
1305031467.8959 0.0652 0.5471 -0.7257 0.0543 -0.2817 -0.1326 0.9488
1305031467.9278 0.0666 0.5392 -0.7051 0.0581 -0.2892 -0.1353 0.9459
1305031467.9598 0.0695 0.5293 -0.6859 0.0648 -0.2945 -0.1360 0.9437
1305031467.9958 0.0770 0.5311 -0.6715 0.0705 -0.2968 -0.1379 0.9423
1305031468.0281 0.0729 0.5199 -0.6469 0.0690 -0.2971 -0.1412 0.9418
1305031468.0598 0.0715 0.5070 -0.6297 0.0739 -0.2987 -0.1437 0.9406
1305031468.0959 0.0763 0.5040 -0.6145 0.0777 -0.3021 -0.1451 0.9390
1305031468.1278 0.0763 0.4909 -0.5923 0.0761 -0.3047 -0.1463 0.9381
1305031468.1599 0.0783 0.4805 -0.5744 0.0789 -0.3066 -0.1493 0.9368
1305031468.1960 0.0815 0.4714 -0.5561 0.0797 -0.3073 -0.1529 0.9359
1305031468.2282 0.0821 0.4563 -0.5374 0.0778 -0.3065 -0.1529 0.9363
1305031468.2598 0.0855 0.4431 -0.5202 0.0778 -0.3051 -0.1514 0.9370
1305031468.2958 0.0864 0.4292 -0.5046 0.0772 -0.3025 -0.1517 0.9378
1305031468.3278 0.0868 0.4089 -0.4888 0.0775 -0.3002 -0.1496 0.9389
1305031468.3598 0.0918 0.3997 -0.4787 0.0817 -0.2974 -0.1447 0.9402
1305031468.4280 0.0952 0.3659 -0.4599 0.0740 -0.2957 -0.1452 0.9413
1305031468.4598 0.0999 0.3504 -0.4505 0.0731 -0.2969 -0.1424 0.9414
1305031468.5278 0.0981 0.3127 -0.4342 0.0698 -0.2937 -0.1489 0.9417
1305031468.5597 0.0949 0.2940 -0.4306 0.0764 -0.2933 -0.1567 0.9400
1305031468.6596 0.0813 0.2441 -0.4227 0.0709 -0.2977 -0.1651 0.9376
1305031468.6958 0.0758 0.2262 -0.4199 0.0753 -0.3037 -0.1682 0.9348
1305031468.7278 0.0725 0.2140 -0.4158 0.0800 -0.3100 -0.1685 0.9323
1305031468.7596 0.0689 0.2000 -0.4107 0.0812 -0.3147 -0.1687 0.9305
1305031468.7958 0.0630 0.1775 -0.4060 0.0840 -0.3172 -0.1734 0.9286
1305031468.8292 0.0583 0.1659 -0.4033 0.0930 -0.3189 -0.1783 0.9262
1305031468.9281 0.0524 0.1406 -0.3864 0.0894 -0.3097 -0.1804 0.9293
1305031468.9957 0.0433 0.1490 -0.3858 0.0727 -0.2988 -0.1826 0.9339
1305031469.0598 0.0263 0.1255 -0.3753 0.0395 -0.2939 -0.1987 0.9341
1305031469.1597 0.0233 0.1064 -0.3376 0.0081 -0.2816 -0.2288 0.9318
1305031469.2278 0.0032 0.0947 -0.3224 -0.0049 -0.2643 -0.2388 0.9344
1305031469.2968 -0.0063 0.0924 -0.2996 -0.0140 -0.2574 -0.2458 0.9344
1305031469.3276 -0.0114 0.0967 -0.2905 -0.0182 -0.2538 -0.2477 0.9348
1305031469.3596 -0.0093 0.0930 -0.2715 -0.0256 -0.2516 -0.2527 0.9339
1305031469.3957 -0.0129 0.0895 -0.2568 -0.0278 -0.2412 -0.2585 0.9350
1305031469.4277 -0.0180 0.0973 -0.2472 -0.0254 -0.2288 -0.2646 0.9365
1305031469.4597 -0.0268 0.1041 -0.2361 -0.0250 -0.2183 -0.2721 0.9368
1305031469.4957 -0.0403 0.1130 -0.2275 -0.0250 -0.2103 -0.2760 0.9375
1305031469.5276 -0.0442 0.1250 -0.2174 -0.0270 -0.2102 -0.2760 0.9375
1305031469.5596 -0.0463 0.1338 -0.2042 -0.0327 -0.2115 -0.2767 0.9368
1305031469.6596 -0.0598 0.1574 -0.1640 -0.0573 -0.2068 -0.2773 0.9365
1305031469.7956 -0.0888 0.2083 -0.1243 -0.0791 -0.1899 -0.2715 0.9402
1305031469.9598 -0.1413 0.2805 -0.0931 -0.1039 -0.1942 -0.2601 0.9401
1305031470.1596 -0.2135 0.3674 -0.0939 -0.1196 -0.1956 -0.2505 0.9406
1305031470.3276 -0.2762 0.4263 -0.1159 -0.1444 -0.1919 -0.2382 0.9410
1305031470.4957 -0.3416 0.4712 -0.1367 -0.1571 -0.1980 -0.2298 0.9398
1305031470.6277 -0.3875 0.4957 -0.1540 -0.1634 -0.1950 -0.2223 0.9412
1305031470.8278 -0.4488 0.5178 -0.1661 -0.1721 -0.1851 -0.2018 0.9462
1305031470.8596 -0.4582 0.5188 -0.1691 -0.1684 -0.1854 -0.1972 0.9478
1305031470.8957 -0.4675 0.5203 -0.1737 -0.1650 -0.1858 -0.1920 0.9494
1305031470.9277 -0.4771 0.5215 -0.1751 -0.1611 -0.1888 -0.1877 0.9504
1305031470.9596 -0.4859 0.5199 -0.1777 -0.1528 -0.1929 -0.1840 0.9516
1305031470.9960 -0.4906 0.5213 -0.1813 -0.1431 -0.1958 -0.1802 0.9533
1305031471.0276 -0.4980 0.5192 -0.1832 -0.1353 -0.1951 -0.1773 0.9551
1305031471.0596 -0.5064 0.5183 -0.1878 -0.1259 -0.1921 -0.1722 0.9579
1305031471.0958 -0.5144 0.5197 -0.1931 -0.1171 -0.1902 -0.1646 0.9607
1305031471.1277 -0.5213 0.5180 -0.1961 -0.1121 -0.1908 -0.1574 0.9624
1305031471.1596 -0.5255 0.5175 -0.2005 -0.1066 -0.1908 -0.1504 0.9642
1305031471.1957 -0.5306 0.5178 -0.2040 -0.1042 -0.1880 -0.1440 0.9660
1305031471.2276 -0.5383 0.5177 -0.2071 -0.1044 -0.1836 -0.1392 0.9675
1305031471.2597 -0.5453 0.5152 -0.2081 -0.1064 -0.1815 -0.1362 0.9681
1305031471.2961 -0.5506 0.5121 -0.2085 -0.1067 -0.1798 -0.1317 0.9690
1305031471.3276 -0.5524 0.5117 -0.2111 -0.1027 -0.1769 -0.1280 0.9705
1305031471.3596 -0.5555 0.5124 -0.2145 -0.1015 -0.1691 -0.1254 0.9723
1305031471.3957 -0.5647 0.5069 -0.2155 -0.1040 -0.1599 -0.1212 0.9741
1305031471.4277 -0.5726 0.5055 -0.2215 -0.1013 -0.1549 -0.1141 0.9761
1305031471.4596 -0.5761 0.5060 -0.2259 -0.1006 -0.1549 -0.1088 0.9767
1305031471.5276 -0.5844 0.5036 -0.2319 -0.1034 -0.1528 -0.1002 0.9777
1305031471.5597 -0.5858 0.5040 -0.2353 -0.1034 -0.1516 -0.0981 0.9781
1305031471.5957 -0.5884 0.5029 -0.2389 -0.1041 -0.1469 -0.0960 0.9790
1305031471.6276 -0.5911 0.5012 -0.2433 -0.1046 -0.1418 -0.0947 0.9798
1305031471.6596 -0.5939 0.4991 -0.2478 -0.1044 -0.1361 -0.0916 0.9809
1305031471.7958 -0.5972 0.4961 -0.2649 -0.1084 -0.1166 -0.0697 0.9848
1305031471.9956 -0.6123 0.5083 -0.2754 -0.1280 -0.0811 -0.0438 0.9875
1305031472.2638 -0.6705 0.5196 -0.2750 -0.1357 -0.0343 -0.0366 0.9895
1305031472.4636 -0.6761 0.5198 -0.2779 -0.1156 -0.0372 -0.0293 0.9922
1305031472.6958 -0.6686 0.4967 -0.2742 -0.1078 -0.0389 -0.0202 0.9932
1305031472.9277 -0.6622 0.4819 -0.2654 -0.0986 -0.0413 -0.0176 0.9941
