1305031453.3917 0.0000 0.0000 0.0000 0.0000 0.0000 0.0000 1.0000
1305031453.5237 0.0122 0.0168 -0.0411 0.0160 0.0219 0.0365 0.9990
1305031453.6277 0.0086 0.0345 -0.0853 0.0372 0.0290 0.0510 0.9976
1305031453.7277 -0.0093 0.0624 -0.1336 0.0568 0.0157 0.0398 0.9975
1305031453.8278 -0.0357 0.0850 -0.1727 0.0683 -0.0083 0.0173 0.9975
1305031453.9277 -0.0697 0.1045 -0.2080 0.0662 -0.0538 -0.0030 0.9963
1305031453.9596 -0.0735 0.1086 -0.2169 0.0635 -0.0717 -0.0117 0.9953
1305031453.9916 -0.0850 0.1083 -0.2158 0.0615 -0.0833 -0.0232 0.9944
1305031454.0277 -0.0931 0.1094 -0.2210 0.0632 -0.0963 -0.0335 0.9928
1305031454.0597 -0.0988 0.1135 -0.2274 0.0640 -0.1091 -0.0451 0.9909
1305031454.0917 -0.1125 0.1138 -0.2232 0.0646 -0.1204 -0.0593 0.9888
1305031454.1277 -0.1210 0.1145 -0.2225 0.0677 -0.1352 -0.0731 0.9858
1305031454.1597 -0.1267 0.1168 -0.2263 0.0674 -0.1518 -0.0852 0.9824
1305031454.1917 -0.1354 0.1177 -0.2245 0.0654 -0.1691 -0.0997 0.9784
1305031454.2277 -0.1517 0.1189 -0.2171 0.0688 -0.1850 -0.1180 0.9732
1305031454.2596 -0.1483 0.1186 -0.2128 0.0745 -0.2032 -0.1341 0.9670
1305031454.2916 -0.1503 0.1204 -0.2126 0.0729 -0.2129 -0.1463 0.9633
1305031454.3277 -0.1719 0.1226 -0.2133 0.0745 -0.2181 -0.1619 0.9595
1305031454.3596 -0.1757 0.1249 -0.2115 0.0815 -0.2313 -0.1771 0.9532
1305031454.3917 -0.1771 0.1268 -0.2133 0.0827 -0.2407 -0.1893 0.9484
1305031454.4275 -0.1912 0.1323 -0.2138 0.0853 -0.2506 -0.2045 0.9424
1305031454.4599 -0.1890 0.1321 -0.2121 0.0877 -0.2634 -0.2199 0.9352
1305031454.4916 -0.1940 0.1352 -0.2131 0.0897 -0.2680 -0.2362 0.9297
1305031454.5277 -0.1964 0.1403 -0.2144 0.0898 -0.2745 -0.2523 0.9235
1305031454.5596 -0.2014 0.1446 -0.2147 0.0871 -0.2797 -0.2658 0.9184
1305031454.5916 -0.2158 0.1510 -0.2121 0.0854 -0.2864 -0.2827 0.9115
1305031454.6276 -0.2221 0.1543 -0.2109 0.0835 -0.2981 -0.2973 0.9032
1305031454.6595 -0.2256 0.1632 -0.2098 0.0792 -0.3085 -0.3056 0.8973
1305031454.6919 -0.2324 0.1662 -0.2073 0.0713 -0.3207 -0.3136 0.8909
1305031454.7277 -0.2345 0.1679 -0.2045 0.0656 -0.3325 -0.3192 0.8850
1305031454.7597 -0.2309 0.1713 -0.2028 0.0589 -0.3386 -0.3159 0.8844
1305031454.7916 -0.2272 0.1755 -0.2001 0.0530 -0.3420 -0.3089 0.8859
1305031454.8276 -0.2197 0.1821 -0.1983 0.0481 -0.3439 -0.3026 0.8876
1305031454.8596 -0.2170 0.1879 -0.1960 0.0418 -0.3409 -0.2960 0.8913
1305031454.8918 -0.2135 0.1931 -0.1959 0.0369 -0.3363 -0.2892 0.8955
1305031454.9276 -0.2111 0.2004 -0.1976 0.0323 -0.3305 -0.2832 0.8997
1305031454.9596 -0.2121 0.2090 -0.2015 0.0288 -0.3244 -0.2776 0.9038
1305031454.9919 -0.2163 0.2181 -0.2071 0.0261 -0.3200 -0.2724 0.9070
1305031455.0278 -0.2156 0.2285 -0.2110 0.0256 -0.3193 -0.2693 0.9082
1305031455.0596 -0.2197 0.2363 -0.2136 0.0240 -0.3160 -0.2674 0.9100
1305031455.0917 -0.2243 0.2449 -0.2190 0.0263 -0.3120 -0.2669 0.9114
1305031455.1277 -0.2290 0.2571 -0.2254 0.0282 -0.3066 -0.2654 0.9137
1305031455.1597 -0.2380 0.2680 -0.2326 0.0274 -0.3008 -0.2615 0.9167
1305031455.1917 -0.2474 0.2776 -0.2366 0.0239 -0.2966 -0.2561 0.9197
1305031455.2276 -0.2563 0.2843 -0.2421 0.0229 -0.2929 -0.2509 0.9224
1305031455.2596 -0.2609 0.2970 -0.2485 0.0210 -0.2881 -0.2447 0.9256
1305031455.2918 -0.2749 0.3040 -0.2531 0.0126 -0.2810 -0.2361 0.9301
1305031455.3278 -0.2855 0.3140 -0.2615 0.0069 -0.2775 -0.2260 0.9337
1305031455.3596 -0.2899 0.3224 -0.2641 -0.0015 -0.2763 -0.2200 0.9356
1305031455.3917 -0.3015 0.3250 -0.2663 -0.0125 -0.2688 -0.2127 0.9393
1305031455.4276 -0.3157 0.3314 -0.2741 -0.0195 -0.2604 -0.2033 0.9436
1305031455.4596 -0.3296 0.3336 -0.2812 -0.0249 -0.2560 -0.1952 0.9464
1305031455.4916 -0.3408 0.3396 -0.2899 -0.0292 -0.2519 -0.1846 0.9495
1305031455.5276 -0.3581 0.3399 -0.2985 -0.0352 -0.2473 -0.1724 0.9528
1305031455.5597 -0.3744 0.3426 -0.3111 -0.0380 -0.2465 -0.1596 0.9551
1305031455.5916 -0.3851 0.3482 -0.3235 -0.0406 -0.2473 -0.1453 0.9571
1305031455.6596 -0.4149 0.3403 -0.3382 -0.0464 -0.2445 -0.1275 0.9601
1305031455.6916 -0.4272 0.3422 -0.3514 -0.0422 -0.2431 -0.1284 0.9605
1305031455.7276 -0.4397 0.3402 -0.3625 -0.0400 -0.2403 -0.1330 0.9607
1305031455.7597 -0.4524 0.3388 -0.3753 -0.0384 -0.2349 -0.1362 0.9617
1305031455.7917 -0.4674 0.3309 -0.3883 -0.0379 -0.2294 -0.1355 0.9631
1305031455.8276 -0.4803 0.3299 -0.4060 -0.0347 -0.2255 -0.1352 0.9642
1305031455.8595 -0.4909 0.3259 -0.4179 -0.0346 -0.2242 -0.1365 0.9643
1305031455.8917 -0.4996 0.3232 -0.4303 -0.0341 -0.2219 -0.1367 0.9648
1305031455.9280 -0.5089 0.3186 -0.4395 -0.0350 -0.2190 -0.1375 0.9653
1305031455.9597 -0.5172 0.3186 -0.4526 -0.0333 -0.2154 -0.1398 0.9659
1305031455.9917 -0.5250 0.3165 -0.4619 -0.0349 -0.2112 -0.1420 0.9665
1305031456.0278 -0.5326 0.3214 -0.4751 -0.0372 -0.2043 -0.1465 0.9672
1305031456.0597 -0.5441 0.3151 -0.4789 -0.0463 -0.1993 -0.1550 0.9665
1305031456.0917 -0.5558 0.3075 -0.4816 -0.0519 -0.1951 -0.1604 0.9662
1305031456.1276 -0.5656 0.3019 -0.4873 -0.0533 -0.1909 -0.1619 0.9667
1305031456.1597 -0.5727 0.2912 -0.4861 -0.0556 -0.1872 -0.1624 0.9672
1305031456.1917 -0.5818 0.2837 -0.4898 -0.0511 -0.1798 -0.1597 0.9693
1305031456.2277 -0.5872 0.2886 -0.4965 -0.0459 -0.1701 -0.1554 0.9720
1305031456.2917 -0.6135 0.2750 -0.4945 -0.0455 -0.1473 -0.1490 0.9767
1305031456.3277 -0.6245 0.2703 -0.4925 -0.0415 -0.1371 -0.1421 0.9794
1305031456.3916 -0.6468 0.2668 -0.4863 -0.0363 -0.1130 -0.1329 0.9840
1305031456.4277 -0.6657 0.2696 -0.4877 -0.0290 -0.1003 -0.1261 0.9865
1305031456.4917 -0.7028 0.2877 -0.4829 -0.0317 -0.0900 -0.1150 0.9888
1305031456.5276 -0.7171 0.2896 -0.4735 -0.0379 -0.0908 -0.1100 0.9890
1305031456.5917 -0.7396 0.2957 -0.4601 -0.0399 -0.0853 -0.0979 0.9907
1305031456.6276 -0.7507 0.3088 -0.4525 -0.0498 -0.0790 -0.0924 0.9913
1305031456.6916 -0.7897 0.2962 -0.4300 -0.0646 -0.0655 -0.0786 0.9927
1305031456.8276 -0.8474 0.3201 -0.4009 -0.0719 -0.0742 -0.0467 0.9936
1305031457.0917 -0.9412 0.3440 -0.3569 -0.0998 -0.0361 -0.0104 0.9943
1305031457.2275 -0.9908 0.3373 -0.3717 -0.1062 -0.0068 0.0117 0.9943
1305031457.3275 -1.0285 0.3306 -0.3983 -0.0946 0.0192 0.0295 0.9949
1305031457.3917 -1.0591 0.3158 -0.4157 -0.0923 0.0433 0.0418 0.9939
1305031457.4917 -1.1058 0.3017 -0.4478 -0.0889 0.0586 0.0571 0.9927
1305031457.5597 -1.1312 0.2899 -0.4700 -0.0821 0.0673 0.0644 0.9923
1305031457.6275 -1.1622 0.2785 -0.4868 -0.0795 0.0754 0.0704 0.9915
1305031457.6916 -1.1913 0.2765 -0.5061 -0.0796 0.0786 0.0769 0.9907
1305031457.7596 -1.2150 0.2476 -0.5137 -0.0817 0.0818 0.0742 0.9905
1305031457.7916 -1.2241 0.2301 -0.5167 -0.0767 0.0861 0.0735 0.9906
1305031457.8277 -1.2369 0.2330 -0.5294 -0.0644 0.0935 0.0748 0.9907
1305031457.8916 -1.2663 0.2032 -0.5322 -0.0579 0.1103 0.0745 0.9894
1305031457.9276 -1.2871 0.2012 -0.5385 -0.0439 0.1163 0.0785 0.9891
1305031457.9916 -1.3100 0.1893 -0.5401 -0.0321 0.1174 0.0840 0.9890
1305031458.0278 -1.3202 0.1794 -0.5374 -0.0240 0.1205 0.0850 0.9888
1305031458.0597 -1.3360 0.1846 -0.5409 -0.0136 0.1256 0.0881 0.9881
1305031458.0917 -1.3494 0.1865 -0.5364 -0.0125 0.1299 0.0902 0.9873
1305031458.1276 -1.3630 0.1786 -0.5268 -0.0144 0.1339 0.0903 0.9868
1305031458.1596 -1.3793 0.1716 -0.5173 -0.0130 0.1369 0.0921 0.9862
1305031458.1916 -1.3946 0.1766 -0.5102 -0.0113 0.1365 0.0964 0.9859
1305031458.2276 -1.4027 0.1745 -0.4954 -0.0180 0.1325 0.0972 0.9862
1305031458.2599 -1.4115 0.1524 -0.4670 -0.0237 0.1303 0.0935 0.9868
1305031458.2917 -1.4286 0.1481 -0.4628 -0.0151 0.1258 0.0938 0.9875
1305031458.3276 -1.4348 0.1463 -0.4499 -0.0131 0.1178 0.0958 0.9883
1305031458.3596 -1.4377 0.1417 -0.4249 -0.0047 0.1117 0.0960 0.9891
1305031458.3916 -1.4482 0.1412 -0.4163 0.0073 0.1079 0.0998 0.9891
1305031458.4276 -1.4508 0.1412 -0.4026 0.0152 0.1055 0.1088 0.9883
1305031458.4596 -1.4433 0.1343 -0.3822 0.0253 0.1062 0.1173 0.9871
1305031458.4917 -1.4475 0.1314 -0.3644 0.0466 0.1157 0.1170 0.9853
1305031458.5277 -1.4644 0.1512 -0.3481 0.0698 0.1276 0.1139 0.9828
1305031458.5596 -1.4725 0.1562 -0.3286 0.0782 0.1369 0.1118 0.9811
1305031458.5916 -1.4831 0.1572 -0.3098 0.0875 0.1435 0.1055 0.9801
1305031458.6277 -1.4980 0.1783 -0.2967 0.0929 0.1447 0.1013 0.9799
1305031458.6596 -1.5082 0.1778 -0.2767 0.0857 0.1413 0.1014 0.9810
1305031458.6917 -1.5093 0.1799 -0.2531 0.0800 0.1256 0.0952 0.9843
1305031458.7276 -1.4951 0.1706 -0.2287 0.0751 0.1070 0.0864 0.9876
1305031458.7599 -1.5067 0.1733 -0.2136 0.0809 0.0943 0.0757 0.9894
1305031458.7916 -1.5091 0.1839 -0.2040 0.0810 0.0783 0.0676 0.9913
1305031458.8276 -1.5032 0.1801 -0.1874 0.0732 0.0683 0.0650 0.9929
1305031458.8917 -1.5004 0.1750 -0.1649 0.0799 0.0640 0.0549 0.9932
1305031458.9276 -1.5127 0.1780 -0.1616 0.0779 0.0727 0.0620 0.9924
1305031458.9596 -1.5167 0.1718 -0.1521 0.0697 0.0778 0.0742 0.9918
1305031458.9916 -1.5213 0.1534 -0.1432 0.0691 0.0800 0.0778 0.9913
1305031459.0277 -1.5420 0.1479 -0.1384 0.0792 0.0789 0.0771 0.9907
1305031459.0596 -1.5640 0.1382 -0.1281 0.0861 0.0735 0.0864 0.9898
1305031459.1276 -1.5234 0.1724 -0.0883 0.0931 0.0537 0.0754 0.9913
1305031459.1596 -1.5340 0.1696 -0.0847 0.1002 0.0274 0.0781 0.9915
1305031459.1917 -1.5448 0.1694 -0.0818 0.1044 0.0084 0.0851 0.9909
1305031459.2276 -1.5528 0.1697 -0.0760 0.1052 -0.0046 0.0966 0.9897
1305031459.2598 -1.5526 0.1755 -0.0649 0.1049 -0.0094 0.1074 0.9886
1305031459.3276 -1.5607 0.1809 -0.0444 0.1004 0.0209 0.1375 0.9852
1305031459.3597 -1.5731 0.1890 -0.0379 0.1052 0.0462 0.1577 0.9808
1305031459.3917 -1.5859 0.2148 -0.0287 0.1062 0.0734 0.1827 0.9747
1305031459.4276 -1.5846 0.2192 -0.0170 0.0939 0.1059 0.2186 0.9655
1305031459.4597 -1.6030 0.2190 -0.0149 0.0915 0.1442 0.2557 0.9516
1305031459.5276 -1.6100 0.2451 0.0769 0.0923 0.1832 0.2634 0.9426
1305031459.5596 -1.6299 0.2388 0.0757 0.0861 0.2011 0.2878 0.9324
1305031459.5917 -1.6503 0.2418 0.0779 0.0846 0.2094 0.3046 0.9253
1305031459.6276 -1.6602 0.2391 0.0816 0.0803 0.2112 0.3145 0.9220
1305031459.6596 -1.6727 0.2432 0.0860 0.0814 0.2181 0.3148 0.9202
1305031459.6916 -1.6902 0.2404 0.0907 0.0762 0.2309 0.3195 0.9159
1305031459.7276 -1.7045 0.2277 0.0939 0.0696 0.2400 0.3223 0.9131
1305031459.7917 -1.7444 0.2044 0.1018 0.0700 0.2528 0.3152 0.9121
1305031459.8277 -1.7623 0.1953 0.1066 0.0690 0.2540 0.3126 0.9127
1305031459.8597 -1.7818 0.1854 0.1132 0.0647 0.2544 0.3111 0.9134
1305031459.8916 -1.7930 0.1722 0.1193 0.0588 0.2504 0.3143 0.9138
1305031459.9276 -1.8033 0.1597 0.1250 0.0575 0.2478 0.3176 0.9135
1305031459.9917 -1.8266 0.1390 0.1374 0.0526 0.2458 0.3251 0.9117
1305031460.0276 -1.8335 0.1242 0.1430 0.0506 0.2455 0.3287 0.9106
1305031460.0597 -1.8470 0.1104 0.1490 0.0509 0.2471 0.3305 0.9095
1305031460.0917 -1.8609 0.0937 0.1556 0.0514 0.2443 0.3373 0.9077
1305031460.1277 -1.8658 0.0794 0.1617 0.0553 0.2348 0.3473 0.9062
1305031460.1597 -1.8756 0.0720 0.1689 0.0620 0.2276 0.3547 0.9047
1305031460.1916 -1.8771 0.0660 0.1781 0.0619 0.2201 0.3618 0.9038
1305031460.2278 -1.8684 0.0565 0.1868 0.0615 0.2175 0.3664 0.9026
1305031460.2917 -1.8723 0.0366 0.1971 0.0640 0.2331 0.3665 0.8985
1305031460.3275 -1.8764 0.0243 0.2011 0.0649 0.2420 0.3685 0.8952
1305031460.3916 -1.8789 0.0064 0.2137 0.0612 0.2611 0.3752 0.8873
1305031460.4275 -1.8804 -0.0049 0.2187 0.0603 0.2717 0.3802 0.8820
1305031460.4596 -1.8803 -0.0105 0.2242 0.0593 0.2840 0.3843 0.8764
1305031460.4915 -1.8874 -0.0185 0.2285 0.0542 0.2990 0.3905 0.8690
1305031460.5276 -1.8880 -0.0308 0.2320 0.0471 0.3097 0.4007 0.8610
1305031460.5596 -1.8855 -0.0411 0.2364 0.0411 0.3184 0.4047 0.8563
1305031460.5919 -1.8900 -0.0527 0.2409 0.0373 0.3282 0.4057 0.8522
1305031460.6276 -1.8900 -0.0637 0.2450 0.0343 0.3360 0.4082 0.8481
1305031460.6598 -1.8962 -0.0754 0.2496 0.0325 0.3444 0.4074 0.8452
1305031460.6917 -1.9044 -0.0856 0.2565 0.0297 0.3499 0.4082 0.8427
1305031460.7277 -1.9038 -0.0931 0.2636 0.0251 0.3516 0.4085 0.8420
1305031460.7597 -1.9040 -0.1049 0.2701 0.0215 0.3567 0.4072 0.8405
1305031460.7917 -1.9101 -0.1157 0.2779 0.0189 0.3614 0.4059 0.8392
1305031460.8277 -1.9114 -0.1223 0.2864 0.0146 0.3629 0.4034 0.8399
1305031460.8597 -1.9108 -0.1295 0.2948 0.0087 0.3667 0.4010 0.8395
1305031460.8918 -1.9112 -0.1417 0.3040 0.0012 0.3720 0.3985 0.8383
1305031460.9276 -1.9133 -0.1535 0.3152 -0.0045 0.3752 0.3980 0.8371
1305031460.9917 -1.9013 -0.1775 0.3316 -0.0086 0.3791 0.4009 0.8340
1305031461.0276 -1.8990 -0.1884 0.3411 -0.0074 0.3816 0.4016 0.8325
1305031461.0917 -1.8985 -0.2014 0.3556 -0.0045 0.3798 0.4008 0.8337
1305031461.1276 -1.8897 -0.2103 0.3625 -0.0068 0.3792 0.3993 0.8347
1305031461.1597 -1.8848 -0.2201 0.3716 -0.0051 0.3809 0.3968 0.8351
1305031461.1920 -1.8834 -0.2235 0.3772 -0.0016 0.3811 0.3924 0.8371
1305031461.2276 -1.8814 -0.2293 0.3837 -0.0012 0.3826 0.3899 0.8376
1305031461.2596 -1.8757 -0.2348 0.3899 0.0004 0.3822 0.3864 0.8395
1305031461.2917 -1.8726 -0.2379 0.3966 0.0027 0.3828 0.3803 0.8419
1305031461.3278 -1.8671 -0.2379 0.4010 0.0045 0.3843 0.3760 0.8432
1305031461.3597 -1.8700 -0.2383 0.4068 0.0012 0.3886 0.3721 0.8429
1305031461.3917 -1.8598 -0.2459 0.4183 -0.0071 0.3895 0.3730 0.8421
1305031461.4276 -1.8535 -0.2493 0.4220 -0.0077 0.3900 0.3712 0.8426
1305031461.4598 -1.8528 -0.2474 0.4258 -0.0104 0.3906 0.3730 0.8415
1305031461.4917 -1.8370 -0.2566 0.4282 -0.0156 0.3894 0.3749 0.8412
1305031461.5277 -1.8365 -0.2559 0.4260 -0.0097 0.3907 0.3725 0.8418
1305031461.5597 -1.8280 -0.2494 0.4211 -0.0096 0.3905 0.3695 0.8431
1305031461.5917 -1.8254 -0.2486 0.4173 -0.0094 0.3980 0.3659 0.8412
1305031461.6275 -1.8225 -0.2452 0.4148 -0.0116 0.4033 0.3657 0.8388
1305031461.6596 -1.8195 -0.2432 0.4138 -0.0137 0.4083 0.3657 0.8363
1305031461.6916 -1.8204 -0.2399 0.4109 -0.0150 0.4115 0.3713 0.8322
1305031461.7276 -1.8114 -0.2343 0.4084 -0.0176 0.4112 0.3769 0.8298
1305031461.7597 -1.8117 -0.2282 0.4006 -0.0177 0.4127 0.3800 0.8276
1305031461.7916 -1.8077 -0.2202 0.3964 -0.0221 0.4148 0.3843 0.8244
1305031461.8276 -1.8035 -0.2134 0.3916 -0.0242 0.4191 0.3890 0.8200
1305031461.8598 -1.8078 -0.2030 0.3850 -0.0244 0.4236 0.3957 0.8145
1305031461.8917 -1.8112 -0.1951 0.3815 -0.0292 0.4260 0.4072 0.8074
1305031461.9278 -1.8047 -0.1865 0.3801 -0.0370 0.4243 0.4171 0.8029
1305031461.9597 -1.7991 -0.1725 0.3701 -0.0415 0.4263 0.4201 0.8000
1305031461.9916 -1.8114 -0.1619 0.3702 -0.0482 0.4360 0.4255 0.7916
1305031462.0277 -1.8126 -0.1626 0.3752 -0.0605 0.4380 0.4370 0.7833
1305031462.0598 -1.8146 -0.1585 0.3767 -0.0650 0.4347 0.4494 0.7777
1305031462.0918 -1.8141 -0.1483 0.3721 -0.0664 0.4281 0.4614 0.7743
1305031462.1277 -1.8158 -0.1380 0.3682 -0.0683 0.4244 0.4708 0.7704
1305031462.1596 -1.8171 -0.1319 0.3647 -0.0721 0.4218 0.4774 0.7674
1305031462.1916 -1.8223 -0.1210 0.3623 -0.0743 0.4209 0.4766 0.7682
1305031462.2276 -1.8286 -0.1133 0.3621 -0.0802 0.4219 0.4770 0.7668
1305031462.2598 -1.8343 -0.1072 0.3623 -0.0869 0.4209 0.4758 0.7674
1305031462.2916 -1.8408 -0.0995 0.3633 -0.0934 0.4185 0.4721 0.7702
1305031462.3597 -1.8561 -0.0822 0.3670 -0.1083 0.4166 0.4604 0.7763
1305031462.5277 -1.8900 -0.0104 0.4607 -0.1003 0.4587 0.4176 0.7779
1305031462.8598 -1.8634 0.2227 0.7787 0.0166 0.5935 0.3464 0.7263
1305031463.0598 -1.8730 0.2284 0.7604 0.0115 0.5902 0.3430 0.7306
1305031463.3277 -1.8135 0.3287 0.7206 0.0083 0.5660 0.2903 0.7716
1305031463.4277 -1.8209 0.3355 0.6806 0.0108 0.5576 0.2837 0.7801
1305031463.5277 -1.8150 0.3545 0.6229 0.0099 0.5561 0.2814 0.7820
1305031463.6276 -1.8059 0.3708 0.5746 0.0142 0.5548 0.2775 0.7842
1305031463.6956 -1.8096 0.3831 0.5398 0.0252 0.5572 0.2658 0.7863
1305031463.7597 -1.7961 0.3739 0.4825 0.0221 0.5527 0.2597 0.7916
1305031463.8278 -1.7965 0.3739 0.4388 0.0206 0.5554 0.2383 0.7965
1305031463.8599 -1.7939 0.3656 0.4136 0.0175 0.5561 0.2293 0.7987
1305031463.8956 -1.7975 0.3639 0.3940 0.0186 0.5583 0.2191 0.8000
1305031463.9597 -1.7974 0.3502 0.3550 0.0156 0.5537 0.2079 0.8062
1305031463.9958 -1.8003 0.3441 0.3326 0.0170 0.5505 0.2004 0.8102
1305031464.0277 -1.8043 0.3417 0.3125 0.0163 0.5480 0.1919 0.8140
1305031464.0597 -1.8021 0.3313 0.2906 0.0126 0.5465 0.1841 0.8169
1305031464.0956 -1.8076 0.3248 0.2735 0.0133 0.5484 0.1739 0.8178
1305031464.1277 -1.8145 0.3199 0.2643 0.0147 0.5496 0.1674 0.8184
1305031464.1598 -1.8161 0.3083 0.2542 0.0176 0.5469 0.1641 0.8208
1305031464.1956 -1.8207 0.2996 0.2426 0.0251 0.5414 0.1566 0.8257
1305031464.2276 -1.8299 0.3013 0.2333 0.0349 0.5338 0.1480 0.8318
1305031464.2596 -1.8373 0.3039 0.2213 0.0417 0.5210 0.1434 0.8404
1305031464.2957 -1.8371 0.3038 0.2058 0.0429 0.5055 0.1377 0.8507
1305031464.3279 -1.8338 0.3022 0.1860 0.0429 0.4924 0.1316 0.8593
1305031464.3597 -1.8301 0.2952 0.1671 0.0440 0.4831 0.1257 0.8654
1305031464.3956 -1.8260 0.2976 0.1423 0.0469 0.4760 0.1162 0.8705
1305031464.4276 -1.8253 0.2985 0.1241 0.0457 0.4751 0.1061 0.8723
1305031464.4597 -1.8281 0.2907 0.1089 0.0439 0.4738 0.0974 0.8741
1305031464.4956 -1.8246 0.2908 0.0857 0.0445 0.4702 0.0906 0.8768
1305031464.5276 -1.8285 0.2906 0.0664 0.0436 0.4703 0.0823 0.8776
1305031464.5597 -1.8245 0.2864 0.0462 0.0373 0.4679 0.0721 0.8800
1305031464.5957 -1.8186 0.2651 0.0172 0.0333 0.4699 0.0626 0.8798
1305031464.6277 -1.8193 0.2582 -0.0055 0.0396 0.4793 0.0509 0.8753
1305031464.6597 -1.8171 0.2536 -0.0220 0.0442 0.4890 0.0352 0.8705
1305031464.6957 -1.8156 0.2310 -0.0344 0.0473 0.4982 0.0159 0.8656
1305031464.7277 -1.8219 0.2292 -0.0394 0.0586 0.5039 -0.0067 0.8617
1305031464.7597 -1.8226 0.2397 -0.0481 0.0656 0.5024 -0.0301 0.8616
1305031464.7960 -1.8212 0.2298 -0.0459 0.0644 0.4986 -0.0494 0.8630
1305031464.8278 -1.8196 0.2279 -0.0424 0.0689 0.4879 -0.0670 0.8676
1305031464.8597 -1.8099 0.2395 -0.0545 0.0708 0.4705 -0.0845 0.8755
1305031464.8958 -1.7953 0.2406 -0.0678 0.0616 0.4538 -0.1029 0.8830
1305031464.9278 -1.7804 0.2154 -0.0769 0.0477 0.4415 -0.1200 0.8879
1305031464.9598 -1.7630 0.1969 -0.0851 0.0421 0.4341 -0.1373 0.8894
1305031464.9957 -1.7446 0.1945 -0.0953 0.0416 0.4295 -0.1561 0.8885
1305031465.0278 -1.7286 0.1935 -0.0885 0.0378 0.4286 -0.1776 0.8851
1305031465.0597 -1.7163 0.2137 -0.0721 0.0394 0.4244 -0.1985 0.8826
1305031465.0957 -1.6944 0.2534 -0.0756 0.0344 0.4127 -0.2125 0.8850
1305031465.1277 -1.6694 0.2608 -0.0724 0.0123 0.4020 -0.2203 0.8887
1305031465.1598 -1.6473 0.2600 -0.0623 -0.0083 0.3936 -0.2227 0.8918
1305031465.1956 -1.6230 0.2608 -0.0572 -0.0237 0.3846 -0.2251 0.8949
1305031465.2279 -1.5986 0.2738 -0.0544 -0.0356 0.3777 -0.2266 0.8971
1305031465.2598 -1.5784 0.2728 -0.0410 -0.0488 0.3728 -0.2233 0.8993
1305031465.3277 -1.5389 0.2976 -0.0337 -0.0521 0.3581 -0.2003 0.9105
1305031465.3956 -1.5022 0.2963 -0.0407 -0.0531 0.3298 -0.1773 0.9257
1305031465.4277 -1.4787 0.2993 -0.0576 -0.0481 0.3157 -0.1671 0.9328
1305031465.4601 -1.4607 0.3098 -0.0741 -0.0411 0.3051 -0.1553 0.9387
1305031465.4957 -1.4394 0.3217 -0.0922 -0.0395 0.2945 -0.1455 0.9437
1305031465.5276 -1.4241 0.3153 -0.1013 -0.0436 0.2863 -0.1406 0.9468
1305031465.5598 -1.4083 0.3195 -0.1187 -0.0371 0.2777 -0.1365 0.9502
1305031465.5956 -1.3898 0.3295 -0.1398 -0.0289 0.2720 -0.1297 0.9531
1305031465.6277 -1.3801 0.3410 -0.1547 -0.0217 0.2691 -0.1224 0.9551
1305031465.6601 -1.3666 0.3505 -0.1707 -0.0158 0.2600 -0.1158 0.9585
1305031465.6957 -1.3433 0.3580 -0.1940 -0.0088 0.2500 -0.1101 0.9619
1305031465.7277 -1.3275 0.3694 -0.2125 0.0008 0.2460 -0.1035 0.9637
1305031465.7598 -1.3098 0.3846 -0.2330 0.0106 0.2403 -0.0970 0.9658
1305031465.7959 -1.2877 0.3966 -0.2509 0.0176 0.2353 -0.0924 0.9674
1305031465.8280 -1.2705 0.4039 -0.2672 0.0264 0.2313 -0.0891 0.9684
1305031465.8599 -1.2510 0.4259 -0.2910 0.0395 0.2274 -0.0880 0.9690
1305031465.8955 -1.2254 0.4443 -0.3079 0.0447 0.2296 -0.0867 0.9684
1305031465.9275 -1.2068 0.4508 -0.3223 0.0499 0.2355 -0.0869 0.9667
1305031465.9597 -1.1916 0.4674 -0.3399 0.0609 0.2418 -0.0916 0.9641
1305031465.9958 -1.1831 0.4880 -0.3533 0.0682 0.2488 -0.0981 0.9612
1305031466.0276 -1.1744 0.5089 -0.3684 0.0742 0.2515 -0.1018 0.9596
1305031466.0598 -1.1648 0.5318 -0.3820 0.0744 0.2546 -0.1011 0.9589
1305031466.0958 -1.1579 0.5465 -0.3961 0.0698 0.2543 -0.0995 0.9595
1305031466.1276 -1.1493 0.5606 -0.4111 0.0641 0.2509 -0.0979 0.9609
1305031466.1604 -1.1459 0.5742 -0.4277 0.0593 0.2475 -0.0947 0.9624
1305031466.1958 -1.1420 0.5906 -0.4444 0.0523 0.2410 -0.0922 0.9647
1305031466.2280 -1.1306 0.5968 -0.4608 0.0394 0.2327 -0.0929 0.9673
1305031466.2598 -1.1158 0.5920 -0.4816 0.0321 0.2278 -0.0978 0.9683
1305031466.2957 -1.1057 0.5999 -0.5033 0.0319 0.2316 -0.1099 0.9661
1305031466.3277 -1.1027 0.6095 -0.5248 0.0307 0.2417 -0.1194 0.9625
1305031466.3598 -1.1003 0.6146 -0.5425 0.0244 0.2512 -0.1236 0.9597
1305031466.3958 -1.0982 0.6058 -0.5585 0.0205 0.2543 -0.1267 0.9586
1305031466.4278 -1.0988 0.6157 -0.5791 0.0257 0.2526 -0.1331 0.9580
1305031466.4598 -1.0905 0.6260 -0.5982 0.0247 0.2475 -0.1371 0.9588
1305031466.4958 -1.0761 0.6287 -0.6159 0.0202 0.2433 -0.1364 0.9601
1305031466.5275 -1.0576 0.6268 -0.6333 0.0177 0.2431 -0.1356 0.9603
1305031466.5604 -1.0487 0.6370 -0.6514 0.0171 0.2477 -0.1374 0.9589
1305031466.5959 -1.0345 0.6436 -0.6670 0.0091 0.2486 -0.1381 0.9587
1305031466.6275 -1.0112 0.6300 -0.6777 -0.0001 0.2481 -0.1394 0.9587
1305031466.6597 -1.0006 0.6296 -0.6973 0.0039 0.2502 -0.1461 0.9571
1305031466.6958 -0.9913 0.6441 -0.7151 0.0048 0.2502 -0.1543 0.9558
1305031466.7281 -0.9720 0.6426 -0.7263 -0.0044 0.2468 -0.1612 0.9555
1305031466.7596 -0.9539 0.6331 -0.7345 -0.0063 0.2452 -0.1689 0.9546
1305031466.7956 -0.9477 0.6407 -0.7550 -0.0010 0.2439 -0.1767 0.9536
1305031466.8279 -0.9360 0.6453 -0.7688 -0.0039 0.2400 -0.1788 0.9541
1305031466.8597 -0.9263 0.6401 -0.7735 -0.0072 0.2351 -0.1778 0.9555
1305031466.8957 -0.9181 0.6410 -0.7868 -0.0053 0.2239 -0.1797 0.9579
1305031466.9278 -0.9063 0.6387 -0.8021 -0.0073 0.2093 -0.1815 0.9608
1305031466.9597 -0.8909 0.6342 -0.8133 -0.0083 0.1985 -0.1824 0.9630
1305031466.9957 -0.8778 0.6315 -0.8285 -0.0089 0.1925 -0.1849 0.9637
1305031467.0278 -0.8670 0.6290 -0.8409 -0.0102 0.1882 -0.1889 0.9637
1305031467.0597 -0.8558 0.6267 -0.8557 -0.0112 0.1852 -0.1915 0.9638
1305031467.0957 -0.8441 0.6263 -0.8673 -0.0145 0.1837 -0.1963 0.9631
1305031467.1290 -0.8333 0.6248 -0.8736 -0.0170 0.1804 -0.2064 0.9615
1305031467.1597 -0.8245 0.6233 -0.8846 -0.0177 0.1769 -0.2140 0.9605
1305031467.1957 -0.8170 0.6226 -0.8947 -0.0183 0.1722 -0.2187 0.9603
1305031467.2277 -0.8082 0.6214 -0.9046 -0.0196 0.1653 -0.2237 0.9603
1305031467.2597 -0.7986 0.6197 -0.9138 -0.0198 0.1597 -0.2288 0.9601
1305031467.2958 -0.7899 0.6189 -0.9254 -0.0199 0.1538 -0.2353 0.9595
1305031467.3280 -0.7820 0.6179 -0.9396 -0.0206 0.1479 -0.2399 0.9592
1305031467.3597 -0.7738 0.6173 -0.9550 -0.0248 0.1416 -0.2406 0.9599
1305031467.3958 -0.7637 0.6172 -0.9648 -0.0315 0.1348 -0.2434 0.9600
1305031467.4278 -0.7535 0.6165 -0.9716 -0.0339 0.1289 -0.2465 0.9599
1305031467.4597 -0.7458 0.6152 -0.9869 -0.0349 0.1222 -0.2480 0.9604
1305031467.4961 -0.7377 0.6126 -1.0050 -0.0417 0.1157 -0.2512 0.9601
1305031467.5277 -0.7242 0.6124 -1.0100 -0.0473 0.1124 -0.2555 0.9591
1305031467.5598 -0.7131 0.6095 -1.0151 -0.0473 0.1111 -0.2575 0.9587
1305031467.5960 -0.7046 0.6066 -1.0252 -0.0472 0.1096 -0.2563 0.9592
1305031467.6275 -0.6955 0.5995 -1.0219 -0.0458 0.1048 -0.2539 0.9604
1305031467.6596 -0.6842 0.5903 -1.0295 -0.0401 0.0980 -0.2519 0.9619
1305031467.6959 -0.6752 0.5831 -1.0403 -0.0385 0.0939 -0.2550 0.9616
1305031467.7275 -0.6632 0.5767 -1.0310 -0.0356 0.0910 -0.2606 0.9605
1305031467.7599 -0.6527 0.5685 -1.0319 -0.0306 0.0878 -0.2643 0.9600
1305031467.7961 -0.6449 0.5640 -1.0313 -0.0269 0.0853 -0.2683 0.9592
1305031467.8278 -0.6318 0.5546 -1.0158 -0.0224 0.0816 -0.2698 0.9592
1305031467.8597 -0.6227 0.5463 -1.0079 -0.0149 0.0767 -0.2692 0.9599
1305031467.8959 -0.6145 0.5424 -1.0056 -0.0098 0.0694 -0.2709 0.9601
1305031467.9278 -0.6013 0.5307 -0.9917 -0.0086 0.0606 -0.2737 0.9599
1305031467.9598 -0.5893 0.5163 -0.9801 -0.0039 0.0539 -0.2760 0.9596
1305031467.9958 -0.5753 0.5132 -0.9792 0.0001 0.0508 -0.2790 0.9589
1305031468.0281 -0.5646 0.4997 -0.9575 -0.0027 0.0504 -0.2812 0.9583
1305031468.0598 -0.5581 0.4857 -0.9416 0.0007 0.0481 -0.2848 0.9574
1305031468.0959 -0.5469 0.4797 -0.9357 0.0033 0.0443 -0.2876 0.9567
1305031468.1278 -0.5356 0.4643 -0.9183 0.0011 0.0418 -0.2877 0.9568
1305031468.1599 -0.5247 0.4507 -0.9060 0.0021 0.0391 -0.2911 0.9559
1305031468.1960 -0.5127 0.4372 -0.8954 0.0010 0.0378 -0.2941 0.9550
1305031468.2282 -0.5036 0.4191 -0.8813 -0.0009 0.0388 -0.2931 0.9553
1305031468.2598 -0.4929 0.4026 -0.8701 -0.0006 0.0401 -0.2914 0.9558
1305031468.2958 -0.4851 0.3871 -0.8576 -0.0009 0.0428 -0.2914 0.9556
1305031468.3278 -0.4792 0.3646 -0.8445 0.0002 0.0450 -0.2893 0.9562
1305031468.3598 -0.4715 0.3524 -0.8399 0.0059 0.0475 -0.2862 0.9570
1305031468.4280 -0.4647 0.3174 -0.8250 -0.0011 0.0503 -0.2841 0.9575
1305031468.4598 -0.4595 0.3002 -0.8202 -0.0012 0.0494 -0.2813 0.9583
1305031468.5278 -0.4581 0.2614 -0.8028 -0.0065 0.0527 -0.2858 0.9568
1305031468.5597 -0.4622 0.2436 -0.7963 -0.0031 0.0516 -0.2951 0.9541
1305031468.6596 -0.4810 0.1962 -0.7788 -0.0125 0.0480 -0.3014 0.9522
1305031468.6958 -0.4873 0.1797 -0.7720 -0.0104 0.0409 -0.3053 0.9513
1305031468.7278 -0.4902 0.1686 -0.7663 -0.0068 0.0337 -0.3072 0.9510
1305031468.7596 -0.4923 0.1558 -0.7587 -0.0061 0.0284 -0.3077 0.9510
1305031468.7958 -0.4981 0.1354 -0.7484 -0.0055 0.0248 -0.3127 0.9495
1305031468.8292 -0.5027 0.1247 -0.7435 0.0008 0.0213 -0.3203 0.9471
1305031468.9281 -0.5044 0.1013 -0.7262 -0.0016 0.0324 -0.3217 0.9463
1305031468.9957 -0.5077 0.1122 -0.7214 -0.0157 0.0456 -0.3189 0.9465
1305031469.0598 -0.5184 0.0925 -0.6984 -0.0516 0.0545 -0.3227 0.9435
1305031469.1597 -0.5013 0.0701 -0.6659 -0.0898 0.0697 -0.3390 0.9339
1305031469.2278 -0.5079 0.0629 -0.6382 -0.1028 0.0883 -0.3442 0.9291
1305031469.2968 -0.4996 0.0605 -0.6140 -0.1126 0.0957 -0.3475 0.9260
1305031469.3276 -0.4959 0.0639 -0.6038 -0.1169 0.0995 -0.3480 0.9248
1305031469.3596 -0.4819 0.0594 -0.5895 -0.1245 0.1020 -0.3500 0.9228
1305031469.3957 -0.4742 0.0555 -0.5746 -0.1270 0.1119 -0.3546 0.9196
1305031469.4277 -0.4675 0.0642 -0.5644 -0.1244 0.1230 -0.3613 0.9159
1305031469.4597 -0.4631 0.0740 -0.5496 -0.1242 0.1328 -0.3685 0.9117
1305031469.4957 -0.4620 0.0866 -0.5336 -0.1233 0.1397 -0.3724 0.9092
1305031469.5276 -0.4546 0.0977 -0.5244 -0.1248 0.1396 -0.3720 0.9091
1305031469.5596 -0.4449 0.1062 -0.5131 -0.1300 0.1390 -0.3706 0.9091
1305031469.6596 -0.4209 0.1304 -0.4744 -0.1507 0.1462 -0.3627 0.9080
1305031469.7596 -0.4007 0.1678 -0.4425 -0.1595 0.1603 -0.3538 0.9076
1305031469.9279 -0.3935 0.2498 -0.3811 -0.1791 0.1643 -0.3339 0.9107
1305031470.1276 -0.4140 0.3509 -0.3362 -0.1872 0.1595 -0.3198 0.9150
1305031470.2957 -0.4502 0.4359 -0.3113 -0.1952 0.1625 -0.3005 0.9193
1305031470.4597 -0.4971 0.5133 -0.2813 -0.2018 0.1632 -0.2864 0.9223
1305031470.6597 -0.5558 0.5686 -0.2553 -0.2037 0.1682 -0.2722 0.9253
1305031470.6956 -0.5635 0.5787 -0.2496 -0.2039 0.1687 -0.2685 0.9262
1305031470.7277 -0.5707 0.5843 -0.2427 -0.2041 0.1682 -0.2663 0.9269
1305031470.7597 -0.5766 0.5875 -0.2421 -0.2043 0.1702 -0.2622 0.9276
1305031470.7956 -0.5821 0.5969 -0.2350 -0.2023 0.1756 -0.2582 0.9282
1305031470.8278 -0.5893 0.6032 -0.2285 -0.1972 0.1766 -0.2555 0.9299
1305031470.8596 -0.5980 0.6070 -0.2246 -0.1918 0.1765 -0.2527 0.9318
1305031470.8957 -0.6077 0.6114 -0.2216 -0.1868 0.1765 -0.2493 0.9337
1305031470.9277 -0.6155 0.6151 -0.2163 -0.1817 0.1736 -0.2467 0.9360
1305031470.9596 -0.6246 0.6153 -0.2119 -0.1737 0.1696 -0.2463 0.9383
1305031470.9960 -0.6302 0.6183 -0.2117 -0.1635 0.1665 -0.2460 0.9407
1305031471.0276 -0.6378 0.6175 -0.2084 -0.1555 0.1667 -0.2461 0.9420
1305031471.0596 -0.6479 0.6186 -0.2060 -0.1450 0.1698 -0.2447 0.9435
1305031471.0958 -0.6573 0.6222 -0.2051 -0.1342 0.1713 -0.2410 0.9458
1305031471.1277 -0.6654 0.6219 -0.2027 -0.1276 0.1707 -0.2361 0.9481
1305031471.1596 -0.6719 0.6228 -0.2032 -0.1202 0.1706 -0.2316 0.9502
1305031471.1957 -0.6781 0.6246 -0.2028 -0.1153 0.1734 -0.2266 0.9515
1305031471.2276 -0.6848 0.6274 -0.2000 -0.1126 0.1774 -0.2222 0.9521
1305031471.2597 -0.6912 0.6270 -0.1963 -0.1127 0.1797 -0.2189 0.9524
1305031471.2961 -0.6963 0.6249 -0.1930 -0.1114 0.1814 -0.2146 0.9532
1305031471.3276 -0.6996 0.6240 -0.1940 -0.1069 0.1838 -0.2120 0.9538
1305031471.3596 -0.7032 0.6259 -0.1948 -0.1037 0.1910 -0.2099 0.9533
1305031471.3957 -0.7116 0.6236 -0.1898 -0.1025 0.2000 -0.2056 0.9525
1305031471.4277 -0.7209 0.6265 -0.1892 -0.0957 0.2046 -0.2004 0.9533
1305031471.4596 -0.7260 0.6286 -0.1903 -0.0931 0.2043 -0.1957 0.9546
1305031471.5597 -0.7383 0.6306 -0.1906 -0.0910 0.2073 -0.1847 0.9564
1305031471.5957 -0.7420 0.6308 -0.1912 -0.0902 0.2118 -0.1824 0.9559
1305031471.6276 -0.7455 0.6312 -0.1923 -0.0887 0.2162 -0.1806 0.9554
1305031471.6596 -0.7484 0.6326 -0.1943 -0.0848 0.2203 -0.1777 0.9554
1305031471.7958 -0.7603 0.6365 -0.2041 -0.0767 0.2387 -0.1559 0.9554
1305031471.9956 -0.7695 0.6520 -0.2049 -0.0815 0.2685 -0.1225 0.9520
1305031472.5276 -0.7845 0.5783 -0.1560 -0.1463 0.2853 -0.0910 0.9428
1305031472.5636 -0.1057 0.2272 -0.0738 -0.4565 -0.1802 0.5991 0.6326
1305031472.7956 -0.0914 0.2413 -0.0624 -0.4469 -0.1748 0.6062 0.6343
