1305031453.4237 0.0056 0.0030 -0.0077 0.0013 0.0036 0.0094 0.9999
1305031453.4597 0.0112 0.0080 -0.0174 0.0053 0.0093 0.0188 0.9998
1305031453.4917 0.0128 0.0129 -0.0271 0.0097 0.0162 0.0284 0.9994
1305031453.5237 0.0116 0.0190 -0.0407 0.0167 0.0220 0.0370 0.9989
1305031453.5598 0.0130 0.0232 -0.0540 0.0232 0.0246 0.0437 0.9985
1305031453.5916 0.0122 0.0308 -0.0699 0.0309 0.0274 0.0478 0.9980
1305031453.6277 0.0044 0.0369 -0.0862 0.0377 0.0302 0.0510 0.9975
1305031453.6596 -0.0002 0.0451 -0.1028 0.0455 0.0264 0.0490 0.9974
1305031453.6917 -0.0022 0.0556 -0.1201 0.0526 0.0201 0.0447 0.9974
1305031453.7277 -0.0112 0.0664 -0.1347 0.0577 0.0158 0.0392 0.9974
1305031453.7597 -0.0253 0.0717 -0.1464 0.0617 0.0096 0.0309 0.9976
1305031453.7917 -0.0276 0.0821 -0.1616 0.0666 -0.0013 0.0235 0.9975
1305031453.8278 -0.0363 0.0892 -0.1737 0.0691 -0.0085 0.0167 0.9974
1305031453.8597 -0.0541 0.0983 -0.1857 0.0713 -0.0182 0.0091 0.9972
1305031453.8917 -0.0704 0.1096 -0.1953 0.0722 -0.0323 0.0018 0.9969
1305031453.9277 -0.0841 0.1141 -0.2043 0.0688 -0.0495 -0.0034 0.9964
1305031453.9596 -0.0907 0.1192 -0.2098 0.0664 -0.0667 -0.0120 0.9955
1305031453.9916 -0.1017 0.1188 -0.2075 0.0644 -0.0782 -0.0234 0.9946
1305031454.0277 -0.1141 0.1199 -0.2151 0.0656 -0.0898 -0.0339 0.9932
1305031454.0597 -0.1169 0.1218 -0.2218 0.0658 -0.1035 -0.0458 0.9914
1305031454.0917 -0.1273 0.1222 -0.2179 0.0661 -0.1150 -0.0593 0.9894
1305031454.1277 -0.1350 0.1198 -0.2179 0.0683 -0.1302 -0.0742 0.9863
1305031454.1597 -0.1379 0.1245 -0.2196 0.0693 -0.1476 -0.0865 0.9828
1305031454.1917 -0.1474 0.1257 -0.2196 0.0672 -0.1646 -0.1015 0.9788
1305031454.2277 -0.1630 0.1262 -0.2100 0.0692 -0.1810 -0.1179 0.9739
1305031454.2596 -0.1550 0.1252 -0.2150 0.0733 -0.1962 -0.1311 0.9690
1305031454.2916 -0.1581 0.1267 -0.2188 0.0712 -0.2048 -0.1433 0.9656
1305031454.3277 -0.1794 0.1322 -0.2219 0.0731 -0.2097 -0.1572 0.9623
1305031454.3596 -0.1844 0.1364 -0.2210 0.0812 -0.2222 -0.1729 0.9561
1305031454.3917 -0.1913 0.1457 -0.2227 0.0847 -0.2295 -0.1852 0.9518
1305031454.4275 -0.2027 0.1506 -0.2273 0.0865 -0.2399 -0.1997 0.9461
1305031454.4599 -0.1985 0.1504 -0.2272 0.0891 -0.2524 -0.2157 0.9391
1305031454.4916 -0.2029 0.1548 -0.2324 0.0910 -0.2564 -0.2319 0.9339
1305031454.5277 -0.2049 0.1601 -0.2353 0.0911 -0.2624 -0.2484 0.9280
1305031454.5596 -0.2098 0.1664 -0.2396 0.0884 -0.2672 -0.2621 0.9231
1305031454.5916 -0.2177 0.1740 -0.2398 0.0865 -0.2762 -0.2784 0.9158
1305031454.6276 -0.2213 0.1806 -0.2372 0.0854 -0.2894 -0.2914 0.9078
1305031454.6595 -0.2227 0.1883 -0.2386 0.0806 -0.2998 -0.2976 0.9028
1305031454.6919 -0.2254 0.1946 -0.2378 0.0740 -0.3131 -0.3053 0.8962
1305031454.7277 -0.2208 0.2040 -0.2351 0.0719 -0.3248 -0.3073 0.8916
1305031454.7597 -0.2178 0.2047 -0.2366 0.0651 -0.3303 -0.3061 0.8905
1305031454.7916 -0.2117 0.2107 -0.2315 0.0600 -0.3351 -0.2985 0.8916
1305031454.8276 -0.2029 0.2199 -0.2312 0.0563 -0.3367 -0.2924 0.8933
1305031454.8596 -0.1978 0.2256 -0.2295 0.0502 -0.3343 -0.2856 0.8968
1305031454.8918 -0.1944 0.2335 -0.2297 0.0464 -0.3294 -0.2784 0.9010
1305031454.9276 -0.1921 0.2413 -0.2304 0.0424 -0.3239 -0.2729 0.9049
1305031454.9596 -0.1931 0.2500 -0.2353 0.0392 -0.3176 -0.2677 0.9088
1305031454.9919 -0.1971 0.2585 -0.2391 0.0363 -0.3142 -0.2625 0.9116
1305031455.0278 -0.1968 0.2697 -0.2438 0.0361 -0.3131 -0.2597 0.9128
1305031455.0596 -0.1995 0.2745 -0.2450 0.0334 -0.3107 -0.2582 0.9142
1305031455.0917 -0.2037 0.2818 -0.2496 0.0354 -0.3071 -0.2577 0.9154
1305031455.1277 -0.2092 0.2951 -0.2559 0.0375 -0.3014 -0.2558 0.9178
1305031455.1597 -0.2191 0.3071 -0.2624 0.0370 -0.2953 -0.2514 0.9210
1305031455.1917 -0.2273 0.3141 -0.2650 0.0325 -0.2923 -0.2459 0.9236
1305031455.2276 -0.2363 0.3200 -0.2704 0.0312 -0.2889 -0.2408 0.9261
1305031455.2596 -0.2419 0.3336 -0.2767 0.0295 -0.2837 -0.2343 0.9294
1305031455.2918 -0.2557 0.3386 -0.2820 0.0200 -0.2770 -0.2252 0.9339
1305031455.3278 -0.2667 0.3490 -0.2899 0.0148 -0.2737 -0.2153 0.9373
1305031455.3596 -0.2715 0.3571 -0.2929 0.0061 -0.2724 -0.2092 0.9391
1305031455.3917 -0.2811 0.3571 -0.2956 -0.0059 -0.2657 -0.2016 0.9427
1305031455.4276 -0.2954 0.3629 -0.3028 -0.0132 -0.2577 -0.1921 0.9468
1305031455.4596 -0.3094 0.3647 -0.3107 -0.0185 -0.2531 -0.1840 0.9496
1305031455.4916 -0.3217 0.3718 -0.3194 -0.0225 -0.2486 -0.1733 0.9527
1305031455.5276 -0.3403 0.3710 -0.3283 -0.0288 -0.2437 -0.1610 0.9559
1305031455.5597 -0.3577 0.3733 -0.3409 -0.0317 -0.2427 -0.1480 0.9582
1305031455.5916 -0.3688 0.3807 -0.3529 -0.0334 -0.2435 -0.1340 0.9600
1305031455.6276 -0.3831 0.3756 -0.3567 -0.0403 -0.2429 -0.1223 0.9615
1305031455.6596 -0.3985 0.3723 -0.3674 -0.0388 -0.2408 -0.1168 0.9627
1305031455.6916 -0.4105 0.3743 -0.3790 -0.0346 -0.2397 -0.1171 0.9631
1305031455.7276 -0.4225 0.3728 -0.3899 -0.0321 -0.2370 -0.1218 0.9633
1305031455.7597 -0.4361 0.3711 -0.4036 -0.0305 -0.2311 -0.1250 0.9644
1305031455.7917 -0.4513 0.3653 -0.4157 -0.0292 -0.2256 -0.1242 0.9658
1305031455.8276 -0.4635 0.3644 -0.4319 -0.0261 -0.2223 -0.1236 0.9668
1305031455.8595 -0.4740 0.3598 -0.4442 -0.0260 -0.2210 -0.1252 0.9669
1305031455.8917 -0.4829 0.3575 -0.4576 -0.0253 -0.2183 -0.1253 0.9675
1305031455.9280 -0.4921 0.3528 -0.4658 -0.0263 -0.2158 -0.1262 0.9679
1305031455.9597 -0.5000 0.3529 -0.4786 -0.0248 -0.2124 -0.1284 0.9684
1305031455.9917 -0.5071 0.3502 -0.4885 -0.0266 -0.2082 -0.1308 0.9689
1305031456.0278 -0.5157 0.3552 -0.5026 -0.0290 -0.2009 -0.1356 0.9697
1305031456.0597 -0.5268 0.3477 -0.5066 -0.0385 -0.1959 -0.1439 0.9692
1305031456.0917 -0.5381 0.3385 -0.5103 -0.0446 -0.1917 -0.1492 0.9690
1305031456.1276 -0.5478 0.3325 -0.5159 -0.0463 -0.1876 -0.1505 0.9696
1305031456.1597 -0.5560 0.3213 -0.5143 -0.0490 -0.1836 -0.1505 0.9702
1305031456.1917 -0.5649 0.3116 -0.5197 -0.0451 -0.1758 -0.1481 0.9722
1305031456.2277 -0.5727 0.3187 -0.5280 -0.0389 -0.1649 -0.1442 0.9749
1305031456.2917 -0.5991 0.3030 -0.5266 -0.0394 -0.1420 -0.1373 0.9795
1305031456.3277 -0.6095 0.2967 -0.5249 -0.0359 -0.1319 -0.1303 0.9820
1305031456.3916 -0.6320 0.2919 -0.5188 -0.0313 -0.1076 -0.1208 0.9863
1305031456.4277 -0.6522 0.2972 -0.5193 -0.0229 -0.0942 -0.1137 0.9888
1305031456.4917 -0.6899 0.3142 -0.5151 -0.0259 -0.0836 -0.1022 0.9909
1305031456.5276 -0.7039 0.3147 -0.5069 -0.0323 -0.0845 -0.0973 0.9911
1305031456.5917 -0.7243 0.3181 -0.4941 -0.0349 -0.0799 -0.0854 0.9925
1305031456.6276 -0.7385 0.3289 -0.4869 -0.0461 -0.0725 -0.0801 0.9931
1305031456.6916 -0.7753 0.3153 -0.4650 -0.0605 -0.0599 -0.0657 0.9942
1305031456.7277 -0.7932 0.3305 -0.4601 -0.0626 -0.0567 -0.0569 0.9948
1305031456.7916 -0.8266 0.3224 -0.4391 -0.0684 -0.0654 -0.0430 0.9946
1305031456.8276 -0.8318 0.3402 -0.4326 -0.0665 -0.0697 -0.0331 0.9948
1305031456.8917 -0.8514 0.3347 -0.4055 -0.0784 -0.0672 -0.0232 0.9944
1305031456.9277 -0.8648 0.3402 -0.4023 -0.0732 -0.0603 -0.0162 0.9954
1305031456.9597 -0.8787 0.3575 -0.4000 -0.0712 -0.0532 -0.0106 0.9960
1305031456.9917 -0.8920 0.3533 -0.3911 -0.0811 -0.0480 -0.0095 0.9955
1305031457.0276 -0.9069 0.3548 -0.3886 -0.0826 -0.0421 -0.0058 0.9957
1305031457.0917 -0.9281 0.3610 -0.3856 -0.0948 -0.0319 0.0030 0.9950
1305031457.1276 -0.9401 0.3535 -0.3843 -0.0997 -0.0250 0.0070 0.9947
1305031457.1917 -0.9664 0.3573 -0.3976 -0.0963 -0.0085 0.0200 0.9951
1305031457.2275 -0.9782 0.3539 -0.4007 -0.1010 -0.0020 0.0254 0.9946
1305031457.2917 -1.0024 0.3418 -0.4156 -0.0941 0.0135 0.0382 0.9947
1305031457.3275 -1.0147 0.3453 -0.4274 -0.0902 0.0236 0.0436 0.9947
1305031457.3917 -1.0450 0.3310 -0.4437 -0.0879 0.0480 0.0561 0.9934
1305031457.4276 -1.0642 0.3315 -0.4564 -0.0839 0.0576 0.0630 0.9928
1305031457.4917 -1.0909 0.3153 -0.4748 -0.0851 0.0627 0.0714 0.9918
1305031457.5276 -1.1031 0.3082 -0.4857 -0.0818 0.0664 0.0747 0.9916
1305031457.5597 -1.1163 0.3029 -0.4970 -0.0784 0.0715 0.0788 0.9912
1305031457.5917 -1.1341 0.3018 -0.5083 -0.0745 0.0774 0.0823 0.9908
1305031457.6275 -1.1467 0.2909 -0.5136 -0.0758 0.0794 0.0850 0.9903
1305031457.6596 -1.1645 0.2960 -0.5267 -0.0697 0.0827 0.0895 0.9901
1305031457.6916 -1.1768 0.2884 -0.5323 -0.0760 0.0828 0.0914 0.9895
1305031457.7277 -1.1883 0.2678 -0.5345 -0.0811 0.0841 0.0902 0.9890
1305031457.7596 -1.1984 0.2582 -0.5417 -0.0782 0.0855 0.0890 0.9893
1305031457.7916 -1.2078 0.2397 -0.5451 -0.0736 0.0901 0.0883 0.9893
1305031457.8277 -1.2205 0.2421 -0.5577 -0.0615 0.0978 0.0897 0.9893
1305031457.8596 -1.2330 0.2335 -0.5617 -0.0595 0.1058 0.0896 0.9886
1305031457.8916 -1.2519 0.2115 -0.5603 -0.0551 0.1155 0.0888 0.9878
1305031457.9276 -1.2734 0.2104 -0.5656 -0.0407 0.1220 0.0927 0.9874
1305031457.9916 -1.2973 0.1962 -0.5672 -0.0295 0.1237 0.0980 0.9870
1305031458.0278 -1.3066 0.1847 -0.5649 -0.0218 0.1268 0.0997 0.9867
1305031458.0597 -1.3232 0.1936 -0.5667 -0.0102 0.1324 0.1027 0.9858
1305031458.0917 -1.3371 0.1952 -0.5615 -0.0092 0.1369 0.1046 0.9850
1305031458.1276 -1.3516 0.1867 -0.5521 -0.0111 0.1412 0.1049 0.9844
1305031458.1596 -1.3681 0.1764 -0.5439 -0.0107 0.1443 0.1073 0.9836
1305031458.1916 -1.3808 0.1824 -0.5380 -0.0087 0.1426 0.1117 0.9834
1305031458.2276 -1.3911 0.1736 -0.5252 -0.0176 0.1389 0.1122 0.9838
1305031458.2599 -1.4084 0.1435 -0.5043 -0.0249 0.1390 0.1091 0.9839
1305031458.2917 -1.4279 0.1405 -0.4967 -0.0156 0.1355 0.1092 0.9846
1305031458.3276 -1.4377 0.1388 -0.4824 -0.0130 0.1292 0.1117 0.9852
1305031458.3596 -1.4499 0.1197 -0.4594 -0.0090 0.1265 0.1122 0.9856
1305031458.3916 -1.4642 0.1197 -0.4531 0.0035 0.1247 0.1167 0.9853
1305031458.4276 -1.4698 0.1170 -0.4393 0.0107 0.1241 0.1256 0.9842
1305031458.4596 -1.4625 0.1066 -0.4209 0.0194 0.1254 0.1335 0.9829
1305031458.4917 -1.4576 0.0875 -0.4414 0.0137 0.1242 0.1377 0.9826
1305031458.5277 -1.4733 0.0670 -0.4300 0.0164 0.1375 0.1347 0.9812
1305031458.5596 -1.4835 0.0739 -0.4110 0.0250 0.1477 0.1321 0.9799
1305031458.5916 -1.4959 0.0773 -0.3913 0.0346 0.1549 0.1252 0.9794
1305031458.6277 -1.5150 0.1019 -0.3768 0.0412 0.1574 0.1212 0.9792
1305031458.6596 -1.5296 0.1033 -0.3563 0.0344 0.1553 0.1215 0.9798
1305031458.6917 -1.5356 0.1073 -0.3335 0.0289 0.1407 0.1155 0.9829
1305031458.7276 -1.5275 0.1003 -0.3131 0.0248 0.1243 0.1078 0.9861
1305031458.7599 -1.5384 0.1051 -0.3000 0.0311 0.1108 0.0973 0.9886
1305031458.7916 -1.5396 0.1176 -0.2903 0.0316 0.0942 0.0894 0.9910
1305031458.8276 -1.5352 0.1163 -0.2751 0.0249 0.0855 0.0886 0.9921
1305031458.8917 -1.5335 0.1126 -0.2544 0.0315 0.0818 0.0789 0.9930
1305031458.9276 -1.5440 0.1196 -0.2475 0.0310 0.0895 0.0852 0.9919
1305031458.9596 -1.5482 0.1120 -0.2387 0.0220 0.0951 0.0966 0.9905
1305031458.9916 -1.5554 0.0885 -0.2257 0.0199 0.0989 0.1002 0.9898
1305031459.0277 -1.5837 0.0806 -0.2191 0.0298 0.1016 0.0988 0.9895
1305031459.0596 -1.6064 0.0705 -0.2061 0.0371 0.0974 0.1083 0.9886
1305031459.1276 -1.6888 0.0376 -0.3182 0.0311 0.1105 0.0956 0.9888
1305031459.1596 -1.6976 0.0363 -0.3146 0.0394 0.0849 0.1000 0.9906
1305031459.1917 -1.7078 0.0367 -0.3124 0.0448 0.0668 0.1080 0.9909
1305031459.2276 -1.7136 0.0385 -0.3043 0.0471 0.0544 0.1207 0.9901
1305031459.2598 -1.7121 0.0484 -0.2915 0.0482 0.0504 0.1312 0.9889
1305031459.3276 -1.7206 0.0549 -0.2756 0.0439 0.0812 0.1578 0.9831
1305031459.3597 -1.7306 0.0653 -0.2674 0.0496 0.1068 0.1752 0.9775
1305031459.3917 -1.7382 0.0988 -0.2577 0.0530 0.1325 0.1963 0.9701
1305031459.4276 -1.7360 0.1716 -0.2434 0.0664 0.1395 0.1635 0.9744
1305031459.4597 -1.7544 0.1742 -0.2395 0.0680 0.1785 0.1985 0.9613
1305031459.5276 -1.7782 0.1933 -0.2516 0.0722 0.1873 0.1809 0.9628
1305031459.5596 -1.7995 0.1925 -0.2491 0.0692 0.2070 0.2046 0.9542
1305031459.5917 -1.8188 0.1995 -0.2449 0.0692 0.2161 0.2220 0.9483
1305031459.6276 -1.8285 0.1995 -0.2422 0.0654 0.2181 0.2321 0.9456
1305031459.6596 -1.8415 0.2050 -0.2395 0.0669 0.2250 0.2324 0.9439
1305031459.6916 -1.8593 0.2048 -0.2343 0.0627 0.2386 0.2374 0.9396
1305031459.7276 -1.8750 0.1942 -0.2315 0.0569 0.2475 0.2409 0.9367
1305031459.7917 -1.9191 0.1774 -0.2230 0.0583 0.2599 0.2339 0.9351
1305031459.8277 -1.9382 0.1721 -0.2180 0.0575 0.2610 0.2312 0.9355
1305031459.8597 -1.9583 0.1664 -0.2095 0.0537 0.2616 0.2299 0.9359
1305031459.8916 -1.9713 0.1540 -0.2024 0.0474 0.2585 0.2342 0.9360
1305031459.9276 -1.9836 0.1429 -0.1959 0.0458 0.2563 0.2385 0.9356
1305031459.9917 -2.0095 0.1262 -0.1821 0.0406 0.2551 0.2463 0.9341
1305031460.0276 -2.0198 0.1140 -0.1749 0.0390 0.2557 0.2493 0.9332
1305031460.0597 -2.0360 0.1027 -0.1669 0.0393 0.2577 0.2508 0.9323
1305031460.0917 -2.0527 0.0896 -0.1559 0.0402 0.2558 0.2575 0.9309
1305031460.1277 -2.0597 0.0764 -0.1485 0.0435 0.2466 0.2680 0.9303
1305031460.1597 -2.0701 0.0715 -0.1424 0.0495 0.2386 0.2757 0.9299
1305031460.1916 -2.0710 0.0660 -0.1323 0.0487 0.2311 0.2837 0.9294
1305031460.2278 -2.0648 0.0563 -0.1224 0.0483 0.2291 0.2878 0.9286
1305031460.2917 -2.0727 0.0373 -0.1108 0.0519 0.2450 0.2875 0.9245
1305031460.3275 -2.0780 0.0266 -0.1048 0.0536 0.2536 0.2893 0.9215
1305031460.3916 -2.0831 0.0106 -0.0897 0.0519 0.2736 0.2957 0.9138
1305031460.4275 -2.0877 0.0010 -0.0825 0.0524 0.2851 0.2998 0.9089
1305031460.4596 -2.0898 -0.0051 -0.0774 0.0524 0.2979 0.3037 0.9035
1305031460.4915 -2.0999 -0.0114 -0.0706 0.0490 0.3146 0.3094 0.8960
1305031460.5276 -2.1014 -0.0212 -0.0638 0.0438 0.3263 0.3196 0.8885
1305031460.5596 -2.1009 -0.0308 -0.0569 0.0392 0.3362 0.3235 0.8836
1305031460.5919 -2.1087 -0.0406 -0.0505 0.0366 0.3470 0.3237 0.8795
1305031460.6276 -2.1096 -0.0499 -0.0441 0.0348 0.3552 0.3257 0.8755
1305031460.6598 -2.1175 -0.0602 -0.0373 0.0340 0.3643 0.3250 0.8721
1305031460.6917 -2.1268 -0.0688 -0.0282 0.0319 0.3706 0.3260 0.8691
1305031460.7277 -2.1267 -0.0766 -0.0204 0.0271 0.3728 0.3263 0.8682
1305031460.7597 -2.1295 -0.0863 -0.0107 0.0245 0.3789 0.3240 0.8665
1305031460.7917 -2.1370 -0.0948 -0.0008 0.0227 0.3841 0.3229 0.8647
1305031460.8277 -2.1395 -0.1001 0.0094 0.0187 0.3863 0.3198 0.8650
1305031460.8597 -2.1403 -0.1069 0.0183 0.0131 0.3905 0.3174 0.8641
1305031460.8918 -2.1425 -0.1165 0.0302 0.0067 0.3968 0.3146 0.8623
1305031460.9276 -2.1462 -0.1284 0.0428 0.0011 0.4007 0.3144 0.8606
1305031460.9917 -2.1374 -0.1512 0.0597 -0.0019 0.4045 0.3170 0.8578
1305031461.0276 -2.1369 -0.1607 0.0710 -0.0001 0.4071 0.3173 0.8565
1305031461.0917 -2.1384 -0.1721 0.0890 0.0029 0.4061 0.3161 0.8574
1305031461.1276 -2.1322 -0.1826 0.0959 0.0007 0.4059 0.3148 0.8580
1305031461.1597 -2.1285 -0.1957 0.1062 0.0012 0.4078 0.3129 0.8578
1305031461.1920 -2.1263 -0.1971 0.1113 0.0050 0.4071 0.3083 0.8598
1305031461.2276 -2.1259 -0.2048 0.1189 0.0050 0.4090 0.3060 0.8597
1305031461.2596 -2.1203 -0.2118 0.1249 0.0059 0.4081 0.3026 0.8613
1305031461.2917 -2.1169 -0.2134 0.1314 0.0086 0.4081 0.2963 0.8635
1305031461.3278 -2.1111 -0.2140 0.1359 0.0104 0.4094 0.2920 0.8643
1305031461.3597 -2.1136 -0.2106 0.1443 0.0082 0.4144 0.2871 0.8636
1305031461.3917 -2.1045 -0.2203 0.1547 -0.0004 0.4157 0.2884 0.8626
1305031461.4276 -2.0992 -0.2264 0.1580 -0.0016 0.4164 0.2869 0.8627
1305031461.4598 -2.0975 -0.2228 0.1623 -0.0041 0.4172 0.2883 0.8619
1305031461.4917 -2.0836 -0.2347 0.1652 -0.0094 0.4167 0.2905 0.8614
1305031461.5277 -2.0829 -0.2334 0.1633 -0.0033 0.4175 0.2879 0.8619
1305031461.5597 -2.0736 -0.2280 0.1574 -0.0030 0.4170 0.2844 0.8633
1305031461.5917 -2.0715 -0.2262 0.1542 -0.0016 0.4244 0.2807 0.8608
1305031461.6275 -2.0679 -0.2225 0.1517 -0.0030 0.4299 0.2802 0.8583
1305031461.6596 -2.0645 -0.2200 0.1495 -0.0043 0.4347 0.2802 0.8559
1305031461.6916 -2.0641 -0.2159 0.1458 -0.0046 0.4374 0.2861 0.8525
1305031461.7276 -2.0560 -0.2143 0.1425 -0.0077 0.4379 0.2922 0.8502
1305031461.7597 -2.0553 -0.2101 0.1336 -0.0078 0.4390 0.2961 0.8483
1305031461.7916 -2.0510 -0.2029 0.1281 -0.0114 0.4415 0.3007 0.8453
1305031461.8276 -2.0457 -0.1962 0.1218 -0.0124 0.4454 0.3057 0.8414
1305031461.8598 -2.0474 -0.1829 0.1163 -0.0111 0.4500 0.3117 0.8368
1305031461.8917 -2.0484 -0.1725 0.1130 -0.0150 0.4527 0.3227 0.8311
1305031461.9278 -2.0415 -0.1632 0.1080 -0.0211 0.4509 0.3335 0.8277
1305031461.9597 -2.0359 -0.1513 0.0969 -0.0246 0.4536 0.3367 0.8248
1305031461.9916 -2.0468 -0.1340 0.0993 -0.0281 0.4643 0.3410 0.8169
1305031462.0277 -2.0475 -0.1328 0.1063 -0.0392 0.4681 0.3529 0.8092
1305031462.0598 -2.0489 -0.1285 0.1077 -0.0436 0.4655 0.3661 0.8046
1305031462.0918 -2.0472 -0.1178 0.1018 -0.0446 0.4592 0.3783 0.8025
1305031462.1277 -2.0476 -0.1082 0.0973 -0.0472 0.4562 0.3879 0.7995
1305031462.1596 -2.0472 -0.1027 0.0945 -0.0519 0.4544 0.3943 0.7971
1305031462.1916 -2.0510 -0.0928 0.0926 -0.0549 0.4544 0.3933 0.7974
1305031462.2276 -2.0556 -0.0840 0.0915 -0.0604 0.4556 0.3941 0.7959
1305031462.2598 -2.0600 -0.0763 0.0917 -0.0669 0.4552 0.3928 0.7963
1305031462.2916 -2.0645 -0.0680 0.0924 -0.0738 0.4532 0.3894 0.7984
1305031462.3275 -2.0661 -0.0604 0.0900 -0.0828 0.4505 0.3858 0.8009
1305031462.3597 -2.0757 -0.0515 0.0957 -0.0903 0.4524 0.3789 0.8022
1305031462.3917 -2.0847 -0.0442 0.1144 -0.0840 0.4606 0.3772 0.7991
1305031462.4276 -2.1062 0.0263 0.1579 -0.0433 0.4757 0.3534 0.8043
1305031462.4599 -2.1045 0.0360 0.2092 -0.0412 0.4910 0.3450 0.7989
1305031462.4920 -2.1108 0.0535 0.2522 -0.0313 0.5080 0.3329 0.7938
1305031462.5277 -2.1136 0.0648 0.2612 -0.0353 0.5044 0.3305 0.7969
1305031462.5599 -2.1196 0.0837 0.2831 -0.0349 0.5091 0.3198 0.7984
1305031462.5919 -2.1167 0.1063 0.3155 -0.0254 0.5224 0.3069 0.7952
1305031462.6279 -2.1209 0.1166 0.3180 -0.0279 0.5223 0.2968 0.7989
1305031462.6597 -2.1232 0.1167 0.3217 -0.0325 0.5249 0.2899 0.7996
1305031462.6925 -2.1319 0.1230 0.3138 -0.0356 0.5220 0.2779 0.8056
1305031462.7277 -2.1390 0.1309 0.3074 -0.0383 0.5160 0.2688 0.8124
1305031462.7598 -2.1436 0.1382 0.3009 -0.0428 0.5100 0.2592 0.8191
1305031462.7919 -2.1467 0.1393 0.2915 -0.0507 0.5047 0.2537 0.8236
1305031462.8278 -2.1557 0.1408 0.2809 -0.0571 0.5009 0.2498 0.8267
1305031462.8598 -2.1532 0.1548 0.2705 -0.0606 0.4966 0.2438 0.8308
1305031462.8918 -2.1501 0.1594 0.2609 -0.0631 0.4943 0.2417 0.8326
1305031462.9276 -2.1534 0.1719 0.2451 -0.0623 0.4927 0.2381 0.8347
1305031462.9597 -2.1574 0.1795 0.2319 -0.0610 0.4902 0.2358 0.8369
1305031462.9955 -2.1544 0.1906 0.2193 -0.0570 0.4854 0.2302 0.8415
1305031463.0277 -2.1589 0.1937 0.2046 -0.0545 0.4822 0.2223 0.8456
1305031463.0598 -2.1602 0.1936 0.1885 -0.0568 0.4766 0.2140 0.8508
1305031463.0958 -2.1638 0.2058 0.1751 -0.0554 0.4728 0.2051 0.8552
1305031463.1275 -2.1573 0.2069 0.1737 -0.0562 0.4713 0.2020 0.8567
1305031463.1598 -2.1703 0.2046 0.1508 -0.0559 0.4700 0.1898 0.8602
1305031463.1957 -2.1711 0.2029 0.1360 -0.0618 0.4683 0.1845 0.8619
1305031463.2278 -2.1643 0.2137 0.1274 -0.0595 0.4654 0.1801 0.8645
1305031463.2600 -2.1683 0.2200 0.1138 -0.0541 0.4657 0.1738 0.8660
1305031463.2957 -2.0729 0.2522 0.0591 -0.0589 0.4291 0.1436 0.8898
1305031463.3277 -2.0639 0.2577 0.0489 -0.0586 0.4246 0.1409 0.8924
1305031463.3598 -2.0572 0.2655 0.0359 -0.0526 0.4186 0.1368 0.8962
1305031463.3956 -2.0510 0.2646 0.0153 -0.0527 0.4124 0.1325 0.8998
1305031463.4277 -2.0409 0.2691 0.0036 -0.0531 0.4092 0.1298 0.9016
1305031463.4598 -2.0317 0.2752 -0.0136 -0.0524 0.4065 0.1264 0.9034
1305031463.4956 -2.0017 0.2952 -0.0411 -0.0476 0.3972 0.1192 0.9087
1305031463.5277 -1.9886 0.2960 -0.0545 -0.0460 0.4002 0.1171 0.9078
1305031463.5598 -1.9864 0.2949 -0.0696 -0.0436 0.4034 0.1174 0.9064
1305031463.5956 -1.9770 0.2968 -0.0845 -0.0439 0.4006 0.1177 0.9076
1305031463.6276 -1.9590 0.2906 -0.1028 -0.0450 0.3946 0.1167 0.9103
1305031463.6598 -1.9528 0.2879 -0.1207 -0.0373 0.3953 0.1127 0.9109
1305031463.6956 -1.9487 0.2910 -0.1393 -0.0331 0.3944 0.1088 0.9119
1305031463.7276 -1.9323 0.2828 -0.1578 -0.0361 0.3914 0.1059 0.9134
1305031463.7597 -1.9208 0.2711 -0.1799 -0.0334 0.3909 0.0999 0.9144
1305031463.7956 -1.9162 0.2687 -0.1995 -0.0287 0.3925 0.0882 0.9151
1305031463.8278 -1.9060 0.2611 -0.2197 -0.0305 0.3911 0.0776 0.9166
1305031463.8599 -1.8974 0.2475 -0.2393 -0.0314 0.3913 0.0678 0.9172
1305031463.8956 -1.8926 0.2410 -0.2603 -0.0286 0.3911 0.0579 0.9181
1305031463.9277 -1.8902 0.2317 -0.2772 -0.0296 0.3900 0.0518 0.9189
1305031463.9597 -1.8833 0.2178 -0.2945 -0.0308 0.3849 0.0465 0.9213
1305031463.9958 -1.8796 0.2080 -0.3135 -0.0286 0.3808 0.0388 0.9234
1305031464.0277 -1.8764 0.2016 -0.3335 -0.0283 0.3769 0.0301 0.9253
1305031464.0597 -1.8703 0.1876 -0.3497 -0.0302 0.3752 0.0214 0.9262
1305031464.0956 -1.8719 0.1782 -0.3658 -0.0275 0.3763 0.0110 0.9260
1305031464.1277 -1.8776 0.1715 -0.3769 -0.0253 0.3769 0.0047 0.9259
1305031464.1598 -1.8808 0.1583 -0.3857 -0.0223 0.3736 0.0025 0.9273
1305031464.1956 -1.8836 0.1483 -0.3977 -0.0146 0.3655 -0.0030 0.9307
1305031464.2276 -1.8883 0.1495 -0.4103 -0.0051 0.3548 -0.0097 0.9349
1305031464.2596 -1.8894 0.1516 -0.4245 0.0001 0.3395 -0.0129 0.9405
1305031464.2957 -1.8826 0.1482 -0.4394 -0.0003 0.3212 -0.0180 0.9469
1305031464.3279 -1.8729 0.1416 -0.4556 -0.0011 0.3064 -0.0233 0.9516
1305031464.3597 -1.8658 0.1295 -0.4703 -0.0009 0.2959 -0.0291 0.9548
1305031464.3956 -1.8518 0.1252 -0.4917 0.0025 0.2865 -0.0378 0.9573
1305031464.4276 -1.8453 0.1213 -0.5079 0.0029 0.2847 -0.0483 0.9574
1305031464.4597 -1.8442 0.1110 -0.5215 0.0026 0.2825 -0.0572 0.9575
1305031464.4956 -1.8318 0.1035 -0.5429 0.0036 0.2772 -0.0631 0.9587
1305031464.5276 -1.8285 0.1006 -0.5620 0.0044 0.2765 -0.0721 0.9583
1305031464.5597 -1.8183 0.0894 -0.5803 -0.0004 0.2732 -0.0825 0.9584
1305031464.5957 -1.8088 0.0589 -0.6042 -0.0027 0.2739 -0.0922 0.9573
1305031464.6277 -1.8017 0.0459 -0.6257 0.0070 0.2811 -0.1023 0.9542
1305031464.6597 -1.7920 0.0366 -0.6396 0.0166 0.2888 -0.1168 0.9501
1305031464.6957 -1.7916 0.0088 -0.6469 0.0240 0.2963 -0.1346 0.9453
1305031464.7277 -1.7963 0.0076 -0.6520 0.0411 0.2994 -0.1540 0.9407
1305031464.7597 -1.7908 0.0133 -0.6643 0.0519 0.2946 -0.1740 0.9382
1305031464.7960 -1.7948 0.0018 -0.6640 0.0536 0.2889 -0.1924 0.9363
1305031464.8278 -1.7972 -0.0006 -0.6585 0.0594 0.2759 -0.2085 0.9364
1305031464.8597 -1.7800 0.0067 -0.6692 0.0623 0.2553 -0.2245 0.9384
1305031464.8958 -1.7621 0.0009 -0.6738 0.0542 0.2373 -0.2437 0.9388
1305031464.9278 -1.7523 -0.0281 -0.6728 0.0424 0.2242 -0.2625 0.9376
1305031464.9598 -1.7351 -0.0524 -0.6707 0.0396 0.2149 -0.2793 0.9350
1305031464.9957 -1.7171 -0.0614 -0.6700 0.0423 0.2093 -0.2973 0.9306
1305031465.0278 -1.7049 -0.0646 -0.6588 0.0432 0.2071 -0.3184 0.9240
1305031465.0597 -1.6948 -0.0444 -0.6412 0.0488 0.2014 -0.3379 0.9181
1305031465.0957 -1.6577 -0.0145 -0.6356 0.0452 0.1880 -0.3518 0.9159
1305031465.1277 -1.6344 -0.0145 -0.6237 0.0231 0.1784 -0.3633 0.9141
1305031465.1598 -1.6182 -0.0179 -0.6059 0.0026 0.1716 -0.3693 0.9133
1305031465.1956 -1.5968 -0.0214 -0.5914 -0.0128 0.1635 -0.3742 0.9127
1305031465.2279 -1.5728 -0.0151 -0.5794 -0.0255 0.1575 -0.3776 0.9121
1305031465.2598 -1.5564 -0.0201 -0.5623 -0.0396 0.1523 -0.3764 0.9130
1305031465.2956 -1.5350 -0.0137 -0.5544 -0.0438 0.1452 -0.3667 0.9179
1305031465.3277 -1.5150 -0.0058 -0.5438 -0.0511 0.1368 -0.3545 0.9236
1305031465.3599 -1.5028 -0.0081 -0.5323 -0.0589 0.1257 -0.3434 0.9289
1305031465.3956 -1.4783 -0.0164 -0.5330 -0.0619 0.1082 -0.3320 0.9350
1305031465.4277 -1.4511 -0.0220 -0.5376 -0.0618 0.0939 -0.3211 0.9404
1305031465.4601 -1.4251 -0.0180 -0.5444 -0.0590 0.0827 -0.3079 0.9460
1305031465.4957 -1.3965 -0.0155 -0.5516 -0.0619 0.0723 -0.2984 0.9497
1305031465.5276 -1.3797 -0.0264 -0.5517 -0.0679 0.0643 -0.2944 0.9511
1305031465.5598 -1.3568 -0.0310 -0.5606 -0.0643 0.0545 -0.2884 0.9538
1305031465.5956 -1.3295 -0.0292 -0.5709 -0.0587 0.0483 -0.2804 0.9569
1305031465.6277 -1.3128 -0.0225 -0.5802 -0.0537 0.0453 -0.2725 0.9596
1305031465.6601 -1.2912 -0.0204 -0.5886 -0.0511 0.0354 -0.2644 0.9624
1305031465.6957 -1.2599 -0.0234 -0.5993 -0.0472 0.0252 -0.2569 0.9649
1305031465.7277 -1.2353 -0.0196 -0.6087 -0.0399 0.0205 -0.2485 0.9676
1305031465.7598 -1.2074 -0.0127 -0.6201 -0.0325 0.0141 -0.2403 0.9700
1305031465.7959 -1.1790 -0.0103 -0.6278 -0.0278 0.0092 -0.2345 0.9717
1305031465.8280 -1.1557 -0.0116 -0.6351 -0.0211 0.0043 -0.2293 0.9731
1305031465.8599 -1.1211 0.0021 -0.6475 -0.0082 -0.0012 -0.2254 0.9742
1305031465.8955 -1.0872 0.0095 -0.6531 -0.0034 0.0009 -0.2231 0.9748
1305031465.9275 -1.0613 0.0080 -0.6578 0.0025 0.0054 -0.2222 0.9750
1305031465.9597 -1.0350 0.0163 -0.6681 0.0152 0.0097 -0.2249 0.9742
1305031465.9958 -1.0159 0.0297 -0.6793 0.0243 0.0153 -0.2297 0.9728
1305031466.0276 -0.9953 0.0433 -0.6914 0.0311 0.0167 -0.2316 0.9722
1305031466.0598 -0.9741 0.0597 -0.7011 0.0316 0.0194 -0.2307 0.9723
1305031466.0958 -0.9579 0.0690 -0.7128 0.0267 0.0195 -0.2307 0.9725
1305031466.1276 -0.9401 0.0762 -0.7242 0.0199 0.0168 -0.2298 0.9729
1305031466.1604 -0.9265 0.0847 -0.7397 0.0142 0.0142 -0.2274 0.9736
1305031466.1958 -0.9103 0.0939 -0.7548 0.0050 0.0077 -0.2263 0.9740
1305031466.2280 -0.8916 0.0908 -0.7658 -0.0094 0.0006 -0.2292 0.9733
1305031466.2598 -0.8712 0.0778 -0.7788 -0.0158 -0.0038 -0.2352 0.9718
1305031466.2957 -0.8509 0.0772 -0.7963 -0.0129 -0.0011 -0.2469 0.9690
1305031466.3277 -0.8378 0.0807 -0.8154 -0.0102 0.0091 -0.2568 0.9664
1305031466.3598 -0.8270 0.0793 -0.8310 -0.0144 0.0190 -0.2624 0.9647
1305031466.3958 -0.8208 0.0663 -0.8438 -0.0169 0.0221 -0.2658 0.9636
1305031466.4278 -0.8103 0.0711 -0.8625 -0.0104 0.0194 -0.2709 0.9624
1305031466.4598 -0.7927 0.0745 -0.8776 -0.0112 0.0140 -0.2747 0.9614
1305031466.4958 -0.7720 0.0690 -0.8878 -0.0167 0.0103 -0.2746 0.9614
1305031466.5275 -0.7503 0.0579 -0.8957 -0.0199 0.0108 -0.2745 0.9613
1305031466.5604 -0.7330 0.0614 -0.9083 -0.0195 0.0156 -0.2768 0.9606
1305031466.5959 -0.7135 0.0594 -0.9177 -0.0275 0.0178 -0.2792 0.9597
1305031466.6275 -0.6918 0.0394 -0.9193 -0.0357 0.0180 -0.2823 0.9585
1305031466.6597 -0.6742 0.0317 -0.9283 -0.0300 0.0187 -0.2883 0.9569
1305031466.6958 -0.6558 0.0391 -0.9419 -0.0275 0.0184 -0.2965 0.9545
1305031466.7281 -0.6344 0.0300 -0.9435 -0.0355 0.0155 -0.3048 0.9516
1305031466.7596 -0.6190 0.0150 -0.9441 -0.0356 0.0136 -0.3124 0.9492
1305031466.7956 -0.6025 0.0172 -0.9581 -0.0283 0.0112 -0.3186 0.9474
1305031466.8279 -0.5862 0.0129 -0.9682 -0.0325 0.0074 -0.3208 0.9466
1305031466.8597 -0.5778 0.0050 -0.9667 -0.0364 0.0031 -0.3202 0.9466
1305031466.8957 -0.5661 -0.0025 -0.9791 -0.0370 -0.0093 -0.3217 0.9461
1305031466.9278 -0.5509 -0.0097 -0.9863 -0.0407 -0.0239 -0.3225 0.9454
1305031466.9597 -0.5353 -0.0194 -0.9903 -0.0429 -0.0338 -0.3223 0.9451
1305031466.9957 -0.5203 -0.0279 -0.9965 -0.0438 -0.0395 -0.3239 0.9442
1305031467.0278 -0.5064 -0.0362 -1.0017 -0.0449 -0.0438 -0.3274 0.9428
1305031467.0597 -0.4926 -0.0441 -1.0097 -0.0458 -0.0468 -0.3297 0.9418
1305031467.0957 -0.4782 -0.0503 -1.0135 -0.0483 -0.0485 -0.3354 0.9396
1305031467.1290 -0.4648 -0.0570 -1.0128 -0.0490 -0.0529 -0.3452 0.9358
1305031467.1597 -0.4542 -0.0637 -1.0181 -0.0486 -0.0565 -0.3522 0.9330
1305031467.1957 -0.4438 -0.0687 -1.0247 -0.0489 -0.0614 -0.3567 0.9309
1305031467.2277 -0.4324 -0.0751 -1.0288 -0.0501 -0.0685 -0.3611 0.9287
1305031467.2597 -0.4209 -0.0820 -1.0328 -0.0500 -0.0746 -0.3656 0.9264
1305031467.2958 -0.4087 -0.0880 -1.0386 -0.0495 -0.0811 -0.3716 0.9235
1305031467.3280 -0.3958 -0.0943 -1.0485 -0.0500 -0.0871 -0.3756 0.9213
1305031467.3597 -0.3820 -0.1048 -1.0595 -0.0562 -0.0938 -0.3771 0.9197
1305031467.3958 -0.3700 -0.1076 -1.0626 -0.0623 -0.0994 -0.3805 0.9173
1305031467.4278 -0.3575 -0.1138 -1.0622 -0.0650 -0.1057 -0.3834 0.9152
1305031467.4597 -0.3450 -0.1219 -1.0718 -0.0671 -0.1126 -0.3844 0.9138
1305031467.4961 -0.3308 -0.1306 -1.0830 -0.0738 -0.1187 -0.3879 0.9110
1305031467.5277 -0.3187 -0.1370 -1.0814 -0.0787 -0.1211 -0.3932 0.9080
1305031467.5598 -0.3098 -0.1430 -1.0811 -0.0784 -0.1219 -0.3942 0.9075
1305031467.5960 -0.2991 -0.1528 -1.0827 -0.0797 -0.1239 -0.3929 0.9077
1305031467.6275 -0.2969 -0.1609 -1.0746 -0.0803 -0.1279 -0.3902 0.9083
1305031467.6596 -0.2909 -0.1761 -1.0710 -0.0775 -0.1348 -0.3874 0.9087
1305031467.6959 -0.2763 -0.1891 -1.0754 -0.0757 -0.1411 -0.3899 0.9068
1305031467.7275 -0.2724 -0.1985 -1.0581 -0.0731 -0.1449 -0.3947 0.9044
1305031467.7599 -0.2677 -0.2098 -1.0529 -0.0683 -0.1484 -0.3972 0.9031
1305031467.7961 -0.2616 -0.2175 -1.0474 -0.0647 -0.1525 -0.4000 0.9014
1305031467.8278 -0.2634 -0.2228 -1.0252 -0.0609 -0.1556 -0.4001 0.9011
1305031467.8597 -0.2619 -0.2349 -1.0115 -0.0562 -0.1619 -0.3972 0.9016
1305031467.8959 -0.2512 -0.2449 -1.0053 -0.0527 -0.1719 -0.3959 0.9005
1305031467.9278 -0.2512 -0.2517 -0.9860 -0.0513 -0.1796 -0.3975 0.8984
1305031467.9598 -0.2512 -0.2627 -0.9659 -0.0467 -0.1867 -0.3979 0.8970
1305031467.9958 -0.2374 -0.2690 -0.9585 -0.0424 -0.1915 -0.3997 0.8954
1305031468.0281 -0.2398 -0.2833 -0.9349 -0.0460 -0.1921 -0.4024 0.8939
1305031468.0598 -0.2444 -0.2966 -0.9154 -0.0429 -0.1957 -0.4049 0.8921
1305031468.0959 -0.2382 -0.3050 -0.9057 -0.0406 -0.2000 -0.4059 0.8908
1305031468.1278 -0.2400 -0.3184 -0.8841 -0.0435 -0.2022 -0.4062 0.8901
1305031468.1599 -0.2392 -0.3319 -0.8668 -0.0426 -0.2054 -0.4090 0.8881
1305031468.1960 -0.2362 -0.3457 -0.8484 -0.0436 -0.2072 -0.4113 0.8866
1305031468.2282 -0.2392 -0.3628 -0.8314 -0.0461 -0.2059 -0.4108 0.8870
1305031468.2598 -0.2391 -0.3822 -0.8162 -0.0474 -0.2049 -0.4095 0.8878
1305031468.2958 -0.2418 -0.3975 -0.7993 -0.0481 -0.2025 -0.4096 0.8882
1305031468.3278 -0.2486 -0.4172 -0.7822 -0.0475 -0.2005 -0.4077 0.8895
1305031468.3598 -0.2460 -0.4330 -0.7729 -0.0437 -0.1993 -0.4037 0.8919
1305031468.3959 -0.2460 -0.4414 -0.7646 -0.0444 -0.1973 -0.4037 0.8923
1305031468.4280 -0.2558 -0.4641 -0.7514 -0.0507 -0.1959 -0.4034 0.8924
1305031468.4598 -0.2581 -0.4815 -0.7427 -0.0520 -0.1966 -0.4009 0.8932
1305031468.4958 -0.2607 -0.4957 -0.7317 -0.0541 -0.1951 -0.4013 0.8933
1305031468.5278 -0.2750 -0.5124 -0.7206 -0.0551 -0.1932 -0.4068 0.8912
1305031468.5597 -0.2878 -0.5280 -0.7131 -0.0504 -0.1950 -0.4142 0.8876
1305031468.5958 -0.2900 -0.5360 -0.7146 -0.0467 -0.1967 -0.4195 0.8850
1305031468.6276 -0.3029 -0.5441 -0.7080 -0.0527 -0.1950 -0.4201 0.8847
1305031468.6596 -0.3242 -0.5623 -0.6973 -0.0579 -0.1978 -0.4208 0.8834
1305031468.6958 -0.3380 -0.5761 -0.6907 -0.0563 -0.2054 -0.4234 0.8806
1305031468.7278 -0.3447 -0.5848 -0.6863 -0.0534 -0.2129 -0.4231 0.8791
1305031468.7596 -0.3507 -0.5944 -0.6777 -0.0530 -0.2189 -0.4226 0.8779
1305031468.7958 -0.3646 -0.6074 -0.6646 -0.0514 -0.2234 -0.4261 0.8751
1305031468.8292 -0.3734 -0.6155 -0.6609 -0.0436 -0.2278 -0.4311 0.8720
1305031468.8597 -0.3707 -0.6242 -0.6592 -0.0408 -0.2295 -0.4340 0.8702
1305031468.8959 -0.3799 -0.6285 -0.6528 -0.0415 -0.2232 -0.4360 0.8708
1305031468.9281 -0.3865 -0.6360 -0.6484 -0.0447 -0.2163 -0.4332 0.8738
1305031468.9596 -0.3881 -0.6355 -0.6466 -0.0479 -0.2095 -0.4318 0.8760
1305031468.9957 -0.3884 -0.6285 -0.6460 -0.0583 -0.2023 -0.4361 0.8749
1305031469.0277 -0.3982 -0.6321 -0.6339 -0.0760 -0.1948 -0.4420 0.8723
1305031469.0598 -0.4096 -0.6340 -0.6258 -0.0883 -0.1896 -0.4482 0.8691
1305031469.0957 -0.4072 -0.6399 -0.6160 -0.0994 -0.1880 -0.4565 0.8639
1305031469.1277 -0.4110 -0.6456 -0.5994 -0.1107 -0.1798 -0.4657 0.8594
1305031469.1597 -0.4147 -0.6490 -0.5865 -0.1182 -0.1697 -0.4727 0.8566
1305031469.1955 -0.4237 -0.6496 -0.5732 -0.1239 -0.1581 -0.4781 0.8550
1305031469.2278 -0.4321 -0.6453 -0.5648 -0.1259 -0.1500 -0.4820 0.8540
1305031469.2596 -0.4336 -0.6429 -0.5524 -0.1297 -0.1464 -0.4854 0.8521
1305031469.2968 -0.4357 -0.6419 -0.5397 -0.1333 -0.1409 -0.4878 0.8511
1305031469.3276 -0.4364 -0.6391 -0.5287 -0.1377 -0.1370 -0.4898 0.8499
1305031469.3596 -0.4327 -0.6436 -0.5105 -0.1448 -0.1327 -0.4932 0.8474
1305031469.3957 -0.4345 -0.6467 -0.4953 -0.1454 -0.1221 -0.4987 0.8457
1305031469.4277 -0.4321 -0.6377 -0.4855 -0.1405 -0.1112 -0.5054 0.8441
1305031469.4597 -0.4314 -0.6266 -0.4730 -0.1376 -0.1017 -0.5127 0.8414
1305031469.4957 -0.4387 -0.6124 -0.4627 -0.1366 -0.0932 -0.5174 0.8396
1305031469.5276 -0.4313 -0.6021 -0.4530 -0.1382 -0.0938 -0.5170 0.8395
1305031469.5596 -0.4248 -0.5923 -0.4412 -0.1436 -0.0933 -0.5164 0.8390
1305031469.5958 -0.4180 -0.5852 -0.4307 -0.1510 -0.0925 -0.5152 0.8386
1305031469.6278 -0.4128 -0.5764 -0.4165 -0.1604 -0.0887 -0.5136 0.8382
1305031469.6596 -0.4146 -0.5655 -0.4025 -0.1657 -0.0816 -0.5140 0.8377
1305031469.6956 -0.4084 -0.5528 -0.3929 -0.1678 -0.0771 -0.5127 0.8385
1305031469.7277 -0.4044 -0.5430 -0.3813 -0.1723 -0.0716 -0.5116 0.8387
1305031469.7596 -0.4015 -0.5284 -0.3745 -0.1761 -0.0647 -0.5093 0.8399
1305031469.7956 -0.4021 -0.5067 -0.3640 -0.1807 -0.0589 -0.5073 0.8405
1305031469.8275 -0.4006 -0.4919 -0.3573 -0.1863 -0.0581 -0.5051 0.8407
1305031469.8596 -0.3983 -0.4735 -0.3495 -0.1925 -0.0569 -0.5021 0.8412
1305031469.8958 -0.3975 -0.4551 -0.3427 -0.1970 -0.0554 -0.4993 0.8419
1305031469.9279 -0.3980 -0.4340 -0.3354 -0.2004 -0.0543 -0.4957 0.8433
1305031469.9598 -0.3978 -0.4164 -0.3309 -0.2030 -0.0564 -0.4929 0.8442
1305031469.9956 -0.3994 -0.3998 -0.3286 -0.2055 -0.0569 -0.4913 0.8444
1305031470.0277 -0.4002 -0.3783 -0.3258 -0.2074 -0.0577 -0.4897 0.8449
1305031470.0596 -0.4031 -0.3588 -0.3252 -0.2089 -0.0565 -0.4895 0.8447
1305031470.0959 -0.4059 -0.3425 -0.3244 -0.2116 -0.0561 -0.4876 0.8452
1305031470.1276 -0.4077 -0.3235 -0.3269 -0.2142 -0.0545 -0.4851 0.8460
1305031470.1596 -0.4109 -0.3031 -0.3265 -0.2167 -0.0535 -0.4817 0.8474
1305031470.1961 -0.4168 -0.2877 -0.3307 -0.2196 -0.0529 -0.4796 0.8479
1305031470.2276 -0.4198 -0.2690 -0.3332 -0.2219 -0.0514 -0.4757 0.8496
1305031470.2600 -0.4256 -0.2536 -0.3360 -0.2272 -0.0491 -0.4730 0.8498
1305031470.2957 -0.4307 -0.2387 -0.3392 -0.2331 -0.0466 -0.4708 0.8496
1305031470.3276 -0.4361 -0.2194 -0.3416 -0.2380 -0.0433 -0.4675 0.8503
1305031470.3596 -0.4417 -0.2017 -0.3443 -0.2424 -0.0418 -0.4621 0.8520
1305031470.3958 -0.4470 -0.1865 -0.3473 -0.2465 -0.0421 -0.4576 0.8533
1305031470.4276 -0.4534 -0.1703 -0.3489 -0.2479 -0.0430 -0.4577 0.8528
1305031470.4597 -0.4611 -0.1575 -0.3518 -0.2486 -0.0446 -0.4577 0.8525
1305031470.4957 -0.4693 -0.1447 -0.3548 -0.2487 -0.0456 -0.4559 0.8533
1305031470.5277 -0.4775 -0.1326 -0.3583 -0.2487 -0.0454 -0.4561 0.8533
1305031470.5597 -0.4838 -0.1204 -0.3600 -0.2499 -0.0444 -0.4553 0.8534
1305031470.5958 -0.4924 -0.1098 -0.3632 -0.2508 -0.0421 -0.4531 0.8544
1305031470.6277 -0.4985 -0.0995 -0.3647 -0.2533 -0.0406 -0.4484 0.8562
1305031470.6597 -0.5055 -0.0897 -0.3661 -0.2550 -0.0391 -0.4446 0.8578
1305031470.6956 -0.5127 -0.0792 -0.3666 -0.2577 -0.0381 -0.4417 0.8585
1305031470.7277 -0.5204 -0.0703 -0.3659 -0.2584 -0.0377 -0.4395 0.8595
1305031470.7597 -0.5280 -0.0677 -0.3695 -0.2610 -0.0336 -0.4370 0.8601
1305031470.7956 -0.5340 -0.0576 -0.3678 -0.2611 -0.0276 -0.4331 0.8622
1305031470.8278 -0.5410 -0.0512 -0.3664 -0.2591 -0.0279 -0.4296 0.8646
1305031470.8596 -0.5494 -0.0447 -0.3679 -0.2547 -0.0281 -0.4260 0.8677
1305031470.8957 -0.5572 -0.0371 -0.3696 -0.2505 -0.0286 -0.4223 0.8707
1305031470.9277 -0.5670 -0.0309 -0.3686 -0.2481 -0.0305 -0.4184 0.8732
1305031470.9596 -0.5787 -0.0280 -0.3688 -0.2424 -0.0343 -0.4167 0.8755
1305031470.9960 -0.5846 -0.0251 -0.3728 -0.2343 -0.0381 -0.4140 0.8788
1305031471.0276 -0.5939 -0.0229 -0.3731 -0.2270 -0.0381 -0.4128 0.8812
1305031471.0596 -0.6038 -0.0199 -0.3755 -0.2175 -0.0365 -0.4103 0.8849
1305031471.0958 -0.6120 -0.0147 -0.3791 -0.2083 -0.0359 -0.4052 0.8894
1305031471.1277 -0.6203 -0.0133 -0.3805 -0.2037 -0.0369 -0.3995 0.8931
1305031471.1596 -0.6256 -0.0112 -0.3844 -0.1975 -0.0375 -0.3938 0.8970
1305031471.1957 -0.6309 -0.0077 -0.3872 -0.1933 -0.0346 -0.3889 0.9001
1305031471.2276 -0.6368 -0.0030 -0.3882 -0.1910 -0.0306 -0.3847 0.9025
1305031471.2597 -0.6434 -0.0003 -0.3871 -0.1912 -0.0279 -0.3813 0.9040
1305031471.2961 -0.6505 -0.0004 -0.3860 -0.1911 -0.0256 -0.3775 0.9057
1305031471.3276 -0.6526 -0.0003 -0.3878 -0.1864 -0.0239 -0.3748 0.9079
1305031471.3596 -0.6544 0.0016 -0.3903 -0.1829 -0.0175 -0.3735 0.9093
1305031471.3957 -0.6636 0.0031 -0.3885 -0.1810 -0.0086 -0.3701 0.9111
1305031471.4277 -0.6715 0.0075 -0.3921 -0.1752 -0.0043 -0.3647 0.9145
1305031471.4596 -0.6742 0.0098 -0.3951 -0.1739 -0.0051 -0.3597 0.9167
1305031471.4965 -0.6796 0.0114 -0.3962 -0.1749 -0.0030 -0.3558 0.9180
1305031471.5276 -0.6833 0.0133 -0.3977 -0.1744 -0.0020 -0.3515 0.9198
1305031471.5597 -0.6852 0.0143 -0.3999 -0.1742 -0.0008 -0.3497 0.9205
1305031471.5957 -0.6880 0.0143 -0.4017 -0.1736 0.0034 -0.3479 0.9213
1305031471.6276 -0.6906 0.0151 -0.4036 -0.1722 0.0078 -0.3466 0.9221
1305031471.6596 -0.6904 0.0142 -0.4057 -0.1696 0.0096 -0.3429 0.9239
1305031471.6956 -0.6927 0.0136 -0.4103 -0.1678 0.0132 -0.3384 0.9258
1305031471.7275 -0.6953 0.0141 -0.4150 -0.1676 0.0179 -0.3352 0.9270
1305031471.7597 -0.6935 0.0169 -0.4137 -0.1655 0.0215 -0.3293 0.9294
1305031471.7958 -0.6963 0.0165 -0.4195 -0.1635 0.0286 -0.3246 0.9312
1305031471.8276 -0.6984 0.0184 -0.4240 -0.1654 0.0354 -0.3190 0.9326
1305031471.8597 -0.6977 0.0219 -0.4221 -0.1671 0.0396 -0.3123 0.9343
1305031471.8956 -0.7005 0.0236 -0.4274 -0.1691 0.0458 -0.3085 0.9350
1305031471.9277 -0.7000 0.0291 -0.4260 -0.1714 0.0524 -0.3043 0.9356
1305031471.9596 -0.7000 0.0322 -0.4203 -0.1708 0.0592 -0.3016 0.9361
1305031471.9956 -0.7054 0.0356 -0.4296 -0.1687 0.0690 -0.3018 0.9358
1305031472.0276 -0.7054 0.0415 -0.4289 -0.1721 0.0756 -0.2989 0.9356
1305031472.0597 -0.7051 0.0456 -0.4224 -0.1730 0.0797 -0.2953 0.9362
1305031472.0956 -0.7102 0.0507 -0.4263 -0.1705 0.0874 -0.2912 0.9373
1305031472.1276 -0.7122 0.0547 -0.4280 -0.1749 0.0912 -0.2881 0.9371
1305031472.1596 -0.7133 0.0560 -0.4206 -0.1787 0.0908 -0.2873 0.9366
1305031472.1957 -0.7130 0.0472 -0.4191 -0.1835 0.0870 -0.2818 0.9377
1305031472.2276 -0.7069 0.0303 -0.4181 -0.1941 0.0789 -0.2788 0.9372
1305031472.2638 -0.6973 -0.0066 -0.4170 -0.2180 0.0632 -0.2746 0.9344
1305031472.2957 -0.6874 -0.0415 -0.4118 -0.2413 0.0483 -0.2707 0.9307
1305031472.3277 -0.6900 -0.0411 -0.4157 -0.2361 0.0494 -0.2702 0.9321
1305031472.3636 -0.6920 -0.0403 -0.4178 -0.2354 0.0502 -0.2694 0.9325
1305031472.3956 -0.6929 -0.0396 -0.4161 -0.2350 0.0482 -0.2676 0.9332
1305031472.4277 -0.6955 -0.0428 -0.4148 -0.2355 0.0454 -0.2667 0.9335
1305031472.4636 -0.6958 -0.0465 -0.4142 -0.2354 0.0432 -0.2673 0.9334
1305031472.4956 -0.6949 -0.0484 -0.4149 -0.2347 0.0439 -0.2678 0.9334
1305031472.5276 -0.6982 -0.0520 -0.4106 -0.2355 0.0467 -0.2674 0.9332
1305031472.5636 -0.6993 -0.0556 -0.4092 -0.2313 0.0447 -0.2659 0.9348
1305031472.5957 -0.6965 -0.0559 -0.4121 -0.2256 0.0415 -0.2633 0.9370
1305031472.6277 -0.6964 -0.0587 -0.4109 -0.2260 0.0410 -0.2610 0.9376
1305031472.6636 -0.6970 -0.0633 -0.4077 -0.2270 0.0405 -0.2596 0.9378
1305031472.6958 -0.6972 -0.0664 -0.4058 -0.2257 0.0394 -0.2583 0.9385
1305031472.7276 -0.6968 -0.0705 -0.4035 -0.2245 0.0376 -0.2582 0.9389
1305031472.7636 -0.6947 -0.0731 -0.4027 -0.2223 0.0357 -0.2592 0.9392
1305031472.7956 -0.6961 -0.0768 -0.4004 -0.2214 0.0364 -0.2613 0.9388
1305031472.8276 -0.6967 -0.0782 -0.3989 -0.2185 0.0368 -0.2618 0.9394
1305031472.8636 -0.6987 -0.0787 -0.3982 -0.2164 0.0376 -0.2610 0.9400
1305031472.8957 -0.6984 -0.0794 -0.3980 -0.2163 0.0363 -0.2590 0.9406
1305031472.9277 -0.6980 -0.0820 -0.3946 -0.2183 0.0354 -0.2568 0.9408
1305031472.9638 -0.6964 -0.0809 -0.3943 -0.2164 0.0350 -0.2554 0.9416
1305031472.9957 -0.6980 -0.0808 -0.3932 -0.2175 0.0355 -0.2545 0.9416
1305031473.0276 -0.6980 -0.0809 -0.3921 -0.2184 0.0343 -0.2543 0.9415
1305031473.0637 -0.6973 -0.0827 -0.3900 -0.2201 0.0332 -0.2552 0.9409
1305031473.0957 -0.6963 -0.0824 -0.3893 -0.2189 0.0330 -0.2573 0.9406
1305031473.1277 -0.6981 -0.0823 -0.3884 -0.2188 0.0348 -0.2592 0.9401
1305031473.1671 -0.6995 -0.0832 -0.3880 -0.2186 0.0343 -0.2593 0.9401
1305031473.1961 -0.6993 -0.0855 -0.3881 -0.2186 0.0329 -0.2591 0.9402
