1305031453.4237 0.0052 0.0058 -0.0086 0.0027 0.0038 0.0090 0.9999
1305031453.4597 0.0086 0.0101 -0.0186 0.0066 0.0103 0.0174 0.9998
1305031453.4917 0.0103 0.0164 -0.0281 0.0116 0.0170 0.0277 0.9994
1305031453.5237 0.0108 0.0246 -0.0389 0.0197 0.0220 0.0368 0.9989
1305031453.5598 0.0124 0.0309 -0.0530 0.0270 0.0243 0.0434 0.9984
1305031453.5916 0.0134 0.0379 -0.0672 0.0345 0.0265 0.0483 0.9979
1305031453.6277 0.0091 0.0462 -0.0801 0.0425 0.0277 0.0526 0.9973
1305031453.6596 0.0062 0.0542 -0.0954 0.0502 0.0234 0.0515 0.9971
1305031453.6917 0.0023 0.0629 -0.1116 0.0566 0.0180 0.0469 0.9971
1305031453.7277 -0.0051 0.0719 -0.1235 0.0613 0.0135 0.0428 0.9971
1305031453.7597 -0.0138 0.0791 -0.1378 0.0657 0.0051 0.0350 0.9972
1305031453.7917 -0.0185 0.0869 -0.1514 0.0697 -0.0044 0.0274 0.9972
1305031453.8278 -0.0282 0.0935 -0.1628 0.0723 -0.0115 0.0211 0.9971
1305031453.8597 -0.0441 0.1018 -0.1752 0.0741 -0.0226 0.0147 0.9969
1305031453.8917 -0.0576 0.1135 -0.1841 0.0748 -0.0381 0.0089 0.9964
1305031453.9277 -0.0805 0.1218 -0.1729 0.0753 -0.0498 0.0106 0.9959
1305031453.9596 -0.0884 0.1282 -0.1808 0.0732 -0.0662 0.0015 0.9951
1305031453.9916 -0.0985 0.1294 -0.1784 0.0720 -0.0784 -0.0108 0.9943
1305031454.0277 -0.1070 0.1304 -0.1821 0.0738 -0.0914 -0.0201 0.9929
1305031454.0597 -0.1142 0.1299 -0.1825 0.0731 -0.1039 -0.0319 0.9914
1305031454.0917 -0.1019 0.1212 -0.1434 0.0733 -0.1224 -0.0437 0.9888
1305031454.1277 -0.1106 0.1211 -0.1414 0.0766 -0.1380 -0.0569 0.9858
1305031454.1597 -0.0653 0.1171 -0.1019 0.0758 -0.1629 -0.0584 0.9820
1305031454.1917 0.0202 0.0743 -0.0663 0.0583 -0.1993 -0.0622 0.9762
1305031454.2277 0.0507 0.0235 -0.0593 0.0348 -0.2064 -0.0591 0.9761
1305031454.2596 0.1510 -0.0132 -0.0823 0.0227 -0.2378 -0.0625 0.9690
1305031454.2916 0.1424 -0.0094 -0.0843 0.0224 -0.2457 -0.0730 0.9663
1305031454.3277 0.1271 -0.0128 -0.0888 0.0246 -0.2544 -0.0888 0.9627
1305031454.3596 0.1214 -0.0063 -0.0893 0.0345 -0.2664 -0.1020 0.9578
1305031454.3917 0.1160 -0.0050 -0.0925 0.0359 -0.2749 -0.1123 0.9542
1305031454.4275 0.2060 -0.0674 -0.1174 0.0097 -0.3038 -0.1111 0.9462
1305031454.4599 0.2063 -0.0623 -0.1183 0.0163 -0.3152 -0.1272 0.9403
1305031454.4916 0.2013 -0.0616 -0.1221 0.0189 -0.3210 -0.1426 0.9361
1305031454.5277 0.1991 -0.0561 -0.1257 0.0210 -0.3287 -0.1577 0.9309
1305031454.5596 0.1931 -0.0503 -0.1286 0.0198 -0.3355 -0.1695 0.9264
1305031454.5916 0.2263 -0.0502 -0.1618 0.0122 -0.3425 -0.1706 0.9238
1305031454.6276 0.2273 -0.0482 -0.1637 0.0125 -0.3576 -0.1826 0.9158
1305031454.6595 0.2283 -0.0392 -0.1675 0.0096 -0.3707 -0.1887 0.9093
1305031454.6919 0.2806 -0.0478 -0.1593 -0.0021 -0.3964 -0.1815 0.9000
1305031454.7277 0.2805 -0.0470 -0.1579 -0.0051 -0.4091 -0.1875 0.8930
1305031454.7597 0.2843 -0.0431 -0.1545 -0.0108 -0.4160 -0.1850 0.8903
1305031454.7916 0.2865 -0.0343 -0.1540 -0.0159 -0.4185 -0.1770 0.8907
1305031454.8276 0.2930 -0.0214 -0.1527 -0.0188 -0.4203 -0.1706 0.8910
1305031454.8596 0.2960 -0.0178 -0.1513 -0.0272 -0.4179 -0.1649 0.8930
1305031454.8918 0.2990 -0.0127 -0.1538 -0.0337 -0.4126 -0.1586 0.8963
1305031454.9276 0.3018 -0.0052 -0.1585 -0.0393 -0.4063 -0.1531 0.9000
1305031454.9596 0.3009 0.0004 -0.1647 -0.0449 -0.4000 -0.1479 0.9034
1305031454.9919 0.2977 0.0051 -0.1740 -0.0496 -0.3952 -0.1427 0.9061
1305031455.0278 0.2941 0.0169 -0.1819 -0.0490 -0.3930 -0.1404 0.9074
1305031455.0596 0.2903 0.0215 -0.1875 -0.0513 -0.3898 -0.1395 0.9088
1305031455.0917 0.2848 0.0275 -0.1956 -0.0493 -0.3855 -0.1396 0.9107
1305031455.1277 0.2803 0.0370 -0.2035 -0.0484 -0.3807 -0.1380 0.9130
1305031455.1597 0.2722 0.0440 -0.2123 -0.0508 -0.3756 -0.1336 0.9157
1305031455.1917 0.2623 0.0496 -0.2199 -0.0552 -0.3712 -0.1291 0.9179
1305031455.2276 0.2517 0.0540 -0.2283 -0.0566 -0.3666 -0.1246 0.9203
1305031455.2596 0.2456 0.0660 -0.2364 -0.0591 -0.3619 -0.1180 0.9228
1305031455.2918 0.2340 0.0662 -0.2432 -0.0702 -0.3557 -0.1100 0.9255
1305031455.3278 0.2222 0.0719 -0.2554 -0.0771 -0.3511 -0.1004 0.9278
1305031455.3596 0.2137 0.0799 -0.2617 -0.0852 -0.3488 -0.0959 0.9284
1305031455.3917 0.2046 0.0777 -0.2645 -0.0982 -0.3427 -0.0897 0.9300
1305031455.4276 0.1907 0.0787 -0.2763 -0.1068 -0.3337 -0.0813 0.9331
1305031455.4596 0.1791 0.0754 -0.2854 -0.1135 -0.3292 -0.0736 0.9345
1305031455.4916 0.1696 0.0763 -0.2939 -0.1199 -0.3255 -0.0628 0.9358
1305031455.5276 0.1552 0.0683 -0.3044 -0.1284 -0.3202 -0.0504 0.9372
1305031455.5597 0.1418 0.0634 -0.3174 -0.1332 -0.3188 -0.0366 0.9377
1305031455.5916 0.1322 0.0647 -0.3301 -0.1366 -0.3185 -0.0219 0.9378
1305031455.6276 0.1177 0.0581 -0.3373 -0.1431 -0.3154 -0.0108 0.9381
1305031455.6596 0.1034 0.0494 -0.3498 -0.1421 -0.3114 -0.0055 0.9396
1305031455.6916 0.0914 0.0466 -0.3649 -0.1376 -0.3091 -0.0060 0.9410
1305031455.7276 0.0805 0.0398 -0.3760 -0.1353 -0.3064 -0.0105 0.9422
1305031455.7597 0.0697 0.0315 -0.3885 -0.1350 -0.3013 -0.0137 0.9438
1305031455.7917 0.0580 0.0172 -0.3999 -0.1357 -0.2958 -0.0129 0.9455
1305031455.8276 0.0494 0.0085 -0.4169 -0.1337 -0.2921 -0.0117 0.9469
1305031455.8595 0.0405 -0.0004 -0.4283 -0.1338 -0.2904 -0.0131 0.9474
1305031455.8917 0.0342 -0.0083 -0.4404 -0.1338 -0.2880 -0.0133 0.9481
1305031455.9280 0.0252 -0.0174 -0.4497 -0.1350 -0.2845 -0.0143 0.9490
1305031455.9597 0.0190 -0.0225 -0.4621 -0.1341 -0.2812 -0.0163 0.9501
1305031455.9917 0.0119 -0.0244 -0.4706 -0.1343 -0.2772 -0.0191 0.9512
1305031456.0278 0.0046 -0.0253 -0.4837 -0.1378 -0.2711 -0.0241 0.9523
1305031456.0597 -0.0069 -0.0309 -0.4882 -0.1449 -0.2671 -0.0333 0.9521
1305031456.0917 -0.0174 -0.0367 -0.4911 -0.1482 -0.2638 -0.0397 0.9523
1305031456.1276 -0.0252 -0.0422 -0.4956 -0.1488 -0.2601 -0.0416 0.9531
1305031456.1597 -0.0353 -0.0467 -0.4943 -0.1483 -0.2549 -0.0435 0.9545
1305031456.1917 -0.0419 -0.0544 -0.4966 -0.1437 -0.2473 -0.0415 0.9573
1305031456.2277 -0.0487 -0.0500 -0.5042 -0.1393 -0.2365 -0.0378 0.9609
1305031456.2917 -0.0711 -0.0683 -0.5018 -0.1420 -0.2135 -0.0334 0.9660
1305031456.3277 -0.0802 -0.0744 -0.4994 -0.1395 -0.2028 -0.0271 0.9689
1305031456.3916 -0.1017 -0.0817 -0.4941 -0.1381 -0.1777 -0.0201 0.9741
1305031456.4277 -0.1209 -0.0790 -0.4962 -0.1313 -0.1636 -0.0138 0.9776
1305031456.4917 -0.1612 -0.0662 -0.4982 -0.1353 -0.1523 -0.0028 0.9790
1305031456.5276 -0.1743 -0.0655 -0.4898 -0.1416 -0.1541 0.0021 0.9778
1305031456.5917 -0.1980 -0.0603 -0.4789 -0.1446 -0.1483 0.0133 0.9782
1305031456.6276 -0.2125 -0.0503 -0.4756 -0.1562 -0.1422 0.0171 0.9773
1305031456.6916 -0.2483 -0.0628 -0.4564 -0.1711 -0.1295 0.0299 0.9762
1305031456.7277 -0.2654 -0.0497 -0.4560 -0.1742 -0.1269 0.0398 0.9757
1305031456.7916 -0.3044 -0.0608 -0.4383 -0.1801 -0.1318 0.0531 0.9733
1305031456.8276 -0.3100 -0.0432 -0.4346 -0.1789 -0.1368 0.0634 0.9723
1305031456.8917 -0.3349 -0.0520 -0.4142 -0.1929 -0.1316 0.0709 0.9698
1305031456.9277 -0.3479 -0.0461 -0.4112 -0.1885 -0.1246 0.0777 0.9710
1305031456.9597 -0.3645 -0.0342 -0.4123 -0.1892 -0.1167 0.0820 0.9715
1305031456.9917 -0.3789 -0.0379 -0.4066 -0.1984 -0.1117 0.0822 0.9703
1305031457.0276 -0.3915 -0.0369 -0.4054 -0.2000 -0.1069 0.0856 0.9702
1305031457.0917 -0.4156 -0.0357 -0.4073 -0.2137 -0.0954 0.0919 0.9679
1305031457.1276 -0.4265 -0.0447 -0.4065 -0.2189 -0.0884 0.0946 0.9671
1305031457.1917 -0.4487 -0.0496 -0.4208 -0.2185 -0.0715 0.1061 0.9674
1305031457.2275 -0.4605 -0.0580 -0.4252 -0.2245 -0.0636 0.1105 0.9661
1305031457.2917 -0.4805 -0.0768 -0.4393 -0.2193 -0.0463 0.1205 0.9671
1305031457.3275 -0.4924 -0.0777 -0.4523 -0.2161 -0.0351 0.1244 0.9678
1305031457.3917 -0.5165 -0.1049 -0.4680 -0.2182 -0.0092 0.1347 0.9665
1305031457.4276 -0.5346 -0.1098 -0.4818 -0.2147 0.0023 0.1415 0.9664
1305031457.4917 -0.5572 -0.1370 -0.4980 -0.2173 0.0096 0.1490 0.9646
1305031457.5276 -0.5665 -0.1484 -0.5084 -0.2143 0.0137 0.1515 0.9648
1305031457.5597 -0.5766 -0.1582 -0.5186 -0.2116 0.0194 0.1551 0.9648
1305031457.5917 -0.5916 -0.1648 -0.5302 -0.2084 0.0256 0.1586 0.9648
1305031457.6275 -0.6030 -0.1809 -0.5341 -0.2105 0.0289 0.1606 0.9639
1305031457.6596 -0.6153 -0.1794 -0.5485 -0.2043 0.0316 0.1659 0.9642
1305031457.6916 -0.6258 -0.1919 -0.5535 -0.2107 0.0317 0.1675 0.9626
1305031457.7277 -0.6333 -0.2119 -0.5532 -0.2147 0.0322 0.1655 0.9620
1305031457.7596 -0.6419 -0.2252 -0.5583 -0.2120 0.0342 0.1641 0.9628
1305031457.7916 -0.6446 -0.2449 -0.5586 -0.2080 0.0377 0.1628 0.9637
1305031457.8277 -0.6548 -0.2465 -0.5716 -0.1962 0.0457 0.1638 0.9657
1305031457.8596 -0.6649 -0.2583 -0.5760 -0.1947 0.0541 0.1636 0.9656
1305031457.8916 -0.6752 -0.2826 -0.5726 -0.1914 0.0626 0.1633 0.9658
1305031457.9276 -0.6903 -0.2890 -0.5794 -0.1778 0.0692 0.1690 0.9670
1305031457.9916 -0.7064 -0.3063 -0.5804 -0.1668 0.0711 0.1762 0.9675
1305031458.0278 -0.7141 -0.3184 -0.5765 -0.1594 0.0747 0.1770 0.9683
1305031458.0597 -0.7278 -0.3147 -0.5800 -0.1489 0.0805 0.1806 0.9689
1305031458.0917 -0.7406 -0.3155 -0.5777 -0.1484 0.0847 0.1827 0.9682
1305031458.1276 -0.7517 -0.3239 -0.5682 -0.1505 0.0878 0.1837 0.9674
1305031458.1596 -0.7639 -0.3298 -0.5606 -0.1485 0.0899 0.1874 0.9668
1305031458.1916 -0.7735 -0.3253 -0.5547 -0.1472 0.0875 0.1950 0.9657
1305031458.2276 -0.7813 -0.3351 -0.5430 -0.1562 0.0824 0.1968 0.9644
1305031458.2599 -0.7925 -0.3598 -0.5215 -0.1607 0.0800 0.1949 0.9642
1305031458.2917 -0.8032 -0.3602 -0.5167 -0.1500 0.0744 0.1987 0.9657
1305031458.3276 -0.8123 -0.3637 -0.5034 -0.1481 0.0677 0.2028 0.9656
1305031458.3596 -0.8212 -0.3759 -0.4827 -0.1422 0.0643 0.2040 0.9665
1305031458.3916 -0.8349 -0.3701 -0.4744 -0.1279 0.0636 0.2096 0.9673
1305031458.4276 -0.8408 -0.3689 -0.4611 -0.1208 0.0642 0.2180 0.9663
1305031458.4596 -0.8416 -0.3666 -0.4454 -0.1102 0.0686 0.2249 0.9657
1305031458.4917 -0.8468 -0.3680 -0.4282 -0.0908 0.0806 0.2250 0.9668
1305031458.5277 -0.8792 -0.3388 -0.4197 -0.0646 0.0972 0.2182 0.9689
1305031458.5596 -0.8886 -0.3333 -0.4015 -0.0577 0.1068 0.2164 0.9687
1305031458.5916 -0.9041 -0.3292 -0.3823 -0.0476 0.1149 0.2117 0.9694
1305031458.6277 -0.9207 -0.3052 -0.3710 -0.0413 0.1149 0.2100 0.9701
1305031458.6596 -0.9358 -0.3053 -0.3593 -0.0477 0.1098 0.2124 0.9698
1305031458.6917 -0.9443 -0.2992 -0.3388 -0.0510 0.0934 0.2068 0.9726
1305031458.7276 -0.9399 -0.3058 -0.3168 -0.0536 0.0764 0.1996 0.9754
1305031458.7599 -0.9521 -0.3002 -0.3043 -0.0453 0.0624 0.1918 0.9784
1305031458.7916 -0.9564 -0.2847 -0.2922 -0.0425 0.0461 0.1840 0.9809
1305031458.8276 -0.9549 -0.2825 -0.2755 -0.0483 0.0367 0.1818 0.9815
1305031458.8917 -0.9554 -0.2821 -0.2531 -0.0405 0.0328 0.1708 0.9839
1305031458.9276 -0.9686 -0.2752 -0.2474 -0.0412 0.0415 0.1754 0.9828
1305031458.9596 -0.9748 -0.2838 -0.2397 -0.0514 0.0483 0.1866 0.9799
1305031458.9916 -0.9779 -0.3076 -0.2319 -0.0543 0.0521 0.1934 0.9782
1305031459.0277 -0.9967 -0.3161 -0.2310 -0.0442 0.0522 0.1937 0.9787
1305031459.0596 -1.0148 -0.3265 -0.2260 -0.0366 0.0480 0.2046 0.9770
1305031459.1276 -1.2432 -0.3314 -0.4146 -0.0218 0.1158 0.1510 0.9815
1305031459.1596 -1.2457 -0.3315 -0.3988 -0.0116 0.0897 0.1571 0.9834
1305031459.1917 -1.2484 -0.3272 -0.3830 -0.0038 0.0707 0.1673 0.9834
1305031459.2276 -1.2500 -0.3240 -0.3690 -0.0006 0.0580 0.1804 0.9819
1305031459.2598 -1.2502 -0.3120 -0.3525 0.0010 0.0551 0.1880 0.9806
1305031459.3276 -1.2439 -0.2736 -0.3386 0.0041 0.0741 0.1991 0.9772
1305031459.3597 -1.2526 -0.2620 -0.3272 0.0092 0.1004 0.2164 0.9711
1305031459.3917 -1.2697 -0.2336 -0.3176 0.0106 0.1303 0.2353 0.9631
1305031459.4276 -1.3695 -0.2789 -0.3084 0.0013 0.1769 0.2050 0.9626
1305031459.4597 -1.4148 -0.2927 -0.2783 0.0013 0.2157 0.2107 0.9535
1305031459.5276 -1.5120 -0.2714 -0.2276 0.0017 0.2691 0.1680 0.9484
1305031459.5596 -1.5316 -0.2808 -0.2301 -0.0012 0.2878 0.1957 0.9375
1305031459.5917 -1.5493 -0.2765 -0.2280 -0.0005 0.2970 0.2144 0.9305
1305031459.6276 -1.5591 -0.2776 -0.2239 -0.0038 0.3000 0.2245 0.9271
1305031459.6596 -1.5701 -0.2706 -0.2184 -0.0020 0.3067 0.2234 0.9252
1305031459.6916 -1.5876 -0.2721 -0.2122 -0.0062 0.3200 0.2276 0.9197
1305031459.7276 -1.6037 -0.2835 -0.2066 -0.0118 0.3294 0.2310 0.9154
1305031459.7917 -1.6449 -0.2990 -0.1914 -0.0106 0.3404 0.2237 0.9132
1305031459.8277 -1.6624 -0.3040 -0.1832 -0.0114 0.3410 0.2213 0.9136
1305031459.8597 -1.6812 -0.3080 -0.1732 -0.0150 0.3411 0.2198 0.9138
1305031459.8916 -1.6943 -0.3190 -0.1622 -0.0212 0.3386 0.2236 0.9137
1305031459.9276 -1.7057 -0.3281 -0.1531 -0.0221 0.3364 0.2274 0.9136
1305031459.9917 -1.7295 -0.3420 -0.1328 -0.0261 0.3358 0.2353 0.9117
1305031460.0276 -1.7376 -0.3509 -0.1224 -0.0269 0.3362 0.2378 0.9109
1305031460.0597 -1.7507 -0.3590 -0.1132 -0.0257 0.3371 0.2393 0.9102
1305031460.0917 -1.7622 -0.3703 -0.1046 -0.0239 0.3328 0.2476 0.9096
1305031460.1277 -1.7672 -0.3786 -0.0944 -0.0185 0.3241 0.2581 0.9100
1305031460.1597 -1.7757 -0.3808 -0.0856 -0.0111 0.3166 0.2657 0.9105
1305031460.1916 -1.7757 -0.3805 -0.0724 -0.0098 0.3102 0.2723 0.9108
1305031460.2278 -1.7699 -0.3860 -0.0615 -0.0091 0.3095 0.2747 0.9103
1305031460.2917 -1.7754 -0.4000 -0.0446 -0.0041 0.3251 0.2719 0.9057
1305031460.3275 -1.7795 -0.4100 -0.0379 -0.0018 0.3336 0.2736 0.9021
1305031460.3916 -1.7825 -0.4238 -0.0206 -0.0027 0.3534 0.2784 0.8931
1305031460.4275 -1.7846 -0.4325 -0.0122 -0.0018 0.3644 0.2822 0.8875
1305031460.4596 -1.7839 -0.4357 -0.0063 -0.0007 0.3763 0.2849 0.8816
1305031460.4915 -1.7910 -0.4406 0.0031 -0.0033 0.3927 0.2899 0.8728
1305031460.5276 -1.7926 -0.4504 0.0099 -0.0074 0.4045 0.2998 0.8640
1305031460.5596 -1.7922 -0.4608 0.0161 -0.0118 0.4140 0.3040 0.8580
1305031460.5919 -1.7969 -0.4701 0.0238 -0.0143 0.4237 0.3042 0.8531
1305031460.6276 -1.7985 -0.4793 0.0310 -0.0156 0.4321 0.3064 0.8481
1305031460.6598 -1.8057 -0.4877 0.0411 -0.0162 0.4412 0.3045 0.8440
1305031460.6917 -1.8130 -0.4945 0.0511 -0.0182 0.4466 0.3053 0.8409
1305031460.7277 -1.8131 -0.5018 0.0589 -0.0229 0.4488 0.3061 0.8393
1305031460.7597 -1.8137 -0.5117 0.0678 -0.0259 0.4538 0.3046 0.8371
1305031460.7917 -1.8203 -0.5193 0.0795 -0.0280 0.4588 0.3034 0.8347
1305031460.8277 -1.8212 -0.5237 0.0905 -0.0325 0.4607 0.3004 0.8345
1305031460.8597 -1.8206 -0.5301 0.0993 -0.0385 0.4642 0.2983 0.8331
1305031460.8918 -1.8213 -0.5403 0.1109 -0.0457 0.4696 0.2961 0.8305
1305031460.9276 -1.8228 -0.5498 0.1240 -0.0510 0.4727 0.2962 0.8284
1305031460.9917 -1.8121 -0.5720 0.1426 -0.0543 0.4766 0.2995 0.8248
1305031461.0276 -1.8105 -0.5810 0.1532 -0.0526 0.4788 0.3000 0.8234
1305031461.0917 -1.8097 -0.5899 0.1719 -0.0500 0.4774 0.2987 0.8248
1305031461.1276 -1.8024 -0.5999 0.1799 -0.0531 0.4772 0.2974 0.8252
1305031461.1597 -1.7976 -0.6110 0.1883 -0.0523 0.4781 0.2961 0.8253
1305031461.1920 -1.7957 -0.6129 0.1944 -0.0493 0.4776 0.2912 0.8274
1305031461.2276 -1.7931 -0.6168 0.2012 -0.0487 0.4783 0.2883 0.8281
1305031461.2596 -1.7892 -0.6242 0.2092 -0.0483 0.4787 0.2855 0.8289
1305031461.2917 -1.7855 -0.6244 0.2153 -0.0460 0.4782 0.2785 0.8316
1305031461.3278 -1.7798 -0.6239 0.2203 -0.0445 0.4796 0.2731 0.8327
1305031461.3597 -1.7787 -0.6201 0.2274 -0.0478 0.4834 0.2685 0.8319
1305031461.3917 -1.7698 -0.6294 0.2347 -0.0558 0.4839 0.2713 0.8301
1305031461.4276 -1.7636 -0.6325 0.2387 -0.0565 0.4845 0.2692 0.8304
1305031461.4598 -1.7607 -0.6298 0.2428 -0.0594 0.4852 0.2708 0.8293
1305031461.4917 -1.7488 -0.6433 0.2440 -0.0646 0.4848 0.2744 0.8280
1305031461.5277 -1.7477 -0.6412 0.2437 -0.0585 0.4859 0.2706 0.8290
1305031461.5597 -1.7411 -0.6399 0.2391 -0.0599 0.4866 0.2670 0.8296
1305031461.5917 -1.7375 -0.6374 0.2358 -0.0583 0.4932 0.2619 0.8275
1305031461.6275 -1.7346 -0.6351 0.2343 -0.0600 0.4993 0.2614 0.8239
1305031461.6596 -1.7306 -0.6328 0.2314 -0.0612 0.5038 0.2612 0.8211
1305031461.6916 -1.7282 -0.6261 0.2291 -0.0605 0.5073 0.2663 0.8174
1305031461.7276 -1.7213 -0.6254 0.2245 -0.0630 0.5081 0.2728 0.8145
1305031461.7597 -1.7194 -0.6172 0.2174 -0.0620 0.5101 0.2748 0.8127
1305031461.7916 -1.7150 -0.6116 0.2111 -0.0656 0.5127 0.2795 0.8091
1305031461.8276 -1.7105 -0.6053 0.2044 -0.0661 0.5172 0.2837 0.8048
1305031461.8598 -1.7102 -0.5930 0.1998 -0.0648 0.5228 0.2896 0.7991
1305031461.8917 -1.7115 -0.5819 0.1976 -0.0664 0.5271 0.3017 0.7917
1305031461.9278 -1.7063 -0.5763 0.1927 -0.0731 0.5272 0.3127 0.7867
1305031461.9597 -1.7026 -0.5653 0.1792 -0.0763 0.5298 0.3153 0.7836
1305031461.9916 -1.7110 -0.5488 0.1829 -0.0802 0.5412 0.3196 0.7736
1305031462.0277 -1.7108 -0.5478 0.1866 -0.0900 0.5441 0.3329 0.7649
1305031462.0598 -1.7115 -0.5428 0.1866 -0.0928 0.5417 0.3466 0.7601
1305031462.0918 -1.7107 -0.5351 0.1805 -0.0940 0.5367 0.3592 0.7577
1305031462.1277 -1.7122 -0.5259 0.1753 -0.0955 0.5345 0.3683 0.7547
1305031462.1596 -1.7140 -0.5213 0.1727 -0.0991 0.5337 0.3748 0.7515
1305031462.1916 -1.7183 -0.5127 0.1690 -0.1023 0.5332 0.3749 0.7514
1305031462.2276 -1.7240 -0.5020 0.1669 -0.1069 0.5341 0.3751 0.7500
1305031462.2598 -1.7282 -0.4979 0.1685 -0.1152 0.5343 0.3751 0.7487
1305031462.2916 -1.7336 -0.4909 0.1687 -0.1225 0.5321 0.3726 0.7504
1305031462.3275 -1.7387 -0.4797 0.1642 -0.1298 0.5287 0.3682 0.7537
1305031462.3597 -1.7470 -0.4700 0.1686 -0.1383 0.5296 0.3616 0.7547
1305031462.3917 -1.7551 -0.4585 0.1713 -0.1477 0.5263 0.3576 0.7572
1305031462.4276 -1.7651 -0.4536 0.1779 -0.1596 0.5242 0.3539 0.7580
1305031462.4599 -1.7800 -0.4217 0.1826 -0.1633 0.5216 0.3371 0.7666
1305031462.4920 -1.7893 -0.4099 0.1851 -0.1716 0.5169 0.3343 0.7691
1305031462.5277 -1.7966 -0.4045 0.1889 -0.1782 0.5122 0.3347 0.7706
1305031462.5599 -1.7996 -0.4014 0.1792 -0.1894 0.5007 0.3276 0.7785
1305031462.5919 -1.7985 -0.3918 0.1766 -0.1960 0.4955 0.3204 0.7832
1305031462.6279 -1.8116 -0.3841 0.1770 -0.1972 0.4961 0.3104 0.7865
1305031462.6597 -1.8158 -0.3798 0.1706 -0.1999 0.4928 0.3010 0.7915
1305031462.6925 -1.8236 -0.3803 0.1641 -0.2030 0.4893 0.2932 0.7959
1305031462.7277 -1.8297 -0.3793 0.1592 -0.2092 0.4829 0.2849 0.8012
1305031462.7598 -1.8340 -0.3794 0.1553 -0.2164 0.4767 0.2764 0.8059
1305031462.7919 -1.8362 -0.3812 0.1474 -0.2234 0.4706 0.2719 0.8091
1305031462.8278 -1.8401 -0.3814 0.1374 -0.2311 0.4638 0.2671 0.8125
1305031462.8598 -1.8438 -0.3785 0.1275 -0.2364 0.4601 0.2597 0.8155
1305031462.8918 -1.8438 -0.3724 0.1110 -0.2372 0.4574 0.2568 0.8177
1305031462.9276 -1.8464 -0.3696 0.0949 -0.2376 0.4551 0.2538 0.8198
1305031462.9597 -1.8476 -0.3636 0.0748 -0.2345 0.4497 0.2519 0.8242
1305031462.9955 -1.8462 -0.3568 0.0630 -0.2306 0.4456 0.2478 0.8288
1305031463.0277 -1.8485 -0.3572 0.0412 -0.2264 0.4394 0.2406 0.8353
1305031463.0598 -1.8510 -0.3630 0.0241 -0.2279 0.4325 0.2344 0.8403
1305031463.0958 -1.8494 -0.3545 0.0100 -0.2273 0.4266 0.2246 0.8461
1305031463.1275 -1.8481 -0.3522 -0.0048 -0.2251 0.4228 0.2161 0.8508
1305031463.1598 -1.8479 -0.3583 -0.0217 -0.2263 0.4187 0.2063 0.8549
1305031463.1957 -1.8481 -0.3596 -0.0389 -0.2297 0.4156 0.2005 0.8569
1305031463.2278 -1.8390 -0.3488 -0.0524 -0.2273 0.4111 0.1961 0.8607
1305031463.2600 -1.8347 -0.3463 -0.0682 -0.2226 0.4085 0.1900 0.8645
1305031463.2957 -1.8305 -0.3580 -0.0846 -0.2274 0.4057 0.1863 0.8655
1305031463.3277 -1.8213 -0.3523 -0.1001 -0.2258 0.3993 0.1844 0.8692
1305031463.3598 -1.8137 -0.3529 -0.1134 -0.2221 0.3940 0.1833 0.8728
1305031463.3956 -1.8088 -0.3535 -0.1270 -0.2216 0.3889 0.1789 0.8761
1305031463.4277 -1.7977 -0.3482 -0.1401 -0.2218 0.3846 0.1770 0.8784
1305031463.4598 -1.7888 -0.3386 -0.1619 -0.2181 0.3799 0.1722 0.8823
1305031463.4956 -1.7784 -0.3332 -0.1760 -0.2182 0.3812 0.1692 0.8823
1305031463.5277 -1.7616 -0.3381 -0.1879 -0.2206 0.3836 0.1676 0.8810
1305031463.5598 -1.7528 -0.3456 -0.2033 -0.2192 0.3849 0.1701 0.8802
1305031463.5956 -1.7417 -0.3437 -0.2151 -0.2190 0.3832 0.1702 0.8810
1305031463.6276 -1.7210 -0.3453 -0.2278 -0.2193 0.3790 0.1677 0.8832
1305031463.6598 -1.7126 -0.3484 -0.2448 -0.2110 0.3794 0.1634 0.8859
1305031463.6956 -1.7084 -0.3471 -0.2621 -0.2065 0.3792 0.1582 0.8880
1305031463.7276 -1.6880 -0.3599 -0.2782 -0.2113 0.3750 0.1565 0.8890
1305031463.7597 -1.6707 -0.3752 -0.2955 -0.2095 0.3735 0.1506 0.8910
1305031463.7956 -1.6629 -0.3808 -0.3141 -0.2045 0.3730 0.1400 0.8941
1305031463.8278 -1.6486 -0.3926 -0.3324 -0.2066 0.3694 0.1307 0.8965
1305031463.8599 -1.6360 -0.4087 -0.3464 -0.2079 0.3685 0.1208 0.8980
1305031463.8956 -1.6295 -0.4199 -0.3639 -0.2052 0.3679 0.1115 0.9001
1305031463.9277 -1.6227 -0.4340 -0.3779 -0.2062 0.3653 0.1068 0.9015
1305031463.9597 -1.6112 -0.4483 -0.3920 -0.2063 0.3589 0.1021 0.9046
1305031463.9958 -1.6030 -0.4632 -0.4074 -0.2044 0.3537 0.0958 0.9077
1305031464.0277 -1.5986 -0.4728 -0.4237 -0.2036 0.3494 0.0877 0.9104
1305031464.0597 -1.5872 -0.4906 -0.4359 -0.2061 0.3456 0.0791 0.9120
1305031464.0956 -1.5833 -0.5051 -0.4485 -0.2039 0.3452 0.0699 0.9135
1305031464.1277 -1.5874 -0.5152 -0.4589 -0.2009 0.3450 0.0636 0.9147
1305031464.1598 -1.5859 -0.5315 -0.4667 -0.1975 0.3408 0.0624 0.9170
1305031464.1956 -1.5852 -0.5450 -0.4749 -0.1895 0.3333 0.0591 0.9217
1305031464.2276 -1.5882 -0.5476 -0.4860 -0.1788 0.3231 0.0551 0.9277
1305031464.2596 -1.5879 -0.5504 -0.5000 -0.1727 0.3079 0.0557 0.9339
1305031464.2957 -1.5816 -0.5544 -0.5138 -0.1712 0.2896 0.0532 0.9402
1305031464.3279 -1.5711 -0.5607 -0.5277 -0.1704 0.2738 0.0486 0.9453
1305031464.3597 -1.5610 -0.5709 -0.5391 -0.1682 0.2627 0.0442 0.9491
1305031464.3956 -1.5470 -0.5749 -0.5553 -0.1637 0.2536 0.0360 0.9527
1305031464.4276 -1.5392 -0.5788 -0.5700 -0.1621 0.2505 0.0253 0.9541
1305031464.4597 -1.5331 -0.5924 -0.5823 -0.1616 0.2464 0.0175 0.9554
1305031464.4956 -1.5211 -0.5985 -0.5985 -0.1596 0.2416 0.0105 0.9571
1305031464.5276 -1.5162 -0.6070 -0.6146 -0.1587 0.2402 0.0026 0.9577
1305031464.5597 -1.5044 -0.6178 -0.6303 -0.1625 0.2350 -0.0086 0.9583
1305031464.5957 -1.4833 -0.6433 -0.6427 -0.1634 0.2338 -0.0202 0.9583
1305031464.6277 -1.4725 -0.6572 -0.6582 -0.1535 0.2411 -0.0316 0.9578
1305031464.6597 -1.4677 -0.6706 -0.6706 -0.1450 0.2492 -0.0477 0.9563
1305031464.6957 -1.4647 -0.6956 -0.6719 -0.1365 0.2557 -0.0670 0.9547
1305031464.7277 -1.4711 -0.7012 -0.6781 -0.1193 0.2584 -0.0865 0.9547
1305031464.7597 -1.4686 -0.6948 -0.6900 -0.1063 0.2529 -0.1068 0.9557
1305031464.7960 -1.4697 -0.7040 -0.6867 -0.1026 0.2448 -0.1244 0.9561
1305031464.8278 -1.4697 -0.7058 -0.6835 -0.0949 0.2300 -0.1372 0.9588
1305031464.8597 -1.4554 -0.6935 -0.6911 -0.0889 0.2085 -0.1505 0.9623
1305031464.8958 -1.4378 -0.6972 -0.6944 -0.0949 0.1874 -0.1674 0.9633
1305031464.9278 -1.4227 -0.7193 -0.6857 -0.1041 0.1711 -0.1851 0.9621
1305031464.9598 -1.4056 -0.7387 -0.6770 -0.1057 0.1603 -0.2011 0.9606
1305031464.9957 -1.3853 -0.7428 -0.6729 -0.1015 0.1525 -0.2188 0.9584
1305031465.0278 -1.3746 -0.7394 -0.6608 -0.0990 0.1481 -0.2401 0.9543
1305031465.0597 -1.3656 -0.7122 -0.6497 -0.0911 0.1392 -0.2591 0.9514
1305031465.0957 -1.3351 -0.6745 -0.6522 -0.0933 0.1232 -0.2724 0.9497
1305031465.1277 -1.3145 -0.6640 -0.6381 -0.1135 0.1106 -0.2837 0.9457
1305031465.1598 -1.2994 -0.6577 -0.6208 -0.1324 0.1010 -0.2892 0.9427
1305031465.1956 -1.2794 -0.6524 -0.6051 -0.1467 0.0909 -0.2936 0.9402
1305031465.2279 -1.2577 -0.6377 -0.5945 -0.1586 0.0831 -0.2970 0.9379
1305031465.2598 -1.2443 -0.6356 -0.5756 -0.1728 0.0773 -0.2954 0.9364
1305031465.2956 -1.2235 -0.6176 -0.5679 -0.1759 0.0710 -0.2852 0.9395
1305031465.3277 -1.2064 -0.6049 -0.5600 -0.1835 0.0635 -0.2711 0.9428
1305031465.3599 -1.1960 -0.6029 -0.5493 -0.1910 0.0534 -0.2576 0.9457
1305031465.3956 -1.1700 -0.6049 -0.5472 -0.1930 0.0367 -0.2438 0.9497
1305031465.4277 -1.1403 -0.6061 -0.5489 -0.1926 0.0234 -0.2306 0.9535
1305031465.4601 -1.1149 -0.5987 -0.5550 -0.1899 0.0142 -0.2157 0.9577
1305031465.4957 -1.0886 -0.5935 -0.5620 -0.1926 0.0054 -0.2042 0.9598
1305031465.5276 -1.0705 -0.6007 -0.5599 -0.1979 -0.0028 -0.1995 0.9597
1305031465.5598 -1.0444 -0.6007 -0.5667 -0.1932 -0.0122 -0.1927 0.9620
1305031465.5956 -1.0174 -0.5962 -0.5769 -0.1877 -0.0170 -0.1842 0.9647
1305031465.6277 -0.9995 -0.5910 -0.5878 -0.1833 -0.0192 -0.1743 0.9673
1305031465.6601 -0.9789 -0.5897 -0.5974 -0.1813 -0.0276 -0.1644 0.9692
1305031465.6957 -0.9476 -0.5860 -0.6054 -0.1762 -0.0365 -0.1569 0.9711
1305031465.7277 -0.9229 -0.5807 -0.6156 -0.1694 -0.0397 -0.1480 0.9736
1305031465.7598 -0.8975 -0.5721 -0.6283 -0.1622 -0.0438 -0.1390 0.9759
1305031465.7959 -0.8710 -0.5663 -0.6366 -0.1575 -0.0472 -0.1328 0.9774
1305031465.8280 -0.8451 -0.5633 -0.6437 -0.1501 -0.0516 -0.1269 0.9791
1305031465.8599 -0.8162 -0.5466 -0.6575 -0.1373 -0.0549 -0.1243 0.9812
1305031465.8955 -0.7850 -0.5331 -0.6656 -0.1323 -0.0521 -0.1237 0.9821
1305031465.9275 -0.7593 -0.5327 -0.6705 -0.1274 -0.0469 -0.1231 0.9831
1305031465.9597 -0.7349 -0.5240 -0.6841 -0.1156 -0.0414 -0.1261 0.9844
1305031465.9958 -0.7178 -0.5117 -0.6996 -0.1071 -0.0356 -0.1313 0.9849
1305031466.0276 -0.6976 -0.4975 -0.7138 -0.1002 -0.0345 -0.1336 0.9853
1305031466.0598 -0.6787 -0.4820 -0.7280 -0.1005 -0.0319 -0.1336 0.9854
1305031466.0958 -0.6621 -0.4736 -0.7411 -0.1053 -0.0325 -0.1318 0.9851
1305031466.1276 -0.6444 -0.4655 -0.7536 -0.1114 -0.0363 -0.1314 0.9844
1305031466.1604 -0.6304 -0.4591 -0.7700 -0.1171 -0.0397 -0.1286 0.9840
1305031466.1958 -0.6164 -0.4509 -0.7868 -0.1253 -0.0459 -0.1260 0.9830
1305031466.2280 -0.5993 -0.4512 -0.8005 -0.1374 -0.0540 -0.1298 0.9805
1305031466.2598 -0.5785 -0.4595 -0.8080 -0.1420 -0.0593 -0.1372 0.9785
1305031466.2957 -0.5582 -0.4586 -0.8226 -0.1379 -0.0581 -0.1506 0.9772
1305031466.3277 -0.5422 -0.4594 -0.8411 -0.1361 -0.0502 -0.1623 0.9760
1305031466.3598 -0.5294 -0.4642 -0.8569 -0.1411 -0.0418 -0.1686 0.9746
1305031466.3958 -0.5229 -0.4824 -0.8674 -0.1450 -0.0383 -0.1718 0.9736
1305031466.4278 -0.5111 -0.4803 -0.8864 -0.1378 -0.0414 -0.1762 0.9738
1305031466.4598 -0.4936 -0.4787 -0.9013 -0.1382 -0.0472 -0.1796 0.9728
1305031466.4958 -0.4718 -0.4809 -0.9085 -0.1427 -0.0517 -0.1798 0.9719
1305031466.5275 -0.4487 -0.4876 -0.9126 -0.1452 -0.0516 -0.1807 0.9714
1305031466.5604 -0.4287 -0.4847 -0.9253 -0.1451 -0.0480 -0.1829 0.9712
1305031466.5959 -0.4073 -0.4846 -0.9322 -0.1529 -0.0474 -0.1854 0.9695
1305031466.6275 -0.3866 -0.5004 -0.9281 -0.1609 -0.0469 -0.1892 0.9675
1305031466.6597 -0.3659 -0.5032 -0.9341 -0.1539 -0.0466 -0.1942 0.9677
1305031466.6958 -0.3452 -0.4965 -0.9459 -0.1514 -0.0489 -0.2005 0.9667
1305031466.7281 -0.3259 -0.5022 -0.9466 -0.1586 -0.0524 -0.2096 0.9634
1305031466.7596 -0.3078 -0.5102 -0.9420 -0.1572 -0.0550 -0.2175 0.9618
1305031466.7956 -0.2881 -0.5126 -0.9533 -0.1511 -0.0590 -0.2209 0.9617
1305031466.8279 -0.2700 -0.5155 -0.9600 -0.1548 -0.0638 -0.2216 0.9607
1305031466.8597 -0.2572 -0.5224 -0.9590 -0.1579 -0.0695 -0.2189 0.9604
1305031466.8957 -0.2412 -0.5290 -0.9685 -0.1565 -0.0826 -0.2161 0.9602
1305031466.9278 -0.2261 -0.5389 -0.9730 -0.1603 -0.0968 -0.2154 0.9584
1305031466.9597 -0.2124 -0.5513 -0.9726 -0.1633 -0.1063 -0.2165 0.9566
1305031466.9957 -0.1976 -0.5573 -0.9758 -0.1637 -0.1115 -0.2193 0.9553
1305031467.0278 -0.1833 -0.5639 -0.9784 -0.1642 -0.1164 -0.2226 0.9539
1305031467.0597 -0.1678 -0.5705 -0.9817 -0.1649 -0.1197 -0.2260 0.9526
1305031467.0957 -0.1531 -0.5763 -0.9845 -0.1672 -0.1218 -0.2300 0.9510
1305031467.1290 -0.1408 -0.5814 -0.9852 -0.1667 -0.1267 -0.2392 0.9481
1305031467.1597 -0.1277 -0.5865 -0.9864 -0.1656 -0.1316 -0.2460 0.9459
1305031467.1957 -0.1161 -0.5918 -0.9899 -0.1658 -0.1370 -0.2483 0.9445
1305031467.2277 -0.1043 -0.5957 -0.9909 -0.1660 -0.1446 -0.2525 0.9422
1305031467.2597 -0.0921 -0.6007 -0.9919 -0.1649 -0.1511 -0.2565 0.9403
1305031467.2958 -0.0797 -0.6049 -0.9958 -0.1634 -0.1576 -0.2615 0.9381
1305031467.3280 -0.0637 -0.6089 -0.9982 -0.1629 -0.1654 -0.2643 0.9361
1305031467.3597 -0.0520 -0.6109 -1.0021 -0.1670 -0.1709 -0.2647 0.9343
1305031467.3958 -0.0403 -0.6167 -1.0058 -0.1733 -0.1774 -0.2681 0.9309
1305031467.4278 -0.0278 -0.6228 -1.0070 -0.1753 -0.1838 -0.2710 0.9285
1305031467.4597 -0.0171 -0.6270 -1.0128 -0.1763 -0.1900 -0.2710 0.9270
1305031467.4961 -0.0041 -0.6316 -1.0174 -0.1817 -0.1964 -0.2749 0.9235
1305031467.5277 0.0061 -0.6373 -1.0176 -0.1862 -0.1995 -0.2818 0.9199
1305031467.5598 0.0182 -0.6472 -1.0159 -0.1867 -0.2016 -0.2835 0.9188
1305031467.5960 0.0297 -0.6553 -1.0155 -0.1883 -0.2032 -0.2809 0.9189
1305031467.6275 0.0404 -0.6616 -1.0095 -0.1872 -0.2088 -0.2782 0.9187
1305031467.6596 0.0454 -0.6715 -1.0040 -0.1833 -0.2137 -0.2752 0.9192
1305031467.6959 0.0545 -0.6781 -1.0025 -0.1813 -0.2174 -0.2774 0.9181
1305031467.7275 0.0602 -0.6842 -0.9945 -0.1766 -0.2209 -0.2826 0.9166
1305031467.7599 0.0657 -0.6933 -0.9834 -0.1725 -0.2245 -0.2842 0.9160
1305031467.7961 0.0743 -0.6992 -0.9721 -0.1688 -0.2293 -0.2865 0.9148
1305031467.8278 0.0769 -0.7033 -0.9549 -0.1636 -0.2331 -0.2868 0.9147
1305031467.8597 0.0794 -0.7075 -0.9374 -0.1574 -0.2383 -0.2829 0.9157
1305031467.8959 0.0828 -0.7108 -0.9267 -0.1533 -0.2455 -0.2811 0.9150
1305031467.9278 0.0877 -0.7120 -0.9058 -0.1500 -0.2546 -0.2830 0.9124
1305031467.9598 0.0901 -0.7155 -0.8832 -0.1439 -0.2618 -0.2832 0.9113
1305031467.9958 0.0953 -0.7177 -0.8703 -0.1405 -0.2647 -0.2864 0.9100
1305031468.0281 0.0956 -0.7195 -0.8455 -0.1413 -0.2661 -0.2899 0.9084
1305031468.0598 0.0913 -0.7238 -0.8219 -0.1364 -0.2695 -0.2925 0.9073
1305031468.0959 0.0971 -0.7275 -0.8067 -0.1342 -0.2741 -0.2936 0.9059
1305031468.1278 0.0961 -0.7338 -0.7829 -0.1360 -0.2765 -0.2949 0.9045
1305031468.1599 0.0966 -0.7389 -0.7633 -0.1336 -0.2793 -0.2978 0.9030
1305031468.1960 0.0989 -0.7444 -0.7427 -0.1333 -0.2813 -0.3015 0.9012
1305031468.2282 0.0971 -0.7535 -0.7202 -0.1347 -0.2807 -0.3028 0.9008
1305031468.2598 0.0982 -0.7626 -0.6983 -0.1346 -0.2798 -0.3021 0.9013
1305031468.2958 0.0975 -0.7717 -0.6798 -0.1345 -0.2777 -0.3036 0.9015
1305031468.3278 0.0949 -0.7875 -0.6561 -0.1340 -0.2768 -0.3025 0.9022
1305031468.3598 0.0976 -0.7964 -0.6420 -0.1299 -0.2747 -0.2985 0.9047
1305031468.3959 0.0987 -0.8017 -0.6316 -0.1305 -0.2727 -0.2982 0.9054
1305031468.4280 0.0934 -0.8220 -0.6140 -0.1368 -0.2723 -0.2982 0.9046
1305031468.4598 0.0911 -0.8369 -0.5996 -0.1386 -0.2727 -0.2961 0.9048
1305031468.4958 0.0912 -0.8467 -0.5862 -0.1401 -0.2717 -0.2965 0.9048
1305031468.5278 0.0834 -0.8626 -0.5717 -0.1404 -0.2711 -0.3010 0.9034
1305031468.5597 0.0750 -0.8760 -0.5623 -0.1338 -0.2736 -0.3087 0.9011
1305031468.5958 0.0748 -0.8821 -0.5577 -0.1293 -0.2767 -0.3125 0.8995
1305031468.6276 0.0666 -0.8931 -0.5476 -0.1352 -0.2773 -0.3135 0.8981
1305031468.6596 0.0471 -0.9110 -0.5399 -0.1392 -0.2786 -0.3150 0.8965
1305031468.6958 0.0371 -0.9233 -0.5326 -0.1357 -0.2860 -0.3161 0.8944
1305031468.7278 0.0323 -0.9295 -0.5273 -0.1304 -0.2936 -0.3156 0.8929
1305031468.7596 0.0245 -0.9372 -0.5191 -0.1291 -0.2985 -0.3153 0.8915
1305031468.7958 0.0129 -0.9547 -0.5083 -0.1274 -0.3024 -0.3187 0.8892
1305031468.8292 0.0024 -0.9623 -0.5024 -0.1187 -0.3066 -0.3240 0.8871
1305031468.8597 0.0011 -0.9634 -0.4954 -0.1144 -0.3080 -0.3282 0.8856
1305031468.8959 -0.0068 -0.9716 -0.4862 -0.1165 -0.3035 -0.3315 0.8857
1305031468.9281 -0.0139 -0.9762 -0.4793 -0.1197 -0.2970 -0.3309 0.8877
1305031468.9596 -0.0192 -0.9732 -0.4795 -0.1238 -0.2887 -0.3297 0.8903
1305031468.9957 -0.0219 -0.9638 -0.4801 -0.1347 -0.2823 -0.3345 0.8890
1305031469.0277 -0.0320 -0.9699 -0.4688 -0.1535 -0.2770 -0.3418 0.8848
1305031469.0598 -0.0423 -0.9742 -0.4604 -0.1665 -0.2737 -0.3484 0.8809
1305031469.0957 -0.0425 -0.9735 -0.4485 -0.1759 -0.2736 -0.3585 0.8750
1305031469.1277 -0.0454 -0.9785 -0.4314 -0.1873 -0.2680 -0.3695 0.8698
1305031469.1597 -0.0488 -0.9796 -0.4185 -0.1950 -0.2597 -0.3783 0.8669
1305031469.1955 -0.0557 -0.9819 -0.4059 -0.2016 -0.2503 -0.3850 0.8651
1305031469.2278 -0.0636 -0.9781 -0.3985 -0.2047 -0.2430 -0.3887 0.8648
1305031469.2596 -0.0677 -0.9721 -0.3874 -0.2080 -0.2402 -0.3936 0.8626
1305031469.2968 -0.0709 -0.9688 -0.3761 -0.2119 -0.2352 -0.3968 0.8616
1305031469.3276 -0.0732 -0.9602 -0.3670 -0.2155 -0.2313 -0.3991 0.8607
1305031469.3596 -0.0717 -0.9584 -0.3481 -0.2217 -0.2281 -0.4050 0.8572
1305031469.3957 -0.0740 -0.9548 -0.3341 -0.2212 -0.2181 -0.4128 0.8562
1305031469.4277 -0.0735 -0.9425 -0.3276 -0.2164 -0.2074 -0.4205 0.8563
1305031469.4597 -0.0746 -0.9304 -0.3191 -0.2139 -0.1988 -0.4289 0.8549
1305031469.4957 -0.0792 -0.9116 -0.3136 -0.2110 -0.1920 -0.4330 0.8551
1305031469.5276 -0.0745 -0.8954 -0.3060 -0.2121 -0.1923 -0.4324 0.8550
1305031469.5596 -0.0711 -0.8842 -0.2957 -0.2181 -0.1924 -0.4325 0.8535
1305031469.5958 -0.0667 -0.8694 -0.2870 -0.2243 -0.1915 -0.4315 0.8526
1305031469.6278 -0.0649 -0.8581 -0.2755 -0.2338 -0.1884 -0.4319 0.8505
1305031469.6596 -0.0667 -0.8463 -0.2647 -0.2392 -0.1833 -0.4333 0.8494
1305031469.6956 -0.0631 -0.8310 -0.2576 -0.2418 -0.1790 -0.4326 0.8499
1305031469.7277 -0.0637 -0.8155 -0.2492 -0.2461 -0.1728 -0.4328 0.8499
1305031469.7596 -0.0628 -0.7963 -0.2451 -0.2498 -0.1663 -0.4307 0.8511
1305031469.7956 -0.0639 -0.7744 -0.2400 -0.2542 -0.1621 -0.4285 0.8518
1305031469.8275 -0.0659 -0.7564 -0.2369 -0.2593 -0.1609 -0.4262 0.8516
1305031469.8596 -0.0671 -0.7368 -0.2335 -0.2655 -0.1603 -0.4239 0.8509
1305031469.8958 -0.0693 -0.7193 -0.2302 -0.2708 -0.1599 -0.4213 0.8506
1305031469.9279 -0.0728 -0.6984 -0.2289 -0.2742 -0.1590 -0.4177 0.8515
1305031469.9598 -0.0757 -0.6786 -0.2288 -0.2760 -0.1609 -0.4148 0.8520
1305031469.9956 -0.0805 -0.6594 -0.2299 -0.2778 -0.1613 -0.4129 0.8522
1305031470.0277 -0.0832 -0.6405 -0.2323 -0.2797 -0.1631 -0.4109 0.8522
1305031470.0596 -0.0855 -0.6219 -0.2347 -0.2807 -0.1645 -0.4097 0.8523
1305031470.0959 -0.0905 -0.6052 -0.2392 -0.2822 -0.1634 -0.4075 0.8530
1305031470.1276 -0.0952 -0.5898 -0.2447 -0.2864 -0.1627 -0.4051 0.8529
1305031470.1596 -0.1013 -0.5697 -0.2499 -0.2881 -0.1615 -0.4018 0.8541
1305031470.1961 -0.1087 -0.5548 -0.2567 -0.2909 -0.1612 -0.3989 0.8546
1305031470.2276 -0.1154 -0.5406 -0.2639 -0.2949 -0.1597 -0.3960 0.8548
1305031470.2600 -0.1215 -0.5254 -0.2707 -0.2989 -0.1578 -0.3928 0.8552
1305031470.2957 -0.1286 -0.5104 -0.2774 -0.3040 -0.1552 -0.3906 0.8549
1305031470.3276 -0.1358 -0.4946 -0.2835 -0.3096 -0.1531 -0.3875 0.8547
1305031470.3596 -0.1437 -0.4805 -0.2905 -0.3147 -0.1519 -0.3829 0.8551
1305031470.3958 -0.1512 -0.4652 -0.2987 -0.3170 -0.1513 -0.3794 0.8559
1305031470.4276 -0.1597 -0.4506 -0.3038 -0.3175 -0.1531 -0.3803 0.8551
1305031470.4597 -0.1673 -0.4395 -0.3100 -0.3169 -0.1559 -0.3805 0.8547
1305031470.4957 -0.1763 -0.4304 -0.3168 -0.3171 -0.1573 -0.3791 0.8550
1305031470.5277 -0.1869 -0.4199 -0.3225 -0.3173 -0.1569 -0.3797 0.8547
1305031470.5597 -0.1941 -0.4092 -0.3285 -0.3172 -0.1560 -0.3790 0.8552
1305031470.5958 -0.2027 -0.4012 -0.3338 -0.3185 -0.1546 -0.3763 0.8562
1305031470.6277 -0.2105 -0.3909 -0.3383 -0.3202 -0.1523 -0.3720 0.8578
1305031470.6597 -0.2188 -0.3821 -0.3432 -0.3217 -0.1500 -0.3677 0.8595
1305031470.6956 -0.2257 -0.3731 -0.3462 -0.3237 -0.1505 -0.3649 0.8599
1305031470.7277 -0.2359 -0.3670 -0.3469 -0.3251 -0.1503 -0.3644 0.8596
1305031470.7597 -0.2444 -0.3617 -0.3506 -0.3260 -0.1451 -0.3628 0.8608
1305031470.7956 -0.2489 -0.3530 -0.3539 -0.3250 -0.1406 -0.3595 0.8634
1305031470.8278 -0.2557 -0.3474 -0.3565 -0.3216 -0.1408 -0.3545 0.8666
1305031470.8596 -0.2646 -0.3437 -0.3598 -0.3182 -0.1407 -0.3502 0.8696
1305031470.8957 -0.2730 -0.3402 -0.3646 -0.3156 -0.1408 -0.3447 0.8728
1305031470.9277 -0.2807 -0.3370 -0.3662 -0.3126 -0.1446 -0.3400 0.8751
1305031470.9596 -0.2914 -0.3344 -0.3689 -0.3045 -0.1484 -0.3380 0.8781
1305031470.9960 -0.2997 -0.3322 -0.3728 -0.2969 -0.1494 -0.3361 0.8813
1305031471.0276 -0.3080 -0.3322 -0.3743 -0.2894 -0.1500 -0.3346 0.8842
1305031471.0596 -0.3175 -0.3328 -0.3770 -0.2820 -0.1480 -0.3304 0.8885
1305031471.0958 -0.3247 -0.3300 -0.3828 -0.2732 -0.1469 -0.3239 0.8938
1305031471.1277 -0.3325 -0.3299 -0.3846 -0.2689 -0.1475 -0.3172 0.8974
1305031471.1596 -0.3374 -0.3298 -0.3879 -0.2640 -0.1476 -0.3111 0.9010
1305031471.1957 -0.3426 -0.3291 -0.3907 -0.2618 -0.1446 -0.3056 0.9040
1305031471.2276 -0.3482 -0.3273 -0.3932 -0.2612 -0.1408 -0.3007 0.9064
1305031471.2597 -0.3555 -0.3272 -0.3931 -0.2629 -0.1382 -0.2979 0.9072
1305031471.2961 -0.3624 -0.3278 -0.3930 -0.2626 -0.1354 -0.2945 0.9088
1305031471.3276 -0.3656 -0.3277 -0.3949 -0.2583 -0.1323 -0.2927 0.9111
1305031471.3596 -0.3676 -0.3257 -0.3980 -0.2549 -0.1253 -0.2920 0.9133
1305031471.3957 -0.3764 -0.3300 -0.3975 -0.2570 -0.1169 -0.2880 0.9151
1305031471.4277 -0.3818 -0.3283 -0.4024 -0.2522 -0.1133 -0.2810 0.9190
1305031471.4596 -0.3856 -0.3270 -0.4064 -0.2514 -0.1127 -0.2761 0.9208
1305031471.4965 -0.3901 -0.3266 -0.4082 -0.2526 -0.1110 -0.2724 0.9218
1305031471.5276 -0.3947 -0.3261 -0.4109 -0.2530 -0.1090 -0.2683 0.9231
1305031471.5597 -0.3969 -0.3257 -0.4134 -0.2528 -0.1072 -0.2674 0.9236
1305031471.5957 -0.4001 -0.3281 -0.4160 -0.2537 -0.1027 -0.2661 0.9243
1305031471.6276 -0.4029 -0.3302 -0.4189 -0.2540 -0.0982 -0.2650 0.9250
1305031471.6596 -0.4054 -0.3357 -0.4211 -0.2553 -0.0938 -0.2620 0.9259
1305031471.6956 -0.4078 -0.3407 -0.4238 -0.2572 -0.0898 -0.2571 0.9272
1305031471.7275 -0.4087 -0.3393 -0.4281 -0.2565 -0.0853 -0.2538 0.9287
1305031471.7597 -0.4092 -0.3399 -0.4284 -0.2576 -0.0804 -0.2485 0.9303
1305031471.7958 -0.4092 -0.3399 -0.4335 -0.2556 -0.0729 -0.2424 0.9331
1305031471.8276 -0.4104 -0.3395 -0.4360 -0.2599 -0.0660 -0.2356 0.9341
1305031471.8597 -0.4113 -0.3361 -0.4367 -0.2621 -0.0607 -0.2297 0.9353
1305031471.8956 -0.4134 -0.3345 -0.4395 -0.2653 -0.0545 -0.2255 0.9358
1305031471.9277 -0.4145 -0.3308 -0.4414 -0.2683 -0.0481 -0.2237 0.9358
1305031471.9596 -0.4170 -0.3311 -0.4395 -0.2705 -0.0406 -0.2226 0.9358
1305031471.9956 -0.4203 -0.3246 -0.4452 -0.2670 -0.0312 -0.2224 0.9372
1305031472.0276 -0.4224 -0.3205 -0.4468 -0.2723 -0.0238 -0.2197 0.9365
1305031472.0597 -0.4238 -0.3167 -0.4456 -0.2728 -0.0199 -0.2177 0.9369
1305031472.0956 -0.4273 -0.3144 -0.4488 -0.2727 -0.0134 -0.2133 0.9380
1305031472.1276 -0.4306 -0.3095 -0.4494 -0.2773 -0.0085 -0.2098 0.9376
1305031472.1596 -0.4342 -0.3041 -0.4461 -0.2777 -0.0069 -0.2087 0.9377
1305031472.1957 -0.4400 -0.3025 -0.4447 -0.2752 -0.0033 -0.2047 0.9393
1305031472.2276 -0.4420 -0.3052 -0.4456 -0.2745 -0.0023 -0.2025 0.9400
1305031472.2638 -0.4480 -0.3121 -0.4412 -0.2780 -0.0011 -0.2049 0.9385
1305031472.2957 -0.4528 -0.3182 -0.4351 -0.2817 -0.0002 -0.2055 0.9372
1305031472.3277 -0.4594 -0.3255 -0.4261 -0.2875 0.0007 -0.2062 0.9353
1305031472.3636 -0.4653 -0.3309 -0.4162 -0.2940 0.0012 -0.2064 0.9333
1305031472.3956 -0.4688 -0.3493 -0.4077 -0.3087 -0.0037 -0.2042 0.9290
1305031472.4277 -0.4717 -0.3682 -0.3998 -0.3226 -0.0077 -0.2045 0.9241
1305031472.4636 -0.4729 -0.3705 -0.3990 -0.3215 -0.0088 -0.2061 0.9242
1305031472.4956 -0.4725 -0.3730 -0.3989 -0.3215 -0.0081 -0.2075 0.9239
1305031472.5276 -0.4742 -0.3765 -0.3946 -0.3222 -0.0056 -0.2063 0.9239
1305031472.5636 -0.4740 -0.3800 -0.3930 -0.3181 -0.0075 -0.2038 0.9258
1305031472.5957 -0.4735 -0.3834 -0.3943 -0.3151 -0.0091 -0.2013 0.9274
1305031472.6277 -0.4734 -0.3862 -0.3918 -0.3161 -0.0095 -0.1997 0.9274
1305031472.6636 -0.4735 -0.3898 -0.3885 -0.3165 -0.0099 -0.1983 0.9276
1305031472.6958 -0.4734 -0.3929 -0.3860 -0.3155 -0.0107 -0.1970 0.9282
1305031472.7276 -0.4732 -0.3956 -0.3836 -0.3136 -0.0120 -0.1969 0.9288
1305031472.7636 -0.4721 -0.3984 -0.3815 -0.3121 -0.0130 -0.1985 0.9290
1305031472.7956 -0.4723 -0.4003 -0.3792 -0.3101 -0.0124 -0.2001 0.9293
1305031472.8276 -0.4721 -0.4009 -0.3776 -0.3070 -0.0123 -0.2002 0.9303
1305031472.8636 -0.4718 -0.4022 -0.3767 -0.3052 -0.0128 -0.1983 0.9313
1305031472.8957 -0.4719 -0.4008 -0.3762 -0.3042 -0.0131 -0.1961 0.9321
1305031472.9277 -0.4718 -0.4020 -0.3733 -0.3054 -0.0137 -0.1943 0.9321
1305031472.9638 -0.4716 -0.4012 -0.3732 -0.3040 -0.0132 -0.1934 0.9327
1305031472.9957 -0.4712 -0.4017 -0.3716 -0.3056 -0.0139 -0.1914 0.9326
1305031473.0276 -0.4710 -0.4029 -0.3702 -0.3073 -0.0155 -0.1911 0.9321
1305031473.0637 -0.4714 -0.4032 -0.3688 -0.3079 -0.0160 -0.1929 0.9315
1305031473.0957 -0.4711 -0.4039 -0.3671 -0.3078 -0.0159 -0.1950 0.9311
1305031473.1277 -0.4715 -0.4047 -0.3659 -0.3084 -0.0152 -0.1958 0.9308
1305031473.1671 -0.4729 -0.4041 -0.3660 -0.3068 -0.0155 -0.1962 0.9312
1305031473.1961 -0.4730 -0.4044 -0.3663 -0.3054 -0.0163 -0.1965 0.9316
