1305031453.3917 0.0000 0.0000 0.0000 0.0000 0.0000 0.0000 1.0000
1305031453.5237 0.0130 0.0180 -0.0403 0.0166 0.0214 0.0373 0.9989
1305031453.6277 0.0091 0.0357 -0.0812 0.0379 0.0285 0.0521 0.9975
1305031453.7277 -0.0083 0.0636 -0.1264 0.0577 0.0152 0.0409 0.9974
1305031453.8278 -0.0346 0.0863 -0.1646 0.0693 -0.0087 0.0185 0.9974
1305031453.9277 -0.0760 0.1055 -0.1960 0.0674 -0.0521 -0.0016 0.9964
1305031453.9596 -0.0815 0.1106 -0.2053 0.0649 -0.0693 -0.0103 0.9954
1305031453.9916 -0.0931 0.1112 -0.2059 0.0631 -0.0807 -0.0217 0.9945
1305031454.0277 -0.0991 0.1124 -0.2127 0.0647 -0.0942 -0.0313 0.9930
1305031454.0597 -0.1039 0.1157 -0.2176 0.0654 -0.1069 -0.0419 0.9912
1305031454.0917 -0.1100 0.1129 -0.2109 0.0650 -0.1201 -0.0550 0.9891
1305031454.1277 -0.1139 0.1124 -0.2102 0.0678 -0.1368 -0.0692 0.9859
1305031454.1597 -0.1104 0.1122 -0.2131 0.0668 -0.1560 -0.0806 0.9822
1305031454.1917 -0.1208 0.1110 -0.2151 0.0639 -0.1724 -0.0958 0.9783
1305031454.2277 -0.1365 0.1108 -0.2115 0.0671 -0.1879 -0.1146 0.9732
1305031454.2596 -0.1357 0.1095 -0.2118 0.0714 -0.2033 -0.1295 0.9679
1305031454.2916 -0.1398 0.1124 -0.2114 0.0699 -0.2122 -0.1407 0.9645
1305031454.3277 -0.1607 0.1113 -0.2171 0.0709 -0.2175 -0.1587 0.9605
1305031454.3596 -0.1644 0.1126 -0.2156 0.0773 -0.2303 -0.1732 0.9544
1305031454.3917 -0.1695 0.1133 -0.2181 0.0777 -0.2380 -0.1846 0.9504
1305031454.4275 -0.1863 0.1186 -0.2199 0.0802 -0.2471 -0.2003 0.9447
1305031454.4599 -0.1850 0.1168 -0.2208 0.0818 -0.2589 -0.2152 0.9381
1305031454.4916 -0.1914 0.1177 -0.2244 0.0828 -0.2630 -0.2318 0.9329
1305031454.5277 -0.1945 0.1221 -0.2291 0.0826 -0.2686 -0.2474 0.9273
1305031454.5596 -0.2015 0.1238 -0.2326 0.0786 -0.2730 -0.2607 0.9227
1305031454.5916 -0.2114 0.1249 -0.2371 0.0746 -0.2813 -0.2790 0.9151
1305031454.6276 -0.2158 0.1237 -0.2409 0.0710 -0.2932 -0.2944 0.9068
1305031454.6595 -0.2155 0.1297 -0.2431 0.0654 -0.3051 -0.3024 0.9007
1305031454.6919 -0.2221 0.1285 -0.2450 0.0557 -0.3172 -0.3118 0.8939
1305031454.7277 -0.2264 0.1250 -0.2429 0.0484 -0.3289 -0.3190 0.8875
1305031454.7597 -0.2222 0.1255 -0.2411 0.0413 -0.3357 -0.3169 0.8861
1305031454.7916 -0.2188 0.1281 -0.2417 0.0349 -0.3382 -0.3108 0.8876
1305031454.8276 -0.2118 0.1344 -0.2410 0.0302 -0.3398 -0.3052 0.8891
1305031454.8596 -0.2096 0.1397 -0.2395 0.0238 -0.3365 -0.2991 0.8926
1305031454.8918 -0.2066 0.1468 -0.2400 0.0198 -0.3312 -0.2925 0.8968
1305031454.9276 -0.2047 0.1559 -0.2420 0.0161 -0.3249 -0.2866 0.9011
1305031454.9596 -0.2059 0.1649 -0.2467 0.0129 -0.3183 -0.2812 0.9052
1305031454.9919 -0.2103 0.1743 -0.2535 0.0104 -0.3135 -0.2762 0.9085
1305031455.0278 -0.2097 0.1861 -0.2575 0.0107 -0.3126 -0.2733 0.9096
1305031455.0596 -0.2135 0.1937 -0.2606 0.0093 -0.3092 -0.2716 0.9113
1305031455.0917 -0.2181 0.2031 -0.2659 0.0119 -0.3053 -0.2713 0.9127
1305031455.1277 -0.2226 0.2148 -0.2721 0.0137 -0.3001 -0.2700 0.9148
1305031455.1597 -0.2313 0.2252 -0.2795 0.0127 -0.2943 -0.2663 0.9178
1305031455.1917 -0.2404 0.2342 -0.2842 0.0091 -0.2900 -0.2610 0.9207
1305031455.2276 -0.2492 0.2411 -0.2892 0.0081 -0.2864 -0.2556 0.9233
1305031455.2596 -0.2543 0.2548 -0.2955 0.0069 -0.2814 -0.2498 0.9265
1305031455.2918 -0.2676 0.2604 -0.3007 -0.0022 -0.2742 -0.2411 0.9310
1305031455.3278 -0.2785 0.2716 -0.3094 -0.0072 -0.2702 -0.2310 0.9347
1305031455.3596 -0.2832 0.2823 -0.3119 -0.0146 -0.2687 -0.2250 0.9365
1305031455.3917 -0.2943 0.2837 -0.3149 -0.0260 -0.2610 -0.2175 0.9401
1305031455.4276 -0.3085 0.2896 -0.3231 -0.0333 -0.2524 -0.2080 0.9444
1305031455.4596 -0.3227 0.2909 -0.3308 -0.0391 -0.2476 -0.1998 0.9472
1305031455.4916 -0.3339 0.2965 -0.3395 -0.0437 -0.2433 -0.1892 0.9503
1305031455.5276 -0.3517 0.2951 -0.3486 -0.0504 -0.2383 -0.1764 0.9537
1305031455.5597 -0.3680 0.2971 -0.3612 -0.0534 -0.2375 -0.1634 0.9561
1305031455.5916 -0.3792 0.3021 -0.3736 -0.0562 -0.2380 -0.1492 0.9581
1305031455.6596 -0.4102 0.2954 -0.3889 -0.0614 -0.2342 -0.1312 0.9613
1305031455.6916 -0.4238 0.2979 -0.4022 -0.0569 -0.2323 -0.1323 0.9619
1305031455.7276 -0.4374 0.2966 -0.4133 -0.0544 -0.2292 -0.1370 0.9622
1305031455.7597 -0.4506 0.2954 -0.4257 -0.0527 -0.2237 -0.1400 0.9631
1305031455.7917 -0.4666 0.2871 -0.4385 -0.0524 -0.2180 -0.1393 0.9645
1305031455.8276 -0.4802 0.2866 -0.4557 -0.0488 -0.2140 -0.1391 0.9656
1305031455.8595 -0.4919 0.2829 -0.4677 -0.0486 -0.2122 -0.1403 0.9659
1305031455.8917 -0.5020 0.2801 -0.4798 -0.0481 -0.2095 -0.1406 0.9664
1305031455.9280 -0.5127 0.2759 -0.4895 -0.0487 -0.2061 -0.1414 0.9670
1305031455.9597 -0.5217 0.2760 -0.5023 -0.0469 -0.2024 -0.1436 0.9676
1305031455.9917 -0.5304 0.2752 -0.5113 -0.0480 -0.1978 -0.1461 0.9681
1305031456.0278 -0.5393 0.2822 -0.5236 -0.0494 -0.1904 -0.1508 0.9688
1305031456.0597 -0.5532 0.2758 -0.5291 -0.0586 -0.1841 -0.1593 0.9681
1305031456.0917 -0.5658 0.2676 -0.5331 -0.0645 -0.1794 -0.1645 0.9678
1305031456.1276 -0.5768 0.2634 -0.5388 -0.0652 -0.1747 -0.1659 0.9683
1305031456.1597 -0.5857 0.2540 -0.5385 -0.0671 -0.1700 -0.1662 0.9690
1305031456.1917 -0.5957 0.2477 -0.5426 -0.0619 -0.1621 -0.1636 0.9712
1305031456.2277 -0.6014 0.2535 -0.5487 -0.0562 -0.1524 -0.1598 0.9737
1305031456.2917 -0.6281 0.2392 -0.5467 -0.0560 -0.1292 -0.1531 0.9781
1305031456.3277 -0.6391 0.2339 -0.5449 -0.0521 -0.1188 -0.1462 0.9807
1305031456.3916 -0.6616 0.2299 -0.5386 -0.0469 -0.0943 -0.1370 0.9850
1305031456.4277 -0.6800 0.2346 -0.5379 -0.0388 -0.0819 -0.1305 0.9873
1305031456.4917 -0.7172 0.2541 -0.5317 -0.0410 -0.0711 -0.1193 0.9895
1305031456.5276 -0.7301 0.2551 -0.5225 -0.0475 -0.0722 -0.1140 0.9897
1305031456.5917 -0.7505 0.2618 -0.5076 -0.0491 -0.0675 -0.1021 0.9913
1305031456.6276 -0.7608 0.2739 -0.5003 -0.0595 -0.0612 -0.0963 0.9917
1305031456.6916 -0.7969 0.2602 -0.4777 -0.0747 -0.0484 -0.0814 0.9927
1305031456.8276 -0.8527 0.2845 -0.4467 -0.0818 -0.0573 -0.0495 0.9938
1305031457.0917 -0.9474 0.3079 -0.4016 -0.1099 -0.0176 -0.0132 0.9937
1305031457.2275 -0.9979 0.3004 -0.4157 -0.1160 0.0121 0.0089 0.9931
1305031457.3275 -1.0362 0.2936 -0.4411 -0.1040 0.0380 0.0262 0.9935
1305031457.3917 -1.0670 0.2798 -0.4578 -0.1008 0.0619 0.0387 0.9922
1305031457.4917 -1.1164 0.2638 -0.4873 -0.0979 0.0781 0.0541 0.9907
1305031457.5597 -1.1421 0.2522 -0.5084 -0.0908 0.0865 0.0612 0.9902
1305031457.6275 -1.1747 0.2400 -0.5239 -0.0883 0.0951 0.0672 0.9893
1305031457.6916 -1.2039 0.2380 -0.5418 -0.0884 0.0980 0.0739 0.9885
1305031457.7596 -1.2283 0.2079 -0.5493 -0.0909 0.1012 0.0712 0.9881
1305031457.7916 -1.2356 0.1909 -0.5541 -0.0855 0.1043 0.0706 0.9883
1305031457.8277 -1.2479 0.1941 -0.5652 -0.0733 0.1114 0.0715 0.9885
1305031457.8916 -1.2754 0.1642 -0.5685 -0.0665 0.1270 0.0718 0.9871
1305031457.9276 -1.2932 0.1631 -0.5736 -0.0524 0.1317 0.0763 0.9870
1305031457.9916 -1.3152 0.1497 -0.5756 -0.0410 0.1322 0.0819 0.9870
1305031458.0278 -1.3250 0.1399 -0.5732 -0.0328 0.1350 0.0827 0.9869
1305031458.0597 -1.3387 0.1481 -0.5745 -0.0216 0.1394 0.0858 0.9863
1305031458.0917 -1.3522 0.1500 -0.5695 -0.0205 0.1436 0.0879 0.9855
1305031458.1276 -1.3649 0.1409 -0.5592 -0.0228 0.1473 0.0882 0.9849
1305031458.1596 -1.3791 0.1347 -0.5501 -0.0211 0.1495 0.0905 0.9844
1305031458.1916 -1.3921 0.1398 -0.5427 -0.0194 0.1482 0.0950 0.9842
1305031458.2276 -1.4053 0.1375 -0.5293 -0.0255 0.1460 0.0965 0.9842
1305031458.2599 -1.4176 0.1092 -0.5075 -0.0327 0.1440 0.0937 0.9846
1305031458.2917 -1.4308 0.1075 -0.4988 -0.0240 0.1388 0.0952 0.9854
1305031458.3276 -1.4392 0.1034 -0.4861 -0.0228 0.1317 0.0975 0.9862
1305031458.3596 -1.4447 0.0956 -0.4631 -0.0151 0.1263 0.0982 0.9870
1305031458.3916 -1.4540 0.0946 -0.4527 -0.0034 0.1226 0.1024 0.9872
1305031458.4276 -1.4550 0.0941 -0.4373 0.0045 0.1202 0.1116 0.9864
1305031458.4596 -1.4476 0.0866 -0.4181 0.0147 0.1211 0.1197 0.9853
1305031458.4917 -1.4444 0.0726 -0.4022 0.0312 0.1284 0.1206 0.9839
1305031458.5277 -1.4547 0.0840 -0.3852 0.0506 0.1386 0.1185 0.9819
1305031458.5596 -1.4606 0.0883 -0.3656 0.0582 0.1472 0.1162 0.9805
1305031458.5916 -1.4690 0.0899 -0.3438 0.0675 0.1533 0.1105 0.9797
1305031458.6277 -1.4806 0.1127 -0.3266 0.0734 0.1537 0.1059 0.9797
1305031458.6596 -1.4870 0.1126 -0.3061 0.0661 0.1493 0.1066 0.9808
1305031458.6917 -1.4905 0.1133 -0.2828 0.0598 0.1342 0.1013 0.9840
1305031458.7276 -1.4790 0.1032 -0.2607 0.0545 0.1161 0.0936 0.9873
1305031458.7599 -1.4898 0.1041 -0.2467 0.0595 0.1032 0.0842 0.9893
1305031458.7916 -1.4894 0.1138 -0.2364 0.0591 0.0863 0.0765 0.9916
1305031458.8276 -1.4845 0.1104 -0.2204 0.0514 0.0769 0.0744 0.9929
1305031458.8917 -1.4828 0.1052 -0.1979 0.0578 0.0731 0.0642 0.9936
1305031458.9276 -1.4926 0.1087 -0.1938 0.0561 0.0805 0.0695 0.9927
1305031458.9596 -1.4979 0.1005 -0.1870 0.0471 0.0862 0.0820 0.9918
1305031458.9916 -1.5024 0.0793 -0.1782 0.0454 0.0887 0.0876 0.9912
1305031459.0277 -1.5174 0.0757 -0.1732 0.0558 0.0856 0.0877 0.9909
1305031459.0596 -1.5340 0.0679 -0.1634 0.0633 0.0787 0.0977 0.9901
1305031459.1276 -1.5663 0.0524 -0.1518 0.0854 0.0365 0.1145 0.9891
1305031459.1596 -1.5755 0.0495 -0.1439 0.0939 0.0098 0.1175 0.9886
1305031459.1917 -1.5837 0.0491 -0.1376 0.0989 -0.0101 0.1250 0.9872
1305031459.2276 -1.5903 0.0493 -0.1306 0.1002 -0.0237 0.1367 0.9852
1305031459.2598 -1.5905 0.0579 -0.1139 0.1009 -0.0286 0.1465 0.9836
1305031459.3276 -1.5992 0.0651 -0.0911 0.0954 0.0012 0.1758 0.9798
1305031459.3597 -1.6117 0.0731 -0.0813 0.0993 0.0266 0.1959 0.9752
1305031459.3917 -1.6269 0.0975 -0.0713 0.0989 0.0541 0.2202 0.9689
1305031459.4276 -1.6261 0.1027 -0.0608 0.0846 0.0859 0.2553 0.9593
1305031459.4597 -1.6436 0.0999 -0.0606 0.0794 0.1239 0.2930 0.9447
1305031459.5276 -1.6742 0.1190 -0.0518 0.0615 0.1668 0.3529 0.9186
1305031459.5596 -1.6897 0.1054 -0.0606 0.0515 0.1824 0.3793 0.9057
1305031459.5917 -1.7093 0.1030 -0.0613 0.0483 0.1901 0.3965 0.8968
1305031459.6276 -1.7190 0.0978 -0.0594 0.0434 0.1915 0.4063 0.8924
1305031459.6596 -1.7322 0.0987 -0.0564 0.0437 0.1984 0.4066 0.8907
1305031459.6916 -1.7494 0.0928 -0.0528 0.0373 0.2108 0.4108 0.8862
1305031459.7276 -1.7616 0.0766 -0.0512 0.0297 0.2193 0.4136 0.8832
1305031459.7917 -1.7967 0.0449 -0.0468 0.0288 0.2318 0.4068 0.8831
1305031459.8277 -1.8127 0.0328 -0.0427 0.0280 0.2329 0.4043 0.8840
1305031459.8597 -1.8299 0.0195 -0.0373 0.0239 0.2326 0.4028 0.8849
1305031459.8916 -1.8394 0.0039 -0.0319 0.0182 0.2282 0.4058 0.8848
1305031459.9276 -1.8479 -0.0108 -0.0270 0.0169 0.2255 0.4089 0.8841
1305031459.9917 -1.8673 -0.0363 -0.0159 0.0119 0.2231 0.4160 0.8815
1305031460.0276 -1.8710 -0.0525 -0.0107 0.0096 0.2225 0.4199 0.8798
1305031460.0597 -1.8814 -0.0687 -0.0055 0.0097 0.2241 0.4215 0.8787
1305031460.0917 -1.8920 -0.0881 -0.0004 0.0105 0.2212 0.4283 0.8761
1305031460.1277 -1.8944 -0.1035 0.0055 0.0151 0.2122 0.4384 0.8732
1305031460.1597 -1.9024 -0.1133 0.0120 0.0220 0.2057 0.4459 0.8708
1305031460.1916 -1.9038 -0.1202 0.0212 0.0223 0.1985 0.4530 0.8688
1305031460.2278 -1.8932 -0.1283 0.0302 0.0219 0.1957 0.4577 0.8670
1305031460.2917 -1.8939 -0.1486 0.0420 0.0228 0.2120 0.4572 0.8634
1305031460.3275 -1.8957 -0.1610 0.0465 0.0230 0.2212 0.4586 0.8604
1305031460.3916 -1.8956 -0.1802 0.0599 0.0170 0.2406 0.4643 0.8522
1305031460.4275 -1.8948 -0.1919 0.0650 0.0148 0.2511 0.4688 0.8467
1305031460.4596 -1.8941 -0.1977 0.0707 0.0124 0.2635 0.4723 0.8410
1305031460.4915 -1.8996 -0.2066 0.0755 0.0057 0.2784 0.4775 0.8334
1305031460.5276 -1.8981 -0.2185 0.0798 -0.0025 0.2887 0.4864 0.8247
1305031460.5596 -1.8940 -0.2289 0.0848 -0.0096 0.2971 0.4898 0.8196
1305031460.5919 -1.8963 -0.2402 0.0895 -0.0141 0.3066 0.4900 0.8159
1305031460.6276 -1.8945 -0.2510 0.0942 -0.0179 0.3144 0.4919 0.8117
1305031460.6598 -1.8989 -0.2631 0.1001 -0.0203 0.3232 0.4907 0.8090
1305031460.6917 -1.9052 -0.2744 0.1073 -0.0237 0.3285 0.4911 0.8064
1305031460.7277 -1.9040 -0.2823 0.1143 -0.0286 0.3299 0.4912 0.8056
1305031460.7597 -1.9023 -0.2938 0.1214 -0.0326 0.3348 0.4898 0.8043
1305031460.7917 -1.9061 -0.3058 0.1300 -0.0358 0.3396 0.4882 0.8032
1305031460.8277 -1.9067 -0.3129 0.1385 -0.0402 0.3406 0.4856 0.8040
1305031460.8597 -1.9049 -0.3199 0.1460 -0.0465 0.3433 0.4831 0.8041
1305031460.8918 -1.9034 -0.3319 0.1556 -0.0545 0.3480 0.4802 0.8033
1305031460.9276 -1.9035 -0.3426 0.1668 -0.0601 0.3505 0.4795 0.8023
1305031460.9917 -1.8872 -0.3651 0.1815 -0.0652 0.3531 0.4823 0.7990
1305031461.0276 -1.8830 -0.3753 0.1911 -0.0643 0.3556 0.4831 0.7975
1305031461.0917 -1.8808 -0.3877 0.2079 -0.0614 0.3546 0.4822 0.7987
1305031461.1276 -1.8701 -0.3955 0.2139 -0.0640 0.3531 0.4810 0.7999
1305031461.1597 -1.8639 -0.4055 0.2222 -0.0628 0.3547 0.4790 0.8005
1305031461.1920 -1.8624 -0.4078 0.2290 -0.0591 0.3554 0.4746 0.8031
1305031461.2276 -1.8591 -0.4127 0.2354 -0.0588 0.3566 0.4722 0.8040
1305031461.2596 -1.8534 -0.4186 0.2423 -0.0577 0.3567 0.4691 0.8059
1305031461.2917 -1.8500 -0.4206 0.2492 -0.0553 0.3572 0.4633 0.8091
1305031461.3278 -1.8450 -0.4192 0.2548 -0.0535 0.3590 0.4588 0.8110
1305031461.3597 -1.8485 -0.4167 0.2616 -0.0559 0.3630 0.4542 0.8117
1305031461.3917 -1.8363 -0.4248 0.2710 -0.0654 0.3621 0.4556 0.8106
1305031461.4276 -1.8291 -0.4266 0.2752 -0.0660 0.3623 0.4540 0.8113
1305031461.4598 -1.8290 -0.4229 0.2788 -0.0682 0.3624 0.4552 0.8105
1305031461.4917 -1.8110 -0.4324 0.2808 -0.0746 0.3605 0.4579 0.8092
1305031461.5277 -1.8108 -0.4294 0.2806 -0.0683 0.3626 0.4552 0.8104
1305031461.5597 -1.8033 -0.4225 0.2750 -0.0685 0.3620 0.4526 0.8121
1305031461.5917 -1.8004 -0.4204 0.2716 -0.0688 0.3693 0.4485 0.8110
1305031461.6275 -1.7983 -0.4158 0.2703 -0.0713 0.3748 0.4477 0.8087
1305031461.6596 -1.7951 -0.4128 0.2698 -0.0739 0.3796 0.4472 0.8065
1305031461.6916 -1.7964 -0.4064 0.2682 -0.0746 0.3828 0.4518 0.8023
1305031461.7276 -1.7887 -0.4010 0.2647 -0.0778 0.3822 0.4575 0.7991
1305031461.7597 -1.7890 -0.3927 0.2580 -0.0777 0.3837 0.4598 0.7971
1305031461.7916 -1.7869 -0.3829 0.2527 -0.0816 0.3850 0.4638 0.7937
1305031461.8276 -1.7833 -0.3752 0.2474 -0.0843 0.3888 0.4679 0.7892
1305031461.8598 -1.7882 -0.3632 0.2427 -0.0845 0.3936 0.4735 0.7834
1305031461.8917 -1.7930 -0.3540 0.2396 -0.0889 0.3958 0.4839 0.7754
1305031461.9278 -1.7884 -0.3465 0.2374 -0.0972 0.3935 0.4934 0.7696
1305031461.9597 -1.7850 -0.3318 0.2273 -0.1019 0.3949 0.4962 0.7664
1305031461.9916 -1.7984 -0.3240 0.2266 -0.1090 0.4041 0.5007 0.7577
1305031462.0277 -1.7997 -0.3256 0.2305 -0.1215 0.4049 0.5115 0.7481
1305031462.0598 -1.8023 -0.3223 0.2309 -0.1260 0.4010 0.5234 0.7412
1305031462.0918 -1.8035 -0.3137 0.2261 -0.1275 0.3945 0.5350 0.7361
1305031462.1277 -1.8070 -0.3043 0.2223 -0.1297 0.3909 0.5437 0.7312
1305031462.1596 -1.8095 -0.2990 0.2194 -0.1337 0.3884 0.5499 0.7273
1305031462.1916 -1.8170 -0.2887 0.2162 -0.1356 0.3872 0.5490 0.7283
1305031462.2276 -1.8251 -0.2829 0.2155 -0.1416 0.3878 0.5489 0.7269
1305031462.2598 -1.8318 -0.2789 0.2162 -0.1487 0.3864 0.5473 0.7273
1305031462.2916 -1.8402 -0.2723 0.2166 -0.1547 0.3834 0.5434 0.7306
1305031462.3597 -1.8612 -0.2562 0.2178 -0.1677 0.3793 0.5312 0.7388
1305031462.4599 -1.8956 -0.2417 0.2345 -0.1935 0.3661 0.5161 0.7497
1305031462.5599 -1.8267 -0.1335 0.2154 -0.1822 0.2826 0.5298 0.7786
1305031462.6925 -1.8497 -0.1282 0.2002 -0.1911 0.2739 0.4938 0.8029
1305031462.7598 -1.8629 -0.1229 0.1850 -0.1931 0.2607 0.4738 0.8187
1305031462.8278 -1.8699 -0.1224 0.1636 -0.2002 0.2501 0.4611 0.8275
1305031462.9276 -1.8721 -0.1043 0.1331 -0.2052 0.2435 0.4457 0.8366
1305031462.9955 -1.8776 -0.0843 0.1090 -0.1952 0.2384 0.4391 0.8440
1305031463.0277 -1.8806 -0.0832 0.0913 -0.1896 0.2373 0.4329 0.8487
1305031463.0598 -1.8806 -0.0851 0.0719 -0.1880 0.2325 0.4269 0.8535
1305031463.1275 -1.8851 -0.0653 0.0485 -0.1782 0.2280 0.4074 0.8662
1305031463.1598 -1.8850 -0.0654 0.0298 -0.1753 0.2272 0.3979 0.8714
1305031463.2278 -1.8805 -0.0449 0.0056 -0.1724 0.2226 0.3850 0.8789
1305031463.2957 -1.8680 -0.0364 -0.0297 -0.1670 0.2199 0.3756 0.8847
1305031463.3956 -1.8540 -0.0171 -0.0630 -0.1564 0.2097 0.3678 0.8924
1305031463.4956 -1.8230 0.0172 -0.0937 -0.1535 0.2040 0.3615 0.8968
1305031463.5598 -1.8054 0.0317 -0.1118 -0.1498 0.2137 0.3585 0.8963
1305031463.6598 -1.7660 0.0488 -0.1438 -0.1406 0.2121 0.3542 0.8998
1305031463.7276 -1.7367 0.0624 -0.1703 -0.1358 0.2092 0.3480 0.9037
1305031463.7597 -1.7174 0.0599 -0.1840 -0.1325 0.2117 0.3422 0.9058
1305031463.8278 -1.6867 0.0618 -0.2168 -0.1275 0.2120 0.3226 0.9136
1305031463.8599 -1.6667 0.0548 -0.2327 -0.1278 0.2120 0.3133 0.9168
1305031463.8956 -1.6542 0.0546 -0.2492 -0.1233 0.2133 0.3044 0.9201
1305031463.9597 -1.6240 0.0447 -0.2769 -0.1214 0.2062 0.2939 0.9254
1305031463.9958 -1.6095 0.0405 -0.2937 -0.1170 0.2024 0.2877 0.9288
1305031464.0277 -1.5982 0.0390 -0.3103 -0.1144 0.1988 0.2799 0.9322
1305031464.0597 -1.5793 0.0304 -0.3249 -0.1150 0.1960 0.2717 0.9352
1305031464.0956 -1.5700 0.0246 -0.3398 -0.1109 0.1976 0.2626 0.9379
1305031464.1277 -1.5665 0.0190 -0.3512 -0.1074 0.1984 0.2576 0.9396
1305031464.1598 -1.5575 0.0068 -0.3601 -0.1035 0.1951 0.2563 0.9410
1305031464.1956 -1.5510 -0.0017 -0.3708 -0.0933 0.1892 0.2527 0.9443
1305031464.2276 -1.5510 -0.0015 -0.3839 -0.0803 0.1812 0.2495 0.9479
1305031464.2596 -1.5495 0.0001 -0.3963 -0.0712 0.1679 0.2485 0.9513
1305031464.2957 -1.5389 0.0008 -0.4083 -0.0662 0.1500 0.2447 0.9556
1305031464.3279 -1.5219 0.0015 -0.4214 -0.0624 0.1342 0.2399 0.9595
1305031464.3597 -1.5047 -0.0030 -0.4331 -0.0581 0.1235 0.2355 0.9622
1305031464.3956 -1.4867 0.0025 -0.4486 -0.0510 0.1159 0.2279 0.9654
1305031464.4276 -1.4743 0.0051 -0.4610 -0.0481 0.1145 0.2183 0.9679
1305031464.4597 -1.4631 -0.0006 -0.4733 -0.0460 0.1122 0.2101 0.9701
1305031464.4956 -1.4457 0.0015 -0.4880 -0.0428 0.1086 0.2041 0.9720
1305031464.5276 -1.4359 0.0029 -0.5032 -0.0403 0.1086 0.1961 0.9737
1305031464.5597 -1.4171 0.0001 -0.5176 -0.0425 0.1045 0.1846 0.9763
1305031464.5957 -1.3885 -0.0176 -0.5353 -0.0429 0.1060 0.1742 0.9780
1305031464.6277 -1.3718 -0.0219 -0.5515 -0.0338 0.1171 0.1654 0.9787
1305031464.6597 -1.3577 -0.0257 -0.5628 -0.0252 0.1284 0.1521 0.9797
1305031464.6957 -1.3434 -0.0464 -0.5698 -0.0162 0.1392 0.1355 0.9808
1305031464.7277 -1.3434 -0.0478 -0.5746 0.0024 0.1475 0.1188 0.9819
1305031464.7597 -1.3398 -0.0386 -0.5812 0.0172 0.1471 0.1003 0.9839
1305031464.7960 -1.3389 -0.0487 -0.5780 0.0236 0.1433 0.0824 0.9860
1305031464.8278 -1.3390 -0.0505 -0.5746 0.0356 0.1323 0.0688 0.9882
1305031464.8597 -1.3282 -0.0371 -0.5777 0.0457 0.1141 0.0543 0.9909
1305031464.8958 -1.3099 -0.0326 -0.5780 0.0459 0.0951 0.0346 0.9938
1305031464.9278 -1.2873 -0.0531 -0.5732 0.0409 0.0802 0.0136 0.9958
1305031464.9598 -1.2661 -0.0676 -0.5669 0.0429 0.0724 -0.0045 0.9964
1305031464.9957 -1.2466 -0.0646 -0.5610 0.0502 0.0687 -0.0226 0.9961
1305031465.0278 -1.2402 -0.0632 -0.5449 0.0547 0.0688 -0.0442 0.9951
1305031465.0597 -1.2444 -0.0415 -0.5246 0.0648 0.0653 -0.0632 0.9938
1305031465.0957 -1.2315 0.0037 -0.5099 0.0677 0.0523 -0.0780 0.9933
1305031465.1277 -1.2171 0.0170 -0.4913 0.0519 0.0382 -0.0936 0.9935
1305031465.1598 -1.2076 0.0202 -0.4694 0.0350 0.0266 -0.1033 0.9937
1305031465.1956 -1.1942 0.0256 -0.4495 0.0228 0.0152 -0.1112 0.9934
1305031465.2279 -1.1800 0.0425 -0.4319 0.0131 0.0060 -0.1167 0.9931
1305031465.2598 -1.1730 0.0447 -0.4096 0.0004 -0.0017 -0.1184 0.9930
1305031465.3277 -1.1536 0.0759 -0.3799 -0.0096 -0.0211 -0.0972 0.9950
1305031465.3956 -1.1239 0.0834 -0.3589 -0.0159 -0.0530 -0.0752 0.9956
1305031465.4277 -1.0959 0.0930 -0.3548 -0.0134 -0.0685 -0.0633 0.9955
1305031465.4601 -1.0737 0.1096 -0.3534 -0.0099 -0.0800 -0.0492 0.9955
1305031465.4957 -1.0500 0.1277 -0.3519 -0.0109 -0.0912 -0.0392 0.9950
1305031465.5276 -1.0312 0.1257 -0.3470 -0.0154 -0.1006 -0.0360 0.9942
1305031465.5598 -1.0071 0.1350 -0.3480 -0.0099 -0.1100 -0.0296 0.9934
1305031465.5956 -0.9817 0.1511 -0.3502 -0.0042 -0.1155 -0.0201 0.9931
1305031465.6277 -0.9677 0.1665 -0.3539 0.0002 -0.1181 -0.0106 0.9929
1305031465.6601 -0.9505 0.1791 -0.3565 0.0036 -0.1268 -0.0023 0.9919
1305031465.6957 -0.9199 0.1940 -0.3562 0.0091 -0.1364 0.0056 0.9906
1305031465.7277 -0.8981 0.2107 -0.3587 0.0160 -0.1399 0.0154 0.9899
1305031465.7598 -0.8760 0.2318 -0.3609 0.0235 -0.1446 0.0249 0.9889
1305031465.7959 -0.8513 0.2498 -0.3592 0.0286 -0.1488 0.0318 0.9879
1305031465.8280 -0.8291 0.2623 -0.3587 0.0360 -0.1522 0.0381 0.9870
1305031465.8599 -0.8056 0.2909 -0.3603 0.0484 -0.1542 0.0436 0.9859
1305031465.8955 -0.7798 0.3160 -0.3558 0.0526 -0.1515 0.0467 0.9860
1305031465.9275 -0.7573 0.3273 -0.3533 0.0566 -0.1451 0.0486 0.9866
1305031465.9597 -0.7374 0.3485 -0.3557 0.0677 -0.1374 0.0483 0.9870
1305031465.9958 -0.7257 0.3717 -0.3607 0.0760 -0.1294 0.0448 0.9877
1305031466.0276 -0.7117 0.3959 -0.3657 0.0828 -0.1265 0.0435 0.9875
1305031466.0598 -0.6995 0.4227 -0.3694 0.0830 -0.1239 0.0440 0.9878
1305031466.0958 -0.6886 0.4404 -0.3751 0.0783 -0.1246 0.0439 0.9881
1305031466.1276 -0.6742 0.4578 -0.3803 0.0729 -0.1293 0.0435 0.9880
1305031466.1604 -0.6629 0.4737 -0.3905 0.0676 -0.1336 0.0448 0.9877
1305031466.1958 -0.6523 0.4923 -0.4010 0.0610 -0.1411 0.0446 0.9871
1305031466.2280 -0.6336 0.5019 -0.4071 0.0502 -0.1511 0.0392 0.9865
1305031466.2598 -0.6076 0.5020 -0.4115 0.0459 -0.1567 0.0318 0.9861
1305031466.2957 -0.5861 0.5140 -0.4204 0.0499 -0.1529 0.0205 0.9868
1305031466.3277 -0.5704 0.5262 -0.4340 0.0513 -0.1425 0.0111 0.9884
1305031466.3598 -0.5568 0.5336 -0.4457 0.0461 -0.1335 0.0045 0.9900
1305031466.3958 -0.5437 0.5263 -0.4565 0.0431 -0.1298 0.0000 0.9906
1305031466.4278 -0.5314 0.5384 -0.4705 0.0508 -0.1308 -0.0038 0.9901
1305031466.4598 -0.5139 0.5515 -0.4791 0.0518 -0.1361 -0.0080 0.9893
1305031466.4958 -0.4908 0.5587 -0.4823 0.0477 -0.1415 -0.0089 0.9887
1305031466.5275 -0.4651 0.5620 -0.4824 0.0450 -0.1420 -0.0091 0.9888
1305031466.5604 -0.4477 0.5756 -0.4885 0.0447 -0.1378 -0.0110 0.9894
1305031466.5959 -0.4279 0.5862 -0.4903 0.0375 -0.1379 -0.0147 0.9896
1305031466.6275 -0.4018 0.5762 -0.4847 0.0283 -0.1386 -0.0193 0.9898
1305031466.6597 -0.3823 0.5811 -0.4876 0.0349 -0.1356 -0.0240 0.9899
1305031466.6958 -0.3669 0.5989 -0.4927 0.0390 -0.1352 -0.0316 0.9895
1305031466.7281 -0.3453 0.6019 -0.4881 0.0332 -0.1391 -0.0413 0.9889
1305031466.7596 -0.3244 0.5957 -0.4828 0.0341 -0.1403 -0.0490 0.9883
1305031466.7956 -0.3086 0.6069 -0.4890 0.0424 -0.1408 -0.0540 0.9877
1305031466.8279 -0.2913 0.6143 -0.4912 0.0405 -0.1452 -0.0573 0.9869
1305031466.8597 -0.2788 0.6109 -0.4889 0.0373 -0.1507 -0.0573 0.9862
1305031466.8957 -0.2622 0.6124 -0.4949 0.0403 -0.1625 -0.0580 0.9842
1305031466.9278 -0.2405 0.6117 -0.5012 0.0398 -0.1772 -0.0599 0.9815
1305031466.9597 -0.2211 0.6107 -0.5001 0.0402 -0.1874 -0.0613 0.9795
1305031466.9957 -0.2016 0.6125 -0.5028 0.0415 -0.1926 -0.0644 0.9783
1305031467.0278 -0.1848 0.6141 -0.5049 0.0424 -0.1967 -0.0687 0.9771
1305031467.0597 -0.1678 0.6159 -0.5064 0.0429 -0.1992 -0.0722 0.9764
1305031467.0957 -0.1509 0.6188 -0.5086 0.0417 -0.2007 -0.0773 0.9757
1305031467.1290 -0.1380 0.6210 -0.5061 0.0439 -0.2036 -0.0875 0.9741
1305031467.1597 -0.1229 0.6231 -0.5069 0.0468 -0.2069 -0.0948 0.9726
1305031467.1957 -0.1088 0.6254 -0.5096 0.0487 -0.2118 -0.0993 0.9710
1305031467.2277 -0.0958 0.6281 -0.5104 0.0506 -0.2180 -0.1044 0.9690
1305031467.2597 -0.0819 0.6310 -0.5108 0.0536 -0.2231 -0.1093 0.9672
1305031467.2958 -0.0670 0.6344 -0.5137 0.0571 -0.2281 -0.1153 0.9651
1305031467.3280 -0.0523 0.6372 -0.5181 0.0588 -0.2334 -0.1196 0.9632
1305031467.3597 -0.0360 0.6423 -0.5226 0.0566 -0.2401 -0.1212 0.9615
1305031467.3958 -0.0222 0.6463 -0.5234 0.0528 -0.2468 -0.1265 0.9593
1305031467.4278 -0.0094 0.6485 -0.5221 0.0526 -0.2523 -0.1302 0.9574
1305031467.4597 0.0060 0.6519 -0.5273 0.0532 -0.2588 -0.1318 0.9554
1305031467.4961 0.0225 0.6550 -0.5335 0.0498 -0.2650 -0.1375 0.9531
1305031467.5277 0.0357 0.6591 -0.5296 0.0473 -0.2678 -0.1441 0.9515
1305031467.5598 0.0481 0.6598 -0.5264 0.0485 -0.2688 -0.1463 0.9508
1305031467.5960 0.0616 0.6604 -0.5275 0.0483 -0.2706 -0.1448 0.9505
1305031467.6275 0.0687 0.6525 -0.5224 0.0482 -0.2750 -0.1423 0.9496
1305031467.6596 0.0833 0.6517 -0.5192 0.0548 -0.2807 -0.1382 0.9482
1305031467.6959 0.0952 0.6507 -0.5178 0.0584 -0.2835 -0.1404 0.9468
1305031467.7275 0.0996 0.6464 -0.5035 0.0642 -0.2854 -0.1449 0.9452
1305031467.7599 0.1075 0.6448 -0.4942 0.0717 -0.2873 -0.1458 0.9439
1305031467.7961 0.1126 0.6443 -0.4839 0.0780 -0.2893 -0.1488 0.9424
1305031467.8278 0.1111 0.6393 -0.4626 0.0847 -0.2917 -0.1485 0.9411
1305031467.8597 0.1135 0.6323 -0.4487 0.0921 -0.2960 -0.1447 0.9397
1305031467.8959 0.1173 0.6297 -0.4395 0.0981 -0.3021 -0.1443 0.9372
1305031467.9278 0.1164 0.6208 -0.4191 0.1020 -0.3092 -0.1470 0.9340
1305031467.9598 0.1179 0.6092 -0.4010 0.1085 -0.3143 -0.1476 0.9315
1305031467.9958 0.1241 0.6099 -0.3876 0.1142 -0.3159 -0.1498 0.9299
1305031468.0281 0.1184 0.5968 -0.3647 0.1127 -0.3159 -0.1530 0.9296
1305031468.0598 0.1159 0.5832 -0.3483 0.1178 -0.3173 -0.1551 0.9281
1305031468.0959 0.1205 0.5784 -0.3345 0.1214 -0.3205 -0.1567 0.9263
1305031468.1278 0.1187 0.5638 -0.3128 0.1199 -0.3230 -0.1580 0.9254
1305031468.1599 0.1198 0.5522 -0.2956 0.1227 -0.3247 -0.1609 0.9239
1305031468.1960 0.1217 0.5416 -0.2778 0.1237 -0.3253 -0.1645 0.9229
1305031468.2282 0.1214 0.5248 -0.2600 0.1218 -0.3247 -0.1644 0.9234
1305031468.2598 0.1232 0.5109 -0.2431 0.1219 -0.3233 -0.1627 0.9242
1305031468.2958 0.1229 0.4964 -0.2285 0.1216 -0.3206 -0.1629 0.9251
1305031468.3278 0.1217 0.4756 -0.2137 0.1223 -0.3185 -0.1605 0.9262
1305031468.3598 0.1262 0.4656 -0.2041 0.1264 -0.3160 -0.1555 0.9274
1305031468.4598 0.1328 0.4129 -0.1807 0.1171 -0.3156 -0.1535 0.9291
1305031468.5278 0.1297 0.3756 -0.1671 0.1145 -0.3120 -0.1595 0.9296
1305031468.5597 0.1259 0.3579 -0.1648 0.1217 -0.3112 -0.1670 0.9276
1305031468.6596 0.1112 0.3086 -0.1617 0.1168 -0.3150 -0.1759 0.9253
1305031468.6958 0.1054 0.2909 -0.1606 0.1212 -0.3207 -0.1791 0.9222
1305031468.7278 0.1018 0.2782 -0.1581 0.1259 -0.3269 -0.1798 0.9192
1305031468.7596 0.0976 0.2639 -0.1542 0.1271 -0.3315 -0.1802 0.9173
1305031468.7958 0.0911 0.2415 -0.1515 0.1299 -0.3337 -0.1849 0.9152
1305031468.8292 0.0859 0.2293 -0.1504 0.1389 -0.3350 -0.1898 0.9124
1305031468.9281 0.0778 0.2026 -0.1362 0.1359 -0.3256 -0.1921 0.9158
1305031468.9957 0.0681 0.2116 -0.1357 0.1203 -0.3146 -0.1943 0.9213
1305031469.0598 0.0500 0.1868 -0.1284 0.0873 -0.3088 -0.2114 0.9232
1305031469.1597 0.0445 0.1643 -0.0922 0.0567 -0.2952 -0.2418 0.9226
1305031469.2278 0.0232 0.1512 -0.0794 0.0441 -0.2773 -0.2514 0.9263
1305031469.2968 0.0129 0.1469 -0.0578 0.0351 -0.2701 -0.2582 0.9269
1305031469.3276 0.0073 0.1505 -0.0484 0.0311 -0.2665 -0.2601 0.9276
1305031469.3596 0.0089 0.1454 -0.0297 0.0239 -0.2642 -0.2650 0.9270
1305031469.3957 0.0043 0.1404 -0.0157 0.0218 -0.2535 -0.2704 0.9285
1305031469.4277 -0.0015 0.1478 -0.0056 0.0246 -0.2408 -0.2758 0.9302
1305031469.4597 -0.0110 0.1540 0.0057 0.0253 -0.2298 -0.2827 0.9309
1305031469.4957 -0.0254 0.1623 0.0147 0.0255 -0.2216 -0.2863 0.9318
1305031469.5276 -0.0300 0.1736 0.0253 0.0239 -0.2212 -0.2864 0.9319
1305031469.5596 -0.0326 0.1812 0.0395 0.0181 -0.2226 -0.2873 0.9314
1305031469.6596 -0.0481 0.2019 0.0802 -0.0062 -0.2177 -0.2881 0.9325
1305031469.7596 -0.0657 0.2368 0.1137 -0.0201 -0.2047 -0.2835 0.9367
1305031469.9279 -0.1230 0.3057 0.1536 -0.0493 -0.2024 -0.2737 0.9390
1305031470.1276 -0.1918 0.3917 0.1632 -0.0641 -0.2076 -0.2652 0.9394
1305031470.2957 -0.2532 0.4530 0.1490 -0.0869 -0.2069 -0.2533 0.9410
1305031470.4597 -0.3198 0.4943 0.1322 -0.1147 -0.2119 -0.2460 0.9388
1305031470.6597 -0.3875 0.5329 0.1053 -0.1238 -0.2099 -0.2333 0.9414
1305031470.6956 -0.3983 0.5394 0.1027 -0.1264 -0.2101 -0.2302 0.9417
1305031470.7277 -0.4094 0.5432 0.1016 -0.1271 -0.2105 -0.2279 0.9421
1305031470.7597 -0.4158 0.5443 0.0970 -0.1297 -0.2079 -0.2248 0.9431
1305031470.7956 -0.4257 0.5513 0.0967 -0.1304 -0.2029 -0.2203 0.9451
1305031470.8278 -0.4357 0.5557 0.0951 -0.1267 -0.2025 -0.2148 0.9470
1305031470.8596 -0.4451 0.5573 0.0917 -0.1229 -0.2028 -0.2100 0.9485
1305031470.8957 -0.4546 0.5602 0.0867 -0.1190 -0.2031 -0.2045 0.9501
1305031470.9277 -0.4645 0.5623 0.0851 -0.1147 -0.2061 -0.1999 0.9510
1305031470.9596 -0.4737 0.5614 0.0819 -0.1061 -0.2101 -0.1962 0.9519
1305031470.9960 -0.4785 0.5637 0.0783 -0.0960 -0.2129 -0.1921 0.9532
1305031471.0276 -0.4860 0.5627 0.0759 -0.0876 -0.2123 -0.1889 0.9548
1305031471.0596 -0.4942 0.5628 0.0711 -0.0777 -0.2095 -0.1833 0.9573
1305031471.0958 -0.5018 0.5655 0.0658 -0.0684 -0.2081 -0.1754 0.9598
1305031471.1277 -0.5087 0.5644 0.0624 -0.0633 -0.2090 -0.1681 0.9613
1305031471.1596 -0.5130 0.5644 0.0576 -0.0579 -0.2091 -0.1610 0.9628
1305031471.1957 -0.5178 0.5653 0.0540 -0.0553 -0.2066 -0.1545 0.9646
1305031471.2276 -0.5253 0.5659 0.0505 -0.0553 -0.2024 -0.1495 0.9662
1305031471.2597 -0.5323 0.5634 0.0488 -0.0574 -0.2005 -0.1464 0.9670
1305031471.2961 -0.5378 0.5605 0.0480 -0.0577 -0.1990 -0.1417 0.9680
1305031471.3276 -0.5394 0.5604 0.0452 -0.0536 -0.1963 -0.1379 0.9693
1305031471.3596 -0.5424 0.5616 0.0418 -0.0523 -0.1886 -0.1349 0.9713
1305031471.3957 -0.5512 0.5562 0.0401 -0.0549 -0.1800 -0.1301 0.9735
1305031471.4277 -0.5586 0.5559 0.0339 -0.0519 -0.1754 -0.1227 0.9754
1305031471.4596 -0.5619 0.5567 0.0291 -0.0514 -0.1757 -0.1176 0.9760
1305031471.5276 -0.5696 0.5541 0.0223 -0.0549 -0.1742 -0.1091 0.9771
1305031471.5597 -0.5707 0.5546 0.0187 -0.0550 -0.1732 -0.1070 0.9775
1305031471.5957 -0.5731 0.5532 0.0146 -0.0561 -0.1685 -0.1049 0.9785
1305031471.6276 -0.5756 0.5513 0.0097 -0.0571 -0.1634 -0.1032 0.9795
1305031471.6596 -0.5782 0.5488 0.0052 -0.0576 -0.1580 -0.0998 0.9807
1305031471.7958 -0.5816 0.5461 -0.0128 -0.0629 -0.1386 -0.0779 0.9853
1305031471.9956 -0.5968 0.5600 -0.0235 -0.0820 -0.1038 -0.0513 0.9899
1305031472.2638 -0.6548 0.5777 -0.0205 -0.0859 -0.0583 -0.0390 0.9938
1305031472.4636 -0.6602 0.5761 -0.0238 -0.0674 -0.0617 -0.0311 0.9953
1305031472.6958 -0.6527 0.5527 -0.0218 -0.0599 -0.0640 -0.0219 0.9959
1305031472.8636 -0.6485 0.5404 -0.0170 -0.0496 -0.0631 -0.0230 0.9965
