1305031453.3917 0.0000 0.0000 0.0000 0.0000 0.0000 0.0000 1.0000
1305031453.4917 0.0065 0.0178 -0.0329 0.0124 0.0190 0.0275 0.9994
1305031453.5916 0.0003 0.0348 -0.0761 0.0332 0.0325 0.0460 0.9979
1305031453.6596 -0.0161 0.0550 -0.1098 0.0498 0.0329 0.0500 0.9970
1305031453.7917 -0.0398 0.0808 -0.1567 0.0672 0.0045 0.0265 0.9974
1305031453.8917 -0.0670 0.0919 -0.1808 0.0690 -0.0323 0.0086 0.9971
1305031453.9596 -0.0817 0.0982 -0.1908 0.0638 -0.0680 -0.0055 0.9956
1305031453.9916 -0.0904 0.0986 -0.1860 0.0631 -0.0807 -0.0138 0.9946
1305031454.0277 -0.0981 0.1021 -0.1878 0.0651 -0.0944 -0.0194 0.9932
1305031454.0597 -0.1120 0.1111 -0.1883 0.0684 -0.1034 -0.0275 0.9919
1305031454.0917 -0.1291 0.1182 -0.1801 0.0711 -0.1133 -0.0345 0.9904
1305031454.1277 -0.1458 0.1285 -0.1747 0.0778 -0.1253 -0.0442 0.9881
1305031454.1597 -0.1571 0.1322 -0.1776 0.0780 -0.1393 -0.0528 0.9858
1305031454.1917 -0.1793 0.1408 -0.1737 0.0795 -0.1520 -0.0630 0.9832
1305031454.2277 -0.1982 0.1452 -0.1624 0.0840 -0.1662 -0.0776 0.9794
1305031454.2596 -0.1989 0.1463 -0.1644 0.0871 -0.1815 -0.0903 0.9754
1305031454.2916 -0.2023 0.1500 -0.1657 0.0867 -0.1916 -0.1004 0.9725
1305031454.3277 -0.2120 0.1536 -0.1602 0.0888 -0.2024 -0.1102 0.9690
1305031454.3596 -0.2241 0.1597 -0.1665 0.0942 -0.2113 -0.1227 0.9651
1305031454.3917 -0.2287 0.1671 -0.1623 0.0976 -0.2207 -0.1324 0.9614
1305031454.4275 -0.2358 0.1677 -0.1673 0.0976 -0.2326 -0.1438 0.9569
1305031454.4599 -0.2407 0.1724 -0.1704 0.0993 -0.2434 -0.1547 0.9524
1305031454.4916 -0.2416 0.1755 -0.1680 0.1016 -0.2501 -0.1682 0.9481
1305031454.5277 -0.2422 0.1810 -0.1668 0.1018 -0.2591 -0.1813 0.9432
1305031454.5596 -0.2461 0.1846 -0.1670 0.0993 -0.2669 -0.1911 0.9393
1305031454.5916 -0.2485 0.1879 -0.1684 0.0976 -0.2780 -0.2045 0.9335
1305031454.6276 -0.2556 0.1905 -0.1674 0.0952 -0.2906 -0.2154 0.9274
1305031454.6595 -0.2609 0.2110 -0.1652 0.0964 -0.3008 -0.2217 0.9226
1305031454.6919 -0.2696 0.2186 -0.1641 0.0915 -0.3131 -0.2264 0.9178
1305031454.7277 -0.2683 0.2219 -0.1659 0.0884 -0.3262 -0.2313 0.9123
1305031454.7597 -0.2679 0.2265 -0.1679 0.0835 -0.3312 -0.2267 0.9121
1305031454.7916 -0.2664 0.2269 -0.1627 0.0772 -0.3349 -0.2200 0.9130
1305031454.8276 -0.2646 0.2312 -0.1627 0.0726 -0.3357 -0.2139 0.9145
1305031454.8596 -0.2637 0.2314 -0.1499 0.0634 -0.3368 -0.2058 0.9166
1305031454.8918 -0.2633 0.2365 -0.1499 0.0593 -0.3328 -0.1993 0.9198
1305031454.9276 -0.2646 0.2439 -0.1425 0.0548 -0.3303 -0.1912 0.9227
1305031454.9596 -0.2655 0.2485 -0.1419 0.0505 -0.3276 -0.1855 0.9250
1305031454.9919 -0.2682 0.2510 -0.1456 0.0467 -0.3250 -0.1807 0.9271
1305031455.0278 -0.2689 0.2587 -0.1479 0.0469 -0.3243 -0.1784 0.9278
1305031455.0596 -0.2732 0.2640 -0.1491 0.0461 -0.3218 -0.1768 0.9290
1305031455.0917 -0.2757 0.2665 -0.1520 0.0467 -0.3199 -0.1766 0.9297
1305031455.1277 -0.2800 0.2760 -0.1569 0.0493 -0.3160 -0.1765 0.9309
1305031455.1597 -0.2882 0.2823 -0.1614 0.0487 -0.3118 -0.1739 0.9328
1305031455.1917 -0.2961 0.2869 -0.1652 0.0457 -0.3087 -0.1689 0.9349
1305031455.2276 -0.3003 0.2881 -0.1677 0.0440 -0.3074 -0.1652 0.9361
1305031455.2596 -0.3046 0.2985 -0.1705 0.0427 -0.3043 -0.1593 0.9382
1305031455.2918 -0.3116 0.2952 -0.1707 0.0306 -0.3018 -0.1491 0.9412
1305031455.3278 -0.3278 0.3047 -0.1874 0.0269 -0.2947 -0.1405 0.9448
1305031455.3596 -0.3303 0.3189 -0.1816 0.0207 -0.2961 -0.1298 0.9461
1305031455.3917 -0.3357 0.3108 -0.1779 0.0046 -0.2938 -0.1193 0.9484
1305031455.4276 -0.3473 0.3113 -0.1856 -0.0035 -0.2872 -0.1103 0.9515
1305031455.4596 -0.3619 0.3118 -0.1962 -0.0073 -0.2817 -0.1048 0.9537
1305031455.4916 -0.3708 0.3106 -0.2038 -0.0131 -0.2792 -0.0961 0.9553
1305031455.5276 -0.3878 0.3074 -0.2149 -0.0192 -0.2742 -0.0856 0.9577
1305031455.5597 -0.4079 0.3122 -0.2325 -0.0196 -0.2714 -0.0749 0.9594
1305031455.5916 -0.4224 0.3128 -0.2491 -0.0232 -0.2701 -0.0634 0.9605
1305031455.6276 -0.4390 0.3073 -0.2612 -0.0284 -0.2666 -0.0546 0.9618
1305031455.6596 -0.4508 0.3053 -0.2691 -0.0274 -0.2650 -0.0478 0.9627
1305031455.6916 -0.4649 0.3066 -0.2826 -0.0240 -0.2623 -0.0485 0.9635
1305031455.7276 -0.4724 0.3050 -0.2887 -0.0225 -0.2608 -0.0513 0.9638
1305031455.7597 -0.4797 0.3031 -0.2957 -0.0218 -0.2577 -0.0528 0.9645
1305031455.7917 -0.4860 0.2954 -0.3015 -0.0223 -0.2555 -0.0515 0.9652
1305031455.8276 -0.4916 0.2932 -0.3131 -0.0207 -0.2543 -0.0508 0.9656
1305031455.8595 -0.4974 0.2871 -0.3218 -0.0221 -0.2538 -0.0502 0.9657
1305031455.8917 -0.5004 0.2842 -0.3302 -0.0219 -0.2528 -0.0508 0.9659
1305031455.9280 -0.5046 0.2793 -0.3362 -0.0234 -0.2513 -0.0503 0.9663
1305031455.9597 -0.5086 0.2792 -0.3433 -0.0222 -0.2494 -0.0519 0.9668
1305031455.9917 -0.5125 0.2762 -0.3480 -0.0239 -0.2470 -0.0528 0.9673
1305031456.0278 -0.5191 0.2790 -0.3592 -0.0256 -0.2419 -0.0579 0.9682
1305031456.0597 -0.5305 0.2639 -0.3623 -0.0364 -0.2376 -0.0665 0.9684
1305031456.0917 -0.5383 0.2559 -0.3650 -0.0408 -0.2344 -0.0699 0.9688
1305031456.1276 -0.5419 0.2529 -0.3677 -0.0413 -0.2326 -0.0702 0.9692
1305031456.1597 -0.5472 0.2498 -0.3696 -0.0412 -0.2291 -0.0710 0.9699
1305031456.1917 -0.5519 0.2373 -0.3712 -0.0398 -0.2245 -0.0692 0.9712
1305031456.2277 -0.5612 0.2375 -0.3811 -0.0380 -0.2136 -0.0662 0.9739
1305031456.2917 -0.5736 0.2173 -0.3769 -0.0422 -0.1948 -0.0591 0.9782
1305031456.3277 -0.5827 0.2029 -0.3753 -0.0434 -0.1855 -0.0530 0.9803
1305031456.3916 -0.5877 0.1813 -0.3686 -0.0469 -0.1674 -0.0436 0.9838
1305031456.4277 -0.5960 0.1800 -0.3663 -0.0423 -0.1589 -0.0342 0.9858
1305031456.4917 -0.6392 0.1935 -0.3634 -0.0454 -0.1477 -0.0207 0.9878
1305031456.5276 -0.6574 0.1966 -0.3570 -0.0485 -0.1470 -0.0168 0.9878
1305031456.5917 -0.6845 0.2094 -0.3469 -0.0464 -0.1409 -0.0078 0.9889
1305031456.6276 -0.6889 0.2187 -0.3410 -0.0589 -0.1390 -0.0041 0.9885
1305031456.6916 -0.7267 0.1985 -0.3221 -0.0749 -0.1272 0.0080 0.9890
1305031456.7916 -0.7858 0.1985 -0.3045 -0.0828 -0.1296 0.0297 0.9877
1305031457.0276 -0.8724 0.2229 -0.2608 -0.0991 -0.1086 0.0641 0.9870
1305031457.1917 -0.9313 0.2177 -0.2774 -0.1161 -0.0745 0.0897 0.9864
1305031457.2917 -0.9575 0.2011 -0.2987 -0.1144 -0.0543 0.1088 0.9860
1305031457.3917 -0.9920 0.1846 -0.3300 -0.1113 -0.0201 0.1264 0.9855
1305031457.4917 -1.0309 0.1671 -0.3642 -0.1081 -0.0045 0.1432 0.9838
1305031457.5597 -1.0444 0.1549 -0.3917 -0.1011 0.0024 0.1519 0.9832
1305031457.6275 -1.0707 0.1344 -0.4130 -0.1015 0.0114 0.1587 0.9820
1305031457.6916 -1.0987 0.1249 -0.4309 -0.1029 0.0163 0.1646 0.9809
1305031457.7596 -1.1132 0.0812 -0.4460 -0.1102 0.0193 0.1609 0.9806
1305031457.7916 -1.1138 0.0613 -0.4491 -0.1052 0.0226 0.1605 0.9812
1305031457.8277 -1.1246 0.0686 -0.4650 -0.0904 0.0298 0.1614 0.9823
1305031457.8916 -1.1524 0.0414 -0.4685 -0.0822 0.0480 0.1601 0.9825
1305031457.9276 -1.1638 0.0339 -0.4769 -0.0698 0.0532 0.1641 0.9825
1305031457.9916 -1.1903 0.0152 -0.4819 -0.0579 0.0578 0.1689 0.9822
1305031458.0278 -1.1942 0.0040 -0.4830 -0.0490 0.0611 0.1707 0.9822
1305031458.0597 -1.2073 0.0078 -0.4893 -0.0403 0.0659 0.1735 0.9818
1305031458.1276 -1.2226 -0.0037 -0.4843 -0.0431 0.0710 0.1748 0.9811
1305031458.1596 -1.2322 -0.0153 -0.4814 -0.0443 0.0728 0.1755 0.9808
1305031458.1916 -1.2505 -0.0197 -0.4804 -0.0445 0.0744 0.1795 0.9799
1305031458.2276 -1.2605 -0.0267 -0.4605 -0.0508 0.0715 0.1801 0.9797
1305031458.2599 -1.2762 -0.0450 -0.4458 -0.0536 0.0701 0.1781 0.9800
1305031458.2917 -1.2952 -0.0580 -0.4332 -0.0477 0.0672 0.1775 0.9807
1305031458.3276 -1.3071 -0.0590 -0.4192 -0.0449 0.0601 0.1785 0.9811
1305031458.3596 -1.3075 -0.0861 -0.4045 -0.0436 0.0549 0.1822 0.9808
1305031458.3916 -1.3293 -0.0737 -0.3900 -0.0263 0.0544 0.1848 0.9809
1305031458.4276 -1.3358 -0.0587 -0.3731 -0.0145 0.0539 0.1954 0.9791
1305031458.4596 -1.3363 -0.0576 -0.3622 -0.0008 0.0571 0.2006 0.9780
1305031458.4917 -1.3391 -0.0630 -0.3502 0.0166 0.0665 0.2008 0.9772
1305031458.5277 -1.3533 -0.0534 -0.3400 0.0355 0.0768 0.1976 0.9766
1305031458.5596 -1.3603 -0.0528 -0.3262 0.0400 0.0835 0.1958 0.9763
1305031458.5916 -1.3746 -0.0588 -0.3125 0.0466 0.0902 0.1869 0.9771
1305031458.6277 -1.3894 -0.0383 -0.2913 0.0534 0.0916 0.1847 0.9771
1305031458.6596 -1.4018 -0.0378 -0.2721 0.0482 0.0878 0.1838 0.9778
1305031458.6917 -1.4131 -0.0371 -0.2517 0.0449 0.0745 0.1757 0.9806
1305031458.7276 -1.4144 -0.0381 -0.2350 0.0453 0.0601 0.1695 0.9826
1305031458.7599 -1.4275 -0.0403 -0.2221 0.0500 0.0484 0.1616 0.9844
1305031458.7916 -1.4283 -0.0261 -0.2093 0.0546 0.0311 0.1534 0.9862
1305031458.8276 -1.4225 -0.0248 -0.1816 0.0503 0.0215 0.1523 0.9868
1305031458.8917 -1.4256 -0.0241 -0.1557 0.0596 0.0185 0.1394 0.9883
1305031458.9276 -1.4357 -0.0194 -0.1561 0.0595 0.0250 0.1416 0.9878
1305031458.9596 -1.4375 -0.0264 -0.1435 0.0507 0.0282 0.1522 0.9866
1305031458.9916 -1.4360 -0.0446 -0.1396 0.0484 0.0291 0.1563 0.9861
1305031459.0277 -1.4602 -0.0364 -0.1267 0.0656 0.0294 0.1516 0.9858
1305031459.0596 -1.4766 -0.0413 -0.1211 0.0739 0.0219 0.1612 0.9839
1305031459.1276 -1.5212 0.0350 -0.1132 0.1000 0.0395 0.1370 0.9847
1305031459.1596 -1.5337 0.0340 -0.1062 0.1084 0.0138 0.1374 0.9845
1305031459.1917 -1.5370 0.0340 -0.0964 0.1140 -0.0069 0.1419 0.9833
1305031459.2276 -1.5419 0.0370 -0.0847 0.1174 -0.0214 0.1503 0.9814
1305031459.2598 -1.5446 0.0399 -0.0695 0.1177 -0.0239 0.1568 0.9803
1305031459.3276 -1.5555 0.0510 -0.0422 0.1138 0.0052 0.1821 0.9767
1305031459.3597 -1.5635 0.0557 -0.0382 0.1154 0.0281 0.2033 0.9719
1305031459.3917 -1.5800 0.0711 -0.0388 0.1115 0.0554 0.2259 0.9662
1305031459.4276 -1.5660 0.0784 -0.0229 0.0977 0.0820 0.2615 0.9567
1305031459.4597 -1.5731 0.0792 -0.0160 0.0928 0.1160 0.3012 0.9419
1305031459.5276 -1.5992 0.1028 0.0047 0.0768 0.1592 0.3623 0.9152
1305031459.5596 -1.6114 0.0903 0.0014 0.0662 0.1742 0.3853 0.9038
1305031459.5917 -1.6278 0.0872 0.0023 0.0623 0.1814 0.4039 0.8944
1305031459.6276 -1.6334 0.0863 0.0070 0.0591 0.1809 0.4140 0.8901
1305031459.6596 -1.6413 0.0859 0.0078 0.0591 0.1853 0.4147 0.8889
1305031459.6916 -1.6620 0.0809 0.0155 0.0550 0.2005 0.4171 0.8848
1305031459.7276 -1.6648 0.0660 0.0135 0.0471 0.2039 0.4217 0.8822
1305031459.7917 -1.6947 0.0375 0.0157 0.0463 0.2133 0.4161 0.8827
1305031459.8277 -1.7099 0.0207 0.0192 0.0444 0.2154 0.4151 0.8828
1305031459.8597 -1.7291 0.0059 0.0264 0.0418 0.2167 0.4138 0.8832
1305031459.8916 -1.7342 -0.0130 0.0327 0.0361 0.2122 0.4172 0.8830
1305031459.9276 -1.7447 -0.0326 0.0358 0.0337 0.2117 0.4197 0.8820
1305031459.9917 -1.7605 -0.0584 0.0490 0.0294 0.2088 0.4288 0.8784
1305031460.0276 -1.7683 -0.0709 0.0557 0.0286 0.2106 0.4306 0.8772
1305031460.0597 -1.7784 -0.0936 0.0590 0.0258 0.2129 0.4338 0.8751
1305031460.0917 -1.7904 -0.1147 0.0640 0.0263 0.2105 0.4385 0.8734
1305031460.1277 -1.7958 -0.1279 0.0700 0.0311 0.2028 0.4447 0.8718
1305031460.1597 -1.8031 -0.1384 0.0744 0.0370 0.1953 0.4500 0.8706
1305031460.1916 -1.8037 -0.1405 0.0861 0.0394 0.1880 0.4555 0.8693
1305031460.2278 -1.8017 -0.1425 0.0953 0.0410 0.1879 0.4562 0.8689
1305031460.2917 -1.8052 -0.1618 0.1025 0.0435 0.2038 0.4566 0.8650
1305031460.3275 -1.8065 -0.1699 0.1074 0.0443 0.2103 0.4564 0.8634
1305031460.3916 -1.8061 -0.1789 0.1191 0.0402 0.2275 0.4621 0.8562
1305031460.4275 -1.8059 -0.1826 0.1299 0.0400 0.2362 0.4654 0.8521
1305031460.4596 -1.8093 -0.1847 0.1391 0.0379 0.2502 0.4672 0.8472
1305031460.4915 -1.8109 -0.1898 0.1401 0.0308 0.2632 0.4711 0.8413
1305031460.5276 -1.8118 -0.2059 0.1421 0.0212 0.2747 0.4791 0.8334
1305031460.5596 -1.8108 -0.2170 0.1509 0.0142 0.2847 0.4820 0.8285
1305031460.5919 -1.8161 -0.2220 0.1584 0.0124 0.2933 0.4809 0.8262
1305031460.6276 -1.8185 -0.2340 0.1630 0.0083 0.3016 0.4826 0.8222
1305031460.6598 -1.8215 -0.2382 0.1675 0.0076 0.3068 0.4807 0.8214
1305031460.6917 -1.8256 -0.2465 0.1721 0.0052 0.3104 0.4816 0.8196
1305031460.7277 -1.8248 -0.2516 0.1754 0.0023 0.3112 0.4820 0.8190
1305031460.7597 -1.8239 -0.2585 0.1781 -0.0005 0.3134 0.4803 0.8192
1305031460.7917 -1.8264 -0.2662 0.1828 -0.0025 0.3163 0.4798 0.8184
1305031460.8277 -1.8267 -0.2732 0.1864 -0.0061 0.3169 0.4786 0.8188
1305031460.8597 -1.8259 -0.2783 0.1917 -0.0101 0.3190 0.4774 0.8187
1305031460.8918 -1.8246 -0.2851 0.1970 -0.0144 0.3214 0.4761 0.8184
1305031460.9276 -1.8239 -0.2986 0.2015 -0.0205 0.3233 0.4767 0.8172
1305031460.9917 -1.8158 -0.3171 0.2131 -0.0239 0.3268 0.4777 0.8151
1305031461.0276 -1.8134 -0.3252 0.2212 -0.0234 0.3290 0.4792 0.8134
1305031461.0917 -1.8149 -0.3388 0.2412 -0.0213 0.3288 0.4766 0.8150
1305031461.1276 -1.8092 -0.3422 0.2459 -0.0222 0.3280 0.4755 0.8160
1305031461.1597 -1.8034 -0.3522 0.2552 -0.0213 0.3299 0.4747 0.8157
1305031461.1920 -1.8035 -0.3539 0.2621 -0.0188 0.3310 0.4701 0.8180
1305031461.2276 -1.8024 -0.3594 0.2670 -0.0194 0.3326 0.4687 0.8181
1305031461.2596 -1.7985 -0.3652 0.2728 -0.0191 0.3334 0.4658 0.8195
1305031461.2917 -1.7959 -0.3676 0.2786 -0.0179 0.3341 0.4609 0.8219
1305031461.3278 -1.7946 -0.3661 0.2831 -0.0159 0.3360 0.4564 0.8237
1305031461.3597 -1.7972 -0.3642 0.2915 -0.0175 0.3400 0.4530 0.8240
1305031461.3917 -1.7892 -0.3713 0.2960 -0.0241 0.3392 0.4535 0.8239
1305031461.4276 -1.7837 -0.3714 0.2973 -0.0240 0.3383 0.4529 0.8245
1305031461.4598 -1.7840 -0.3730 0.3016 -0.0269 0.3395 0.4532 0.8238
1305031461.4917 -1.7749 -0.3772 0.3044 -0.0299 0.3391 0.4544 0.8232
1305031461.5277 -1.7773 -0.3708 0.3036 -0.0221 0.3405 0.4525 0.8239
1305031461.5597 -1.7700 -0.3601 0.3010 -0.0208 0.3389 0.4501 0.8259
1305031461.5917 -1.7656 -0.3558 0.2928 -0.0222 0.3432 0.4466 0.8260
1305031461.6275 -1.7656 -0.3466 0.2960 -0.0225 0.3496 0.4448 0.8242
1305031461.6596 -1.7647 -0.3442 0.2946 -0.0249 0.3544 0.4435 0.8229
1305031461.6916 -1.7676 -0.3374 0.2998 -0.0244 0.3595 0.4468 0.8188
1305031461.7276 -1.7589 -0.3358 0.2953 -0.0280 0.3577 0.4527 0.8163
1305031461.7597 -1.7600 -0.3242 0.2943 -0.0266 0.3603 0.4523 0.8154
1305031461.7916 -1.7559 -0.3145 0.2867 -0.0298 0.3610 0.4556 0.8131
1305031461.8276 -1.7532 -0.3058 0.2853 -0.0320 0.3669 0.4591 0.8085
1305031461.8598 -1.7577 -0.2971 0.2839 -0.0332 0.3741 0.4642 0.8021
1305031461.8917 -1.7615 -0.2873 0.2835 -0.0377 0.3767 0.4775 0.7929
1305031461.9278 -1.7544 -0.2712 0.2784 -0.0423 0.3711 0.4897 0.7879
1305031461.9597 -1.7515 -0.2535 0.2671 -0.0457 0.3723 0.4905 0.7866
1305031461.9916 -1.7599 -0.2426 0.2634 -0.0542 0.3778 0.4981 0.7786
1305031462.0277 -1.7633 -0.2390 0.2743 -0.0654 0.3802 0.5074 0.7705
1305031462.0598 -1.7648 -0.2297 0.2712 -0.0687 0.3722 0.5195 0.7661
1305031462.0918 -1.7646 -0.2173 0.2681 -0.0694 0.3645 0.5320 0.7611
1305031462.1277 -1.7653 -0.2126 0.2681 -0.0736 0.3614 0.5424 0.7548
1305031462.1596 -1.7729 -0.1932 0.2639 -0.0690 0.3561 0.5491 0.7529
1305031462.1916 -1.7771 -0.1874 0.2655 -0.0722 0.3563 0.5478 0.7535
1305031462.2276 -1.7919 -0.1742 0.2663 -0.0732 0.3570 0.5467 0.7539
1305031462.2598 -1.7955 -0.1833 0.2732 -0.0878 0.3592 0.5430 0.7539
1305031462.2916 -1.7996 -0.1846 0.2746 -0.0988 0.3562 0.5398 0.7563
1305031462.3597 -1.8160 -0.1539 0.2786 -0.1051 0.3505 0.5266 0.7673
1305031462.4599 -1.9186 -0.1324 0.4190 -0.1052 0.4065 0.4948 0.7608
1305031462.6279 -1.9490 -0.0540 0.4701 -0.1049 0.3892 0.4491 0.7974
1305031462.7598 -1.9684 -0.0460 0.4596 -0.1178 0.3752 0.4102 0.8228
1305031462.8598 -1.9682 -0.0391 0.4379 -0.1390 0.3577 0.3944 0.8350
1305031462.9955 -1.9606 -0.0122 0.4078 -0.1400 0.3489 0.3811 0.8447
1305031463.0598 -1.9664 -0.0159 0.3800 -0.1386 0.3440 0.3663 0.8534
1305031463.1598 -1.9719 0.0073 0.3456 -0.1295 0.3384 0.3377 0.8687
1305031463.2600 -1.9627 0.0326 0.3165 -0.1234 0.3354 0.3221 0.8767
1305031463.3956 -1.9546 0.0573 0.2739 -0.1117 0.3279 0.3034 0.8877
1305031463.4956 -1.9291 0.0985 0.2483 -0.1053 0.3261 0.2926 0.8927
1305031463.5598 -1.9133 0.1100 0.2258 -0.1000 0.3339 0.2903 0.8912
1305031463.6598 -1.8769 0.1173 0.1827 -0.0939 0.3292 0.2857 0.8951
1305031463.7276 -1.8616 0.1161 0.1532 -0.0953 0.3310 0.2752 0.8975
1305031463.7597 -1.8438 0.1105 0.1299 -0.0917 0.3305 0.2689 0.9000
1305031463.7956 -1.8342 0.1056 0.1063 -0.0907 0.3309 0.2561 0.9037
1305031463.8599 -1.8123 0.0922 0.0728 -0.0930 0.3328 0.2355 0.9083
1305031463.8956 -1.8053 0.0856 0.0473 -0.0903 0.3319 0.2244 0.9118
1305031463.9597 -1.7867 0.0691 0.0153 -0.0914 0.3255 0.2116 0.9170
1305031463.9958 -1.7856 0.0575 -0.0002 -0.0891 0.3251 0.2022 0.9195
1305031464.0277 -1.7861 0.0504 -0.0128 -0.0898 0.3245 0.1937 0.9215
1305031464.0597 -1.7754 0.0414 -0.0269 -0.0917 0.3224 0.1812 0.9246
1305031464.0956 -1.7784 0.0278 -0.0399 -0.0900 0.3260 0.1695 0.9257
1305031464.1277 -1.7855 0.0253 -0.0474 -0.0867 0.3279 0.1615 0.9268
1305031464.1598 -1.7793 0.0102 -0.0554 -0.0840 0.3248 0.1593 0.9285
1305031464.1956 -1.7770 -0.0045 -0.0740 -0.0752 0.3177 0.1552 0.9324
1305031464.2276 -1.7822 0.0023 -0.0905 -0.0600 0.3076 0.1484 0.9380
1305031464.2596 -1.7911 -0.0008 -0.0977 -0.0557 0.2965 0.1466 0.9421
1305031464.2957 -1.7887 -0.0009 -0.1025 -0.0535 0.2813 0.1424 0.9475
1305031464.3279 -1.7692 -0.0023 -0.1201 -0.0528 0.2631 0.1391 0.9532
1305031464.3597 -1.7680 -0.0052 -0.1270 -0.0500 0.2576 0.1318 0.9559
1305031464.3956 -1.7575 -0.0117 -0.1376 -0.0482 0.2523 0.1228 0.9586
1305031464.4276 -1.7580 -0.0086 -0.1491 -0.0465 0.2528 0.1123 0.9599
1305031464.4597 -1.7562 -0.0203 -0.1604 -0.0476 0.2518 0.1051 0.9609
1305031464.4956 -1.7482 -0.0220 -0.1722 -0.0463 0.2493 0.0992 0.9622
1305031464.5276 -1.7515 -0.0249 -0.1906 -0.0460 0.2503 0.0897 0.9629
1305031464.5597 -1.7412 -0.0313 -0.2028 -0.0492 0.2476 0.0828 0.9641
1305031464.5957 -1.7204 -0.0444 -0.2222 -0.0495 0.2481 0.0678 0.9651
1305031464.6277 -1.7114 -0.0464 -0.2363 -0.0373 0.2594 0.0584 0.9633
1305031464.6597 -1.7070 -0.0630 -0.2504 -0.0306 0.2712 0.0466 0.9609
1305031464.6957 -1.6947 -0.0840 -0.2643 -0.0221 0.2784 0.0286 0.9598
1305031464.7277 -1.6914 -0.0757 -0.2658 -0.0030 0.2830 0.0075 0.9591
1305031464.7597 -1.6910 -0.0667 -0.2652 0.0095 0.2824 -0.0122 0.9592
1305031464.7960 -1.6910 -0.0766 -0.2677 0.0121 0.2769 -0.0322 0.9603
1305031464.8278 -1.6904 -0.0786 -0.2650 0.0227 0.2638 -0.0450 0.9633
1305031464.8597 -1.6855 -0.0545 -0.2464 0.0308 0.2491 -0.0644 0.9658
1305031464.8958 -1.6684 -0.0609 -0.2502 0.0253 0.2310 -0.0797 0.9693
1305031464.9278 -1.6482 -0.0805 -0.2517 0.0176 0.2162 -0.0997 0.9711
1305031464.9598 -1.6417 -0.0941 -0.2525 0.0165 0.2106 -0.1163 0.9705
1305031464.9957 -1.6347 -0.0865 -0.2464 0.0217 0.2088 -0.1373 0.9680
1305031465.0278 -1.6319 -0.0824 -0.2331 0.0233 0.2094 -0.1566 0.9649
1305031465.0597 -1.6332 -0.0577 -0.2138 0.0298 0.2063 -0.1788 0.9615
1305031465.0957 -1.6080 -0.0339 -0.2113 0.0244 0.1921 -0.1953 0.9614
1305031465.1277 -1.5874 -0.0222 -0.1908 0.0061 0.1804 -0.2043 0.9621
1305031465.1598 -1.5648 -0.0215 -0.1716 -0.0124 0.1688 -0.2083 0.9633
1305031465.1956 -1.5400 -0.0271 -0.1521 -0.0290 0.1573 -0.2149 0.9634
1305031465.2279 -1.5153 -0.0210 -0.1349 -0.0426 0.1489 -0.2184 0.9635
1305031465.2956 -1.4996 -0.0132 -0.1113 -0.0612 0.1381 -0.2097 0.9660
1305031465.3599 -1.4691 -0.0056 -0.0866 -0.0742 0.1162 -0.1818 0.9736
1305031465.4277 -1.4234 -0.0059 -0.0893 -0.0734 0.0860 -0.1610 0.9805
1305031465.4601 -1.4102 0.0047 -0.0943 -0.0695 0.0793 -0.1508 0.9829
1305031465.4957 -1.3939 0.0117 -0.0975 -0.0707 0.0732 -0.1412 0.9847
1305031465.5276 -1.3767 0.0098 -0.0985 -0.0726 0.0658 -0.1377 0.9856
1305031465.5598 -1.3585 0.0136 -0.1061 -0.0679 0.0584 -0.1335 0.9870
1305031465.5956 -1.3391 0.0156 -0.1139 -0.0649 0.0534 -0.1277 0.9882
1305031465.6277 -1.3296 0.0246 -0.1190 -0.0605 0.0518 -0.1222 0.9893
1305031465.6601 -1.3178 0.0275 -0.1237 -0.0585 0.0461 -0.1164 0.9904
1305031465.6957 -1.2943 0.0302 -0.1304 -0.0553 0.0382 -0.1112 0.9915
1305031465.7277 -1.2812 0.0409 -0.1374 -0.0485 0.0364 -0.1050 0.9926
1305031465.7598 -1.2612 0.0511 -0.1446 -0.0420 0.0316 -0.0977 0.9938
1305031465.7959 -1.2454 0.0547 -0.1551 -0.0392 0.0296 -0.0936 0.9944
1305031465.8280 -1.2274 0.0576 -0.1608 -0.0341 0.0256 -0.0897 0.9951
1305031465.8599 -1.2065 0.0782 -0.1765 -0.0214 0.0227 -0.0876 0.9957
1305031465.8955 -1.1806 0.0892 -0.1880 -0.0178 0.0275 -0.0854 0.9958
1305031465.9275 -1.1602 0.0888 -0.1912 -0.0152 0.0347 -0.0843 0.9957
1305031465.9597 -1.1395 0.1043 -0.2016 -0.0039 0.0415 -0.0872 0.9953
1305031465.9958 -1.1187 0.1132 -0.2092 0.0017 0.0456 -0.0894 0.9949
1305031466.0276 -1.1005 0.1206 -0.2190 0.0048 0.0454 -0.0911 0.9948
1305031466.0598 -1.0753 0.1421 -0.2338 0.0057 0.0447 -0.0879 0.9951
1305031466.0958 -1.0672 0.1561 -0.2430 0.0017 0.0450 -0.0868 0.9952
1305031466.1276 -1.0542 0.1732 -0.2490 -0.0031 0.0423 -0.0860 0.9954
1305031466.1604 -1.0448 0.1932 -0.2579 -0.0051 0.0395 -0.0830 0.9958
1305031466.1958 -1.0316 0.2023 -0.2720 -0.0145 0.0322 -0.0787 0.9963
1305031466.2280 -1.0157 0.1995 -0.2798 -0.0309 0.0243 -0.0780 0.9962
1305031466.2598 -1.0020 0.1927 -0.2964 -0.0354 0.0213 -0.0827 0.9957
1305031466.2957 -0.9789 0.1996 -0.3104 -0.0325 0.0222 -0.0938 0.9948
1305031466.3277 -0.9646 0.2022 -0.3273 -0.0325 0.0304 -0.1018 0.9938
1305031466.3598 -0.9566 0.2150 -0.3406 -0.0337 0.0409 -0.1105 0.9925
1305031466.3958 -0.9467 0.2037 -0.3518 -0.0365 0.0423 -0.1127 0.9921
1305031466.4278 -0.9403 0.2089 -0.3668 -0.0317 0.0405 -0.1168 0.9918
1305031466.4598 -0.9325 0.2168 -0.3827 -0.0313 0.0375 -0.1205 0.9915
1305031466.4958 -0.9209 0.2219 -0.3950 -0.0338 0.0357 -0.1209 0.9914
1305031466.5275 -0.8956 0.2137 -0.4100 -0.0365 0.0345 -0.1204 0.9915
1305031466.5604 -0.8810 0.2229 -0.4267 -0.0349 0.0389 -0.1224 0.9911
1305031466.5959 -0.8580 0.2211 -0.4386 -0.0470 0.0375 -0.1242 0.9904
1305031466.6275 -0.8359 0.2049 -0.4411 -0.0546 0.0382 -0.1286 0.9895
1305031466.6597 -0.8152 0.2024 -0.4523 -0.0505 0.0385 -0.1347 0.9888
1305031466.6958 -0.7989 0.2120 -0.4680 -0.0488 0.0374 -0.1428 0.9878
1305031466.7281 -0.7865 0.2119 -0.4702 -0.0559 0.0363 -0.1540 0.9858
1305031466.7596 -0.7629 0.1978 -0.4760 -0.0570 0.0331 -0.1589 0.9851
1305031466.7956 -0.7545 0.1997 -0.4897 -0.0532 0.0323 -0.1637 0.9845
1305031466.8279 -0.7409 0.2070 -0.4964 -0.0534 0.0289 -0.1662 0.9842
1305031466.8597 -0.7369 0.2025 -0.4964 -0.0560 0.0269 -0.1654 0.9843
1305031466.8957 -0.7233 0.1989 -0.5027 -0.0556 0.0165 -0.1637 0.9848
1305031466.9278 -0.7056 0.1895 -0.5120 -0.0586 0.0012 -0.1649 0.9846
1305031466.9597 -0.6923 0.1800 -0.5200 -0.0611 -0.0074 -0.1661 0.9842
1305031466.9957 -0.6862 0.1775 -0.5257 -0.0614 -0.0096 -0.1675 0.9839
1305031467.0278 -0.6768 0.1768 -0.5281 -0.0615 -0.0122 -0.1699 0.9835
1305031467.0597 -0.6617 0.1722 -0.5349 -0.0620 -0.0157 -0.1712 0.9832
1305031467.0957 -0.6528 0.1750 -0.5390 -0.0626 -0.0163 -0.1743 0.9826
1305031467.1290 -0.6435 0.1759 -0.5366 -0.0626 -0.0192 -0.1800 0.9815
1305031467.1597 -0.6345 0.1723 -0.5398 -0.0627 -0.0221 -0.1847 0.9805
1305031467.1957 -0.6300 0.1711 -0.5428 -0.0630 -0.0244 -0.1878 0.9799
1305031467.2277 -0.6190 0.1683 -0.5482 -0.0634 -0.0305 -0.1913 0.9790
1305031467.2597 -0.6116 0.1683 -0.5516 -0.0624 -0.0340 -0.1939 0.9784
1305031467.2958 -0.6011 0.1673 -0.5570 -0.0616 -0.0392 -0.1980 0.9775
1305031467.3280 -0.5932 0.1651 -0.5633 -0.0619 -0.0434 -0.2013 0.9766
1305031467.3597 -0.5810 0.1656 -0.5712 -0.0637 -0.0493 -0.2026 0.9759
1305031467.3958 -0.5697 0.1682 -0.5749 -0.0672 -0.0548 -0.2063 0.9746
1305031467.4278 -0.5640 0.1669 -0.5793 -0.0679 -0.0573 -0.2082 0.9740
1305031467.4597 -0.5548 0.1628 -0.5862 -0.0689 -0.0624 -0.2090 0.9735
1305031467.4961 -0.5393 0.1680 -0.6022 -0.0702 -0.0693 -0.2131 0.9720
1305031467.5277 -0.5258 0.1655 -0.6053 -0.0738 -0.0727 -0.2167 0.9707
1305031467.5598 -0.5171 0.1637 -0.6041 -0.0739 -0.0738 -0.2175 0.9705
1305031467.5960 -0.5120 0.1593 -0.6109 -0.0747 -0.0741 -0.2163 0.9706
1305031467.6275 -0.5039 0.1628 -0.6064 -0.0718 -0.0773 -0.2130 0.9713
1305031467.6596 -0.5009 0.1530 -0.6064 -0.0694 -0.0805 -0.2128 0.9713
1305031467.6959 -0.4968 0.1475 -0.6077 -0.0691 -0.0822 -0.2146 0.9708
1305031467.7275 -0.4901 0.1416 -0.5987 -0.0666 -0.0849 -0.2195 0.9696
1305031467.7599 -0.4857 0.1377 -0.5939 -0.0621 -0.0867 -0.2221 0.9692
1305031467.7961 -0.4841 0.1356 -0.5924 -0.0596 -0.0879 -0.2244 0.9687
1305031467.8278 -0.4840 0.1298 -0.5786 -0.0561 -0.0891 -0.2249 0.9687
1305031467.8597 -0.4776 0.1299 -0.5760 -0.0465 -0.0929 -0.2223 0.9694
1305031467.8959 -0.4747 0.1189 -0.5740 -0.0448 -0.0969 -0.2213 0.9693
1305031467.9278 -0.4722 0.1165 -0.5497 -0.0428 -0.1032 -0.2241 0.9681
1305031467.9598 -0.4667 0.1085 -0.5380 -0.0365 -0.1079 -0.2254 0.9676
1305031467.9958 -0.4599 0.1055 -0.5334 -0.0354 -0.1099 -0.2264 0.9672
1305031468.0281 -0.4557 0.1031 -0.5170 -0.0357 -0.1101 -0.2283 0.9667
1305031468.0598 -0.4561 0.0843 -0.5076 -0.0343 -0.1120 -0.2325 0.9655
1305031468.0959 -0.4498 0.0776 -0.5041 -0.0338 -0.1148 -0.2338 0.9649
1305031468.1278 -0.4434 0.0730 -0.4895 -0.0344 -0.1169 -0.2342 0.9645
1305031468.1599 -0.4414 0.0662 -0.4791 -0.0339 -0.1181 -0.2355 0.9641
1305031468.1960 -0.4327 0.0614 -0.4679 -0.0336 -0.1194 -0.2382 0.9633
1305031468.2282 -0.4246 0.0549 -0.4528 -0.0341 -0.1193 -0.2385 0.9632
1305031468.2598 -0.4106 0.0425 -0.4301 -0.0345 -0.1207 -0.2366 0.9635
1305031468.2958 -0.4037 0.0339 -0.4167 -0.0340 -0.1181 -0.2374 0.9636
1305031468.3278 -0.3934 0.0150 -0.3987 -0.0339 -0.1192 -0.2363 0.9637
1305031468.3598 -0.3835 -0.0025 -0.3849 -0.0317 -0.1177 -0.2335 0.9647
1305031468.4598 -0.3702 -0.0450 -0.3470 -0.0379 -0.1176 -0.2266 0.9661
1305031468.5278 -0.3701 -0.0624 -0.3120 -0.0376 -0.1151 -0.2318 0.9652
1305031468.5597 -0.3795 -0.0815 -0.3098 -0.0334 -0.1150 -0.2425 0.9627
1305031468.6596 -0.3955 -0.1167 -0.2923 -0.0369 -0.1192 -0.2498 0.9602
1305031468.6958 -0.4123 -0.1330 -0.2835 -0.0344 -0.1219 -0.2547 0.9587
1305031468.7278 -0.4151 -0.1426 -0.2769 -0.0294 -0.1286 -0.2548 0.9579
1305031468.7958 -0.4249 -0.1645 -0.2626 -0.0231 -0.1358 -0.2594 0.9559
1305031468.8292 -0.4406 -0.1820 -0.2634 -0.0174 -0.1361 -0.2664 0.9541
1305031468.9596 -0.4425 -0.1995 -0.2472 -0.0221 -0.1201 -0.2663 0.9561
1305031469.0277 -0.4464 -0.1955 -0.2348 -0.0531 -0.1114 -0.2740 0.9538
1305031469.1277 -0.4430 -0.2107 -0.1994 -0.0909 -0.1053 -0.2954 0.9452
1305031469.1955 -0.4406 -0.2286 -0.1785 -0.1102 -0.0889 -0.3030 0.9424
1305031469.2596 -0.4500 -0.2302 -0.1496 -0.1216 -0.0782 -0.3076 0.9405
1305031469.2968 -0.4538 -0.2376 -0.1380 -0.1286 -0.0742 -0.3097 0.9392
1305031469.3276 -0.4504 -0.2338 -0.1271 -0.1318 -0.0726 -0.3092 0.9390
1305031469.3596 -0.4418 -0.2421 -0.1096 -0.1416 -0.0711 -0.3138 0.9362
1305031469.3957 -0.4367 -0.2500 -0.0907 -0.1446 -0.0623 -0.3198 0.9343
1305031469.4277 -0.4348 -0.2449 -0.0794 -0.1429 -0.0508 -0.3271 0.9327
1305031469.4597 -0.4353 -0.2496 -0.0626 -0.1476 -0.0432 -0.3355 0.9294
1305031469.4957 -0.4373 -0.2406 -0.0511 -0.1474 -0.0391 -0.3380 0.9287
1305031469.5276 -0.4298 -0.2366 -0.0414 -0.1501 -0.0419 -0.3374 0.9284
1305031469.5596 -0.4311 -0.2324 -0.0289 -0.1583 -0.0407 -0.3368 0.9273
1305031469.6596 -0.4272 -0.2062 0.0142 -0.1842 -0.0325 -0.3334 0.9240
1305031469.7596 -0.4280 -0.1629 0.0388 -0.1964 -0.0146 -0.3268 0.9243
1305031469.9279 -0.4444 -0.0723 0.0889 -0.2199 -0.0120 -0.3099 0.9249
1305031470.1276 -0.4891 0.0345 0.1049 -0.2272 -0.0137 -0.2972 0.9273
1305031470.2957 -0.5383 0.1111 0.1011 -0.2404 -0.0116 -0.2790 0.9296
1305031470.4597 -0.5910 0.1790 0.1020 -0.2499 -0.0151 -0.2621 0.9320
1305031470.6597 -0.6528 0.2323 0.0996 -0.2495 -0.0137 -0.2446 0.9369
1305031470.6956 -0.6659 0.2432 0.0988 -0.2484 -0.0112 -0.2419 0.9379
1305031470.7277 -0.6765 0.2489 0.1026 -0.2491 -0.0113 -0.2403 0.9381
1305031470.7597 -0.6833 0.2532 0.1010 -0.2481 -0.0074 -0.2392 0.9387
1305031470.7956 -0.6908 0.2607 0.1021 -0.2466 -0.0025 -0.2360 0.9399
1305031470.8278 -0.7027 0.2692 0.1035 -0.2413 0.0021 -0.2317 0.9424
1305031470.8596 -0.7144 0.2732 0.1035 -0.2362 0.0045 -0.2266 0.9449
1305031470.8957 -0.7241 0.2775 0.1014 -0.2314 0.0054 -0.2193 0.9478
1305031470.9277 -0.7316 0.2887 0.1042 -0.2220 0.0029 -0.2148 0.9511
1305031470.9596 -0.7434 0.2890 0.1018 -0.2115 -0.0001 -0.2141 0.9536
1305031470.9960 -0.7461 0.2902 0.0977 -0.2001 -0.0040 -0.2128 0.9564
1305031471.0276 -0.7517 0.2937 0.0942 -0.1861 -0.0038 -0.2129 0.9592
1305031471.0596 -0.7558 0.2948 0.0925 -0.1730 -0.0048 -0.2113 0.9620
1305031471.0958 -0.7585 0.2957 0.0898 -0.1617 -0.0072 -0.2040 0.9655
1305031471.1277 -0.7674 0.2993 0.0874 -0.1524 -0.0059 -0.1971 0.9685
1305031471.1596 -0.7656 0.2992 0.0844 -0.1450 -0.0099 -0.1905 0.9709
1305031471.1957 -0.7692 0.3042 0.0832 -0.1394 -0.0078 -0.1877 0.9723
1305031471.2276 -0.7745 0.3056 0.0837 -0.1383 -0.0050 -0.1843 0.9731
1305031471.2597 -0.7771 0.3049 0.0846 -0.1386 -0.0047 -0.1830 0.9733
1305031471.2961 -0.7794 0.3034 0.0855 -0.1381 -0.0045 -0.1795 0.9740
1305031471.3276 -0.7799 0.3069 0.0836 -0.1317 -0.0027 -0.1772 0.9753
1305031471.3596 -0.7826 0.3074 0.0828 -0.1309 0.0033 -0.1753 0.9758
1305031471.3957 -0.7897 0.3037 0.0847 -0.1325 0.0097 -0.1729 0.9759
1305031471.4277 -0.7936 0.3056 0.0825 -0.1275 0.0115 -0.1672 0.9776
1305031471.4965 -0.8061 0.3016 0.0784 -0.1306 0.0151 -0.1585 0.9786
1305031471.5276 -0.8093 0.3013 0.0780 -0.1308 0.0162 -0.1565 0.9788
1305031471.5597 -0.8106 0.3017 0.0757 -0.1304 0.0170 -0.1555 0.9791
1305031471.5957 -0.8116 0.2996 0.0748 -0.1316 0.0189 -0.1539 0.9791
1305031471.6276 -0.8137 0.3017 0.0721 -0.1294 0.0219 -0.1538 0.9793
1305031471.6596 -0.8160 0.3015 0.0698 -0.1281 0.0251 -0.1534 0.9795
1305031471.7958 -0.8308 0.2971 0.0573 -0.1297 0.0498 -0.1367 0.9808
1305031471.9956 -0.8429 0.3164 0.0539 -0.1371 0.0849 -0.1076 0.9810
1305031472.4636 -0.8901 0.3126 0.0895 -0.1369 0.1165 -0.0876 0.9798
1305031472.6958 -0.8903 0.2889 0.0936 -0.1288 0.1174 -0.0792 0.9815
1305031472.9638 -0.8849 0.2778 0.1020 -0.1167 0.1154 -0.0800 0.9832
