1305031453.3917 0.0000 0.0000 0.0000 0.0000 0.0000 0.0000 1.0000
1305031453.5237 0.0085 0.0107 -0.0450 0.0136 0.0232 0.0345 0.9990
1305031453.6277 0.0002 0.0280 -0.0894 0.0348 0.0320 0.0488 0.9977
1305031453.6917 -0.0076 0.0432 -0.1322 0.0481 0.0221 0.0440 0.9976
1305031453.8278 -0.0340 0.0637 -0.1780 0.0607 -0.0089 0.0193 0.9979
1305031453.9277 -0.0628 0.0769 -0.2035 0.0589 -0.0571 0.0031 0.9966
1305031453.9596 -0.0662 0.0805 -0.2065 0.0576 -0.0742 -0.0024 0.9956
1305031453.9916 -0.0743 0.0792 -0.2066 0.0561 -0.0877 -0.0113 0.9945
1305031454.0277 -0.0821 0.0851 -0.2055 0.0590 -0.1019 -0.0165 0.9929
1305031454.0597 -0.0884 0.0952 -0.2084 0.0625 -0.1141 -0.0212 0.9913
1305031454.0917 -0.1029 0.1045 -0.1940 0.0671 -0.1246 -0.0297 0.9895
1305031454.1277 -0.1137 0.1071 -0.1814 0.0715 -0.1389 -0.0401 0.9869
1305031454.1597 -0.1316 0.1134 -0.1800 0.0735 -0.1502 -0.0495 0.9847
1305031454.1917 -0.1437 0.1151 -0.1775 0.0726 -0.1653 -0.0587 0.9818
1305031454.2277 -0.1542 0.1369 -0.1634 0.0853 -0.1831 -0.0746 0.9765
1305031454.2596 -0.1539 0.1312 -0.1644 0.0863 -0.1985 -0.0873 0.9724
1305031454.2916 -0.1640 0.1390 -0.1628 0.0879 -0.2066 -0.0972 0.9696
1305031454.3277 -0.1775 0.1388 -0.1576 0.0885 -0.2154 -0.1097 0.9663
1305031454.3596 -0.1920 0.1412 -0.1691 0.0943 -0.2220 -0.1234 0.9626
1305031454.3917 -0.1998 0.1491 -0.1709 0.0969 -0.2306 -0.1326 0.9591
1305031454.4275 -0.2076 0.1566 -0.1738 0.1000 -0.2416 -0.1416 0.9548
1305031454.4599 -0.2178 0.1608 -0.1752 0.1024 -0.2511 -0.1514 0.9505
1305031454.4916 -0.2237 0.1620 -0.1701 0.1044 -0.2569 -0.1662 0.9463
1305031454.5277 -0.2262 0.1738 -0.1733 0.1070 -0.2638 -0.1798 0.9416
1305031454.5596 -0.2212 0.1783 -0.1685 0.1058 -0.2744 -0.1927 0.9362
1305031454.5916 -0.2226 0.1897 -0.1725 0.1074 -0.2847 -0.2044 0.9304
1305031454.6276 -0.2269 0.1965 -0.1745 0.1068 -0.2966 -0.2131 0.9248
1305031454.6595 -0.2282 0.2083 -0.1720 0.1049 -0.3096 -0.2188 0.9194
1305031454.6919 -0.2328 0.2188 -0.1681 0.1033 -0.3233 -0.2237 0.9137
1305031454.7277 -0.2323 0.2233 -0.1714 0.1010 -0.3364 -0.2279 0.9081
1305031454.7597 -0.2380 0.2288 -0.1614 0.0975 -0.3430 -0.2248 0.9068
1305031454.7916 -0.2376 0.2357 -0.1562 0.0941 -0.3460 -0.2181 0.9077
1305031454.8276 -0.2324 0.2455 -0.1536 0.0918 -0.3482 -0.2113 0.9086
1305031454.8596 -0.2362 0.2503 -0.1554 0.0865 -0.3444 -0.2066 0.9117
1305031454.8918 -0.2312 0.2538 -0.1540 0.0802 -0.3422 -0.1981 0.9150
1305031454.9276 -0.2274 0.2616 -0.1548 0.0762 -0.3393 -0.1911 0.9179
1305031454.9596 -0.2313 0.2689 -0.1600 0.0741 -0.3342 -0.1873 0.9207
1305031454.9919 -0.2320 0.2678 -0.1565 0.0684 -0.3349 -0.1822 0.9219
1305031455.0278 -0.2319 0.2719 -0.1599 0.0677 -0.3342 -0.1804 0.9226
1305031455.0596 -0.2327 0.2747 -0.1608 0.0659 -0.3331 -0.1784 0.9235
1305031455.0917 -0.2358 0.2775 -0.1638 0.0664 -0.3309 -0.1780 0.9243
1305031455.1277 -0.2388 0.2870 -0.1680 0.0690 -0.3274 -0.1774 0.9255
1305031455.1597 -0.2469 0.2921 -0.1722 0.0674 -0.3236 -0.1746 0.9275
1305031455.1917 -0.2503 0.2925 -0.1709 0.0626 -0.3240 -0.1700 0.9285
1305031455.2276 -0.2557 0.2936 -0.1753 0.0611 -0.3219 -0.1670 0.9299
1305031455.2596 -0.2584 0.3059 -0.1796 0.0615 -0.3191 -0.1623 0.9317
1305031455.2918 -0.2654 0.3028 -0.1808 0.0493 -0.3175 -0.1525 0.9346
1305031455.3278 -0.2736 0.3101 -0.1906 0.0444 -0.3143 -0.1428 0.9375
1305031455.3596 -0.2791 0.3203 -0.1831 0.0370 -0.3158 -0.1335 0.9387
1305031455.3917 -0.2839 0.3077 -0.1832 0.0199 -0.3137 -0.1266 0.9408
1305031455.4276 -0.2988 0.3148 -0.1918 0.0147 -0.3066 -0.1178 0.9444
1305031455.4596 -0.3102 0.3152 -0.2021 0.0109 -0.3019 -0.1133 0.9465
1305031455.4916 -0.3228 0.3177 -0.2165 0.0067 -0.2965 -0.1061 0.9491
1305031455.5276 -0.3372 0.3182 -0.2254 0.0025 -0.2926 -0.0973 0.9513
1305031455.5597 -0.3553 0.3300 -0.2399 0.0044 -0.2913 -0.0847 0.9529
1305031455.5916 -0.3715 0.3334 -0.2561 0.0011 -0.2905 -0.0734 0.9541
1305031455.6276 -0.3897 0.3300 -0.2706 -0.0042 -0.2860 -0.0639 0.9561
1305031455.6596 -0.3996 0.3290 -0.2794 -0.0028 -0.2848 -0.0584 0.9568
1305031455.6916 -0.4133 0.3318 -0.2942 0.0014 -0.2811 -0.0600 0.9578
1305031455.7276 -0.4221 0.3289 -0.3016 0.0023 -0.2788 -0.0623 0.9583
1305031455.7597 -0.4275 0.3267 -0.3065 0.0028 -0.2768 -0.0641 0.9588
1305031455.7917 -0.4336 0.3179 -0.3143 0.0018 -0.2743 -0.0636 0.9595
1305031455.8276 -0.4419 0.3146 -0.3292 0.0029 -0.2711 -0.0640 0.9604
1305031455.8595 -0.4491 0.3112 -0.3403 0.0029 -0.2694 -0.0645 0.9608
1305031455.8917 -0.4526 0.3084 -0.3489 0.0030 -0.2680 -0.0648 0.9612
1305031455.9280 -0.4582 0.3050 -0.3566 0.0020 -0.2657 -0.0650 0.9619
1305031455.9597 -0.4620 0.3049 -0.3634 0.0034 -0.2640 -0.0667 0.9622
1305031455.9917 -0.4667 0.3066 -0.3693 0.0034 -0.2611 -0.0680 0.9629
1305031456.0278 -0.4686 0.3129 -0.3754 0.0024 -0.2580 -0.0708 0.9635
1305031456.0597 -0.4785 0.2970 -0.3786 -0.0089 -0.2543 -0.0790 0.9639
1305031456.0917 -0.4845 0.2928 -0.3824 -0.0115 -0.2515 -0.0822 0.9643
1305031456.1276 -0.4888 0.2892 -0.3860 -0.0123 -0.2493 -0.0829 0.9648
1305031456.1597 -0.4920 0.2827 -0.3846 -0.0139 -0.2473 -0.0827 0.9653
1305031456.1917 -0.4924 0.2656 -0.3906 -0.0147 -0.2438 -0.0784 0.9665
1305031456.2277 -0.4909 0.2698 -0.3952 -0.0113 -0.2386 -0.0761 0.9681
1305031456.2917 -0.5000 0.2449 -0.3935 -0.0176 -0.2220 -0.0682 0.9725
1305031456.3277 -0.5083 0.2383 -0.3974 -0.0168 -0.2120 -0.0593 0.9753
1305031456.3916 -0.5178 0.2201 -0.3921 -0.0194 -0.1933 -0.0501 0.9797
1305031456.4277 -0.5206 0.2158 -0.3894 -0.0177 -0.1875 -0.0369 0.9814
1305031456.4917 -0.5628 0.2358 -0.3920 -0.0177 -0.1768 -0.0254 0.9838
1305031456.5276 -0.5823 0.2419 -0.3856 -0.0207 -0.1757 -0.0198 0.9840
1305031456.5917 -0.6085 0.2524 -0.3786 -0.0189 -0.1696 -0.0116 0.9853
1305031456.6276 -0.6131 0.2598 -0.3715 -0.0323 -0.1684 -0.0070 0.9852
1305031456.6916 -0.6520 0.2423 -0.3563 -0.0482 -0.1569 0.0042 0.9864
1305031456.7916 -0.7118 0.2496 -0.3459 -0.0541 -0.1603 0.0255 0.9853
1305031457.0276 -0.7913 0.2702 -0.3002 -0.0734 -0.1452 0.0608 0.9848
1305031457.1917 -0.8386 0.2658 -0.3128 -0.0923 -0.1184 0.0866 0.9849
1305031457.3275 -0.8777 0.2570 -0.3532 -0.0862 -0.0865 0.1107 0.9863
1305031457.4276 -0.9163 0.2449 -0.3898 -0.0809 -0.0538 0.1310 0.9866
1305031457.5276 -0.9444 0.2132 -0.4287 -0.0822 -0.0446 0.1444 0.9851
1305031457.6275 -0.9790 0.2015 -0.4644 -0.0736 -0.0309 0.1557 0.9846
1305031457.6916 -0.9996 0.1837 -0.4900 -0.0789 -0.0282 0.1618 0.9833
1305031457.7596 -1.0172 0.1541 -0.5063 -0.0808 -0.0242 0.1601 0.9835
1305031457.7916 -1.0180 0.1295 -0.5086 -0.0779 -0.0204 0.1590 0.9840
1305031457.8277 -1.0228 0.1361 -0.5216 -0.0643 -0.0152 0.1624 0.9845
1305031457.8916 -1.0483 0.1101 -0.5322 -0.0556 0.0023 0.1619 0.9852
1305031457.9276 -1.0587 0.1060 -0.5369 -0.0420 0.0075 0.1662 0.9852
1305031457.9916 -1.0944 0.0922 -0.5395 -0.0289 0.0151 0.1712 0.9847
1305031458.0278 -1.0936 0.0824 -0.5439 -0.0207 0.0167 0.1759 0.9841
1305031458.0597 -1.1025 0.0871 -0.5498 -0.0107 0.0204 0.1792 0.9835
1305031458.0917 -1.1105 0.0866 -0.5490 -0.0105 0.0229 0.1801 0.9833
1305031458.1276 -1.1148 0.0785 -0.5469 -0.0126 0.0244 0.1803 0.9832
1305031458.1596 -1.1229 0.0691 -0.5474 -0.0135 0.0262 0.1816 0.9829
1305031458.1916 -1.1390 0.0597 -0.5463 -0.0154 0.0278 0.1860 0.9820
1305031458.2276 -1.1538 0.0456 -0.5274 -0.0240 0.0267 0.1852 0.9820
1305031458.2599 -1.1798 0.0251 -0.5203 -0.0266 0.0277 0.1821 0.9825
1305031458.2917 -1.1939 -0.0030 -0.5227 -0.0253 0.0236 0.1833 0.9824
1305031458.3276 -1.2127 -0.0051 -0.5134 -0.0222 0.0182 0.1842 0.9825
1305031458.3596 -1.2205 -0.0316 -0.4984 -0.0221 0.0124 0.1851 0.9824
1305031458.3916 -1.2434 -0.0277 -0.4943 -0.0077 0.0122 0.1912 0.9814
1305031458.4276 -1.2500 -0.0253 -0.4847 -0.0000 0.0115 0.2024 0.9792
1305031458.4596 -1.2441 -0.0299 -0.4719 0.0107 0.0133 0.2072 0.9781
1305031458.4917 -1.2351 -0.0430 -0.4627 0.0239 0.0176 0.2072 0.9779
1305031458.5277 -1.2524 -0.0216 -0.4612 0.0474 0.0275 0.2074 0.9767
1305031458.5596 -1.2683 -0.0162 -0.4477 0.0550 0.0362 0.2027 0.9770
1305031458.5916 -1.2897 -0.0124 -0.4435 0.0645 0.0446 0.1952 0.9776
1305031458.6277 -1.2989 0.0027 -0.4210 0.0703 0.0446 0.1936 0.9775
1305031458.6596 -1.3253 0.0048 -0.4194 0.0659 0.0437 0.1926 0.9781
1305031458.6917 -1.3406 0.0026 -0.4019 0.0632 0.0315 0.1841 0.9804
1305031458.7276 -1.3390 0.0055 -0.3849 0.0659 0.0151 0.1783 0.9816
1305031458.7599 -1.3505 0.0041 -0.3764 0.0712 0.0016 0.1715 0.9826
1305031458.7916 -1.3578 0.0079 -0.3616 0.0738 -0.0122 0.1659 0.9833
1305031458.8276 -1.3601 0.0051 -0.3381 0.0694 -0.0196 0.1641 0.9838
1305031458.8917 -1.3659 0.0003 -0.3089 0.0769 -0.0224 0.1536 0.9849
1305031458.9276 -1.3733 0.0075 -0.3066 0.0776 -0.0174 0.1545 0.9848
1305031458.9596 -1.3784 0.0003 -0.2959 0.0689 -0.0136 0.1647 0.9838
1305031458.9916 -1.3828 -0.0125 -0.2980 0.0676 -0.0112 0.1688 0.9833
1305031459.0277 -1.4114 -0.0074 -0.2897 0.0826 -0.0090 0.1688 0.9821
1305031459.0596 -1.4245 -0.0197 -0.2857 0.0881 -0.0175 0.1809 0.9794
1305031459.1276 -1.3948 0.0909 -0.2278 0.1286 -0.0392 0.1808 0.9743
1305031459.1596 -1.4044 0.0949 -0.2188 0.1399 -0.0667 0.1816 0.9711
1305031459.1917 -1.4199 0.0915 -0.2055 0.1450 -0.0831 0.1859 0.9682
1305031459.2276 -1.4293 0.0944 -0.1972 0.1493 -0.0964 0.1926 0.9650
1305031459.2598 -1.4356 0.0959 -0.1835 0.1487 -0.0984 0.1994 0.9636
1305031459.3276 -1.4571 0.1048 -0.1424 0.1451 -0.0703 0.2238 0.9612
1305031459.3597 -1.4700 0.1108 -0.1255 0.1465 -0.0475 0.2420 0.9580
1305031459.3917 -1.4925 0.1273 -0.1189 0.1418 -0.0183 0.2634 0.9540
1305031459.4276 -1.4856 0.1339 -0.1097 0.1235 0.0069 0.2939 0.9478
1305031459.4597 -1.4983 0.1367 -0.1200 0.1145 0.0402 0.3330 0.9351
1305031459.5276 -1.5478 0.1636 -0.1068 0.1156 0.0578 0.3167 0.9397
1305031459.5596 -1.5549 0.1483 -0.1112 0.1008 0.0709 0.3425 0.9314
1305031459.5917 -1.5640 0.1493 -0.1089 0.0951 0.0736 0.3622 0.9243
1305031459.6276 -1.5750 0.1537 -0.1057 0.0938 0.0745 0.3709 0.9209
1305031459.6596 -1.5839 0.1560 -0.1003 0.0954 0.0798 0.3713 0.9201
1305031459.6916 -1.6006 0.1515 -0.1049 0.0905 0.0910 0.3753 0.9180
1305031459.7276 -1.6062 0.1374 -0.1078 0.0827 0.0957 0.3789 0.9168
1305031459.7917 -1.6373 0.1101 -0.1141 0.0816 0.1053 0.3754 0.9172
1305031459.8277 -1.6551 0.0987 -0.1057 0.0818 0.1089 0.3730 0.9178
1305031459.8597 -1.6795 0.0855 -0.1063 0.0797 0.1116 0.3717 0.9182
1305031459.8916 -1.6919 0.0658 -0.1033 0.0737 0.1096 0.3747 0.9177
1305031459.9276 -1.7047 0.0485 -0.1029 0.0714 0.1088 0.3764 0.9173
1305031459.9917 -1.7196 0.0201 -0.0931 0.0637 0.1033 0.3870 0.9141
1305031460.0276 -1.7312 0.0067 -0.0905 0.0625 0.1057 0.3888 0.9131
1305031460.0597 -1.7424 -0.0083 -0.0874 0.0621 0.1070 0.3916 0.9118
1305031460.0917 -1.7560 -0.0315 -0.0900 0.0598 0.1045 0.3979 0.9095
1305031460.1277 -1.7621 -0.0383 -0.0877 0.0655 0.0939 0.4025 0.9082
1305031460.1597 -1.7735 -0.0483 -0.0857 0.0707 0.0859 0.4079 0.9062
1305031460.1916 -1.7773 -0.0553 -0.0737 0.0701 0.0796 0.4136 0.9043
1305031460.2278 -1.7807 -0.0562 -0.0650 0.0728 0.0804 0.4142 0.9037
1305031460.2917 -1.7919 -0.0705 -0.0600 0.0784 0.0972 0.4143 0.9015
1305031460.3275 -1.7935 -0.0780 -0.0594 0.0790 0.1029 0.4157 0.9002
1305031460.3916 -1.7995 -0.0880 -0.0496 0.0756 0.1216 0.4204 0.8960
1305031460.4275 -1.8063 -0.0962 -0.0482 0.0748 0.1314 0.4243 0.8928
1305031460.4596 -1.8073 -0.0915 -0.0355 0.0749 0.1441 0.4247 0.8906
1305031460.4915 -1.8124 -0.1024 -0.0371 0.0664 0.1592 0.4300 0.8862
1305031460.5276 -1.8159 -0.1124 -0.0386 0.0578 0.1713 0.4379 0.8807
1305031460.5596 -1.8198 -0.1251 -0.0348 0.0514 0.1815 0.4414 0.8772
1305031460.5919 -1.8269 -0.1380 -0.0306 0.0465 0.1922 0.4424 0.8747
1305031460.6276 -1.8289 -0.1367 -0.0242 0.0480 0.1968 0.4431 0.8733
1305031460.6598 -1.8352 -0.1466 -0.0211 0.0459 0.2038 0.4432 0.8718
1305031460.6917 -1.8386 -0.1503 -0.0198 0.0448 0.2059 0.4431 0.8713
1305031460.7277 -1.8406 -0.1545 -0.0175 0.0427 0.2071 0.4434 0.8710
1305031460.7597 -1.8422 -0.1634 -0.0149 0.0400 0.2108 0.4421 0.8709
1305031460.7917 -1.8472 -0.1741 -0.0125 0.0371 0.2145 0.4418 0.8703
1305031460.8277 -1.8513 -0.1778 -0.0044 0.0358 0.2168 0.4401 0.8707
1305031460.8597 -1.8523 -0.1819 -0.0005 0.0330 0.2190 0.4383 0.8711
1305031460.8918 -1.8540 -0.1881 0.0035 0.0295 0.2220 0.4361 0.8716
1305031460.9276 -1.8569 -0.1948 0.0075 0.0267 0.2238 0.4356 0.8715
1305031460.9917 -1.8503 -0.2180 0.0191 0.0226 0.2268 0.4389 0.8692
1305031461.0276 -1.8503 -0.2315 0.0247 0.0208 0.2293 0.4401 0.8679
1305031461.0917 -1.8586 -0.2465 0.0403 0.0239 0.2298 0.4385 0.8685
1305031461.1276 -1.8568 -0.2518 0.0478 0.0235 0.2305 0.4370 0.8691
1305031461.1597 -1.8593 -0.2649 0.0549 0.0242 0.2352 0.4339 0.8694
1305031461.1920 -1.8647 -0.2646 0.0642 0.0286 0.2384 0.4284 0.8711
1305031461.2276 -1.8667 -0.2693 0.0684 0.0290 0.2402 0.4274 0.8711
1305031461.2596 -1.8687 -0.2772 0.0750 0.0298 0.2429 0.4235 0.8722
1305031461.2917 -1.8666 -0.2816 0.0797 0.0310 0.2440 0.4175 0.8747
1305031461.3278 -1.8678 -0.2800 0.0863 0.0341 0.2466 0.4140 0.8756
1305031461.3597 -1.8686 -0.2792 0.0924 0.0323 0.2496 0.4113 0.8761
1305031461.3917 -1.8647 -0.2895 0.0974 0.0253 0.2503 0.4108 0.8763
1305031461.4276 -1.8586 -0.2902 0.0997 0.0256 0.2494 0.4106 0.8767
1305031461.4598 -1.8635 -0.2870 0.1038 0.0258 0.2511 0.4091 0.8769
1305031461.4917 -1.8525 -0.2920 0.1025 0.0226 0.2488 0.4110 0.8768
1305031461.5277 -1.8585 -0.2879 0.1080 0.0291 0.2531 0.4069 0.8772
1305031461.5597 -1.8554 -0.2817 0.1103 0.0306 0.2543 0.4032 0.8785
1305031461.5917 -1.8418 -0.2695 0.1034 0.0317 0.2548 0.4004 0.8796
1305031461.6275 -1.8424 -0.2649 0.1057 0.0306 0.2629 0.4003 0.8773
1305031461.6596 -1.8398 -0.2598 0.1079 0.0295 0.2672 0.3994 0.8765
1305031461.6916 -1.8427 -0.2551 0.1110 0.0293 0.2721 0.4036 0.8730
1305031461.7276 -1.8398 -0.2498 0.1158 0.0282 0.2742 0.4075 0.8706
1305031461.7597 -1.8348 -0.2384 0.1129 0.0287 0.2744 0.4081 0.8703
1305031461.7916 -1.8317 -0.2334 0.1133 0.0240 0.2789 0.4116 0.8673
1305031461.8276 -1.8260 -0.2269 0.1056 0.0206 0.2828 0.4154 0.8643
1305031461.8598 -1.8311 -0.2073 0.1119 0.0241 0.2902 0.4213 0.8589
1305031461.8917 -1.8329 -0.1935 0.1097 0.0210 0.2911 0.4359 0.8514
1305031461.9278 -1.8277 -0.1890 0.1242 0.0108 0.2925 0.4457 0.8460
1305031461.9597 -1.8187 -0.1727 0.1179 0.0063 0.2952 0.4483 0.8437
1305031461.9916 -1.8285 -0.1555 0.1172 -0.0008 0.3021 0.4544 0.8380
1305031462.0277 -1.8331 -0.1703 0.1307 -0.0202 0.3091 0.4650 0.8293
1305031462.0598 -1.8297 -0.1577 0.1304 -0.0234 0.3002 0.4780 0.8251
1305031462.0918 -1.8284 -0.1454 0.1275 -0.0266 0.2911 0.4889 0.8219
1305031462.1277 -1.8254 -0.1354 0.1298 -0.0302 0.2865 0.4987 0.8175
1305031462.1596 -1.8213 -0.1263 0.1293 -0.0347 0.2809 0.5063 0.8146
1305031462.1916 -1.8286 -0.1032 0.1335 -0.0292 0.2793 0.5024 0.8178
1305031462.2276 -1.8322 -0.0924 0.1315 -0.0357 0.2764 0.5006 0.8196
1305031462.2598 -1.8431 -0.0887 0.1335 -0.0417 0.2783 0.4948 0.8222
1305031462.2916 -1.8492 -0.0839 0.1383 -0.0494 0.2776 0.4876 0.8263
1305031462.3597 -1.8628 -0.0517 0.1448 -0.0530 0.2726 0.4736 0.8358
1305031462.4599 -1.8978 0.0595 0.1712 -0.0283 0.2455 0.4573 0.8543
1305031462.6925 -1.9390 0.0773 0.1796 -0.0575 0.2270 0.4026 0.8849
1305031462.7919 -1.9516 0.0872 0.1715 -0.0646 0.2159 0.3699 0.9013
1305031462.9276 -1.9513 0.1323 0.1545 -0.0657 0.2093 0.3487 0.9112
1305031463.0277 -1.9402 0.1585 0.1305 -0.0547 0.1999 0.3370 0.9184
1305031463.0958 -1.9347 0.1758 0.1084 -0.0476 0.1923 0.3177 0.9273
1305031463.1598 -1.9284 0.1865 0.0822 -0.0406 0.1907 0.2999 0.9338
1305031463.2600 -1.9099 0.2177 0.0577 -0.0313 0.1891 0.2820 0.9401
1305031463.3598 -1.8923 0.2434 0.0315 -0.0210 0.1826 0.2690 0.9454
1305031463.4598 -1.8737 0.2882 0.0255 -0.0058 0.1827 0.2592 0.9484
1305031463.5277 -1.8487 0.3124 0.0214 -0.0023 0.1918 0.2513 0.9487
1305031463.6276 -1.8174 0.3450 -0.0013 0.0104 0.1923 0.2441 0.9504
1305031463.6598 -1.8016 0.3549 -0.0188 0.0208 0.1912 0.2400 0.9515
1305031463.7276 -1.7842 0.3653 -0.0434 0.0256 0.1958 0.2287 0.9533
1305031463.7597 -1.7688 0.3662 -0.0598 0.0324 0.1994 0.2197 0.9544
1305031463.7956 -1.7508 0.3689 -0.0844 0.0379 0.1976 0.2096 0.9569
1305031463.8599 -1.7175 0.3668 -0.1164 0.0414 0.1990 0.1903 0.9605
1305031463.8956 -1.7126 0.3743 -0.1361 0.0493 0.2026 0.1759 0.9621
1305031463.9597 -1.6836 0.3620 -0.1702 0.0491 0.1950 0.1636 0.9658
1305031463.9958 -1.6814 0.3618 -0.1828 0.0561 0.1955 0.1539 0.9669
1305031464.0597 -1.6582 0.3543 -0.2144 0.0586 0.1922 0.1344 0.9703
1305031464.0956 -1.6570 0.3465 -0.2303 0.0619 0.1959 0.1226 0.9710
1305031464.1277 -1.6585 0.3402 -0.2413 0.0627 0.1975 0.1175 0.9712
1305031464.1598 -1.6564 0.3367 -0.2522 0.0691 0.1953 0.1148 0.9716
1305031464.1956 -1.6487 0.3276 -0.2614 0.0783 0.1888 0.1093 0.9728
1305031464.2276 -1.6545 0.3348 -0.2819 0.0905 0.1808 0.0985 0.9744
1305031464.2596 -1.6589 0.3405 -0.2890 0.0974 0.1676 0.0960 0.9763
1305031464.2957 -1.6611 0.3395 -0.2923 0.0989 0.1547 0.0895 0.9789
1305031464.3279 -1.6419 0.3408 -0.3074 0.0994 0.1375 0.0819 0.9821
1305031464.3597 -1.6385 0.3374 -0.3115 0.1022 0.1329 0.0729 0.9831
1305031464.3956 -1.6326 0.3441 -0.3191 0.1086 0.1309 0.0600 0.9836
1305031464.4276 -1.6306 0.3459 -0.3330 0.1102 0.1322 0.0520 0.9837
1305031464.4597 -1.6327 0.3422 -0.3472 0.1111 0.1336 0.0436 0.9838
1305031464.4956 -1.6259 0.3411 -0.3585 0.1121 0.1326 0.0369 0.9841
1305031464.5276 -1.6257 0.3436 -0.3763 0.1134 0.1348 0.0297 0.9839
1305031464.5597 -1.6140 0.3383 -0.3888 0.1107 0.1335 0.0198 0.9847
1305031464.5957 -1.5988 0.3266 -0.4133 0.1118 0.1371 0.0053 0.9842
1305031464.6277 -1.5840 0.3265 -0.4324 0.1255 0.1469 0.0004 0.9812
1305031464.6597 -1.5730 0.3174 -0.4465 0.1359 0.1585 -0.0079 0.9779
1305031464.6957 -1.5536 0.3162 -0.4683 0.1511 0.1649 -0.0228 0.9744
1305031464.7277 -1.5422 0.3260 -0.4684 0.1731 0.1692 -0.0399 0.9695
1305031464.7597 -1.5418 0.3206 -0.4780 0.1833 0.1694 -0.0558 0.9667
1305031464.7960 -1.5407 0.3123 -0.4865 0.1878 0.1661 -0.0758 0.9651
1305031464.8278 -1.5416 0.3217 -0.4765 0.2006 0.1553 -0.0924 0.9629
1305031464.8597 -1.5357 0.3395 -0.4733 0.2087 0.1399 -0.1118 0.9614
1305031464.8958 -1.5256 0.3326 -0.4776 0.2033 0.1259 -0.1305 0.9622
1305031464.9278 -1.4961 0.3085 -0.4810 0.1967 0.1114 -0.1512 0.9623
1305031464.9598 -1.4935 0.2923 -0.4830 0.1967 0.1093 -0.1696 0.9595
1305031464.9957 -1.4899 0.2959 -0.4724 0.2036 0.1112 -0.1888 0.9542
1305031465.0278 -1.4865 0.2987 -0.4575 0.2078 0.1146 -0.2072 0.9491
1305031465.0597 -1.4855 0.3113 -0.4340 0.2152 0.1136 -0.2282 0.9427
1305031465.0957 -1.4592 0.3352 -0.4233 0.2118 0.1023 -0.2466 0.9401
1305031465.1277 -1.4356 0.3363 -0.3944 0.1952 0.0927 -0.2614 0.9407
1305031465.1598 -1.4197 0.3294 -0.3710 0.1769 0.0841 -0.2701 0.9427
1305031465.1956 -1.4056 0.3077 -0.3547 0.1586 0.0753 -0.2802 0.9438
1305031465.2279 -1.3899 0.3030 -0.3303 0.1450 0.0703 -0.2867 0.9444
1305031465.2598 -1.3760 0.2767 -0.3093 0.1264 0.0625 -0.2894 0.9468
1305031465.3277 -1.3524 0.2838 -0.2768 0.1126 0.0447 -0.2721 0.9546
1305031465.3956 -1.3199 0.2754 -0.2499 0.1038 0.0121 -0.2544 0.9614
1305031465.4277 -1.2985 0.2730 -0.2450 0.1041 -0.0008 -0.2457 0.9637
1305031465.4601 -1.2813 0.2757 -0.2480 0.1049 -0.0103 -0.2369 0.9658
1305031465.4957 -1.2586 0.2850 -0.2458 0.1036 -0.0194 -0.2277 0.9680
1305031465.5276 -1.2490 0.2796 -0.2472 0.1003 -0.0246 -0.2253 0.9688
1305031465.5598 -1.2303 0.2812 -0.2476 0.1038 -0.0324 -0.2225 0.9688
1305031465.5956 -1.2118 0.2822 -0.2518 0.1059 -0.0377 -0.2173 0.9696
1305031465.6277 -1.2004 0.2886 -0.2509 0.1092 -0.0408 -0.2107 0.9706
1305031465.6601 -1.1878 0.2916 -0.2533 0.1105 -0.0473 -0.2061 0.9711
1305031465.6957 -1.1670 0.2926 -0.2538 0.1131 -0.0546 -0.2018 0.9713
1305031465.7277 -1.1485 0.3012 -0.2532 0.1191 -0.0590 -0.1957 0.9716
1305031465.7598 -1.1344 0.3112 -0.2512 0.1248 -0.0628 -0.1904 0.9717
1305031465.7959 -1.1139 0.3132 -0.2522 0.1268 -0.0669 -0.1863 0.9720
1305031465.8280 -1.0944 0.3188 -0.2514 0.1332 -0.0718 -0.1833 0.9713
1305031465.8599 -1.0589 0.3295 -0.2582 0.1430 -0.0783 -0.1792 0.9702
1305031465.8955 -1.0336 0.3389 -0.2609 0.1475 -0.0735 -0.1784 0.9701
1305031465.9275 -1.0101 0.3359 -0.2590 0.1516 -0.0682 -0.1754 0.9704
1305031465.9597 -0.9859 0.3433 -0.2637 0.1607 -0.0621 -0.1745 0.9695
1305031465.9958 -0.9618 0.3497 -0.2717 0.1666 -0.0582 -0.1759 0.9685
1305031466.0276 -0.9369 0.3520 -0.2838 0.1686 -0.0589 -0.1770 0.9679
1305031466.0598 -0.9093 0.3661 -0.2896 0.1686 -0.0592 -0.1753 0.9682
1305031466.0958 -0.8907 0.3774 -0.2869 0.1649 -0.0615 -0.1744 0.9688
1305031466.1276 -0.8758 0.3937 -0.2852 0.1608 -0.0635 -0.1749 0.9693
1305031466.1604 -0.8608 0.4141 -0.2834 0.1586 -0.0668 -0.1727 0.9698
1305031466.1958 -0.8458 0.4323 -0.2819 0.1528 -0.0716 -0.1717 0.9706
1305031466.2280 -0.8320 0.4355 -0.2826 0.1398 -0.0760 -0.1770 0.9713
1305031466.2598 -0.8165 0.4316 -0.2928 0.1364 -0.0772 -0.1851 0.9701
1305031466.2957 -0.7921 0.4345 -0.3006 0.1396 -0.0753 -0.1947 0.9680
1305031466.3277 -0.7638 0.4370 -0.3139 0.1410 -0.0702 -0.1997 0.9671
1305031466.3598 -0.7475 0.4483 -0.3314 0.1412 -0.0598 -0.2037 0.9669
1305031466.3958 -0.7368 0.4377 -0.3482 0.1381 -0.0575 -0.2055 0.9672
1305031466.4278 -0.7237 0.4406 -0.3603 0.1411 -0.0602 -0.2092 0.9658
1305031466.4598 -0.7128 0.4464 -0.3707 0.1409 -0.0624 -0.2120 0.9650
1305031466.4958 -0.6989 0.4566 -0.3710 0.1405 -0.0639 -0.2127 0.9648
1305031466.5275 -0.6772 0.4490 -0.3818 0.1377 -0.0636 -0.2145 0.9649
1305031466.5604 -0.6566 0.4534 -0.3943 0.1376 -0.0589 -0.2143 0.9652
1305031466.5959 -0.6274 0.4571 -0.3958 0.1305 -0.0600 -0.2190 0.9651
1305031466.6275 -0.6115 0.4218 -0.4115 0.1158 -0.0580 -0.2227 0.9662
1305031466.6597 -0.5883 0.4132 -0.4191 0.1187 -0.0573 -0.2275 0.9648
1305031466.6958 -0.5656 0.4223 -0.4262 0.1211 -0.0583 -0.2335 0.9630
1305031466.7281 -0.5551 0.4251 -0.4324 0.1165 -0.0551 -0.2465 0.9605
1305031466.7596 -0.5325 0.4061 -0.4357 0.1148 -0.0580 -0.2519 0.9592
1305031466.7956 -0.5224 0.4084 -0.4452 0.1182 -0.0582 -0.2555 0.9578
1305031466.8279 -0.5063 0.4100 -0.4499 0.1164 -0.0618 -0.2568 0.9574
1305031466.8597 -0.5012 0.4064 -0.4502 0.1143 -0.0643 -0.2571 0.9574
1305031466.8957 -0.4938 0.4084 -0.4460 0.1156 -0.0719 -0.2596 0.9561
1305031466.9278 -0.4788 0.4009 -0.4511 0.1114 -0.0860 -0.2639 0.9542
1305031466.9597 -0.4675 0.3856 -0.4619 0.1064 -0.0930 -0.2684 0.9529
1305031466.9957 -0.4572 0.3807 -0.4665 0.1056 -0.0963 -0.2701 0.9522
1305031467.0278 -0.4447 0.3787 -0.4661 0.1060 -0.0996 -0.2723 0.9512
1305031467.0597 -0.4311 0.3732 -0.4742 0.1051 -0.1021 -0.2744 0.9504
1305031467.0957 -0.4210 0.3788 -0.4728 0.1063 -0.1017 -0.2770 0.9495
1305031467.1290 -0.4129 0.3748 -0.4691 0.1057 -0.1036 -0.2821 0.9479
1305031467.1597 -0.4067 0.3719 -0.4731 0.1060 -0.1045 -0.2859 0.9466
1305031467.1957 -0.3956 0.3677 -0.4781 0.1054 -0.1086 -0.2901 0.9450
1305031467.2277 -0.3858 0.3647 -0.4806 0.1046 -0.1131 -0.2942 0.9433
1305031467.2597 -0.3821 0.3661 -0.4785 0.1061 -0.1151 -0.2973 0.9419
1305031467.2958 -0.3738 0.3663 -0.4781 0.1072 -0.1182 -0.3018 0.9399
1305031467.3280 -0.3619 0.3655 -0.4855 0.1077 -0.1223 -0.3053 0.9382
1305031467.3597 -0.3490 0.3689 -0.4906 0.1059 -0.1267 -0.3080 0.9369
1305031467.3958 -0.3348 0.3655 -0.4927 0.1014 -0.1319 -0.3118 0.9355
1305031467.4278 -0.3241 0.3603 -0.4955 0.0997 -0.1367 -0.3137 0.9343
1305031467.4597 -0.3124 0.3539 -0.4997 0.0978 -0.1419 -0.3151 0.9333
1305031467.4961 -0.2925 0.3647 -0.5006 0.0976 -0.1480 -0.3192 0.9310
1305031467.5277 -0.2853 0.3617 -0.5040 0.0940 -0.1485 -0.3231 0.9299
1305031467.5598 -0.2768 0.3567 -0.5014 0.0940 -0.1501 -0.3241 0.9293
1305031467.5960 -0.2704 0.3547 -0.5041 0.0937 -0.1507 -0.3228 0.9297
1305031467.6275 -0.2626 0.3533 -0.4955 0.0950 -0.1547 -0.3222 0.9291
1305031467.6596 -0.2578 0.3479 -0.4978 0.0980 -0.1590 -0.3206 0.9286
1305031467.6959 -0.2530 0.3428 -0.5020 0.0992 -0.1606 -0.3231 0.9273
1305031467.7275 -0.2479 0.3360 -0.4921 0.1017 -0.1625 -0.3281 0.9250
1305031467.7599 -0.2460 0.3422 -0.4909 0.1098 -0.1628 -0.3316 0.9228
1305031467.7961 -0.2477 0.3449 -0.4912 0.1136 -0.1627 -0.3331 0.9218
1305031467.8278 -0.2527 0.3303 -0.4841 0.1141 -0.1635 -0.3340 0.9212
1305031467.8597 -0.2419 0.3389 -0.4777 0.1271 -0.1693 -0.3303 0.9198
1305031467.8959 -0.2470 0.3311 -0.4761 0.1285 -0.1723 -0.3312 0.9188
1305031467.9278 -0.2440 0.3210 -0.4631 0.1304 -0.1778 -0.3344 0.9163
1305031467.9598 -0.2423 0.3103 -0.4551 0.1366 -0.1826 -0.3362 0.9138
1305031467.9958 -0.2374 0.3109 -0.4495 0.1394 -0.1840 -0.3371 0.9127
1305031468.0281 -0.2367 0.2985 -0.4387 0.1377 -0.1845 -0.3395 0.9120
1305031468.0598 -0.2399 0.2849 -0.4234 0.1408 -0.1865 -0.3419 0.9102
1305031468.0959 -0.2381 0.2823 -0.4206 0.1424 -0.1880 -0.3431 0.9092
1305031468.1278 -0.2393 0.2772 -0.4110 0.1423 -0.1883 -0.3441 0.9088
1305031468.1599 -0.2403 0.2707 -0.4029 0.1438 -0.1891 -0.3459 0.9077
1305031468.1960 -0.2331 0.2564 -0.3918 0.1432 -0.1909 -0.3485 0.9064
1305031468.2282 -0.2320 0.2462 -0.3745 0.1438 -0.1905 -0.3490 0.9062
1305031468.2598 -0.2221 0.2248 -0.3577 0.1429 -0.1933 -0.3487 0.9059
1305031468.2958 -0.2191 0.2097 -0.3472 0.1433 -0.1919 -0.3498 0.9057
1305031468.3278 -0.2111 0.1735 -0.3313 0.1410 -0.1961 -0.3474 0.9061
1305031468.3598 -0.2039 0.1495 -0.3186 0.1418 -0.1985 -0.3445 0.9065
1305031468.4598 -0.2091 0.1005 -0.2944 0.1361 -0.1983 -0.3389 0.9096
1305031468.5278 -0.2216 0.0741 -0.2695 0.1370 -0.1954 -0.3436 0.9083
1305031468.5597 -0.2293 0.0626 -0.2781 0.1438 -0.1940 -0.3542 0.9035
1305031468.6596 -0.2534 0.0284 -0.2860 0.1399 -0.1951 -0.3606 0.9013
1305031468.6958 -0.2675 0.0134 -0.2869 0.1430 -0.1991 -0.3658 0.8978
1305031468.7278 -0.2771 0.0053 -0.2795 0.1481 -0.2051 -0.3669 0.8952
1305031468.7958 -0.3046 -0.0211 -0.2828 0.1504 -0.2078 -0.3716 0.8922
1305031468.8292 -0.3169 -0.0284 -0.2960 0.1581 -0.2077 -0.3785 0.8881
1305031468.9596 -0.3319 -0.0484 -0.2970 0.1553 -0.1893 -0.3798 0.8921
1305031469.0277 -0.3324 -0.0484 -0.2834 0.1274 -0.1783 -0.3868 0.8957
1305031469.1277 -0.3462 -0.0911 -0.2608 0.0859 -0.1641 -0.4094 0.8933
1305031469.1955 -0.3581 -0.1005 -0.2371 0.0732 -0.1419 -0.4176 0.8945
1305031469.2596 -0.3705 -0.1078 -0.2123 0.0642 -0.1313 -0.4221 0.8947
1305031469.2968 -0.3708 -0.1187 -0.1995 0.0591 -0.1300 -0.4241 0.8943
1305031469.3276 -0.3718 -0.1071 -0.1901 0.0602 -0.1260 -0.4253 0.8942
1305031469.3596 -0.3773 -0.1259 -0.1710 0.0490 -0.1221 -0.4303 0.8930
1305031469.3957 -0.3829 -0.1266 -0.1600 0.0513 -0.1075 -0.4344 0.8928
1305031469.4277 -0.3797 -0.1286 -0.1451 0.0543 -0.0978 -0.4396 0.8912
1305031469.4597 -0.3769 -0.1308 -0.1292 0.0554 -0.0913 -0.4460 0.8887
1305031469.4957 -0.3821 -0.1191 -0.1172 0.0580 -0.0854 -0.4477 0.8882
1305031469.5276 -0.3754 -0.1210 -0.1037 0.0548 -0.0887 -0.4466 0.8886
1305031469.5596 -0.3772 -0.1255 -0.0916 0.0459 -0.0884 -0.4484 0.8883
1305031469.6596 -0.3790 -0.0996 -0.0412 0.0269 -0.0766 -0.4457 0.8915
1305031469.7596 -0.3774 -0.0644 0.0050 0.0177 -0.0604 -0.4362 0.8977
1305031469.9279 -0.4001 0.0034 0.0769 -0.0089 -0.0559 -0.4250 0.9034
1305031470.0959 -0.4314 0.0903 0.1257 -0.0173 -0.0580 -0.4172 0.9068
1305031470.2600 -0.4600 0.1802 0.1484 -0.0275 -0.0602 -0.4022 0.9132
1305031470.3958 -0.4907 0.2540 0.1676 -0.0375 -0.0594 -0.3837 0.9208
1305031470.5597 -0.5346 0.3164 0.1752 -0.0357 -0.0663 -0.3804 0.9218
1305031470.7597 -0.5747 0.3745 0.1839 -0.0333 -0.0704 -0.3557 0.9314
1305031470.7956 -0.5797 0.3804 0.1861 -0.0325 -0.0678 -0.3531 0.9326
1305031470.8278 -0.5843 0.3877 0.1859 -0.0281 -0.0686 -0.3484 0.9344
1305031470.8596 -0.5902 0.3915 0.1853 -0.0241 -0.0715 -0.3426 0.9364
1305031470.8957 -0.5987 0.4062 0.1837 -0.0150 -0.0715 -0.3349 0.9394
1305031470.9277 -0.6059 0.4120 0.1828 -0.0106 -0.0748 -0.3309 0.9406
1305031470.9596 -0.6181 0.4179 0.1811 -0.0002 -0.0782 -0.3278 0.9415
1305031470.9960 -0.6221 0.4201 0.1754 0.0084 -0.0807 -0.3272 0.9415
1305031471.0276 -0.6250 0.4215 0.1740 0.0198 -0.0843 -0.3251 0.9417
1305031471.0596 -0.6298 0.4210 0.1702 0.0292 -0.0862 -0.3216 0.9425
1305031471.0958 -0.6302 0.4248 0.1649 0.0400 -0.0907 -0.3161 0.9435
1305031471.1277 -0.6333 0.4229 0.1611 0.0440 -0.0958 -0.3069 0.9459
1305031471.1596 -0.6372 0.4249 0.1593 0.0492 -0.0978 -0.2996 0.9478
1305031471.1957 -0.6391 0.4234 0.1579 0.0493 -0.0987 -0.2956 0.9489
1305031471.2276 -0.6415 0.4243 0.1571 0.0494 -0.0978 -0.2928 0.9499
1305031471.2597 -0.6459 0.4254 0.1566 0.0490 -0.0963 -0.2907 0.9507
1305031471.2961 -0.6503 0.4253 0.1556 0.0495 -0.0949 -0.2877 0.9517
1305031471.3276 -0.6482 0.4274 0.1552 0.0546 -0.0964 -0.2839 0.9524
1305031471.3596 -0.6484 0.4302 0.1541 0.0574 -0.0930 -0.2815 0.9533
1305031471.3957 -0.6581 0.4257 0.1520 0.0537 -0.0858 -0.2773 0.9554
1305031471.4277 -0.6593 0.4251 0.1488 0.0553 -0.0866 -0.2725 0.9567
1305031471.4965 -0.6693 0.4288 0.1419 0.0540 -0.0843 -0.2652 0.9590
1305031471.5276 -0.6714 0.4309 0.1397 0.0547 -0.0835 -0.2637 0.9594
1305031471.5597 -0.6725 0.4318 0.1378 0.0544 -0.0826 -0.2625 0.9598
1305031471.5957 -0.6723 0.4333 0.1360 0.0557 -0.0811 -0.2603 0.9605
1305031471.6276 -0.6746 0.4376 0.1339 0.0588 -0.0773 -0.2603 0.9606
1305031471.6596 -0.6760 0.4382 0.1315 0.0599 -0.0745 -0.2570 0.9617
1305031471.7958 -0.6896 0.4363 0.1109 0.0541 -0.0522 -0.2360 0.9688
1305031471.9956 -0.6935 0.4593 0.1091 0.0475 -0.0261 -0.2076 0.9767
1305031472.3277 -0.7021 0.5147 0.1296 0.0821 -0.0153 -0.1589 0.9838
1305031472.5957 -0.7040 0.4968 0.1219 0.0907 -0.0236 -0.1529 0.9838
1305031472.8276 -0.7040 0.4656 0.1227 0.0939 -0.0257 -0.1540 0.9833
