1305031453.4237 0.0052 0.0034 -0.0073 0.0015 0.0038 0.0095 0.9999
1305031453.4597 0.0094 0.0090 -0.0174 0.0059 0.0100 0.0183 0.9998
1305031453.4917 0.0118 0.0133 -0.0271 0.0100 0.0166 0.0286 0.9994
1305031453.5237 0.0118 0.0199 -0.0390 0.0174 0.0219 0.0374 0.9989
1305031453.5598 0.0138 0.0252 -0.0521 0.0244 0.0241 0.0441 0.9984
1305031453.5916 0.0137 0.0325 -0.0674 0.0320 0.0268 0.0485 0.9980
1305031453.6277 0.0089 0.0369 -0.0812 0.0382 0.0284 0.0526 0.9975
1305031453.6596 0.0060 0.0445 -0.0960 0.0459 0.0240 0.0509 0.9974
1305031453.6917 0.0021 0.0539 -0.1130 0.0526 0.0186 0.0465 0.9974
1305031453.7277 -0.0061 0.0634 -0.1272 0.0574 0.0141 0.0415 0.9974
1305031453.7597 -0.0144 0.0686 -0.1382 0.0615 0.0056 0.0339 0.9975
1305031453.7917 -0.0202 0.0791 -0.1542 0.0664 -0.0038 0.0258 0.9975
1305031453.8278 -0.0295 0.0860 -0.1653 0.0690 -0.0110 0.0196 0.9974
1305031453.8597 -0.0434 0.0951 -0.1746 0.0715 -0.0225 0.0122 0.9971
1305031453.8917 -0.0586 0.1074 -0.1835 0.0727 -0.0371 0.0048 0.9966
1305031453.9277 -0.0690 0.1124 -0.1889 0.0699 -0.0559 0.0009 0.9960
1305031453.9596 -0.0754 0.1166 -0.1958 0.0674 -0.0725 -0.0083 0.9951
1305031453.9916 -0.0872 0.1176 -0.1936 0.0661 -0.0838 -0.0194 0.9941
1305031454.0277 -0.0984 0.1210 -0.1974 0.0687 -0.0959 -0.0294 0.9926
1305031454.0597 -0.1077 0.1262 -0.2010 0.0703 -0.1074 -0.0409 0.9909
1305031454.0917 -0.1204 0.1277 -0.1944 0.0717 -0.1191 -0.0546 0.9888
1305031454.1277 -0.1304 0.1291 -0.1933 0.0753 -0.1336 -0.0683 0.9858
1305031454.1597 -0.1402 0.1347 -0.1966 0.0763 -0.1488 -0.0804 0.9826
1305031454.1917 -0.1535 0.1370 -0.1960 0.0746 -0.1645 -0.0953 0.9789
1305031454.2277 -0.1662 0.1338 -0.1911 0.0770 -0.1816 -0.1145 0.9736
1305031454.2596 -0.1650 0.1342 -0.1914 0.0820 -0.1968 -0.1294 0.9684
1305031454.2916 -0.1706 0.1380 -0.1926 0.0808 -0.2047 -0.1411 0.9652
1305031454.3277 -0.1880 0.1365 -0.1943 0.0814 -0.2122 -0.1572 0.9611
1305031454.3596 -0.1921 0.1394 -0.1937 0.0885 -0.2241 -0.1718 0.9552
1305031454.3917 -0.1987 0.1447 -0.1966 0.0903 -0.2313 -0.1837 0.9511
1305031454.4275 -0.2108 0.1497 -0.2010 0.0923 -0.2411 -0.1982 0.9456
1305031454.4599 -0.2094 0.1491 -0.1992 0.0946 -0.2529 -0.2140 0.9388
1305031454.4916 -0.2152 0.1522 -0.2015 0.0963 -0.2571 -0.2302 0.9336
1305031454.5277 -0.2181 0.1575 -0.2050 0.0965 -0.2628 -0.2466 0.9278
1305031454.5596 -0.2231 0.1631 -0.2078 0.0936 -0.2680 -0.2601 0.9229
1305031454.5916 -0.2315 0.1681 -0.2095 0.0910 -0.2769 -0.2774 0.9155
1305031454.6276 -0.2346 0.1710 -0.2100 0.0887 -0.2895 -0.2910 0.9076
1305031454.6595 -0.2342 0.1786 -0.2123 0.0837 -0.3012 -0.2992 0.9015
1305031454.6919 -0.2390 0.1801 -0.2119 0.0752 -0.3140 -0.3075 0.8951
1305031454.7277 -0.2386 0.1814 -0.2059 0.0696 -0.3275 -0.3123 0.8890
1305031454.7597 -0.2345 0.1830 -0.2027 0.0628 -0.3345 -0.3095 0.8879
1305031454.7916 -0.2303 0.1882 -0.2008 0.0573 -0.3379 -0.3027 0.8893
1305031454.8276 -0.2224 0.1970 -0.1977 0.0534 -0.3401 -0.2963 0.8909
1305031454.8596 -0.2186 0.2023 -0.1948 0.0473 -0.3380 -0.2900 0.8941
1305031454.8918 -0.2151 0.2089 -0.1944 0.0429 -0.3334 -0.2831 0.8983
1305031454.9276 -0.2126 0.2175 -0.1965 0.0391 -0.3274 -0.2773 0.9025
1305031454.9596 -0.2138 0.2252 -0.2008 0.0352 -0.3212 -0.2719 0.9064
1305031454.9919 -0.2180 0.2330 -0.2064 0.0321 -0.3171 -0.2669 0.9095
1305031455.0278 -0.2174 0.2454 -0.2100 0.0326 -0.3163 -0.2638 0.9107
1305031455.0596 -0.2210 0.2512 -0.2121 0.0304 -0.3135 -0.2622 0.9122
1305031455.0917 -0.2257 0.2592 -0.2172 0.0327 -0.3097 -0.2620 0.9134
1305031455.1277 -0.2297 0.2710 -0.2228 0.0343 -0.3047 -0.2600 0.9156
1305031455.1597 -0.2385 0.2815 -0.2296 0.0333 -0.2992 -0.2558 0.9187
1305031455.1917 -0.2473 0.2890 -0.2330 0.0289 -0.2957 -0.2502 0.9215
1305031455.2276 -0.2565 0.2958 -0.2384 0.0280 -0.2921 -0.2450 0.9241
1305031455.2596 -0.2610 0.3094 -0.2448 0.0265 -0.2872 -0.2386 0.9273
1305031455.2918 -0.2749 0.3138 -0.2496 0.0167 -0.2806 -0.2297 0.9318
1305031455.3278 -0.2864 0.3248 -0.2580 0.0115 -0.2768 -0.2199 0.9354
1305031455.3596 -0.2904 0.3344 -0.2603 0.0037 -0.2758 -0.2136 0.9372
1305031455.3917 -0.3013 0.3352 -0.2631 -0.0082 -0.2687 -0.2060 0.9409
1305031455.4276 -0.3160 0.3400 -0.2713 -0.0159 -0.2603 -0.1966 0.9452
1305031455.4596 -0.3303 0.3412 -0.2788 -0.0219 -0.2558 -0.1882 0.9480
1305031455.4916 -0.3415 0.3463 -0.2878 -0.0267 -0.2518 -0.1774 0.9510
1305031455.5276 -0.3593 0.3448 -0.2969 -0.0336 -0.2471 -0.1647 0.9543
1305031455.5597 -0.3756 0.3469 -0.3092 -0.0366 -0.2466 -0.1516 0.9565
1305031455.5916 -0.3873 0.3526 -0.3220 -0.0392 -0.2470 -0.1377 0.9584
1305031455.6276 -0.4022 0.3483 -0.3258 -0.0462 -0.2461 -0.1252 0.9600
1305031455.6596 -0.4176 0.3451 -0.3373 -0.0446 -0.2437 -0.1196 0.9614
1305031455.6916 -0.4315 0.3472 -0.3502 -0.0402 -0.2416 -0.1205 0.9620
1305031455.7276 -0.4446 0.3451 -0.3619 -0.0381 -0.2384 -0.1252 0.9623
1305031455.7597 -0.4579 0.3434 -0.3751 -0.0367 -0.2328 -0.1282 0.9633
1305031455.7917 -0.4730 0.3351 -0.3878 -0.0365 -0.2272 -0.1271 0.9648
1305031455.8276 -0.4859 0.3343 -0.4042 -0.0332 -0.2237 -0.1266 0.9658
1305031455.8595 -0.4973 0.3297 -0.4171 -0.0333 -0.2218 -0.1283 0.9660
1305031455.8917 -0.5069 0.3267 -0.4298 -0.0329 -0.2191 -0.1286 0.9666
1305031455.9280 -0.5172 0.3220 -0.4396 -0.0338 -0.2158 -0.1294 0.9672
1305031455.9597 -0.5259 0.3222 -0.4528 -0.0321 -0.2120 -0.1318 0.9678
1305031455.9917 -0.5346 0.3203 -0.4620 -0.0336 -0.2073 -0.1342 0.9685
1305031456.0278 -0.5424 0.3257 -0.4755 -0.0357 -0.2003 -0.1388 0.9692
1305031456.0597 -0.5558 0.3182 -0.4807 -0.0455 -0.1943 -0.1471 0.9688
1305031456.0917 -0.5684 0.3092 -0.4844 -0.0517 -0.1897 -0.1524 0.9686
1305031456.1276 -0.5780 0.3048 -0.4897 -0.0527 -0.1856 -0.1537 0.9691
1305031456.1597 -0.5875 0.2961 -0.4895 -0.0543 -0.1806 -0.1540 0.9699
1305031456.1917 -0.5967 0.2885 -0.4933 -0.0498 -0.1730 -0.1514 0.9719
1305031456.2277 -0.6024 0.2938 -0.5001 -0.0444 -0.1634 -0.1476 0.9744
1305031456.2917 -0.6288 0.2790 -0.4988 -0.0446 -0.1402 -0.1407 0.9791
1305031456.3277 -0.6397 0.2743 -0.4973 -0.0405 -0.1300 -0.1338 0.9816
1305031456.3916 -0.6615 0.2695 -0.4916 -0.0357 -0.1058 -0.1245 0.9859
1305031456.4277 -0.6791 0.2744 -0.4898 -0.0277 -0.0938 -0.1172 0.9883
1305031456.4917 -0.7167 0.2929 -0.4838 -0.0301 -0.0833 -0.1061 0.9904
1305031456.5276 -0.7288 0.2937 -0.4738 -0.0365 -0.0851 -0.1008 0.9906
1305031456.5917 -0.7482 0.2992 -0.4591 -0.0386 -0.0811 -0.0885 0.9920
1305031456.6276 -0.7592 0.3104 -0.4514 -0.0493 -0.0749 -0.0831 0.9925
1305031456.6916 -0.7945 0.2984 -0.4287 -0.0632 -0.0629 -0.0680 0.9937
1305031456.7277 -0.8095 0.3141 -0.4226 -0.0651 -0.0609 -0.0586 0.9943
1305031456.7916 -0.8441 0.3051 -0.4027 -0.0716 -0.0690 -0.0445 0.9940
1305031456.8276 -0.8511 0.3217 -0.3978 -0.0700 -0.0725 -0.0363 0.9942
1305031456.8917 -0.8691 0.3146 -0.3723 -0.0830 -0.0706 -0.0254 0.9937
1305031456.9277 -0.8821 0.3229 -0.3679 -0.0766 -0.0639 -0.0187 0.9948
1305031456.9597 -0.8961 0.3377 -0.3667 -0.0756 -0.0566 -0.0140 0.9954
1305031456.9917 -0.9089 0.3344 -0.3580 -0.0853 -0.0518 -0.0126 0.9949
1305031457.0276 -0.9220 0.3355 -0.3553 -0.0870 -0.0467 -0.0086 0.9951
1305031457.0917 -0.9450 0.3422 -0.3540 -0.0990 -0.0353 0.0000 0.9945
1305031457.1276 -0.9561 0.3353 -0.3527 -0.1035 -0.0291 0.0043 0.9942
1305031457.1917 -0.9809 0.3387 -0.3656 -0.1006 -0.0136 0.0168 0.9947
1305031457.2275 -0.9931 0.3344 -0.3694 -0.1055 -0.0068 0.0227 0.9941
1305031457.2917 -1.0163 0.3242 -0.3856 -0.0975 0.0078 0.0353 0.9946
1305031457.3275 -1.0288 0.3270 -0.3972 -0.0940 0.0181 0.0404 0.9946
1305031457.3917 -1.0593 0.3119 -0.4151 -0.0918 0.0426 0.0533 0.9934
1305031457.4276 -1.0789 0.3115 -0.4276 -0.0883 0.0526 0.0602 0.9929
1305031457.4917 -1.1067 0.2940 -0.4467 -0.0899 0.0585 0.0689 0.9918
1305031457.5276 -1.1184 0.2871 -0.4581 -0.0865 0.0618 0.0721 0.9917
1305031457.5597 -1.1317 0.2830 -0.4693 -0.0826 0.0671 0.0760 0.9914
1305031457.5917 -1.1489 0.2817 -0.4804 -0.0789 0.0727 0.0794 0.9911
1305031457.6275 -1.1626 0.2703 -0.4862 -0.0802 0.0754 0.0823 0.9905
1305031457.6596 -1.1775 0.2757 -0.4991 -0.0743 0.0775 0.0866 0.9904
1305031457.6916 -1.1914 0.2676 -0.5048 -0.0806 0.0784 0.0887 0.9897
1305031457.7277 -1.2024 0.2482 -0.5084 -0.0852 0.0795 0.0877 0.9893
1305031457.7596 -1.2138 0.2378 -0.5150 -0.0825 0.0813 0.0864 0.9895
1305031457.7916 -1.2211 0.2204 -0.5198 -0.0774 0.0849 0.0860 0.9897
1305031457.8277 -1.2333 0.2238 -0.5318 -0.0650 0.0922 0.0869 0.9898
1305031457.8596 -1.2465 0.2136 -0.5370 -0.0635 0.1005 0.0870 0.9891
1305031457.8916 -1.2628 0.1895 -0.5366 -0.0598 0.1094 0.0873 0.9884
1305031457.9276 -1.2822 0.1876 -0.5424 -0.0458 0.1149 0.0916 0.9881
1305031457.9916 -1.3056 0.1721 -0.5446 -0.0350 0.1165 0.0973 0.9878
1305031458.0278 -1.3149 0.1624 -0.5430 -0.0264 0.1195 0.0987 0.9876
1305031458.0597 -1.3311 0.1716 -0.5439 -0.0150 0.1249 0.1012 0.9869
1305031458.0917 -1.3470 0.1716 -0.5392 -0.0144 0.1301 0.1028 0.9860
1305031458.1276 -1.3622 0.1614 -0.5301 -0.0168 0.1346 0.1032 0.9854
1305031458.1596 -1.3788 0.1528 -0.5216 -0.0157 0.1377 0.1054 0.9847
1305031458.1916 -1.3951 0.1583 -0.5121 -0.0137 0.1377 0.1098 0.9843
1305031458.2276 -1.4081 0.1531 -0.4990 -0.0210 0.1350 0.1112 0.9844
1305031458.2599 -1.4210 0.1217 -0.4763 -0.0284 0.1332 0.1085 0.9847
1305031458.2917 -1.4393 0.1226 -0.4682 -0.0185 0.1296 0.1084 0.9854
1305031458.3276 -1.4489 0.1163 -0.4539 -0.0175 0.1229 0.1115 0.9860
1305031458.3596 -1.4571 0.1018 -0.4328 -0.0114 0.1185 0.1131 0.9864
1305031458.3916 -1.4683 0.1063 -0.4222 0.0021 0.1155 0.1169 0.9864
1305031458.4276 -1.4723 0.1046 -0.4075 0.0094 0.1143 0.1259 0.9854
1305031458.4596 -1.4702 0.0960 -0.3897 0.0197 0.1172 0.1335 0.9839
1305031458.4917 -1.4726 0.0923 -0.3737 0.0404 0.1264 0.1330 0.9822
1305031458.5277 -1.4846 0.1084 -0.3593 0.0606 0.1368 0.1311 0.9800
1305031458.5596 -1.4920 0.1133 -0.3394 0.0688 0.1461 0.1288 0.9784
1305031458.5916 -1.5042 0.1149 -0.3178 0.0786 0.1533 0.1226 0.9774
1305031458.6277 -1.5181 0.1398 -0.3002 0.0857 0.1546 0.1183 0.9771
1305031458.6596 -1.5292 0.1391 -0.2777 0.0786 0.1516 0.1186 0.9781
1305031458.6917 -1.5303 0.1411 -0.2545 0.0729 0.1355 0.1129 0.9816
1305031458.7276 -1.5150 0.1311 -0.2310 0.0680 0.1161 0.1058 0.9852
1305031458.7599 -1.5225 0.1343 -0.2175 0.0739 0.1018 0.0956 0.9874
1305031458.7916 -1.5196 0.1450 -0.2073 0.0741 0.0842 0.0877 0.9898
1305031458.8276 -1.5115 0.1406 -0.1913 0.0663 0.0732 0.0861 0.9914
1305031458.8917 -1.5072 0.1351 -0.1705 0.0726 0.0683 0.0761 0.9921
1305031458.9276 -1.5173 0.1405 -0.1664 0.0720 0.0754 0.0810 0.9912
1305031458.9596 -1.5220 0.1317 -0.1595 0.0627 0.0808 0.0939 0.9903
1305031458.9916 -1.5298 0.1054 -0.1502 0.0597 0.0844 0.0993 0.9897
1305031459.0277 -1.5506 0.0996 -0.1434 0.0698 0.0842 0.0993 0.9890
1305031459.0596 -1.5726 0.0879 -0.1337 0.0766 0.0795 0.1098 0.9878
1305031459.1276 -1.5757 0.0404 -0.2272 0.0617 0.0645 0.1126 0.9896
1305031459.1596 -1.5839 0.0395 -0.2209 0.0703 0.0381 0.1153 0.9901
1305031459.1917 -1.5929 0.0416 -0.2135 0.0760 0.0190 0.1222 0.9894
1305031459.2276 -1.5993 0.0446 -0.2022 0.0784 0.0059 0.1333 0.9880
1305031459.2598 -1.5996 0.0535 -0.1854 0.0794 0.0015 0.1427 0.9866
1305031459.3276 -1.6073 0.0605 -0.1638 0.0747 0.0320 0.1716 0.9818
1305031459.3597 -1.6176 0.0694 -0.1542 0.0792 0.0568 0.1905 0.9768
1305031459.3917 -1.6356 0.0876 -0.1444 0.0781 0.0859 0.2148 0.9697
1305031459.4276 -1.6449 0.0958 -0.0581 0.0734 0.1209 0.2466 0.9587
1305031459.4597 -1.6630 0.0934 -0.0544 0.0699 0.1601 0.2835 0.9429
1305031459.5276 -1.6449 0.1420 -0.0126 0.0808 0.1556 0.2758 0.9451
1305031459.5596 -1.6624 0.1325 -0.0152 0.0726 0.1734 0.3029 0.9343
1305031459.5917 -1.6816 0.1341 -0.0123 0.0705 0.1820 0.3207 0.9269
1305031459.6276 -1.6903 0.1302 -0.0098 0.0654 0.1835 0.3319 0.9230
1305031459.6596 -1.7036 0.1338 -0.0064 0.0665 0.1905 0.3323 0.9214
1305031459.6916 -1.7212 0.1302 -0.0032 0.0609 0.2032 0.3372 0.9172
1305031459.7276 -1.7344 0.1156 -0.0017 0.0538 0.2118 0.3414 0.9142
1305031459.7917 -1.7733 0.0896 0.0029 0.0540 0.2244 0.3352 0.9134
1305031459.8277 -1.7906 0.0799 0.0066 0.0532 0.2254 0.3330 0.9140
1305031459.8597 -1.8093 0.0687 0.0113 0.0490 0.2254 0.3319 0.9147
1305031459.8916 -1.8206 0.0549 0.0171 0.0433 0.2216 0.3353 0.9147
1305031459.9276 -1.8309 0.0419 0.0225 0.0420 0.2190 0.3388 0.9141
1305031459.9917 -1.8540 0.0201 0.0340 0.0370 0.2171 0.3459 0.9121
1305031460.0276 -1.8613 0.0058 0.0395 0.0351 0.2171 0.3492 0.9109
1305031460.0597 -1.8743 -0.0087 0.0443 0.0350 0.2183 0.3509 0.9099
1305031460.0917 -1.8866 -0.0272 0.0489 0.0351 0.2147 0.3587 0.9078
1305031460.1277 -1.8920 -0.0413 0.0553 0.0391 0.2057 0.3686 0.9057
1305031460.1597 -1.9012 -0.0485 0.0613 0.0454 0.1983 0.3757 0.9041
1305031460.1916 -1.9021 -0.0542 0.0707 0.0452 0.1907 0.3827 0.9028
1305031460.2278 -1.8943 -0.0623 0.0808 0.0451 0.1885 0.3867 0.9016
1305031460.2917 -1.8986 -0.0825 0.0913 0.0471 0.2047 0.3863 0.8981
1305031460.3275 -1.9017 -0.0941 0.0956 0.0478 0.2132 0.3883 0.8953
1305031460.3916 -1.9044 -0.1125 0.1084 0.0434 0.2327 0.3945 0.8879
1305031460.4275 -1.9065 -0.1236 0.1137 0.0421 0.2437 0.3989 0.8830
1305031460.4596 -1.9078 -0.1292 0.1188 0.0409 0.2565 0.4024 0.8778
1305031460.4915 -1.9145 -0.1373 0.1233 0.0352 0.2718 0.4081 0.8708
1305031460.5276 -1.9145 -0.1493 0.1276 0.0276 0.2825 0.4181 0.8629
1305031460.5596 -1.9130 -0.1607 0.1323 0.0211 0.2918 0.4221 0.8580
1305031460.5919 -1.9169 -0.1717 0.1363 0.0173 0.3014 0.4228 0.8545
1305031460.6276 -1.9166 -0.1831 0.1409 0.0139 0.3095 0.4253 0.8504
1305031460.6598 -1.9228 -0.1958 0.1457 0.0116 0.3183 0.4245 0.8476
1305031460.6917 -1.9301 -0.2068 0.1521 0.0084 0.3239 0.4253 0.8450
1305031460.7277 -1.9297 -0.2154 0.1590 0.0034 0.3258 0.4256 0.8442
1305031460.7597 -1.9301 -0.2268 0.1657 -0.0001 0.3310 0.4241 0.8430
1305031460.7917 -1.9358 -0.2385 0.1734 -0.0031 0.3358 0.4231 0.8416
1305031460.8277 -1.9378 -0.2452 0.1825 -0.0073 0.3375 0.4201 0.8423
1305031460.8597 -1.9374 -0.2525 0.1906 -0.0133 0.3411 0.4176 0.8421
1305031460.8918 -1.9378 -0.2650 0.2003 -0.0209 0.3464 0.4149 0.8411
1305031460.9276 -1.9395 -0.2780 0.2108 -0.0271 0.3494 0.4145 0.8399
1305031460.9917 -1.9275 -0.3016 0.2273 -0.0312 0.3530 0.4174 0.8368
1305031461.0276 -1.9253 -0.3133 0.2367 -0.0303 0.3558 0.4182 0.8352
1305031461.0917 -1.9260 -0.3271 0.2547 -0.0276 0.3555 0.4171 0.8360
1305031461.1276 -1.9175 -0.3370 0.2616 -0.0302 0.3547 0.4158 0.8369
1305031461.1597 -1.9123 -0.3493 0.2694 -0.0291 0.3563 0.4143 0.8370
1305031461.1920 -1.9113 -0.3517 0.2765 -0.0253 0.3569 0.4097 0.8392
1305031461.2276 -1.9097 -0.3582 0.2840 -0.0250 0.3587 0.4072 0.8396
1305031461.2596 -1.9044 -0.3653 0.2912 -0.0238 0.3587 0.4041 0.8411
1305031461.2917 -1.9018 -0.3672 0.2981 -0.0210 0.3592 0.3979 0.8439
1305031461.3278 -1.8973 -0.3662 0.3041 -0.0188 0.3611 0.3931 0.8454
1305031461.3597 -1.8999 -0.3630 0.3123 -0.0211 0.3656 0.3884 0.8456
1305031461.3917 -1.8899 -0.3740 0.3203 -0.0307 0.3654 0.3901 0.8446
1305031461.4276 -1.8832 -0.3779 0.3241 -0.0319 0.3657 0.3884 0.8452
1305031461.4598 -1.8829 -0.3729 0.3287 -0.0335 0.3660 0.3892 0.8447
1305031461.4917 -1.8666 -0.3863 0.3300 -0.0405 0.3645 0.3922 0.8436
1305031461.5277 -1.8668 -0.3832 0.3309 -0.0340 0.3667 0.3890 0.8444
1305031461.5597 -1.8594 -0.3776 0.3250 -0.0342 0.3664 0.3855 0.8462
1305031461.5917 -1.8572 -0.3751 0.3227 -0.0334 0.3740 0.3815 0.8447
1305031461.6275 -1.8546 -0.3703 0.3209 -0.0351 0.3794 0.3810 0.8424
1305031461.6596 -1.8515 -0.3677 0.3197 -0.0373 0.3842 0.3807 0.8403
1305031461.6916 -1.8518 -0.3602 0.3181 -0.0373 0.3874 0.3853 0.8367
1305031461.7276 -1.8426 -0.3564 0.3151 -0.0407 0.3870 0.3918 0.8337
1305031461.7597 -1.8414 -0.3470 0.3085 -0.0399 0.3883 0.3943 0.8320
1305031461.7916 -1.8379 -0.3366 0.3027 -0.0431 0.3896 0.3984 0.8292
1305031461.8276 -1.8331 -0.3287 0.2985 -0.0450 0.3938 0.4030 0.8249
1305031461.8598 -1.8376 -0.3128 0.2942 -0.0433 0.3987 0.4086 0.8199
1305031461.8917 -1.8419 -0.2991 0.2933 -0.0458 0.4018 0.4189 0.8130
1305031461.9278 -1.8359 -0.2912 0.2885 -0.0531 0.3991 0.4300 0.8081
1305031461.9597 -1.8306 -0.2763 0.2783 -0.0570 0.4007 0.4332 0.8053
1305031461.9916 -1.8445 -0.2600 0.2799 -0.0608 0.4109 0.4374 0.7976
1305031462.0277 -1.8448 -0.2599 0.2859 -0.0731 0.4128 0.4486 0.7893
1305031462.0598 -1.8467 -0.2556 0.2881 -0.0779 0.4097 0.4608 0.7834
1305031462.0918 -1.8460 -0.2466 0.2837 -0.0801 0.4031 0.4729 0.7794
1305031462.1277 -1.8478 -0.2359 0.2800 -0.0822 0.3995 0.4820 0.7754
1305031462.1596 -1.8486 -0.2311 0.2784 -0.0872 0.3976 0.4882 0.7720
1305031462.1916 -1.8536 -0.2215 0.2764 -0.0900 0.3969 0.4877 0.7724
1305031462.2276 -1.8603 -0.2136 0.2757 -0.0956 0.3978 0.4880 0.7711
1305031462.2598 -1.8658 -0.2083 0.2771 -0.1028 0.3971 0.4863 0.7715
1305031462.2916 -1.8723 -0.2002 0.2785 -0.1089 0.3948 0.4823 0.7744
1305031462.3275 -1.8764 -0.1899 0.2765 -0.1155 0.3911 0.4778 0.7781
1305031462.3597 -1.8892 -0.1830 0.2804 -0.1223 0.3923 0.4706 0.7808
1305031462.3917 -1.8980 -0.1752 0.2848 -0.1310 0.3886 0.4667 0.7836
1305031462.4276 -1.9064 -0.1739 0.2915 -0.1420 0.3854 0.4633 0.7853
1305031462.4599 -1.9225 -0.1700 0.3089 -0.1506 0.3865 0.4562 0.7873
1305031462.4920 -1.9022 -0.1662 0.3136 -0.1648 0.3717 0.4616 0.7884
1305031462.5277 -1.8918 -0.1742 0.3254 -0.1775 0.3660 0.4655 0.7860
1305031462.5599 -1.8812 -0.1751 0.3351 -0.1836 0.3614 0.4705 0.7838
1305031462.5919 -1.8846 -0.1774 0.3410 -0.1889 0.3624 0.4665 0.7844
1305031462.6279 -1.8903 -0.1734 0.3454 -0.1893 0.3614 0.4616 0.7877
1305031462.6597 -1.8900 -0.1781 0.3452 -0.1917 0.3608 0.4583 0.7893
1305031462.6925 -1.8916 -0.1877 0.3524 -0.1978 0.3656 0.4536 0.7883
1305031462.7277 -1.8869 -0.1812 0.3334 -0.1973 0.3536 0.4504 0.7957
1305031462.7598 -1.8986 -0.1799 0.3376 -0.2038 0.3454 0.4324 0.8076
1305031462.7919 -1.9015 -0.1453 0.3254 -0.1853 0.3335 0.4300 0.8183
1305031462.8278 -1.8831 -0.1387 0.3098 -0.1901 0.3130 0.4323 0.8240
1305031462.8598 -1.8860 -0.1311 0.3027 -0.1928 0.3093 0.4256 0.8283
1305031462.8918 -1.8853 -0.1227 0.2927 -0.1944 0.3072 0.4207 0.8312
1305031462.9276 -1.8892 -0.1077 0.2718 -0.1903 0.3050 0.4201 0.8332
1305031462.9597 -1.8886 -0.1000 0.2579 -0.1884 0.3009 0.4180 0.8362
1305031462.9955 -1.8873 -0.0852 0.2470 -0.1809 0.2961 0.4141 0.8415
1305031463.0277 -1.8880 -0.0833 0.2292 -0.1760 0.2932 0.4088 0.8462
1305031463.0598 -1.8870 -0.0847 0.2122 -0.1757 0.2874 0.4015 0.8517
1305031463.0958 -1.8864 -0.0712 0.2000 -0.1721 0.2822 0.3920 0.8585
1305031463.1275 -1.8873 -0.0640 0.1858 -0.1673 0.2807 0.3839 0.8636
1305031463.1598 -1.8847 -0.0650 0.1691 -0.1660 0.2787 0.3748 0.8685
1305031463.1957 -1.8802 -0.0611 0.1532 -0.1687 0.2751 0.3677 0.8722
1305031463.2278 -1.8759 -0.0450 0.1457 -0.1643 0.2724 0.3633 0.8757
1305031463.2600 -1.8743 -0.0378 0.1311 -0.1579 0.2727 0.3585 0.8787
1305031463.2957 -1.8665 -0.0389 0.1123 -0.1601 0.2698 0.3538 0.8811
1305031463.3277 -1.8604 -0.0282 0.1054 -0.1578 0.2655 0.3518 0.8837
1305031463.3598 -1.8580 -0.0218 0.0927 -0.1507 0.2628 0.3499 0.8865
1305031463.3956 -1.8519 -0.0169 0.0777 -0.1486 0.2581 0.3456 0.8899
1305031463.4277 -1.8422 -0.0072 0.0695 -0.1482 0.2544 0.3428 0.8921
1305031463.4598 -1.8307 0.0042 0.0574 -0.1467 0.2520 0.3402 0.8940
1305031463.4956 -1.8197 0.0193 0.0480 -0.1455 0.2529 0.3372 0.8951
1305031463.5277 -1.8046 0.0262 0.0362 -0.1447 0.2555 0.3364 0.8948
1305031463.5598 -1.7984 0.0316 0.0225 -0.1416 0.2584 0.3363 0.8945
1305031463.5956 -1.7866 0.0405 0.0108 -0.1407 0.2549 0.3369 0.8954
1305031463.6276 -1.7675 0.0444 0.0004 -0.1398 0.2520 0.3362 0.8966
1305031463.6598 -1.7572 0.0476 -0.0146 -0.1319 0.2546 0.3331 0.8982
1305031463.6956 -1.7496 0.0558 -0.0305 -0.1270 0.2542 0.3290 0.9006
1305031463.7276 -1.7259 0.0560 -0.0457 -0.1297 0.2499 0.3273 0.9020
1305031463.7597 -1.7049 0.0525 -0.0632 -0.1265 0.2504 0.3221 0.9042
1305031463.7956 -1.6941 0.0532 -0.0813 -0.1219 0.2521 0.3115 0.9080
1305031463.8278 -1.6766 0.0518 -0.0979 -0.1226 0.2506 0.3018 0.9117
1305031463.8599 -1.6589 0.0454 -0.1142 -0.1221 0.2511 0.2923 0.9147
1305031463.8956 -1.6480 0.0437 -0.1319 -0.1183 0.2522 0.2830 0.9178
1305031463.9277 -1.6369 0.0395 -0.1466 -0.1177 0.2505 0.2770 0.9201
1305031463.9597 -1.6211 0.0318 -0.1613 -0.1168 0.2454 0.2721 0.9231
1305031463.9958 -1.6075 0.0255 -0.1790 -0.1133 0.2413 0.2657 0.9265
1305031464.0277 -1.5972 0.0221 -0.1970 -0.1115 0.2375 0.2578 0.9299
1305031464.0597 -1.5801 0.0136 -0.2128 -0.1118 0.2346 0.2494 0.9329
1305031464.0956 -1.5723 0.0064 -0.2279 -0.1083 0.2363 0.2400 0.9353
1305031464.1277 -1.5690 -0.0009 -0.2407 -0.1054 0.2363 0.2351 0.9369
1305031464.1598 -1.5620 -0.0136 -0.2504 -0.1015 0.2331 0.2337 0.9385
1305031464.1956 -1.5566 -0.0232 -0.2609 -0.0918 0.2272 0.2301 0.9418
1305031464.2276 -1.5577 -0.0220 -0.2734 -0.0786 0.2188 0.2262 0.9459
1305031464.2596 -1.5570 -0.0210 -0.2859 -0.0701 0.2053 0.2250 0.9499
1305031464.2957 -1.5465 -0.0193 -0.2982 -0.0651 0.1871 0.2211 0.9549
1305031464.3279 -1.5304 -0.0194 -0.3112 -0.0620 0.1715 0.2164 0.9591
1305031464.3597 -1.5147 -0.0251 -0.3228 -0.0584 0.1611 0.2116 0.9622
1305031464.3956 -1.4974 -0.0206 -0.3381 -0.0518 0.1534 0.2038 0.9655
1305031464.4276 -1.4851 -0.0200 -0.3518 -0.0499 0.1516 0.1940 0.9679
1305031464.4597 -1.4754 -0.0266 -0.3646 -0.0483 0.1493 0.1855 0.9700
1305031464.4956 -1.4583 -0.0256 -0.3804 -0.0453 0.1452 0.1795 0.9719
1305031464.5276 -1.4495 -0.0248 -0.3970 -0.0433 0.1450 0.1712 0.9735
1305031464.5597 -1.4316 -0.0289 -0.4125 -0.0459 0.1408 0.1600 0.9759
1305031464.5957 -1.4014 -0.0487 -0.4310 -0.0471 0.1412 0.1504 0.9774
1305031464.6277 -1.3848 -0.0553 -0.4490 -0.0385 0.1513 0.1412 0.9776
1305031464.6597 -1.3712 -0.0608 -0.4613 -0.0298 0.1625 0.1276 0.9780
1305031464.6957 -1.3590 -0.0813 -0.4670 -0.0211 0.1731 0.1106 0.9785
1305031464.7277 -1.3600 -0.0833 -0.4717 -0.0029 0.1807 0.0931 0.9791
1305031464.7597 -1.3557 -0.0735 -0.4799 0.0117 0.1795 0.0744 0.9809
1305031464.7960 -1.3548 -0.0832 -0.4759 0.0176 0.1753 0.0562 0.9827
1305031464.8278 -1.3546 -0.0849 -0.4710 0.0290 0.1642 0.0422 0.9851
1305031464.8597 -1.3433 -0.0733 -0.4713 0.0378 0.1458 0.0273 0.9882
1305031464.8958 -1.3254 -0.0678 -0.4721 0.0374 0.1268 0.0077 0.9912
1305031464.9278 -1.3039 -0.0879 -0.4674 0.0317 0.1118 -0.0128 0.9931
1305031464.9598 -1.2818 -0.1003 -0.4613 0.0336 0.1034 -0.0307 0.9936
1305031464.9957 -1.2628 -0.0970 -0.4545 0.0405 0.0996 -0.0491 0.9930
1305031465.0278 -1.2547 -0.0958 -0.4391 0.0443 0.0992 -0.0708 0.9916
1305031465.0597 -1.2564 -0.0750 -0.4181 0.0535 0.0952 -0.0901 0.9899
1305031465.0957 -1.2425 -0.0274 -0.4029 0.0564 0.0825 -0.1061 0.9893
1305031465.1277 -1.2242 -0.0127 -0.3865 0.0406 0.0682 -0.1204 0.9895
1305031465.1598 -1.2129 -0.0110 -0.3668 0.0228 0.0567 -0.1295 0.9897
1305031465.1956 -1.1969 -0.0060 -0.3474 0.0101 0.0453 -0.1365 0.9895
1305031465.2279 -1.1784 0.0091 -0.3317 -0.0001 0.0354 -0.1414 0.9893
1305031465.2598 -1.1689 0.0102 -0.3113 -0.0132 0.0276 -0.1424 0.9893
1305031465.2956 -1.1566 0.0238 -0.2975 -0.0174 0.0193 -0.1331 0.9908
1305031465.3277 -1.1423 0.0392 -0.2838 -0.0234 0.0075 -0.1201 0.9925
1305031465.3599 -1.1333 0.0427 -0.2697 -0.0292 -0.0061 -0.1086 0.9936
1305031465.3956 -1.1100 0.0471 -0.2642 -0.0292 -0.0244 -0.0973 0.9945
1305031465.4277 -1.0827 0.0564 -0.2607 -0.0266 -0.0393 -0.0856 0.9952
1305031465.4601 -1.0607 0.0724 -0.2604 -0.0229 -0.0504 -0.0717 0.9959
1305031465.4957 -1.0357 0.0893 -0.2605 -0.0238 -0.0616 -0.0615 0.9959
1305031465.5276 -1.0150 0.0879 -0.2558 -0.0280 -0.0716 -0.0576 0.9954
1305031465.5598 -0.9911 0.0964 -0.2584 -0.0224 -0.0808 -0.0511 0.9952
1305031465.5956 -0.9655 0.1114 -0.2623 -0.0165 -0.0862 -0.0421 0.9953
1305031465.6277 -0.9497 0.1265 -0.2673 -0.0117 -0.0893 -0.0325 0.9954
1305031465.6601 -0.9291 0.1392 -0.2709 -0.0078 -0.0991 -0.0232 0.9948
1305031465.6957 -0.8978 0.1527 -0.2719 -0.0023 -0.1091 -0.0153 0.9939
1305031465.7277 -0.8754 0.1686 -0.2755 0.0048 -0.1126 -0.0057 0.9936
1305031465.7598 -0.8519 0.1883 -0.2799 0.0124 -0.1176 0.0037 0.9930
1305031465.7959 -0.8262 0.2051 -0.2803 0.0176 -0.1218 0.0106 0.9923
1305031465.8280 -0.8023 0.2171 -0.2812 0.0251 -0.1258 0.0170 0.9916
1305031465.8599 -0.7774 0.2452 -0.2851 0.0381 -0.1282 0.0220 0.9908
1305031465.8955 -0.7509 0.2689 -0.2823 0.0424 -0.1254 0.0247 0.9909
1305031465.9275 -0.7275 0.2801 -0.2817 0.0467 -0.1192 0.0266 0.9914
1305031465.9597 -0.7072 0.3006 -0.2861 0.0582 -0.1114 0.0256 0.9917
1305031465.9958 -0.6934 0.3227 -0.2928 0.0664 -0.1040 0.0220 0.9921
1305031466.0276 -0.6776 0.3442 -0.3002 0.0725 -0.1015 0.0208 0.9920
1305031466.0598 -0.6642 0.3703 -0.3053 0.0726 -0.0990 0.0215 0.9922
1305031466.0958 -0.6522 0.3871 -0.3123 0.0677 -0.0998 0.0213 0.9925
1305031466.1276 -0.6374 0.4036 -0.3190 0.0621 -0.1042 0.0211 0.9924
1305031466.1604 -0.6254 0.4187 -0.3297 0.0567 -0.1086 0.0229 0.9922
1305031466.1958 -0.6135 0.4359 -0.3413 0.0496 -0.1165 0.0230 0.9917
1305031466.2280 -0.5942 0.4445 -0.3478 0.0385 -0.1266 0.0181 0.9910
1305031466.2598 -0.5685 0.4437 -0.3538 0.0340 -0.1320 0.0110 0.9906
1305031466.2957 -0.5466 0.4547 -0.3644 0.0379 -0.1285 -0.0006 0.9910
1305031466.3277 -0.5314 0.4662 -0.3794 0.0394 -0.1182 -0.0103 0.9922
1305031466.3598 -0.5174 0.4723 -0.3917 0.0340 -0.1094 -0.0165 0.9933
1305031466.3958 -0.5056 0.4639 -0.4020 0.0307 -0.1056 -0.0208 0.9937
1305031466.4278 -0.4940 0.4751 -0.4172 0.0383 -0.1067 -0.0250 0.9932
1305031466.4598 -0.4765 0.4868 -0.4278 0.0389 -0.1119 -0.0290 0.9925
1305031466.4958 -0.4529 0.4932 -0.4317 0.0348 -0.1174 -0.0295 0.9920
1305031466.5275 -0.4276 0.4949 -0.4332 0.0319 -0.1177 -0.0298 0.9921
1305031466.5604 -0.4100 0.5067 -0.4409 0.0313 -0.1135 -0.0318 0.9925
1305031466.5959 -0.3891 0.5161 -0.4436 0.0237 -0.1139 -0.0350 0.9926
1305031466.6275 -0.3635 0.5058 -0.4380 0.0149 -0.1142 -0.0391 0.9926
1305031466.6597 -0.3438 0.5093 -0.4416 0.0212 -0.1116 -0.0440 0.9926
1305031466.6958 -0.3261 0.5248 -0.4480 0.0243 -0.1123 -0.0515 0.9920
1305031466.7281 -0.3047 0.5281 -0.4445 0.0187 -0.1159 -0.0607 0.9912
1305031466.7596 -0.2844 0.5232 -0.4406 0.0203 -0.1168 -0.0690 0.9905
1305031466.7956 -0.2689 0.5333 -0.4465 0.0283 -0.1177 -0.0742 0.9899
1305031466.8279 -0.2511 0.5396 -0.4495 0.0261 -0.1224 -0.0770 0.9891
1305031466.8597 -0.2376 0.5372 -0.4471 0.0234 -0.1284 -0.0763 0.9885
1305031466.8957 -0.2224 0.5400 -0.4506 0.0270 -0.1403 -0.0772 0.9867
1305031466.9278 -0.2054 0.5415 -0.4538 0.0271 -0.1543 -0.0791 0.9845
1305031466.9597 -0.1884 0.5389 -0.4567 0.0267 -0.1635 -0.0802 0.9829
1305031466.9957 -0.1702 0.5382 -0.4606 0.0272 -0.1684 -0.0829 0.9818
1305031467.0278 -0.1541 0.5382 -0.4623 0.0276 -0.1725 -0.0868 0.9808
1305031467.0597 -0.1359 0.5383 -0.4662 0.0278 -0.1753 -0.0901 0.9800
1305031467.0957 -0.1197 0.5393 -0.4677 0.0261 -0.1768 -0.0957 0.9792
1305031467.1290 -0.1063 0.5394 -0.4655 0.0275 -0.1799 -0.1060 0.9776
1305031467.1597 -0.0925 0.5398 -0.4669 0.0297 -0.1829 -0.1135 0.9761
1305031467.1957 -0.0800 0.5403 -0.4685 0.0309 -0.1875 -0.1175 0.9747
1305031467.2277 -0.0669 0.5412 -0.4700 0.0322 -0.1940 -0.1227 0.9728
1305031467.2597 -0.0533 0.5411 -0.4711 0.0341 -0.1991 -0.1273 0.9711
1305031467.2958 -0.0398 0.5418 -0.4749 0.0366 -0.2039 -0.1335 0.9692
1305031467.3280 -0.0256 0.5429 -0.4791 0.0379 -0.2093 -0.1379 0.9673
1305031467.3597 -0.0107 0.5453 -0.4819 0.0349 -0.2158 -0.1397 0.9658
1305031467.3958 0.0028 0.5478 -0.4830 0.0306 -0.2225 -0.1450 0.9636
1305031467.4278 0.0161 0.5482 -0.4825 0.0296 -0.2283 -0.1482 0.9618
1305031467.4597 0.0314 0.5486 -0.4873 0.0295 -0.2350 -0.1497 0.9599
1305031467.4961 0.0481 0.5496 -0.4927 0.0253 -0.2418 -0.1552 0.9575
1305031467.5277 0.0632 0.5514 -0.4891 0.0220 -0.2453 -0.1614 0.9557
1305031467.5598 0.0773 0.5488 -0.4859 0.0222 -0.2469 -0.1632 0.9549
1305031467.5960 0.0912 0.5474 -0.4863 0.0219 -0.2488 -0.1620 0.9546
1305031467.6275 0.0995 0.5383 -0.4788 0.0217 -0.2541 -0.1588 0.9538
1305031467.6596 0.1118 0.5354 -0.4751 0.0280 -0.2598 -0.1552 0.9527
1305031467.6959 0.1233 0.5317 -0.4757 0.0311 -0.2626 -0.1583 0.9513
1305031467.7275 0.1283 0.5242 -0.4641 0.0353 -0.2645 -0.1629 0.9499
1305031467.7599 0.1365 0.5189 -0.4567 0.0418 -0.2667 -0.1648 0.9487
1305031467.7961 0.1440 0.5140 -0.4500 0.0460 -0.2691 -0.1672 0.9474
1305031467.8278 0.1435 0.5039 -0.4318 0.0501 -0.2716 -0.1670 0.9465
1305031467.8597 0.1465 0.4967 -0.4206 0.0569 -0.2757 -0.1635 0.9455
1305031467.8959 0.1505 0.4928 -0.4123 0.0622 -0.2820 -0.1633 0.9434
1305031467.9278 0.1524 0.4835 -0.3926 0.0654 -0.2898 -0.1658 0.9403
1305031467.9598 0.1570 0.4732 -0.3751 0.0719 -0.2955 -0.1658 0.9381
1305031467.9958 0.1669 0.4706 -0.3674 0.0764 -0.2974 -0.1686 0.9366
1305031468.0281 0.1647 0.4560 -0.3432 0.0741 -0.2984 -0.1719 0.9359
1305031468.0598 0.1635 0.4420 -0.3271 0.0786 -0.3005 -0.1740 0.9345
1305031468.0959 0.1696 0.4368 -0.3146 0.0820 -0.3039 -0.1758 0.9327
1305031468.1278 0.1690 0.4238 -0.2920 0.0805 -0.3067 -0.1768 0.9318
1305031468.1599 0.1714 0.4116 -0.2751 0.0827 -0.3089 -0.1797 0.9303
1305031468.1960 0.1753 0.4009 -0.2566 0.0832 -0.3101 -0.1831 0.9292
1305031468.2282 0.1768 0.3846 -0.2382 0.0812 -0.3099 -0.1829 0.9295
1305031468.2598 0.1807 0.3690 -0.2203 0.0804 -0.3093 -0.1814 0.9300
1305031468.2958 0.1816 0.3540 -0.2036 0.0798 -0.3074 -0.1818 0.9306
1305031468.3278 0.1822 0.3322 -0.1873 0.0799 -0.3060 -0.1795 0.9315
1305031468.3598 0.1864 0.3214 -0.1771 0.0836 -0.3035 -0.1745 0.9330
1305031468.3959 0.1882 0.3139 -0.1681 0.0829 -0.3017 -0.1744 0.9336
1305031468.4280 0.1870 0.2896 -0.1581 0.0768 -0.3017 -0.1750 0.9341
1305031468.4598 0.1904 0.2736 -0.1493 0.0758 -0.3027 -0.1724 0.9343
1305031468.4958 0.1916 0.2604 -0.1394 0.0741 -0.3016 -0.1728 0.9347
1305031468.5278 0.1860 0.2364 -0.1327 0.0730 -0.2996 -0.1788 0.9343
1305031468.5597 0.1809 0.2182 -0.1292 0.0797 -0.2992 -0.1864 0.9324
1305031468.5958 0.1814 0.2112 -0.1309 0.0841 -0.2992 -0.1914 0.9310
1305031468.6276 0.1743 0.1967 -0.1250 0.0785 -0.3001 -0.1931 0.9308
1305031468.6596 0.1633 0.1684 -0.1237 0.0735 -0.3028 -0.1948 0.9300
1305031468.6958 0.1565 0.1513 -0.1216 0.0777 -0.3088 -0.1976 0.9271
1305031468.7278 0.1516 0.1404 -0.1195 0.0826 -0.3146 -0.1980 0.9247
1305031468.7596 0.1469 0.1281 -0.1138 0.0841 -0.3194 -0.1981 0.9229
1305031468.7958 0.1392 0.1066 -0.1082 0.0866 -0.3221 -0.2024 0.9207
1305031468.8292 0.1334 0.0955 -0.1056 0.0955 -0.3239 -0.2072 0.9182
1305031468.8597 0.1366 0.0919 -0.0999 0.1000 -0.3245 -0.2107 0.9167
1305031468.8959 0.1309 0.0795 -0.0937 0.0971 -0.3201 -0.2128 0.9181
1305031468.9281 0.1272 0.0699 -0.0908 0.0929 -0.3147 -0.2107 0.9208
1305031468.9596 0.1237 0.0698 -0.0905 0.0877 -0.3084 -0.2081 0.9241
1305031468.9957 0.1215 0.0798 -0.0907 0.0780 -0.3038 -0.2134 0.9253
1305031469.0277 0.1125 0.0690 -0.0825 0.0590 -0.3005 -0.2217 0.9258
1305031469.0598 0.1016 0.0580 -0.0773 0.0449 -0.2980 -0.2291 0.9256
1305031469.0957 0.1053 0.0543 -0.0654 0.0354 -0.2989 -0.2397 0.9230
1305031469.1277 0.1028 0.0438 -0.0504 0.0232 -0.2937 -0.2511 0.9220
1305031469.1597 0.0968 0.0373 -0.0392 0.0139 -0.2850 -0.2594 0.9226
1305031469.1955 0.0868 0.0294 -0.0291 0.0058 -0.2751 -0.2656 0.9240
1305031469.2278 0.0748 0.0269 -0.0237 0.0016 -0.2672 -0.2695 0.9252
1305031469.2596 0.0705 0.0258 -0.0124 -0.0030 -0.2647 -0.2738 0.9246
1305031469.2968 0.0650 0.0253 -0.0007 -0.0072 -0.2600 -0.2765 0.9252
1305031469.3276 0.0603 0.0288 0.0094 -0.0114 -0.2565 -0.2786 0.9254
1305031469.3596 0.0628 0.0248 0.0289 -0.0184 -0.2546 -0.2834 0.9244
1305031469.3957 0.0580 0.0229 0.0427 -0.0197 -0.2435 -0.2890 0.9256
1305031469.4277 0.0526 0.0331 0.0527 -0.0163 -0.2308 -0.2946 0.9272
1305031469.4597 0.0441 0.0422 0.0635 -0.0148 -0.2199 -0.3015 0.9276
1305031469.4957 0.0309 0.0542 0.0736 -0.0136 -0.2118 -0.3051 0.9283
1305031469.5276 0.0274 0.0636 0.0832 -0.0162 -0.2117 -0.3057 0.9281
1305031469.5596 0.0260 0.0727 0.0966 -0.0217 -0.2127 -0.3063 0.9276
1305031469.5958 0.0251 0.0818 0.1095 -0.0290 -0.2136 -0.3059 0.9273
1305031469.6278 0.0217 0.0904 0.1224 -0.0390 -0.2117 -0.3060 0.9274
1305031469.6596 0.0131 0.0974 0.1363 -0.0456 -0.2070 -0.3069 0.9278
1305031469.6956 0.0100 0.1086 0.1475 -0.0495 -0.2033 -0.3062 0.9287
1305031469.7277 0.0030 0.1199 0.1588 -0.0549 -0.1977 -0.3054 0.9299
1305031469.7596 -0.0033 0.1329 0.1668 -0.0606 -0.1925 -0.3034 0.9313
1305031469.7956 -0.0164 0.1501 0.1770 -0.0665 -0.1881 -0.3017 0.9323
1305031469.8275 -0.0236 0.1635 0.1851 -0.0722 -0.1890 -0.2998 0.9323
1305031469.8596 -0.0329 0.1785 0.1930 -0.0792 -0.1894 -0.2981 0.9322
1305031469.8958 -0.0423 0.1940 0.2000 -0.0842 -0.1896 -0.2958 0.9325
1305031469.9279 -0.0535 0.2120 0.2079 -0.0874 -0.1901 -0.2923 0.9332
1305031469.9598 -0.0636 0.2279 0.2133 -0.0895 -0.1930 -0.2894 0.9333
1305031469.9956 -0.0736 0.2430 0.2163 -0.0915 -0.1945 -0.2876 0.9333
1305031470.0277 -0.0851 0.2592 0.2178 -0.0940 -0.1958 -0.2870 0.9330
1305031470.0596 -0.0973 0.2753 0.2185 -0.0958 -0.1951 -0.2866 0.9331
1305031470.0959 -0.1081 0.2892 0.2176 -0.0978 -0.1948 -0.2850 0.9334
1305031470.1276 -0.1189 0.3043 0.2155 -0.1016 -0.1940 -0.2828 0.9338
1305031470.1596 -0.1321 0.3215 0.2154 -0.1042 -0.1937 -0.2792 0.9347
1305031470.1961 -0.1434 0.3339 0.2113 -0.1069 -0.1945 -0.2765 0.9350
1305031470.2276 -0.1550 0.3470 0.2075 -0.1112 -0.1938 -0.2733 0.9356
1305031470.2600 -0.1672 0.3594 0.2037 -0.1164 -0.1927 -0.2708 0.9359
1305031470.2957 -0.1790 0.3712 0.1996 -0.1227 -0.1912 -0.2690 0.9360
1305031470.3276 -0.1918 0.3846 0.1965 -0.1292 -0.1899 -0.2661 0.9362
1305031470.3596 -0.2052 0.3981 0.1926 -0.1341 -0.1898 -0.2614 0.9368
1305031470.3958 -0.2174 0.4102 0.1883 -0.1377 -0.1905 -0.2579 0.9371
1305031470.4276 -0.2306 0.4225 0.1842 -0.1379 -0.1912 -0.2579 0.9370
1305031470.4597 -0.2439 0.4324 0.1796 -0.1374 -0.1920 -0.2575 0.9370
1305031470.4957 -0.2560 0.4404 0.1742 -0.1371 -0.1932 -0.2556 0.9373
1305031470.5277 -0.2674 0.4472 0.1691 -0.1375 -0.1936 -0.2558 0.9371
1305031470.5597 -0.2790 0.4562 0.1651 -0.1381 -0.1922 -0.2548 0.9376
1305031470.5958 -0.2904 0.4612 0.1608 -0.1403 -0.1911 -0.2524 0.9381
1305031470.6277 -0.3011 0.4680 0.1577 -0.1432 -0.1899 -0.2480 0.9391
1305031470.6597 -0.3111 0.4734 0.1549 -0.1456 -0.1897 -0.2438 0.9399
1305031470.6956 -0.3222 0.4802 0.1525 -0.1481 -0.1895 -0.2410 0.9402
1305031470.7277 -0.3335 0.4836 0.1509 -0.1493 -0.1893 -0.2392 0.9406
1305031470.7597 -0.3405 0.4828 0.1460 -0.1533 -0.1862 -0.2367 0.9412
1305031470.7956 -0.3520 0.4900 0.1456 -0.1543 -0.1798 -0.2322 0.9434
1305031470.8278 -0.3620 0.4942 0.1451 -0.1510 -0.1794 -0.2273 0.9452
1305031470.8596 -0.3709 0.4963 0.1417 -0.1468 -0.1799 -0.2222 0.9470
1305031470.8957 -0.3801 0.4990 0.1374 -0.1431 -0.1804 -0.2170 0.9486
1305031470.9277 -0.3896 0.5035 0.1358 -0.1373 -0.1831 -0.2113 0.9502
1305031470.9596 -0.3988 0.5021 0.1325 -0.1292 -0.1870 -0.2080 0.9514
1305031470.9960 -0.4050 0.5035 0.1283 -0.1200 -0.1888 -0.2045 0.9530
1305031471.0276 -0.4129 0.5022 0.1260 -0.1118 -0.1880 -0.2013 0.9548
1305031471.0596 -0.4213 0.5024 0.1217 -0.1018 -0.1852 -0.1959 0.9576
1305031471.0958 -0.4296 0.5046 0.1168 -0.0928 -0.1836 -0.1885 0.9603
1305031471.1277 -0.4367 0.5034 0.1136 -0.0877 -0.1843 -0.1813 0.9620
1305031471.1596 -0.4413 0.5036 0.1094 -0.0821 -0.1844 -0.1744 0.9638
1305031471.1957 -0.4460 0.5045 0.1060 -0.0793 -0.1820 -0.1682 0.9656
1305031471.2276 -0.4527 0.5058 0.1035 -0.0786 -0.1784 -0.1630 0.9672
1305031471.2597 -0.4600 0.5046 0.1022 -0.0799 -0.1762 -0.1595 0.9681
1305031471.2961 -0.4656 0.5015 0.1012 -0.0804 -0.1744 -0.1551 0.9691
1305031471.3276 -0.4677 0.5006 0.0982 -0.0768 -0.1715 -0.1518 0.9704
1305031471.3596 -0.4703 0.5015 0.0952 -0.0755 -0.1642 -0.1494 0.9721
1305031471.3957 -0.4792 0.4968 0.0937 -0.0773 -0.1555 -0.1448 0.9741
1305031471.4277 -0.4857 0.4982 0.0888 -0.0728 -0.1518 -0.1375 0.9761
1305031471.4596 -0.4890 0.4994 0.0847 -0.0718 -0.1521 -0.1324 0.9768
1305031471.4965 -0.4931 0.4985 0.0827 -0.0736 -0.1515 -0.1283 0.9773
1305031471.5276 -0.4971 0.4982 0.0793 -0.0741 -0.1504 -0.1240 0.9780
1305031471.5597 -0.4983 0.4980 0.0759 -0.0747 -0.1494 -0.1217 0.9784
1305031471.5957 -0.5007 0.4970 0.0727 -0.0752 -0.1451 -0.1196 0.9793
1305031471.6276 -0.5023 0.4956 0.0695 -0.0756 -0.1409 -0.1177 0.9801
1305031471.6596 -0.5042 0.4944 0.0658 -0.0747 -0.1362 -0.1141 0.9813
1305031471.6956 -0.5055 0.4948 0.0609 -0.0734 -0.1323 -0.1091 0.9825
1305031471.7275 -0.5066 0.4963 0.0568 -0.0739 -0.1285 -0.1052 0.9833
1305031471.7597 -0.5072 0.4974 0.0567 -0.0748 -0.1242 -0.0984 0.9845
1305031471.7958 -0.5081 0.4983 0.0514 -0.0745 -0.1171 -0.0916 0.9861
1305031471.8276 -0.5091 0.4997 0.0479 -0.0787 -0.1125 -0.0851 0.9869
1305031471.8597 -0.5115 0.5023 0.0482 -0.0823 -0.1086 -0.0782 0.9876
1305031471.8956 -0.5133 0.5054 0.0456 -0.0857 -0.1039 -0.0724 0.9882
1305031471.9277 -0.5168 0.5086 0.0456 -0.0908 -0.0977 -0.0696 0.9886
1305031471.9596 -0.5189 0.5091 0.0487 -0.0927 -0.0915 -0.0676 0.9892
1305031471.9956 -0.5222 0.5137 0.0426 -0.0918 -0.0827 -0.0643 0.9903
1305031472.0276 -0.5258 0.5183 0.0431 -0.0979 -0.0770 -0.0612 0.9903
1305031472.0597 -0.5300 0.5204 0.0466 -0.0998 -0.0726 -0.0586 0.9906
1305031472.0956 -0.5334 0.5228 0.0427 -0.1002 -0.0672 -0.0526 0.9913
1305031472.1276 -0.5371 0.5256 0.0428 -0.1061 -0.0647 -0.0491 0.9910
1305031472.1596 -0.5430 0.5263 0.0484 -0.1089 -0.0633 -0.0479 0.9909
1305031472.1957 -0.5470 0.5235 0.0477 -0.1081 -0.0615 -0.0426 0.9913
1305031472.2276 -0.5492 0.5273 0.0457 -0.1039 -0.0601 -0.0400 0.9920
1305031472.2638 -0.5536 0.5241 0.0476 -0.1033 -0.0571 -0.0396 0.9922
1305031472.2957 -0.5544 0.5194 0.0452 -0.0997 -0.0558 -0.0365 0.9928
1305031472.3277 -0.5554 0.5211 0.0420 -0.0939 -0.0547 -0.0341 0.9935
1305031472.3636 -0.5570 0.5222 0.0408 -0.0930 -0.0545 -0.0324 0.9936
1305031472.3956 -0.5585 0.5161 0.0420 -0.0967 -0.0568 -0.0312 0.9932
1305031472.4277 -0.5566 0.5046 0.0403 -0.1017 -0.0625 -0.0332 0.9923
1305031472.4636 -0.5537 0.4956 0.0393 -0.1054 -0.0655 -0.0343 0.9917
1305031472.4956 -0.5490 0.4879 0.0378 -0.1093 -0.0671 -0.0352 0.9911
1305031472.5276 -0.5430 0.4728 0.0422 -0.1188 -0.0706 -0.0311 0.9899
1305031472.5636 -0.5444 0.4638 0.0436 -0.1189 -0.0697 -0.0267 0.9901
1305031472.5957 -0.5425 0.4644 0.0411 -0.1136 -0.0709 -0.0237 0.9907
1305031472.6277 -0.5407 0.4613 0.0424 -0.1143 -0.0721 -0.0215 0.9906
1305031472.6636 -0.5393 0.4568 0.0445 -0.1149 -0.0730 -0.0202 0.9905
1305031472.6958 -0.5377 0.4537 0.0458 -0.1134 -0.0740 -0.0186 0.9906
1305031472.7276 -0.5360 0.4499 0.0472 -0.1117 -0.0752 -0.0186 0.9907
1305031472.7636 -0.5335 0.4477 0.0481 -0.1096 -0.0759 -0.0198 0.9909
1305031472.7956 -0.5336 0.4444 0.0498 -0.1081 -0.0743 -0.0215 0.9911
1305031472.8276 -0.5331 0.4426 0.0509 -0.1053 -0.0736 -0.0212 0.9915
1305031472.8636 -0.5338 0.4424 0.0516 -0.1027 -0.0731 -0.0197 0.9918
1305031472.8957 -0.5333 0.4423 0.0522 -0.1023 -0.0746 -0.0174 0.9918
1305031472.9277 -0.5324 0.4393 0.0546 -0.1040 -0.0759 -0.0159 0.9915
1305031472.9638 -0.5321 0.4405 0.0552 -0.1024 -0.0756 -0.0144 0.9918
1305031472.9957 -0.5332 0.4397 0.0564 -0.1036 -0.0759 -0.0136 0.9916
1305031473.0276 -0.5330 0.4402 0.0572 -0.1036 -0.0773 -0.0134 0.9915
1305031473.0637 -0.5322 0.4378 0.0588 -0.1054 -0.0784 -0.0150 0.9912
1305031473.0957 -0.5315 0.4376 0.0591 -0.1045 -0.0778 -0.0168 0.9913
1305031473.1277 -0.5333 0.4370 0.0598 -0.1045 -0.0759 -0.0184 0.9915
1305031473.1671 -0.5339 0.4355 0.0600 -0.1041 -0.0764 -0.0185 0.9915
1305031473.1961 -0.5329 0.4346 0.0598 -0.1032 -0.0775 -0.0185 0.9915
