1305031453.4237 0.0019 0.0041 -0.0080 0.0017 0.0041 0.0075 1.0000
1305031453.4597 0.0058 0.0052 -0.0170 0.0040 0.0113 0.0164 0.9998
1305031453.4917 0.0044 0.0111 -0.0317 0.0097 0.0198 0.0270 0.9994
1305031453.5237 0.0069 0.0147 -0.0468 0.0152 0.0240 0.0351 0.9990
1305031453.5598 0.0129 0.0181 -0.0621 0.0202 0.0240 0.0404 0.9987
1305031453.5916 0.0008 0.0267 -0.0798 0.0300 0.0324 0.0474 0.9979
1305031453.6277 0.0003 0.0291 -0.0903 0.0350 0.0320 0.0481 0.9977
1305031453.6596 0.0043 0.0405 -0.1094 0.0424 0.0257 0.0489 0.9976
1305031453.6917 -0.0114 0.0501 -0.1277 0.0505 0.0235 0.0441 0.9975
1305031453.7277 -0.0161 0.0513 -0.1405 0.0513 0.0189 0.0408 0.9977
1305031453.7597 -0.0268 0.0537 -0.1490 0.0541 0.0108 0.0345 0.9979
1305031453.7917 -0.0303 0.0637 -0.1626 0.0600 0.0002 0.0241 0.9979
1305031453.8278 -0.0311 0.0747 -0.1796 0.0636 -0.0098 0.0183 0.9978
1305031453.8597 -0.0421 0.0768 -0.1845 0.0645 -0.0222 0.0140 0.9976
1305031453.8917 -0.0443 0.0829 -0.2014 0.0636 -0.0403 0.0081 0.9971
1305031453.9277 -0.0622 0.0934 -0.2080 0.0625 -0.0565 0.0018 0.9964
1305031453.9596 -0.0568 0.0909 -0.2131 0.0592 -0.0768 -0.0051 0.9953
1305031453.9916 -0.0671 0.0904 -0.2131 0.0581 -0.0889 -0.0142 0.9942
1305031454.0277 -0.0778 0.0961 -0.2138 0.0607 -0.1020 -0.0197 0.9927
1305031454.0597 -0.0885 0.1031 -0.2176 0.0633 -0.1124 -0.0270 0.9913
1305031454.0917 -0.1013 0.1092 -0.2039 0.0665 -0.1231 -0.0355 0.9895
1305031454.1277 -0.1154 0.1137 -0.1995 0.0713 -0.1361 -0.0464 0.9870
1305031454.1597 -0.1360 0.1237 -0.2008 0.0741 -0.1461 -0.0553 0.9849
1305031454.1917 -0.1507 0.1270 -0.1962 0.0740 -0.1606 -0.0650 0.9821
1305031454.2277 -0.1669 0.1319 -0.1865 0.0793 -0.1750 -0.0816 0.9780
1305031454.2596 -0.1700 0.1300 -0.1918 0.0816 -0.1888 -0.0948 0.9740
1305031454.2916 -0.1817 0.1357 -0.1928 0.0818 -0.1952 -0.1061 0.9716
1305031454.3277 -0.1919 0.1381 -0.1885 0.0829 -0.2059 -0.1157 0.9682
1305031454.3596 -0.1999 0.1371 -0.1968 0.0869 -0.2154 -0.1284 0.9641
1305031454.3917 -0.2051 0.1445 -0.2007 0.0896 -0.2241 -0.1381 0.9606
1305031454.4275 -0.2185 0.1495 -0.2077 0.0913 -0.2326 -0.1495 0.9567
1305031454.4599 -0.2264 0.1510 -0.2084 0.0928 -0.2423 -0.1608 0.9523
1305031454.4916 -0.2295 0.1555 -0.2042 0.0962 -0.2486 -0.1766 0.9475
1305031454.5277 -0.2367 0.1644 -0.2048 0.0978 -0.2547 -0.1915 0.9428
1305031454.5596 -0.2340 0.1680 -0.2036 0.0960 -0.2636 -0.2049 0.9377
1305031454.5916 -0.2412 0.1742 -0.2097 0.0953 -0.2718 -0.2196 0.9321
1305031454.6276 -0.2517 0.1755 -0.2138 0.0917 -0.2817 -0.2301 0.9270
1305031454.6595 -0.2571 0.1919 -0.2123 0.0919 -0.2921 -0.2375 0.9218
1305031454.6919 -0.2666 0.1986 -0.2071 0.0874 -0.3048 -0.2409 0.9173
1305031454.7277 -0.2664 0.2044 -0.2071 0.0858 -0.3176 -0.2456 0.9118
1305031454.7597 -0.2669 0.2069 -0.2026 0.0818 -0.3236 -0.2434 0.9107
1305031454.7916 -0.2652 0.2142 -0.1974 0.0787 -0.3263 -0.2364 0.9118
1305031454.8276 -0.2617 0.2202 -0.1972 0.0747 -0.3280 -0.2304 0.9131
1305031454.8596 -0.2595 0.2242 -0.1950 0.0689 -0.3267 -0.2245 0.9155
1305031454.8918 -0.2579 0.2280 -0.1979 0.0634 -0.3221 -0.2169 0.9193
1305031454.9276 -0.2536 0.2347 -0.1971 0.0589 -0.3196 -0.2091 0.9223
1305031454.9596 -0.2553 0.2414 -0.1989 0.0566 -0.3161 -0.2047 0.9247
1305031454.9919 -0.2574 0.2427 -0.2022 0.0527 -0.3141 -0.2007 0.9264
1305031455.0278 -0.2582 0.2480 -0.2021 0.0522 -0.3139 -0.1981 0.9271
1305031455.0596 -0.2603 0.2524 -0.2046 0.0512 -0.3118 -0.1963 0.9282
1305031455.0917 -0.2632 0.2559 -0.2088 0.0521 -0.3093 -0.1963 0.9290
1305031455.1277 -0.2673 0.2656 -0.2134 0.0548 -0.3053 -0.1957 0.9303
1305031455.1597 -0.2760 0.2734 -0.2206 0.0549 -0.3001 -0.1933 0.9325
1305031455.1917 -0.2814 0.2753 -0.2204 0.0510 -0.2993 -0.1887 0.9339
1305031455.2276 -0.2852 0.2770 -0.2227 0.0496 -0.2980 -0.1856 0.9350
1305031455.2596 -0.2881 0.2862 -0.2269 0.0490 -0.2952 -0.1810 0.9369
1305031455.2918 -0.2963 0.2837 -0.2282 0.0373 -0.2926 -0.1714 0.9400
1305031455.3278 -0.3052 0.2910 -0.2353 0.0326 -0.2900 -0.1627 0.9425
1305031455.3596 -0.3103 0.3017 -0.2305 0.0258 -0.2904 -0.1527 0.9443
1305031455.3917 -0.3179 0.2961 -0.2298 0.0114 -0.2868 -0.1446 0.9469
1305031455.4276 -0.3293 0.3002 -0.2353 0.0055 -0.2811 -0.1368 0.9499
1305031455.4596 -0.3450 0.3002 -0.2485 0.0011 -0.2746 -0.1313 0.9526
1305031455.4916 -0.3573 0.3028 -0.2568 -0.0028 -0.2705 -0.1238 0.9547
1305031455.5276 -0.3743 0.3026 -0.2689 -0.0073 -0.2656 -0.1146 0.9572
1305031455.5597 -0.3946 0.3122 -0.2826 -0.0066 -0.2637 -0.1032 0.9591
1305031455.5916 -0.4075 0.3135 -0.2965 -0.0106 -0.2643 -0.0916 0.9600
1305031455.6276 -0.4266 0.3115 -0.3073 -0.0149 -0.2599 -0.0827 0.9620
1305031455.6596 -0.4359 0.3082 -0.3174 -0.0145 -0.2589 -0.0769 0.9627
1305031455.6916 -0.4502 0.3116 -0.3339 -0.0106 -0.2552 -0.0779 0.9637
1305031455.7276 -0.4583 0.3108 -0.3418 -0.0093 -0.2531 -0.0802 0.9641
1305031455.7597 -0.4640 0.3094 -0.3477 -0.0085 -0.2507 -0.0820 0.9645
1305031455.7917 -0.4699 0.3027 -0.3551 -0.0089 -0.2484 -0.0808 0.9652
1305031455.8276 -0.4774 0.3016 -0.3691 -0.0072 -0.2462 -0.0801 0.9659
1305031455.8595 -0.4852 0.2996 -0.3783 -0.0069 -0.2447 -0.0805 0.9662
1305031455.8917 -0.4885 0.2966 -0.3867 -0.0068 -0.2436 -0.0811 0.9665
1305031455.9280 -0.4936 0.2930 -0.3943 -0.0078 -0.2416 -0.0812 0.9669
1305031455.9597 -0.4981 0.2918 -0.4023 -0.0072 -0.2396 -0.0827 0.9673
1305031455.9917 -0.5018 0.2905 -0.4067 -0.0082 -0.2374 -0.0839 0.9677
1305031456.0278 -0.5095 0.2954 -0.4137 -0.0099 -0.2321 -0.0877 0.9687
1305031456.0597 -0.5195 0.2824 -0.4176 -0.0196 -0.2281 -0.0946 0.9688
1305031456.0917 -0.5278 0.2767 -0.4218 -0.0231 -0.2246 -0.0981 0.9692
1305031456.1276 -0.5319 0.2742 -0.4256 -0.0234 -0.2223 -0.0986 0.9697
1305031456.1597 -0.5356 0.2704 -0.4262 -0.0238 -0.2196 -0.0991 0.9703
1305031456.1917 -0.5404 0.2541 -0.4370 -0.0237 -0.2135 -0.0966 0.9719
1305031456.2277 -0.5436 0.2568 -0.4442 -0.0208 -0.2061 -0.0944 0.9737
1305031456.2917 -0.5535 0.2329 -0.4411 -0.0263 -0.1891 -0.0874 0.9777
1305031456.3277 -0.5607 0.2242 -0.4434 -0.0254 -0.1799 -0.0798 0.9801
1305031456.3916 -0.5715 0.2064 -0.4362 -0.0273 -0.1606 -0.0690 0.9842
1305031456.4277 -0.5749 0.1984 -0.4343 -0.0261 -0.1547 -0.0580 0.9859
1305031456.4917 -0.6163 0.2170 -0.4348 -0.0270 -0.1442 -0.0459 0.9881
1305031456.5276 -0.6402 0.2239 -0.4284 -0.0291 -0.1415 -0.0416 0.9886
1305031456.5917 -0.6607 0.2374 -0.4179 -0.0268 -0.1372 -0.0327 0.9896
1305031456.6276 -0.6664 0.2467 -0.4105 -0.0392 -0.1348 -0.0284 0.9897
1305031456.6916 -0.7069 0.2283 -0.3929 -0.0552 -0.1224 -0.0165 0.9908
1305031456.7277 -0.7303 0.2477 -0.3918 -0.0544 -0.1173 -0.0063 0.9916
1305031456.7916 -0.7681 0.2326 -0.3770 -0.0623 -0.1251 0.0041 0.9902
1305031456.8276 -0.7824 0.2602 -0.3670 -0.0541 -0.1263 0.0113 0.9904
1305031456.8917 -0.7977 0.2521 -0.3403 -0.0687 -0.1276 0.0229 0.9892
1305031456.9277 -0.8093 0.2604 -0.3405 -0.0619 -0.1216 0.0290 0.9902
1305031456.9597 -0.8244 0.2712 -0.3407 -0.0625 -0.1141 0.0341 0.9909
1305031456.9917 -0.8350 0.2632 -0.3305 -0.0748 -0.1115 0.0371 0.9902
1305031457.0276 -0.8468 0.2625 -0.3294 -0.0771 -0.1072 0.0392 0.9905
1305031457.0917 -0.8629 0.2696 -0.3265 -0.0898 -0.1007 0.0459 0.9898
1305031457.1276 -0.8773 0.2620 -0.3268 -0.0942 -0.0929 0.0497 0.9900
1305031457.1917 -0.9015 0.2650 -0.3413 -0.0916 -0.0769 0.0656 0.9907
1305031457.2275 -0.9101 0.2626 -0.3443 -0.0945 -0.0722 0.0687 0.9905
1305031457.2917 -0.9246 0.2567 -0.3601 -0.0875 -0.0594 0.0848 0.9908
1305031457.3275 -0.9436 0.2581 -0.3756 -0.0842 -0.0454 0.0884 0.9915
1305031457.3917 -0.9662 0.2487 -0.3955 -0.0806 -0.0239 0.1027 0.9911
1305031457.4276 -0.9855 0.2508 -0.4068 -0.0762 -0.0134 0.1078 0.9912
1305031457.4917 -1.0155 0.2286 -0.4269 -0.0805 -0.0047 0.1135 0.9903
1305031457.5276 -1.0196 0.2251 -0.4368 -0.0780 -0.0033 0.1172 0.9900
1305031457.5597 -1.0319 0.2205 -0.4533 -0.0733 0.0027 0.1236 0.9896
1305031457.5917 -1.0434 0.2172 -0.4626 -0.0719 0.0068 0.1262 0.9894
1305031457.6275 -1.0596 0.2015 -0.4755 -0.0745 0.0115 0.1285 0.9888
1305031457.6596 -1.0709 0.2005 -0.4857 -0.0724 0.0140 0.1312 0.9886
1305031457.6916 -1.0843 0.1863 -0.4974 -0.0790 0.0143 0.1345 0.9876
1305031457.7277 -1.0925 0.1743 -0.5010 -0.0818 0.0161 0.1332 0.9876
1305031457.7596 -1.1016 0.1489 -0.5151 -0.0843 0.0179 0.1327 0.9874
1305031457.7916 -1.1049 0.1356 -0.5180 -0.0766 0.0213 0.1335 0.9879
1305031457.8277 -1.1136 0.1331 -0.5290 -0.0694 0.0276 0.1334 0.9882
1305031457.8596 -1.1249 0.1287 -0.5344 -0.0664 0.0345 0.1326 0.9883
1305031457.8916 -1.1395 0.1086 -0.5380 -0.0601 0.0444 0.1324 0.9884
1305031457.9276 -1.1565 0.1041 -0.5463 -0.0462 0.0508 0.1356 0.9884
1305031457.9916 -1.1895 0.0891 -0.5461 -0.0335 0.0570 0.1407 0.9878
1305031458.0278 -1.1924 0.0819 -0.5488 -0.0238 0.0591 0.1447 0.9874
1305031458.0597 -1.2050 0.0893 -0.5548 -0.0132 0.0634 0.1469 0.9870
1305031458.0917 -1.2137 0.0885 -0.5524 -0.0132 0.0662 0.1476 0.9867
1305031458.1276 -1.2243 0.0804 -0.5491 -0.0152 0.0694 0.1482 0.9864
1305031458.1596 -1.2358 0.0721 -0.5482 -0.0154 0.0718 0.1496 0.9860
1305031458.1916 -1.2559 0.0713 -0.5373 -0.0143 0.0739 0.1533 0.9853
1305031458.2276 -1.2694 0.0587 -0.5172 -0.0233 0.0732 0.1517 0.9854
1305031458.2599 -1.2956 0.0408 -0.5072 -0.0255 0.0740 0.1481 0.9859
1305031458.2917 -1.3113 0.0296 -0.5025 -0.0202 0.0702 0.1504 0.9859
1305031458.3276 -1.3284 0.0299 -0.4899 -0.0168 0.0645 0.1511 0.9863
1305031458.3596 -1.3344 0.0044 -0.4714 -0.0157 0.0597 0.1535 0.9862
1305031458.3916 -1.3620 0.0127 -0.4604 0.0001 0.0608 0.1585 0.9855
1305031458.4276 -1.3669 0.0199 -0.4454 0.0096 0.0596 0.1692 0.9837
1305031458.4596 -1.3587 0.0102 -0.4342 0.0197 0.0607 0.1747 0.9826
1305031458.4917 -1.3548 0.0013 -0.4260 0.0351 0.0663 0.1737 0.9819
1305031458.5277 -1.3673 0.0146 -0.4240 0.0553 0.0750 0.1724 0.9806
1305031458.5596 -1.3794 0.0177 -0.4121 0.0607 0.0827 0.1703 0.9800
1305031458.5916 -1.3999 0.0188 -0.4019 0.0696 0.0912 0.1602 0.9804
1305031458.6277 -1.4111 0.0387 -0.3781 0.0769 0.0922 0.1586 0.9800
1305031458.6596 -1.4267 0.0369 -0.3756 0.0699 0.0879 0.1601 0.9807
1305031458.6917 -1.4422 0.0422 -0.3530 0.0684 0.0762 0.1522 0.9830
1305031458.7276 -1.4463 0.0409 -0.3362 0.0697 0.0622 0.1458 0.9849
1305031458.7599 -1.4577 0.0387 -0.3291 0.0736 0.0493 0.1384 0.9864
1305031458.7916 -1.4635 0.0468 -0.3147 0.0763 0.0351 0.1294 0.9880
1305031458.8276 -1.4634 0.0427 -0.2918 0.0708 0.0271 0.1265 0.9891
1305031458.8917 -1.4716 0.0409 -0.2671 0.0791 0.0264 0.1137 0.9900
1305031458.9276 -1.4784 0.0483 -0.2645 0.0802 0.0312 0.1149 0.9896
1305031458.9596 -1.4760 0.0370 -0.2568 0.0693 0.0326 0.1266 0.9890
1305031458.9916 -1.4818 0.0139 -0.2566 0.0658 0.0359 0.1307 0.9886
1305031459.0277 -1.5126 0.0198 -0.2529 0.0811 0.0390 0.1266 0.9879
1305031459.0596 -1.5290 0.0117 -0.2461 0.0875 0.0315 0.1372 0.9862
1305031459.1276 -1.5133 0.0946 -0.1996 0.1170 0.0235 0.1300 0.9843
1305031459.1596 -1.5211 0.0982 -0.1892 0.1262 -0.0049 0.1302 0.9834
1305031459.1917 -1.5343 0.0989 -0.1764 0.1323 -0.0230 0.1340 0.9818
1305031459.2276 -1.5392 0.1029 -0.1670 0.1359 -0.0372 0.1407 0.9800
1305031459.2598 -1.5432 0.1074 -0.1506 0.1364 -0.0398 0.1472 0.9788
1305031459.3276 -1.5506 0.1165 -0.1230 0.1320 -0.0126 0.1727 0.9760
1305031459.3597 -1.5596 0.1205 -0.1085 0.1338 0.0099 0.1890 0.9728
1305031459.3917 -1.5757 0.1405 -0.1045 0.1312 0.0371 0.2122 0.9677
1305031459.4276 -1.5715 0.1481 -0.0974 0.1166 0.0654 0.2475 0.9596
1305031459.4597 -1.5822 0.1478 -0.1007 0.1108 0.0991 0.2872 0.9463
1305031459.5276 -1.6120 0.1655 -0.0883 0.0913 0.1417 0.3495 0.9217
1305031459.5596 -1.6260 0.1475 -0.0933 0.0786 0.1574 0.3747 0.9103
1305031459.5917 -1.6409 0.1464 -0.0940 0.0752 0.1624 0.3932 0.9019
1305031459.6276 -1.6421 0.1417 -0.0918 0.0693 0.1602 0.4076 0.8963
1305031459.6596 -1.6493 0.1441 -0.0867 0.0704 0.1645 0.4074 0.8955
1305031459.6916 -1.6702 0.1391 -0.0825 0.0667 0.1784 0.4103 0.8918
1305031459.7276 -1.6746 0.1237 -0.0843 0.0584 0.1831 0.4132 0.8901
1305031459.7917 -1.7042 0.0925 -0.0850 0.0565 0.1928 0.4102 0.8896
1305031459.8277 -1.7199 0.0748 -0.0808 0.0542 0.1956 0.4097 0.8894
1305031459.8597 -1.7438 0.0602 -0.0748 0.0524 0.1987 0.4068 0.8901
1305031459.8916 -1.7491 0.0407 -0.0685 0.0464 0.1949 0.4120 0.8889
1305031459.9276 -1.7582 0.0233 -0.0639 0.0447 0.1931 0.4144 0.8883
1305031459.9917 -1.7782 -0.0046 -0.0495 0.0404 0.1919 0.4210 0.8856
1305031460.0276 -1.7854 -0.0173 -0.0435 0.0397 0.1926 0.4233 0.8844
1305031460.0597 -1.7954 -0.0367 -0.0388 0.0378 0.1950 0.4260 0.8827
1305031460.0917 -1.8065 -0.0597 -0.0390 0.0369 0.1917 0.4327 0.8801
1305031460.1277 -1.8123 -0.0658 -0.0316 0.0442 0.1826 0.4374 0.8794
1305031460.1597 -1.8240 -0.0797 -0.0263 0.0490 0.1773 0.4417 0.8781
1305031460.1916 -1.8255 -0.0871 -0.0138 0.0497 0.1710 0.4470 0.8766
1305031460.2278 -1.8273 -0.0874 -0.0043 0.0524 0.1719 0.4470 0.8763
1305031460.2917 -1.8313 -0.1003 0.0054 0.0574 0.1872 0.4466 0.8731
1305031460.3275 -1.8364 -0.1061 0.0093 0.0595 0.1945 0.4469 0.8711
1305031460.3916 -1.8411 -0.1131 0.0216 0.0569 0.2131 0.4500 0.8654
1305031460.4275 -1.8449 -0.1196 0.0238 0.0558 0.2219 0.4531 0.8616
1305031460.4596 -1.8423 -0.1187 0.0278 0.0537 0.2317 0.4554 0.8579
1305031460.4915 -1.8494 -0.1243 0.0312 0.0477 0.2470 0.4593 0.8519
1305031460.5276 -1.8523 -0.1397 0.0330 0.0382 0.2594 0.4663 0.8449
1305031460.5596 -1.8506 -0.1476 0.0369 0.0325 0.2669 0.4699 0.8408
1305031460.5919 -1.8566 -0.1535 0.0433 0.0304 0.2756 0.4685 0.8388
1305031460.6276 -1.8579 -0.1587 0.0479 0.0289 0.2817 0.4697 0.8362
1305031460.6598 -1.8634 -0.1658 0.0528 0.0278 0.2882 0.4684 0.8347
1305031460.6917 -1.8663 -0.1716 0.0565 0.0258 0.2911 0.4689 0.8335
1305031460.7277 -1.8666 -0.1775 0.0591 0.0229 0.2920 0.4693 0.8331
1305031460.7597 -1.8673 -0.1842 0.0625 0.0206 0.2951 0.4678 0.8329
1305031460.7917 -1.8705 -0.1937 0.0664 0.0180 0.2985 0.4675 0.8319
1305031460.8277 -1.8724 -0.2012 0.0737 0.0146 0.3005 0.4663 0.8319
1305031460.8597 -1.8725 -0.2053 0.0770 0.0116 0.3023 0.4650 0.8320
1305031460.8918 -1.8716 -0.2110 0.0806 0.0079 0.3044 0.4636 0.8321
1305031460.9276 -1.8741 -0.2215 0.0865 0.0040 0.3070 0.4637 0.8311
1305031460.9917 -1.8629 -0.2429 0.0982 -0.0005 0.3099 0.4661 0.8287
1305031461.0276 -1.8626 -0.2480 0.1041 0.0009 0.3115 0.4662 0.8280
1305031461.0917 -1.8681 -0.2606 0.1220 0.0048 0.3122 0.4639 0.8291
1305031461.1276 -1.8611 -0.2629 0.1273 0.0041 0.3111 0.4625 0.8302
1305031461.1597 -1.8589 -0.2744 0.1372 0.0039 0.3148 0.4604 0.8300
1305031461.1920 -1.8606 -0.2796 0.1451 0.0052 0.3178 0.4551 0.8318
1305031461.2276 -1.8600 -0.2844 0.1489 0.0051 0.3189 0.4541 0.8319
1305031461.2596 -1.8599 -0.2878 0.1569 0.0070 0.3210 0.4502 0.8332
1305031461.2917 -1.8547 -0.2940 0.1611 0.0061 0.3218 0.4448 0.8358
1305031461.3278 -1.8538 -0.2912 0.1665 0.0086 0.3236 0.4406 0.8373
1305031461.3597 -1.8555 -0.2871 0.1723 0.0084 0.3266 0.4378 0.8376
1305031461.3917 -1.8488 -0.2937 0.1768 0.0026 0.3259 0.4382 0.8377
1305031461.4276 -1.8431 -0.2923 0.1789 0.0033 0.3252 0.4374 0.8384
1305031461.4598 -1.8445 -0.2945 0.1834 0.0004 0.3266 0.4372 0.8380
1305031461.4917 -1.8350 -0.2970 0.1836 -0.0018 0.3251 0.4385 0.8379
1305031461.5277 -1.8387 -0.2923 0.1863 0.0045 0.3281 0.4345 0.8388
1305031461.5597 -1.8338 -0.2850 0.1864 0.0056 0.3283 0.4315 0.8403
1305031461.5917 -1.8302 -0.2783 0.1779 0.0053 0.3334 0.4274 0.8404
1305031461.6275 -1.8274 -0.2706 0.1778 0.0043 0.3379 0.4266 0.8390
1305031461.6596 -1.8261 -0.2641 0.1784 0.0034 0.3426 0.4250 0.8379
1305031461.6916 -1.8290 -0.2636 0.1821 0.0015 0.3482 0.4287 0.8337
1305031461.7276 -1.8244 -0.2564 0.1858 0.0008 0.3492 0.4316 0.8317
1305031461.7597 -1.8242 -0.2474 0.1814 0.0011 0.3509 0.4319 0.8308
1305031461.7916 -1.8204 -0.2449 0.1750 -0.0041 0.3529 0.4380 0.8268
1305031461.8276 -1.8193 -0.2371 0.1706 -0.0059 0.3587 0.4413 0.8225
1305031461.8598 -1.8244 -0.2268 0.1682 -0.0061 0.3647 0.4459 0.8174
1305031461.8917 -1.8277 -0.2147 0.1734 -0.0098 0.3685 0.4593 0.8082
1305031461.9278 -1.8236 -0.2043 0.1772 -0.0146 0.3669 0.4717 0.8017
1305031461.9597 -1.8157 -0.1881 0.1633 -0.0193 0.3665 0.4745 0.8001
1305031461.9916 -1.8274 -0.1727 0.1663 -0.0262 0.3752 0.4802 0.7925
1305031462.0277 -1.8322 -0.1728 0.1824 -0.0379 0.3802 0.4895 0.7839
1305031462.0598 -1.8329 -0.1622 0.1818 -0.0408 0.3728 0.5015 0.7797
1305031462.0918 -1.8313 -0.1501 0.1763 -0.0417 0.3633 0.5148 0.7754
1305031462.1277 -1.8264 -0.1426 0.1751 -0.0461 0.3573 0.5266 0.7700
1305031462.1596 -1.8300 -0.1216 0.1716 -0.0428 0.3506 0.5326 0.7692
1305031462.1916 -1.8341 -0.1111 0.1778 -0.0441 0.3515 0.5298 0.7706
1305031462.2276 -1.8449 -0.0918 0.1720 -0.0439 0.3475 0.5280 0.7737
1305031462.2598 -1.8501 -0.0941 0.1762 -0.0546 0.3490 0.5239 0.7750
1305031462.2916 -1.8604 -0.0880 0.1833 -0.0608 0.3497 0.5173 0.7787
1305031462.3275 -1.8562 -0.0872 0.1852 -0.0748 0.3452 0.5136 0.7820
1305031462.3597 -1.8705 -0.0583 0.1859 -0.0677 0.3422 0.5060 0.7888
1305031462.3917 -1.8798 -0.0459 0.1958 -0.0731 0.3393 0.5036 0.7912
1305031462.4276 -1.8855 -0.0236 0.1977 -0.0758 0.3302 0.4965 0.7992
1305031462.4599 -1.9190 0.0140 0.2284 -0.0646 0.3378 0.4794 0.8074
1305031462.4920 -1.9130 0.0261 0.2341 -0.0733 0.3249 0.4790 0.8121
1305031462.5277 -1.9237 0.0115 0.2528 -0.0883 0.3291 0.4666 0.8162
1305031462.5599 -1.9254 0.0177 0.2453 -0.0939 0.3179 0.4616 0.8229
1305031462.5919 -1.9408 0.0383 0.2527 -0.0844 0.3196 0.4475 0.8309
1305031462.6279 -1.9452 0.0318 0.2561 -0.0954 0.3214 0.4390 0.8336
1305031462.6597 -1.9490 0.0419 0.2413 -0.0924 0.3152 0.4347 0.8386
1305031462.6925 -1.9583 0.0508 0.2385 -0.0916 0.3159 0.4185 0.8465
1305031462.7277 -1.9651 0.0613 0.2406 -0.0905 0.3112 0.4043 0.8553
1305031462.7598 -1.9698 0.0638 0.2379 -0.0937 0.3069 0.3938 0.8614
1305031462.7919 -1.9665 0.0532 0.2350 -0.1068 0.3023 0.3890 0.8637
1305031462.8278 -1.9722 0.0770 0.2234 -0.0996 0.2919 0.3797 0.8722
1305031462.8598 -1.9670 0.0763 0.2261 -0.1087 0.2893 0.3741 0.8744
1305031462.8918 -1.9663 0.0796 0.2213 -0.1124 0.2896 0.3663 0.8771
1305031462.9276 -1.9643 0.0806 0.2144 -0.1166 0.2905 0.3624 0.8779
1305031462.9597 -1.9602 0.0745 0.1998 -0.1231 0.2879 0.3611 0.8784
1305031462.9955 -1.9571 0.0864 0.1945 -0.1180 0.2844 0.3591 0.8810
1305031463.0277 -1.9556 0.0953 0.1850 -0.1126 0.2816 0.3551 0.8843
1305031463.0598 -1.9619 0.0915 0.1590 -0.1101 0.2788 0.3398 0.8914
1305031463.0958 -1.9590 0.1011 0.1546 -0.1076 0.2755 0.3341 0.8949
1305031463.1275 -1.9508 0.1211 0.1457 -0.1004 0.2697 0.3276 0.8999
1305031463.1598 -1.9569 0.1226 0.1234 -0.0965 0.2710 0.3109 0.9059
1305031463.1957 -1.9542 0.1229 0.1163 -0.0991 0.2707 0.3051 0.9076
1305031463.2278 -1.9447 0.1338 0.1089 -0.0982 0.2687 0.3009 0.9097
1305031463.2600 -1.9421 0.1436 0.0931 -0.0918 0.2694 0.2949 0.9122
1305031463.2957 -1.9369 0.1478 0.0810 -0.0908 0.2675 0.2922 0.9137
1305031463.3277 -1.9276 0.1599 0.0744 -0.0877 0.2631 0.2896 0.9161
1305031463.3598 -1.9259 0.1662 0.0591 -0.0821 0.2611 0.2826 0.9194
1305031463.3956 -1.9214 0.1696 0.0494 -0.0806 0.2587 0.2816 0.9205
1305031463.4277 -1.9099 0.1870 0.0388 -0.0750 0.2537 0.2792 0.9231
1305031463.4598 -1.8975 0.1994 0.0302 -0.0732 0.2529 0.2771 0.9241
1305031463.4956 -1.8851 0.2092 0.0229 -0.0741 0.2554 0.2752 0.9239
1305031463.5277 -1.8715 0.2229 0.0175 -0.0712 0.2588 0.2716 0.9242
1305031463.5598 -1.8574 0.2311 0.0032 -0.0684 0.2585 0.2734 0.9240
1305031463.5956 -1.8554 0.2352 0.0008 -0.0688 0.2619 0.2710 0.9237
1305031463.6276 -1.8421 0.2399 -0.0133 -0.0669 0.2613 0.2608 0.9270
1305031463.6598 -1.8367 0.2461 -0.0308 -0.0557 0.2648 0.2553 0.9282
1305031463.6956 -1.8281 0.2553 -0.0484 -0.0512 0.2630 0.2503 0.9304
1305031463.7276 -1.8155 0.2444 -0.0641 -0.0574 0.2653 0.2447 0.9308
1305031463.7597 -1.7997 0.2427 -0.0805 -0.0513 0.2680 0.2364 0.9325
1305031463.7956 -1.7856 0.2412 -0.1079 -0.0472 0.2661 0.2260 0.9359
1305031463.8278 -1.7659 0.2280 -0.1303 -0.0541 0.2625 0.2156 0.9390
1305031463.8599 -1.7553 0.2315 -0.1439 -0.0466 0.2661 0.2068 0.9404
1305031463.8956 -1.7490 0.2317 -0.1680 -0.0409 0.2663 0.1951 0.9430
1305031463.9277 -1.7411 0.2258 -0.1812 -0.0419 0.2646 0.1896 0.9446
1305031463.9597 -1.7252 0.2135 -0.2014 -0.0424 0.2597 0.1831 0.9472
1305031463.9958 -1.7255 0.2123 -0.2157 -0.0347 0.2600 0.1735 0.9493
1305031464.0277 -1.7240 0.2098 -0.2263 -0.0334 0.2600 0.1640 0.9510
1305031464.0597 -1.7031 0.1994 -0.2485 -0.0342 0.2546 0.1550 0.9539
1305031464.0956 -1.7025 0.1905 -0.2658 -0.0300 0.2572 0.1428 0.9553
1305031464.1277 -1.7080 0.1890 -0.2762 -0.0261 0.2591 0.1360 0.9559
1305031464.1598 -1.7043 0.1698 -0.2846 -0.0260 0.2572 0.1326 0.9569
1305031464.1956 -1.7009 0.1655 -0.2942 -0.0143 0.2520 0.1280 0.9591
1305031464.2276 -1.7029 0.1772 -0.3133 0.0010 0.2411 0.1181 0.9633
1305031464.2596 -1.7080 0.1766 -0.3207 0.0061 0.2280 0.1172 0.9666
1305031464.2957 -1.7096 0.1754 -0.3236 0.0080 0.2142 0.1123 0.9703
1305031464.3279 -1.6871 0.1811 -0.3359 0.0105 0.1959 0.1065 0.9748
1305031464.3597 -1.6778 0.1817 -0.3450 0.0143 0.1875 0.0995 0.9771
1305031464.3956 -1.6668 0.1863 -0.3567 0.0196 0.1824 0.0857 0.9793
1305031464.4276 -1.6635 0.1843 -0.3721 0.0199 0.1824 0.0790 0.9798
1305031464.4597 -1.6656 0.1779 -0.3856 0.0205 0.1829 0.0704 0.9804
1305031464.4956 -1.6578 0.1769 -0.3954 0.0218 0.1812 0.0639 0.9811
1305031464.5276 -1.6603 0.1728 -0.4185 0.0216 0.1830 0.0556 0.9813
1305031464.5597 -1.6447 0.1706 -0.4301 0.0200 0.1796 0.0485 0.9823
1305031464.5957 -1.6261 0.1566 -0.4544 0.0209 0.1808 0.0339 0.9827
1305031464.6277 -1.6149 0.1501 -0.4753 0.0326 0.1915 0.0276 0.9806
1305031464.6597 -1.6056 0.1382 -0.4907 0.0418 0.2025 0.0177 0.9782
1305031464.6957 -1.5908 0.1237 -0.5176 0.0534 0.2090 0.0030 0.9765
1305031464.7277 -1.5847 0.1264 -0.5161 0.0727 0.2135 -0.0161 0.9741
1305031464.7597 -1.5834 0.1272 -0.5216 0.0845 0.2132 -0.0338 0.9728
1305031464.7960 -1.5857 0.1204 -0.5300 0.0890 0.2087 -0.0533 0.9725
1305031464.8278 -1.5876 0.1296 -0.5217 0.1018 0.1970 -0.0684 0.9727
1305031464.8597 -1.5826 0.1548 -0.5192 0.1115 0.1807 -0.0876 0.9733
1305031464.8958 -1.5735 0.1435 -0.5198 0.1048 0.1653 -0.1052 0.9750
1305031464.9278 -1.5480 0.1194 -0.5275 0.0971 0.1499 -0.1245 0.9760
1305031464.9598 -1.5400 0.1070 -0.5297 0.0977 0.1449 -0.1430 0.9742
1305031464.9957 -1.5331 0.1120 -0.5209 0.1039 0.1446 -0.1622 0.9706
1305031465.0278 -1.5308 0.1181 -0.5105 0.1079 0.1463 -0.1815 0.9664
1305031465.0597 -1.5298 0.1385 -0.4854 0.1156 0.1444 -0.2013 0.9619
1305031465.0957 -1.5022 0.1718 -0.4745 0.1141 0.1308 -0.2177 0.9605
1305031465.1277 -1.4858 0.1811 -0.4444 0.0969 0.1215 -0.2306 0.9606
1305031465.1598 -1.4640 0.1766 -0.4234 0.0783 0.1102 -0.2375 0.9619
1305031465.1956 -1.4454 0.1644 -0.4051 0.0612 0.0998 -0.2464 0.9621
1305031465.2279 -1.4266 0.1702 -0.3799 0.0487 0.0936 -0.2520 0.9620
1305031465.2598 -1.4091 0.1588 -0.3568 0.0329 0.0854 -0.2512 0.9636
1305031465.2956 -1.3970 0.1761 -0.3314 0.0327 0.0805 -0.2404 0.9668
1305031465.3277 -1.3851 0.1830 -0.3250 0.0226 0.0701 -0.2318 0.9700
1305031465.3599 -1.3704 0.1790 -0.3101 0.0159 0.0541 -0.2203 0.9738
1305031465.3956 -1.3429 0.1821 -0.3019 0.0164 0.0357 -0.2102 0.9769
1305031465.4277 -1.3209 0.1795 -0.3024 0.0163 0.0234 -0.2017 0.9790
1305031465.4601 -1.3052 0.1857 -0.3058 0.0182 0.0151 -0.1919 0.9811
1305031465.4957 -1.2848 0.1960 -0.3048 0.0166 0.0072 -0.1813 0.9833
1305031465.5276 -1.2692 0.1898 -0.3056 0.0130 -0.0005 -0.1774 0.9840
1305031465.5598 -1.2489 0.1943 -0.3091 0.0176 -0.0083 -0.1734 0.9847
1305031465.5956 -1.2304 0.1963 -0.3150 0.0201 -0.0128 -0.1674 0.9856
1305031465.6277 -1.2188 0.2034 -0.3152 0.0233 -0.0157 -0.1616 0.9865
1305031465.6601 -1.2083 0.2050 -0.3178 0.0242 -0.0214 -0.1572 0.9870
1305031465.6957 -1.1846 0.2109 -0.3192 0.0285 -0.0294 -0.1519 0.9876
1305031465.7277 -1.1692 0.2186 -0.3228 0.0337 -0.0323 -0.1465 0.9881
1305031465.7598 -1.1534 0.2313 -0.3246 0.0402 -0.0362 -0.1400 0.9887
1305031465.7959 -1.1333 0.2330 -0.3281 0.0419 -0.0398 -0.1362 0.9890
1305031465.8280 -1.1124 0.2386 -0.3304 0.0480 -0.0446 -0.1327 0.9890
1305031465.8599 -1.0858 0.2505 -0.3470 0.0573 -0.0482 -0.1298 0.9887
1305031465.8955 -1.0596 0.2623 -0.3546 0.0619 -0.0436 -0.1291 0.9887
1305031465.9275 -1.0349 0.2626 -0.3512 0.0657 -0.0385 -0.1276 0.9889
1305031465.9597 -1.0088 0.2740 -0.3584 0.0762 -0.0334 -0.1282 0.9883
1305031465.9958 -0.9859 0.2795 -0.3671 0.0813 -0.0296 -0.1293 0.9878
1305031466.0276 -0.9638 0.2850 -0.3777 0.0840 -0.0298 -0.1306 0.9874
1305031466.0598 -0.9377 0.3088 -0.3814 0.0860 -0.0297 -0.1291 0.9874
1305031466.0958 -0.9247 0.3257 -0.3882 0.0826 -0.0299 -0.1290 0.9877
1305031466.1276 -0.9108 0.3445 -0.3907 0.0789 -0.0322 -0.1292 0.9880
1305031466.1604 -0.8986 0.3644 -0.3944 0.0759 -0.0353 -0.1274 0.9883
1305031466.1958 -0.8848 0.3808 -0.3987 0.0691 -0.0407 -0.1253 0.9889
1305031466.2280 -0.8718 0.3824 -0.4056 0.0543 -0.0462 -0.1286 0.9891
1305031466.2598 -0.8552 0.3796 -0.4145 0.0514 -0.0489 -0.1346 0.9884
1305031466.2957 -0.8306 0.3836 -0.4251 0.0545 -0.0476 -0.1442 0.9869
1305031466.3277 -0.8110 0.3859 -0.4395 0.0549 -0.0404 -0.1512 0.9862
1305031466.3598 -0.8008 0.3974 -0.4545 0.0544 -0.0287 -0.1592 0.9853
1305031466.3958 -0.7894 0.3840 -0.4713 0.0509 -0.0271 -0.1604 0.9854
1305031466.4278 -0.7781 0.3863 -0.4852 0.0541 -0.0296 -0.1641 0.9845
1305031466.4598 -0.7682 0.3920 -0.4970 0.0541 -0.0321 -0.1665 0.9840
1305031466.4958 -0.7534 0.4033 -0.5011 0.0538 -0.0340 -0.1677 0.9838
1305031466.5275 -0.7272 0.3936 -0.5132 0.0506 -0.0354 -0.1679 0.9839
1305031466.5604 -0.7114 0.4026 -0.5275 0.0522 -0.0293 -0.1691 0.9838
1305031466.5959 -0.6855 0.4046 -0.5357 0.0428 -0.0297 -0.1736 0.9834
1305031466.6275 -0.6692 0.3821 -0.5457 0.0334 -0.0266 -0.1757 0.9835
1305031466.6597 -0.6467 0.3756 -0.5540 0.0366 -0.0260 -0.1799 0.9827
1305031466.6958 -0.6250 0.3848 -0.5661 0.0388 -0.0270 -0.1862 0.9814
1305031466.7281 -0.6141 0.3862 -0.5716 0.0330 -0.0259 -0.1991 0.9791
1305031466.7596 -0.5932 0.3710 -0.5756 0.0317 -0.0280 -0.2045 0.9780
1305031466.7956 -0.5813 0.3702 -0.5889 0.0348 -0.0292 -0.2089 0.9769
1305031466.8279 -0.5661 0.3737 -0.5927 0.0335 -0.0327 -0.2103 0.9765
1305031466.8597 -0.5621 0.3693 -0.5928 0.0312 -0.0350 -0.2102 0.9765
1305031466.8957 -0.5512 0.3670 -0.5969 0.0310 -0.0453 -0.2104 0.9761
1305031466.9278 -0.5340 0.3595 -0.6022 0.0279 -0.0602 -0.2131 0.9748
1305031466.9597 -0.5203 0.3485 -0.6082 0.0248 -0.0686 -0.2159 0.9737
1305031466.9957 -0.5116 0.3437 -0.6147 0.0240 -0.0714 -0.2178 0.9731
1305031467.0278 -0.4995 0.3406 -0.6169 0.0238 -0.0746 -0.2204 0.9723
1305031467.0597 -0.4840 0.3364 -0.6241 0.0235 -0.0782 -0.2214 0.9718
1305031467.0957 -0.4753 0.3420 -0.6215 0.0241 -0.0780 -0.2243 0.9711
1305031467.1290 -0.4681 0.3387 -0.6188 0.0233 -0.0796 -0.2305 0.9695
1305031467.1597 -0.4603 0.3355 -0.6229 0.0235 -0.0813 -0.2352 0.9683
1305031467.1957 -0.4536 0.3352 -0.6266 0.0239 -0.0840 -0.2390 0.9671
1305031467.2277 -0.4419 0.3332 -0.6283 0.0240 -0.0896 -0.2425 0.9657
1305031467.2597 -0.4357 0.3337 -0.6286 0.0250 -0.0926 -0.2455 0.9647
1305031467.2958 -0.4271 0.3321 -0.6310 0.0255 -0.0965 -0.2493 0.9633
1305031467.3280 -0.4160 0.3299 -0.6366 0.0259 -0.1007 -0.2528 0.9619
1305031467.3597 -0.4049 0.3328 -0.6438 0.0244 -0.1053 -0.2556 0.9607
1305031467.3958 -0.3942 0.3335 -0.6427 0.0204 -0.1102 -0.2596 0.9592
1305031467.4278 -0.3844 0.3299 -0.6447 0.0193 -0.1145 -0.2614 0.9582
1305031467.4597 -0.3738 0.3247 -0.6513 0.0179 -0.1193 -0.2626 0.9573
1305031467.4961 -0.3510 0.3393 -0.6570 0.0189 -0.1264 -0.2673 0.9551
1305031467.5277 -0.3450 0.3327 -0.6626 0.0143 -0.1272 -0.2721 0.9537
1305031467.5598 -0.3368 0.3296 -0.6591 0.0143 -0.1285 -0.2729 0.9533
1305031467.5960 -0.3309 0.3272 -0.6624 0.0139 -0.1289 -0.2716 0.9536
1305031467.6275 -0.3194 0.3285 -0.6558 0.0164 -0.1335 -0.2694 0.9536
1305031467.6596 -0.3168 0.3186 -0.6542 0.0182 -0.1371 -0.2686 0.9533
1305031467.6959 -0.3125 0.3145 -0.6582 0.0194 -0.1387 -0.2704 0.9525
1305031467.7275 -0.3069 0.3112 -0.6492 0.0233 -0.1405 -0.2764 0.9504
1305031467.7599 -0.3037 0.3130 -0.6456 0.0294 -0.1415 -0.2795 0.9492
1305031467.7961 -0.3041 0.3148 -0.6474 0.0329 -0.1414 -0.2816 0.9485
1305031467.8278 -0.3064 0.3048 -0.6415 0.0352 -0.1420 -0.2817 0.9483
1305031467.8597 -0.2993 0.3081 -0.6342 0.0453 -0.1468 -0.2773 0.9484
1305031467.8959 -0.3020 0.3010 -0.6349 0.0474 -0.1497 -0.2778 0.9477
1305031467.9278 -0.2987 0.2912 -0.6155 0.0484 -0.1561 -0.2804 0.9459
1305031467.9598 -0.2951 0.2774 -0.6072 0.0528 -0.1612 -0.2813 0.9445
1305031467.9958 -0.2882 0.2745 -0.6035 0.0544 -0.1630 -0.2825 0.9437
1305031468.0281 -0.2848 0.2674 -0.5901 0.0537 -0.1638 -0.2842 0.9431
1305031468.0598 -0.2890 0.2520 -0.5758 0.0558 -0.1652 -0.2878 0.9417
1305031468.0959 -0.2858 0.2479 -0.5723 0.0572 -0.1670 -0.2894 0.9408
1305031468.1278 -0.2835 0.2421 -0.5601 0.0569 -0.1684 -0.2900 0.9404
1305031468.1599 -0.2814 0.2338 -0.5518 0.0575 -0.1697 -0.2913 0.9397
1305031468.1960 -0.2732 0.2241 -0.5381 0.0576 -0.1714 -0.2943 0.9385
1305031468.2282 -0.2703 0.2147 -0.5229 0.0570 -0.1708 -0.2940 0.9387
1305031468.2598 -0.2573 0.1962 -0.5012 0.0561 -0.1736 -0.2926 0.9387
1305031468.2958 -0.2519 0.1818 -0.4887 0.0559 -0.1724 -0.2936 0.9386
1305031468.3278 -0.2423 0.1505 -0.4685 0.0538 -0.1749 -0.2914 0.9389
1305031468.3598 -0.2306 0.1283 -0.4599 0.0551 -0.1765 -0.2883 0.9395
1305031468.3959 -0.2264 0.1215 -0.4562 0.0542 -0.1760 -0.2881 0.9397
1305031468.4280 -0.2260 0.1088 -0.4399 0.0526 -0.1756 -0.2865 0.9404
1305031468.4598 -0.2297 0.0816 -0.4265 0.0486 -0.1757 -0.2819 0.9419
1305031468.4958 -0.2250 0.0745 -0.4183 0.0484 -0.1757 -0.2819 0.9420
1305031468.5278 -0.2327 0.0584 -0.4047 0.0490 -0.1727 -0.2861 0.9412
1305031468.5597 -0.2434 0.0418 -0.4098 0.0542 -0.1716 -0.2973 0.9377
1305031468.5958 -0.2474 0.0392 -0.4160 0.0579 -0.1709 -0.3030 0.9358
1305031468.6276 -0.2524 0.0330 -0.4124 0.0546 -0.1705 -0.3033 0.9359
1305031468.6596 -0.2657 0.0054 -0.4045 0.0502 -0.1741 -0.3043 0.9352
1305031468.6958 -0.2815 -0.0138 -0.3996 0.0525 -0.1783 -0.3101 0.9323
1305031468.7278 -0.2885 -0.0141 -0.3921 0.0597 -0.1835 -0.3099 0.9310
1305031468.7596 -0.2942 -0.0237 -0.3878 0.0603 -0.1869 -0.3098 0.9303
1305031468.7958 -0.3057 -0.0378 -0.3855 0.0650 -0.1888 -0.3143 0.9281
1305031468.8292 -0.3190 -0.0520 -0.3945 0.0717 -0.1894 -0.3222 0.9248
1305031468.8597 -0.3194 -0.0529 -0.3957 0.0743 -0.1889 -0.3253 0.9235
1305031468.8959 -0.3107 -0.0671 -0.3818 0.0734 -0.1883 -0.3260 0.9235
1305031468.9281 -0.3152 -0.0694 -0.3849 0.0724 -0.1802 -0.3238 0.9260
1305031468.9596 -0.3293 -0.0730 -0.3885 0.0672 -0.1720 -0.3228 0.9283
1305031468.9957 -0.3316 -0.0663 -0.3844 0.0551 -0.1660 -0.3263 0.9289
1305031469.0277 -0.3368 -0.0714 -0.3775 0.0373 -0.1603 -0.3314 0.9290
1305031469.0598 -0.3453 -0.0852 -0.3674 0.0213 -0.1577 -0.3367 0.9281
1305031469.0957 -0.3436 -0.0903 -0.3607 0.0110 -0.1562 -0.3466 0.9248
1305031469.1277 -0.3401 -0.0982 -0.3468 -0.0008 -0.1507 -0.3550 0.9226
1305031469.1597 -0.3342 -0.1099 -0.3198 -0.0116 -0.1457 -0.3602 0.9213
1305031469.1955 -0.3429 -0.1118 -0.3211 -0.0166 -0.1327 -0.3631 0.9221
1305031469.2278 -0.3535 -0.1163 -0.3126 -0.0214 -0.1267 -0.3663 0.9216
1305031469.2596 -0.3556 -0.1144 -0.2942 -0.0265 -0.1218 -0.3680 0.9214
1305031469.2968 -0.3576 -0.1211 -0.2778 -0.0317 -0.1190 -0.3705 0.9206
1305031469.3276 -0.3596 -0.1209 -0.2705 -0.0356 -0.1162 -0.3728 0.9199
1305031469.3596 -0.3575 -0.1348 -0.2497 -0.0458 -0.1143 -0.3783 0.9175
1305031469.3957 -0.3627 -0.1355 -0.2363 -0.0451 -0.1002 -0.3838 0.9168
1305031469.4277 -0.3578 -0.1373 -0.2213 -0.0432 -0.0915 -0.3903 0.9151
1305031469.4597 -0.3534 -0.1442 -0.2071 -0.0451 -0.0863 -0.3971 0.9126
1305031469.4957 -0.3598 -0.1339 -0.1967 -0.0441 -0.0806 -0.4000 0.9119
1305031469.5276 -0.3540 -0.1327 -0.1822 -0.0476 -0.0833 -0.3986 0.9121
1305031469.5596 -0.3593 -0.1345 -0.1687 -0.0575 -0.0819 -0.4001 0.9110
1305031469.5958 -0.3541 -0.1200 -0.1606 -0.0631 -0.0795 -0.3958 0.9127
1305031469.6278 -0.3505 -0.1251 -0.1423 -0.0751 -0.0807 -0.3961 0.9116
1305031469.6596 -0.3595 -0.1136 -0.1262 -0.0821 -0.0729 -0.3979 0.9108
1305031469.6956 -0.3565 -0.1075 -0.1158 -0.0867 -0.0706 -0.3958 0.9115
1305031469.7277 -0.3553 -0.0957 -0.1091 -0.0909 -0.0641 -0.3953 0.9118
1305031469.7596 -0.3545 -0.0698 -0.0910 -0.0915 -0.0571 -0.3885 0.9151
1305031469.7956 -0.3647 -0.0452 -0.0736 -0.0941 -0.0498 -0.3869 0.9159
1305031469.8275 -0.3610 -0.0350 -0.0667 -0.0997 -0.0530 -0.3842 0.9163
1305031469.8596 -0.3708 -0.0082 -0.0495 -0.1028 -0.0483 -0.3817 0.9173
1305031469.8958 -0.3676 0.0028 -0.0415 -0.1085 -0.0521 -0.3775 0.9181
1305031469.9279 -0.3750 0.0114 -0.0314 -0.1164 -0.0531 -0.3769 0.9174
1305031469.9598 -0.3808 0.0289 -0.0213 -0.1172 -0.0556 -0.3743 0.9182
1305031469.9956 -0.3865 0.0542 -0.0121 -0.1164 -0.0550 -0.3697 0.9202
1305031470.0277 -0.3926 0.0729 -0.0105 -0.1174 -0.0557 -0.3699 0.9200
1305031470.0596 -0.3987 0.0855 -0.0073 -0.1203 -0.0566 -0.3692 0.9198
1305031470.0959 -0.4106 0.1024 0.0010 -0.1245 -0.0545 -0.3670 0.9203
1305031470.1276 -0.4190 0.1239 0.0053 -0.1249 -0.0521 -0.3643 0.9214
1305031470.1596 -0.4247 0.1450 0.0079 -0.1264 -0.0524 -0.3621 0.9221
1305031470.1961 -0.4318 0.1506 0.0043 -0.1319 -0.0569 -0.3601 0.9218
1305031470.2276 -0.4419 0.1742 0.0117 -0.1325 -0.0544 -0.3532 0.9245
1305031470.2600 -0.4469 0.1938 0.0121 -0.1333 -0.0539 -0.3517 0.9250
1305031470.2957 -0.4603 0.2201 0.0116 -0.1314 -0.0471 -0.3472 0.9273
1305031470.3276 -0.4675 0.2302 0.0135 -0.1410 -0.0481 -0.3450 0.9267
1305031470.3596 -0.4772 0.2505 0.0153 -0.1413 -0.0475 -0.3375 0.9294
1305031470.3958 -0.4876 0.2684 0.0177 -0.1432 -0.0472 -0.3333 0.9307
1305031470.4276 -0.4996 0.2817 0.0196 -0.1438 -0.0490 -0.3345 0.9301
1305031470.4597 -0.5096 0.2914 0.0200 -0.1451 -0.0510 -0.3338 0.9300
1305031470.4957 -0.5167 0.3004 0.0195 -0.1445 -0.0548 -0.3314 0.9307
1305031470.5277 -0.5245 0.3081 0.0189 -0.1453 -0.0580 -0.3309 0.9306
1305031470.5597 -0.5381 0.3230 0.0191 -0.1442 -0.0540 -0.3318 0.9307
1305031470.5958 -0.5466 0.3334 0.0188 -0.1431 -0.0541 -0.3278 0.9323
1305031470.6277 -0.5511 0.3391 0.0212 -0.1463 -0.0576 -0.3234 0.9331
1305031470.6597 -0.5632 0.3580 0.0195 -0.1403 -0.0517 -0.3173 0.9365
1305031470.6956 -0.5678 0.3654 0.0203 -0.1428 -0.0561 -0.3121 0.9376
1305031470.7277 -0.5782 0.3692 0.0230 -0.1441 -0.0564 -0.3114 0.9376
1305031470.7597 -0.5841 0.3768 0.0221 -0.1429 -0.0539 -0.3071 0.9393
1305031470.7956 -0.5902 0.3831 0.0233 -0.1419 -0.0508 -0.3053 0.9403
1305031470.8278 -0.5971 0.3887 0.0233 -0.1385 -0.0504 -0.3008 0.9422
1305031470.8596 -0.6049 0.3874 0.0220 -0.1379 -0.0527 -0.2958 0.9438
1305031470.8957 -0.6124 0.3931 0.0182 -0.1336 -0.0541 -0.2905 0.9459
1305031470.9277 -0.6234 0.3957 0.0180 -0.1314 -0.0562 -0.2853 0.9477
1305031470.9596 -0.6368 0.3981 0.0143 -0.1216 -0.0580 -0.2827 0.9497
1305031470.9960 -0.6419 0.3924 0.0077 -0.1171 -0.0612 -0.2814 0.9504
1305031471.0276 -0.6447 0.3917 0.0051 -0.1069 -0.0646 -0.2809 0.9516
1305031471.0596 -0.6503 0.3904 0.0030 -0.0971 -0.0652 -0.2779 0.9535
1305031471.0958 -0.6557 0.3967 -0.0029 -0.0835 -0.0652 -0.2719 0.9565
1305031471.1277 -0.6615 0.3969 -0.0061 -0.0776 -0.0667 -0.2637 0.9592
1305031471.1596 -0.6637 0.4008 -0.0086 -0.0696 -0.0681 -0.2565 0.9616
1305031471.1957 -0.6662 0.4004 -0.0105 -0.0683 -0.0678 -0.2524 0.9628
1305031471.2276 -0.6699 0.4003 -0.0114 -0.0686 -0.0662 -0.2494 0.9637
1305031471.2597 -0.6738 0.4010 -0.0116 -0.0686 -0.0649 -0.2472 0.9644
1305031471.2961 -0.6785 0.3998 -0.0121 -0.0687 -0.0631 -0.2446 0.9651
1305031471.3276 -0.6764 0.4008 -0.0132 -0.0641 -0.0642 -0.2406 0.9664
1305031471.3596 -0.6779 0.4036 -0.0148 -0.0614 -0.0592 -0.2387 0.9673
1305031471.3957 -0.6862 0.3993 -0.0149 -0.0638 -0.0521 -0.2350 0.9685
1305031471.4277 -0.6889 0.3992 -0.0180 -0.0612 -0.0514 -0.2295 0.9700
1305031471.4596 -0.6922 0.4006 -0.0207 -0.0605 -0.0515 -0.2268 0.9707
1305031471.4965 -0.7016 0.4001 -0.0240 -0.0632 -0.0473 -0.2232 0.9716
1305031471.5276 -0.7047 0.4002 -0.0264 -0.0634 -0.0461 -0.2210 0.9721
1305031471.5597 -0.7065 0.3998 -0.0283 -0.0643 -0.0450 -0.2196 0.9724
1305031471.5957 -0.7076 0.3995 -0.0297 -0.0644 -0.0426 -0.2184 0.9728
1305031471.6276 -0.7105 0.4040 -0.0330 -0.0606 -0.0383 -0.2192 0.9730
1305031471.6596 -0.7127 0.4043 -0.0367 -0.0592 -0.0348 -0.2178 0.9736
1305031471.6956 -0.7145 0.4045 -0.0409 -0.0583 -0.0317 -0.2155 0.9742
1305031471.7275 -0.7204 0.4016 -0.0453 -0.0616 -0.0255 -0.2133 0.9747
1305031471.7597 -0.7226 0.4035 -0.0482 -0.0602 -0.0192 -0.2069 0.9763
1305031471.7958 -0.7278 0.3971 -0.0536 -0.0647 -0.0108 -0.2013 0.9773
1305031471.8276 -0.7287 0.4005 -0.0563 -0.0654 -0.0074 -0.1972 0.9781
1305031471.8597 -0.7268 0.4057 -0.0558 -0.0668 -0.0048 -0.1869 0.9801
1305031471.8956 -0.7278 0.4083 -0.0580 -0.0695 -0.0008 -0.1844 0.9804
1305031471.9277 -0.7305 0.4054 -0.0572 -0.0781 0.0052 -0.1755 0.9814
1305031471.9596 -0.7353 0.4105 -0.0534 -0.0767 0.0146 -0.1729 0.9818
1305031471.9956 -0.7348 0.4150 -0.0606 -0.0736 0.0194 -0.1718 0.9822
1305031472.0276 -0.7326 0.4238 -0.0638 -0.0737 0.0219 -0.1669 0.9830
1305031472.0597 -0.7315 0.4262 -0.0573 -0.0773 0.0242 -0.1606 0.9837
1305031472.0956 -0.7337 0.4259 -0.0578 -0.0791 0.0275 -0.1569 0.9841
1305031472.1276 -0.7342 0.4344 -0.0598 -0.0777 0.0283 -0.1548 0.9845
1305031472.1596 -0.7387 0.4360 -0.0518 -0.0812 0.0305 -0.1502 0.9848
1305031472.1957 -0.7400 0.4412 -0.0481 -0.0755 0.0308 -0.1432 0.9863
1305031472.2276 -0.7402 0.4473 -0.0488 -0.0694 0.0302 -0.1396 0.9873
1305031472.2638 -0.7407 0.4501 -0.0529 -0.0619 0.0297 -0.1393 0.9879
1305031472.2957 -0.7406 0.4507 -0.0556 -0.0553 0.0300 -0.1359 0.9887
1305031472.3277 -0.7391 0.4516 -0.0565 -0.0511 0.0289 -0.1325 0.9894
1305031472.3636 -0.7382 0.4552 -0.0593 -0.0470 0.0281 -0.1307 0.9899
1305031472.3956 -0.7361 0.4559 -0.0611 -0.0451 0.0248 -0.1301 0.9902
1305031472.4277 -0.7325 0.4602 -0.0621 -0.0393 0.0199 -0.1291 0.9907
1305031472.4636 -0.7339 0.4570 -0.0635 -0.0386 0.0189 -0.1297 0.9906
1305031472.4956 -0.7352 0.4524 -0.0638 -0.0406 0.0198 -0.1306 0.9904
1305031472.5276 -0.7362 0.4468 -0.0632 -0.0423 0.0204 -0.1309 0.9903
1305031472.5636 -0.7430 0.4390 -0.0637 -0.0410 0.0236 -0.1323 0.9901
1305031472.5957 -0.7412 0.4405 -0.0660 -0.0364 0.0220 -0.1308 0.9905
1305031472.6277 -0.7409 0.4361 -0.0667 -0.0377 0.0212 -0.1288 0.9907
1305031472.6636 -0.7412 0.4284 -0.0661 -0.0388 0.0204 -0.1261 0.9910
1305031472.6958 -0.7424 0.4244 -0.0652 -0.0370 0.0201 -0.1286 0.9908
1305031472.7276 -0.7403 0.4249 -0.0637 -0.0331 0.0186 -0.1293 0.9909
1305031472.7636 -0.7417 0.4221 -0.0601 -0.0322 0.0201 -0.1296 0.9908
1305031472.7956 -0.7427 0.4088 -0.0592 -0.0369 0.0205 -0.1304 0.9906
1305031472.8276 -0.7431 0.4095 -0.0586 -0.0338 0.0213 -0.1304 0.9907
1305031472.8636 -0.7426 0.4078 -0.0591 -0.0320 0.0206 -0.1292 0.9909
1305031472.8957 -0.7422 0.4063 -0.0590 -0.0316 0.0191 -0.1269 0.9912
1305031472.9277 -0.7423 0.4005 -0.0571 -0.0344 0.0182 -0.1258 0.9913
1305031472.9638 -0.7422 0.3989 -0.0567 -0.0338 0.0181 -0.1243 0.9915
1305031472.9957 -0.7425 0.3994 -0.0551 -0.0342 0.0176 -0.1232 0.9916
1305031473.0276 -0.7430 0.4009 -0.0531 -0.0339 0.0172 -0.1230 0.9917
1305031473.0637 -0.7432 0.3985 -0.0518 -0.0358 0.0170 -0.1247 0.9914
1305031473.0957 -0.7428 0.3938 -0.0529 -0.0374 0.0170 -0.1274 0.9910
1305031473.1277 -0.7429 0.3933 -0.0530 -0.0375 0.0175 -0.1283 0.9909
1305031473.1671 -0.7422 0.3941 -0.0531 -0.0349 0.0163 -0.1288 0.9909
1305031473.1961 -0.7431 0.3932 -0.0529 -0.0341 0.0165 -0.1290 0.9909
