1305031453.3917 0.0000 0.0000 0.0000 0.0000 0.0000 0.0000 1.0000
1305031453.5237 0.0126 0.0142 -0.0437 0.0148 0.0216 0.0370 0.9990
1305031453.6277 0.0057 0.0308 -0.0893 0.0355 0.0298 0.0515 0.9976
1305031453.7277 -0.0146 0.0602 -0.1351 0.0557 0.0175 0.0397 0.9975
1305031453.8278 -0.0427 0.0832 -0.1743 0.0673 -0.0060 0.0172 0.9976
1305031453.9277 -0.0859 0.1069 -0.2020 0.0673 -0.0485 -0.0029 0.9966
1305031453.9596 -0.0893 0.1128 -0.2078 0.0652 -0.0664 -0.0117 0.9956
1305031453.9916 -0.1013 0.1143 -0.2082 0.0637 -0.0775 -0.0229 0.9947
1305031454.0277 -0.1126 0.1181 -0.2163 0.0660 -0.0892 -0.0330 0.9933
1305031454.0597 -0.1200 0.1235 -0.2200 0.0676 -0.1009 -0.0436 0.9916
1305031454.0917 -0.1283 0.1243 -0.2158 0.0683 -0.1136 -0.0568 0.9896
1305031454.1277 -0.1300 0.1222 -0.2135 0.0708 -0.1305 -0.0703 0.9864
1305031454.1597 -0.1334 0.1260 -0.2182 0.0714 -0.1478 -0.0827 0.9830
1305031454.1917 -0.1418 0.1265 -0.2187 0.0690 -0.1651 -0.0974 0.9790
1305031454.2277 -0.1543 0.1236 -0.2140 0.0706 -0.1822 -0.1155 0.9739
1305031454.2596 -0.1559 0.1223 -0.2122 0.0756 -0.1979 -0.1314 0.9684
1305031454.2916 -0.1637 0.1247 -0.2148 0.0741 -0.2048 -0.1431 0.9654
1305031454.3277 -0.1781 0.1193 -0.2207 0.0728 -0.2128 -0.1593 0.9613
1305031454.3596 -0.1834 0.1207 -0.2205 0.0794 -0.2249 -0.1742 0.9554
1305031454.3917 -0.1911 0.1237 -0.2251 0.0803 -0.2316 -0.1859 0.9515
1305031454.4275 -0.2064 0.1272 -0.2279 0.0818 -0.2411 -0.2016 0.9458
1305031454.4599 -0.2099 0.1299 -0.2289 0.0847 -0.2508 -0.2164 0.9397
1305031454.4916 -0.2159 0.1322 -0.2324 0.0859 -0.2549 -0.2325 0.9347
1305031454.5277 -0.2209 0.1373 -0.2362 0.0857 -0.2600 -0.2486 0.9291
1305031454.5596 -0.2269 0.1409 -0.2399 0.0820 -0.2648 -0.2620 0.9244
1305031454.5916 -0.2378 0.1450 -0.2449 0.0786 -0.2724 -0.2797 0.9172
1305031454.6276 -0.2421 0.1449 -0.2461 0.0754 -0.2849 -0.2947 0.9090
1305031454.6595 -0.2422 0.1523 -0.2475 0.0701 -0.2968 -0.3025 0.9030
1305031454.6919 -0.2487 0.1487 -0.2473 0.0600 -0.3092 -0.3119 0.8964
1305031454.7277 -0.2474 0.1460 -0.2429 0.0530 -0.3231 -0.3173 0.8900
1305031454.7597 -0.2419 0.1464 -0.2424 0.0458 -0.3297 -0.3149 0.8888
1305031454.7916 -0.2377 0.1516 -0.2420 0.0405 -0.3326 -0.3083 0.8904
1305031454.8276 -0.2298 0.1594 -0.2406 0.0361 -0.3343 -0.3019 0.8920
1305031454.8596 -0.2265 0.1655 -0.2394 0.0302 -0.3312 -0.2957 0.8955
1305031454.8918 -0.2233 0.1731 -0.2403 0.0265 -0.3260 -0.2890 0.8997
1305031454.9276 -0.2211 0.1832 -0.2423 0.0234 -0.3198 -0.2833 0.9038
1305031454.9596 -0.2220 0.1924 -0.2465 0.0203 -0.3136 -0.2777 0.9078
1305031454.9919 -0.2262 0.2017 -0.2523 0.0178 -0.3092 -0.2727 0.9109
1305031455.0278 -0.2255 0.2139 -0.2556 0.0182 -0.3086 -0.2697 0.9120
1305031455.0596 -0.2293 0.2214 -0.2583 0.0168 -0.3053 -0.2681 0.9136
1305031455.0917 -0.2341 0.2310 -0.2634 0.0195 -0.3014 -0.2678 0.9149
1305031455.1277 -0.2388 0.2428 -0.2694 0.0212 -0.2961 -0.2663 0.9171
1305031455.1597 -0.2476 0.2530 -0.2767 0.0201 -0.2903 -0.2624 0.9200
1305031455.1917 -0.2565 0.2617 -0.2809 0.0164 -0.2863 -0.2571 0.9229
1305031455.2276 -0.2654 0.2684 -0.2859 0.0154 -0.2828 -0.2518 0.9254
1305031455.2596 -0.2701 0.2822 -0.2924 0.0140 -0.2778 -0.2454 0.9287
1305031455.2918 -0.2836 0.2873 -0.2973 0.0047 -0.2708 -0.2367 0.9331
1305031455.3278 -0.2952 0.2985 -0.3067 -0.0002 -0.2665 -0.2266 0.9368
1305031455.3596 -0.2992 0.3082 -0.3092 -0.0079 -0.2654 -0.2205 0.9386
1305031455.3917 -0.3101 0.3093 -0.3120 -0.0194 -0.2580 -0.2131 0.9422
1305031455.4276 -0.3246 0.3149 -0.3196 -0.0267 -0.2496 -0.2038 0.9463
1305031455.4596 -0.3391 0.3161 -0.3273 -0.0325 -0.2448 -0.1957 0.9491
1305031455.4916 -0.3508 0.3217 -0.3366 -0.0369 -0.2403 -0.1850 0.9522
1305031455.5276 -0.3693 0.3206 -0.3456 -0.0434 -0.2352 -0.1727 0.9555
1305031455.5597 -0.3866 0.3231 -0.3582 -0.0461 -0.2341 -0.1596 0.9579
1305031455.5916 -0.3987 0.3290 -0.3712 -0.0485 -0.2341 -0.1454 0.9601
1305031455.6596 -0.4295 0.3224 -0.3854 -0.0531 -0.2308 -0.1281 0.9631
1305031455.6916 -0.4437 0.3246 -0.3991 -0.0488 -0.2286 -0.1293 0.9636
1305031455.7276 -0.4570 0.3229 -0.4106 -0.0465 -0.2254 -0.1341 0.9639
1305031455.7597 -0.4706 0.3221 -0.4233 -0.0447 -0.2196 -0.1370 0.9649
1305031455.7917 -0.4868 0.3147 -0.4360 -0.0440 -0.2138 -0.1364 0.9663
1305031455.8276 -0.5011 0.3148 -0.4528 -0.0403 -0.2096 -0.1362 0.9674
1305031455.8595 -0.5128 0.3110 -0.4650 -0.0401 -0.2078 -0.1375 0.9676
1305031455.8917 -0.5231 0.3083 -0.4775 -0.0397 -0.2049 -0.1376 0.9682
1305031455.9280 -0.5335 0.3037 -0.4873 -0.0405 -0.2017 -0.1386 0.9688
1305031455.9597 -0.5428 0.3041 -0.5002 -0.0387 -0.1978 -0.1407 0.9693
1305031455.9917 -0.5514 0.3031 -0.5093 -0.0399 -0.1933 -0.1431 0.9698
1305031456.0278 -0.5601 0.3093 -0.5223 -0.0417 -0.1860 -0.1475 0.9705
1305031456.0597 -0.5737 0.3020 -0.5273 -0.0513 -0.1800 -0.1562 0.9698
1305031456.0917 -0.5864 0.2936 -0.5318 -0.0573 -0.1753 -0.1616 0.9695
1305031456.1276 -0.5978 0.2884 -0.5383 -0.0585 -0.1704 -0.1631 0.9700
1305031456.1597 -0.6068 0.2786 -0.5394 -0.0606 -0.1656 -0.1636 0.9706
1305031456.1917 -0.6168 0.2711 -0.5431 -0.0561 -0.1579 -0.1611 0.9726
1305031456.2277 -0.6226 0.2763 -0.5488 -0.0507 -0.1484 -0.1571 0.9751
1305031456.2917 -0.6487 0.2615 -0.5468 -0.0507 -0.1255 -0.1505 0.9793
1305031456.3277 -0.6603 0.2561 -0.5455 -0.0469 -0.1150 -0.1438 0.9818
1305031456.3916 -0.6830 0.2518 -0.5393 -0.0417 -0.0905 -0.1346 0.9859
1305031456.4277 -0.7016 0.2560 -0.5379 -0.0337 -0.0780 -0.1279 0.9881
1305031456.4917 -0.7390 0.2758 -0.5304 -0.0357 -0.0675 -0.1166 0.9902
1305031456.5276 -0.7513 0.2767 -0.5210 -0.0420 -0.0689 -0.1113 0.9905
1305031456.5917 -0.7721 0.2833 -0.5062 -0.0436 -0.0640 -0.0991 0.9921
1305031456.6276 -0.7824 0.2945 -0.4984 -0.0544 -0.0578 -0.0933 0.9925
1305031456.6916 -0.8173 0.2828 -0.4756 -0.0679 -0.0457 -0.0784 0.9936
1305031456.8276 -0.8725 0.3071 -0.4426 -0.0747 -0.0552 -0.0460 0.9946
1305031457.0917 -0.9673 0.3279 -0.3978 -0.1033 -0.0158 -0.0097 0.9945
1305031457.2275 -1.0179 0.3199 -0.4120 -0.1096 0.0137 0.0126 0.9938
1305031457.3275 -1.0565 0.3135 -0.4372 -0.0974 0.0395 0.0300 0.9940
1305031457.3917 -1.0878 0.2993 -0.4541 -0.0943 0.0636 0.0426 0.9926
1305031457.4917 -1.1378 0.2836 -0.4840 -0.0914 0.0798 0.0580 0.9909
1305031457.5597 -1.1639 0.2724 -0.5050 -0.0841 0.0884 0.0652 0.9904
1305031457.6275 -1.1967 0.2602 -0.5208 -0.0816 0.0970 0.0713 0.9894
1305031457.6916 -1.2261 0.2586 -0.5386 -0.0815 0.0998 0.0778 0.9886
1305031457.7596 -1.2504 0.2286 -0.5468 -0.0840 0.1031 0.0753 0.9883
1305031457.7916 -1.2580 0.2121 -0.5518 -0.0784 0.1064 0.0748 0.9884
1305031457.8277 -1.2704 0.2145 -0.5627 -0.0665 0.1137 0.0759 0.9884
1305031457.8916 -1.2993 0.1819 -0.5670 -0.0607 0.1299 0.0763 0.9867
1305031457.9276 -1.3171 0.1803 -0.5724 -0.0466 0.1347 0.0810 0.9865
1305031457.9916 -1.3397 0.1657 -0.5743 -0.0356 0.1354 0.0866 0.9863
1305031458.0278 -1.3497 0.1557 -0.5716 -0.0274 0.1385 0.0875 0.9861
1305031458.0597 -1.3658 0.1642 -0.5709 -0.0162 0.1439 0.0900 0.9854
1305031458.0917 -1.3811 0.1657 -0.5654 -0.0152 0.1489 0.0920 0.9845
1305031458.1276 -1.3951 0.1562 -0.5551 -0.0175 0.1530 0.0923 0.9837
1305031458.1596 -1.4101 0.1491 -0.5454 -0.0160 0.1556 0.0945 0.9832
1305031458.1916 -1.4265 0.1550 -0.5368 -0.0139 0.1554 0.0987 0.9828
1305031458.2276 -1.4391 0.1522 -0.5232 -0.0204 0.1526 0.1005 0.9829
1305031458.2599 -1.4501 0.1229 -0.5019 -0.0278 0.1502 0.0977 0.9834
1305031458.2917 -1.4645 0.1235 -0.4927 -0.0179 0.1453 0.0986 0.9843
1305031458.3276 -1.4727 0.1203 -0.4786 -0.0162 0.1381 0.1011 0.9851
1305031458.3596 -1.4785 0.1063 -0.4577 -0.0106 0.1327 0.1021 0.9858
1305031458.3916 -1.4854 0.1096 -0.4470 0.0026 0.1280 0.1062 0.9861
1305031458.4276 -1.4849 0.1085 -0.4320 0.0101 0.1251 0.1153 0.9854
1305031458.4596 -1.4819 0.0999 -0.4135 0.0202 0.1276 0.1220 0.9841
1305031458.4917 -1.4813 0.0919 -0.3975 0.0391 0.1356 0.1214 0.9825
1305031458.5277 -1.4915 0.1097 -0.3809 0.0612 0.1458 0.1201 0.9801
1305031458.5596 -1.4975 0.1152 -0.3610 0.0695 0.1545 0.1179 0.9785
1305031458.5916 -1.5073 0.1161 -0.3389 0.0789 0.1611 0.1119 0.9774
1305031458.6277 -1.5188 0.1403 -0.3222 0.0854 0.1616 0.1074 0.9773
1305031458.6596 -1.5256 0.1390 -0.3018 0.0777 0.1570 0.1078 0.9786
1305031458.6917 -1.5267 0.1400 -0.2782 0.0715 0.1412 0.1022 0.9821
1305031458.7276 -1.5112 0.1293 -0.2566 0.0661 0.1219 0.0952 0.9857
1305031458.7599 -1.5175 0.1300 -0.2434 0.0708 0.1073 0.0858 0.9880
1305031458.7916 -1.5166 0.1416 -0.2311 0.0713 0.0905 0.0775 0.9903
1305031458.8276 -1.5109 0.1378 -0.2156 0.0634 0.0805 0.0753 0.9919
1305031458.8917 -1.5075 0.1322 -0.1930 0.0697 0.0762 0.0651 0.9925
1305031458.9276 -1.5181 0.1376 -0.1883 0.0689 0.0838 0.0699 0.9916
1305031458.9596 -1.5231 0.1293 -0.1811 0.0598 0.0894 0.0828 0.9907
1305031458.9916 -1.5295 0.1034 -0.1729 0.0567 0.0925 0.0889 0.9901
1305031459.0277 -1.5464 0.0976 -0.1680 0.0665 0.0904 0.0900 0.9896
1305031459.0596 -1.5662 0.0862 -0.1592 0.0731 0.0844 0.1003 0.9887
1305031459.1276 -1.5905 0.0597 -0.1802 0.0897 0.0410 0.1196 0.9879
1305031459.1596 -1.5978 0.0575 -0.1741 0.0982 0.0139 0.1225 0.9875
1305031459.1917 -1.6063 0.0576 -0.1700 0.1032 -0.0058 0.1297 0.9861
1305031459.2276 -1.6121 0.0589 -0.1623 0.1048 -0.0198 0.1414 0.9842
1305031459.2598 -1.6112 0.0652 -0.1506 0.1045 -0.0253 0.1517 0.9826
1305031459.3276 -1.6179 0.0703 -0.1321 0.0981 0.0031 0.1818 0.9784
1305031459.3597 -1.6297 0.0777 -0.1246 0.1015 0.0279 0.2021 0.9737
1305031459.3917 -1.6451 0.0986 -0.1144 0.1003 0.0545 0.2267 0.9673
1305031459.4276 -1.6432 0.1056 -0.1035 0.0862 0.0856 0.2619 0.9574
1305031459.4597 -1.6627 0.1045 -0.0993 0.0817 0.1244 0.2977 0.9430
1305031459.5276 -1.6964 0.1228 -0.0884 0.0637 0.1686 0.3561 0.9169
1305031459.5596 -1.7112 0.1139 -0.0911 0.0554 0.1837 0.3801 0.9048
1305031459.5917 -1.7298 0.1128 -0.0895 0.0526 0.1910 0.3968 0.8963
1305031459.6276 -1.7386 0.1079 -0.0873 0.0476 0.1919 0.4068 0.8918
1305031459.6596 -1.7522 0.1086 -0.0843 0.0480 0.1989 0.4075 0.8900
1305031459.6916 -1.7693 0.1019 -0.0807 0.0413 0.2115 0.4119 0.8854
1305031459.7276 -1.7807 0.0859 -0.0787 0.0337 0.2196 0.4147 0.8824
1305031459.7917 -1.8156 0.0549 -0.0729 0.0331 0.2323 0.4076 0.8825
1305031459.8277 -1.8316 0.0429 -0.0688 0.0322 0.2332 0.4050 0.8835
1305031459.8597 -1.8487 0.0282 -0.0644 0.0277 0.2329 0.4038 0.8843
1305031459.8916 -1.8582 0.0133 -0.0581 0.0223 0.2286 0.4067 0.8842
1305031459.9276 -1.8673 -0.0011 -0.0529 0.0213 0.2263 0.4097 0.8834
1305031459.9917 -1.8873 -0.0260 -0.0414 0.0166 0.2241 0.4165 0.8809
1305031460.0276 -1.8912 -0.0421 -0.0360 0.0145 0.2237 0.4203 0.8792
1305031460.0597 -1.9024 -0.0591 -0.0310 0.0144 0.2255 0.4218 0.8781
1305031460.0917 -1.9136 -0.0805 -0.0265 0.0147 0.2226 0.4289 0.8754
1305031460.1277 -1.9155 -0.0956 -0.0204 0.0195 0.2135 0.4392 0.8725
1305031460.1597 -1.9237 -0.1060 -0.0146 0.0262 0.2069 0.4468 0.8700
1305031460.1916 -1.9240 -0.1107 -0.0049 0.0271 0.1995 0.4535 0.8682
1305031460.2278 -1.9128 -0.1193 0.0027 0.0264 0.1964 0.4586 0.8663
1305031460.2917 -1.9125 -0.1407 0.0127 0.0268 0.2121 0.4587 0.8625
1305031460.3275 -1.9149 -0.1535 0.0171 0.0269 0.2214 0.4602 0.8593
1305031460.3916 -1.9141 -0.1732 0.0293 0.0207 0.2403 0.4663 0.8511
1305031460.4275 -1.9138 -0.1846 0.0347 0.0186 0.2509 0.4707 0.8456
1305031460.4596 -1.9129 -0.1905 0.0391 0.0162 0.2629 0.4745 0.8399
1305031460.4915 -1.9194 -0.2007 0.0449 0.0092 0.2785 0.4796 0.8321
1305031460.5276 -1.9183 -0.2126 0.0489 0.0011 0.2888 0.4885 0.8234
1305031460.5596 -1.9142 -0.2238 0.0530 -0.0063 0.2972 0.4920 0.8183
1305031460.5919 -1.9166 -0.2355 0.0583 -0.0108 0.3069 0.4923 0.8144
1305031460.6276 -1.9152 -0.2463 0.0631 -0.0145 0.3148 0.4941 0.8103
1305031460.6598 -1.9203 -0.2587 0.0696 -0.0168 0.3240 0.4929 0.8074
1305031460.6917 -1.9266 -0.2701 0.0780 -0.0202 0.3298 0.4933 0.8046
1305031460.7277 -1.9251 -0.2778 0.0846 -0.0250 0.3310 0.4935 0.8039
1305031460.7597 -1.9236 -0.2890 0.0914 -0.0289 0.3359 0.4921 0.8026
1305031460.7917 -1.9278 -0.3013 0.1013 -0.0320 0.3412 0.4904 0.8013
1305031460.8277 -1.9279 -0.3080 0.1091 -0.0364 0.3421 0.4880 0.8022
1305031460.8597 -1.9259 -0.3146 0.1160 -0.0426 0.3446 0.4857 0.8022
1305031460.8918 -1.9246 -0.3267 0.1262 -0.0505 0.3496 0.4828 0.8013
1305031460.9276 -1.9247 -0.3371 0.1372 -0.0560 0.3522 0.4820 0.8003
1305031460.9917 -1.9084 -0.3597 0.1528 -0.0612 0.3552 0.4846 0.7970
1305031461.0276 -1.9036 -0.3700 0.1627 -0.0604 0.3577 0.4854 0.7955
1305031461.0917 -1.9011 -0.3826 0.1803 -0.0575 0.3573 0.4846 0.7964
1305031461.1276 -1.8905 -0.3905 0.1864 -0.0602 0.3559 0.4833 0.7976
1305031461.1597 -1.8840 -0.4011 0.1951 -0.0592 0.3578 0.4813 0.7980
1305031461.1920 -1.8825 -0.4037 0.2015 -0.0556 0.3585 0.4769 0.8006
1305031461.2276 -1.8790 -0.4087 0.2079 -0.0554 0.3597 0.4746 0.8015
1305031461.2596 -1.8732 -0.4151 0.2146 -0.0544 0.3599 0.4713 0.8034
1305031461.2917 -1.8696 -0.4168 0.2209 -0.0520 0.3602 0.4655 0.8067
1305031461.3278 -1.8647 -0.4153 0.2262 -0.0503 0.3620 0.4611 0.8086
1305031461.3597 -1.8687 -0.4127 0.2339 -0.0527 0.3664 0.4564 0.8091
1305031461.3917 -1.8561 -0.4213 0.2421 -0.0622 0.3651 0.4581 0.8081
1305031461.4276 -1.8491 -0.4229 0.2458 -0.0627 0.3653 0.4565 0.8089
1305031461.4598 -1.8493 -0.4193 0.2497 -0.0649 0.3655 0.4576 0.8080
1305031461.4917 -1.8302 -0.4296 0.2511 -0.0717 0.3633 0.4604 0.8068
1305031461.5277 -1.8302 -0.4261 0.2505 -0.0653 0.3653 0.4577 0.8080
1305031461.5597 -1.8229 -0.4182 0.2449 -0.0651 0.3646 0.4549 0.8099
1305031461.5917 -1.8201 -0.4162 0.2410 -0.0655 0.3719 0.4509 0.8088
1305031461.6275 -1.8177 -0.4114 0.2395 -0.0679 0.3772 0.4503 0.8064
1305031461.6596 -1.8147 -0.4086 0.2386 -0.0706 0.3818 0.4499 0.8043
1305031461.6916 -1.8164 -0.4017 0.2370 -0.0711 0.3850 0.4544 0.8002
1305031461.7276 -1.8082 -0.3964 0.2332 -0.0744 0.3842 0.4603 0.7968
1305031461.7597 -1.8091 -0.3876 0.2265 -0.0739 0.3857 0.4626 0.7948
1305031461.7916 -1.8072 -0.3775 0.2207 -0.0777 0.3868 0.4667 0.7915
1305031461.8276 -1.8038 -0.3697 0.2155 -0.0803 0.3906 0.4708 0.7869
1305031461.8598 -1.8100 -0.3564 0.2111 -0.0799 0.3956 0.4762 0.7813
1305031461.8917 -1.8158 -0.3461 0.2097 -0.0837 0.3983 0.4864 0.7732
1305031461.9278 -1.8110 -0.3393 0.2061 -0.0920 0.3955 0.4964 0.7673
1305031461.9597 -1.8082 -0.3245 0.1955 -0.0965 0.3968 0.4995 0.7641
1305031461.9916 -1.8228 -0.3143 0.1938 -0.1014 0.4055 0.5048 0.7553
1305031462.0277 -1.8255 -0.3126 0.1965 -0.1123 0.4057 0.5153 0.7465
1305031462.0598 -1.8285 -0.3087 0.1965 -0.1163 0.4014 0.5274 0.7397
1305031462.0918 -1.8293 -0.3006 0.1903 -0.1178 0.3941 0.5395 0.7347
1305031462.1277 -1.8341 -0.2900 0.1857 -0.1194 0.3902 0.5479 0.7302
1305031462.1596 -1.8370 -0.2845 0.1835 -0.1234 0.3879 0.5538 0.7264
1305031462.1916 -1.8446 -0.2747 0.1807 -0.1254 0.3867 0.5529 0.7274
1305031462.2276 -1.8527 -0.2680 0.1794 -0.1310 0.3868 0.5530 0.7262
1305031462.2598 -1.8598 -0.2639 0.1811 -0.1382 0.3859 0.5511 0.7268
1305031462.2916 -1.8688 -0.2570 0.1820 -0.1440 0.3831 0.5469 0.7303
1305031462.3597 -1.8895 -0.2405 0.1842 -0.1570 0.3793 0.5347 0.7386
1305031462.4920 -1.8735 -0.2112 0.2276 -0.1983 0.3432 0.5338 0.7470
1305031462.6279 -1.9332 -0.1610 0.2259 -0.1885 0.3289 0.5013 0.7778
1305031462.6925 -1.9457 -0.1615 0.2136 -0.1918 0.3250 0.4837 0.7897
1305031462.7598 -1.9590 -0.1533 0.1980 -0.1939 0.3102 0.4640 0.8068
1305031462.8278 -1.9667 -0.1535 0.1777 -0.2027 0.2989 0.4522 0.8155
1305031462.9276 -1.9668 -0.1423 0.1474 -0.2126 0.2914 0.4379 0.8235
1305031462.9955 -1.9695 -0.1224 0.1211 -0.2029 0.2842 0.4322 0.8314
1305031463.0277 -1.9717 -0.1241 0.1040 -0.1989 0.2826 0.4269 0.8357
1305031463.0598 -1.9717 -0.1277 0.0867 -0.1984 0.2775 0.4210 0.8405
1305031463.1275 -1.9744 -0.1134 0.0608 -0.1916 0.2721 0.4036 0.8523
1305031463.1598 -1.9766 -0.1156 0.0429 -0.1893 0.2717 0.3950 0.8569
1305031463.2278 -1.9751 -0.1030 0.0186 -0.1887 0.2681 0.3846 0.8629
1305031463.2957 -1.9673 -0.0984 -0.0169 -0.1840 0.2662 0.3758 0.8683
1305031463.3956 -1.9561 -0.0774 -0.0500 -0.1728 0.2568 0.3669 0.8772
1305031463.4956 -1.9212 -0.0427 -0.0967 -0.1692 0.2449 0.3623 0.8833
1305031463.5598 -1.9032 -0.0251 -0.1161 -0.1645 0.2539 0.3580 0.8833
1305031463.6598 -1.8617 -0.0102 -0.1545 -0.1559 0.2495 0.3552 0.8873
1305031463.7276 -1.8328 0.0012 -0.1847 -0.1519 0.2457 0.3491 0.8914
1305031463.7597 -1.8160 -0.0018 -0.1991 -0.1485 0.2490 0.3425 0.8937
1305031463.8278 -1.7878 -0.0029 -0.2335 -0.1451 0.2493 0.3223 0.9016
1305031463.8599 -1.7699 -0.0105 -0.2500 -0.1455 0.2497 0.3128 0.9048
1305031463.8956 -1.7586 -0.0112 -0.2674 -0.1412 0.2507 0.3039 0.9082
1305031463.9597 -1.7297 -0.0232 -0.2967 -0.1400 0.2433 0.2938 0.9137
1305031463.9958 -1.7162 -0.0278 -0.3142 -0.1356 0.2393 0.2875 0.9174
1305031464.0277 -1.7053 -0.0300 -0.3315 -0.1333 0.2353 0.2797 0.9212
1305031464.0597 -1.6877 -0.0391 -0.3464 -0.1341 0.2326 0.2716 0.9242
1305031464.0956 -1.6796 -0.0467 -0.3623 -0.1306 0.2340 0.2623 0.9270
1305031464.1277 -1.6756 -0.0538 -0.3739 -0.1277 0.2343 0.2576 0.9287
1305031464.1598 -1.6671 -0.0678 -0.3833 -0.1244 0.2309 0.2564 0.9303
1305031464.1956 -1.6610 -0.0776 -0.3945 -0.1146 0.2249 0.2526 0.9341
1305031464.2276 -1.6614 -0.0772 -0.4083 -0.1014 0.2164 0.2492 0.9385
1305031464.2596 -1.6614 -0.0761 -0.4208 -0.0923 0.2033 0.2478 0.9427
1305031464.2957 -1.6498 -0.0751 -0.4337 -0.0874 0.1847 0.2445 0.9479
1305031464.3279 -1.6338 -0.0747 -0.4464 -0.0838 0.1694 0.2402 0.9522
1305031464.3597 -1.6171 -0.0790 -0.4581 -0.0795 0.1587 0.2359 0.9554
1305031464.3956 -1.6006 -0.0737 -0.4737 -0.0726 0.1514 0.2281 0.9591
1305031464.4276 -1.5888 -0.0717 -0.4868 -0.0702 0.1498 0.2184 0.9617
1305031464.4597 -1.5778 -0.0775 -0.4997 -0.0682 0.1470 0.2103 0.9641
1305031464.4956 -1.5612 -0.0756 -0.5147 -0.0651 0.1434 0.2045 0.9661
1305031464.5276 -1.5526 -0.0751 -0.5311 -0.0630 0.1432 0.1962 0.9680
1305031464.5597 -1.5349 -0.0790 -0.5459 -0.0657 0.1391 0.1849 0.9707
1305031464.5957 -1.5067 -0.0973 -0.5622 -0.0667 0.1402 0.1749 0.9723
1305031464.6277 -1.4910 -0.1025 -0.5792 -0.0580 0.1510 0.1654 0.9729
1305031464.6597 -1.4778 -0.1082 -0.5921 -0.0502 0.1621 0.1515 0.9738
1305031464.6957 -1.4618 -0.1300 -0.5997 -0.0423 0.1717 0.1347 0.9750
1305031464.7277 -1.4616 -0.1293 -0.6034 -0.0238 0.1793 0.1175 0.9764
1305031464.7597 -1.4578 -0.1195 -0.6102 -0.0094 0.1784 0.0988 0.9789
1305031464.7960 -1.4563 -0.1297 -0.6062 -0.0036 0.1740 0.0811 0.9814
1305031464.8278 -1.4563 -0.1302 -0.6013 0.0082 0.1628 0.0674 0.9843
1305031464.8597 -1.4460 -0.1170 -0.6042 0.0177 0.1445 0.0530 0.9879
1305031464.8958 -1.4277 -0.1120 -0.6054 0.0173 0.1251 0.0337 0.9914
1305031464.9278 -1.4058 -0.1308 -0.6008 0.0121 0.1101 0.0134 0.9938
1305031464.9598 -1.3848 -0.1443 -0.5942 0.0136 0.1021 -0.0042 0.9947
1305031464.9957 -1.3657 -0.1407 -0.5889 0.0204 0.0982 -0.0226 0.9947
1305031465.0278 -1.3584 -0.1376 -0.5730 0.0243 0.0977 -0.0443 0.9939
1305031465.0597 -1.3621 -0.1138 -0.5519 0.0341 0.0938 -0.0635 0.9930
1305031465.0957 -1.3481 -0.0670 -0.5402 0.0360 0.0798 -0.0796 0.9930
1305031465.1277 -1.3329 -0.0529 -0.5225 0.0196 0.0653 -0.0943 0.9932
1305031465.1598 -1.3228 -0.0465 -0.4996 0.0029 0.0538 -0.1029 0.9932
1305031465.1956 -1.3080 -0.0384 -0.4792 -0.0090 0.0424 -0.1098 0.9930
1305031465.2279 -1.2926 -0.0204 -0.4626 -0.0188 0.0329 -0.1147 0.9927
1305031465.2598 -1.2846 -0.0161 -0.4403 -0.0310 0.0254 -0.1156 0.9925
1305031465.3277 -1.2606 0.0164 -0.4134 -0.0404 0.0055 -0.0930 0.9948
1305031465.3956 -1.2271 0.0259 -0.3958 -0.0453 -0.0266 -0.0699 0.9962
1305031465.4277 -1.1990 0.0366 -0.3927 -0.0423 -0.0417 -0.0576 0.9966
1305031465.4601 -1.1766 0.0534 -0.3936 -0.0383 -0.0529 -0.0432 0.9969
1305031465.4957 -1.1522 0.0712 -0.3949 -0.0391 -0.0641 -0.0331 0.9966
1305031465.5276 -1.1341 0.0697 -0.3912 -0.0434 -0.0732 -0.0301 0.9959
1305031465.5598 -1.1107 0.0792 -0.3934 -0.0377 -0.0821 -0.0235 0.9956
1305031465.5956 -1.0847 0.0959 -0.3971 -0.0315 -0.0877 -0.0139 0.9956
1305031465.6277 -1.0720 0.1101 -0.4036 -0.0272 -0.0896 -0.0050 0.9956
1305031465.6601 -1.0547 0.1224 -0.4085 -0.0235 -0.0982 0.0034 0.9949
1305031465.6957 -1.0233 0.1380 -0.4100 -0.0175 -0.1079 0.0119 0.9939
1305031465.7277 -1.0025 0.1545 -0.4148 -0.0104 -0.1108 0.0215 0.9936
1305031465.7598 -0.9806 0.1755 -0.4196 -0.0026 -0.1152 0.0308 0.9929
1305031465.7959 -0.9563 0.1933 -0.4209 0.0027 -0.1190 0.0375 0.9922
1305031465.8280 -0.9350 0.2054 -0.4231 0.0101 -0.1219 0.0434 0.9915
1305031465.8599 -0.9102 0.2351 -0.4269 0.0231 -0.1243 0.0491 0.9908
1305031465.8955 -0.8841 0.2604 -0.4251 0.0273 -0.1213 0.0521 0.9909
1305031465.9275 -0.8622 0.2719 -0.4253 0.0313 -0.1145 0.0534 0.9915
1305031465.9597 -0.8420 0.2937 -0.4294 0.0427 -0.1070 0.0525 0.9920
1305031465.9958 -0.8301 0.3164 -0.4367 0.0507 -0.0993 0.0486 0.9926
1305031466.0276 -0.8159 0.3400 -0.4434 0.0572 -0.0967 0.0474 0.9925
1305031466.0598 -0.8035 0.3669 -0.4491 0.0573 -0.0944 0.0481 0.9927
1305031466.0958 -0.7934 0.3846 -0.4560 0.0528 -0.0951 0.0477 0.9929
1305031466.1276 -0.7792 0.4017 -0.4630 0.0473 -0.0998 0.0477 0.9927
1305031466.1604 -0.7686 0.4172 -0.4747 0.0421 -0.1042 0.0493 0.9924
1305031466.1958 -0.7578 0.4354 -0.4869 0.0355 -0.1123 0.0493 0.9918
1305031466.2280 -0.7390 0.4446 -0.4941 0.0245 -0.1226 0.0446 0.9912
1305031466.2598 -0.7139 0.4447 -0.5002 0.0201 -0.1279 0.0376 0.9909
1305031466.2957 -0.6930 0.4566 -0.5109 0.0239 -0.1243 0.0261 0.9916
1305031466.3277 -0.6784 0.4690 -0.5250 0.0253 -0.1141 0.0165 0.9930
1305031466.3598 -0.6652 0.4751 -0.5379 0.0196 -0.1053 0.0100 0.9942
1305031466.3958 -0.6524 0.4669 -0.5501 0.0162 -0.1018 0.0052 0.9947
1305031466.4278 -0.6409 0.4785 -0.5648 0.0239 -0.1031 0.0011 0.9944
1305031466.4598 -0.6243 0.4913 -0.5752 0.0248 -0.1083 -0.0027 0.9938
1305031466.4958 -0.6013 0.4982 -0.5799 0.0206 -0.1138 -0.0031 0.9933
1305031466.5275 -0.5755 0.5016 -0.5821 0.0179 -0.1142 -0.0032 0.9933
1305031466.5604 -0.5589 0.5155 -0.5898 0.0177 -0.1099 -0.0053 0.9938
1305031466.5959 -0.5391 0.5262 -0.5929 0.0104 -0.1103 -0.0087 0.9938
1305031466.6275 -0.5127 0.5173 -0.5884 0.0014 -0.1111 -0.0130 0.9937
1305031466.6597 -0.4939 0.5217 -0.5931 0.0078 -0.1078 -0.0181 0.9940
1305031466.6958 -0.4787 0.5397 -0.6004 0.0117 -0.1077 -0.0256 0.9938
1305031466.7281 -0.4567 0.5434 -0.5972 0.0057 -0.1118 -0.0349 0.9931
1305031466.7596 -0.4357 0.5361 -0.5951 0.0057 -0.1129 -0.0428 0.9927
1305031466.7956 -0.4218 0.5479 -0.6028 0.0142 -0.1128 -0.0482 0.9923
1305031466.8279 -0.4052 0.5570 -0.6059 0.0130 -0.1172 -0.0516 0.9917
1305031466.8597 -0.3936 0.5520 -0.6063 0.0090 -0.1221 -0.0514 0.9912
1305031466.8957 -0.3793 0.5537 -0.6129 0.0123 -0.1331 -0.0521 0.9897
1305031466.9278 -0.3616 0.5551 -0.6176 0.0127 -0.1473 -0.0540 0.9875
1305031466.9597 -0.3429 0.5542 -0.6167 0.0131 -0.1578 -0.0553 0.9858
1305031466.9957 -0.3239 0.5549 -0.6205 0.0140 -0.1632 -0.0582 0.9848
1305031467.0278 -0.3078 0.5552 -0.6233 0.0143 -0.1674 -0.0625 0.9838
1305031467.0597 -0.2892 0.5568 -0.6265 0.0149 -0.1706 -0.0661 0.9830
1305031467.0957 -0.2732 0.5590 -0.6298 0.0133 -0.1720 -0.0712 0.9824
1305031467.1290 -0.2606 0.5597 -0.6285 0.0146 -0.1750 -0.0815 0.9811
1305031467.1597 -0.2461 0.5613 -0.6300 0.0172 -0.1785 -0.0889 0.9798
1305031467.1957 -0.2334 0.5638 -0.6332 0.0191 -0.1830 -0.0931 0.9785
1305031467.2277 -0.2206 0.5663 -0.6347 0.0208 -0.1894 -0.0984 0.9767
1305031467.2597 -0.2070 0.5683 -0.6355 0.0235 -0.1948 -0.1034 0.9751
1305031467.2958 -0.1932 0.5709 -0.6396 0.0265 -0.1998 -0.1094 0.9733
1305031467.3280 -0.1786 0.5734 -0.6443 0.0285 -0.2054 -0.1142 0.9716
1305031467.3597 -0.1632 0.5788 -0.6492 0.0266 -0.2118 -0.1156 0.9701
1305031467.3958 -0.1501 0.5818 -0.6516 0.0223 -0.2186 -0.1209 0.9680
1305031467.4278 -0.1376 0.5829 -0.6509 0.0214 -0.2243 -0.1245 0.9663
1305031467.4597 -0.1226 0.5856 -0.6562 0.0221 -0.2308 -0.1258 0.9646
1305031467.4961 -0.1050 0.5886 -0.6628 0.0186 -0.2378 -0.1311 0.9622
1305031467.5277 -0.0916 0.5912 -0.6611 0.0154 -0.2409 -0.1379 0.9606
1305031467.5598 -0.0788 0.5904 -0.6584 0.0160 -0.2421 -0.1401 0.9599
1305031467.5960 -0.0659 0.5909 -0.6607 0.0157 -0.2436 -0.1385 0.9598
1305031467.6275 -0.0579 0.5823 -0.6555 0.0155 -0.2482 -0.1355 0.9590
1305031467.6596 -0.0446 0.5804 -0.6531 0.0220 -0.2537 -0.1316 0.9580
1305031467.6959 -0.0326 0.5792 -0.6521 0.0259 -0.2568 -0.1343 0.9567
1305031467.7275 -0.0282 0.5752 -0.6371 0.0311 -0.2589 -0.1387 0.9554
1305031467.7599 -0.0203 0.5731 -0.6275 0.0385 -0.2609 -0.1401 0.9544
1305031467.7961 -0.0146 0.5756 -0.6177 0.0455 -0.2627 -0.1434 0.9531
1305031467.8278 -0.0143 0.5697 -0.5990 0.0511 -0.2648 -0.1437 0.9522
1305031467.8597 -0.0105 0.5645 -0.5872 0.0588 -0.2685 -0.1399 0.9512
1305031467.8959 -0.0069 0.5632 -0.5786 0.0651 -0.2742 -0.1395 0.9493
1305031467.9278 -0.0044 0.5541 -0.5597 0.0684 -0.2818 -0.1423 0.9464
1305031467.9598 0.0009 0.5439 -0.5419 0.0752 -0.2874 -0.1428 0.9441
1305031467.9958 0.0071 0.5470 -0.5268 0.0812 -0.2893 -0.1445 0.9428
1305031468.0281 0.0037 0.5344 -0.5040 0.0795 -0.2893 -0.1481 0.9424
1305031468.0598 0.0029 0.5229 -0.4873 0.0851 -0.2910 -0.1506 0.9410
1305031468.0959 0.0065 0.5203 -0.4719 0.0890 -0.2939 -0.1519 0.9395
1305031468.1278 0.0069 0.5061 -0.4510 0.0872 -0.2963 -0.1531 0.9387
1305031468.1599 0.0096 0.4956 -0.4340 0.0901 -0.2982 -0.1562 0.9373
1305031468.1960 0.0132 0.4858 -0.4164 0.0907 -0.2988 -0.1595 0.9365
1305031468.2282 0.0146 0.4694 -0.3994 0.0885 -0.2979 -0.1593 0.9371
1305031468.2598 0.0187 0.4559 -0.3832 0.0885 -0.2964 -0.1577 0.9378
1305031468.2958 0.0196 0.4414 -0.3685 0.0878 -0.2936 -0.1581 0.9387
1305031468.3278 0.0212 0.4197 -0.3547 0.0879 -0.2914 -0.1558 0.9397
1305031468.3598 0.0259 0.4104 -0.3456 0.0921 -0.2883 -0.1509 0.9411
1305031468.4598 0.0350 0.3561 -0.3208 0.0819 -0.2879 -0.1490 0.9424
1305031468.5278 0.0340 0.3156 -0.3072 0.0781 -0.2845 -0.1563 0.9426
1305031468.5597 0.0310 0.2966 -0.3040 0.0847 -0.2842 -0.1641 0.9408
1305031468.6596 0.0172 0.2452 -0.2976 0.0784 -0.2885 -0.1725 0.9385
1305031468.6958 0.0121 0.2272 -0.2954 0.0827 -0.2946 -0.1757 0.9357
1305031468.7278 0.0081 0.2150 -0.2912 0.0873 -0.3007 -0.1760 0.9333
1305031468.7596 0.0035 0.2007 -0.2864 0.0886 -0.3053 -0.1765 0.9315
1305031468.7958 -0.0039 0.1788 -0.2821 0.0918 -0.3076 -0.1819 0.9295
1305031468.8292 -0.0090 0.1673 -0.2794 0.1008 -0.3092 -0.1868 0.9270
1305031468.9281 -0.0174 0.1419 -0.2615 0.0976 -0.2998 -0.1894 0.9299
1305031468.9957 -0.0251 0.1499 -0.2583 0.0806 -0.2897 -0.1910 0.9344
1305031469.0598 -0.0436 0.1256 -0.2484 0.0475 -0.2844 -0.2078 0.9347
1305031469.1597 -0.0460 0.1047 -0.2123 0.0157 -0.2717 -0.2377 0.9324
1305031469.2278 -0.0658 0.0939 -0.1960 0.0031 -0.2543 -0.2474 0.9349
1305031469.2968 -0.0752 0.0910 -0.1732 -0.0061 -0.2472 -0.2544 0.9350
1305031469.3276 -0.0798 0.0959 -0.1637 -0.0101 -0.2436 -0.2560 0.9354
1305031469.3596 -0.0773 0.0924 -0.1451 -0.0171 -0.2414 -0.2611 0.9345
1305031469.3957 -0.0812 0.0890 -0.1311 -0.0191 -0.2307 -0.2668 0.9355
1305031469.4277 -0.0861 0.0964 -0.1215 -0.0168 -0.2181 -0.2727 0.9369
1305031469.4597 -0.0952 0.1036 -0.1102 -0.0162 -0.2072 -0.2802 0.9372
1305031469.4957 -0.1085 0.1137 -0.1005 -0.0157 -0.1993 -0.2838 0.9378
1305031469.5276 -0.1116 0.1252 -0.0895 -0.0178 -0.1995 -0.2836 0.9378
1305031469.5596 -0.1132 0.1340 -0.0758 -0.0235 -0.2007 -0.2841 0.9372
1305031469.6596 -0.1270 0.1562 -0.0351 -0.0484 -0.1955 -0.2848 0.9372
1305031469.7596 -0.1414 0.1944 -0.0023 -0.0621 -0.1828 -0.2797 0.9405
1305031469.9279 -0.1973 0.2630 0.0360 -0.0929 -0.1794 -0.2705 0.9413
1305031470.1276 -0.2643 0.3513 0.0446 -0.1071 -0.1846 -0.2609 0.9415
1305031470.2957 -0.3259 0.4144 0.0281 -0.1283 -0.1829 -0.2476 0.9428
1305031470.4597 -0.3929 0.4614 0.0110 -0.1507 -0.1863 -0.2385 0.9411
1305031470.6597 -0.4621 0.4995 -0.0122 -0.1593 -0.1842 -0.2252 0.9434
1305031470.6956 -0.4726 0.5053 -0.0143 -0.1621 -0.1846 -0.2223 0.9435
1305031470.7277 -0.4824 0.5076 -0.0147 -0.1637 -0.1859 -0.2202 0.9435
1305031470.7597 -0.4870 0.5112 -0.0178 -0.1642 -0.1848 -0.2160 0.9446
1305031470.7956 -0.4979 0.5148 -0.0187 -0.1672 -0.1789 -0.2129 0.9459
1305031470.8278 -0.5094 0.5164 -0.0204 -0.1656 -0.1771 -0.2092 0.9473
1305031470.8596 -0.5187 0.5176 -0.0233 -0.1618 -0.1775 -0.2046 0.9489
1305031470.8957 -0.5279 0.5192 -0.0276 -0.1585 -0.1781 -0.1995 0.9504
1305031470.9277 -0.5384 0.5191 -0.0295 -0.1558 -0.1802 -0.1956 0.9513
1305031470.9596 -0.5465 0.5177 -0.0320 -0.1474 -0.1849 -0.1922 0.9524
1305031470.9960 -0.5513 0.5192 -0.0355 -0.1379 -0.1876 -0.1886 0.9541
1305031471.0276 -0.5590 0.5159 -0.0378 -0.1311 -0.1868 -0.1859 0.9557
1305031471.0596 -0.5673 0.5145 -0.0423 -0.1221 -0.1839 -0.1809 0.9584
1305031471.0958 -0.5758 0.5161 -0.0471 -0.1132 -0.1820 -0.1735 0.9612
1305031471.1277 -0.5828 0.5138 -0.0503 -0.1088 -0.1826 -0.1664 0.9629
1305031471.1596 -0.5869 0.5138 -0.0545 -0.1030 -0.1828 -0.1594 0.9647
1305031471.1957 -0.5922 0.5143 -0.0578 -0.1004 -0.1799 -0.1531 0.9665
1305031471.2276 -0.5999 0.5145 -0.0607 -0.1004 -0.1756 -0.1484 0.9680
1305031471.2597 -0.6069 0.5125 -0.0618 -0.1020 -0.1735 -0.1453 0.9687
1305031471.2961 -0.6121 0.5092 -0.0622 -0.1026 -0.1719 -0.1407 0.9696
1305031471.3276 -0.6138 0.5083 -0.0648 -0.0989 -0.1691 -0.1370 0.9710
1305031471.3596 -0.6169 0.5094 -0.0682 -0.0974 -0.1614 -0.1345 0.9728
1305031471.3957 -0.6259 0.5043 -0.0692 -0.0995 -0.1523 -0.1303 0.9746
1305031471.4277 -0.6333 0.5041 -0.0743 -0.0960 -0.1479 -0.1231 0.9766
1305031471.4596 -0.6373 0.5041 -0.0788 -0.0958 -0.1476 -0.1178 0.9773
1305031471.5276 -0.6453 0.5005 -0.0849 -0.0995 -0.1458 -0.1091 0.9782
1305031471.5597 -0.6462 0.5002 -0.0884 -0.1000 -0.1451 -0.1068 0.9785
1305031471.5957 -0.6484 0.4984 -0.0921 -0.1012 -0.1406 -0.1047 0.9793
1305031471.6276 -0.6506 0.4962 -0.0964 -0.1020 -0.1359 -0.1029 0.9801
1305031471.6596 -0.6538 0.4924 -0.1011 -0.1029 -0.1300 -0.0996 0.9811
1305031471.7958 -0.6579 0.4906 -0.1187 -0.1056 -0.1099 -0.0787 0.9852
1305031471.9956 -0.6725 0.5047 -0.1288 -0.1236 -0.0745 -0.0516 0.9882
1305031472.2638 -0.7271 0.5063 -0.1288 -0.1399 -0.0313 -0.0391 0.9889
1305031472.4636 -0.7294 0.5135 -0.1271 -0.1149 -0.0373 -0.0315 0.9922
1305031472.6636 -0.7237 0.4932 -0.1249 -0.1089 -0.0380 -0.0236 0.9930
1305031472.8276 -0.7168 0.4784 -0.1185 -0.0997 -0.0390 -0.0250 0.9939
