1305031453.3917 0.0000 0.0000 0.0000 0.0000 0.0000 0.0000 1.0000
1305031453.5237 0.0143 0.0247 -0.0363 0.0195 0.0208 0.0378 0.9989
1305031453.6277 0.0191 0.0458 -0.0764 0.0420 0.0244 0.0527 0.9974
1305031453.7277 0.0101 0.0714 -0.1226 0.0607 0.0079 0.0411 0.9973
1305031453.8278 -0.0085 0.0929 -0.1617 0.0719 -0.0187 0.0187 0.9971
1305031453.9277 -0.0342 0.1066 -0.1805 0.0687 -0.0684 0.0028 0.9953
1305031453.9596 -0.0434 0.1136 -0.1870 0.0671 -0.0841 -0.0065 0.9942
1305031453.9916 -0.0542 0.1150 -0.1838 0.0662 -0.0958 -0.0180 0.9930
1305031454.0277 -0.0623 0.1170 -0.1896 0.0681 -0.1085 -0.0270 0.9914
1305031454.0597 -0.0672 0.1185 -0.1945 0.0683 -0.1211 -0.0375 0.9896
1305031454.0917 -0.0804 0.1156 -0.1871 0.0686 -0.1326 -0.0514 0.9875
1305031454.1277 -0.0883 0.1139 -0.1829 0.0715 -0.1478 -0.0644 0.9843
1305031454.1597 -0.0838 0.1141 -0.1857 0.0708 -0.1668 -0.0731 0.9807
1305031454.1917 -0.0800 0.1076 -0.1851 0.0668 -0.1880 -0.0863 0.9761
1305031454.2277 -0.1490 0.1462 -0.1992 0.0812 -0.1744 -0.0939 0.9768
1305031454.2596 -0.1520 0.1501 -0.2066 0.0878 -0.1871 -0.1100 0.9722
1305031454.2916 -0.1564 0.1503 -0.2078 0.0852 -0.1947 -0.1208 0.9697
1305031454.3277 -0.1731 0.1555 -0.2080 0.0889 -0.2021 -0.1366 0.9657
1305031454.3596 -0.1811 0.1592 -0.2130 0.0961 -0.2120 -0.1518 0.9606
1305031454.3917 -0.1871 0.1649 -0.2171 0.0987 -0.2184 -0.1642 0.9569
1305031454.4275 -0.1990 0.1696 -0.2232 0.1009 -0.2290 -0.1799 0.9513
1305031454.4599 -0.2012 0.1741 -0.2192 0.1047 -0.2397 -0.1960 0.9451
1305031454.4916 -0.2050 0.1765 -0.2281 0.1057 -0.2434 -0.2124 0.9405
1305031454.5277 -0.2013 0.1786 -0.2350 0.1042 -0.2494 -0.2262 0.9358
1305031454.5596 -0.2087 0.1820 -0.2447 0.1008 -0.2529 -0.2416 0.9314
1305031454.5916 -0.2163 0.1937 -0.2372 0.1010 -0.2642 -0.2579 0.9239
1305031454.6276 -0.2167 0.1950 -0.2398 0.0977 -0.2766 -0.2698 0.9172
1305031454.6595 -0.2182 0.1922 -0.2274 0.0920 -0.2875 -0.2728 0.9135
1305031454.6919 -0.2142 0.1871 -0.2151 0.0829 -0.3073 -0.2802 0.9057
1305031454.7277 -0.2051 0.1870 -0.2123 0.0786 -0.3224 -0.2847 0.8994
1305031454.7597 -0.1990 0.1827 -0.2114 0.0691 -0.3300 -0.2818 0.8983
1305031454.7916 -0.1912 0.1903 -0.2100 0.0650 -0.3339 -0.2737 0.8997
1305031454.8276 -0.1877 0.2019 -0.2072 0.0612 -0.3349 -0.2675 0.9014
1305031454.8596 -0.1862 0.2056 -0.2049 0.0538 -0.3321 -0.2618 0.9046
1305031454.8918 -0.1843 0.2147 -0.2068 0.0507 -0.3266 -0.2551 0.9087
1305031454.9276 -0.1833 0.2242 -0.2088 0.0467 -0.3202 -0.2491 0.9128
1305031454.9596 -0.1826 0.2320 -0.2137 0.0431 -0.3146 -0.2433 0.9165
1305031454.9919 -0.1889 0.2426 -0.2221 0.0411 -0.3089 -0.2381 0.9199
1305031455.0278 -0.1911 0.2555 -0.2266 0.0418 -0.3071 -0.2357 0.9211
1305031455.0596 -0.1957 0.2636 -0.2288 0.0406 -0.3039 -0.2339 0.9227
1305031455.0917 -0.2017 0.2729 -0.2345 0.0434 -0.2994 -0.2336 0.9241
1305031455.1277 -0.2072 0.2844 -0.2411 0.0452 -0.2939 -0.2324 0.9261
1305031455.1597 -0.2165 0.2952 -0.2482 0.0445 -0.2881 -0.2281 0.9290
1305031455.1917 -0.2272 0.3035 -0.2526 0.0409 -0.2838 -0.2228 0.9317
1305031455.2276 -0.2367 0.3095 -0.2581 0.0398 -0.2803 -0.2174 0.9341
1305031455.2596 -0.2431 0.3225 -0.2643 0.0382 -0.2752 -0.2114 0.9371
1305031455.2918 -0.2562 0.3267 -0.2697 0.0291 -0.2688 -0.2024 0.9412
1305031455.3278 -0.2683 0.3369 -0.2787 0.0238 -0.2649 -0.1921 0.9446
1305031455.3596 -0.2751 0.3470 -0.2824 0.0166 -0.2631 -0.1862 0.9465
1305031455.3917 -0.2858 0.3469 -0.2846 0.0046 -0.2566 -0.1785 0.9499
1305031455.4276 -0.3003 0.3518 -0.2929 -0.0028 -0.2485 -0.1687 0.9538
1305031455.4596 -0.3142 0.3522 -0.3006 -0.0087 -0.2442 -0.1600 0.9564
1305031455.4916 -0.3259 0.3577 -0.3088 -0.0129 -0.2404 -0.1490 0.9591
1305031455.5276 -0.3436 0.3548 -0.3173 -0.0200 -0.2363 -0.1359 0.9619
1305031455.5597 -0.3597 0.3554 -0.3296 -0.0231 -0.2361 -0.1228 0.9637
1305031455.5916 -0.3696 0.3605 -0.3414 -0.0253 -0.2375 -0.1088 0.9650
1305031455.6276 -0.3857 0.3562 -0.3444 -0.0320 -0.2366 -0.0958 0.9664
1305031455.6596 -0.4009 0.3532 -0.3557 -0.0301 -0.2340 -0.0902 0.9676
1305031455.6916 -0.4137 0.3575 -0.3695 -0.0244 -0.2318 -0.0912 0.9682
1305031455.7276 -0.4271 0.3554 -0.3806 -0.0220 -0.2284 -0.0957 0.9686
1305031455.7597 -0.4403 0.3529 -0.3931 -0.0207 -0.2229 -0.0987 0.9696
1305031455.7917 -0.4548 0.3456 -0.4061 -0.0200 -0.2174 -0.0976 0.9710
1305031455.8276 -0.4659 0.3429 -0.4237 -0.0173 -0.2142 -0.0973 0.9718
1305031455.8595 -0.4768 0.3391 -0.4355 -0.0170 -0.2125 -0.0982 0.9721
1305031455.8917 -0.4861 0.3364 -0.4476 -0.0163 -0.2100 -0.0984 0.9726
1305031455.9280 -0.4971 0.3322 -0.4568 -0.0170 -0.2065 -0.0991 0.9733
1305031455.9597 -0.5043 0.3302 -0.4701 -0.0161 -0.2032 -0.1014 0.9737
1305031455.9917 -0.5141 0.3320 -0.4785 -0.0156 -0.1979 -0.1038 0.9746
1305031456.0278 -0.5204 0.3354 -0.4920 -0.0185 -0.1916 -0.1080 0.9753
1305031456.0597 -0.5337 0.3314 -0.4959 -0.0264 -0.1857 -0.1164 0.9753
1305031456.0917 -0.5476 0.3261 -0.4995 -0.0307 -0.1802 -0.1216 0.9756
1305031456.1276 -0.5591 0.3234 -0.5055 -0.0307 -0.1749 -0.1230 0.9764
1305031456.1597 -0.5718 0.3202 -0.5038 -0.0298 -0.1683 -0.1235 0.9775
1305031456.1917 -0.5834 0.3153 -0.5086 -0.0240 -0.1591 -0.1210 0.9795
1305031456.2277 -0.5895 0.3200 -0.5156 -0.0190 -0.1493 -0.1170 0.9817
1305031456.2917 -0.6153 0.3054 -0.5130 -0.0189 -0.1260 -0.1092 0.9858
1305031456.3277 -0.6264 0.3008 -0.5100 -0.0146 -0.1157 -0.1022 0.9879
1305031456.3916 -0.6475 0.2954 -0.5025 -0.0101 -0.0918 -0.0915 0.9915
1305031456.4277 -0.6634 0.2945 -0.5038 -0.0040 -0.0801 -0.0843 0.9932
1305031456.4917 -0.7024 0.3090 -0.4983 -0.0071 -0.0695 -0.0722 0.9949
1305031456.5276 -0.7158 0.3086 -0.4882 -0.0133 -0.0710 -0.0671 0.9951
1305031456.5917 -0.7361 0.3122 -0.4731 -0.0154 -0.0670 -0.0551 0.9961
1305031456.6276 -0.7472 0.3217 -0.4649 -0.0264 -0.0617 -0.0495 0.9965
1305031456.6916 -0.7846 0.3059 -0.4412 -0.0410 -0.0491 -0.0347 0.9973
1305031456.7916 -0.8368 0.3079 -0.4144 -0.0491 -0.0549 -0.0121 0.9972
1305031457.0276 -0.9176 0.3335 -0.3598 -0.0642 -0.0332 0.0250 0.9971
1305031457.1917 -0.9767 0.3332 -0.3674 -0.0783 -0.0006 0.0516 0.9956
1305031457.2917 -1.0123 0.3160 -0.3862 -0.0766 0.0213 0.0703 0.9944
1305031457.3917 -1.0540 0.3007 -0.4144 -0.0725 0.0552 0.0891 0.9918
1305031457.4917 -1.0975 0.2819 -0.4452 -0.0705 0.0690 0.1053 0.9895
1305031457.5597 -1.1219 0.2699 -0.4670 -0.0637 0.0777 0.1127 0.9885
1305031457.6596 -1.1694 0.2598 -0.4954 -0.0558 0.0891 0.1234 0.9868
1305031457.7596 -1.2032 0.2210 -0.5084 -0.0642 0.0928 0.1228 0.9860
1305031457.7916 -1.2097 0.2003 -0.5135 -0.0610 0.0966 0.1219 0.9859
1305031457.8277 -1.2218 0.2050 -0.5255 -0.0482 0.1037 0.1230 0.9858
1305031457.8916 -1.2478 0.1712 -0.5267 -0.0435 0.1204 0.1223 0.9842
1305031457.9276 -1.2661 0.1675 -0.5330 -0.0298 0.1257 0.1273 0.9834
1305031457.9916 -1.2852 0.1540 -0.5349 -0.0180 0.1263 0.1327 0.9829
1305031458.0278 -1.2942 0.1416 -0.5334 -0.0105 0.1294 0.1341 0.9824
1305031458.0597 -1.3107 0.1481 -0.5345 0.0004 0.1352 0.1374 0.9813
1305031458.0917 -1.3248 0.1486 -0.5286 0.0014 0.1398 0.1396 0.9803
1305031458.1276 -1.3362 0.1407 -0.5185 -0.0002 0.1432 0.1401 0.9797
1305031458.1596 -1.3512 0.1309 -0.5096 0.0007 0.1459 0.1424 0.9790
1305031458.1916 -1.3610 0.1357 -0.5018 0.0029 0.1433 0.1483 0.9785
1305031458.2276 -1.3673 0.1288 -0.4843 -0.0052 0.1388 0.1480 0.9792
1305031458.2599 -1.3778 0.1060 -0.4543 -0.0095 0.1382 0.1436 0.9799
1305031458.2917 -1.3959 0.1035 -0.4511 0.0006 0.1340 0.1439 0.9805
1305031458.3276 -1.4030 0.1009 -0.4387 0.0030 0.1264 0.1459 0.9812
1305031458.3596 -1.4093 0.0810 -0.4203 0.0062 0.1227 0.1459 0.9816
1305031458.3916 -1.4196 0.0890 -0.4095 0.0215 0.1198 0.1491 0.9813
1305031458.4276 -1.4247 0.0873 -0.3975 0.0294 0.1188 0.1587 0.9797
1305031458.4596 -1.4185 0.0771 -0.4009 0.0338 0.1183 0.1665 0.9783
1305031458.4917 -1.4098 0.0680 -0.3844 0.0506 0.1246 0.1686 0.9765
1305031458.5277 -1.4331 0.1189 -0.3607 0.0847 0.1386 0.1620 0.9733
1305031458.5596 -1.4402 0.1217 -0.3412 0.0923 0.1481 0.1595 0.9717
1305031458.5916 -1.4520 0.1210 -0.3175 0.1013 0.1563 0.1533 0.9705
1305031458.6277 -1.4703 0.1420 -0.2947 0.1069 0.1587 0.1494 0.9701
1305031458.6596 -1.4832 0.1414 -0.2710 0.1011 0.1562 0.1501 0.9710
1305031458.6917 -1.4892 0.1395 -0.2487 0.0956 0.1423 0.1439 0.9746
1305031458.7276 -1.4849 0.1393 -0.2239 0.0961 0.1280 0.1333 0.9781
1305031458.7599 -1.4971 0.1387 -0.2069 0.1021 0.1163 0.1233 0.9802
1305031458.7916 -1.5018 0.1485 -0.1970 0.1023 0.1001 0.1136 0.9832
1305031458.8276 -1.4997 0.1469 -0.1793 0.0967 0.0927 0.1130 0.9845
1305031458.8917 -1.4986 0.1430 -0.1569 0.1044 0.0910 0.1027 0.9850
1305031458.9276 -1.5087 0.1459 -0.1503 0.1033 0.0978 0.1087 0.9838
1305031458.9596 -1.5128 0.1400 -0.1422 0.0958 0.1025 0.1207 0.9827
1305031458.9916 -1.5159 0.1187 -0.1351 0.0938 0.1046 0.1233 0.9824
1305031459.0277 -1.5424 0.1146 -0.1275 0.1059 0.1068 0.1221 0.9810
1305031459.0596 -1.5616 0.1036 -0.1149 0.1132 0.1019 0.1310 0.9796
1305031459.1276 -2.1250 -0.0115 0.2402 0.0836 0.3792 0.1096 0.9150
1305031459.1596 -2.1256 -0.0126 0.2548 0.0943 0.3551 0.1108 0.9234
1305031459.1917 -2.1260 -0.0127 0.2665 0.1027 0.3371 0.1162 0.9286
1305031459.2276 -2.1250 -0.0125 0.2795 0.1084 0.3250 0.1261 0.9310
1305031459.2598 -2.1187 -0.0072 0.2890 0.1118 0.3214 0.1351 0.9306
1305031459.3276 -2.1135 0.0021 0.3160 0.1160 0.3509 0.1613 0.9151
1305031459.3597 -2.1122 0.0098 0.3327 0.1258 0.3734 0.1775 0.9018
1305031459.3917 -2.1169 0.0323 0.3493 0.1324 0.3986 0.2006 0.8851
1305031459.4276 -2.1101 0.0388 0.3603 0.1313 0.4272 0.2367 0.8627
1305031459.4597 -2.1230 0.0370 0.3699 0.1397 0.4582 0.2721 0.8346
1305031459.5276 -2.1412 0.0561 0.4859 0.1382 0.5163 0.2517 0.8068
1305031459.5596 -2.1605 0.0447 0.4924 0.1404 0.5286 0.2791 0.7893
1305031459.5917 -2.1787 0.0424 0.5020 0.1442 0.5331 0.2972 0.7789
1305031459.6276 -2.1862 0.0384 0.5103 0.1436 0.5338 0.3085 0.7741
1305031459.6596 -2.1934 0.0409 0.5212 0.1444 0.5396 0.3084 0.7700
1305031459.6916 -2.2034 0.0394 0.5357 0.1413 0.5497 0.3133 0.7614
1305031459.7276 -2.2129 0.0253 0.5465 0.1359 0.5565 0.3186 0.7552
1305031459.7917 -2.2371 -0.0019 0.5785 0.1331 0.5681 0.3122 0.7497
1305031459.8277 -2.2470 -0.0127 0.5936 0.1312 0.5694 0.3107 0.7497
1305031459.8597 -2.2562 -0.0228 0.6111 0.1267 0.5696 0.3105 0.7504
1305031459.8916 -2.2582 -0.0355 0.6227 0.1229 0.5657 0.3157 0.7518
1305031459.9276 -2.2597 -0.0481 0.6336 0.1228 0.5629 0.3194 0.7524
1305031459.9917 -2.2674 -0.0694 0.6589 0.1210 0.5609 0.3279 0.7505
1305031460.0276 -2.2671 -0.0832 0.6683 0.1206 0.5604 0.3317 0.7492
1305031460.0597 -2.2728 -0.0974 0.6809 0.1217 0.5615 0.3334 0.7475
1305031460.0917 -2.2753 -0.1108 0.6932 0.1269 0.5577 0.3392 0.7468
1305031460.1277 -2.2724 -0.1215 0.7019 0.1360 0.5488 0.3465 0.7485
1305031460.1597 -2.2756 -0.1298 0.7108 0.1452 0.5412 0.3520 0.7497
1305031460.1916 -2.2676 -0.1338 0.7205 0.1485 0.5346 0.3583 0.7509
1305031460.2278 -2.2542 -0.1405 0.7234 0.1504 0.5324 0.3621 0.7502
1305031460.2917 -2.2464 -0.1572 0.7361 0.1527 0.5462 0.3595 0.7410
1305031460.3275 -2.2441 -0.1684 0.7420 0.1544 0.5533 0.3607 0.7348
1305031460.3916 -2.2344 -0.1839 0.7547 0.1530 0.5687 0.3668 0.7201
1305031460.4275 -2.2308 -0.1949 0.7602 0.1537 0.5770 0.3714 0.7110
1305031460.4596 -2.2263 -0.1992 0.7656 0.1541 0.5869 0.3747 0.7010
1305031460.4915 -2.2276 -0.2069 0.7719 0.1509 0.5976 0.3818 0.6887
1305031460.5276 -2.2248 -0.2183 0.7755 0.1478 0.6048 0.3931 0.6766
1305031460.5596 -2.2196 -0.2284 0.7777 0.1432 0.6114 0.3987 0.6684
1305031460.5919 -2.2187 -0.2397 0.7838 0.1396 0.6189 0.4004 0.6612
1305031460.6276 -2.2158 -0.2505 0.7884 0.1376 0.6252 0.4032 0.6539
1305031460.6598 -2.2166 -0.2626 0.7953 0.1350 0.6317 0.4031 0.6482
1305031460.6917 -2.2170 -0.2730 0.8036 0.1323 0.6352 0.4052 0.6441
1305031460.7277 -2.2117 -0.2806 0.8092 0.1280 0.6367 0.4070 0.6423
1305031460.7597 -2.2065 -0.2916 0.8144 0.1240 0.6407 0.4070 0.6391
1305031460.7917 -2.2052 -0.3028 0.8233 0.1207 0.6442 0.4070 0.6363
1305031460.8277 -2.1996 -0.3086 0.8319 0.1156 0.6460 0.4057 0.6362
1305031460.8597 -2.1930 -0.3159 0.8378 0.1090 0.6489 0.4057 0.6344
1305031460.8918 -2.1860 -0.3279 0.8444 0.1007 0.6528 0.4063 0.6314
1305031460.9276 -2.1792 -0.3405 0.8536 0.0947 0.6549 0.4082 0.6288
1305031460.9917 -2.1581 -0.3636 0.8567 0.0916 0.6566 0.4127 0.6246
1305031461.0276 -2.1492 -0.3739 0.8622 0.0929 0.6584 0.4130 0.6223
1305031461.0917 -2.1373 -0.3862 0.8749 0.0946 0.6581 0.4112 0.6236
1305031461.1276 -2.1252 -0.3942 0.8754 0.0920 0.6579 0.4107 0.6245
1305031461.1597 -2.1158 -0.4051 0.8777 0.0922 0.6590 0.4089 0.6245
1305031461.1920 -2.1093 -0.4072 0.8816 0.0936 0.6601 0.4034 0.6267
1305031461.2276 -2.1025 -0.4116 0.8843 0.0930 0.6612 0.4011 0.6271
1305031461.2596 -2.0944 -0.4199 0.8854 0.0918 0.6614 0.3988 0.6286
1305031461.2917 -2.0871 -0.4209 0.8882 0.0921 0.6627 0.3923 0.6313
1305031461.3278 -2.0793 -0.4188 0.8874 0.0922 0.6643 0.3874 0.6326
1305031461.3597 -2.0773 -0.4174 0.8951 0.0876 0.6683 0.3839 0.6311
1305031461.3917 -2.0619 -0.4243 0.8962 0.0799 0.6682 0.3882 0.6296
1305031461.4276 -2.0538 -0.4279 0.8947 0.0782 0.6688 0.3872 0.6299
1305031461.4598 -2.0507 -0.4240 0.8976 0.0764 0.6688 0.3888 0.6291
1305031461.4917 -2.0374 -0.4315 0.8887 0.0725 0.6672 0.3929 0.6286
1305031461.5277 -2.0384 -0.4284 0.8887 0.0773 0.6693 0.3876 0.6291
1305031461.5597 -2.0351 -0.4201 0.8802 0.0769 0.6696 0.3844 0.6308
1305031461.5917 -2.0356 -0.4184 0.8748 0.0752 0.6754 0.3802 0.6273
1305031461.6275 -2.0355 -0.4139 0.8718 0.0733 0.6796 0.3801 0.6231
1305031461.6596 -2.0343 -0.4115 0.8683 0.0709 0.6831 0.3804 0.6194
1305031461.6916 -2.0369 -0.4072 0.8672 0.0720 0.6848 0.3852 0.6145
1305031461.7276 -2.0336 -0.4010 0.8589 0.0720 0.6836 0.3912 0.6120
1305031461.7597 -2.0386 -0.3936 0.8537 0.0733 0.6843 0.3932 0.6097
1305031461.7916 -2.0412 -0.3840 0.8469 0.0722 0.6845 0.3981 0.6065
1305031461.8276 -2.0423 -0.3769 0.8395 0.0721 0.6866 0.4029 0.6009
1305031461.8598 -2.0505 -0.3628 0.8382 0.0753 0.6891 0.4072 0.5947
1305031461.8917 -2.0565 -0.3547 0.8362 0.0752 0.6883 0.4190 0.5873
1305031461.9278 -2.0558 -0.3464 0.8295 0.0722 0.6846 0.4314 0.5831
1305031461.9597 -2.0604 -0.3305 0.8165 0.0702 0.6846 0.4353 0.5805
1305031461.9916 -2.0702 -0.3194 0.8244 0.0652 0.6905 0.4409 0.5697
1305031462.0277 -2.0678 -0.3205 0.8281 0.0582 0.6890 0.4560 0.5603
1305031462.0598 -2.0685 -0.3164 0.8304 0.0585 0.6842 0.4690 0.5554
1305031462.0918 -2.0707 -0.3082 0.8279 0.0609 0.6775 0.4808 0.5533
1305031462.1277 -2.0732 -0.2980 0.8282 0.0624 0.6736 0.4899 0.5499
1305031462.1596 -2.0766 -0.2938 0.8272 0.0602 0.6706 0.4974 0.5471
1305031462.1916 -2.0825 -0.2824 0.8287 0.0579 0.6699 0.4973 0.5482
1305031462.2276 -2.0889 -0.2745 0.8334 0.0526 0.6705 0.4987 0.5468
1305031462.2598 -2.0927 -0.2679 0.8366 0.0461 0.6693 0.5001 0.5476
1305031462.2916 -2.0971 -0.2601 0.8410 0.0389 0.6675 0.4990 0.5513
1305031462.3597 -2.1111 -0.2367 0.8530 0.0227 0.6669 0.4902 0.5608
1305031462.4276 -2.1343 -0.1925 0.9092 0.0430 0.6846 0.4703 0.5552
1305031462.4920 -2.1465 -0.1194 0.8709 0.0789 0.6611 0.4735 0.5767
1305031462.5919 -2.0726 0.0535 0.8697 0.1434 0.6160 0.4526 0.6286
1305031462.7277 -2.1043 0.0613 0.8758 0.1249 0.6189 0.4243 0.6492
1305031462.7919 -2.1240 0.0665 0.8728 0.1116 0.6163 0.4104 0.6628
1305031462.9276 -2.1383 0.0737 0.8670 0.0983 0.6134 0.4022 0.6725
1305031463.0277 -2.1564 0.1048 0.8538 0.1059 0.6096 0.3882 0.6830
1305031463.0598 -2.1708 0.1098 0.8454 0.1056 0.6080 0.3826 0.6876
1305031463.1598 -2.1974 0.1322 0.8272 0.1030 0.6107 0.3580 0.6987
1305031463.3277 -2.2086 0.1459 0.7855 0.0919 0.6086 0.3432 0.7095
1305031463.3956 -2.2184 0.1664 0.7593 0.0971 0.6033 0.3309 0.7191
1305031463.5277 -2.2073 0.2203 0.6982 0.0989 0.6009 0.3187 0.7263
1305031463.6276 -2.2055 0.2536 0.6669 0.1062 0.6063 0.3088 0.7251
1305031463.6956 -2.2114 0.2880 0.6494 0.1225 0.6138 0.2889 0.7244
1305031463.7597 -2.2085 0.2931 0.6051 0.1211 0.6170 0.2781 0.7262
1305031463.7956 -2.2173 0.2973 0.5860 0.1220 0.6204 0.2668 0.7273
1305031463.8599 -2.2243 0.2927 0.5369 0.1128 0.6231 0.2496 0.7326
1305031463.8956 -2.2332 0.2923 0.5165 0.1121 0.6254 0.2403 0.7338
1305031463.9597 -2.2394 0.2887 0.4769 0.1097 0.6220 0.2282 0.7410
1305031463.9958 -2.2478 0.2847 0.4558 0.1099 0.6202 0.2205 0.7448
1305031464.0277 -2.2573 0.2837 0.4390 0.1081 0.6194 0.2123 0.7480
1305031464.0597 -2.2608 0.2767 0.4151 0.1036 0.6187 0.2047 0.7514
1305031464.0956 -2.2710 0.2710 0.4000 0.1025 0.6217 0.1948 0.7517
1305031464.1277 -2.2799 0.2685 0.3916 0.1035 0.6233 0.1881 0.7519
1305031464.1598 -2.2843 0.2598 0.3800 0.1065 0.6209 0.1838 0.7546
1305031464.1956 -2.2901 0.2536 0.3700 0.1134 0.6168 0.1752 0.7589
1305031464.2276 -2.3016 0.2549 0.3633 0.1221 0.6104 0.1655 0.7649
1305031464.2596 -2.3114 0.2587 0.3528 0.1286 0.5986 0.1595 0.7744
1305031464.2957 -2.3134 0.2621 0.3403 0.1307 0.5861 0.1525 0.7850
1305031464.3279 -2.3151 0.2638 0.3228 0.1304 0.5754 0.1447 0.7944
1305031464.3597 -2.3173 0.2608 0.3046 0.1313 0.5679 0.1372 0.8009
1305031464.3956 -2.3189 0.2671 0.2829 0.1332 0.5628 0.1265 0.8059
1305031464.4276 -2.3218 0.2719 0.2665 0.1315 0.5632 0.1162 0.8075
1305031464.4597 -2.3275 0.2681 0.2514 0.1294 0.5628 0.1074 0.8093
1305031464.4956 -2.3286 0.2728 0.2301 0.1295 0.5606 0.0997 0.8118
1305031464.5276 -2.3359 0.2754 0.2138 0.1278 0.5618 0.0916 0.8122
1305031464.5597 -2.3382 0.2744 0.1931 0.1204 0.5609 0.0819 0.8150
1305031464.5957 -2.3371 0.2628 0.1629 0.1166 0.5636 0.0719 0.8146
1305031464.6277 -2.3426 0.2600 0.1400 0.1215 0.5728 0.0605 0.8084
1305031464.6597 -2.3453 0.2579 0.1228 0.1240 0.5828 0.0452 0.8018
1305031464.6957 -2.3489 0.2403 0.1083 0.1253 0.5930 0.0261 0.7950
1305031464.7277 -2.3586 0.2352 0.1026 0.1327 0.5997 0.0035 0.7891
1305031464.7597 -2.3629 0.2430 0.0937 0.1364 0.5996 -0.0194 0.7883
1305031464.7960 -2.3602 0.2348 0.0923 0.1332 0.5971 -0.0390 0.7900
1305031464.8278 -2.3566 0.2310 0.0946 0.1358 0.5883 -0.0572 0.7951
1305031464.8597 -2.3513 0.2423 0.0856 0.1358 0.5740 -0.0758 0.8040
1305031464.8958 -2.3436 0.2442 0.0724 0.1244 0.5608 -0.0942 0.8131
1305031464.9278 -2.3318 0.2220 0.0603 0.1088 0.5515 -0.1113 0.8196
1305031464.9598 -2.3188 0.2048 0.0485 0.1011 0.5464 -0.1280 0.8215
1305031464.9957 -2.3033 0.2029 0.0381 0.0980 0.5439 -0.1472 0.8203
1305031465.0278 -2.2861 0.2004 0.0395 0.0914 0.5442 -0.1679 0.8169
1305031465.0597 -2.2701 0.2146 0.0489 0.0894 0.5401 -0.1890 0.8152
1305031465.0957 -2.2455 0.2560 0.0473 0.0829 0.5299 -0.2041 0.8189
1305031465.1277 -2.2214 0.2626 0.0470 0.0597 0.5213 -0.2106 0.8248
1305031465.1598 -2.1994 0.2585 0.0499 0.0388 0.5140 -0.2110 0.8305
1305031465.1956 -2.1765 0.2571 0.0488 0.0231 0.5061 -0.2120 0.8357
1305031465.2279 -2.1520 0.2693 0.0487 0.0111 0.5003 -0.2127 0.8393
1305031465.2598 -2.1300 0.2650 0.0528 -0.0016 0.4949 -0.2080 0.8437
1305031465.3277 -2.0900 0.2866 0.0536 -0.0023 0.4803 -0.1862 0.8571
1305031465.3956 -2.0570 0.2847 0.0405 -0.0001 0.4533 -0.1650 0.8760
1305031465.4277 -2.0398 0.2894 0.0201 0.0061 0.4399 -0.1565 0.8843
1305031465.4601 -2.0248 0.3019 0.0033 0.0146 0.4293 -0.1469 0.8910
1305031465.4957 -2.0080 0.3155 -0.0151 0.0174 0.4194 -0.1381 0.8971
1305031465.5276 -1.9944 0.3104 -0.0305 0.0145 0.4106 -0.1331 0.9019
1305031465.5598 -1.9834 0.3161 -0.0501 0.0209 0.4020 -0.1309 0.9060
1305031465.5956 -1.9692 0.3291 -0.0726 0.0297 0.3960 -0.1261 0.9091
1305031465.6277 -1.9627 0.3416 -0.0886 0.0376 0.3924 -0.1199 0.9112
1305031465.6601 -1.9531 0.3503 -0.1065 0.0432 0.3828 -0.1134 0.9158
1305031465.6957 -1.9354 0.3607 -0.1318 0.0507 0.3731 -0.1096 0.9199
1305031465.7277 -1.9242 0.3735 -0.1526 0.0609 0.3686 -0.1042 0.9217
1305031465.7598 -1.9129 0.3901 -0.1730 0.0707 0.3632 -0.0997 0.9237
1305031465.7959 -1.8958 0.4033 -0.1933 0.0779 0.3584 -0.0960 0.9253
1305031465.8280 -1.8844 0.4115 -0.2148 0.0864 0.3538 -0.0942 0.9266
1305031465.8599 -1.8731 0.4349 -0.2380 0.0987 0.3504 -0.0951 0.9265
1305031465.8955 -1.8524 0.4543 -0.2591 0.1035 0.3524 -0.0945 0.9253
1305031465.9275 -1.8371 0.4630 -0.2785 0.1085 0.3574 -0.0954 0.9227
1305031465.9597 -1.8246 0.4806 -0.2984 0.1187 0.3628 -0.1004 0.9188
1305031465.9958 -1.8178 0.5024 -0.3114 0.1249 0.3692 -0.1073 0.9147
1305031466.0276 -1.8094 0.5257 -0.3249 0.1305 0.3711 -0.1122 0.9125
1305031466.0598 -1.8017 0.5494 -0.3386 0.1307 0.3735 -0.1112 0.9116
1305031466.0958 -1.7958 0.5657 -0.3515 0.1267 0.3729 -0.1089 0.9127
1305031466.1276 -1.7889 0.5818 -0.3662 0.1214 0.3694 -0.1069 0.9151
1305031466.1604 -1.7883 0.5981 -0.3815 0.1173 0.3659 -0.1037 0.9174
1305031466.1958 -1.7862 0.6165 -0.3967 0.1110 0.3591 -0.1005 0.9212
1305031466.2280 -1.7800 0.6243 -0.4159 0.0980 0.3516 -0.1001 0.9256
1305031466.2598 -1.7711 0.6232 -0.4395 0.0904 0.3477 -0.1050 0.9273
1305031466.2957 -1.7647 0.6337 -0.4623 0.0886 0.3512 -0.1168 0.9248
1305031466.3277 -1.7672 0.6450 -0.4839 0.0858 0.3612 -0.1251 0.9200
1305031466.3598 -1.7686 0.6524 -0.5025 0.0791 0.3702 -0.1277 0.9167
1305031466.3958 -1.7699 0.6463 -0.5189 0.0753 0.3733 -0.1298 0.9155
1305031466.4278 -1.7738 0.6586 -0.5372 0.0795 0.3716 -0.1368 0.9148
1305031466.4598 -1.7714 0.6701 -0.5574 0.0776 0.3670 -0.1408 0.9162
1305031466.4958 -1.7605 0.6760 -0.5776 0.0735 0.3628 -0.1404 0.9183
1305031466.5275 -1.7466 0.6764 -0.5984 0.0712 0.3627 -0.1394 0.9187
1305031466.5604 -1.7423 0.6866 -0.6194 0.0695 0.3664 -0.1401 0.9172
1305031466.5959 -1.7332 0.6930 -0.6394 0.0608 0.3671 -0.1397 0.9176
1305031466.6275 -1.7129 0.6835 -0.6556 0.0528 0.3672 -0.1399 0.9180
1305031466.6597 -1.7028 0.6848 -0.6763 0.0559 0.3681 -0.1467 0.9164
1305031466.6958 -1.6980 0.6994 -0.6942 0.0546 0.3683 -0.1547 0.9151
1305031466.7281 -1.6827 0.6995 -0.7092 0.0450 0.3660 -0.1602 0.9156
1305031466.7596 -1.6636 0.6946 -0.7208 0.0442 0.3644 -0.1681 0.9149
1305031466.7956 -1.6600 0.7018 -0.7436 0.0476 0.3615 -0.1753 0.9145
1305031466.8279 -1.6507 0.7059 -0.7595 0.0434 0.3574 -0.1765 0.9161
1305031466.8597 -1.6415 0.7029 -0.7669 0.0411 0.3523 -0.1764 0.9182
1305031466.8957 -1.6378 0.7040 -0.7826 0.0414 0.3406 -0.1806 0.9217
1305031466.9278 -1.6300 0.7058 -0.8003 0.0404 0.3271 -0.1819 0.9264
1305031466.9597 -1.6183 0.7035 -0.8166 0.0399 0.3175 -0.1827 0.9296
1305031466.9957 -1.6102 0.7039 -0.8347 0.0398 0.3119 -0.1846 0.9311
1305031467.0278 -1.6011 0.7030 -0.8493 0.0381 0.3076 -0.1884 0.9319
1305031467.0597 -1.5934 0.7034 -0.8647 0.0372 0.3049 -0.1909 0.9323
1305031467.0957 -1.5862 0.7032 -0.8790 0.0330 0.3039 -0.1948 0.9320
1305031467.1290 -1.5772 0.7029 -0.8881 0.0300 0.3008 -0.2043 0.9311
1305031467.1597 -1.5726 0.7026 -0.9012 0.0283 0.2981 -0.2115 0.9304
1305031467.1957 -1.5657 0.7020 -0.9125 0.0267 0.2931 -0.2163 0.9309
1305031467.2277 -1.5603 0.7003 -0.9244 0.0245 0.2869 -0.2212 0.9318
1305031467.2597 -1.5514 0.7004 -0.9337 0.0238 0.2815 -0.2263 0.9322
1305031467.2958 -1.5455 0.7007 -0.9468 0.0227 0.2760 -0.2331 0.9322
1305031467.3280 -1.5413 0.7023 -0.9598 0.0216 0.2709 -0.2369 0.9328
1305031467.3597 -1.5340 0.7035 -0.9735 0.0170 0.2642 -0.2377 0.9346
1305031467.3958 -1.5298 0.7032 -0.9870 0.0096 0.2585 -0.2398 0.9357
1305031467.4278 -1.5222 0.7003 -0.9973 0.0067 0.2528 -0.2420 0.9367
1305031467.4597 -1.5188 0.7031 -1.0108 0.0054 0.2465 -0.2446 0.9377
1305031467.4961 -1.5105 0.7048 -1.0266 -0.0012 0.2401 -0.2471 0.9388
1305031467.5277 -1.5009 0.7051 -1.0349 -0.0064 0.2379 -0.2503 0.9385
1305031467.5598 -1.4929 0.7003 -1.0432 -0.0071 0.2365 -0.2519 0.9384
1305031467.5960 -1.4876 0.6994 -1.0544 -0.0069 0.2347 -0.2511 0.9391
1305031467.6275 -1.4762 0.6880 -1.0549 -0.0066 0.2291 -0.2492 0.9410
1305031467.6596 -1.4687 0.6799 -1.0619 -0.0010 0.2234 -0.2489 0.9424
1305031467.6959 -1.4599 0.6714 -1.0708 -0.0009 0.2193 -0.2521 0.9425
1305031467.7275 -1.4459 0.6606 -1.0685 -0.0001 0.2164 -0.2584 0.9415
1305031467.7599 -1.4375 0.6494 -1.0712 0.0030 0.2133 -0.2625 0.9411
1305031467.7961 -1.4225 0.6405 -1.0729 0.0054 0.2084 -0.2670 0.9409
1305031467.8278 -1.4091 0.6252 -1.0642 0.0080 0.2052 -0.2689 0.9410
1305031467.8597 -1.3974 0.6132 -1.0585 0.0145 0.1996 -0.2692 0.9421
1305031467.8959 -1.3859 0.6069 -1.0567 0.0194 0.1913 -0.2710 0.9432
1305031467.9278 -1.3704 0.5951 -1.0477 0.0206 0.1831 -0.2755 0.9435
1305031467.9598 -1.3570 0.5817 -1.0361 0.0254 0.1773 -0.2807 0.9429
1305031467.9958 -1.3403 0.5800 -1.0356 0.0294 0.1739 -0.2852 0.9421
1305031468.0281 -1.3256 0.5658 -1.0159 0.0271 0.1738 -0.2889 0.9411
1305031468.0598 -1.3109 0.5529 -0.9928 0.0311 0.1710 -0.2941 0.9398
1305031468.0959 -1.2987 0.5462 -0.9923 0.0335 0.1672 -0.2969 0.9395
1305031468.1278 -1.2842 0.5303 -0.9769 0.0318 0.1650 -0.2979 0.9397
1305031468.1599 -1.2725 0.5162 -0.9692 0.0325 0.1630 -0.3018 0.9388
1305031468.1960 -1.2595 0.5044 -0.9604 0.0317 0.1626 -0.3055 0.9377
1305031468.2282 -1.2476 0.4883 -0.9465 0.0311 0.1639 -0.3057 0.9374
1305031468.2598 -1.2349 0.4723 -0.9367 0.0322 0.1654 -0.3040 0.9377
1305031468.2958 -1.2264 0.4584 -0.9255 0.0326 0.1688 -0.3047 0.9368
1305031468.3278 -1.2194 0.4354 -0.9140 0.0342 0.1709 -0.3042 0.9365
1305031468.3598 -1.2103 0.4255 -0.9109 0.0409 0.1733 -0.3016 0.9367
1305031468.4598 -1.1995 0.3762 -0.8961 0.0357 0.1765 -0.2964 0.9379
1305031468.5278 -1.1988 0.3436 -0.8809 0.0324 0.1814 -0.3019 0.9354
1305031468.5597 -1.2025 0.3262 -0.8740 0.0347 0.1805 -0.3120 0.9321
1305031468.6596 -1.2194 0.2800 -0.8571 0.0254 0.1772 -0.3177 0.9311
1305031468.6958 -1.2258 0.2656 -0.8487 0.0273 0.1709 -0.3229 0.9305
1305031468.7278 -1.2278 0.2548 -0.8449 0.0310 0.1637 -0.3265 0.9304
1305031468.7596 -1.2291 0.2434 -0.8389 0.0322 0.1587 -0.3281 0.9307
1305031468.7958 -1.2347 0.2257 -0.8292 0.0332 0.1559 -0.3340 0.9290
1305031468.8292 -1.2394 0.2142 -0.8247 0.0382 0.1526 -0.3429 0.9261
1305031468.9281 -1.2411 0.1902 -0.8121 0.0364 0.1637 -0.3444 0.9237
1305031468.9957 -1.2430 0.2041 -0.8031 0.0244 0.1779 -0.3392 0.9234
1305031469.0598 -1.2496 0.1815 -0.7814 -0.0112 0.1881 -0.3373 0.9224
1305031469.1597 -1.2286 0.1561 -0.7538 -0.0506 0.2047 -0.3484 0.9133
1305031469.2278 -1.2319 0.1439 -0.7272 -0.0641 0.2241 -0.3496 0.9074
1305031469.2968 -1.2191 0.1363 -0.7062 -0.0745 0.2317 -0.3510 0.9042
1305031469.3276 -1.2130 0.1376 -0.6960 -0.0787 0.2355 -0.3507 0.9030
1305031469.3596 -1.1982 0.1298 -0.6865 -0.0871 0.2384 -0.3515 0.9011
1305031469.3957 -1.1880 0.1248 -0.6753 -0.0894 0.2485 -0.3549 0.8968
1305031469.4277 -1.1793 0.1324 -0.6663 -0.0872 0.2598 -0.3603 0.8917
1305031469.4597 -1.1724 0.1374 -0.6527 -0.0886 0.2699 -0.3659 0.8862
1305031469.4957 -1.1672 0.1465 -0.6379 -0.0881 0.2766 -0.3687 0.8831
1305031469.5276 -1.1580 0.1549 -0.6289 -0.0897 0.2769 -0.3682 0.8830
1305031469.5596 -1.1464 0.1594 -0.6193 -0.0954 0.2762 -0.3660 0.8836
1305031469.6596 -1.1151 0.1772 -0.5851 -0.1146 0.2840 -0.3552 0.8832
1305031469.7956 -1.0841 0.2154 -0.5387 -0.1290 0.3022 -0.3385 0.8817
1305031469.9598 -1.0627 0.2901 -0.4737 -0.1412 0.3005 -0.3183 0.8879
1305031470.1596 -1.0747 0.3842 -0.4084 -0.1494 0.3007 -0.3031 0.8919
1305031470.3276 -1.1022 0.4493 -0.3649 -0.1672 0.3022 -0.2787 0.8961
1305031470.4957 -1.1424 0.4962 -0.3205 -0.1834 0.2962 -0.2664 0.8987
1305031470.6597 -1.1796 0.5400 -0.2841 -0.1833 0.3008 -0.2533 0.9010
1305031470.6956 -1.1848 0.5490 -0.2758 -0.1833 0.3007 -0.2495 0.9021
1305031470.7277 -1.1891 0.5541 -0.2675 -0.1828 0.2998 -0.2472 0.9031
1305031470.7597 -1.1962 0.5573 -0.2646 -0.1828 0.3031 -0.2438 0.9029
1305031470.7956 -1.2000 0.5651 -0.2555 -0.1810 0.3083 -0.2391 0.9028
1305031470.8278 -1.2050 0.5685 -0.2479 -0.1768 0.3081 -0.2347 0.9048
1305031470.8596 -1.2118 0.5709 -0.2420 -0.1717 0.3073 -0.2324 0.9067
1305031470.8957 -1.2197 0.5770 -0.2367 -0.1646 0.3072 -0.2298 0.9087
1305031470.9277 -1.2266 0.5778 -0.2296 -0.1610 0.3042 -0.2272 0.9110
1305031470.9596 -1.2326 0.5769 -0.2252 -0.1528 0.2981 -0.2271 0.9144
1305031470.9960 -1.2381 0.5797 -0.2232 -0.1432 0.2956 -0.2288 0.9164
1305031471.0276 -1.2441 0.5780 -0.2187 -0.1353 0.2952 -0.2293 0.9176
1305031471.0596 -1.2518 0.5808 -0.2146 -0.1232 0.2974 -0.2297 0.9185
1305031471.0958 -1.2596 0.5861 -0.2109 -0.1106 0.2987 -0.2274 0.9202
1305031471.1277 -1.2651 0.5865 -0.2078 -0.1024 0.2968 -0.2238 0.9227
1305031471.1596 -1.2713 0.5890 -0.2070 -0.0939 0.2969 -0.2209 0.9243
1305031471.1957 -1.2761 0.5915 -0.2052 -0.0880 0.2989 -0.2168 0.9251
1305031471.2276 -1.2817 0.5940 -0.2011 -0.0846 0.3025 -0.2128 0.9252
1305031471.2597 -1.2880 0.5936 -0.1959 -0.0842 0.3053 -0.2092 0.9252
1305031471.2961 -1.2916 0.5907 -0.1923 -0.0827 0.3063 -0.2049 0.9259
1305031471.3276 -1.2954 0.5905 -0.1929 -0.0778 0.3089 -0.2033 0.9259
1305031471.3596 -1.2986 0.5933 -0.1922 -0.0737 0.3158 -0.2014 0.9243
1305031471.3957 -1.3047 0.5897 -0.1859 -0.0723 0.3233 -0.1956 0.9230
1305031471.4277 -1.3135 0.5901 -0.1844 -0.0667 0.3264 -0.1902 0.9235
1305031471.4596 -1.3182 0.5920 -0.1845 -0.0639 0.3256 -0.1860 0.9248
1305031471.5276 -1.3281 0.5914 -0.1818 -0.0630 0.3270 -0.1771 0.9262
1305031471.5597 -1.3327 0.5923 -0.1814 -0.0625 0.3291 -0.1753 0.9258
1305031471.5957 -1.3378 0.5919 -0.1806 -0.0621 0.3341 -0.1727 0.9245
1305031471.6276 -1.3459 0.5914 -0.1793 -0.0619 0.3408 -0.1708 0.9224
1305031471.6596 -1.3520 0.5903 -0.1790 -0.0593 0.3462 -0.1668 0.9213
1305031471.7958 -1.3678 0.5937 -0.1865 -0.0486 0.3633 -0.1433 0.9193
1305031471.9956 -1.3821 0.6074 -0.1821 -0.0505 0.3924 -0.1114 0.9116
1305031472.2276 -1.2538 0.6188 -0.2381 -0.0276 0.2852 -0.0288 0.9576
1305031472.3636 -1.2573 0.6292 -0.2357 -0.0035 0.2879 -0.0299 0.9572
1305031472.5957 -1.2565 0.6122 -0.2388 0.0093 0.2819 -0.0285 0.9590
1305031472.8276 -1.2458 0.5884 -0.2424 0.0172 0.2786 -0.0297 0.9598
