1305031453.3917 0.0000 0.0000 0.0000 0.0000 0.0000 0.0000 1.0000
1305031453.5237 0.0062 0.0153 -0.0426 0.0156 0.0240 0.0356 0.9990
1305031453.6277 0.0014 0.0302 -0.0876 0.0352 0.0314 0.0500 0.9976
1305031453.6917 -0.0052 0.0478 -0.1255 0.0497 0.0212 0.0456 0.9975
1305031453.8278 -0.0240 0.0656 -0.1734 0.0610 -0.0125 0.0207 0.9978
1305031453.9277 -0.0496 0.0795 -0.1984 0.0594 -0.0608 0.0053 0.9964
1305031453.9596 -0.0483 0.0786 -0.1973 0.0569 -0.0796 -0.0007 0.9952
1305031453.9916 -0.0568 0.0782 -0.1950 0.0562 -0.0919 -0.0100 0.9941
1305031454.0277 -0.0704 0.0847 -0.1942 0.0594 -0.1038 -0.0153 0.9927
1305031454.0597 -0.0837 0.0925 -0.1953 0.0625 -0.1132 -0.0226 0.9914
1305031454.0917 -0.1019 0.1007 -0.1844 0.0660 -0.1225 -0.0307 0.9898
1305031454.1277 -0.1227 0.1086 -0.1802 0.0716 -0.1328 -0.0402 0.9877
1305031454.1597 -0.1416 0.1168 -0.1821 0.0741 -0.1436 -0.0484 0.9857
1305031454.1917 -0.1562 0.1187 -0.1769 0.0739 -0.1584 -0.0583 0.9829
1305031454.2277 -0.1741 0.1249 -0.1684 0.0791 -0.1727 -0.0737 0.9790
1305031454.2596 -0.1763 0.1202 -0.1777 0.0797 -0.1868 -0.0862 0.9754
1305031454.2916 -0.1886 0.1249 -0.1770 0.0801 -0.1937 -0.0960 0.9731
1305031454.3277 -0.2037 0.1265 -0.1770 0.0807 -0.2017 -0.1058 0.9704
1305031454.3596 -0.2148 0.1309 -0.1868 0.0860 -0.2099 -0.1187 0.9667
1305031454.3917 -0.2264 0.1371 -0.1887 0.0878 -0.2173 -0.1269 0.9638
1305031454.4275 -0.2397 0.1404 -0.1948 0.0886 -0.2261 -0.1368 0.9604
1305031454.4599 -0.2539 0.1447 -0.1962 0.0911 -0.2338 -0.1486 0.9565
1305031454.4916 -0.2602 0.1502 -0.1926 0.0940 -0.2385 -0.1621 0.9529
1305031454.5277 -0.2698 0.1580 -0.1905 0.0955 -0.2438 -0.1764 0.9489
1305031454.5596 -0.2792 0.1641 -0.1847 0.0943 -0.2502 -0.1865 0.9454
1305031454.5916 -0.2969 0.1718 -0.1872 0.0936 -0.2559 -0.1996 0.9412
1305031454.6276 -0.3078 0.1736 -0.1888 0.0905 -0.2663 -0.2086 0.9367
1305031454.6595 -0.3204 0.1893 -0.1827 0.0903 -0.2757 -0.2130 0.9330
1305031454.6919 -0.3321 0.1967 -0.1811 0.0860 -0.2867 -0.2169 0.9292
1305031454.7277 -0.3388 0.2055 -0.1843 0.0851 -0.2972 -0.2216 0.9248
1305031454.7597 -0.3422 0.2122 -0.1763 0.0829 -0.3029 -0.2185 0.9239
1305031454.7916 -0.3439 0.2167 -0.1695 0.0791 -0.3058 -0.2125 0.9247
1305031454.8276 -0.3403 0.2222 -0.1676 0.0755 -0.3077 -0.2067 0.9257
1305031454.8596 -0.3398 0.2208 -0.1624 0.0683 -0.3074 -0.2026 0.9272
1305031454.8918 -0.3392 0.2206 -0.1629 0.0627 -0.3043 -0.1973 0.9298
1305031454.9276 -0.3378 0.2294 -0.1591 0.0596 -0.3021 -0.1902 0.9322
1305031454.9596 -0.3387 0.2338 -0.1593 0.0569 -0.2996 -0.1862 0.9340
1305031454.9919 -0.3413 0.2358 -0.1619 0.0536 -0.2976 -0.1826 0.9355
1305031455.0278 -0.3432 0.2416 -0.1652 0.0538 -0.2964 -0.1808 0.9363
1305031455.0596 -0.3454 0.2454 -0.1656 0.0528 -0.2950 -0.1791 0.9371
1305031455.0917 -0.3488 0.2482 -0.1707 0.0534 -0.2921 -0.1792 0.9379
1305031455.1277 -0.3531 0.2571 -0.1750 0.0557 -0.2883 -0.1786 0.9391
1305031455.1597 -0.3619 0.2637 -0.1820 0.0556 -0.2832 -0.1763 0.9411
1305031455.1917 -0.3669 0.2659 -0.1796 0.0521 -0.2830 -0.1716 0.9422
1305031455.2276 -0.3713 0.2674 -0.1823 0.0507 -0.2815 -0.1684 0.9433
1305031455.2596 -0.3760 0.2767 -0.1850 0.0498 -0.2787 -0.1633 0.9451
1305031455.2918 -0.3821 0.2690 -0.1854 0.0364 -0.2773 -0.1539 0.9477
1305031455.3278 -0.3920 0.2767 -0.1928 0.0321 -0.2743 -0.1449 0.9501
1305031455.3596 -0.3976 0.2861 -0.1861 0.0250 -0.2754 -0.1347 0.9515
1305031455.3917 -0.4042 0.2838 -0.1828 0.0118 -0.2727 -0.1255 0.9538
1305031455.4276 -0.4164 0.2867 -0.1898 0.0059 -0.2666 -0.1178 0.9566
1305031455.4596 -0.4318 0.2896 -0.1996 0.0036 -0.2610 -0.1128 0.9587
1305031455.4916 -0.4430 0.2905 -0.2079 -0.0012 -0.2575 -0.1046 0.9606
1305031455.5276 -0.4606 0.2903 -0.2205 -0.0048 -0.2520 -0.0962 0.9629
1305031455.5597 -0.4816 0.2968 -0.2349 -0.0048 -0.2498 -0.0855 0.9645
1305031455.5916 -0.4967 0.2978 -0.2502 -0.0080 -0.2496 -0.0752 0.9654
1305031455.6276 -0.5157 0.2954 -0.2622 -0.0121 -0.2454 -0.0673 0.9670
1305031455.6596 -0.5268 0.2945 -0.2720 -0.0104 -0.2437 -0.0620 0.9678
1305031455.6916 -0.5419 0.2964 -0.2878 -0.0072 -0.2395 -0.0630 0.9688
1305031455.7276 -0.5502 0.2951 -0.2935 -0.0060 -0.2378 -0.0656 0.9691
1305031455.7597 -0.5566 0.2938 -0.2995 -0.0053 -0.2351 -0.0672 0.9696
1305031455.7917 -0.5617 0.2878 -0.3058 -0.0053 -0.2333 -0.0663 0.9701
1305031455.8276 -0.5699 0.2862 -0.3185 -0.0039 -0.2309 -0.0655 0.9708
1305031455.8595 -0.5777 0.2840 -0.3281 -0.0037 -0.2292 -0.0661 0.9711
1305031455.8917 -0.5823 0.2816 -0.3372 -0.0035 -0.2276 -0.0670 0.9714
1305031455.9280 -0.5882 0.2781 -0.3451 -0.0044 -0.2254 -0.0673 0.9719
1305031455.9597 -0.5930 0.2772 -0.3528 -0.0035 -0.2232 -0.0691 0.9723
1305031455.9917 -0.5967 0.2775 -0.3565 -0.0039 -0.2212 -0.0700 0.9727
1305031456.0278 -0.6013 0.2794 -0.3628 -0.0070 -0.2174 -0.0733 0.9733
1305031456.0597 -0.6126 0.2677 -0.3682 -0.0160 -0.2127 -0.0807 0.9737
1305031456.0917 -0.6204 0.2619 -0.3725 -0.0194 -0.2094 -0.0841 0.9740
1305031456.1276 -0.6239 0.2592 -0.3759 -0.0199 -0.2075 -0.0844 0.9744
1305031456.1597 -0.6263 0.2555 -0.3746 -0.0203 -0.2055 -0.0843 0.9748
1305031456.1917 -0.6320 0.2412 -0.3846 -0.0191 -0.1989 -0.0826 0.9764
1305031456.2277 -0.6379 0.2460 -0.3904 -0.0157 -0.1911 -0.0800 0.9782
1305031456.2917 -0.6490 0.2289 -0.3849 -0.0184 -0.1732 -0.0730 0.9820
1305031456.3277 -0.6550 0.2230 -0.3866 -0.0163 -0.1645 -0.0654 0.9841
1305031456.3916 -0.6631 0.2075 -0.3798 -0.0173 -0.1460 -0.0547 0.9876
1305031456.4277 -0.6664 0.2007 -0.3754 -0.0152 -0.1406 -0.0442 0.9890
1305031456.4917 -0.7051 0.2199 -0.3700 -0.0155 -0.1317 -0.0315 0.9907
1305031456.5276 -0.7286 0.2278 -0.3640 -0.0166 -0.1287 -0.0266 0.9912
1305031456.5917 -0.7508 0.2418 -0.3518 -0.0134 -0.1242 -0.0182 0.9920
1305031456.6276 -0.7559 0.2512 -0.3430 -0.0258 -0.1224 -0.0130 0.9921
1305031456.6916 -0.7932 0.2347 -0.3233 -0.0398 -0.1117 -0.0009 0.9929
1305031456.8276 -0.8567 0.2498 -0.2948 -0.0472 -0.1215 0.0290 0.9910
1305031457.0917 -0.9493 0.2650 -0.2566 -0.0759 -0.0902 0.0666 0.9908
1305031457.2917 -1.0081 0.2470 -0.2884 -0.0761 -0.0519 0.1022 0.9905
1305031457.3917 -1.0485 0.2404 -0.3213 -0.0689 -0.0164 0.1214 0.9901
1305031457.4917 -1.0882 0.2291 -0.3518 -0.0648 -0.0019 0.1376 0.9884
1305031457.5597 -1.1080 0.2243 -0.3776 -0.0556 0.0072 0.1469 0.9876
1305031457.6596 -1.1490 0.2197 -0.4091 -0.0462 0.0181 0.1598 0.9859
1305031457.7277 -1.1741 0.1859 -0.4223 -0.0577 0.0219 0.1596 0.9853
1305031457.7916 -1.1799 0.1645 -0.4337 -0.0480 0.0256 0.1593 0.9857
1305031457.8277 -1.1883 0.1739 -0.4484 -0.0338 0.0315 0.1612 0.9858
1305031457.8916 -1.2109 0.1525 -0.4586 -0.0236 0.0475 0.1621 0.9853
1305031457.9276 -1.2245 0.1479 -0.4671 -0.0101 0.0531 0.1659 0.9847
1305031457.9916 -1.2564 0.1334 -0.4677 0.0032 0.0589 0.1711 0.9835
1305031458.0278 -1.2593 0.1261 -0.4717 0.0126 0.0615 0.1750 0.9826
1305031458.0597 -1.2736 0.1356 -0.4779 0.0238 0.0663 0.1771 0.9817
1305031458.1276 -1.2889 0.1241 -0.4754 0.0210 0.0710 0.1786 0.9811
1305031458.1596 -1.2961 0.1191 -0.4733 0.0217 0.0724 0.1799 0.9808
1305031458.1916 -1.3136 0.1171 -0.4618 0.0226 0.0736 0.1841 0.9799
1305031458.2276 -1.3267 0.0966 -0.4409 0.0117 0.0725 0.1838 0.9802
1305031458.2599 -1.3507 0.0775 -0.4294 0.0096 0.0735 0.1801 0.9809
1305031458.2917 -1.3736 0.0609 -0.4219 0.0148 0.0725 0.1821 0.9805
1305031458.3276 -1.3910 0.0618 -0.4036 0.0192 0.0674 0.1829 0.9806
1305031458.3596 -1.4011 0.0394 -0.3829 0.0229 0.0645 0.1858 0.9802
1305031458.3916 -1.4234 0.0478 -0.3647 0.0389 0.0654 0.1904 0.9787
1305031458.4276 -1.4304 0.0548 -0.3457 0.0490 0.0647 0.2004 0.9764
1305031458.4596 -1.4244 0.0466 -0.3409 0.0590 0.0659 0.2069 0.9744
1305031458.4917 -1.4136 0.0310 -0.3352 0.0720 0.0703 0.2078 0.9730
1305031458.5277 -1.4295 0.0382 -0.3389 0.0896 0.0800 0.2065 0.9710
1305031458.5596 -1.4423 0.0386 -0.3320 0.0940 0.0879 0.2039 0.9705
1305031458.5916 -1.4656 0.0404 -0.3241 0.1033 0.0971 0.1951 0.9705
1305031458.6277 -1.4755 0.0538 -0.3052 0.1087 0.0981 0.1931 0.9702
1305031458.6596 -1.4934 0.0461 -0.2880 0.1018 0.0964 0.1933 0.9711
1305031458.6917 -1.5070 0.0403 -0.2630 0.0971 0.0852 0.1834 0.9745
1305031458.7276 -1.5051 0.0413 -0.2422 0.0995 0.0704 0.1782 0.9764
1305031458.7599 -1.5140 0.0387 -0.2315 0.1042 0.0572 0.1701 0.9782
1305031458.7916 -1.5141 0.0421 -0.2136 0.1057 0.0421 0.1622 0.9802
1305031458.8276 -1.5084 0.0351 -0.1869 0.0997 0.0322 0.1609 0.9814
1305031458.8917 -1.5155 0.0272 -0.1663 0.1057 0.0320 0.1486 0.9827
1305031458.9276 -1.5232 0.0313 -0.1631 0.1061 0.0368 0.1507 0.9822
1305031458.9596 -1.5209 0.0205 -0.1554 0.0955 0.0378 0.1612 0.9816
1305031458.9916 -1.5264 0.0047 -0.1556 0.0936 0.0407 0.1646 0.9811
1305031459.0277 -1.5581 0.0076 -0.1466 0.1076 0.0457 0.1602 0.9801
1305031459.0596 -1.5714 -0.0021 -0.1407 0.1139 0.0372 0.1703 0.9781
1305031459.1276 -1.5966 0.0319 -0.0852 0.1152 0.0491 0.1541 0.9801
1305031459.1596 -1.6051 0.0362 -0.0777 0.1256 0.0215 0.1536 0.9799
1305031459.1917 -1.6180 0.0373 -0.0677 0.1321 0.0041 0.1561 0.9789
1305031459.2276 -1.6245 0.0389 -0.0572 0.1355 -0.0093 0.1629 0.9773
1305031459.2598 -1.6274 0.0404 -0.0446 0.1352 -0.0119 0.1699 0.9761
1305031459.3276 -1.6327 0.0459 -0.0056 0.1307 0.0147 0.1981 0.9713
1305031459.3597 -1.6387 0.0517 0.0038 0.1326 0.0355 0.2139 0.9672
1305031459.3917 -1.6485 0.0675 0.0122 0.1290 0.0600 0.2386 0.9606
1305031459.4276 -1.6383 0.0726 0.0222 0.1133 0.0861 0.2726 0.9516
1305031459.4597 -1.6500 0.0739 0.0233 0.1083 0.1204 0.3111 0.9365
1305031459.5276 -1.6527 0.0926 0.0465 0.1108 0.1241 0.3094 0.9363
1305031459.5596 -1.6707 0.0827 0.0447 0.1008 0.1408 0.3324 0.9271
1305031459.5917 -1.6804 0.0838 0.0481 0.0972 0.1443 0.3531 0.9193
1305031459.6276 -1.6827 0.0833 0.0508 0.0928 0.1424 0.3646 0.9155
1305031459.6596 -1.6894 0.0864 0.0562 0.0943 0.1468 0.3647 0.9146
1305031459.6916 -1.7043 0.0814 0.0558 0.0900 0.1573 0.3704 0.9110
1305031459.7276 -1.7110 0.0662 0.0543 0.0821 0.1630 0.3733 0.9096
1305031459.7917 -1.7429 0.0349 0.0482 0.0790 0.1721 0.3707 0.9092
1305031459.8277 -1.7586 0.0175 0.0506 0.0763 0.1746 0.3708 0.9089
1305031459.8597 -1.7798 0.0009 0.0507 0.0724 0.1760 0.3705 0.9091
1305031459.8916 -1.7865 -0.0208 0.0538 0.0653 0.1719 0.3760 0.9082
1305031459.9276 -1.7982 -0.0374 0.0582 0.0634 0.1711 0.3779 0.9077
1305031459.9917 -1.8174 -0.0689 0.0685 0.0566 0.1689 0.3873 0.9046
1305031460.0276 -1.8266 -0.0799 0.0758 0.0563 0.1706 0.3889 0.9036
1305031460.0597 -1.8384 -0.1012 0.0773 0.0535 0.1726 0.3926 0.9018
1305031460.0917 -1.8527 -0.1245 0.0778 0.0521 0.1702 0.3987 0.8996
1305031460.1277 -1.8583 -0.1307 0.0844 0.0584 0.1604 0.4031 0.8991
1305031460.1597 -1.8690 -0.1421 0.0890 0.0631 0.1535 0.4077 0.8979
1305031460.1916 -1.8696 -0.1508 0.1013 0.0627 0.1470 0.4134 0.8964
1305031460.2278 -1.8698 -0.1487 0.1096 0.0658 0.1468 0.4132 0.8963
1305031460.2917 -1.8742 -0.1632 0.1174 0.0706 0.1613 0.4135 0.8933
1305031460.3275 -1.8790 -0.1658 0.1198 0.0740 0.1679 0.4145 0.8914
1305031460.3916 -1.8850 -0.1707 0.1330 0.0732 0.1864 0.4185 0.8859
1305031460.4275 -1.8867 -0.1750 0.1368 0.0731 0.1943 0.4229 0.8821
1305031460.4596 -1.8840 -0.1702 0.1402 0.0725 0.2034 0.4246 0.8793
1305031460.4915 -1.8896 -0.1760 0.1441 0.0666 0.2183 0.4291 0.8739
1305031460.5276 -1.8908 -0.1919 0.1444 0.0566 0.2300 0.4371 0.8677
1305031460.5596 -1.8904 -0.1972 0.1487 0.0522 0.2376 0.4396 0.8646
1305031460.5919 -1.8943 -0.2003 0.1529 0.0508 0.2445 0.4392 0.8630
1305031460.6276 -1.8977 -0.2029 0.1586 0.0509 0.2510 0.4403 0.8605
1305031460.6598 -1.9034 -0.2074 0.1635 0.0507 0.2570 0.4389 0.8595
1305031460.6917 -1.9063 -0.2142 0.1649 0.0483 0.2593 0.4399 0.8584
1305031460.7277 -1.9069 -0.2170 0.1676 0.0467 0.2599 0.4401 0.8582
1305031460.7597 -1.9085 -0.2224 0.1710 0.0452 0.2631 0.4383 0.8583
1305031460.7917 -1.9123 -0.2314 0.1727 0.0427 0.2660 0.4381 0.8576
1305031460.8277 -1.9146 -0.2388 0.1794 0.0395 0.2681 0.4369 0.8577
1305031460.8597 -1.9145 -0.2412 0.1822 0.0373 0.2695 0.4356 0.8581
1305031460.8918 -1.9145 -0.2475 0.1846 0.0336 0.2715 0.4343 0.8582
1305031460.9276 -1.9162 -0.2562 0.1901 0.0302 0.2734 0.4344 0.8577
1305031460.9917 -1.9078 -0.2763 0.2009 0.0270 0.2760 0.4385 0.8549
1305031461.0276 -1.9100 -0.2825 0.2082 0.0287 0.2788 0.4381 0.8541
1305031461.0917 -1.9187 -0.2935 0.2255 0.0334 0.2796 0.4358 0.8549
1305031461.1276 -1.9147 -0.2981 0.2336 0.0327 0.2802 0.4347 0.8553
1305031461.1597 -1.9131 -0.3093 0.2415 0.0331 0.2831 0.4332 0.8551
1305031461.1920 -1.9138 -0.3131 0.2445 0.0347 0.2843 0.4296 0.8564
1305031461.2276 -1.9147 -0.3165 0.2504 0.0356 0.2861 0.4282 0.8565
1305031461.2596 -1.9147 -0.3190 0.2571 0.0380 0.2873 0.4254 0.8574
1305031461.2917 -1.9116 -0.3247 0.2614 0.0381 0.2887 0.4198 0.8596
1305031461.3278 -1.9117 -0.3213 0.2667 0.0415 0.2906 0.4158 0.8608
1305031461.3597 -1.9136 -0.3200 0.2716 0.0404 0.2938 0.4134 0.8609
1305031461.3917 -1.9082 -0.3277 0.2773 0.0346 0.2941 0.4135 0.8610
1305031461.4276 -1.9036 -0.3263 0.2793 0.0354 0.2934 0.4127 0.8616
1305031461.4598 -1.9049 -0.3286 0.2823 0.0329 0.2946 0.4127 0.8613
1305031461.4917 -1.8957 -0.3308 0.2826 0.0311 0.2930 0.4140 0.8613
1305031461.5277 -1.8990 -0.3246 0.2846 0.0382 0.2953 0.4105 0.8619
1305031461.5597 -1.8929 -0.3174 0.2833 0.0392 0.2947 0.4078 0.8633
1305031461.5917 -1.8867 -0.3079 0.2711 0.0396 0.2983 0.4036 0.8641
1305031461.6275 -1.8843 -0.3001 0.2725 0.0392 0.3035 0.4029 0.8626
1305031461.6596 -1.8819 -0.2928 0.2715 0.0388 0.3073 0.4015 0.8619
1305031461.6916 -1.8844 -0.2917 0.2778 0.0370 0.3133 0.4055 0.8579
1305031461.7276 -1.8776 -0.2842 0.2803 0.0365 0.3131 0.4087 0.8565
1305031461.7597 -1.8762 -0.2768 0.2781 0.0363 0.3152 0.4095 0.8554
1305031461.7916 -1.8716 -0.2730 0.2747 0.0313 0.3182 0.4142 0.8522
1305031461.8276 -1.8680 -0.2647 0.2698 0.0292 0.3232 0.4176 0.8487
1305031461.8598 -1.8698 -0.2518 0.2716 0.0297 0.3289 0.4222 0.8442
1305031461.8917 -1.8694 -0.2385 0.2790 0.0256 0.3324 0.4360 0.8359
1305031461.9278 -1.8615 -0.2301 0.2862 0.0188 0.3305 0.4475 0.8307
1305031461.9597 -1.8530 -0.2147 0.2772 0.0140 0.3322 0.4495 0.8291
1305031461.9916 -1.8622 -0.1991 0.2824 0.0069 0.3413 0.4557 0.8221
1305031462.0277 -1.8656 -0.2030 0.2948 -0.0071 0.3458 0.4661 0.8143
1305031462.0598 -1.8622 -0.1945 0.2954 -0.0125 0.3380 0.4787 0.8102
1305031462.0918 -1.8582 -0.1811 0.2918 -0.0135 0.3280 0.4919 0.8064
1305031462.1277 -1.8501 -0.1719 0.2894 -0.0183 0.3201 0.5040 0.8020
1305031462.1596 -1.8470 -0.1586 0.2861 -0.0203 0.3129 0.5112 0.8002
1305031462.1916 -1.8496 -0.1467 0.2906 -0.0204 0.3127 0.5096 0.8013
1305031462.2276 -1.8537 -0.1313 0.2871 -0.0233 0.3084 0.5085 0.8036
1305031462.2598 -1.8542 -0.1397 0.2907 -0.0376 0.3096 0.5054 0.8045
1305031462.2916 -1.8578 -0.1351 0.2964 -0.0460 0.3083 0.4997 0.8081
1305031462.3917 -1.8982 -0.0829 0.3290 -0.0471 0.3105 0.4796 0.8194
1305031462.4920 -1.9494 -0.0772 0.4020 -0.0692 0.3267 0.4623 0.8214
1305031462.7277 -1.9831 -0.0718 0.4007 -0.1014 0.3048 0.3996 0.8586
1305031462.8918 -1.9843 -0.0703 0.3814 -0.1323 0.2877 0.3651 0.8754
1305031463.0277 -1.9724 -0.0488 0.3435 -0.1256 0.2744 0.3487 0.8873
1305031463.0598 -1.9749 -0.0526 0.3283 -0.1254 0.2721 0.3406 0.8912
1305031463.1598 -1.9699 -0.0177 0.2922 -0.1091 0.2636 0.3105 0.9068
1305031463.2600 -1.9549 0.0064 0.2622 -0.1029 0.2610 0.2938 0.9138
1305031463.3598 -1.9386 0.0296 0.2302 -0.0921 0.2524 0.2820 0.9210
1305031463.4598 -1.9134 0.0621 0.2020 -0.0827 0.2476 0.2731 0.9259
1305031463.5277 -1.8938 0.0825 0.1847 -0.0807 0.2559 0.2669 0.9256
1305031463.6276 -1.8672 0.1014 0.1499 -0.0737 0.2580 0.2569 0.9284
1305031463.6598 -1.8588 0.1116 0.1302 -0.0613 0.2591 0.2504 0.9308
1305031463.7276 -1.8431 0.1111 0.0999 -0.0610 0.2632 0.2390 0.9327
1305031463.7597 -1.8287 0.1059 0.0805 -0.0569 0.2657 0.2292 0.9347
1305031463.7956 -1.8155 0.0967 0.0534 -0.0570 0.2647 0.2182 0.9376
1305031463.8599 -1.7864 0.0882 0.0189 -0.0552 0.2654 0.1979 0.9420
1305031463.8956 -1.7763 0.0876 -0.0084 -0.0500 0.2633 0.1863 0.9452
1305031463.9597 -1.7507 0.0694 -0.0425 -0.0513 0.2553 0.1742 0.9497
1305031463.9958 -1.7499 0.0674 -0.0583 -0.0442 0.2548 0.1651 0.9518
1305031464.0597 -1.7275 0.0501 -0.0913 -0.0453 0.2493 0.1467 0.9562
1305031464.0956 -1.7235 0.0335 -0.1128 -0.0443 0.2503 0.1353 0.9577
1305031464.1277 -1.7297 0.0305 -0.1213 -0.0413 0.2528 0.1283 0.9581
1305031464.1598 -1.7270 0.0184 -0.1289 -0.0376 0.2511 0.1250 0.9591
1305031464.1956 -1.7213 0.0095 -0.1416 -0.0278 0.2446 0.1205 0.9617
1305031464.2276 -1.7237 0.0249 -0.1548 -0.0113 0.2350 0.1095 0.9657
1305031464.2596 -1.7300 0.0213 -0.1607 -0.0076 0.2227 0.1087 0.9688
1305031464.2957 -1.7292 0.0239 -0.1614 -0.0046 0.2085 0.1033 0.9725
1305031464.3279 -1.7059 0.0270 -0.1745 -0.0027 0.1903 0.0984 0.9768
1305031464.3597 -1.7004 0.0219 -0.1860 -0.0005 0.1829 0.0929 0.9787
1305031464.3956 -1.6930 0.0236 -0.1947 0.0042 0.1790 0.0807 0.9805
1305031464.4276 -1.6884 0.0249 -0.2123 0.0058 0.1786 0.0726 0.9812
1305031464.4597 -1.6904 0.0176 -0.2246 0.0063 0.1790 0.0647 0.9817
1305031464.4956 -1.6836 0.0148 -0.2362 0.0072 0.1773 0.0582 0.9824
1305031464.5276 -1.6846 0.0117 -0.2577 0.0076 0.1786 0.0510 0.9826
1305031464.5597 -1.6686 0.0064 -0.2707 0.0049 0.1749 0.0438 0.9836
1305031464.5957 -1.6495 -0.0079 -0.2973 0.0062 0.1755 0.0285 0.9841
1305031464.6277 -1.6362 -0.0185 -0.3187 0.0172 0.1849 0.0227 0.9823
1305031464.6597 -1.6248 -0.0322 -0.3351 0.0260 0.1952 0.0125 0.9803
1305031464.6957 -1.6095 -0.0469 -0.3617 0.0379 0.2015 -0.0016 0.9788
1305031464.7277 -1.6063 -0.0465 -0.3666 0.0567 0.2055 -0.0198 0.9768
1305031464.7597 -1.6095 -0.0459 -0.3734 0.0684 0.2059 -0.0375 0.9754
1305031464.7960 -1.6110 -0.0524 -0.3853 0.0732 0.2008 -0.0570 0.9752
1305031464.8278 -1.6115 -0.0445 -0.3795 0.0858 0.1884 -0.0720 0.9757
1305031464.8597 -1.6068 -0.0247 -0.3704 0.0945 0.1727 -0.0903 0.9763
1305031464.8958 -1.5967 -0.0319 -0.3638 0.0895 0.1574 -0.1073 0.9776
1305031464.9278 -1.5743 -0.0568 -0.3715 0.0818 0.1428 -0.1261 0.9783
1305031464.9598 -1.5646 -0.0714 -0.3710 0.0820 0.1373 -0.1437 0.9766
1305031464.9957 -1.5592 -0.0645 -0.3613 0.0888 0.1371 -0.1628 0.9730
1305031465.0278 -1.5583 -0.0595 -0.3500 0.0926 0.1388 -0.1819 0.9691
1305031465.0597 -1.5531 -0.0424 -0.3260 0.1000 0.1349 -0.2016 0.9650
1305031465.0957 -1.5204 -0.0076 -0.3203 0.0996 0.1197 -0.2163 0.9638
1305031465.1277 -1.5039 -0.0013 -0.2912 0.0815 0.1099 -0.2297 0.9636
1305031465.1598 -1.4869 -0.0024 -0.2666 0.0636 0.0997 -0.2374 0.9642
1305031465.1956 -1.4654 -0.0140 -0.2458 0.0467 0.0889 -0.2452 0.9643
1305031465.2279 -1.4483 -0.0115 -0.2241 0.0332 0.0830 -0.2506 0.9640
1305031465.2598 -1.4313 -0.0194 -0.1989 0.0177 0.0751 -0.2517 0.9647
1305031465.3277 -1.4031 0.0040 -0.1687 0.0072 0.0587 -0.2316 0.9710
1305031465.3956 -1.3610 0.0061 -0.1420 0.0017 0.0249 -0.2095 0.9775
1305031465.4277 -1.3378 0.0004 -0.1454 0.0009 0.0123 -0.2007 0.9796
1305031465.4601 -1.3226 0.0099 -0.1441 0.0038 0.0047 -0.1916 0.9815
1305031465.4957 -1.3018 0.0160 -0.1471 0.0010 -0.0036 -0.1815 0.9834
1305031465.5276 -1.2874 0.0125 -0.1464 -0.0014 -0.0105 -0.1788 0.9838
1305031465.5598 -1.2675 0.0155 -0.1504 0.0029 -0.0184 -0.1747 0.9844
1305031465.5956 -1.2505 0.0172 -0.1552 0.0051 -0.0226 -0.1695 0.9853
1305031465.6277 -1.2369 0.0257 -0.1552 0.0090 -0.0260 -0.1628 0.9863
1305031465.6601 -1.2262 0.0289 -0.1565 0.0106 -0.0317 -0.1577 0.9869
1305031465.6957 -1.2043 0.0323 -0.1596 0.0139 -0.0392 -0.1532 0.9873
1305031465.7277 -1.1883 0.0398 -0.1643 0.0191 -0.0422 -0.1470 0.9881
1305031465.7598 -1.1734 0.0499 -0.1667 0.0246 -0.0460 -0.1415 0.9886
1305031465.7959 -1.1566 0.0535 -0.1683 0.0268 -0.0488 -0.1383 0.9888
1305031465.8280 -1.1378 0.0593 -0.1724 0.0332 -0.0528 -0.1344 0.9890
1305031465.8599 -1.1129 0.0702 -0.1902 0.0424 -0.0555 -0.1314 0.9889
1305031465.8955 -1.0850 0.0786 -0.1967 0.0459 -0.0519 -0.1300 0.9891
1305031465.9275 -1.0581 0.0792 -0.1936 0.0499 -0.0475 -0.1287 0.9893
1305031465.9597 -1.0316 0.0891 -0.2017 0.0598 -0.0427 -0.1295 0.9889
1305031465.9958 -1.0116 0.0945 -0.2108 0.0649 -0.0375 -0.1311 0.9885
1305031466.0276 -0.9904 0.1010 -0.2190 0.0679 -0.0377 -0.1319 0.9882
1305031466.0598 -0.9631 0.1239 -0.2229 0.0698 -0.0382 -0.1303 0.9883
1305031466.0958 -0.9514 0.1432 -0.2308 0.0672 -0.0377 -0.1312 0.9884
1305031466.1276 -0.9366 0.1626 -0.2340 0.0635 -0.0403 -0.1308 0.9885
1305031466.1604 -0.9249 0.1838 -0.2366 0.0612 -0.0430 -0.1291 0.9888
1305031466.1958 -0.9109 0.1991 -0.2423 0.0540 -0.0484 -0.1264 0.9893
1305031466.2280 -0.8948 0.1981 -0.2462 0.0384 -0.0556 -0.1304 0.9892
1305031466.2598 -0.8800 0.1933 -0.2546 0.0355 -0.0579 -0.1368 0.9883
1305031466.2957 -0.8551 0.1978 -0.2614 0.0392 -0.0569 -0.1468 0.9867
1305031466.3277 -0.8355 0.2018 -0.2781 0.0403 -0.0491 -0.1550 0.9859
1305031466.3598 -0.8249 0.2091 -0.2937 0.0386 -0.0379 -0.1630 0.9851
1305031466.3958 -0.8167 0.1980 -0.3076 0.0358 -0.0355 -0.1647 0.9850
1305031466.4278 -0.8057 0.2008 -0.3206 0.0397 -0.0379 -0.1682 0.9842
1305031466.4598 -0.7943 0.2069 -0.3335 0.0400 -0.0408 -0.1708 0.9836
1305031466.4958 -0.7796 0.2136 -0.3367 0.0383 -0.0431 -0.1722 0.9834
1305031466.5275 -0.7573 0.2037 -0.3488 0.0352 -0.0431 -0.1728 0.9834
1305031466.5604 -0.7416 0.2128 -0.3662 0.0372 -0.0369 -0.1734 0.9835
1305031466.5959 -0.7168 0.2133 -0.3737 0.0272 -0.0375 -0.1775 0.9830
1305031466.6275 -0.7004 0.1918 -0.3828 0.0189 -0.0341 -0.1809 0.9827
1305031466.6597 -0.6777 0.1832 -0.3936 0.0212 -0.0336 -0.1843 0.9821
1305031466.6958 -0.6610 0.1916 -0.4025 0.0235 -0.0338 -0.1898 0.9810
1305031466.7281 -0.6479 0.1924 -0.4048 0.0179 -0.0335 -0.2034 0.9784
1305031466.7596 -0.6260 0.1764 -0.4090 0.0165 -0.0359 -0.2081 0.9773
1305031466.7956 -0.6155 0.1760 -0.4205 0.0196 -0.0370 -0.2120 0.9764
1305031466.8279 -0.6010 0.1828 -0.4244 0.0193 -0.0401 -0.2130 0.9760
1305031466.8597 -0.5962 0.1792 -0.4241 0.0173 -0.0427 -0.2128 0.9760
1305031466.8957 -0.5847 0.1758 -0.4271 0.0170 -0.0529 -0.2123 0.9756
1305031466.9278 -0.5693 0.1718 -0.4305 0.0146 -0.0672 -0.2144 0.9743
1305031466.9597 -0.5596 0.1640 -0.4332 0.0125 -0.0736 -0.2176 0.9732
1305031466.9957 -0.5502 0.1591 -0.4388 0.0118 -0.0764 -0.2193 0.9726
1305031467.0278 -0.5403 0.1564 -0.4422 0.0119 -0.0789 -0.2218 0.9718
1305031467.0597 -0.5257 0.1541 -0.4474 0.0122 -0.0820 -0.2224 0.9714
1305031467.0957 -0.5136 0.1593 -0.4464 0.0127 -0.0829 -0.2254 0.9706
1305031467.1290 -0.5065 0.1565 -0.4438 0.0120 -0.0846 -0.2316 0.9691
1305031467.1597 -0.4989 0.1530 -0.4473 0.0121 -0.0864 -0.2358 0.9679
1305031467.1957 -0.4927 0.1517 -0.4517 0.0122 -0.0888 -0.2397 0.9667
1305031467.2277 -0.4830 0.1504 -0.4524 0.0123 -0.0938 -0.2430 0.9654
1305031467.2597 -0.4765 0.1517 -0.4512 0.0137 -0.0969 -0.2457 0.9644
1305031467.2958 -0.4700 0.1514 -0.4528 0.0144 -0.0999 -0.2501 0.9630
1305031467.3280 -0.4604 0.1501 -0.4592 0.0147 -0.1034 -0.2534 0.9617
1305031467.3597 -0.4487 0.1584 -0.4645 0.0150 -0.1078 -0.2554 0.9607
1305031467.3958 -0.4374 0.1599 -0.4641 0.0113 -0.1125 -0.2588 0.9593
1305031467.4278 -0.4305 0.1594 -0.4659 0.0108 -0.1155 -0.2613 0.9583
1305031467.4597 -0.4206 0.1558 -0.4707 0.0097 -0.1199 -0.2619 0.9576
1305031467.4961 -0.4030 0.1743 -0.4765 0.0115 -0.1252 -0.2663 0.9556
1305031467.5277 -0.3915 0.1666 -0.4808 0.0074 -0.1273 -0.2712 0.9540
1305031467.5598 -0.3835 0.1641 -0.4784 0.0075 -0.1284 -0.2721 0.9536
1305031467.5960 -0.3769 0.1611 -0.4831 0.0070 -0.1292 -0.2706 0.9540
1305031467.6275 -0.3697 0.1605 -0.4758 0.0083 -0.1326 -0.2689 0.9540
1305031467.6596 -0.3655 0.1550 -0.4759 0.0113 -0.1360 -0.2678 0.9538
1305031467.6959 -0.3645 0.1488 -0.4804 0.0117 -0.1365 -0.2700 0.9531
1305031467.7275 -0.3580 0.1441 -0.4724 0.0150 -0.1383 -0.2755 0.9512
1305031467.7599 -0.3560 0.1453 -0.4716 0.0210 -0.1391 -0.2787 0.9500
1305031467.7961 -0.3553 0.1453 -0.4722 0.0238 -0.1393 -0.2804 0.9494
1305031467.8278 -0.3574 0.1399 -0.4626 0.0268 -0.1396 -0.2802 0.9494
1305031467.8597 -0.3493 0.1447 -0.4608 0.0375 -0.1437 -0.2765 0.9495
1305031467.8959 -0.3510 0.1374 -0.4622 0.0396 -0.1464 -0.2777 0.9486
1305031467.9278 -0.3479 0.1254 -0.4453 0.0399 -0.1524 -0.2803 0.9469
1305031467.9598 -0.3463 0.1165 -0.4388 0.0453 -0.1564 -0.2818 0.9455
1305031467.9958 -0.3384 0.1141 -0.4329 0.0473 -0.1584 -0.2832 0.9447
1305031468.0281 -0.3349 0.1075 -0.4181 0.0468 -0.1591 -0.2850 0.9441
1305031468.0598 -0.3387 0.0891 -0.4063 0.0481 -0.1604 -0.2883 0.9428
1305031468.0959 -0.3367 0.0860 -0.4017 0.0496 -0.1621 -0.2896 0.9420
1305031468.1278 -0.3339 0.0802 -0.3888 0.0492 -0.1635 -0.2900 0.9417
1305031468.1599 -0.3313 0.0721 -0.3779 0.0499 -0.1652 -0.2910 0.9410
1305031468.1960 -0.3226 0.0630 -0.3619 0.0501 -0.1670 -0.2940 0.9398
1305031468.2282 -0.3173 0.0539 -0.3447 0.0499 -0.1668 -0.2941 0.9398
1305031468.2598 -0.3052 0.0383 -0.3264 0.0493 -0.1689 -0.2929 0.9398
1305031468.2958 -0.2984 0.0241 -0.3114 0.0495 -0.1677 -0.2944 0.9396
1305031468.3278 -0.2882 -0.0071 -0.2908 0.0469 -0.1706 -0.2920 0.9399
1305031468.3598 -0.2757 -0.0239 -0.2763 0.0499 -0.1723 -0.2879 0.9407
1305031468.4598 -0.2722 -0.0749 -0.2430 0.0421 -0.1728 -0.2822 0.9427
1305031468.5278 -0.2764 -0.1006 -0.2155 0.0419 -0.1704 -0.2866 0.9418
1305031468.5597 -0.2896 -0.1152 -0.2216 0.0474 -0.1684 -0.2980 0.9384
1305031468.6596 -0.3105 -0.1526 -0.2174 0.0433 -0.1710 -0.3052 0.9358
1305031468.6958 -0.3291 -0.1698 -0.2126 0.0455 -0.1738 -0.3111 0.9332
1305031468.7278 -0.3350 -0.1743 -0.2060 0.0516 -0.1793 -0.3105 0.9321
1305031468.7958 -0.3522 -0.2016 -0.2001 0.0557 -0.1848 -0.3156 0.9291
1305031468.8292 -0.3667 -0.2145 -0.2104 0.0626 -0.1848 -0.3235 0.9259
1305031468.9596 -0.3758 -0.2395 -0.2051 0.0569 -0.1680 -0.3245 0.9291
1305031469.0277 -0.3823 -0.2394 -0.1925 0.0267 -0.1570 -0.3333 0.9293
1305031469.1277 -0.3871 -0.2622 -0.1610 -0.0106 -0.1465 -0.3566 0.9226
1305031469.1955 -0.3905 -0.2765 -0.1355 -0.0269 -0.1283 -0.3645 0.9219
1305031469.2596 -0.3996 -0.2797 -0.1062 -0.0366 -0.1184 -0.3693 0.9210
1305031469.2968 -0.4003 -0.2900 -0.0908 -0.0430 -0.1168 -0.3715 0.9200
1305031469.3276 -0.4013 -0.2901 -0.0813 -0.0465 -0.1142 -0.3735 0.9194
1305031469.3596 -0.3974 -0.3005 -0.0615 -0.0556 -0.1124 -0.3778 0.9174
1305031469.3957 -0.4017 -0.3021 -0.0474 -0.0551 -0.0991 -0.3833 0.9167
1305031469.4277 -0.3940 -0.3077 -0.0336 -0.0539 -0.0919 -0.3892 0.9150
1305031469.4597 -0.3920 -0.3195 -0.0192 -0.0582 -0.0865 -0.3962 0.9122
1305031469.4957 -0.3939 -0.3126 -0.0091 -0.0575 -0.0829 -0.3984 0.9117
1305031469.5276 -0.3860 -0.3084 0.0042 -0.0596 -0.0858 -0.3963 0.9122
1305031469.5596 -0.3882 -0.3042 0.0180 -0.0663 -0.0848 -0.3974 0.9113
1305031469.5958 -0.3778 -0.2766 0.0293 -0.0661 -0.0831 -0.3918 0.9139
1305031469.6956 -0.3766 -0.2379 0.0747 -0.0783 -0.0691 -0.3874 0.9160
1305031469.7956 -0.3821 -0.1842 0.1153 -0.0880 -0.0527 -0.3788 0.9198
1305031469.9598 -0.3992 -0.0926 0.1655 -0.1023 -0.0565 -0.3646 0.9238
1305031470.1276 -0.4385 -0.0020 0.1927 -0.1106 -0.0545 -0.3555 0.9265
1305031470.2957 -0.4808 0.0882 0.2001 -0.1201 -0.0510 -0.3362 0.9327
1305031470.4597 -0.5286 0.1622 0.2087 -0.1297 -0.0565 -0.3195 0.9370
1305031470.6597 -0.5843 0.2256 0.2086 -0.1264 -0.0571 -0.3020 0.9432
1305031470.6956 -0.5933 0.2368 0.2104 -0.1256 -0.0574 -0.2989 0.9442
1305031470.7277 -0.6025 0.2421 0.2136 -0.1262 -0.0580 -0.2970 0.9447
1305031470.7597 -0.6082 0.2482 0.2126 -0.1248 -0.0549 -0.2954 0.9456
1305031470.7956 -0.6132 0.2538 0.2147 -0.1238 -0.0527 -0.2929 0.9466
1305031470.8278 -0.6223 0.2618 0.2143 -0.1189 -0.0507 -0.2878 0.9489
1305031470.8596 -0.6298 0.2596 0.2134 -0.1190 -0.0530 -0.2832 0.9502
1305031470.8957 -0.6391 0.2671 0.2109 -0.1140 -0.0528 -0.2769 0.9526
1305031470.9277 -0.6483 0.2718 0.2102 -0.1092 -0.0559 -0.2729 0.9542
1305031470.9596 -0.6601 0.2765 0.2086 -0.0975 -0.0582 -0.2718 0.9556
1305031470.9960 -0.6674 0.2686 0.2037 -0.0949 -0.0601 -0.2704 0.9562
1305031471.0276 -0.6725 0.2696 0.2011 -0.0841 -0.0611 -0.2683 0.9577
1305031471.0596 -0.6779 0.2678 0.1987 -0.0745 -0.0618 -0.2650 0.9594
1305031471.0958 -0.6839 0.2739 0.1930 -0.0617 -0.0618 -0.2592 0.9619
1305031471.1277 -0.6880 0.2760 0.1902 -0.0537 -0.0645 -0.2504 0.9645
1305031471.1596 -0.6892 0.2789 0.1883 -0.0468 -0.0666 -0.2435 0.9665
1305031471.1957 -0.6922 0.2776 0.1874 -0.0465 -0.0660 -0.2401 0.9674
1305031471.2276 -0.6951 0.2783 0.1866 -0.0461 -0.0650 -0.2367 0.9683
1305031471.2597 -0.6983 0.2795 0.1864 -0.0455 -0.0642 -0.2343 0.9690
1305031471.2961 -0.7016 0.2790 0.1867 -0.0449 -0.0633 -0.2320 0.9696
1305031471.3276 -0.7000 0.2805 0.1866 -0.0401 -0.0637 -0.2278 0.9708
1305031471.3596 -0.7024 0.2824 0.1849 -0.0383 -0.0582 -0.2259 0.9717
1305031471.3957 -0.7088 0.2778 0.1854 -0.0407 -0.0529 -0.2219 0.9728
1305031471.4277 -0.7132 0.2776 0.1815 -0.0383 -0.0511 -0.2165 0.9742
1305031471.4965 -0.7268 0.2762 0.1753 -0.0421 -0.0471 -0.2103 0.9756
1305031471.5276 -0.7291 0.2768 0.1740 -0.0421 -0.0465 -0.2076 0.9762
1305031471.5597 -0.7306 0.2768 0.1724 -0.0428 -0.0454 -0.2063 0.9765
1305031471.5957 -0.7315 0.2761 0.1714 -0.0432 -0.0435 -0.2049 0.9769
1305031471.6276 -0.7331 0.2784 0.1691 -0.0409 -0.0403 -0.2048 0.9771
1305031471.6596 -0.7377 0.2781 0.1653 -0.0404 -0.0356 -0.2033 0.9776
1305031471.7958 -0.7454 0.2772 0.1496 -0.0411 -0.0166 -0.1849 0.9818
1305031471.9956 -0.7519 0.2973 0.1429 -0.0488 0.0124 -0.1574 0.9863
1305031472.3277 -0.7652 0.3446 0.1399 -0.0183 0.0266 -0.1217 0.9920
1305031472.5957 -0.7648 0.3276 0.1365 -0.0077 0.0182 -0.1148 0.9932
1305031472.8276 -0.7628 0.2993 0.1438 -0.0030 0.0170 -0.1151 0.9932
