1305031453.4237 0.0025 0.0049 -0.0082 0.0021 0.0037 0.0072 1.0000
1305031453.4597 0.0074 0.0075 -0.0179 0.0049 0.0106 0.0162 0.9998
1305031453.4917 0.0061 0.0180 -0.0258 0.0124 0.0188 0.0275 0.9994
1305031453.5237 0.0103 0.0201 -0.0400 0.0179 0.0225 0.0359 0.9989
1305031453.5598 0.0179 0.0247 -0.0586 0.0232 0.0219 0.0421 0.9986
1305031453.5916 0.0100 0.0354 -0.0759 0.0331 0.0286 0.0479 0.9979
1305031453.6277 0.0074 0.0387 -0.0869 0.0390 0.0291 0.0511 0.9975
1305031453.6596 0.0041 0.0463 -0.1026 0.0453 0.0254 0.0500 0.9974
1305031453.6917 -0.0001 0.0588 -0.1208 0.0542 0.0197 0.0462 0.9973
1305031453.7277 0.0038 0.0559 -0.1338 0.0544 0.0107 0.0417 0.9976
1305031453.7597 -0.0096 0.0549 -0.1422 0.0558 0.0035 0.0360 0.9978
1305031453.7917 -0.0061 0.0599 -0.1605 0.0588 -0.0084 0.0279 0.9978
1305031453.8278 -0.0171 0.0664 -0.1706 0.0618 -0.0153 0.0218 0.9977
1305031453.8597 -0.0295 0.0742 -0.1750 0.0646 -0.0274 0.0165 0.9974
1305031453.8917 -0.0341 0.0760 -0.1818 0.0636 -0.0448 0.0115 0.9969
1305031453.9277 -0.0457 0.0836 -0.1902 0.0614 -0.0641 0.0063 0.9960
1305031453.9596 -0.0443 0.0832 -0.1915 0.0588 -0.0829 -0.0006 0.9948
1305031453.9916 -0.0500 0.0848 -0.1921 0.0583 -0.0964 -0.0101 0.9936
1305031454.0277 -0.0666 0.0890 -0.1921 0.0606 -0.1076 -0.0156 0.9922
1305031454.0597 -0.0765 0.0963 -0.1929 0.0633 -0.1183 -0.0226 0.9907
1305031454.0917 -0.0936 0.1105 -0.1779 0.0693 -0.1289 -0.0314 0.9887
1305031454.1277 -0.1082 0.1202 -0.1701 0.0758 -0.1417 -0.0411 0.9861
1305031454.1597 -0.1321 0.1283 -0.1724 0.0784 -0.1506 -0.0497 0.9842
1305031454.1917 -0.1450 0.1306 -0.1683 0.0782 -0.1659 -0.0595 0.9812
1305031454.2277 -0.1572 0.1416 -0.1548 0.0861 -0.1833 -0.0756 0.9764
1305031454.2596 -0.1654 0.1357 -0.1656 0.0874 -0.1950 -0.0893 0.9728
1305031454.2916 -0.1749 0.1424 -0.1627 0.0886 -0.2030 -0.0982 0.9702
1305031454.3277 -0.1874 0.1437 -0.1625 0.0891 -0.2123 -0.1096 0.9669
1305031454.3596 -0.1971 0.1486 -0.1709 0.0957 -0.2208 -0.1226 0.9628
1305031454.3917 -0.2083 0.1524 -0.1742 0.0965 -0.2281 -0.1317 0.9598
1305031454.4275 -0.2198 0.1570 -0.1786 0.0980 -0.2380 -0.1416 0.9559
1305031454.4599 -0.2296 0.1607 -0.1777 0.1013 -0.2471 -0.1541 0.9513
1305031454.4916 -0.2398 0.1683 -0.1733 0.1047 -0.2512 -0.1671 0.9476
1305031454.5277 -0.2492 0.1788 -0.1728 0.1073 -0.2564 -0.1806 0.9435
1305031454.5596 -0.2531 0.1841 -0.1638 0.1062 -0.2650 -0.1908 0.9392
1305031454.5916 -0.2638 0.1924 -0.1642 0.1059 -0.2737 -0.2036 0.9340
1305031454.6276 -0.2717 0.1990 -0.1619 0.1056 -0.2854 -0.2133 0.9284
1305031454.6595 -0.2814 0.2148 -0.1548 0.1055 -0.2963 -0.2175 0.9240
1305031454.6919 -0.2922 0.2268 -0.1487 0.1037 -0.3082 -0.2227 0.9190
1305031454.7277 -0.2991 0.2345 -0.1514 0.1025 -0.3185 -0.2275 0.9145
1305031454.7597 -0.3016 0.2399 -0.1392 0.0992 -0.3259 -0.2230 0.9134
1305031454.7916 -0.3015 0.2413 -0.1292 0.0933 -0.3309 -0.2165 0.9137
1305031454.8276 -0.2985 0.2488 -0.1266 0.0905 -0.3325 -0.2104 0.9148
1305031454.8596 -0.3021 0.2390 -0.1240 0.0795 -0.3316 -0.2087 0.9166
1305031454.8918 -0.3003 0.2403 -0.1223 0.0743 -0.3293 -0.2038 0.9190
1305031454.9276 -0.3014 0.2508 -0.1189 0.0720 -0.3262 -0.1970 0.9218
1305031454.9596 -0.3034 0.2541 -0.1194 0.0675 -0.3232 -0.1918 0.9242
1305031454.9919 -0.3064 0.2574 -0.1203 0.0641 -0.3218 -0.1874 0.9259
1305031455.0278 -0.3073 0.2630 -0.1219 0.0635 -0.3214 -0.1853 0.9265
1305031455.0596 -0.3092 0.2664 -0.1229 0.0617 -0.3198 -0.1830 0.9276
1305031455.0917 -0.3126 0.2707 -0.1266 0.0627 -0.3173 -0.1826 0.9285
1305031455.1277 -0.3153 0.2780 -0.1295 0.0640 -0.3146 -0.1818 0.9295
1305031455.1597 -0.3228 0.2818 -0.1341 0.0621 -0.3108 -0.1793 0.9313
1305031455.1917 -0.3284 0.2852 -0.1334 0.0581 -0.3100 -0.1738 0.9329
1305031455.2276 -0.3340 0.2876 -0.1371 0.0565 -0.3081 -0.1702 0.9343
1305031455.2596 -0.3382 0.2984 -0.1373 0.0553 -0.3061 -0.1635 0.9362
1305031455.2918 -0.3467 0.2937 -0.1380 0.0423 -0.3039 -0.1541 0.9392
1305031455.3278 -0.3580 0.3034 -0.1456 0.0382 -0.3006 -0.1446 0.9419
1305031455.3596 -0.3652 0.3146 -0.1361 0.0320 -0.3020 -0.1359 0.9430
1305031455.3917 -0.3714 0.3115 -0.1349 0.0189 -0.2991 -0.1275 0.9455
1305031455.4276 -0.3829 0.3166 -0.1396 0.0123 -0.2941 -0.1182 0.9484
1305031455.4596 -0.3943 0.3158 -0.1486 0.0079 -0.2901 -0.1129 0.9503
1305031455.4916 -0.4064 0.3200 -0.1598 0.0048 -0.2856 -0.1056 0.9525
1305031455.5276 -0.4215 0.3210 -0.1687 0.0010 -0.2821 -0.0967 0.9545
1305031455.5597 -0.4389 0.3267 -0.1815 0.0001 -0.2817 -0.0848 0.9558
1305031455.5916 -0.4536 0.3308 -0.1958 -0.0022 -0.2819 -0.0741 0.9566
1305031455.6276 -0.4728 0.3286 -0.2080 -0.0066 -0.2781 -0.0661 0.9583
1305031455.6596 -0.4823 0.3285 -0.2181 -0.0045 -0.2770 -0.0602 0.9590
1305031455.6916 -0.4965 0.3288 -0.2335 -0.0018 -0.2731 -0.0612 0.9600
1305031455.7276 -0.5049 0.3273 -0.2407 -0.0003 -0.2710 -0.0641 0.9604
1305031455.7597 -0.5108 0.3252 -0.2472 0.0003 -0.2684 -0.0657 0.9611
1305031455.7917 -0.5172 0.3176 -0.2556 0.0000 -0.2659 -0.0653 0.9618
1305031455.8276 -0.5249 0.3129 -0.2698 0.0003 -0.2634 -0.0652 0.9625
1305031455.8595 -0.5323 0.3102 -0.2789 0.0007 -0.2619 -0.0664 0.9628
1305031455.8917 -0.5360 0.3069 -0.2895 0.0004 -0.2601 -0.0664 0.9633
1305031455.9280 -0.5418 0.3028 -0.2971 -0.0007 -0.2580 -0.0669 0.9638
1305031455.9597 -0.5456 0.3032 -0.3040 0.0007 -0.2562 -0.0683 0.9642
1305031455.9917 -0.5484 0.3018 -0.3091 -0.0005 -0.2543 -0.0691 0.9647
1305031456.0278 -0.5497 0.3082 -0.3141 -0.0018 -0.2516 -0.0717 0.9652
1305031456.0597 -0.5588 0.2919 -0.3182 -0.0132 -0.2481 -0.0795 0.9654
1305031456.0917 -0.5649 0.2858 -0.3214 -0.0168 -0.2455 -0.0826 0.9657
1305031456.1276 -0.5693 0.2822 -0.3255 -0.0175 -0.2432 -0.0833 0.9662
1305031456.1597 -0.5734 0.2794 -0.3251 -0.0175 -0.2405 -0.0830 0.9669
1305031456.1917 -0.5773 0.2646 -0.3316 -0.0163 -0.2351 -0.0796 0.9686
1305031456.2277 -0.5800 0.2699 -0.3355 -0.0126 -0.2284 -0.0762 0.9705
1305031456.2917 -0.5925 0.2499 -0.3342 -0.0165 -0.2101 -0.0693 0.9751
1305031456.3277 -0.5988 0.2461 -0.3336 -0.0141 -0.2015 -0.0612 0.9775
1305031456.3916 -0.6054 0.2319 -0.3266 -0.0152 -0.1840 -0.0505 0.9815
1305031456.4277 -0.6109 0.2235 -0.3213 -0.0141 -0.1784 -0.0408 0.9830
1305031456.4917 -0.6517 0.2414 -0.3191 -0.0157 -0.1689 -0.0285 0.9851
1305031456.5276 -0.6689 0.2487 -0.3129 -0.0175 -0.1683 -0.0233 0.9853
1305031456.5917 -0.6898 0.2572 -0.3010 -0.0167 -0.1650 -0.0151 0.9860
1305031456.6276 -0.6965 0.2699 -0.2929 -0.0279 -0.1630 -0.0098 0.9862
1305031456.6916 -0.7329 0.2535 -0.2740 -0.0432 -0.1532 0.0026 0.9872
1305031456.7277 -0.7569 0.2708 -0.2734 -0.0434 -0.1482 0.0128 0.9879
1305031456.7916 -0.7907 0.2554 -0.2602 -0.0517 -0.1578 0.0251 0.9858
1305031456.8276 -0.8004 0.2689 -0.2541 -0.0509 -0.1616 0.0320 0.9850
1305031456.8917 -0.8232 0.2632 -0.2298 -0.0620 -0.1602 0.0424 0.9842
1305031456.9277 -0.8336 0.2670 -0.2327 -0.0578 -0.1543 0.0482 0.9851
1305031456.9597 -0.8444 0.2739 -0.2287 -0.0615 -0.1499 0.0540 0.9853
1305031456.9917 -0.8574 0.2667 -0.2202 -0.0725 -0.1463 0.0561 0.9850
1305031457.0276 -0.8692 0.2686 -0.2178 -0.0736 -0.1430 0.0592 0.9852
1305031457.0917 -0.8969 0.2774 -0.2202 -0.0843 -0.1305 0.0679 0.9855
1305031457.1276 -0.9019 0.2728 -0.2206 -0.0873 -0.1276 0.0702 0.9855
1305031457.1917 -0.9266 0.2733 -0.2346 -0.0868 -0.1116 0.0827 0.9865
1305031457.2275 -0.9382 0.2647 -0.2393 -0.0943 -0.1050 0.0885 0.9860
1305031457.2917 -0.9558 0.2526 -0.2596 -0.0884 -0.0900 0.1025 0.9867
1305031457.3275 -0.9667 0.2590 -0.2689 -0.0838 -0.0815 0.1060 0.9875
1305031457.3917 -0.9938 0.2450 -0.2950 -0.0825 -0.0543 0.1217 0.9876
1305031457.4276 -1.0049 0.2442 -0.3043 -0.0805 -0.0479 0.1250 0.9877
1305031457.4917 -1.0331 0.2246 -0.3293 -0.0824 -0.0381 0.1356 0.9866
1305031457.5276 -1.0383 0.2200 -0.3404 -0.0796 -0.0358 0.1391 0.9864
1305031457.5597 -1.0503 0.2196 -0.3551 -0.0731 -0.0294 0.1458 0.9862
1305031457.5917 -1.0590 0.2156 -0.3640 -0.0724 -0.0260 0.1484 0.9859
1305031457.6275 -1.0725 0.1981 -0.3779 -0.0758 -0.0216 0.1518 0.9853
1305031457.6596 -1.0876 0.2127 -0.3931 -0.0644 -0.0185 0.1590 0.9850
1305031457.6916 -1.0957 0.2000 -0.3992 -0.0711 -0.0180 0.1615 0.9841
1305031457.7277 -1.1116 0.1780 -0.4065 -0.0763 -0.0146 0.1587 0.9843
1305031457.7596 -1.1167 0.1709 -0.4120 -0.0743 -0.0130 0.1581 0.9845
1305031457.7916 -1.1174 0.1531 -0.4177 -0.0679 -0.0101 0.1589 0.9849
1305031457.8277 -1.1254 0.1587 -0.4313 -0.0549 -0.0040 0.1596 0.9857
1305031457.8596 -1.1322 0.1545 -0.4373 -0.0522 0.0013 0.1593 0.9859
1305031457.8916 -1.1480 0.1344 -0.4419 -0.0460 0.0123 0.1601 0.9860
1305031457.9276 -1.1618 0.1319 -0.4494 -0.0318 0.0183 0.1650 0.9856
1305031457.9916 -1.1897 0.1162 -0.4544 -0.0202 0.0236 0.1712 0.9847
1305031458.0278 -1.1918 0.1090 -0.4583 -0.0102 0.0262 0.1751 0.9842
1305031458.0597 -1.2072 0.1144 -0.4636 -0.0007 0.0318 0.1769 0.9837
1305031458.0917 -1.2137 0.1138 -0.4631 -0.0007 0.0336 0.1783 0.9834
1305031458.1276 -1.2233 0.1015 -0.4636 -0.0038 0.0367 0.1786 0.9832
1305031458.1596 -1.2340 0.0951 -0.4634 -0.0034 0.0391 0.1802 0.9829
1305031458.1916 -1.2529 0.0894 -0.4549 -0.0038 0.0408 0.1840 0.9821
1305031458.2276 -1.2714 0.0742 -0.4354 -0.0124 0.0406 0.1835 0.9821
1305031458.2599 -1.2946 0.0454 -0.4246 -0.0174 0.0418 0.1798 0.9827
1305031458.2917 -1.3241 0.0363 -0.4277 -0.0092 0.0410 0.1802 0.9827
1305031458.3276 -1.3401 0.0312 -0.4137 -0.0071 0.0352 0.1816 0.9827
1305031458.3596 -1.3484 0.0013 -0.3964 -0.0068 0.0309 0.1829 0.9826
1305031458.3916 -1.3671 0.0129 -0.3832 0.0094 0.0298 0.1885 0.9816
1305031458.4276 -1.3743 0.0137 -0.3659 0.0169 0.0293 0.1997 0.9793
1305031458.4596 -1.3633 0.0014 -0.3576 0.0249 0.0293 0.2069 0.9776
1305031458.4917 -1.3540 -0.0143 -0.3487 0.0382 0.0345 0.2089 0.9766
1305031458.5277 -1.3690 -0.0069 -0.3531 0.0556 0.0439 0.2086 0.9754
1305031458.5596 -1.3810 -0.0065 -0.3460 0.0606 0.0515 0.2053 0.9755
1305031458.5916 -1.3989 -0.0055 -0.3385 0.0695 0.0592 0.1981 0.9759
1305031458.6277 -1.4093 0.0068 -0.3204 0.0742 0.0598 0.1956 0.9760
1305031458.6596 -1.4330 0.0000 -0.3074 0.0684 0.0595 0.1940 0.9768
1305031458.6917 -1.4467 -0.0026 -0.2857 0.0651 0.0467 0.1845 0.9796
1305031458.7276 -1.4461 -0.0016 -0.2644 0.0673 0.0314 0.1806 0.9807
1305031458.7599 -1.4563 -0.0022 -0.2517 0.0732 0.0179 0.1717 0.9823
1305031458.7916 -1.4557 0.0009 -0.2318 0.0749 0.0014 0.1664 0.9832
1305031458.8276 -1.4477 -0.0057 -0.2046 0.0682 -0.0106 0.1663 0.9837
1305031458.8917 -1.4447 -0.0174 -0.1810 0.0723 -0.0153 0.1563 0.9849
1305031458.9276 -1.4541 -0.0124 -0.1777 0.0730 -0.0097 0.1581 0.9847
1305031458.9596 -1.4566 -0.0223 -0.1687 0.0624 -0.0067 0.1678 0.9838
1305031458.9916 -1.4627 -0.0376 -0.1681 0.0603 -0.0033 0.1712 0.9834
1305031459.0277 -1.4897 -0.0360 -0.1632 0.0736 -0.0013 0.1722 0.9823
1305031459.0596 -1.5058 -0.0469 -0.1643 0.0781 -0.0087 0.1826 0.9800
1305031459.1276 -1.3478 0.0982 0.0023 0.1348 -0.0854 0.1786 0.9709
1305031459.1596 -1.3545 0.1035 0.0087 0.1465 -0.1135 0.1783 0.9664
1305031459.1917 -1.3683 0.1051 0.0216 0.1537 -0.1314 0.1827 0.9621
1305031459.2276 -1.3745 0.1048 0.0294 0.1555 -0.1459 0.1906 0.9582
1305031459.2598 -1.3807 0.1034 0.0449 0.1539 -0.1494 0.1976 0.9565
1305031459.3276 -1.3975 0.1028 0.0666 0.1444 -0.1208 0.2228 0.9565
1305031459.3597 -1.4089 0.1068 0.0711 0.1434 -0.0979 0.2441 0.9541
1305031459.3917 -1.4264 0.1192 0.0769 0.1351 -0.0713 0.2692 0.9509
1305031459.4276 -1.4222 0.1215 0.0888 0.1144 -0.0441 0.2999 0.9461
1305031459.4597 -1.4295 0.1199 0.0844 0.1017 -0.0115 0.3385 0.9354
1305031459.5276 -1.4549 0.1352 0.0988 0.0725 0.0275 0.4008 0.9129
1305031459.5596 -1.4616 0.1211 0.0946 0.0566 0.0409 0.4252 0.9024
1305031459.5917 -1.4719 0.1181 0.0943 0.0488 0.0453 0.4450 0.8930
1305031459.6276 -1.4736 0.1179 0.0992 0.0441 0.0424 0.4568 0.8875
1305031459.6596 -1.4806 0.1175 0.1017 0.0439 0.0470 0.4573 0.8870
1305031459.6916 -1.4921 0.1109 0.0991 0.0371 0.0563 0.4635 0.8835
1305031459.7276 -1.4960 0.0959 0.0964 0.0289 0.0612 0.4657 0.8824
1305031459.7917 -1.5191 0.0619 0.0856 0.0264 0.0695 0.4622 0.8836
1305031459.8277 -1.5311 0.0435 0.0844 0.0242 0.0711 0.4625 0.8834
1305031459.8597 -1.5492 0.0259 0.0830 0.0214 0.0724 0.4610 0.8842
1305031459.8916 -1.5529 0.0021 0.0834 0.0138 0.0678 0.4659 0.8821
1305031459.9276 -1.5610 -0.0176 0.0835 0.0110 0.0663 0.4681 0.8811
1305031459.9917 -1.5702 -0.0481 0.0901 0.0027 0.0604 0.4783 0.8761
1305031460.0276 -1.5773 -0.0632 0.0935 0.0012 0.0618 0.4804 0.8749
1305031460.0597 -1.5859 -0.0846 0.0910 -0.0011 0.0636 0.4831 0.8732
1305031460.0917 -1.5947 -0.1092 0.0873 -0.0027 0.0611 0.4890 0.8701
1305031460.1277 -1.6001 -0.1187 0.0909 0.0030 0.0523 0.4943 0.8677
1305031460.1597 -1.6097 -0.1308 0.0940 0.0085 0.0462 0.4993 0.8651
1305031460.1916 -1.6090 -0.1413 0.1038 0.0067 0.0387 0.5064 0.8614
1305031460.2278 -1.6096 -0.1434 0.1116 0.0082 0.0388 0.5072 0.8609
1305031460.2917 -1.6157 -0.1584 0.1170 0.0119 0.0547 0.5071 0.8601
1305031460.3275 -1.6172 -0.1636 0.1167 0.0129 0.0606 0.5083 0.8589
1305031460.3916 -1.6239 -0.1756 0.1263 0.0082 0.0802 0.5126 0.8549
1305031460.4275 -1.6237 -0.1828 0.1287 0.0052 0.0883 0.5173 0.8512
1305031460.4596 -1.6225 -0.1784 0.1324 0.0030 0.0979 0.5195 0.8489
1305031460.4915 -1.6216 -0.1885 0.1332 -0.0074 0.1106 0.5245 0.8441
1305031460.5276 -1.6214 -0.2061 0.1340 -0.0199 0.1230 0.5308 0.8383
1305031460.5596 -1.6217 -0.2141 0.1393 -0.0267 0.1317 0.5327 0.8356
1305031460.5919 -1.6231 -0.2201 0.1442 -0.0299 0.1385 0.5327 0.8344
1305031460.6276 -1.6241 -0.2271 0.1485 -0.0329 0.1450 0.5341 0.8322
1305031460.6598 -1.6277 -0.2330 0.1511 -0.0340 0.1503 0.5328 0.8321
1305031460.6917 -1.6297 -0.2409 0.1520 -0.0369 0.1527 0.5334 0.8312
1305031460.7277 -1.6294 -0.2471 0.1558 -0.0403 0.1536 0.5329 0.8311
1305031460.7597 -1.6297 -0.2525 0.1585 -0.0419 0.1562 0.5313 0.8316
1305031460.7917 -1.6326 -0.2624 0.1613 -0.0445 0.1594 0.5310 0.8311
1305031460.8277 -1.6352 -0.2671 0.1664 -0.0464 0.1603 0.5292 0.8319
1305031460.8597 -1.6350 -0.2716 0.1702 -0.0496 0.1619 0.5277 0.8324
1305031460.8918 -1.6353 -0.2765 0.1736 -0.0526 0.1638 0.5256 0.8332
1305031460.9276 -1.6357 -0.2856 0.1777 -0.0566 0.1650 0.5251 0.8330
1305031460.9917 -1.6264 -0.3042 0.1918 -0.0607 0.1676 0.5272 0.8308
1305031461.0276 -1.6273 -0.3157 0.1997 -0.0612 0.1709 0.5281 0.8296
1305031461.0917 -1.6398 -0.3293 0.2159 -0.0562 0.1731 0.5253 0.8312
1305031461.1276 -1.6366 -0.3338 0.2240 -0.0568 0.1733 0.5236 0.8322
1305031461.1597 -1.6373 -0.3414 0.2301 -0.0545 0.1764 0.5224 0.8325
1305031461.1920 -1.6419 -0.3505 0.2358 -0.0534 0.1804 0.5179 0.8345
1305031461.2276 -1.6415 -0.3549 0.2411 -0.0531 0.1818 0.5170 0.8347
1305031461.2596 -1.6430 -0.3619 0.2465 -0.0522 0.1842 0.5138 0.8363
1305031461.2917 -1.6423 -0.3662 0.2517 -0.0500 0.1855 0.5092 0.8389
1305031461.3278 -1.6444 -0.3661 0.2559 -0.0474 0.1883 0.5055 0.8407
1305031461.3597 -1.6479 -0.3642 0.2626 -0.0485 0.1917 0.5025 0.8416
1305031461.3917 -1.6411 -0.3717 0.2693 -0.0554 0.1908 0.5021 0.8417
1305031461.4276 -1.6379 -0.3719 0.2726 -0.0551 0.1908 0.5009 0.8424
1305031461.4598 -1.6412 -0.3710 0.2762 -0.0560 0.1919 0.5004 0.8424
1305031461.4917 -1.6316 -0.3734 0.2776 -0.0585 0.1902 0.5020 0.8417
1305031461.5277 -1.6386 -0.3686 0.2814 -0.0503 0.1951 0.4986 0.8431
1305031461.5597 -1.6373 -0.3614 0.2833 -0.0487 0.1962 0.4953 0.8449
1305031461.5917 -1.6315 -0.3555 0.2724 -0.0489 0.2009 0.4927 0.8453
1305031461.6275 -1.6302 -0.3471 0.2740 -0.0504 0.2063 0.4918 0.8444
1305031461.6596 -1.6283 -0.3412 0.2727 -0.0517 0.2101 0.4911 0.8438
1305031461.6916 -1.6313 -0.3353 0.2785 -0.0529 0.2150 0.4937 0.8410
1305031461.7276 -1.6268 -0.3269 0.2804 -0.0539 0.2146 0.4974 0.8388
1305031461.7597 -1.6278 -0.3209 0.2766 -0.0546 0.2176 0.4986 0.8373
1305031461.7916 -1.6210 -0.3126 0.2773 -0.0603 0.2192 0.5018 0.8346
1305031461.8276 -1.6170 -0.3036 0.2739 -0.0639 0.2242 0.5042 0.8315
1305031461.8598 -1.6237 -0.2861 0.2754 -0.0626 0.2306 0.5092 0.8268
1305031461.8917 -1.6288 -0.2685 0.2788 -0.0653 0.2333 0.5209 0.8185
1305031461.9278 -1.6190 -0.2679 0.2932 -0.0794 0.2326 0.5298 0.8118
1305031461.9597 -1.6133 -0.2479 0.2871 -0.0828 0.2343 0.5314 0.8099
1305031461.9916 -1.6257 -0.2348 0.2902 -0.0912 0.2438 0.5366 0.8027
1305031462.0277 -1.6229 -0.2483 0.3036 -0.1135 0.2469 0.5443 0.7937
1305031462.0598 -1.6196 -0.2394 0.3032 -0.1195 0.2383 0.5569 0.7867
1305031462.0918 -1.6152 -0.2269 0.3009 -0.1230 0.2286 0.5691 0.7803
1305031462.1277 -1.6098 -0.2178 0.3021 -0.1288 0.2226 0.5798 0.7731
1305031462.1596 -1.6111 -0.2018 0.2982 -0.1289 0.2162 0.5861 0.7702
1305031462.1916 -1.6151 -0.1877 0.2972 -0.1281 0.2131 0.5856 0.7715
1305031462.2276 -1.6186 -0.1761 0.2969 -0.1330 0.2092 0.5850 0.7722
1305031462.2598 -1.6220 -0.1794 0.3007 -0.1436 0.2086 0.5803 0.7740
1305031462.2916 -1.6243 -0.1753 0.3026 -0.1510 0.2038 0.5757 0.7773
1305031462.3275 -1.6164 -0.1783 0.3064 -0.1657 0.1973 0.5713 0.7792
1305031462.3597 -1.6338 -0.1592 0.3026 -0.1621 0.1938 0.5650 0.7855
1305031462.3917 -1.6458 -0.1184 0.3048 -0.1535 0.1783 0.5658 0.7903
1305031462.4276 -1.6490 -0.1261 0.3130 -0.1691 0.1743 0.5604 0.7918
1305031462.4599 -1.6734 -0.1231 0.3269 -0.1720 0.1743 0.5540 0.7957
1305031462.4920 -1.7008 -0.1214 0.3509 -0.1750 0.1797 0.5514 0.7956
1305031462.5277 -1.7116 -0.1139 0.3564 -0.1762 0.1726 0.5462 0.8005
1305031462.5599 -1.7206 -0.1147 0.3614 -0.1798 0.1683 0.5352 0.8080
1305031462.5919 -1.7237 -0.1157 0.3603 -0.1829 0.1639 0.5259 0.8143
1305031462.6279 -1.7287 -0.1135 0.3582 -0.1848 0.1615 0.5177 0.8196
1305031462.6597 -1.7343 -0.1034 0.3437 -0.1794 0.1580 0.5120 0.8251
1305031462.6925 -1.7330 -0.1139 0.3410 -0.1867 0.1550 0.5003 0.8312
1305031462.7277 -1.7431 -0.1049 0.3395 -0.1817 0.1498 0.4882 0.8403
1305031462.7598 -1.7397 -0.1113 0.3354 -0.1889 0.1413 0.4792 0.8454
1305031462.7919 -1.7365 -0.1193 0.3346 -0.1976 0.1372 0.4736 0.8472
1305031462.8278 -1.7460 -0.0902 0.3290 -0.1858 0.1270 0.4664 0.8554
1305031462.8598 -1.7456 -0.0897 0.3317 -0.1910 0.1244 0.4583 0.8591
1305031462.8918 -1.7455 -0.0816 0.3275 -0.1903 0.1240 0.4519 0.8627
1305031462.9276 -1.7386 -0.0808 0.3208 -0.1949 0.1217 0.4471 0.8644
1305031462.9597 -1.7326 -0.0775 0.3082 -0.1950 0.1175 0.4422 0.8675
1305031462.9955 -1.7319 -0.0620 0.3050 -0.1877 0.1137 0.4405 0.8705
1305031463.0277 -1.7297 -0.0494 0.2924 -0.1784 0.1101 0.4353 0.8755
1305031463.0598 -1.7255 -0.0588 0.2765 -0.1795 0.1089 0.4280 0.8790
1305031463.0958 -1.7240 -0.0343 0.2700 -0.1690 0.1022 0.4205 0.8855
1305031463.1275 -1.7229 -0.0138 0.2649 -0.1585 0.0987 0.4147 0.8906
1305031463.1598 -1.7200 -0.0123 0.2503 -0.1547 0.0992 0.4068 0.8948
1305031463.1957 -1.7152 -0.0100 0.2447 -0.1562 0.0984 0.4010 0.8973
1305031463.2278 -1.7095 0.0109 0.2401 -0.1496 0.0956 0.3964 0.9007
1305031463.2600 -1.7047 0.0229 0.2264 -0.1426 0.0959 0.3911 0.9042
1305031463.2957 -1.6982 0.0284 0.2152 -0.1402 0.0950 0.3871 0.9064
1305031463.3277 -1.6917 0.0478 0.2147 -0.1339 0.0895 0.3848 0.9088
1305031463.3598 -1.6872 0.0552 0.2004 -0.1266 0.0881 0.3807 0.9117
1305031463.3956 -1.6821 0.0590 0.1927 -0.1242 0.0868 0.3790 0.9129
1305031463.4277 -1.6731 0.0817 0.1880 -0.1163 0.0827 0.3751 0.9159
1305031463.4598 -1.6662 0.0947 0.1848 -0.1137 0.0841 0.3736 0.9168
1305031463.4956 -1.6549 0.1071 0.1791 -0.1139 0.0862 0.3710 0.9176
1305031463.5277 -1.6462 0.1218 0.1758 -0.1112 0.0916 0.3658 0.9195
1305031463.5598 -1.6308 0.1392 0.1697 -0.1060 0.0908 0.3663 0.9199
1305031463.5956 -1.6229 0.1513 0.1655 -0.1031 0.0898 0.3659 0.9205
1305031463.6276 -1.6062 0.1562 0.1541 -0.1014 0.0876 0.3627 0.9222
1305031463.6598 -1.5906 0.1654 0.1395 -0.0920 0.0888 0.3600 0.9241
1305031463.6956 -1.5769 0.1760 0.1251 -0.0874 0.0866 0.3580 0.9256
1305031463.7276 -1.5689 0.1783 0.1180 -0.0867 0.0922 0.3512 0.9277
1305031463.7597 -1.5500 0.1809 0.1042 -0.0802 0.0954 0.3432 0.9309
1305031463.7956 -1.5277 0.1807 0.0821 -0.0765 0.0947 0.3338 0.9347
1305031463.8278 -1.4967 0.1782 0.0669 -0.0800 0.0883 0.3234 0.9387
1305031463.8599 -1.4901 0.1819 0.0585 -0.0724 0.0961 0.3134 0.9420
1305031463.8956 -1.4786 0.1843 0.0394 -0.0659 0.0984 0.3030 0.9456
1305031463.9277 -1.4680 0.1810 0.0271 -0.0654 0.0974 0.2971 0.9476
1305031463.9597 -1.4436 0.1803 0.0126 -0.0618 0.0908 0.2913 0.9503
1305031463.9958 -1.4379 0.1796 0.0005 -0.0545 0.0917 0.2832 0.9531
1305031464.0277 -1.4300 0.1782 -0.0099 -0.0524 0.0910 0.2750 0.9557
1305031464.0597 -1.4007 0.1718 -0.0267 -0.0517 0.0853 0.2657 0.9589
1305031464.0956 -1.3946 0.1643 -0.0443 -0.0474 0.0891 0.2550 0.9617
1305031464.1277 -1.3948 0.1560 -0.0522 -0.0456 0.0921 0.2484 0.9632
1305031464.1598 -1.3869 0.1589 -0.0641 -0.0364 0.0891 0.2489 0.9637
1305031464.1956 -1.3782 0.1536 -0.0756 -0.0244 0.0835 0.2456 0.9655
1305031464.2276 -1.3747 0.1705 -0.0899 -0.0057 0.0740 0.2381 0.9684
1305031464.2596 -1.3760 0.1715 -0.0943 0.0021 0.0613 0.2376 0.9694
1305031464.2957 -1.3730 0.1738 -0.0953 0.0076 0.0466 0.2334 0.9712
1305031464.3279 -1.3527 0.1764 -0.1014 0.0111 0.0305 0.2272 0.9733
1305031464.3597 -1.3390 0.1730 -0.1110 0.0145 0.0221 0.2213 0.9748
1305031464.3956 -1.3294 0.1776 -0.1166 0.0208 0.0190 0.2129 0.9767
1305031464.4276 -1.3199 0.1783 -0.1327 0.0231 0.0193 0.2052 0.9783
1305031464.4597 -1.3153 0.1718 -0.1448 0.0247 0.0198 0.1969 0.9799
1305031464.4956 -1.3076 0.1716 -0.1566 0.0270 0.0196 0.1904 0.9811
1305031464.5276 -1.2953 0.1694 -0.1763 0.0271 0.0194 0.1839 0.9824
1305031464.5597 -1.2805 0.1704 -0.1840 0.0270 0.0172 0.1744 0.9842
1305031464.5957 -1.2528 0.1579 -0.2127 0.0281 0.0193 0.1610 0.9864
1305031464.6277 -1.2348 0.1584 -0.2298 0.0400 0.0313 0.1568 0.9863
1305031464.6597 -1.2210 0.1506 -0.2433 0.0488 0.0447 0.1470 0.9869
1305031464.6957 -1.1911 0.1422 -0.2603 0.0618 0.0519 0.1331 0.9878
1305031464.7277 -1.1896 0.1448 -0.2618 0.0828 0.0601 0.1189 0.9876
1305031464.7597 -1.1912 0.1476 -0.2701 0.0970 0.0629 0.1032 0.9879
1305031464.7960 -1.1877 0.1425 -0.2754 0.1060 0.0601 0.0855 0.9889
1305031464.8278 -1.1941 0.1535 -0.2643 0.1227 0.0508 0.0703 0.9886
1305031464.8597 -1.1929 0.1741 -0.2589 0.1361 0.0357 0.0546 0.9885
1305031464.8958 -1.1800 0.1713 -0.2484 0.1363 0.0195 0.0359 0.9898
1305031464.9278 -1.1498 0.1535 -0.2436 0.1338 0.0041 0.0151 0.9909
1305031464.9598 -1.1339 0.1384 -0.2401 0.1368 -0.0010 -0.0028 0.9906
1305031464.9957 -1.1320 0.1472 -0.2231 0.1468 0.0008 -0.0203 0.9890
1305031465.0278 -1.1338 0.1509 -0.2093 0.1531 0.0043 -0.0392 0.9874
1305031465.0597 -1.1445 0.1623 -0.1889 0.1628 0.0041 -0.0584 0.9849
1305031465.0957 -1.1282 0.1912 -0.1670 0.1640 -0.0085 -0.0749 0.9836
1305031465.1277 -1.1172 0.1955 -0.1354 0.1494 -0.0210 -0.0924 0.9842
1305031465.1598 -1.1087 0.1915 -0.1088 0.1331 -0.0328 -0.1029 0.9852
1305031465.1956 -1.0943 0.1779 -0.0844 0.1179 -0.0446 -0.1143 0.9854
1305031465.2279 -1.0848 0.1782 -0.0636 0.1058 -0.0519 -0.1241 0.9852
1305031465.2598 -1.0766 0.1661 -0.0345 0.0905 -0.0609 -0.1275 0.9858
1305031465.2956 -1.0767 0.1807 -0.0243 0.0877 -0.0673 -0.1223 0.9863
1305031465.3277 -1.0709 0.1915 -0.0003 0.0802 -0.0789 -0.1080 0.9878
1305031465.3599 -1.0696 0.1905 0.0183 0.0744 -0.0930 -0.0989 0.9880
1305031465.3956 -1.0464 0.1914 0.0343 0.0725 -0.1123 -0.0886 0.9871
1305031465.4277 -1.0226 0.1907 0.0398 0.0715 -0.1257 -0.0797 0.9863
1305031465.4601 -1.0095 0.2015 0.0431 0.0734 -0.1337 -0.0699 0.9858
1305031465.4957 -0.9921 0.2116 0.0492 0.0708 -0.1426 -0.0606 0.9854
1305031465.5276 -0.9801 0.2065 0.0514 0.0668 -0.1489 -0.0582 0.9849
1305031465.5598 -0.9631 0.2132 0.0545 0.0709 -0.1557 -0.0542 0.9838
1305031465.5956 -0.9450 0.2195 0.0548 0.0729 -0.1602 -0.0482 0.9832
1305031465.6277 -0.9359 0.2284 0.0571 0.0753 -0.1629 -0.0411 0.9829
1305031465.6601 -0.9235 0.2348 0.0580 0.0768 -0.1692 -0.0356 0.9819
1305031465.6957 -0.9008 0.2433 0.0622 0.0805 -0.1771 -0.0303 0.9804
1305031465.7277 -0.8875 0.2548 0.0628 0.0853 -0.1795 -0.0234 0.9798
1305031465.7598 -0.8752 0.2678 0.0634 0.0904 -0.1824 -0.0175 0.9789
1305031465.7959 -0.8580 0.2807 0.0679 0.0941 -0.1856 -0.0124 0.9780
1305031465.8280 -0.8423 0.2887 0.0695 0.0990 -0.1886 -0.0078 0.9770
1305031465.8599 -0.8131 0.3099 0.0708 0.1093 -0.1925 -0.0026 0.9752
1305031465.8955 -0.7890 0.3234 0.0744 0.1121 -0.1880 -0.0018 0.9757
1305031465.9275 -0.7687 0.3285 0.0816 0.1147 -0.1814 0.0016 0.9767
1305031465.9597 -0.7438 0.3447 0.0826 0.1238 -0.1752 0.0029 0.9767
1305031465.9958 -0.7241 0.3560 0.0811 0.1284 -0.1694 0.0022 0.9771
1305031466.0276 -0.7016 0.3666 0.0757 0.1311 -0.1692 0.0014 0.9768
1305031466.0598 -0.6819 0.3880 0.0851 0.1316 -0.1700 0.0031 0.9766
1305031466.0958 -0.6725 0.4078 0.0862 0.1284 -0.1711 0.0036 0.9768
1305031466.1276 -0.6619 0.4268 0.0869 0.1240 -0.1743 0.0022 0.9768
1305031466.1604 -0.6552 0.4502 0.0865 0.1218 -0.1768 0.0032 0.9767
1305031466.1958 -0.6446 0.4685 0.0848 0.1152 -0.1833 0.0042 0.9763
1305031466.2280 -0.6288 0.4723 0.0882 0.1022 -0.1920 -0.0013 0.9761
1305031466.2598 -0.6085 0.4691 0.0852 0.0989 -0.1955 -0.0086 0.9757
1305031466.2957 -0.5828 0.4783 0.0847 0.1032 -0.1941 -0.0184 0.9754
1305031466.3277 -0.5613 0.4865 0.0748 0.1040 -0.1855 -0.0261 0.9768
1305031466.3598 -0.5496 0.4955 0.0659 0.1017 -0.1748 -0.0332 0.9788
1305031466.3958 -0.5329 0.4854 0.0533 0.0979 -0.1727 -0.0356 0.9795
1305031466.4278 -0.5193 0.4921 0.0463 0.1022 -0.1750 -0.0379 0.9785
1305031466.4598 -0.5082 0.5021 0.0384 0.1033 -0.1773 -0.0407 0.9779
1305031466.4958 -0.4927 0.5090 0.0368 0.1011 -0.1799 -0.0421 0.9776
1305031466.5275 -0.4666 0.5058 0.0334 0.0978 -0.1807 -0.0427 0.9777
1305031466.5604 -0.4465 0.5166 0.0251 0.0980 -0.1759 -0.0439 0.9785
1305031466.5959 -0.4239 0.5253 0.0274 0.0904 -0.1767 -0.0497 0.9788
1305031466.6275 -0.4011 0.5066 0.0268 0.0806 -0.1749 -0.0565 0.9796
1305031466.6597 -0.3771 0.5052 0.0237 0.0843 -0.1734 -0.0606 0.9794
1305031466.6958 -0.3599 0.5209 0.0228 0.0880 -0.1740 -0.0647 0.9787
1305031466.7281 -0.3441 0.5246 0.0241 0.0842 -0.1744 -0.0785 0.9779
1305031466.7596 -0.3236 0.5155 0.0296 0.0845 -0.1758 -0.0842 0.9772
1305031466.7956 -0.3098 0.5191 0.0230 0.0879 -0.1764 -0.0871 0.9765
1305031466.8279 -0.2956 0.5264 0.0229 0.0876 -0.1798 -0.0891 0.9757
1305031466.8597 -0.2908 0.5256 0.0245 0.0866 -0.1824 -0.0897 0.9753
1305031466.8957 -0.2753 0.5263 0.0257 0.0875 -0.1931 -0.0888 0.9732
1305031466.9278 -0.2616 0.5255 0.0247 0.0870 -0.2062 -0.0923 0.9702
1305031466.9597 -0.2496 0.5212 0.0237 0.0863 -0.2120 -0.0952 0.9688
1305031466.9957 -0.2349 0.5199 0.0206 0.0865 -0.2154 -0.0975 0.9678
1305031467.0278 -0.2232 0.5202 0.0189 0.0870 -0.2178 -0.1001 0.9669
1305031467.0597 -0.2069 0.5194 0.0160 0.0870 -0.2202 -0.1021 0.9662
1305031467.0957 -0.1958 0.5277 0.0191 0.0884 -0.2205 -0.1054 0.9656
1305031467.1290 -0.1899 0.5262 0.0205 0.0886 -0.2213 -0.1127 0.9646
1305031467.1597 -0.1817 0.5256 0.0202 0.0897 -0.2225 -0.1172 0.9637
1305031467.1957 -0.1741 0.5278 0.0187 0.0911 -0.2248 -0.1206 0.9626
1305031467.2277 -0.1649 0.5288 0.0186 0.0923 -0.2289 -0.1239 0.9611
1305031467.2597 -0.1590 0.5312 0.0215 0.0943 -0.2315 -0.1271 0.9599
1305031467.2958 -0.1531 0.5329 0.0182 0.0960 -0.2329 -0.1326 0.9586
1305031467.3280 -0.1421 0.5368 0.0160 0.0980 -0.2362 -0.1365 0.9571
1305031467.3597 -0.1308 0.5467 0.0138 0.0987 -0.2400 -0.1386 0.9557
1305031467.3958 -0.1174 0.5525 0.0194 0.0968 -0.2460 -0.1436 0.9537
1305031467.4278 -0.1089 0.5530 0.0158 0.0966 -0.2487 -0.1466 0.9525
1305031467.4597 -0.0947 0.5525 0.0162 0.0962 -0.2543 -0.1474 0.9510
1305031467.4961 -0.0798 0.5712 0.0162 0.0981 -0.2593 -0.1525 0.9486
1305031467.5277 -0.0657 0.5686 0.0152 0.0954 -0.2617 -0.1577 0.9474
1305031467.5598 -0.0566 0.5695 0.0184 0.0966 -0.2623 -0.1590 0.9469
1305031467.5960 -0.0472 0.5675 0.0165 0.0955 -0.2637 -0.1570 0.9469
1305031467.6275 -0.0434 0.5697 0.0249 0.0975 -0.2665 -0.1557 0.9462
1305031467.6596 -0.0337 0.5730 0.0256 0.1040 -0.2702 -0.1528 0.9449
1305031467.6959 -0.0292 0.5664 0.0198 0.1043 -0.2705 -0.1551 0.9444
1305031467.7275 -0.0255 0.5638 0.0254 0.1087 -0.2704 -0.1606 0.9430
1305031467.7599 -0.0292 0.5666 0.0288 0.1165 -0.2690 -0.1638 0.9419
1305031467.7961 -0.0297 0.5664 0.0260 0.1200 -0.2679 -0.1662 0.9414
1305031467.8278 -0.0353 0.5565 0.0332 0.1225 -0.2675 -0.1671 0.9410
1305031467.8597 -0.0318 0.5650 0.0420 0.1345 -0.2707 -0.1629 0.9392
1305031467.8959 -0.0309 0.5560 0.0445 0.1370 -0.2747 -0.1632 0.9376
1305031467.9278 -0.0310 0.5462 0.0585 0.1398 -0.2794 -0.1661 0.9353
1305031467.9598 -0.0295 0.5319 0.0632 0.1449 -0.2822 -0.1689 0.9332
1305031467.9958 -0.0238 0.5326 0.0677 0.1480 -0.2831 -0.1698 0.9323
1305031468.0281 -0.0237 0.5244 0.0840 0.1478 -0.2835 -0.1727 0.9316
1305031468.0598 -0.0263 0.5130 0.0978 0.1519 -0.2847 -0.1744 0.9303
1305031468.0959 -0.0259 0.5085 0.1048 0.1537 -0.2861 -0.1759 0.9293
1305031468.1278 -0.0241 0.4997 0.1185 0.1532 -0.2881 -0.1767 0.9286
1305031468.1599 -0.0246 0.4897 0.1312 0.1550 -0.2892 -0.1785 0.9276
1305031468.1960 -0.0202 0.4833 0.1452 0.1561 -0.2902 -0.1812 0.9266
1305031468.2282 -0.0152 0.4704 0.1655 0.1556 -0.2912 -0.1818 0.9263
1305031468.2598 -0.0075 0.4563 0.1848 0.1554 -0.2928 -0.1807 0.9260
1305031468.2958 -0.0026 0.4438 0.2017 0.1558 -0.2920 -0.1815 0.9260
1305031468.3278 0.0073 0.4134 0.2225 0.1539 -0.2950 -0.1798 0.9257
1305031468.3598 0.0157 0.3986 0.2381 0.1566 -0.2954 -0.1757 0.9259
1305031468.3959 0.0199 0.3918 0.2442 0.1559 -0.2950 -0.1757 0.9262
1305031468.4280 0.0223 0.3732 0.2586 0.1528 -0.2959 -0.1749 0.9265
1305031468.4598 0.0240 0.3463 0.2663 0.1486 -0.2972 -0.1711 0.9275
1305031468.4958 0.0282 0.3378 0.2747 0.1483 -0.2972 -0.1720 0.9274
1305031468.5278 0.0209 0.3141 0.2871 0.1488 -0.2950 -0.1778 0.9269
1305031468.5597 0.0138 0.2978 0.2752 0.1559 -0.2911 -0.1881 0.9250
1305031468.5958 0.0114 0.2947 0.2684 0.1598 -0.2893 -0.1930 0.9239
1305031468.6276 0.0073 0.2855 0.2712 0.1563 -0.2899 -0.1940 0.9241
1305031468.6596 -0.0015 0.2584 0.2718 0.1533 -0.2927 -0.1958 0.9233
1305031468.6958 -0.0116 0.2428 0.2728 0.1587 -0.2962 -0.2012 0.9201
1305031468.7278 -0.0186 0.2346 0.2733 0.1648 -0.2999 -0.2030 0.9175
1305031468.7596 -0.0236 0.2231 0.2761 0.1655 -0.3029 -0.2029 0.9163
1305031468.7958 -0.0376 0.2053 0.2738 0.1702 -0.3029 -0.2073 0.9145
1305031468.8292 -0.0439 0.1952 0.2602 0.1787 -0.3015 -0.2136 0.9119
1305031468.8597 -0.0439 0.1914 0.2588 0.1809 -0.3008 -0.2165 0.9110
1305031468.8959 -0.0397 0.1791 0.2756 0.1804 -0.2995 -0.2176 0.9112
1305031468.9281 -0.0430 0.1773 0.2716 0.1789 -0.2921 -0.2156 0.9144
1305031468.9596 -0.0515 0.1738 0.2635 0.1738 -0.2852 -0.2141 0.9179
1305031468.9957 -0.0534 0.1801 0.2695 0.1631 -0.2817 -0.2184 0.9200
1305031469.0277 -0.0575 0.1701 0.2740 0.1441 -0.2784 -0.2260 0.9223
1305031469.0598 -0.0698 0.1493 0.2787 0.1279 -0.2762 -0.2336 0.9235
1305031469.0957 -0.0703 0.1475 0.2850 0.1191 -0.2744 -0.2436 0.9226
1305031469.1277 -0.0660 0.1330 0.3023 0.1067 -0.2711 -0.2544 0.9222
1305031469.1597 -0.0700 0.1229 0.3206 0.0973 -0.2638 -0.2634 0.9228
1305031469.1955 -0.0827 0.1153 0.3200 0.0892 -0.2507 -0.2662 0.9265
1305031469.2278 -0.0917 0.1110 0.3276 0.0860 -0.2460 -0.2684 0.9274
1305031469.2596 -0.1007 0.1045 0.3450 0.0797 -0.2424 -0.2731 0.9275
1305031469.2968 -0.1059 0.1048 0.3584 0.0776 -0.2387 -0.2753 0.9280
1305031469.3276 -0.1118 0.1068 0.3666 0.0746 -0.2354 -0.2774 0.9285
1305031469.3596 -0.1081 0.0999 0.3887 0.0690 -0.2348 -0.2826 0.9275
1305031469.3957 -0.1107 0.0985 0.4028 0.0704 -0.2232 -0.2871 0.9289
1305031469.4277 -0.1180 0.1027 0.4183 0.0739 -0.2106 -0.2924 0.9299
1305031469.4597 -0.1173 0.0942 0.4336 0.0717 -0.2051 -0.2990 0.9292
1305031469.4957 -0.1270 0.1034 0.4412 0.0734 -0.1994 -0.3003 0.9299
1305031469.5276 -0.1261 0.1131 0.4551 0.0733 -0.2012 -0.2980 0.9302
1305031469.5596 -0.1296 0.1156 0.4686 0.0671 -0.2020 -0.2992 0.9302
1305031469.5958 -0.1332 0.1356 0.4815 0.0639 -0.1997 -0.2962 0.9318
1305031469.6278 -0.1405 0.1510 0.5004 0.0586 -0.1962 -0.2975 0.9325
1305031469.6596 -0.1461 0.1503 0.5090 0.0510 -0.1928 -0.2960 0.9342
1305031469.6956 -0.1605 0.1679 0.5299 0.0491 -0.1856 -0.2937 0.9364
1305031469.7277 -0.1678 0.1850 0.5434 0.0474 -0.1796 -0.2910 0.9385
1305031469.7596 -0.1683 0.1918 0.5519 0.0408 -0.1778 -0.2876 0.9402
1305031469.7956 -0.1920 0.2133 0.5710 0.0369 -0.1703 -0.2843 0.9428
1305031469.8275 -0.2088 0.2374 0.5862 0.0367 -0.1666 -0.2807 0.9445
1305031469.8596 -0.2132 0.2459 0.5912 0.0282 -0.1701 -0.2797 0.9445
1305031469.8958 -0.2305 0.2591 0.6053 0.0229 -0.1682 -0.2785 0.9453
1305031469.9279 -0.2382 0.2764 0.6142 0.0216 -0.1707 -0.2729 0.9465
1305031469.9598 -0.2523 0.2897 0.6217 0.0189 -0.1728 -0.2718 0.9465
1305031469.9956 -0.2633 0.3034 0.6286 0.0182 -0.1749 -0.2696 0.9468
1305031470.0277 -0.2759 0.3257 0.6387 0.0184 -0.1755 -0.2677 0.9472
1305031470.0596 -0.2897 0.3397 0.6372 0.0171 -0.1745 -0.2677 0.9474
1305031470.0959 -0.3008 0.3469 0.6439 0.0126 -0.1762 -0.2664 0.9475
1305031470.1276 -0.3146 0.3661 0.6439 0.0100 -0.1744 -0.2639 0.9486
1305031470.1596 -0.3342 0.3853 0.6475 0.0095 -0.1719 -0.2597 0.9502
1305031470.1961 -0.3463 0.4031 0.6501 0.0092 -0.1731 -0.2538 0.9516
1305031470.2276 -0.3511 0.4026 0.6437 -0.0009 -0.1774 -0.2564 0.9502
1305031470.2600 -0.3672 0.4258 0.6507 -0.0007 -0.1765 -0.2477 0.9526
1305031470.2957 -0.3788 0.4378 0.6489 -0.0060 -0.1755 -0.2467 0.9530
1305031470.3276 -0.3929 0.4594 0.6534 -0.0072 -0.1755 -0.2400 0.9547
1305031470.3596 -0.4046 0.4709 0.6483 -0.0118 -0.1763 -0.2364 0.9555
1305031470.3958 -0.4143 0.4798 0.6523 -0.0165 -0.1820 -0.2311 0.9556
1305031470.4276 -0.4325 0.4958 0.6516 -0.0142 -0.1800 -0.2302 0.9562
1305031470.4597 -0.4401 0.5024 0.6495 -0.0146 -0.1859 -0.2295 0.9553
1305031470.4957 -0.4520 0.5100 0.6468 -0.0142 -0.1888 -0.2283 0.9550
1305031470.5277 -0.4594 0.5147 0.6447 -0.0148 -0.1918 -0.2273 0.9546
1305031470.5597 -0.4716 0.5206 0.6420 -0.0155 -0.1915 -0.2300 0.9540
1305031470.5958 -0.4800 0.5293 0.6402 -0.0150 -0.1935 -0.2231 0.9553
1305031470.6277 -0.4905 0.5381 0.6396 -0.0162 -0.1940 -0.2189 0.9561
1305031470.6597 -0.5047 0.5495 0.6379 -0.0140 -0.1902 -0.2126 0.9583
1305031470.6956 -0.5169 0.5581 0.6383 -0.0138 -0.1908 -0.2094 0.9589
1305031470.7277 -0.5283 0.5626 0.6397 -0.0137 -0.1910 -0.2074 0.9593
1305031470.7597 -0.5338 0.5665 0.6379 -0.0132 -0.1890 -0.2053 0.9602
1305031470.7956 -0.5407 0.5724 0.6384 -0.0122 -0.1864 -0.2014 0.9615
1305031470.8278 -0.5508 0.5786 0.6375 -0.0078 -0.1852 -0.1952 0.9631
1305031470.8596 -0.5588 0.5789 0.6338 -0.0056 -0.1856 -0.1897 0.9641
1305031470.8957 -0.5673 0.5853 0.6305 -0.0003 -0.1873 -0.1826 0.9652
1305031470.9277 -0.5751 0.5880 0.6286 0.0048 -0.1918 -0.1780 0.9652
1305031470.9596 -0.5867 0.5907 0.6250 0.0162 -0.1937 -0.1732 0.9655
1305031470.9960 -0.5897 0.5894 0.6206 0.0235 -0.1961 -0.1722 0.9650
1305031471.0276 -0.5926 0.5890 0.6179 0.0339 -0.1976 -0.1684 0.9651
1305031471.0596 -0.5958 0.5851 0.6144 0.0411 -0.1988 -0.1622 0.9656
1305031471.0958 -0.6030 0.5920 0.6083 0.0541 -0.1967 -0.1553 0.9666
1305031471.1277 -0.6049 0.5932 0.6054 0.0604 -0.2009 -0.1454 0.9669
1305031471.1596 -0.6082 0.5965 0.6032 0.0673 -0.2018 -0.1377 0.9674
1305031471.1957 -0.6086 0.5959 0.6026 0.0682 -0.2031 -0.1338 0.9676
1305031471.2276 -0.6106 0.5969 0.6011 0.0686 -0.2028 -0.1305 0.9681
1305031471.2597 -0.6147 0.5970 0.5999 0.0685 -0.2016 -0.1283 0.9686
1305031471.2961 -0.6180 0.5960 0.5995 0.0691 -0.2010 -0.1256 0.9690
1305031471.3276 -0.6170 0.5984 0.5995 0.0738 -0.2011 -0.1210 0.9693
1305031471.3596 -0.6180 0.5996 0.5982 0.0747 -0.1972 -0.1179 0.9704
1305031471.3957 -0.6213 0.5952 0.5965 0.0724 -0.1940 -0.1137 0.9717
1305031471.4277 -0.6232 0.5956 0.5922 0.0744 -0.1932 -0.1083 0.9723
1305031471.4596 -0.6250 0.5975 0.5900 0.0753 -0.1945 -0.1048 0.9724
1305031471.4965 -0.6309 0.5953 0.5846 0.0717 -0.1929 -0.1007 0.9734
1305031471.5276 -0.6330 0.5960 0.5823 0.0715 -0.1925 -0.0982 0.9737
1305031471.5597 -0.6338 0.5971 0.5802 0.0716 -0.1916 -0.0972 0.9740
1305031471.5957 -0.6353 0.5971 0.5789 0.0710 -0.1891 -0.0953 0.9747
1305031471.6276 -0.6371 0.5989 0.5768 0.0721 -0.1857 -0.0939 0.9754
1305031471.6596 -0.6382 0.6005 0.5740 0.0738 -0.1829 -0.0907 0.9761
1305031471.6956 -0.6368 0.6012 0.5706 0.0740 -0.1819 -0.0880 0.9766
1305031471.7275 -0.6377 0.5993 0.5664 0.0704 -0.1785 -0.0851 0.9777
1305031471.7597 -0.6384 0.6007 0.5618 0.0702 -0.1735 -0.0783 0.9792
1305031471.7958 -0.6386 0.5993 0.5554 0.0670 -0.1676 -0.0724 0.9809
1305031471.8276 -0.6391 0.6009 0.5536 0.0641 -0.1653 -0.0692 0.9817
1305031471.8597 -0.6392 0.6066 0.5545 0.0613 -0.1645 -0.0594 0.9827
1305031471.8956 -0.6412 0.6071 0.5528 0.0554 -0.1610 -0.0548 0.9839
1305031471.9277 -0.6427 0.6053 0.5531 0.0460 -0.1573 -0.0481 0.9853
1305031471.9596 -0.6471 0.6081 0.5558 0.0458 -0.1500 -0.0416 0.9867
1305031471.9956 -0.6487 0.6152 0.5512 0.0482 -0.1428 -0.0430 0.9876
1305031472.0276 -0.6484 0.6227 0.5494 0.0458 -0.1409 -0.0372 0.9883
1305031472.0597 -0.6523 0.6217 0.5535 0.0413 -0.1380 -0.0322 0.9891
1305031472.0956 -0.6528 0.6229 0.5525 0.0389 -0.1360 -0.0263 0.9896
1305031472.1276 -0.6535 0.6302 0.5503 0.0383 -0.1363 -0.0225 0.9897
1305031472.1596 -0.6633 0.6307 0.5567 0.0349 -0.1339 -0.0184 0.9902
1305031472.1957 -0.6696 0.6401 0.5596 0.0443 -0.1322 -0.0092 0.9902
1305031472.2276 -0.6727 0.6551 0.5606 0.0584 -0.1308 -0.0050 0.9897
1305031472.2638 -0.6730 0.6579 0.5583 0.0656 -0.1304 -0.0054 0.9893
1305031472.2957 -0.6712 0.6543 0.5560 0.0691 -0.1315 -0.0040 0.9889
1305031472.3277 -0.6719 0.6638 0.5524 0.0798 -0.1301 0.0026 0.9883
1305031472.3636 -0.6730 0.6636 0.5516 0.0795 -0.1301 0.0036 0.9883
1305031472.3956 -0.6745 0.6627 0.5510 0.0795 -0.1310 0.0046 0.9882
1305031472.4277 -0.6746 0.6584 0.5508 0.0793 -0.1350 0.0050 0.9877
1305031472.4636 -0.6747 0.6551 0.5483 0.0807 -0.1351 0.0036 0.9875
1305031472.4956 -0.6717 0.6510 0.5465 0.0793 -0.1338 0.0016 0.9878
1305031472.5276 -0.6716 0.6472 0.5468 0.0801 -0.1323 0.0028 0.9880
1305031472.5636 -0.6721 0.6465 0.5480 0.0848 -0.1325 0.0057 0.9875
1305031472.5957 -0.6670 0.6435 0.5445 0.0869 -0.1364 0.0084 0.9868
1305031472.6277 -0.6659 0.6424 0.5452 0.0870 -0.1371 0.0091 0.9867
1305031472.6636 -0.6651 0.6403 0.5449 0.0876 -0.1376 0.0111 0.9866
1305031472.6958 -0.6634 0.6329 0.5438 0.0870 -0.1386 0.0127 0.9864
1305031472.7276 -0.6619 0.6291 0.5432 0.0896 -0.1392 0.0117 0.9861
1305031472.7636 -0.6624 0.6292 0.5435 0.0930 -0.1378 0.0111 0.9860
1305031472.7956 -0.6606 0.6234 0.5455 0.0924 -0.1376 0.0098 0.9861
1305031472.8276 -0.6595 0.6183 0.5468 0.0932 -0.1372 0.0104 0.9861
1305031472.8636 -0.6596 0.6190 0.5471 0.0951 -0.1372 0.0117 0.9859
1305031472.8957 -0.6603 0.6198 0.5476 0.0963 -0.1379 0.0133 0.9857
1305031472.9277 -0.6588 0.6171 0.5487 0.0951 -0.1395 0.0140 0.9855
1305031472.9638 -0.6580 0.6149 0.5490 0.0942 -0.1400 0.0157 0.9855
1305031472.9957 -0.6593 0.6163 0.5504 0.0951 -0.1404 0.0171 0.9854
1305031473.0276 -0.6612 0.6181 0.5516 0.0962 -0.1403 0.0172 0.9853
1305031473.0637 -0.6594 0.6150 0.5533 0.0944 -0.1420 0.0155 0.9852
1305031473.0957 -0.6582 0.6116 0.5504 0.0930 -0.1408 0.0133 0.9856
1305031473.1277 -0.6578 0.6103 0.5509 0.0925 -0.1406 0.0124 0.9857
1305031473.1671 -0.6582 0.6081 0.5515 0.0929 -0.1410 0.0120 0.9856
1305031473.1961 -0.6563 0.6022 0.5505 0.0906 -0.1423 0.0119 0.9856
