1305031453.3917 0.0000 0.0000 0.0000 0.0000 0.0000 0.0000 1.0000
1305031453.5237 0.0117 0.0211 -0.0365 0.0182 0.0216 0.0376 0.9989
1305031453.6277 0.0130 0.0404 -0.0765 0.0400 0.0264 0.0533 0.9974
1305031453.7277 0.0003 0.0669 -0.1223 0.0590 0.0113 0.0425 0.9973
1305031453.8278 -0.0221 0.0894 -0.1603 0.0707 -0.0141 0.0205 0.9972
1305031453.9277 -0.0542 0.1104 -0.1890 0.0694 -0.0612 0.0017 0.9957
1305031453.9596 -0.0610 0.1163 -0.1979 0.0674 -0.0777 -0.0074 0.9947
1305031453.9916 -0.0719 0.1167 -0.1979 0.0656 -0.0890 -0.0185 0.9937
1305031454.0277 -0.0800 0.1183 -0.2013 0.0676 -0.1019 -0.0282 0.9921
1305031454.0597 -0.0878 0.1224 -0.2058 0.0687 -0.1137 -0.0396 0.9903
1305031454.0917 -0.0955 0.1200 -0.1985 0.0687 -0.1265 -0.0525 0.9882
1305031454.1277 -0.1047 0.1211 -0.1975 0.0724 -0.1412 -0.0661 0.9851
1305031454.1597 -0.1119 0.1263 -0.2013 0.0733 -0.1573 -0.0783 0.9817
1305031454.1917 -0.1235 0.1278 -0.2023 0.0716 -0.1731 -0.0929 0.9779
1305031454.2277 -0.1386 0.1291 -0.1968 0.0756 -0.1889 -0.1114 0.9727
1305031454.2596 -0.1376 0.1292 -0.1958 0.0811 -0.2051 -0.1270 0.9671
1305031454.2916 -0.1416 0.1314 -0.1970 0.0795 -0.2133 -0.1383 0.9639
1305031454.3277 -0.1569 0.1324 -0.2011 0.0806 -0.2201 -0.1532 0.9600
1305031454.3596 -0.1618 0.1370 -0.1980 0.0886 -0.2328 -0.1680 0.9538
1305031454.3917 -0.1667 0.1403 -0.2023 0.0900 -0.2403 -0.1802 0.9496
1305031454.4275 -0.1796 0.1472 -0.2045 0.0930 -0.2498 -0.1945 0.9440
1305031454.4599 -0.1785 0.1473 -0.2038 0.0955 -0.2621 -0.2101 0.9370
1305031454.4916 -0.1829 0.1507 -0.2055 0.0975 -0.2666 -0.2258 0.9319
1305031454.5277 -0.1849 0.1563 -0.2080 0.0979 -0.2727 -0.2420 0.9260
1305031454.5596 -0.1876 0.1586 -0.2090 0.0945 -0.2783 -0.2540 0.9215
1305031454.5916 -0.1964 0.1618 -0.2110 0.0915 -0.2868 -0.2709 0.9143
1305031454.6276 -0.2000 0.1628 -0.2101 0.0889 -0.2998 -0.2850 0.9061
1305031454.6595 -0.1992 0.1705 -0.2118 0.0840 -0.3116 -0.2926 0.9001
1305031454.6919 -0.2000 0.1696 -0.2095 0.0754 -0.3256 -0.2996 0.8936
1305031454.7277 -0.1978 0.1708 -0.2045 0.0703 -0.3399 -0.3049 0.8869
1305031454.7597 -0.1921 0.1713 -0.2012 0.0631 -0.3477 -0.3024 0.8853
1305031454.7916 -0.1875 0.1751 -0.1994 0.0572 -0.3514 -0.2958 0.8864
1305031454.8276 -0.1803 0.1829 -0.1987 0.0534 -0.3529 -0.2906 0.8878
1305031454.8596 -0.1768 0.1881 -0.1965 0.0471 -0.3504 -0.2844 0.8912
1305031454.8918 -0.1737 0.1947 -0.1964 0.0427 -0.3457 -0.2777 0.8953
1305031454.9276 -0.1711 0.2017 -0.1983 0.0382 -0.3400 -0.2723 0.8993
1305031454.9596 -0.1713 0.2091 -0.2024 0.0343 -0.3343 -0.2668 0.9033
1305031454.9919 -0.1748 0.2160 -0.2081 0.0307 -0.3304 -0.2615 0.9064
1305031455.0278 -0.1747 0.2272 -0.2124 0.0307 -0.3293 -0.2588 0.9075
1305031455.0596 -0.1780 0.2326 -0.2153 0.0283 -0.3264 -0.2574 0.9091
1305031455.0917 -0.1821 0.2398 -0.2205 0.0302 -0.3228 -0.2570 0.9104
1305031455.1277 -0.1865 0.2517 -0.2270 0.0320 -0.3175 -0.2555 0.9126
1305031455.1597 -0.1951 0.2618 -0.2343 0.0308 -0.3120 -0.2515 0.9157
1305031455.1917 -0.2041 0.2702 -0.2386 0.0269 -0.3081 -0.2461 0.9186
1305031455.2276 -0.2129 0.2768 -0.2439 0.0257 -0.3046 -0.2407 0.9212
1305031455.2596 -0.2181 0.2909 -0.2505 0.0245 -0.2996 -0.2348 0.9244
1305031455.2918 -0.2312 0.2957 -0.2557 0.0150 -0.2930 -0.2260 0.9289
1305031455.3278 -0.2419 0.3060 -0.2644 0.0093 -0.2894 -0.2160 0.9325
1305031455.3596 -0.2473 0.3163 -0.2677 0.0018 -0.2878 -0.2103 0.9343
1305031455.3917 -0.2577 0.3172 -0.2709 -0.0099 -0.2807 -0.2030 0.9380
1305031455.4276 -0.2716 0.3228 -0.2787 -0.0175 -0.2727 -0.1935 0.9423
1305031455.4596 -0.2849 0.3235 -0.2858 -0.0237 -0.2687 -0.1852 0.9450
1305031455.4916 -0.2956 0.3280 -0.2949 -0.0289 -0.2648 -0.1746 0.9479
1305031455.5276 -0.3119 0.3265 -0.3028 -0.0359 -0.2610 -0.1618 0.9510
1305031455.5597 -0.3271 0.3274 -0.3151 -0.0396 -0.2608 -0.1487 0.9531
1305031455.5916 -0.3376 0.3323 -0.3277 -0.0426 -0.2616 -0.1347 0.9548
1305031455.6596 -0.3678 0.3256 -0.3434 -0.0481 -0.2581 -0.1161 0.9579
1305031455.6916 -0.3808 0.3281 -0.3569 -0.0435 -0.2562 -0.1167 0.9586
1305031455.7276 -0.3933 0.3262 -0.3685 -0.0411 -0.2532 -0.1213 0.9589
1305031455.7597 -0.4058 0.3244 -0.3816 -0.0396 -0.2478 -0.1243 0.9600
1305031455.7917 -0.4203 0.3166 -0.3945 -0.0391 -0.2424 -0.1231 0.9615
1305031455.8276 -0.4322 0.3149 -0.4113 -0.0361 -0.2390 -0.1227 0.9626
1305031455.8595 -0.4426 0.3107 -0.4234 -0.0360 -0.2375 -0.1238 0.9628
1305031455.8917 -0.4514 0.3077 -0.4362 -0.0355 -0.2350 -0.1241 0.9634
1305031455.9280 -0.4614 0.3032 -0.4461 -0.0363 -0.2317 -0.1248 0.9641
1305031455.9597 -0.4692 0.3030 -0.4590 -0.0346 -0.2283 -0.1270 0.9647
1305031455.9917 -0.4772 0.3019 -0.4683 -0.0357 -0.2237 -0.1292 0.9654
1305031456.0278 -0.4853 0.3083 -0.4816 -0.0373 -0.2165 -0.1343 0.9663
1305031456.0597 -0.4979 0.3032 -0.4862 -0.0458 -0.2108 -0.1421 0.9661
1305031456.0917 -0.5097 0.2960 -0.4900 -0.0511 -0.2063 -0.1474 0.9660
1305031456.1276 -0.5200 0.2925 -0.4957 -0.0516 -0.2018 -0.1488 0.9667
1305031456.1597 -0.5292 0.2852 -0.4951 -0.0527 -0.1970 -0.1490 0.9676
1305031456.1917 -0.5384 0.2788 -0.4994 -0.0476 -0.1893 -0.1464 0.9698
1305031456.2277 -0.5448 0.2854 -0.5058 -0.0417 -0.1794 -0.1427 0.9725
1305031456.2917 -0.5703 0.2700 -0.5053 -0.0422 -0.1566 -0.1355 0.9774
1305031456.3277 -0.5811 0.2650 -0.5037 -0.0384 -0.1464 -0.1284 0.9801
1305031456.3916 -0.6039 0.2607 -0.4986 -0.0337 -0.1219 -0.1189 0.9848
1305031456.4277 -0.6225 0.2652 -0.4988 -0.0258 -0.1093 -0.1118 0.9874
1305031456.4917 -0.6607 0.2846 -0.4937 -0.0280 -0.0989 -0.1004 0.9896
1305031456.5276 -0.6739 0.2849 -0.4851 -0.0346 -0.1002 -0.0954 0.9898
1305031456.5917 -0.6955 0.2894 -0.4718 -0.0371 -0.0956 -0.0840 0.9912
1305031456.6276 -0.7075 0.3011 -0.4643 -0.0477 -0.0893 -0.0788 0.9917
1305031456.6916 -0.7450 0.2868 -0.4440 -0.0629 -0.0764 -0.0641 0.9930
1305031456.8276 -0.8035 0.3084 -0.4151 -0.0708 -0.0855 -0.0323 0.9933
1305031457.0917 -0.8999 0.3280 -0.3741 -0.1003 -0.0474 0.0037 0.9938
1305031457.2275 -0.9481 0.3204 -0.3907 -0.1069 -0.0185 0.0263 0.9938
1305031457.3275 -0.9846 0.3127 -0.4189 -0.0957 0.0074 0.0439 0.9944
1305031457.3917 -1.0140 0.2971 -0.4370 -0.0939 0.0314 0.0567 0.9935
1305031457.4917 -1.0611 0.2815 -0.4689 -0.0909 0.0477 0.0726 0.9921
1305031457.5597 -1.0854 0.2690 -0.4916 -0.0843 0.0564 0.0798 0.9916
1305031457.6596 -1.1335 0.2611 -0.5216 -0.0761 0.0683 0.0904 0.9906
1305031457.7277 -1.1563 0.2351 -0.5300 -0.0865 0.0698 0.0917 0.9896
1305031457.7916 -1.1750 0.2051 -0.5410 -0.0798 0.0755 0.0898 0.9899
1305031457.8277 -1.1876 0.2073 -0.5533 -0.0677 0.0830 0.0907 0.9901
1305031457.8916 -1.2137 0.1786 -0.5574 -0.0607 0.0992 0.0920 0.9889
1305031457.9276 -1.2330 0.1762 -0.5635 -0.0467 0.1050 0.0965 0.9887
1305031457.9916 -1.2558 0.1623 -0.5663 -0.0355 0.1063 0.1023 0.9884
1305031458.0278 -1.2650 0.1494 -0.5649 -0.0284 0.1092 0.1033 0.9882
1305031458.0597 -1.2807 0.1580 -0.5660 -0.0170 0.1143 0.1061 0.9876
1305031458.0917 -1.2964 0.1587 -0.5614 -0.0162 0.1193 0.1079 0.9868
1305031458.1276 -1.3096 0.1507 -0.5517 -0.0181 0.1231 0.1083 0.9863
1305031458.1596 -1.3243 0.1434 -0.5427 -0.0168 0.1257 0.1106 0.9857
1305031458.1916 -1.3401 0.1479 -0.5349 -0.0153 0.1252 0.1154 0.9853
1305031458.2276 -1.3509 0.1416 -0.5217 -0.0231 0.1218 0.1164 0.9854
1305031458.2599 -1.3594 0.1211 -0.4990 -0.0279 0.1187 0.1129 0.9861
1305031458.2917 -1.3781 0.1176 -0.4907 -0.0188 0.1152 0.1134 0.9867
1305031458.3276 -1.3879 0.1132 -0.4786 -0.0174 0.1084 0.1160 0.9872
1305031458.3596 -1.3946 0.1017 -0.4562 -0.0111 0.1034 0.1170 0.9877
1305031458.3916 -1.4073 0.1036 -0.4458 0.0021 0.1007 0.1211 0.9875
1305031458.4276 -1.4126 0.1021 -0.4327 0.0094 0.0993 0.1299 0.9865
1305031458.4596 -1.4096 0.0915 -0.4157 0.0181 0.1015 0.1383 0.9850
1305031458.4917 -1.4101 0.0850 -0.3985 0.0374 0.1101 0.1383 0.9835
1305031458.5277 -1.4300 0.1093 -0.3814 0.0623 0.1234 0.1354 0.9811
1305031458.5596 -1.4376 0.1139 -0.3622 0.0702 0.1324 0.1334 0.9797
1305031458.5916 -1.4480 0.1157 -0.3398 0.0799 0.1392 0.1277 0.9787
1305031458.6277 -1.4644 0.1401 -0.3191 0.0868 0.1412 0.1225 0.9785
1305031458.6596 -1.4756 0.1403 -0.2980 0.0802 0.1379 0.1231 0.9795
1305031458.6917 -1.4801 0.1427 -0.2724 0.0750 0.1231 0.1164 0.9827
1305031458.7276 -1.4760 0.1356 -0.2499 0.0719 0.1082 0.1077 0.9857
1305031458.7599 -1.4889 0.1380 -0.2355 0.0780 0.0961 0.0975 0.9875
1305031458.7916 -1.4932 0.1501 -0.2238 0.0790 0.0805 0.0880 0.9897
1305031458.8276 -1.4901 0.1464 -0.2084 0.0717 0.0714 0.0855 0.9912
1305031458.8917 -1.4891 0.1423 -0.1858 0.0789 0.0680 0.0749 0.9917
1305031458.9276 -1.4996 0.1461 -0.1819 0.0770 0.0753 0.0810 0.9909
1305031458.9596 -1.5033 0.1382 -0.1748 0.0682 0.0802 0.0935 0.9900
1305031458.9916 -1.5050 0.1239 -0.1686 0.0682 0.0817 0.0978 0.9895
1305031459.0277 -1.5247 0.1198 -0.1622 0.0793 0.0808 0.0977 0.9888
1305031459.0596 -1.5452 0.1110 -0.1504 0.0870 0.0755 0.1072 0.9875
1305031459.1276 -1.6126 0.2245 -0.1298 0.1251 0.0930 0.0753 0.9849
1305031459.1596 -1.6226 0.2216 -0.1201 0.1329 0.0667 0.0766 0.9859
1305031459.1917 -1.6322 0.2217 -0.1115 0.1381 0.0473 0.0829 0.9858
1305031459.2276 -1.6382 0.2217 -0.1027 0.1396 0.0334 0.0940 0.9852
1305031459.2598 -1.6377 0.2271 -0.0901 0.1401 0.0290 0.1037 0.9843
1305031459.3276 -1.6462 0.2325 -0.0649 0.1376 0.0591 0.1336 0.9797
1305031459.3597 -1.6562 0.2412 -0.0540 0.1436 0.0833 0.1544 0.9740
1305031459.3917 -1.6727 0.2629 -0.0413 0.1448 0.1118 0.1810 0.9663
1305031459.4276 -1.6721 0.2663 -0.0295 0.1340 0.1437 0.2185 0.9559
1305031459.4597 -1.6838 0.2703 -0.0243 0.1340 0.1761 0.2551 0.9413
1305031459.5276 -1.7068 0.3038 0.0212 0.1442 0.1940 0.2399 0.9402
1305031459.5596 -1.7243 0.2977 0.0155 0.1379 0.2083 0.2673 0.9307
1305031459.5917 -1.7431 0.3004 0.0182 0.1363 0.2151 0.2856 0.9239
1305031459.6276 -1.7529 0.2969 0.0213 0.1315 0.2166 0.2960 0.9210
1305031459.6596 -1.7656 0.3013 0.0262 0.1327 0.2234 0.2964 0.9190
1305031459.6916 -1.7835 0.2981 0.0310 0.1274 0.2363 0.3021 0.9147
1305031459.7276 -1.7984 0.2839 0.0320 0.1204 0.2449 0.3069 0.9118
1305031459.7917 -1.8396 0.2615 0.0393 0.1208 0.2581 0.3008 0.9101
1305031459.8277 -1.8576 0.2532 0.0444 0.1200 0.2593 0.2982 0.9107
1305031459.8597 -1.8765 0.2441 0.0514 0.1159 0.2596 0.2968 0.9116
1305031459.8916 -1.8882 0.2315 0.0573 0.1103 0.2558 0.3000 0.9124
1305031459.9276 -1.8991 0.2195 0.0631 0.1092 0.2532 0.3031 0.9122
1305031459.9917 -1.9226 0.1990 0.0757 0.1044 0.2511 0.3105 0.9109
1305031460.0276 -1.9302 0.1854 0.0814 0.1029 0.2509 0.3138 0.9099
1305031460.0597 -1.9428 0.1722 0.0865 0.1032 0.2516 0.3160 0.9089
1305031460.0917 -1.9555 0.1578 0.0925 0.1047 0.2471 0.3232 0.9075
1305031460.1277 -1.9606 0.1445 0.0985 0.1091 0.2370 0.3325 0.9063
1305031460.1597 -1.9693 0.1378 0.1048 0.1156 0.2285 0.3392 0.9052
1305031460.1916 -1.9705 0.1314 0.1140 0.1155 0.2208 0.3457 0.9046
1305031460.2278 -1.9631 0.1216 0.1232 0.1157 0.2188 0.3496 0.9036
1305031460.2917 -1.9684 0.1017 0.1339 0.1188 0.2349 0.3498 0.8991
1305031460.3275 -1.9717 0.0902 0.1380 0.1202 0.2432 0.3522 0.8958
1305031460.3916 -1.9750 0.0713 0.1506 0.1170 0.2623 0.3597 0.8878
1305031460.4275 -1.9770 0.0599 0.1553 0.1163 0.2727 0.3652 0.8825
1305031460.4596 -1.9773 0.0544 0.1609 0.1158 0.2849 0.3695 0.8769
1305031460.4915 -1.9839 0.0467 0.1660 0.1109 0.2999 0.3764 0.8695
1305031460.5276 -1.9853 0.0350 0.1693 0.1045 0.3102 0.3875 0.8618
1305031460.5596 -1.9845 0.0234 0.1726 0.0985 0.3192 0.3926 0.8569
1305031460.5919 -1.9885 0.0130 0.1764 0.0952 0.3287 0.3940 0.8530
1305031460.6276 -1.9891 0.0018 0.1799 0.0924 0.3365 0.3972 0.8488
1305031460.6598 -1.9956 -0.0100 0.1838 0.0905 0.3451 0.3968 0.8457
1305031460.6917 -2.0030 -0.0197 0.1902 0.0878 0.3504 0.3980 0.8433
1305031460.7277 -2.0030 -0.0292 0.1960 0.0828 0.3524 0.3988 0.8426
1305031460.7597 -2.0031 -0.0405 0.2014 0.0796 0.3574 0.3978 0.8412
1305031460.7917 -2.0098 -0.0518 0.2090 0.0770 0.3625 0.3970 0.8397
1305031460.8277 -2.0112 -0.0594 0.2174 0.0727 0.3645 0.3945 0.8404
1305031460.8597 -2.0106 -0.0670 0.2247 0.0669 0.3682 0.3924 0.8402
1305031460.8918 -2.0113 -0.0797 0.2332 0.0596 0.3739 0.3905 0.8391
1305031460.9276 -2.0131 -0.0921 0.2432 0.0540 0.3771 0.3903 0.8382
1305031460.9917 -2.0021 -0.1170 0.2554 0.0506 0.3803 0.3937 0.8353
1305031461.0276 -2.0003 -0.1286 0.2634 0.0519 0.3826 0.3945 0.8339
1305031461.0917 -2.0003 -0.1415 0.2795 0.0554 0.3817 0.3929 0.8348
1305031461.1276 -1.9927 -0.1519 0.2849 0.0532 0.3814 0.3913 0.8358
1305031461.1597 -1.9877 -0.1636 0.2916 0.0547 0.3828 0.3896 0.8359
1305031461.1920 -1.9861 -0.1671 0.2973 0.0583 0.3832 0.3847 0.8377
1305031461.2276 -1.9833 -0.1733 0.3034 0.0588 0.3845 0.3821 0.8383
1305031461.2596 -1.9784 -0.1811 0.3095 0.0599 0.3848 0.3788 0.8395
1305031461.2917 -1.9750 -0.1842 0.3155 0.0624 0.3854 0.3725 0.8419
1305031461.3278 -1.9691 -0.1841 0.3206 0.0645 0.3871 0.3676 0.8431
1305031461.3597 -1.9699 -0.1836 0.3273 0.0611 0.3914 0.3636 0.8431
1305031461.3917 -1.9605 -0.1945 0.3343 0.0525 0.3918 0.3655 0.8427
1305031461.4276 -1.9539 -0.1984 0.3375 0.0519 0.3923 0.3637 0.8433
1305031461.4598 -1.9520 -0.1962 0.3418 0.0492 0.3925 0.3652 0.8427
1305031461.4917 -1.9385 -0.2078 0.3412 0.0439 0.3915 0.3680 0.8422
1305031461.5277 -1.9376 -0.2062 0.3411 0.0500 0.3931 0.3649 0.8425
1305031461.5597 -1.9298 -0.2006 0.3364 0.0499 0.3933 0.3617 0.8438
1305031461.5917 -1.9264 -0.1981 0.3329 0.0505 0.4005 0.3581 0.8419
1305031461.6275 -1.9237 -0.1951 0.3312 0.0482 0.4062 0.3582 0.8393
1305031461.6596 -1.9202 -0.1927 0.3296 0.0462 0.4108 0.3584 0.8370
1305031461.6916 -1.9194 -0.1869 0.3283 0.0454 0.4136 0.3638 0.8334
1305031461.7276 -1.9113 -0.1831 0.3250 0.0426 0.4131 0.3700 0.8311
1305031461.7597 -1.9096 -0.1735 0.3199 0.0430 0.4144 0.3723 0.8294
1305031461.7916 -1.9052 -0.1646 0.3155 0.0390 0.4159 0.3769 0.8267
1305031461.8276 -1.9006 -0.1572 0.3107 0.0372 0.4196 0.3819 0.8226
1305031461.8598 -1.9026 -0.1436 0.3079 0.0373 0.4239 0.3880 0.8176
1305031461.8917 -1.9051 -0.1334 0.3070 0.0333 0.4259 0.3997 0.8110
1305031461.9278 -1.8987 -0.1251 0.3038 0.0255 0.4234 0.4096 0.8076
1305031461.9597 -1.8928 -0.1088 0.2963 0.0218 0.4256 0.4122 0.8053
1305031461.9916 -1.9039 -0.0964 0.2984 0.0158 0.4349 0.4184 0.7972
1305031462.0277 -1.9049 -0.0984 0.3031 0.0033 0.4365 0.4309 0.7898
1305031462.0598 -1.9067 -0.0951 0.3058 -0.0016 0.4329 0.4435 0.7848
1305031462.0918 -1.9062 -0.0848 0.3021 -0.0032 0.4257 0.4550 0.7821
1305031462.1277 -1.9070 -0.0751 0.3000 -0.0058 0.4221 0.4643 0.7786
1305031462.1596 -1.9078 -0.0699 0.2980 -0.0104 0.4197 0.4710 0.7758
1305031462.1916 -1.9130 -0.0583 0.2974 -0.0123 0.4193 0.4700 0.7766
1305031462.2276 -1.9186 -0.0489 0.2977 -0.0175 0.4199 0.4706 0.7758
1305031462.2598 -1.9239 -0.0419 0.2986 -0.0238 0.4189 0.4695 0.7768
1305031462.2916 -1.9296 -0.0339 0.2999 -0.0300 0.4165 0.4661 0.7800
1305031462.3597 -1.9449 -0.0140 0.3061 -0.0435 0.4159 0.4542 0.7866
1305031462.4599 -1.9759 -0.0024 0.3485 -0.0742 0.4182 0.4365 0.7931
1305031462.5919 -1.9208 0.0475 0.3444 -0.0780 0.3685 0.4506 0.8094
1305031462.7277 -1.9469 0.0606 0.3291 -0.0870 0.3599 0.4124 0.8323
1305031462.7919 -1.9570 0.0647 0.3146 -0.0936 0.3507 0.3980 0.8425
1305031462.8918 -1.9620 0.0749 0.2920 -0.1081 0.3421 0.3865 0.8496
1305031462.9955 -1.9611 0.0972 0.2632 -0.1040 0.3346 0.3795 0.8563
1305031463.0598 -1.9670 0.0972 0.2256 -0.1002 0.3277 0.3656 0.8654
1305031463.1275 -1.9664 0.1163 0.2051 -0.0948 0.3222 0.3488 0.8750
1305031463.1598 -1.9706 0.1153 0.1856 -0.0934 0.3224 0.3384 0.8791
1305031463.2600 -1.9608 0.1361 0.1497 -0.0894 0.3174 0.3226 0.8872
1305031463.3598 -1.9501 0.1462 0.1110 -0.0856 0.3098 0.3130 0.8937
1305031463.4277 -1.9400 0.1637 0.0846 -0.0818 0.3027 0.3035 0.8998
1305031463.5277 -1.8997 0.1964 0.0477 -0.0785 0.3014 0.2963 0.9029
1305031463.6276 -1.8661 0.2139 0.0136 -0.0734 0.2999 0.2941 0.9045
1305031463.6956 -1.8530 0.2288 -0.0136 -0.0587 0.3043 0.2849 0.9071
1305031463.7597 -1.8133 0.2222 -0.0522 -0.0596 0.3003 0.2769 0.9108
1305031463.8278 -1.7901 0.2225 -0.0891 -0.0554 0.3017 0.2560 0.9167
1305031463.8599 -1.7738 0.2135 -0.1083 -0.0563 0.3020 0.2467 0.9191
1305031463.8956 -1.7657 0.2115 -0.1273 -0.0529 0.3036 0.2372 0.9213
1305031463.9597 -1.7445 0.1993 -0.1605 -0.0520 0.2975 0.2258 0.9262
1305031463.9958 -1.7343 0.1931 -0.1800 -0.0488 0.2937 0.2189 0.9292
1305031464.0277 -1.7275 0.1898 -0.1992 -0.0475 0.2906 0.2104 0.9322
1305031464.0597 -1.7136 0.1792 -0.2168 -0.0492 0.2884 0.2019 0.9347
1305031464.0956 -1.7080 0.1715 -0.2335 -0.0461 0.2901 0.1925 0.9363
1305031464.1277 -1.7095 0.1662 -0.2454 -0.0430 0.2913 0.1865 0.9373
1305031464.1598 -1.7051 0.1552 -0.2555 -0.0388 0.2882 0.1847 0.9388
1305031464.1956 -1.7020 0.1469 -0.2672 -0.0291 0.2819 0.1802 0.9419
1305031464.2276 -1.7056 0.1479 -0.2791 -0.0171 0.2737 0.1748 0.9456
1305031464.2596 -1.7058 0.1503 -0.2919 -0.0091 0.2598 0.1726 0.9501
1305031464.2957 -1.6977 0.1522 -0.3049 -0.0051 0.2422 0.1675 0.9557
1305031464.3279 -1.6837 0.1523 -0.3196 -0.0027 0.2268 0.1614 0.9605
1305031464.3597 -1.6709 0.1456 -0.3339 0.0002 0.2166 0.1560 0.9637
1305031464.3956 -1.6568 0.1499 -0.3504 0.0062 0.2096 0.1468 0.9667
1305031464.4276 -1.6482 0.1512 -0.3646 0.0080 0.2090 0.1365 0.9683
1305031464.4597 -1.6410 0.1436 -0.3799 0.0088 0.2068 0.1280 0.9699
1305031464.4956 -1.6279 0.1443 -0.3965 0.0113 0.2037 0.1209 0.9715
1305031464.5276 -1.6218 0.1454 -0.4136 0.0130 0.2040 0.1123 0.9724
1305031464.5597 -1.6083 0.1406 -0.4307 0.0096 0.2012 0.1008 0.9743
1305031464.5957 -1.5881 0.1192 -0.4532 0.0080 0.2034 0.0901 0.9749
1305031464.6277 -1.5769 0.1127 -0.4728 0.0170 0.2139 0.0803 0.9734
1305031464.6597 -1.5665 0.1069 -0.4870 0.0255 0.2250 0.0665 0.9718
1305031464.6957 -1.5563 0.0851 -0.4971 0.0337 0.2349 0.0491 0.9702
1305031464.7277 -1.5573 0.0830 -0.5034 0.0509 0.2417 0.0306 0.9685
1305031464.7597 -1.5546 0.0922 -0.5105 0.0640 0.2410 0.0104 0.9684
1305031464.7960 -1.5547 0.0824 -0.5079 0.0685 0.2373 -0.0085 0.9690
1305031464.8278 -1.5566 0.0789 -0.5046 0.0777 0.2265 -0.0238 0.9706
1305031464.8597 -1.5451 0.0899 -0.5071 0.0846 0.2085 -0.0402 0.9735
1305031464.8958 -1.5267 0.0910 -0.5109 0.0811 0.1904 -0.0603 0.9765
1305031464.9278 -1.5078 0.0679 -0.5119 0.0730 0.1767 -0.0809 0.9782
1305031464.9598 -1.4873 0.0507 -0.5101 0.0727 0.1689 -0.0991 0.9779
1305031464.9957 -1.4673 0.0489 -0.5064 0.0775 0.1652 -0.1178 0.9761
1305031465.0278 -1.4583 0.0485 -0.4922 0.0798 0.1655 -0.1397 0.9730
1305031465.0597 -1.4554 0.0679 -0.4706 0.0872 0.1617 -0.1598 0.9699
1305031465.0957 -1.4324 0.1091 -0.4555 0.0870 0.1491 -0.1761 0.9691
1305031465.1277 -1.4123 0.1179 -0.4409 0.0682 0.1369 -0.1908 0.9697
1305031465.1598 -1.3995 0.1170 -0.4223 0.0490 0.1273 -0.1991 0.9704
1305031465.1956 -1.3814 0.1173 -0.4056 0.0348 0.1173 -0.2059 0.9709
1305031465.2279 -1.3622 0.1295 -0.3906 0.0235 0.1095 -0.2110 0.9710
1305031465.2598 -1.3504 0.1275 -0.3716 0.0097 0.1029 -0.2115 0.9719
1305031465.3277 -1.3216 0.1519 -0.3453 -0.0003 0.0851 -0.1905 0.9780
1305031465.3956 -1.2884 0.1525 -0.3308 -0.0072 0.0541 -0.1689 0.9841
1305031465.4277 -1.2607 0.1561 -0.3323 -0.0053 0.0391 -0.1579 0.9867
1305031465.4601 -1.2376 0.1679 -0.3351 -0.0017 0.0277 -0.1448 0.9891
1305031465.4957 -1.2120 0.1803 -0.3385 -0.0031 0.0167 -0.1353 0.9907
1305031465.5276 -1.1930 0.1750 -0.3377 -0.0080 0.0076 -0.1315 0.9913
1305031465.5598 -1.1700 0.1789 -0.3443 -0.0032 -0.0018 -0.1262 0.9920
1305031465.5956 -1.1442 0.1894 -0.3524 0.0027 -0.0076 -0.1179 0.9930
1305031465.6277 -1.1288 0.2018 -0.3592 0.0077 -0.0108 -0.1092 0.9939
1305031465.6601 -1.1100 0.2102 -0.3653 0.0108 -0.0202 -0.1011 0.9946
1305031465.6957 -1.0791 0.2179 -0.3721 0.0158 -0.0302 -0.0944 0.9949
1305031465.7277 -1.0559 0.2298 -0.3789 0.0231 -0.0345 -0.0857 0.9955
1305031465.7598 -1.0320 0.2458 -0.3867 0.0308 -0.0399 -0.0773 0.9957
1305031465.7959 -1.0053 0.2576 -0.3907 0.0358 -0.0445 -0.0713 0.9958
1305031465.8280 -0.9818 0.2647 -0.3956 0.0430 -0.0488 -0.0660 0.9957
1305031465.8599 -0.9548 0.2878 -0.4040 0.0556 -0.0520 -0.0624 0.9951
1305031465.8955 -0.9259 0.3058 -0.4072 0.0598 -0.0491 -0.0603 0.9952
1305031465.9275 -0.9023 0.3120 -0.4106 0.0644 -0.0432 -0.0592 0.9952
1305031465.9597 -0.8804 0.3289 -0.4180 0.0762 -0.0362 -0.0613 0.9945
1305031465.9958 -0.8666 0.3481 -0.4265 0.0843 -0.0287 -0.0657 0.9939
1305031466.0276 -0.8500 0.3682 -0.4351 0.0907 -0.0263 -0.0680 0.9932
1305031466.0598 -0.8349 0.3904 -0.4425 0.0903 -0.0233 -0.0677 0.9933
1305031466.0958 -0.8222 0.4050 -0.4509 0.0853 -0.0236 -0.0673 0.9938
1305031466.1276 -0.8066 0.4184 -0.4593 0.0790 -0.0275 -0.0673 0.9942
1305031466.1604 -0.7945 0.4317 -0.4716 0.0733 -0.0315 -0.0653 0.9947
1305031466.1958 -0.7825 0.4478 -0.4841 0.0657 -0.0385 -0.0649 0.9950
1305031466.2280 -0.7641 0.4536 -0.4941 0.0535 -0.0472 -0.0693 0.9950
1305031466.2598 -0.7404 0.4491 -0.5040 0.0479 -0.0521 -0.0761 0.9946
1305031466.2957 -0.7194 0.4571 -0.5174 0.0511 -0.0484 -0.0882 0.9936
1305031466.3277 -0.7050 0.4660 -0.5344 0.0523 -0.0380 -0.0981 0.9931
1305031466.3598 -0.6927 0.4701 -0.5491 0.0471 -0.0285 -0.1038 0.9931
1305031466.3958 -0.6834 0.4605 -0.5616 0.0438 -0.0248 -0.1070 0.9930
1305031466.4278 -0.6726 0.4705 -0.5784 0.0508 -0.0264 -0.1120 0.9921
1305031466.4598 -0.6553 0.4799 -0.5911 0.0507 -0.0318 -0.1163 0.9914
1305031466.4958 -0.6325 0.4825 -0.5988 0.0461 -0.0367 -0.1170 0.9914
1305031466.5275 -0.6076 0.4803 -0.6044 0.0432 -0.0368 -0.1171 0.9915
1305031466.5604 -0.5897 0.4902 -0.6144 0.0430 -0.0325 -0.1194 0.9914
1305031466.5959 -0.5692 0.4960 -0.6205 0.0351 -0.0318 -0.1223 0.9914
1305031466.6275 -0.5457 0.4823 -0.6187 0.0263 -0.0315 -0.1257 0.9912
1305031466.6597 -0.5261 0.4834 -0.6246 0.0327 -0.0295 -0.1310 0.9904
1305031466.6958 -0.5075 0.4969 -0.6339 0.0353 -0.0299 -0.1391 0.9892
1305031466.7281 -0.4864 0.4960 -0.6341 0.0285 -0.0327 -0.1479 0.9881
1305031466.7596 -0.4670 0.4879 -0.6318 0.0294 -0.0339 -0.1558 0.9868
1305031466.7956 -0.4495 0.4957 -0.6410 0.0368 -0.0359 -0.1616 0.9855
1305031466.8279 -0.4318 0.4988 -0.6472 0.0337 -0.0404 -0.1644 0.9850
1305031466.8597 -0.4203 0.4951 -0.6442 0.0310 -0.0459 -0.1639 0.9849
1305031466.8957 -0.4057 0.4963 -0.6500 0.0336 -0.0579 -0.1653 0.9840
1305031466.9278 -0.3870 0.4951 -0.6565 0.0325 -0.0729 -0.1675 0.9826
1305031466.9597 -0.3697 0.4902 -0.6608 0.0316 -0.0828 -0.1690 0.9816
1305031466.9957 -0.3515 0.4870 -0.6670 0.0316 -0.0883 -0.1718 0.9807
1305031467.0278 -0.3364 0.4856 -0.6707 0.0317 -0.0923 -0.1759 0.9796
1305031467.0597 -0.3184 0.4824 -0.6782 0.0312 -0.0952 -0.1795 0.9787
1305031467.0957 -0.3027 0.4816 -0.6817 0.0292 -0.0965 -0.1847 0.9776
1305031467.1290 -0.2899 0.4793 -0.6815 0.0295 -0.0996 -0.1948 0.9753
1305031467.1597 -0.2760 0.4779 -0.6847 0.0310 -0.1030 -0.2024 0.9734
1305031467.1957 -0.2639 0.4771 -0.6878 0.0317 -0.1077 -0.2068 0.9719
1305031467.2277 -0.2510 0.4759 -0.6905 0.0320 -0.1145 -0.2121 0.9700
1305031467.2597 -0.2380 0.4741 -0.6927 0.0333 -0.1199 -0.2171 0.9682
1305031467.2958 -0.2250 0.4736 -0.6973 0.0352 -0.1251 -0.2234 0.9660
1305031467.3280 -0.2114 0.4724 -0.7040 0.0355 -0.1308 -0.2278 0.9642
1305031467.3597 -0.1967 0.4723 -0.7097 0.0318 -0.1371 -0.2297 0.9630
1305031467.3958 -0.1842 0.4727 -0.7125 0.0264 -0.1432 -0.2343 0.9612
1305031467.4278 -0.1712 0.4706 -0.7132 0.0246 -0.1491 -0.2377 0.9595
1305031467.4597 -0.1571 0.4687 -0.7204 0.0238 -0.1558 -0.2395 0.9580
1305031467.4961 -0.1418 0.4659 -0.7297 0.0181 -0.1620 -0.2451 0.9557
1305031467.5277 -0.1269 0.4645 -0.7288 0.0139 -0.1650 -0.2509 0.9537
1305031467.5598 -0.1137 0.4596 -0.7289 0.0140 -0.1664 -0.2528 0.9530
1305031467.5960 -0.1007 0.4558 -0.7308 0.0134 -0.1686 -0.2513 0.9530
1305031467.6275 -0.0934 0.4459 -0.7246 0.0133 -0.1738 -0.2484 0.9528
1305031467.6596 -0.0812 0.4397 -0.7236 0.0190 -0.1801 -0.2454 0.9524
1305031467.6959 -0.0706 0.4330 -0.7250 0.0214 -0.1836 -0.2488 0.9508
1305031467.7275 -0.0652 0.4236 -0.7142 0.0249 -0.1859 -0.2536 0.9490
1305031467.7599 -0.0572 0.4153 -0.7080 0.0305 -0.1888 -0.2557 0.9476
1305031467.7961 -0.0497 0.4074 -0.7014 0.0342 -0.1920 -0.2585 0.9461
1305031467.8278 -0.0500 0.3951 -0.6828 0.0377 -0.1948 -0.2591 0.9452
1305031467.8597 -0.0471 0.3855 -0.6705 0.0442 -0.2000 -0.2563 0.9447
1305031467.8959 -0.0407 0.3815 -0.6637 0.0494 -0.2073 -0.2558 0.9429
1305031467.9278 -0.0380 0.3711 -0.6452 0.0518 -0.2152 -0.2586 0.9403
1305031467.9598 -0.0348 0.3598 -0.6269 0.0580 -0.2214 -0.2598 0.9382
1305031467.9958 -0.0245 0.3566 -0.6184 0.0625 -0.2239 -0.2623 0.9366
1305031468.0281 -0.0268 0.3439 -0.5923 0.0607 -0.2245 -0.2653 0.9357
1305031468.0598 -0.0295 0.3308 -0.5739 0.0654 -0.2268 -0.2679 0.9341
1305031468.0959 -0.0225 0.3229 -0.5635 0.0679 -0.2306 -0.2698 0.9324
1305031468.1278 -0.0235 0.3099 -0.5417 0.0664 -0.2326 -0.2708 0.9318
1305031468.1599 -0.0217 0.2979 -0.5253 0.0686 -0.2346 -0.2738 0.9302
1305031468.1960 -0.0184 0.2864 -0.5087 0.0689 -0.2353 -0.2773 0.9290
1305031468.2282 -0.0193 0.2713 -0.4906 0.0676 -0.2341 -0.2771 0.9294
1305031468.2598 -0.0174 0.2565 -0.4745 0.0679 -0.2325 -0.2757 0.9302
1305031468.2958 -0.0183 0.2423 -0.4594 0.0680 -0.2296 -0.2762 0.9308
1305031468.3278 -0.0209 0.2219 -0.4439 0.0690 -0.2276 -0.2741 0.9318
1305031468.3598 -0.0178 0.2111 -0.4351 0.0739 -0.2251 -0.2696 0.9334
1305031468.4598 -0.0186 0.1594 -0.4119 0.0655 -0.2234 -0.2670 0.9351
1305031468.5278 -0.0271 0.1248 -0.3963 0.0631 -0.2194 -0.2728 0.9346
1305031468.5597 -0.0345 0.1080 -0.3934 0.0692 -0.2194 -0.2807 0.9318
1305031468.6596 -0.0588 0.0649 -0.3869 0.0635 -0.2224 -0.2887 0.9291
1305031468.6958 -0.0679 0.0501 -0.3852 0.0671 -0.2287 -0.2918 0.9263
1305031468.7278 -0.0729 0.0411 -0.3834 0.0719 -0.2352 -0.2928 0.9240
1305031468.7596 -0.0789 0.0304 -0.3783 0.0733 -0.2400 -0.2932 0.9225
1305031468.7958 -0.0900 0.0116 -0.3728 0.0757 -0.2427 -0.2977 0.9202
1305031468.8292 -0.0975 0.0004 -0.3714 0.0840 -0.2452 -0.3035 0.9169
1305031468.9281 -0.1060 -0.0248 -0.3567 0.0821 -0.2356 -0.3069 0.9184
1305031468.9957 -0.1125 -0.0142 -0.3551 0.0678 -0.2225 -0.3086 0.9223
1305031469.0598 -0.1322 -0.0325 -0.3420 0.0347 -0.2132 -0.3217 0.9219
1305031469.1597 -0.1353 -0.0550 -0.3047 0.0026 -0.1965 -0.3486 0.9165
1305031469.2278 -0.1544 -0.0628 -0.2870 -0.0087 -0.1774 -0.3566 0.9172
1305031469.2968 -0.1614 -0.0650 -0.2635 -0.0174 -0.1690 -0.3627 0.9163
1305031469.3276 -0.1645 -0.0612 -0.2527 -0.0213 -0.1649 -0.3644 0.9163
1305031469.3596 -0.1601 -0.0656 -0.2337 -0.0280 -0.1620 -0.3686 0.9149
1305031469.3957 -0.1621 -0.0694 -0.2188 -0.0292 -0.1512 -0.3738 0.9146
1305031469.4277 -0.1637 -0.0599 -0.2079 -0.0251 -0.1387 -0.3794 0.9144
1305031469.4597 -0.1682 -0.0511 -0.1949 -0.0234 -0.1279 -0.3862 0.9132
1305031469.4957 -0.1765 -0.0395 -0.1826 -0.0221 -0.1202 -0.3896 0.9129
1305031469.5276 -0.1759 -0.0289 -0.1707 -0.0240 -0.1202 -0.3896 0.9128
1305031469.5596 -0.1737 -0.0215 -0.1566 -0.0298 -0.1209 -0.3898 0.9125
1305031469.6596 -0.1740 0.0040 -0.1134 -0.0516 -0.1134 -0.3879 0.9132
1305031469.7596 -0.1775 0.0385 -0.0774 -0.0645 -0.0983 -0.3827 0.9164
1305031469.9279 -0.2000 0.1230 -0.0220 -0.0874 -0.0969 -0.3672 0.9209
1305031470.1276 -0.2468 0.2227 0.0012 -0.1010 -0.0997 -0.3574 0.9231
1305031470.2957 -0.2954 0.2963 -0.0005 -0.1220 -0.0964 -0.3431 0.9264
1305031470.4597 -0.3501 0.3660 -0.0046 -0.1375 -0.0974 -0.3308 0.9286
1305031470.6597 -0.4116 0.4188 -0.0157 -0.1441 -0.0948 -0.3177 0.9324
1305031470.6956 -0.4212 0.4283 -0.0155 -0.1458 -0.0946 -0.3140 0.9334
1305031470.7277 -0.4317 0.4352 -0.0150 -0.1457 -0.0941 -0.3118 0.9342
1305031470.7597 -0.4397 0.4372 -0.0189 -0.1480 -0.0902 -0.3096 0.9349
1305031470.7956 -0.4478 0.4476 -0.0164 -0.1468 -0.0849 -0.3040 0.9375
1305031470.8278 -0.4568 0.4548 -0.0152 -0.1421 -0.0845 -0.2988 0.9399
1305031470.8596 -0.4664 0.4591 -0.0164 -0.1374 -0.0849 -0.2943 0.9420
1305031470.8957 -0.4757 0.4640 -0.0188 -0.1331 -0.0855 -0.2892 0.9441
1305031470.9277 -0.4850 0.4695 -0.0186 -0.1277 -0.0884 -0.2845 0.9460
1305031470.9596 -0.4956 0.4698 -0.0199 -0.1200 -0.0924 -0.2819 0.9474
1305031470.9960 -0.5034 0.4709 -0.0242 -0.1122 -0.0939 -0.2796 0.9489
1305031471.0276 -0.5119 0.4706 -0.0254 -0.1042 -0.0936 -0.2772 0.9505
1305031471.0596 -0.5216 0.4712 -0.0284 -0.0948 -0.0912 -0.2729 0.9530
1305031471.0958 -0.5299 0.4750 -0.0323 -0.0851 -0.0903 -0.2665 0.9558
1305031471.1277 -0.5385 0.4745 -0.0345 -0.0802 -0.0911 -0.2600 0.9580
1305031471.1596 -0.5436 0.4742 -0.0384 -0.0752 -0.0919 -0.2539 0.9599
1305031471.1957 -0.5492 0.4753 -0.0414 -0.0724 -0.0895 -0.2481 0.9619
1305031471.2276 -0.5560 0.4776 -0.0425 -0.0713 -0.0861 -0.2430 0.9636
1305031471.2597 -0.5631 0.4768 -0.0425 -0.0726 -0.0841 -0.2394 0.9645
1305031471.2961 -0.5697 0.4749 -0.0429 -0.0725 -0.0820 -0.2350 0.9658
1305031471.3276 -0.5727 0.4742 -0.0461 -0.0687 -0.0791 -0.2321 0.9670
1305031471.3596 -0.5755 0.4757 -0.0487 -0.0665 -0.0721 -0.2299 0.9683
1305031471.3957 -0.5839 0.4725 -0.0477 -0.0673 -0.0643 -0.2243 0.9701
1305031471.4277 -0.5908 0.4747 -0.0510 -0.0624 -0.0611 -0.2174 0.9722
1305031471.4596 -0.5948 0.4766 -0.0547 -0.0611 -0.0614 -0.2127 0.9733
1305031471.5597 -0.6061 0.4769 -0.0627 -0.0632 -0.0583 -0.2022 0.9756
1305031471.5957 -0.6089 0.4757 -0.0656 -0.0640 -0.0542 -0.1999 0.9762
1305031471.6276 -0.6118 0.4742 -0.0688 -0.0646 -0.0497 -0.1978 0.9769
1305031471.6596 -0.6142 0.4727 -0.0712 -0.0641 -0.0456 -0.1944 0.9778
1305031471.7958 -0.6191 0.4754 -0.0863 -0.0622 -0.0274 -0.1718 0.9828
1305031471.9956 -0.6320 0.4943 -0.0923 -0.0736 0.0084 -0.1439 0.9868
1305031472.5636 -0.6653 0.4464 -0.0866 -0.0996 0.0249 -0.1081 0.9888
1305031472.7956 -0.6571 0.4250 -0.0834 -0.0888 0.0189 -0.1045 0.9904
