1305031453.3917 0.0000 0.0000 0.0000 0.0000 0.0000 0.0000 1.0000
1305031453.5237 0.0102 0.0063 -0.0417 0.0125 0.0229 0.0343 0.9991
1305031453.6277 -0.0000 0.0067 -0.0873 0.0276 0.0327 0.0470 0.9980
1305031453.7277 0.0057 0.0109 -0.1411 0.0378 0.0104 0.0347 0.9986
1305031453.8597 -0.0280 0.0263 -0.1899 0.0461 -0.0290 0.0071 0.9985
1305031453.9277 -0.0369 0.0317 -0.2102 0.0412 -0.0666 -0.0017 0.9969
1305031453.9596 -0.0409 0.0446 -0.2200 0.0422 -0.0842 -0.0092 0.9955
1305031453.9916 -0.0478 0.0506 -0.2234 0.0430 -0.0971 -0.0185 0.9942
1305031454.0277 -0.0564 0.0567 -0.2259 0.0465 -0.1101 -0.0261 0.9925
1305031454.0597 -0.0600 0.0652 -0.2301 0.0490 -0.1236 -0.0332 0.9906
1305031454.0917 -0.0684 0.0676 -0.2158 0.0504 -0.1370 -0.0410 0.9884
1305031454.1277 -0.0825 0.0705 -0.2117 0.0548 -0.1505 -0.0524 0.9857
1305031454.1597 -0.0945 0.0725 -0.2104 0.0551 -0.1647 -0.0601 0.9830
1305031454.1917 -0.0993 0.0830 -0.2137 0.0568 -0.1823 -0.0735 0.9788
1305031454.2277 -0.1165 0.0921 -0.1925 0.0629 -0.1992 -0.0845 0.9743
1305031454.2596 -0.1172 0.1013 -0.1931 0.0701 -0.2147 -0.0955 0.9695
1305031454.2916 -0.1284 0.1055 -0.1968 0.0702 -0.2213 -0.1042 0.9671
1305031454.3277 -0.1379 0.1052 -0.1984 0.0718 -0.2303 -0.1181 0.9633
1305031454.3596 -0.1503 0.1308 -0.1964 0.0840 -0.2397 -0.1251 0.9591
1305031454.3917 -0.1605 0.1366 -0.1994 0.0861 -0.2460 -0.1356 0.9559
1305031454.4275 -0.1618 0.1463 -0.1966 0.0896 -0.2623 -0.1424 0.9502
1305031454.4599 -0.1623 0.1533 -0.2027 0.0922 -0.2725 -0.1523 0.9455
1305031454.4916 -0.1656 0.1596 -0.1942 0.0967 -0.2808 -0.1646 0.9406
1305031454.5277 -0.1675 0.1735 -0.1867 0.1008 -0.2886 -0.1798 0.9350
1305031454.5596 -0.1757 0.1820 -0.1831 0.1011 -0.2956 -0.1902 0.9307
1305031454.5916 -0.1788 0.1900 -0.1858 0.1014 -0.3069 -0.2023 0.9245
1305031454.6276 -0.1814 0.1998 -0.1872 0.1033 -0.3190 -0.2126 0.9178
1305031454.6595 -0.1782 0.2087 -0.1766 0.1012 -0.3348 -0.2191 0.9108
1305031454.6919 -0.1998 0.2318 -0.1695 0.1016 -0.3437 -0.2242 0.9062
1305031454.7277 -0.1994 0.2439 -0.1738 0.1025 -0.3550 -0.2296 0.9004
1305031454.7597 -0.2087 0.2567 -0.1675 0.1002 -0.3590 -0.2262 0.8999
1305031454.7916 -0.2095 0.2599 -0.1589 0.0957 -0.3628 -0.2210 0.9002
1305031454.8276 -0.2019 0.2596 -0.1565 0.0892 -0.3663 -0.2150 0.9009
1305031454.8596 -0.2061 0.2621 -0.1539 0.0810 -0.3639 -0.2084 0.9042
1305031454.8918 -0.2119 0.2756 -0.1461 0.0793 -0.3602 -0.2008 0.9076
1305031454.9276 -0.2134 0.2874 -0.1451 0.0796 -0.3566 -0.1947 0.9103
1305031454.9596 -0.2125 0.2904 -0.1406 0.0750 -0.3556 -0.1893 0.9122
1305031454.9919 -0.2116 0.2991 -0.1428 0.0735 -0.3548 -0.1826 0.9140
1305031455.0278 -0.2165 0.3047 -0.1467 0.0725 -0.3529 -0.1803 0.9152
1305031455.0596 -0.2196 0.3070 -0.1490 0.0698 -0.3512 -0.1784 0.9165
1305031455.0917 -0.2203 0.3108 -0.1517 0.0709 -0.3496 -0.1778 0.9171
1305031455.1277 -0.2239 0.3211 -0.1562 0.0737 -0.3458 -0.1772 0.9185
1305031455.1597 -0.2292 0.3283 -0.1608 0.0734 -0.3422 -0.1739 0.9205
1305031455.1917 -0.2336 0.3289 -0.1638 0.0691 -0.3407 -0.1712 0.9219
1305031455.2276 -0.2372 0.3291 -0.1676 0.0676 -0.3397 -0.1685 0.9228
1305031455.2596 -0.2427 0.3389 -0.1676 0.0661 -0.3378 -0.1626 0.9247
1305031455.2918 -0.2467 0.3429 -0.1766 0.0585 -0.3338 -0.1546 0.9280
1305031455.3278 -0.2580 0.3484 -0.1871 0.0530 -0.3303 -0.1459 0.9310
1305031455.3596 -0.2560 0.3526 -0.1780 0.0437 -0.3354 -0.1375 0.9310
1305031455.3917 -0.2696 0.3532 -0.1864 0.0346 -0.3270 -0.1359 0.9346
1305031455.4276 -0.2814 0.3619 -0.1944 0.0294 -0.3203 -0.1262 0.9384
1305031455.4596 -0.2980 0.3658 -0.2068 0.0272 -0.3145 -0.1216 0.9410
1305031455.4916 -0.3048 0.3670 -0.2156 0.0225 -0.3119 -0.1150 0.9429
1305031455.5276 -0.3223 0.3682 -0.2254 0.0167 -0.3088 -0.1009 0.9456
1305031455.5597 -0.3417 0.3756 -0.2357 0.0161 -0.3080 -0.0893 0.9471
1305031455.5916 -0.3574 0.3827 -0.2493 0.0140 -0.3077 -0.0776 0.9482
1305031455.6276 -0.3723 0.3718 -0.2596 0.0059 -0.3067 -0.0671 0.9494
1305031455.6596 -0.3841 0.3659 -0.2710 0.0045 -0.3047 -0.0636 0.9503
1305031455.6916 -0.3957 0.3595 -0.2772 0.0037 -0.3039 -0.0637 0.9506
1305031455.7276 -0.3996 0.3507 -0.2846 0.0024 -0.3035 -0.0663 0.9505
1305031455.7597 -0.4046 0.3478 -0.2920 0.0021 -0.3011 -0.0670 0.9512
1305031455.7917 -0.4108 0.3445 -0.3001 0.0023 -0.2987 -0.0648 0.9521
1305031455.8276 -0.4122 0.3429 -0.3132 0.0039 -0.2977 -0.0637 0.9525
1305031455.8595 -0.4211 0.3353 -0.3235 0.0022 -0.2954 -0.0643 0.9532
1305031455.8917 -0.4211 0.3303 -0.3314 0.0007 -0.2952 -0.0641 0.9533
1305031455.9280 -0.4252 0.3242 -0.3403 -0.0008 -0.2931 -0.0647 0.9539
1305031455.9597 -0.4289 0.3224 -0.3480 -0.0005 -0.2913 -0.0658 0.9544
1305031455.9917 -0.4326 0.3206 -0.3547 -0.0015 -0.2888 -0.0671 0.9550
1305031456.0278 -0.4297 0.3182 -0.3652 -0.0055 -0.2870 -0.0697 0.9554
1305031456.0597 -0.4401 0.3025 -0.3631 -0.0169 -0.2842 -0.0815 0.9552
1305031456.0917 -0.4445 0.2973 -0.3620 -0.0199 -0.2832 -0.0831 0.9553
1305031456.1276 -0.4475 0.2947 -0.3620 -0.0204 -0.2822 -0.0838 0.9555
1305031456.1597 -0.4560 0.2896 -0.3633 -0.0206 -0.2782 -0.0854 0.9565
1305031456.1917 -0.4603 0.2740 -0.3690 -0.0199 -0.2716 -0.0793 0.9589
1305031456.2277 -0.4685 0.2768 -0.3677 -0.0168 -0.2639 -0.0778 0.9612
1305031456.2917 -0.4813 0.2622 -0.3661 -0.0190 -0.2455 -0.0719 0.9665
1305031456.3277 -0.4920 0.2511 -0.3617 -0.0195 -0.2370 -0.0631 0.9693
1305031456.3916 -0.4988 0.2382 -0.3492 -0.0200 -0.2202 -0.0528 0.9738
1305031456.4277 -0.5190 0.2465 -0.3519 -0.0129 -0.2078 -0.0429 0.9771
1305031456.4917 -0.5490 0.2773 -0.3444 -0.0099 -0.2023 -0.0290 0.9788
1305031456.5276 -0.5750 0.2836 -0.3460 -0.0113 -0.1984 -0.0262 0.9797
1305031456.5917 -0.5969 0.2806 -0.3348 -0.0147 -0.1957 -0.0191 0.9804
1305031456.6276 -0.6087 0.2916 -0.3295 -0.0261 -0.1912 -0.0167 0.9811
1305031456.6916 -0.6241 0.2798 -0.2955 -0.0415 -0.1917 -0.0017 0.9806
1305031456.8276 -0.6849 0.2961 -0.2865 -0.0509 -0.2025 0.0298 0.9775
1305031457.0917 -0.7872 0.2981 -0.2585 -0.0885 -0.1715 0.0607 0.9793
1305031457.2917 -0.8381 0.2733 -0.2989 -0.0945 -0.1336 0.0947 0.9820
1305031457.3917 -0.8763 0.2663 -0.3374 -0.0880 -0.0966 0.1141 0.9848
1305031457.4917 -0.9171 0.2512 -0.3793 -0.0857 -0.0776 0.1285 0.9849
1305031457.5597 -0.9197 0.2451 -0.4060 -0.0778 -0.0749 0.1400 0.9842
1305031457.6596 -0.9539 0.2420 -0.4416 -0.0678 -0.0653 0.1532 0.9837
1305031457.7596 -0.9764 0.2100 -0.4643 -0.0743 -0.0634 0.1514 0.9836
1305031457.7916 -0.9712 0.1908 -0.4690 -0.0687 -0.0625 0.1528 0.9839
1305031457.8277 -0.9685 0.2026 -0.4831 -0.0548 -0.0588 0.1599 0.9838
1305031457.8916 -0.9806 0.1880 -0.4887 -0.0425 -0.0482 0.1618 0.9847
1305031457.9276 -1.0020 0.1851 -0.5006 -0.0276 -0.0385 0.1683 0.9846
1305031457.9916 -1.0245 0.1605 -0.5128 -0.0188 -0.0343 0.1735 0.9841
1305031458.0278 -1.0242 0.1533 -0.5135 -0.0090 -0.0328 0.1778 0.9835
1305031458.0597 -1.0297 0.1552 -0.5272 -0.0010 -0.0289 0.1804 0.9832
1305031458.0917 -1.0396 0.1511 -0.5298 -0.0015 -0.0254 0.1803 0.9833
1305031458.1276 -1.0458 0.1468 -0.5266 -0.0023 -0.0237 0.1808 0.9832
1305031458.1596 -1.0639 0.1292 -0.5325 -0.0048 -0.0190 0.1820 0.9831
1305031458.1916 -1.0888 0.1302 -0.5249 -0.0020 -0.0168 0.1836 0.9829
1305031458.2276 -1.1107 0.1113 -0.5108 -0.0118 -0.0156 0.1831 0.9829
1305031458.2599 -1.1116 0.0948 -0.4962 -0.0135 -0.0234 0.1808 0.9832
1305031458.2917 -1.1401 0.0793 -0.4954 -0.0063 -0.0222 0.1817 0.9831
1305031458.3276 -1.1604 0.0647 -0.4864 -0.0073 -0.0261 0.1848 0.9824
1305031458.3596 -1.1559 0.0316 -0.4710 -0.0077 -0.0362 0.1888 0.9813
1305031458.3916 -1.1811 0.0291 -0.4776 0.0063 -0.0338 0.1965 0.9799
1305031458.4276 -1.1825 0.0314 -0.4546 0.0137 -0.0366 0.2100 0.9769
1305031458.4596 -1.1844 0.0181 -0.4463 0.0220 -0.0317 0.2197 0.9748
1305031458.4917 -1.1814 0.0116 -0.4270 0.0396 -0.0247 0.2244 0.9734
1305031458.5277 -1.1948 0.0108 -0.4166 0.0544 -0.0140 0.2286 0.9719
1305031458.5596 -1.1925 0.0085 -0.4037 0.0582 -0.0104 0.2335 0.9706
1305031458.5916 -1.2164 -0.0082 -0.3960 0.0648 -0.0003 0.2226 0.9728
1305031458.6277 -1.2266 -0.0016 -0.3966 0.0668 0.0003 0.2224 0.9727
1305031458.6596 -1.2528 0.0047 -0.3650 0.0649 0.0007 0.2174 0.9739
1305031458.6917 -1.2687 -0.0014 -0.3562 0.0617 -0.0118 0.2098 0.9757
1305031458.7276 -1.2630 -0.0050 -0.3354 0.0629 -0.0310 0.2029 0.9767
1305031458.7599 -1.2832 -0.0092 -0.3250 0.0692 -0.0404 0.1949 0.9775
1305031458.7916 -1.2762 0.0020 -0.3112 0.0731 -0.0615 0.1902 0.9771
1305031458.8276 -1.2820 -0.0029 -0.2872 0.0688 -0.0690 0.1857 0.9778
1305031458.8917 -1.2788 -0.0132 -0.2630 0.0745 -0.0740 0.1764 0.9787
1305031458.9276 -1.2848 -0.0097 -0.2664 0.0741 -0.0703 0.1792 0.9785
1305031458.9596 -1.2891 -0.0150 -0.2513 0.0652 -0.0668 0.1928 0.9768
1305031458.9916 -1.2861 -0.0558 -0.2506 0.0555 -0.0655 0.1983 0.9764
1305031459.0277 -1.3330 -0.0671 -0.2534 0.0680 -0.0548 0.1986 0.9762
1305031459.0596 -1.3596 -0.0874 -0.2469 0.0720 -0.0559 0.2077 0.9739
1305031459.1276 -1.3322 -0.1788 -0.5004 0.0571 -0.0839 0.2376 0.9660
1305031459.1596 -1.3378 -0.1733 -0.4854 0.0699 -0.1108 0.2393 0.9621
1305031459.1917 -1.3429 -0.1672 -0.4702 0.0781 -0.1305 0.2459 0.9573
1305031459.2276 -1.3519 -0.1679 -0.4613 0.0811 -0.1438 0.2527 0.9534
1305031459.2598 -1.3710 -0.1660 -0.4539 0.0822 -0.1431 0.2579 0.9520
1305031459.3276 -1.3883 -0.1630 -0.4441 0.0715 -0.1110 0.2789 0.9512
1305031459.3597 -1.4014 -0.1586 -0.4404 0.0698 -0.0871 0.2986 0.9478
1305031459.3917 -1.4220 -0.1451 -0.4463 0.0625 -0.0598 0.3199 0.9435
1305031459.4276 -1.4254 -0.1451 -0.4394 0.0394 -0.0274 0.3520 0.9348
1305031459.4597 -1.4395 -0.1493 -0.4456 0.0263 0.0100 0.3857 0.9222
1305031459.5276 -1.4991 0.0003 -0.3565 0.0740 0.0362 0.3847 0.9193
1305031459.5596 -1.5037 -0.0068 -0.3685 0.0605 0.0464 0.4138 0.9072
1305031459.5917 -1.5241 -0.0091 -0.3705 0.0551 0.0547 0.4295 0.8997
1305031459.6276 -1.5323 -0.0109 -0.3741 0.0510 0.0551 0.4412 0.8943
1305031459.6596 -1.5378 -0.0107 -0.3728 0.0511 0.0582 0.4422 0.8936
1305031459.6916 -1.5639 -0.0112 -0.3688 0.0496 0.0739 0.4436 0.8918
1305031459.7276 -1.5663 -0.0256 -0.3719 0.0420 0.0780 0.4475 0.8899
1305031459.7917 -1.5996 -0.0539 -0.3768 0.0441 0.0906 0.4411 0.8918
1305031459.8277 -1.6128 -0.0719 -0.3748 0.0414 0.0924 0.4408 0.8919
1305031459.8597 -1.6323 -0.0905 -0.3758 0.0380 0.0943 0.4394 0.8925
1305031459.8916 -1.6452 -0.1092 -0.3777 0.0337 0.0923 0.4416 0.8918
1305031459.9276 -1.6526 -0.1301 -0.3783 0.0303 0.0900 0.4446 0.8907
1305031459.9917 -1.6634 -0.1598 -0.3812 0.0228 0.0836 0.4538 0.8869
1305031460.0276 -1.6715 -0.1773 -0.3789 0.0200 0.0853 0.4565 0.8854
1305031460.0597 -1.6789 -0.1973 -0.3765 0.0176 0.0865 0.4594 0.8838
1305031460.0917 -1.6893 -0.2133 -0.3745 0.0192 0.0831 0.4624 0.8826
1305031460.1277 -1.6938 -0.2196 -0.3702 0.0261 0.0729 0.4704 0.8791
1305031460.1597 -1.7029 -0.2278 -0.3705 0.0322 0.0657 0.4750 0.8770
1305031460.1916 -1.6993 -0.2380 -0.3651 0.0293 0.0560 0.4838 0.8729
1305031460.2278 -1.7045 -0.2364 -0.3522 0.0337 0.0570 0.4828 0.8732
1305031460.2917 -1.6962 -0.2550 -0.3482 0.0331 0.0680 0.4836 0.8720
1305031460.3275 -1.6944 -0.2579 -0.3385 0.0354 0.0730 0.4861 0.8701
1305031460.3916 -1.6925 -0.2609 -0.3265 0.0317 0.0877 0.4922 0.8655
1305031460.4275 -1.6938 -0.2656 -0.3155 0.0298 0.0974 0.4967 0.8619
1305031460.4596 -1.6986 -0.2602 -0.3029 0.0314 0.1092 0.5001 0.8585
1305031460.4915 -1.7027 -0.2688 -0.3008 0.0229 0.1240 0.5047 0.8541
1305031460.5276 -1.6992 -0.2816 -0.2995 0.0118 0.1342 0.5127 0.8479
1305031460.5596 -1.6994 -0.2988 -0.2963 0.0020 0.1450 0.5156 0.8445
1305031460.5919 -1.7009 -0.3079 -0.2913 -0.0023 0.1529 0.5171 0.8421
1305031460.6276 -1.7020 -0.3114 -0.2835 -0.0039 0.1600 0.5171 0.8409
1305031460.6598 -1.7060 -0.3209 -0.2814 -0.0061 0.1667 0.5167 0.8398
1305031460.6917 -1.7087 -0.3305 -0.2807 -0.0095 0.1694 0.5174 0.8388
1305031460.7277 -1.7080 -0.3369 -0.2768 -0.0126 0.1702 0.5184 0.8379
1305031460.7597 -1.7108 -0.3362 -0.2726 -0.0115 0.1730 0.5160 0.8389
1305031460.7917 -1.7124 -0.3474 -0.2711 -0.0151 0.1755 0.5158 0.8384
1305031460.8277 -1.7115 -0.3553 -0.2683 -0.0186 0.1758 0.5151 0.8387
1305031460.8597 -1.7116 -0.3608 -0.2624 -0.0222 0.1783 0.5132 0.8392
1305031460.8918 -1.7119 -0.3664 -0.2573 -0.0257 0.1806 0.5110 0.8400
1305031460.9276 -1.7119 -0.3743 -0.2542 -0.0297 0.1814 0.5104 0.8401
1305031460.9917 -1.7039 -0.3984 -0.2398 -0.0343 0.1860 0.5124 0.8376
1305031461.0276 -1.7026 -0.4021 -0.2303 -0.0331 0.1874 0.5131 0.8370
1305031461.0917 -1.6995 -0.4190 -0.2186 -0.0325 0.1845 0.5125 0.8380
1305031461.1276 -1.6951 -0.4185 -0.2090 -0.0314 0.1832 0.5109 0.8393
1305031461.1597 -1.6994 -0.4235 -0.2005 -0.0273 0.1872 0.5080 0.8403
1305031461.1920 -1.6957 -0.4230 -0.1956 -0.0239 0.1863 0.5038 0.8431
1305031461.2276 -1.6990 -0.4267 -0.1904 -0.0228 0.1892 0.5020 0.8436
1305031461.2596 -1.6974 -0.4243 -0.1831 -0.0181 0.1883 0.4994 0.8455
1305031461.2917 -1.6979 -0.4250 -0.1758 -0.0148 0.1901 0.4939 0.8484
1305031461.3278 -1.6996 -0.4272 -0.1713 -0.0132 0.1938 0.4894 0.8501
1305031461.3597 -1.7043 -0.4275 -0.1636 -0.0140 0.1981 0.4874 0.8503
1305031461.3917 -1.6970 -0.4324 -0.1587 -0.0193 0.1964 0.4874 0.8505
1305031461.4276 -1.6937 -0.4318 -0.1556 -0.0188 0.1967 0.4853 0.8517
1305031461.4598 -1.7017 -0.4350 -0.1480 -0.0208 0.2010 0.4840 0.8514
1305031461.4917 -1.6939 -0.4392 -0.1419 -0.0240 0.2013 0.4846 0.8509
1305031461.5277 -1.6964 -0.4311 -0.1395 -0.0166 0.2033 0.4838 0.8511
1305031461.5597 -1.6934 -0.4231 -0.1351 -0.0148 0.2040 0.4820 0.8520
1305031461.5917 -1.6847 -0.4043 -0.1414 -0.0111 0.2058 0.4762 0.8548
1305031461.6275 -1.6881 -0.3967 -0.1387 -0.0110 0.2138 0.4752 0.8535
1305031461.6596 -1.6890 -0.3963 -0.1356 -0.0138 0.2213 0.4743 0.8520
1305031461.6916 -1.6907 -0.3944 -0.1342 -0.0160 0.2252 0.4778 0.8490
1305031461.7276 -1.6888 -0.3859 -0.1317 -0.0164 0.2266 0.4802 0.8472
1305031461.7597 -1.6881 -0.3811 -0.1327 -0.0171 0.2286 0.4815 0.8459
1305031461.7916 -1.6910 -0.3661 -0.1230 -0.0176 0.2358 0.4837 0.8427
1305031461.8276 -1.6894 -0.3521 -0.1251 -0.0181 0.2402 0.4864 0.8399
1305031461.8598 -1.6939 -0.3377 -0.1278 -0.0178 0.2459 0.4925 0.8347
1305031461.8917 -1.7144 -0.3243 -0.1095 -0.0201 0.2594 0.4974 0.8276
1305031461.9278 -1.7199 -0.3164 -0.1039 -0.0283 0.2610 0.5087 0.8200
1305031461.9597 -1.7088 -0.2970 -0.1096 -0.0312 0.2589 0.5127 0.8180
1305031461.9916 -1.7267 -0.2761 -0.1021 -0.0362 0.2690 0.5128 0.8145
1305031462.0277 -1.7295 -0.2851 -0.0954 -0.0561 0.2722 0.5195 0.8080
1305031462.0598 -1.7351 -0.2800 -0.0907 -0.0615 0.2689 0.5284 0.8029
1305031462.0918 -1.7351 -0.2638 -0.0976 -0.0615 0.2581 0.5404 0.7985
1305031462.1277 -1.7297 -0.2522 -0.0967 -0.0669 0.2499 0.5529 0.7921
1305031462.1596 -1.7388 -0.2465 -0.0897 -0.0680 0.2517 0.5590 0.7871
1305031462.1916 -1.7440 -0.2307 -0.0839 -0.0667 0.2506 0.5582 0.7882
1305031462.2276 -1.7537 -0.2375 -0.0834 -0.0781 0.2555 0.5552 0.7876
1305031462.2598 -1.7548 -0.2443 -0.0805 -0.0906 0.2550 0.5543 0.7871
1305031462.2916 -1.7730 -0.2346 -0.0681 -0.0914 0.2589 0.5480 0.7901
1305031462.3597 -1.8072 -0.2183 -0.0513 -0.0978 0.2661 0.5321 0.7978
1305031462.4599 -1.8554 -0.1803 -0.0181 -0.1052 0.2565 0.5153 0.8109
1305031462.5599 -1.6126 0.3911 0.2711 0.0171 -0.2311 0.6156 0.7532
1305031462.7277 -1.6106 0.4098 0.2573 0.0256 -0.2440 0.5668 0.7864
1305031462.8598 -1.5961 0.4325 0.2571 0.0262 -0.2682 0.5281 0.8053
1305031463.0277 -1.5785 0.4753 0.2563 0.0363 -0.2715 0.5133 0.8133
1305031463.1275 -1.5638 0.5134 0.2506 0.0584 -0.2745 0.4909 0.8248
1305031463.2278 -1.5560 0.5517 0.2591 0.0753 -0.2733 0.4744 0.8334
1305031463.2957 -1.5373 0.5857 0.2527 0.0859 -0.2706 0.4694 0.8361
1305031463.3956 -1.5353 0.6303 0.2741 0.1113 -0.2763 0.4620 0.8353
1305031463.4956 -1.5134 0.6692 0.3088 0.1161 -0.2794 0.4532 0.8385
1305031463.5598 -1.5082 0.7068 0.3314 0.1284 -0.2736 0.4599 0.8349
1305031463.6598 -1.4748 0.7389 0.3509 0.1398 -0.2701 0.4535 0.8378
1305031463.7276 -1.4506 0.7535 0.3482 0.1399 -0.2632 0.4498 0.8419
1305031463.7597 -1.4206 0.7628 0.3514 0.1439 -0.2615 0.4442 0.8447
1305031463.7956 -1.3986 0.7792 0.3542 0.1539 -0.2582 0.4387 0.8469
1305031463.8599 -1.3547 0.7990 0.3543 0.1629 -0.2522 0.4228 0.8550
1305031463.9277 -1.3251 0.8185 0.3536 0.1742 -0.2472 0.4152 0.8580
1305031463.9597 -1.3067 0.8169 0.3453 0.1762 -0.2460 0.4084 0.8612
1305031463.9958 -1.3090 0.8256 0.3424 0.1903 -0.2378 0.4020 0.8635
1305031464.0277 -1.3096 0.8338 0.3347 0.1984 -0.2313 0.3949 0.8667
1305031464.0597 -1.2771 0.8441 0.3366 0.2031 -0.2344 0.3841 0.8697
1305031464.0956 -1.2642 0.8461 0.3201 0.2100 -0.2252 0.3750 0.8744
1305031464.1277 -1.2600 0.8591 0.3165 0.2187 -0.2231 0.3725 0.8738
1305031464.1598 -1.2422 0.8546 0.3080 0.2225 -0.2252 0.3729 0.8722
1305031464.1956 -1.2227 0.8710 0.3026 0.2387 -0.2305 0.3742 0.8659
1305031464.2276 -1.2135 0.8534 0.2844 0.2408 -0.2308 0.3715 0.8664
1305031464.2596 -1.2161 0.8568 0.2807 0.2504 -0.2403 0.3712 0.8612
1305031464.2957 -1.2080 0.8592 0.2735 0.2558 -0.2532 0.3635 0.8593
1305031464.3279 -1.1845 0.8698 0.2836 0.2631 -0.2673 0.3526 0.8573
1305031464.3597 -1.1604 0.8736 0.2878 0.2697 -0.2761 0.3434 0.8562
1305031464.3956 -1.1552 0.8771 0.2786 0.2767 -0.2724 0.3368 0.8578
1305031464.4276 -1.1357 0.8832 0.2794 0.2794 -0.2725 0.3307 0.8592
1305031464.4597 -1.1328 0.8893 0.2700 0.2865 -0.2669 0.3228 0.8617
1305031464.4956 -1.1119 0.8958 0.2716 0.2894 -0.2698 0.3182 0.8615
1305031464.5276 -1.1001 0.9016 0.2652 0.2921 -0.2665 0.3132 0.8635
1305031464.5597 -1.0794 0.9104 0.2700 0.2948 -0.2673 0.3037 0.8657
1305031464.5957 -1.0406 0.9089 0.2732 0.2983 -0.2631 0.2928 0.8695
1305031464.6277 -1.0170 0.9222 0.2721 0.3086 -0.2496 0.2952 0.8691
1305031464.6597 -1.0003 0.9275 0.2684 0.3187 -0.2327 0.2928 0.8709
1305031464.6957 -0.9831 0.9246 0.2732 0.3329 -0.2157 0.2879 0.8716
1305031464.7277 -0.9706 0.9262 0.2468 0.3479 -0.2031 0.2838 0.8702
1305031464.7597 -0.9772 0.9377 0.2614 0.3675 -0.1955 0.2765 0.8662
1305031464.7960 -0.9528 0.9248 0.2497 0.3764 -0.1941 0.2602 0.8677
1305031464.8278 -0.9536 0.9215 0.2409 0.3921 -0.1957 0.2457 0.8646
1305031464.8597 -0.9688 0.9154 0.2524 0.4071 -0.1986 0.2288 0.8617
1305031464.8958 -0.9451 0.9164 0.2633 0.4142 -0.2110 0.2080 0.8606
1305031464.9278 -0.9052 0.9133 0.2716 0.4193 -0.2223 0.1846 0.8606
1305031464.9598 -0.8833 0.8972 0.2819 0.4278 -0.2221 0.1663 0.8602
1305031464.9957 -0.8820 0.8829 0.3017 0.4402 -0.2142 0.1501 0.8589
1305031465.0278 -0.8896 0.8694 0.3143 0.4492 -0.2049 0.1352 0.8590
1305031465.0597 -0.9034 0.8657 0.3303 0.4618 -0.1989 0.1188 0.8562
1305031465.0957 -0.8986 0.8817 0.3635 0.4692 -0.2064 0.1028 0.8525
1305031465.1277 -0.9043 0.8834 0.3654 0.4594 -0.2134 0.0818 0.8583
1305031465.1598 -0.8963 0.8725 0.3870 0.4494 -0.2252 0.0633 0.8621
1305031465.1956 -0.8938 0.8514 0.4147 0.4418 -0.2344 0.0457 0.8647
1305031465.2279 -0.9033 0.8380 0.4561 0.4375 -0.2416 0.0329 0.8655
1305031465.2598 -0.8890 0.8239 0.4737 0.4257 -0.2535 0.0243 0.8683
1305031465.3277 -0.8995 0.8262 0.5194 0.4156 -0.2793 0.0298 0.8651
1305031465.3956 -0.8835 0.8060 0.5573 0.4058 -0.3202 0.0376 0.8552
1305031465.4277 -0.8759 0.8058 0.5798 0.4068 -0.3332 0.0416 0.8496
1305031465.4601 -0.8710 0.8067 0.6014 0.4068 -0.3451 0.0481 0.8445
1305031465.4957 -0.8640 0.8218 0.6285 0.4058 -0.3569 0.0536 0.8397
1305031465.5276 -0.8568 0.8216 0.6401 0.4044 -0.3633 0.0543 0.8376
1305031465.5598 -0.8475 0.8229 0.6530 0.4064 -0.3694 0.0562 0.8338
1305031465.5956 -0.8384 0.8343 0.6729 0.4095 -0.3754 0.0629 0.8291
1305031465.6277 -0.8402 0.8440 0.6840 0.4122 -0.3770 0.0684 0.8266
1305031465.6601 -0.8346 0.8542 0.7000 0.4152 -0.3842 0.0728 0.8214
1305031465.6957 -0.8298 0.8602 0.7119 0.4179 -0.3877 0.0749 0.8182
1305031465.7277 -0.8273 0.8718 0.7327 0.4221 -0.3927 0.0837 0.8128
1305031465.7598 -0.8193 0.8877 0.7528 0.4269 -0.3979 0.0904 0.8070
1305031465.7959 -0.8136 0.8946 0.7695 0.4289 -0.4004 0.0954 0.8041
1305031465.8280 -0.8051 0.9036 0.8043 0.4368 -0.4072 0.1008 0.7958
1305031465.8599 -0.7934 0.9266 0.8275 0.4451 -0.4089 0.1063 0.7895
1305031465.8955 -0.7780 0.9309 0.8634 0.4466 -0.4091 0.1104 0.7881
1305031465.9275 -0.7658 0.9352 0.8902 0.4503 -0.4052 0.1150 0.7873
1305031465.9597 -0.7583 0.9459 0.9148 0.4581 -0.3982 0.1205 0.7856
1305031465.9958 -0.7518 0.9577 0.9280 0.4613 -0.3906 0.1256 0.7867
1305031466.0276 -0.7407 0.9667 0.9446 0.4641 -0.3904 0.1269 0.7849
1305031466.0598 -0.7347 0.9941 0.9750 0.4654 -0.3911 0.1279 0.7836
1305031466.0958 -0.7279 1.0076 1.0011 0.4625 -0.3956 0.1256 0.7835
1305031466.1276 -0.7380 1.0242 1.0234 0.4613 -0.3983 0.1251 0.7829
1305031466.1604 -0.7368 1.0409 1.0406 0.4574 -0.4042 0.1265 0.7819
1305031466.1958 -0.7300 1.0557 1.0536 0.4507 -0.4119 0.1210 0.7827
1305031466.2280 -0.7250 1.0622 1.0723 0.4438 -0.4192 0.1113 0.7842
1305031466.2598 -0.7059 1.0676 1.0817 0.4441 -0.4198 0.1066 0.7843
1305031466.2957 -0.6841 1.0763 1.1021 0.4487 -0.4169 0.1004 0.7840
1305031466.3277 -0.6649 1.0939 1.1076 0.4502 -0.4073 0.0979 0.7886
1305031466.3598 -0.6556 1.1082 1.1194 0.4496 -0.3972 0.0930 0.7947
1305031466.3958 -0.6264 1.1075 1.1234 0.4465 -0.3992 0.0897 0.7957
1305031466.4278 -0.6251 1.1225 1.1274 0.4536 -0.3957 0.0887 0.7936
1305031466.4598 -0.6183 1.1386 1.1349 0.4552 -0.3961 0.0845 0.7930
1305031466.4958 -0.6090 1.1475 1.1515 0.4542 -0.3998 0.0832 0.7918
1305031466.5275 -0.5887 1.1473 1.1720 0.4539 -0.4019 0.0813 0.7911
1305031466.5604 -0.5708 1.1689 1.1809 0.4540 -0.3976 0.0810 0.7932
1305031466.5959 -0.5480 1.1711 1.1980 0.4446 -0.3999 0.0727 0.7982
1305031466.6275 -0.5159 1.1558 1.2003 0.4378 -0.3984 0.0637 0.8034
1305031466.6597 -0.4989 1.1578 1.2142 0.4427 -0.3937 0.0626 0.8032
1305031466.6958 -0.4917 1.1754 1.2239 0.4464 -0.3902 0.0589 0.8032
1305031466.7281 -0.4804 1.1689 1.2303 0.4433 -0.3869 0.0444 0.8074
1305031466.7596 -0.4621 1.1557 1.2467 0.4457 -0.3862 0.0378 0.8067
1305031466.7956 -0.4536 1.1661 1.2457 0.4499 -0.3823 0.0353 0.8064
1305031466.8279 -0.4381 1.1781 1.2585 0.4500 -0.3847 0.0307 0.8053
1305031466.8597 -0.4370 1.1719 1.2611 0.4485 -0.3866 0.0288 0.8054
1305031466.8957 -0.4066 1.1665 1.2616 0.4461 -0.3972 0.0181 0.8018
1305031466.9278 -0.3932 1.1676 1.2801 0.4489 -0.4095 0.0101 0.7942
1305031466.9597 -0.3771 1.1667 1.2877 0.4489 -0.4163 0.0063 0.7907
1305031466.9957 -0.3657 1.1678 1.2862 0.4485 -0.4164 0.0026 0.7909
1305031467.0278 -0.3526 1.1721 1.2877 0.4487 -0.4167 -0.0006 0.7906
1305031467.0597 -0.3398 1.1711 1.2978 0.4494 -0.4188 -0.0030 0.7891
1305031467.0957 -0.3275 1.1731 1.2991 0.4485 -0.4160 -0.0082 0.7910
1305031467.1290 -0.3199 1.1644 1.3061 0.4497 -0.4152 -0.0159 0.7906
1305031467.1597 -0.3059 1.1627 1.3039 0.4495 -0.4151 -0.0211 0.7907
1305031467.1957 -0.3027 1.1673 1.3105 0.4523 -0.4157 -0.0233 0.7887
1305031467.2277 -0.2916 1.1659 1.3134 0.4529 -0.4178 -0.0293 0.7870
1305031467.2597 -0.2838 1.1640 1.3194 0.4547 -0.4196 -0.0341 0.7849
1305031467.2958 -0.2780 1.1645 1.3243 0.4566 -0.4205 -0.0379 0.7831
1305031467.3280 -0.2683 1.1684 1.3265 0.4580 -0.4216 -0.0412 0.7815
1305031467.3597 -0.2595 1.1733 1.3358 0.4573 -0.4253 -0.0442 0.7798
1305031467.3958 -0.2414 1.1740 1.3258 0.4528 -0.4246 -0.0553 0.7821
1305031467.4278 -0.2262 1.1701 1.3307 0.4516 -0.4290 -0.0603 0.7800
1305031467.4597 -0.2118 1.1757 1.3331 0.4519 -0.4315 -0.0642 0.7781
1305031467.4961 -0.2046 1.1871 1.3378 0.4519 -0.4326 -0.0687 0.7771
1305031467.5277 -0.1913 1.1876 1.3361 0.4492 -0.4319 -0.0747 0.7785
1305031467.5598 -0.1845 1.1839 1.3404 0.4488 -0.4321 -0.0761 0.7785
1305031467.5960 -0.1753 1.1884 1.3410 0.4484 -0.4320 -0.0753 0.7789
1305031467.6275 -0.1829 1.1815 1.3497 0.4503 -0.4350 -0.0735 0.7763
1305031467.6596 -0.1738 1.1594 1.3465 0.4489 -0.4408 -0.0726 0.7739
1305031467.6959 -0.1661 1.1551 1.3448 0.4500 -0.4411 -0.0749 0.7729
1305031467.7275 -0.1607 1.1476 1.3449 0.4529 -0.4403 -0.0771 0.7714
1305031467.7599 -0.1714 1.1405 1.3463 0.4575 -0.4386 -0.0771 0.7696
1305031467.7961 -0.1646 1.1340 1.3508 0.4614 -0.4385 -0.0801 0.7670
1305031467.8278 -0.1719 1.1153 1.3306 0.4623 -0.4346 -0.0807 0.7687
1305031467.8597 -0.1665 1.1095 1.3324 0.4695 -0.4373 -0.0766 0.7632
1305031467.8959 -0.1657 1.0886 1.3335 0.4702 -0.4418 -0.0792 0.7599
1305031467.9278 -0.1846 1.0716 1.3400 0.4746 -0.4435 -0.0809 0.7560
1305031467.9598 -0.1858 1.0496 1.3457 0.4794 -0.4471 -0.0815 0.7508
1305031467.9958 -0.1872 1.0461 1.3489 0.4808 -0.4473 -0.0805 0.7499
1305031468.0281 -0.1965 1.0272 1.3512 0.4801 -0.4468 -0.0825 0.7504
1305031468.0598 -0.2020 1.0030 1.3520 0.4842 -0.4461 -0.0859 0.7478
1305031468.0959 -0.1987 0.9947 1.3520 0.4843 -0.4477 -0.0858 0.7468
1305031468.1278 -0.2051 0.9773 1.3551 0.4837 -0.4487 -0.0869 0.7464
1305031468.1599 -0.2111 0.9649 1.3581 0.4853 -0.4485 -0.0877 0.7454
1305031468.1960 -0.2177 0.9533 1.3642 0.4866 -0.4474 -0.0884 0.7451
1305031468.2282 -0.2199 0.9323 1.3700 0.4856 -0.4477 -0.0883 0.7456
1305031468.2598 -0.2223 0.9097 1.3798 0.4854 -0.4479 -0.0871 0.7458
1305031468.2958 -0.2242 0.8888 1.3849 0.4847 -0.4475 -0.0861 0.7465
1305031468.3278 -0.2331 0.8511 1.3969 0.4855 -0.4486 -0.0853 0.7455
1305031468.3598 -0.2252 0.8336 1.3973 0.4861 -0.4484 -0.0808 0.7457
1305031468.4280 -0.2347 0.7992 1.4016 0.4834 -0.4481 -0.0786 0.7478
1305031468.4958 -0.2276 0.7585 1.4156 0.4815 -0.4526 -0.0780 0.7464
1305031468.5278 -0.2555 0.7393 1.4058 0.4860 -0.4463 -0.0808 0.7471
1305031468.5597 -0.2511 0.7283 1.3895 0.4950 -0.4381 -0.0885 0.7451
1305031468.6596 -0.2559 0.6938 1.3626 0.4958 -0.4372 -0.0960 0.7442
1305031468.6958 -0.2509 0.6651 1.3391 0.4967 -0.4393 -0.1042 0.7412
1305031468.7278 -0.2477 0.6582 1.3311 0.5022 -0.4410 -0.1059 0.7363
1305031468.7958 -0.2489 0.6325 1.3137 0.5096 -0.4421 -0.1112 0.7298
1305031468.8292 -0.2540 0.6293 1.2978 0.5187 -0.4368 -0.1133 0.7262
1305031468.9596 -0.2577 0.6071 1.2837 0.5131 -0.4242 -0.1093 0.7381
1305031469.0277 -0.2663 0.6014 1.2872 0.4899 -0.4191 -0.1249 0.7541
1305031469.1277 -0.2802 0.5593 1.3024 0.4687 -0.4097 -0.1581 0.7665
1305031469.1955 -0.2920 0.5318 1.3000 0.4551 -0.3924 -0.1702 0.7810
1305031469.2596 -0.3219 0.5123 1.3001 0.4479 -0.3805 -0.1749 0.7900
1305031469.2968 -0.3283 0.5034 1.3023 0.4458 -0.3773 -0.1769 0.7922
1305031469.3276 -0.3380 0.4975 1.2951 0.4412 -0.3728 -0.1787 0.7965
1305031469.3596 -0.3455 0.4751 1.3061 0.4358 -0.3682 -0.1890 0.7993
1305031469.3957 -0.3513 0.4538 1.3085 0.4338 -0.3574 -0.1930 0.8042
1305031469.4277 -0.3580 0.4435 1.3145 0.4349 -0.3466 -0.1937 0.8082
1305031469.4597 -0.3753 0.4325 1.3169 0.4352 -0.3334 -0.1989 0.8123
1305031469.4957 -0.3855 0.4262 1.3212 0.4345 -0.3303 -0.1999 0.8137
1305031469.5276 -0.3994 0.4272 1.3270 0.4336 -0.3284 -0.2006 0.8148
1305031469.5596 -0.4101 0.4255 1.3333 0.4286 -0.3276 -0.2026 0.8173
1305031469.6596 -0.4503 0.3997 1.3619 0.4047 -0.3265 -0.2123 0.8274
1305031469.7596 -0.5004 0.4024 1.3846 0.3891 -0.3134 -0.2064 0.8413
1305031469.8958 -0.5843 0.4063 1.4054 0.3606 -0.3106 -0.2086 0.8544
1305031470.0596 -0.6796 0.4398 1.4271 0.3471 -0.3155 -0.2067 0.8586
1305031470.2276 -0.7596 0.4869 1.4301 0.3289 -0.3215 -0.1992 0.8653
1305031470.3958 -0.8364 0.5399 1.4258 0.3049 -0.3290 -0.1894 0.8734
1305031470.5597 -0.9052 0.5794 1.4075 0.3060 -0.3313 -0.1860 0.8729
1305031470.7597 -0.9636 0.6139 1.3907 0.3006 -0.3396 -0.1666 0.8755
1305031470.7956 -0.9797 0.6180 1.3868 0.2985 -0.3343 -0.1579 0.8799
1305031470.8278 -0.9937 0.6222 1.3864 0.3020 -0.3345 -0.1510 0.8798
1305031470.8596 -0.9964 0.6164 1.3839 0.3009 -0.3426 -0.1482 0.8775
1305031470.8957 -1.0058 0.6177 1.3793 0.3013 -0.3454 -0.1413 0.8775
1305031470.9277 -1.0204 0.6252 1.3783 0.3100 -0.3475 -0.1334 0.8749
1305031470.9596 -1.0212 0.6226 1.3718 0.3181 -0.3548 -0.1330 0.8690
1305031470.9960 -1.0241 0.6260 1.3692 0.3277 -0.3563 -0.1283 0.8655
1305031471.0276 -1.0271 0.6245 1.3638 0.3360 -0.3561 -0.1249 0.8629
1305031471.0596 -1.0281 0.6246 1.3589 0.3438 -0.3577 -0.1176 0.8603
1305031471.0958 -1.0281 0.6288 1.3585 0.3499 -0.3651 -0.1047 0.8563
1305031471.1277 -1.0305 0.6251 1.3563 0.3524 -0.3714 -0.0974 0.8534
1305031471.1596 -1.0321 0.6318 1.3592 0.3603 -0.3741 -0.0893 0.8499
1305031471.1957 -1.0344 0.6309 1.3592 0.3596 -0.3765 -0.0836 0.8497
1305031471.2276 -1.0374 0.6324 1.3566 0.3591 -0.3762 -0.0798 0.8504
1305031471.2597 -1.0392 0.6304 1.3530 0.3570 -0.3767 -0.0786 0.8512
1305031471.2961 -1.0416 0.6317 1.3555 0.3594 -0.3785 -0.0747 0.8497
1305031471.3276 -1.0433 0.6317 1.3520 0.3591 -0.3768 -0.0693 0.8510
1305031471.3596 -1.0459 0.6340 1.3480 0.3591 -0.3709 -0.0652 0.8540
1305031471.3957 -1.0481 0.6342 1.3465 0.3594 -0.3699 -0.0586 0.8547
1305031471.4277 -1.0449 0.6317 1.3470 0.3582 -0.3754 -0.0537 0.8532
1305031471.4965 -1.0522 0.6348 1.3353 0.3535 -0.3749 -0.0457 0.8558
1305031471.5276 -1.0525 0.6336 1.3314 0.3506 -0.3755 -0.0442 0.8568
1305031471.5597 -1.0519 0.6356 1.3290 0.3501 -0.3748 -0.0433 0.8574
1305031471.5957 -1.0519 0.6377 1.3285 0.3507 -0.3735 -0.0413 0.8578
1305031471.6276 -1.0519 0.6412 1.3260 0.3519 -0.3706 -0.0392 0.8586
1305031471.6596 -1.0531 0.6404 1.3199 0.3496 -0.3666 -0.0369 0.8614
1305031471.7958 -1.0468 0.6409 1.3042 0.3349 -0.3580 -0.0177 0.8714
1305031471.9956 -1.0554 0.6586 1.2998 0.3115 -0.3446 0.0109 0.8855
1305031472.2276 -1.1268 0.5723 1.3644 0.2561 -0.3692 0.0540 0.8917
1305031472.4636 -1.1275 0.5701 1.3640 0.2703 -0.3758 0.0712 0.8836
1305031472.6958 -1.1201 0.5567 1.3545 0.2768 -0.3747 0.0852 0.8808
1305031472.9638 -1.1203 0.5468 1.3561 0.2894 -0.3719 0.0938 0.8770
