1305031453.3917 0.0000 0.0000 0.0000 0.0000 0.0000 0.0000 1.0000
1305031453.5237 0.0009 0.0341 -0.0439 0.0238 0.0258 0.0350 0.9988
1305031453.5916 -0.0081 0.0612 -0.0753 0.0440 0.0346 0.0464 0.9974
1305031453.6917 -0.0293 0.0745 -0.1178 0.0615 0.0305 0.0418 0.9968
1305031453.8278 -0.0706 0.0849 -0.1475 0.0714 0.0040 0.0139 0.9973
1305031453.9277 -0.1681 0.1407 0.0388 0.1079 0.0099 0.0112 0.9940
1305031453.9916 -0.1873 0.1382 0.0651 0.1058 -0.0152 -0.0038 0.9943
1305031454.0277 -0.2032 0.1262 0.0816 0.1031 -0.0229 -0.0164 0.9943
1305031454.0597 -0.2136 0.1160 0.0895 0.0985 -0.0329 -0.0251 0.9943
1305031454.0917 -0.2210 0.1130 0.1024 0.0976 -0.0453 -0.0315 0.9937
1305031454.1277 -0.2272 0.1100 0.1154 0.0988 -0.0601 -0.0391 0.9925
1305031454.1597 -0.2538 0.1233 0.1183 0.1034 -0.0676 -0.0426 0.9914
1305031454.1917 -0.2670 0.1194 0.1279 0.1006 -0.0820 -0.0569 0.9899
1305031454.2277 -0.2977 0.1378 0.1389 0.1086 -0.0902 -0.0676 0.9877
1305031454.2596 -0.3078 0.1340 0.1320 0.1094 -0.1010 -0.0797 0.9856
1305031454.2916 -0.3046 0.1302 0.1398 0.1067 -0.1135 -0.0880 0.9839
1305031454.3277 -0.3104 0.1292 0.1321 0.1053 -0.1246 -0.0989 0.9816
1305031454.3596 -0.3257 0.1374 0.1323 0.1124 -0.1329 -0.1125 0.9783
1305031454.3917 -0.3258 0.1391 0.1372 0.1132 -0.1422 -0.1202 0.9760
1305031454.4275 -0.3385 0.1434 0.1327 0.1140 -0.1527 -0.1300 0.9730
1305031454.4599 -0.3508 0.1509 0.1380 0.1171 -0.1588 -0.1412 0.9701
1305031454.4916 -0.3563 0.1554 0.1411 0.1200 -0.1634 -0.1556 0.9668
1305031454.5277 -0.3552 0.1571 0.1374 0.1189 -0.1727 -0.1672 0.9634
1305031454.5596 -0.3661 0.1624 0.1468 0.1179 -0.1786 -0.1782 0.9604
1305031454.5916 -0.3865 0.1689 0.1576 0.1159 -0.1848 -0.1879 0.9577
1305031454.6276 -0.3960 0.1740 0.1568 0.1153 -0.1958 -0.1973 0.9537
1305031454.6595 -0.4091 0.1912 0.1716 0.1170 -0.2065 -0.1977 0.9511
1305031454.6919 -0.4279 0.1917 0.1782 0.1102 -0.2170 -0.2028 0.9485
1305031454.7277 -0.4276 0.2020 0.1864 0.1107 -0.2321 -0.2076 0.9438
1305031454.7597 -0.4296 0.2020 0.1962 0.1067 -0.2389 -0.2045 0.9432
1305031454.7916 -0.4311 0.2011 0.1978 0.1020 -0.2413 -0.1991 0.9443
1305031454.8276 -0.4337 0.2001 0.2048 0.0982 -0.2432 -0.1941 0.9453
1305031454.8596 -0.4344 0.2003 0.2158 0.0906 -0.2438 -0.1875 0.9472
1305031454.8918 -0.4346 0.2047 0.2194 0.0847 -0.2406 -0.1768 0.9506
1305031454.9276 -0.4367 0.2097 0.2175 0.0814 -0.2363 -0.1709 0.9531
1305031454.9596 -0.4388 0.2118 0.2188 0.0767 -0.2335 -0.1631 0.9555
1305031454.9919 -0.4426 0.2172 0.2152 0.0758 -0.2308 -0.1598 0.9568
1305031455.0278 -0.4472 0.2235 0.2146 0.0762 -0.2294 -0.1581 0.9574
1305031455.0596 -0.4482 0.2244 0.2156 0.0743 -0.2291 -0.1560 0.9580
1305031455.0917 -0.4523 0.2280 0.2142 0.0752 -0.2271 -0.1560 0.9584
1305031455.1277 -0.4576 0.2324 0.2108 0.0751 -0.2238 -0.1547 0.9594
1305031455.1597 -0.4650 0.2334 0.2039 0.0729 -0.2197 -0.1520 0.9609
1305031455.1917 -0.4736 0.2353 0.2016 0.0702 -0.2175 -0.1487 0.9621
1305031455.2276 -0.4816 0.2406 0.2009 0.0711 -0.2149 -0.1465 0.9630
1305031455.2596 -0.4877 0.2433 0.1974 0.0678 -0.2120 -0.1402 0.9648
1305031455.2918 -0.4957 0.2378 0.1994 0.0563 -0.2105 -0.1298 0.9673
1305031455.3278 -0.5113 0.2537 0.1983 0.0571 -0.2070 -0.1213 0.9691
1305031455.3596 -0.5195 0.2564 0.2059 0.0501 -0.2080 -0.1132 0.9703
1305031455.3917 -0.5250 0.2496 0.2094 0.0397 -0.2066 -0.1067 0.9718
1305031455.4276 -0.5431 0.2576 0.1995 0.0377 -0.1977 -0.0994 0.9745
1305031455.4596 -0.5539 0.2598 0.1936 0.0358 -0.1942 -0.0938 0.9758
1305031455.4916 -0.5669 0.2578 0.1841 0.0308 -0.1899 -0.0862 0.9775
1305031455.5276 -0.5831 0.2520 0.1729 0.0249 -0.1851 -0.0774 0.9794
1305031455.5597 -0.6022 0.2530 0.1647 0.0231 -0.1844 -0.0653 0.9804
1305031455.5916 -0.6260 0.2593 0.1564 0.0233 -0.1823 -0.0526 0.9816
1305031455.6276 -0.6433 0.2526 0.1556 0.0178 -0.1811 -0.0429 0.9824
1305031455.6596 -0.6601 0.2508 0.1479 0.0190 -0.1781 -0.0352 0.9832
1305031455.6916 -0.6709 0.2520 0.1417 0.0216 -0.1768 -0.0368 0.9833
1305031455.7276 -0.6790 0.2528 0.1336 0.0245 -0.1745 -0.0402 0.9835
1305031455.7597 -0.6847 0.2517 0.1308 0.0245 -0.1726 -0.0406 0.9838
1305031455.7917 -0.6896 0.2424 0.1241 0.0233 -0.1704 -0.0401 0.9843
1305031455.8276 -0.6984 0.2382 0.1114 0.0223 -0.1680 -0.0371 0.9848
1305031455.8595 -0.7045 0.2357 0.1037 0.0227 -0.1668 -0.0381 0.9850
1305031455.8917 -0.7106 0.2333 0.0964 0.0223 -0.1648 -0.0383 0.9853
1305031455.9280 -0.7159 0.2307 0.0891 0.0221 -0.1626 -0.0389 0.9857
1305031455.9597 -0.7201 0.2306 0.0852 0.0227 -0.1613 -0.0391 0.9859
1305031455.9917 -0.7247 0.2266 0.0821 0.0206 -0.1592 -0.0401 0.9862
1305031456.0278 -0.7342 0.2255 0.0739 0.0168 -0.1539 -0.0408 0.9871
1305031456.0597 -0.7441 0.2109 0.0702 0.0060 -0.1499 -0.0482 0.9875
1305031456.0917 -0.7482 0.2046 0.0675 0.0024 -0.1483 -0.0505 0.9877
1305031456.1276 -0.7513 0.2016 0.0664 0.0014 -0.1469 -0.0508 0.9878
1305031456.1597 -0.7570 0.1922 0.0637 -0.0010 -0.1436 -0.0513 0.9883
1305031456.1917 -0.7622 0.1713 0.0567 -0.0022 -0.1377 -0.0480 0.9893
1305031456.2277 -0.7739 0.1671 0.0537 -0.0026 -0.1272 -0.0448 0.9909
1305031456.2917 -0.7752 0.1431 0.0638 -0.0079 -0.1130 -0.0362 0.9929
1305031456.3277 -0.7828 0.1369 0.0594 -0.0046 -0.1042 -0.0289 0.9941
1305031456.3916 -0.7796 0.1200 0.0627 -0.0047 -0.0890 -0.0161 0.9959
1305031456.4277 -0.7932 0.1222 0.0639 0.0011 -0.0790 -0.0057 0.9969
1305031456.4917 -0.8378 0.1412 0.0762 0.0034 -0.0686 0.0057 0.9976
1305031456.5276 -0.8612 0.1505 0.0884 0.0044 -0.0647 0.0090 0.9979
1305031456.5917 -0.8737 0.1573 0.1023 0.0063 -0.0634 0.0172 0.9978
1305031456.6276 -0.8872 0.1749 0.1131 -0.0015 -0.0580 0.0220 0.9981
1305031456.6916 -0.9256 0.1510 0.1347 -0.0171 -0.0453 0.0364 0.9982
1305031456.7916 -0.9829 0.1545 0.1612 -0.0184 -0.0482 0.0571 0.9970
1305031457.0276 -1.0572 0.1742 0.2246 -0.0290 -0.0313 0.0892 0.9951
1305031457.1917 -1.1175 0.1663 0.2224 -0.0447 0.0005 0.1157 0.9923
1305031457.2917 -1.1534 0.1517 0.2058 -0.0405 0.0227 0.1338 0.9899
1305031457.3917 -1.1942 0.1395 0.1770 -0.0352 0.0561 0.1523 0.9861
1305031457.4917 -1.2342 0.1248 0.1536 -0.0313 0.0702 0.1696 0.9825
1305031457.5597 -1.2521 0.1261 0.1282 -0.0186 0.0759 0.1770 0.9811
1305031457.6596 -1.3061 0.1217 0.1056 -0.0078 0.0913 0.1886 0.9778
1305031457.7596 -1.3312 0.0926 0.0875 -0.0123 0.0911 0.1878 0.9779
1305031457.7916 -1.3364 0.0747 0.0856 -0.0063 0.0962 0.1862 0.9778
1305031457.8277 -1.3504 0.0967 0.0771 0.0133 0.1026 0.1880 0.9767
1305031457.8916 -1.3712 0.0641 0.0678 0.0186 0.1182 0.1857 0.9753
1305031457.9276 -1.3873 0.0646 0.0653 0.0344 0.1248 0.1892 0.9734
1305031457.9916 -1.4156 0.0410 0.0509 0.0443 0.1287 0.1951 0.9713
1305031458.0278 -1.4179 0.0397 0.0493 0.0565 0.1309 0.1961 0.9702
1305031458.0597 -1.4298 0.0482 0.0481 0.0678 0.1354 0.2006 0.9679
1305031458.1276 -1.4449 0.0341 0.0514 0.0648 0.1403 0.2014 0.9672
1305031458.1596 -1.4528 0.0271 0.0569 0.0656 0.1423 0.2019 0.9668
1305031458.1916 -1.4714 0.0219 0.0772 0.0675 0.1451 0.2055 0.9655
1305031458.2276 -1.4902 0.0056 0.1057 0.0602 0.1462 0.2064 0.9656
1305031458.2599 -1.5054 -0.0308 0.1330 0.0543 0.1489 0.2042 0.9660
1305031458.2917 -1.5446 -0.0293 0.1668 0.0671 0.1555 0.1986 0.9653
1305031458.3276 -1.5626 -0.0355 0.1930 0.0698 0.1536 0.1993 0.9653
1305031458.3596 -1.5884 -0.0481 0.2216 0.0795 0.1591 0.1990 0.9637
1305031458.3916 -1.6094 -0.0446 0.2541 0.0949 0.1638 0.2036 0.9606
1305031458.4276 -1.6150 -0.0392 0.2710 0.1044 0.1637 0.2096 0.9583
1305031458.4596 -1.6108 -0.0524 0.2720 0.1126 0.1656 0.2139 0.9561
1305031458.4917 -1.6093 -0.0635 0.2751 0.1294 0.1736 0.2135 0.9526
1305031458.5277 -1.6225 -0.0503 0.2826 0.1481 0.1825 0.2112 0.9488
1305031458.5596 -1.6303 -0.0592 0.2916 0.1508 0.1907 0.2079 0.9474
1305031458.5916 -1.6387 -0.0639 0.2987 0.1572 0.1962 0.2020 0.9466
1305031458.6277 -1.6490 -0.0602 0.3119 0.1595 0.1989 0.1989 0.9463
1305031458.6596 -1.6606 -0.0494 0.3337 0.1630 0.1950 0.2051 0.9452
1305031458.6917 -1.6778 -0.0347 0.3823 0.1691 0.1906 0.1953 0.9471
1305031458.7276 -1.6821 -0.0462 0.4206 0.1678 0.1848 0.1845 0.9506
1305031458.7599 -1.6853 -0.0452 0.4480 0.1747 0.1736 0.1728 0.9537
1305031458.7916 -1.7014 -0.0414 0.4921 0.1786 0.1721 0.1593 0.9556
1305031458.8276 -1.6886 -0.0544 0.5102 0.1708 0.1645 0.1581 0.9585
1305031458.8917 -1.6878 -0.0581 0.5357 0.1763 0.1656 0.1422 0.9598
1305031458.9276 -1.7018 -0.0547 0.5415 0.1784 0.1732 0.1446 0.9577
1305031458.9596 -1.6970 -0.0665 0.5404 0.1695 0.1724 0.1589 0.9572
1305031458.9916 -1.7015 -0.0854 0.5460 0.1684 0.1757 0.1603 0.9566
1305031459.0277 -1.7240 -0.0926 0.5694 0.1792 0.1803 0.1548 0.9547
1305031459.0596 -1.7536 -0.0903 0.6024 0.1950 0.1825 0.1570 0.9508
1305031459.1276 -1.6859 0.0460 0.6854 0.2332 0.1885 0.0988 0.9488
1305031459.1596 -1.6883 0.0453 0.6936 0.2412 0.1613 0.0963 0.9521
1305031459.1917 -1.6857 0.0365 0.7181 0.2468 0.1439 0.0968 0.9534
1305031459.2276 -1.6867 0.0326 0.7295 0.2495 0.1295 0.1027 0.9542
1305031459.2598 -1.6876 0.0302 0.7587 0.2528 0.1282 0.1067 0.9530
1305031459.3276 -1.7037 0.0337 0.7845 0.2537 0.1591 0.1309 0.9451
1305031459.3597 -1.7050 0.0355 0.7949 0.2586 0.1770 0.1517 0.9374
1305031459.3917 -1.7145 0.0454 0.8142 0.2590 0.2019 0.1770 0.9278
1305031459.4276 -1.5734 0.0908 0.8689 0.2769 0.1638 0.1698 0.9315
1305031459.4597 -1.4394 0.1306 0.9281 0.2933 0.1257 0.1856 0.9294
1305031459.5276 -1.3290 0.2068 1.2601 0.3797 0.1491 0.1047 0.9070
1305031459.5596 -1.3313 0.1877 1.2460 0.3681 0.1509 0.1396 0.9068
1305031459.5917 -1.3302 0.1805 1.2489 0.3636 0.1458 0.1654 0.9051
1305031459.6276 -1.3376 0.1869 1.2550 0.3635 0.1457 0.1734 0.9037
1305031459.6596 -1.3396 0.1888 1.2630 0.3652 0.1478 0.1745 0.9024
1305031459.6916 -1.3517 0.1798 1.2591 0.3579 0.1558 0.1863 0.9016
1305031459.7276 -1.3616 0.1732 1.2573 0.3543 0.1606 0.1897 0.9015
1305031459.7917 -1.3999 0.1531 1.2632 0.3531 0.1742 0.1906 0.8992
1305031459.8277 -1.4173 0.1450 1.2672 0.3521 0.1763 0.1901 0.8993
1305031459.8597 -1.4404 0.1297 1.2674 0.3469 0.1792 0.1924 0.9003
1305031459.8916 -1.4529 0.1193 1.2699 0.3444 0.1741 0.1944 0.9018
1305031459.9276 -1.4711 0.1059 1.2718 0.3427 0.1742 0.1968 0.9019
1305031459.9917 -1.4922 0.0806 1.2748 0.3362 0.1680 0.2075 0.9032
1305031460.0276 -1.5035 0.0691 1.2804 0.3355 0.1691 0.2107 0.9025
1305031460.0597 -1.5214 0.0564 1.2736 0.3333 0.1694 0.2166 0.9018
1305031460.0917 -1.5386 0.0440 1.2717 0.3333 0.1634 0.2219 0.9016
1305031460.1277 -1.5452 0.0299 1.2770 0.3356 0.1512 0.2275 0.9015
1305031460.1597 -1.5597 0.0232 1.2805 0.3398 0.1433 0.2293 0.9008
1305031460.1916 -1.5602 0.0129 1.2980 0.3417 0.1367 0.2308 0.9007
1305031460.2278 -1.5549 0.0106 1.3065 0.3450 0.1338 0.2312 0.8998
1305031460.2917 -1.5729 -0.0062 1.3084 0.3520 0.1512 0.2342 0.8935
1305031460.3275 -1.5789 -0.0084 1.3150 0.3561 0.1573 0.2348 0.8907
1305031460.3916 -1.5802 -0.0140 1.3305 0.3598 0.1706 0.2451 0.8839
1305031460.4275 -1.5822 -0.0197 1.3308 0.3602 0.1769 0.2531 0.8803
1305031460.4596 -1.5834 -0.0212 1.3341 0.3605 0.1871 0.2609 0.8758
1305031460.4915 -1.5929 -0.0251 1.3389 0.3582 0.2023 0.2705 0.8704
1305031460.5276 -1.6028 -0.0375 1.3394 0.3529 0.2156 0.2825 0.8655
1305031460.5596 -1.6082 -0.0533 1.3431 0.3477 0.2265 0.2900 0.8624
1305031460.5919 -1.6157 -0.0613 1.3422 0.3448 0.2339 0.2938 0.8603
1305031460.6276 -1.6224 -0.0741 1.3460 0.3426 0.2427 0.2980 0.8573
1305031460.6598 -1.6286 -0.0777 1.3452 0.3424 0.2478 0.2988 0.8556
1305031460.6917 -1.6349 -0.0808 1.3495 0.3425 0.2511 0.2994 0.8544
1305031460.7277 -1.6364 -0.0862 1.3499 0.3404 0.2518 0.3009 0.8545
1305031460.7597 -1.6377 -0.0905 1.3505 0.3396 0.2545 0.3006 0.8541
1305031460.7917 -1.6438 -0.0945 1.3519 0.3392 0.2568 0.3017 0.8532
1305031460.8277 -1.6472 -0.0998 1.3568 0.3381 0.2597 0.3004 0.8533
1305031460.8597 -1.6467 -0.1018 1.3576 0.3365 0.2608 0.2996 0.8538
1305031460.8918 -1.6492 -0.1129 1.3566 0.3313 0.2645 0.3007 0.8543
1305031460.9276 -1.6533 -0.1181 1.3609 0.3302 0.2670 0.3009 0.8539
1305031460.9917 -1.6525 -0.1409 1.3546 0.3272 0.2665 0.3074 0.8529
1305031461.0276 -1.6542 -0.1543 1.3514 0.3248 0.2673 0.3110 0.8523
1305031461.0917 -1.6642 -0.1768 1.3655 0.3266 0.2694 0.3089 0.8517
1305031461.1276 -1.6617 -0.1817 1.3702 0.3273 0.2698 0.3072 0.8519
1305031461.1597 -1.6702 -0.1957 1.3668 0.3258 0.2744 0.3062 0.8513
1305031461.1920 -1.6669 -0.1950 1.3725 0.3299 0.2740 0.3019 0.8515
1305031461.2276 -1.6653 -0.2007 1.3714 0.3294 0.2741 0.3016 0.8517
1305031461.2596 -1.6706 -0.2115 1.3831 0.3310 0.2802 0.2980 0.8503
1305031461.2917 -1.6668 -0.2156 1.3853 0.3320 0.2810 0.2939 0.8511
1305031461.3278 -1.6677 -0.2209 1.3881 0.3320 0.2843 0.2909 0.8511
1305031461.3597 -1.6676 -0.2173 1.4034 0.3357 0.2894 0.2873 0.8491
1305031461.3917 -1.6647 -0.2252 1.4019 0.3309 0.2892 0.2891 0.8504
1305031461.4276 -1.6600 -0.2301 1.4010 0.3297 0.2893 0.2874 0.8515
1305031461.4598 -1.6601 -0.2296 1.4092 0.3304 0.2908 0.2872 0.8507
1305031461.4917 -1.6513 -0.2320 1.4050 0.3288 0.2888 0.2865 0.8523
1305031461.5277 -1.6548 -0.2286 1.4077 0.3341 0.2910 0.2851 0.8499
1305031461.5597 -1.6504 -0.2247 1.4069 0.3341 0.2919 0.2821 0.8506
1305031461.5917 -1.6424 -0.2175 1.3990 0.3335 0.2956 0.2792 0.8506
1305031461.6275 -1.6361 -0.2132 1.4071 0.3336 0.3026 0.2790 0.8481
1305031461.6596 -1.6380 -0.2219 1.4101 0.3291 0.3115 0.2820 0.8457
1305031461.6916 -1.6405 -0.2215 1.4222 0.3301 0.3186 0.2862 0.8412
1305031461.7276 -1.6276 -0.2213 1.4089 0.3253 0.3111 0.2950 0.8429
1305031461.7597 -1.6165 -0.2109 1.4157 0.3287 0.3116 0.2947 0.8415
1305031461.7916 -1.6185 -0.2092 1.3985 0.3200 0.3123 0.3023 0.8418
1305031461.8276 -1.6119 -0.2028 1.3964 0.3182 0.3165 0.3080 0.8389
1305031461.8598 -1.6113 -0.1902 1.4011 0.3206 0.3200 0.3148 0.8341
1305031461.8917 -1.6039 -0.1766 1.4208 0.3233 0.3202 0.3293 0.8274
1305031461.9278 -1.5867 -0.1628 1.4183 0.3185 0.3112 0.3399 0.8283
1305031461.9597 -1.5760 -0.1529 1.4163 0.3134 0.3151 0.3448 0.8268
1305031461.9916 -1.5732 -0.1310 1.4410 0.3157 0.3218 0.3535 0.8196
1305031462.0277 -1.5733 -0.1433 1.4636 0.3021 0.3310 0.3658 0.8157
1305031462.0598 -1.5713 -0.1375 1.4692 0.2979 0.3234 0.3769 0.8152
1305031462.0918 -1.5679 -0.1399 1.4751 0.2895 0.3188 0.3874 0.8152
1305031462.1277 -1.5645 -0.1253 1.4803 0.2905 0.3098 0.3971 0.8136
1305031462.1596 -1.5577 -0.1219 1.4796 0.2852 0.3045 0.4029 0.8146
1305031462.1916 -1.5607 -0.1101 1.4942 0.2898 0.3064 0.4018 0.8128
1305031462.2276 -1.5634 -0.1072 1.5044 0.2827 0.3102 0.4033 0.8131
1305031462.2598 -1.5604 -0.1299 1.4999 0.2622 0.3141 0.4090 0.8157
1305031462.2916 -1.5654 -0.1382 1.5051 0.2497 0.3184 0.4083 0.8182
1305031462.3917 -1.5495 -0.1036 1.5374 0.2344 0.3153 0.3873 0.8340
1305031462.4599 -1.5611 -0.1875 1.6488 0.2138 0.3551 0.3959 0.8194
1305031462.5277 -1.5533 -0.2575 1.6836 0.1732 0.3661 0.4086 0.8179
1305031462.7277 -1.5573 -0.2031 1.8056 0.2275 0.3990 0.3622 0.8111
1305031463.0277 -1.5218 -0.1549 1.7908 0.2012 0.3787 0.3111 0.8481
1305031463.1275 -1.5254 -0.1258 1.7597 0.2002 0.3780 0.2811 0.8591
1305031463.2278 -1.5146 -0.0911 1.7419 0.2031 0.3794 0.2576 0.8651
1305031463.2957 -1.5140 -0.0719 1.7173 0.2058 0.3799 0.2482 0.8670
1305031463.4277 -1.4844 -0.0187 1.6976 0.2201 0.3725 0.2198 0.8744
1305031463.5277 -1.4527 0.0217 1.6769 0.2298 0.3764 0.2142 0.8716
1305031463.6276 -1.4297 0.0633 1.6592 0.2461 0.3825 0.2016 0.8675
1305031463.6598 -1.4304 0.0743 1.6424 0.2536 0.3859 0.1951 0.8653
1305031463.7276 -1.4197 0.0918 1.6152 0.2560 0.3911 0.1835 0.8648
1305031463.7597 -1.4162 0.0959 1.5981 0.2604 0.3986 0.1746 0.8619
1305031463.7956 -1.4187 0.1100 1.5763 0.2643 0.4024 0.1603 0.8617
1305031463.8599 -1.4130 0.1146 1.5315 0.2614 0.4098 0.1428 0.8622
1305031463.8956 -1.4156 0.1061 1.4948 0.2536 0.4109 0.1379 0.8648
1305031463.9597 -1.4113 0.1061 1.4523 0.2513 0.4080 0.1240 0.8689
1305031463.9958 -1.4142 0.1075 1.4459 0.2552 0.4115 0.1124 0.8677
1305031464.0277 -1.4184 0.1115 1.4337 0.2542 0.4141 0.1020 0.8681
1305031464.0597 -1.4187 0.1084 1.4180 0.2512 0.4175 0.0919 0.8684
1305031464.0956 -1.4299 0.1046 1.3987 0.2499 0.4232 0.0810 0.8671
1305031464.1277 -1.4397 0.0981 1.3875 0.2476 0.4262 0.0771 0.8667
1305031464.1598 -1.4431 0.0859 1.3830 0.2500 0.4269 0.0758 0.8657
1305031464.1956 -1.4545 0.0782 1.3624 0.2567 0.4219 0.0711 0.8666
1305031464.2276 -1.4549 0.0853 1.3426 0.2646 0.4097 0.0608 0.8709
1305031464.2596 -1.4695 0.0910 1.3445 0.2687 0.4022 0.0553 0.8735
1305031464.2957 -1.4698 0.0829 1.3494 0.2676 0.3948 0.0497 0.8775
1305031464.3279 -1.4527 0.0854 1.3451 0.2676 0.3855 0.0399 0.8822
1305031464.3597 -1.4484 0.0916 1.3364 0.2711 0.3801 0.0275 0.8839
1305031464.3956 -1.4465 0.0845 1.3258 0.2697 0.3802 0.0167 0.8845
1305031464.4276 -1.4455 0.0895 1.3136 0.2692 0.3820 0.0080 0.8841
1305031464.4597 -1.4487 0.0894 1.3011 0.2689 0.3828 0.0008 0.8838
1305031464.4956 -1.4420 0.0959 1.2876 0.2706 0.3810 -0.0037 0.8841
1305031464.5276 -1.4452 0.0964 1.2669 0.2675 0.3822 -0.0087 0.8845
1305031464.5597 -1.4375 0.0985 1.2486 0.2627 0.3824 -0.0195 0.8857
1305031464.5957 -1.4255 0.0892 1.2124 0.2596 0.3846 -0.0303 0.8853
1305031464.6277 -1.4231 0.0893 1.1923 0.2690 0.3953 -0.0378 0.8775
1305031464.6597 -1.4215 0.0932 1.1689 0.2788 0.4047 -0.0466 0.8697
1305031464.6957 -1.4167 0.0827 1.1501 0.2841 0.4159 -0.0650 0.8614
1305031464.7277 -1.4341 0.0879 1.1453 0.2954 0.4242 -0.0837 0.8519
1305031464.7597 -1.4294 0.1017 1.1415 0.3064 0.4241 -0.1029 0.8460
1305031464.7960 -1.4323 0.0936 1.1460 0.3065 0.4252 -0.1223 0.8428
1305031464.8278 -1.4293 0.0940 1.1550 0.3132 0.4172 -0.1417 0.8413
1305031464.8597 -1.4212 0.1092 1.1701 0.3176 0.4065 -0.1638 0.8408
1305031464.8958 -1.4020 0.1032 1.1937 0.3101 0.4008 -0.1882 0.8413
1305031464.9278 -1.3812 0.0828 1.1851 0.3005 0.3930 -0.2055 0.8444
1305031464.9598 -1.3833 0.0653 1.1876 0.2949 0.3957 -0.2243 0.8403
1305031464.9957 -1.3747 0.0688 1.2055 0.2972 0.4002 -0.2441 0.8318
1305031465.0278 -1.3779 0.0604 1.2233 0.2937 0.4076 -0.2611 0.8243
1305031465.0597 -1.3800 0.0708 1.2546 0.2935 0.4137 -0.2832 0.8139
1305031465.0957 -1.3580 0.0397 1.2936 0.2839 0.4130 -0.2950 0.8135
1305031465.1277 -1.3344 0.0102 1.2768 0.2573 0.4048 -0.3048 0.8228
1305031465.1598 -1.3088 -0.0127 1.2902 0.2375 0.3985 -0.3068 0.8310
1305031465.1956 -1.2836 -0.0376 1.2868 0.2185 0.3910 -0.3119 0.8379
1305031465.2279 -1.2605 -0.0560 1.2891 0.2001 0.3872 -0.3172 0.8422
1305031465.2598 -1.2524 -0.0865 1.3054 0.1814 0.3866 -0.3158 0.8473
1305031465.3599 -1.2006 -0.1018 1.3368 0.1725 0.3586 -0.2869 0.8714
1305031465.4277 -1.1627 -0.1101 1.3199 0.1750 0.3273 -0.2765 0.8865
1305031465.4601 -1.1487 -0.1077 1.3158 0.1789 0.3192 -0.2709 0.8903
1305031465.4957 -1.1294 -0.1093 1.3050 0.1770 0.3100 -0.2604 0.8971
1305031465.5276 -1.1246 -0.1173 1.2986 0.1734 0.3057 -0.2582 0.8999
1305031465.5598 -1.1080 -0.1152 1.2874 0.1777 0.2974 -0.2572 0.9022
1305031465.5956 -1.0978 -0.1108 1.2798 0.1822 0.2940 -0.2539 0.9033
1305031465.6277 -1.0893 -0.1051 1.2743 0.1864 0.2906 -0.2499 0.9046
1305031465.6601 -1.0829 -0.1016 1.2670 0.1887 0.2848 -0.2468 0.9069
1305031465.6957 -1.0683 -0.1007 1.2605 0.1919 0.2789 -0.2454 0.9084
1305031465.7277 -1.0546 -0.0919 1.2536 0.2000 0.2744 -0.2415 0.9091
1305031465.7598 -1.0423 -0.0848 1.2444 0.2055 0.2695 -0.2383 0.9102
1305031465.7959 -1.0306 -0.0839 1.2345 0.2084 0.2660 -0.2347 0.9114
1305031465.8280 -1.0159 -0.0804 1.2250 0.2138 0.2614 -0.2333 0.9119
1305031465.8599 -1.0032 -0.0593 1.2081 0.2240 0.2595 -0.2359 0.9093
1305031465.8955 -0.9831 -0.0623 1.1938 0.2261 0.2635 -0.2324 0.9085
1305031465.9275 -0.9640 -0.0637 1.1790 0.2302 0.2683 -0.2319 0.9062
1305031465.9597 -0.9479 -0.0550 1.1628 0.2378 0.2744 -0.2343 0.9018
1305031465.9958 -0.9306 -0.0514 1.1452 0.2418 0.2777 -0.2356 0.8994
1305031466.0276 -0.9216 -0.0412 1.1286 0.2439 0.2786 -0.2379 0.8979
1305031466.0598 -0.9000 -0.0426 1.1046 0.2397 0.2750 -0.2304 0.9021
1305031466.0958 -0.8974 -0.0372 1.1025 0.2326 0.2782 -0.2290 0.9034
1305031466.1276 -0.8742 -0.0248 1.0970 0.2291 0.2734 -0.2260 0.9065
1305031466.1604 -0.8617 -0.0156 1.0902 0.2251 0.2691 -0.2207 0.9101
1305031466.1958 -0.8517 -0.0047 1.0884 0.2176 0.2667 -0.2158 0.9137
1305031466.2280 -0.8436 -0.0065 1.0782 0.2018 0.2636 -0.2122 0.9191
1305031466.2598 -0.8265 -0.0102 1.0634 0.1982 0.2585 -0.2169 0.9202
1305031466.2957 -0.8013 -0.0058 1.0493 0.1994 0.2601 -0.2274 0.9170
1305031466.3277 -0.7963 -0.0114 1.0324 0.1953 0.2695 -0.2311 0.9142
1305031466.3598 -0.7868 -0.0007 1.0143 0.1915 0.2787 -0.2351 0.9113
1305031466.3958 -0.7887 -0.0058 0.9970 0.1889 0.2820 -0.2357 0.9106
1305031466.4278 -0.7834 0.0008 0.9842 0.1910 0.2795 -0.2403 0.9097
1305031466.4598 -0.7820 0.0067 0.9755 0.1886 0.2790 -0.2441 0.9094
1305031466.4958 -0.7730 0.0136 0.9636 0.1861 0.2771 -0.2443 0.9104
1305031466.5275 -0.7559 0.0084 0.9374 0.1836 0.2750 -0.2455 0.9113
1305031466.5604 -0.7409 0.0263 0.9219 0.1874 0.2794 -0.2478 0.9085
1305031466.5959 -0.7255 0.0353 0.9128 0.1805 0.2824 -0.2507 0.9082
1305031466.6275 -0.6996 0.0305 0.8979 0.1775 0.2817 -0.2560 0.9075
1305031466.6597 -0.6881 0.0260 0.8767 0.1785 0.2832 -0.2605 0.9056
1305031466.6958 -0.6653 0.0348 0.8736 0.1804 0.2809 -0.2659 0.9043
1305031466.7281 -0.6634 0.0293 0.8663 0.1686 0.2851 -0.2751 0.9026
1305031466.7596 -0.6446 0.0186 0.8584 0.1673 0.2840 -0.2822 0.9010
1305031466.7956 -0.6328 0.0243 0.8530 0.1715 0.2819 -0.2870 0.8993
1305031466.8279 -0.6237 0.0305 0.8505 0.1697 0.2812 -0.2902 0.8988
1305031466.8597 -0.6184 0.0297 0.8491 0.1691 0.2792 -0.2915 0.8992
1305031466.8957 -0.6060 0.0330 0.8516 0.1725 0.2715 -0.2925 0.9005
1305031466.9278 -0.5874 0.0259 0.8420 0.1688 0.2569 -0.2960 0.9044
1305031466.9597 -0.5796 0.0297 0.8386 0.1698 0.2522 -0.2996 0.9043
1305031466.9957 -0.5713 0.0260 0.8311 0.1683 0.2494 -0.3034 0.9041
1305031467.0278 -0.5638 0.0260 0.8249 0.1679 0.2472 -0.3054 0.9041
1305031467.0597 -0.5584 0.0225 0.8185 0.1664 0.2460 -0.3074 0.9040
1305031467.0957 -0.5474 0.0262 0.8088 0.1664 0.2449 -0.3100 0.9035
1305031467.1290 -0.5439 0.0179 0.8088 0.1628 0.2449 -0.3157 0.9021
1305031467.1597 -0.5359 0.0170 0.7985 0.1625 0.2418 -0.3175 0.9024
1305031467.1957 -0.5312 0.0156 0.7951 0.1611 0.2400 -0.3206 0.9020
1305031467.2277 -0.5268 0.0151 0.7888 0.1599 0.2366 -0.3234 0.9022
1305031467.2597 -0.5231 0.0125 0.7874 0.1585 0.2350 -0.3266 0.9016
1305031467.2958 -0.5203 0.0141 0.7798 0.1576 0.2327 -0.3313 0.9007
1305031467.3280 -0.5166 0.0140 0.7723 0.1562 0.2302 -0.3341 0.9006
1305031467.3597 -0.4993 0.0174 0.7637 0.1552 0.2231 -0.3362 0.9017
1305031467.3958 -0.4874 0.0150 0.7646 0.1504 0.2193 -0.3413 0.9016
1305031467.4278 -0.4864 0.0122 0.7590 0.1470 0.2177 -0.3434 0.9017
1305031467.4597 -0.4797 0.0135 0.7490 0.1463 0.2124 -0.3435 0.9030
1305031467.4961 -0.4697 0.0226 0.7378 0.1449 0.2081 -0.3464 0.9032
1305031467.5277 -0.4543 0.0246 0.7433 0.1432 0.2061 -0.3512 0.9020
1305031467.5598 -0.4486 0.0194 0.7318 0.1417 0.2047 -0.3525 0.9021
1305031467.5960 -0.4440 0.0137 0.7287 0.1412 0.2035 -0.3515 0.9028
1305031467.6275 -0.4288 0.0155 0.7223 0.1454 0.1971 -0.3487 0.9047
1305031467.6596 -0.4344 -0.0019 0.7161 0.1448 0.1942 -0.3482 0.9056
1305031467.6959 -0.4318 -0.0041 0.7136 0.1453 0.1932 -0.3502 0.9049
1305031467.7275 -0.4269 -0.0108 0.7114 0.1467 0.1918 -0.3553 0.9030
1305031467.7599 -0.4199 -0.0189 0.7110 0.1505 0.1894 -0.3592 0.9014
1305031467.7961 -0.4181 -0.0311 0.7113 0.1498 0.1882 -0.3617 0.9007
1305031467.8278 -0.4171 -0.0461 0.7166 0.1513 0.1874 -0.3640 0.8997
1305031467.8597 -0.4227 -0.0553 0.7160 0.1575 0.1843 -0.3632 0.8996
1305031467.8959 -0.4250 -0.0606 0.7157 0.1584 0.1815 -0.3659 0.8989
1305031467.9278 -0.4148 -0.0689 0.7212 0.1598 0.1765 -0.3719 0.8972
1305031467.9598 -0.4153 -0.0873 0.7188 0.1622 0.1721 -0.3753 0.8962
1305031467.9958 -0.4015 -0.0935 0.7274 0.1642 0.1691 -0.3774 0.8956
1305031468.0281 -0.3947 -0.1052 0.7344 0.1632 0.1692 -0.3794 0.8949
1305031468.0598 -0.3963 -0.1291 0.7383 0.1624 0.1682 -0.3823 0.8940
1305031468.0959 -0.3904 -0.1356 0.7429 0.1631 0.1664 -0.3840 0.8935
1305031468.1278 -0.3874 -0.1448 0.7476 0.1623 0.1658 -0.3846 0.8935
1305031468.1599 -0.3797 -0.1576 0.7512 0.1619 0.1642 -0.3860 0.8932
1305031468.1960 -0.3686 -0.1681 0.7576 0.1619 0.1635 -0.3887 0.8922
1305031468.2282 -0.3550 -0.1858 0.7616 0.1616 0.1626 -0.3896 0.8920
1305031468.2598 -0.3414 -0.2101 0.7640 0.1613 0.1614 -0.3889 0.8926
1305031468.2958 -0.3244 -0.2303 0.7714 0.1623 0.1600 -0.3882 0.8930
1305031468.3278 -0.3132 -0.2746 0.7751 0.1592 0.1575 -0.3874 0.8943
1305031468.3598 -0.3022 -0.2853 0.7655 0.1658 0.1570 -0.3831 0.8950
1305031468.4280 -0.2863 -0.3237 0.7738 0.1627 0.1568 -0.3821 0.8961
1305031468.4958 -0.2653 -0.3657 0.7643 0.1595 0.1512 -0.3777 0.8995
1305031468.5278 -0.2667 -0.3910 0.7723 0.1574 0.1517 -0.3797 0.8989
1305031468.5597 -0.2848 -0.4091 0.7673 0.1574 0.1539 -0.3899 0.8942
1305031468.6596 -0.3149 -0.4558 0.7690 0.1476 0.1530 -0.3921 0.8950
1305031468.6958 -0.3357 -0.4775 0.7675 0.1446 0.1504 -0.3978 0.8934
1305031468.7278 -0.3459 -0.4831 0.7622 0.1492 0.1458 -0.4029 0.8911
1305031468.7958 -0.3675 -0.5041 0.7693 0.1520 0.1429 -0.4105 0.8877
1305031468.8292 -0.3770 -0.5047 0.7659 0.1577 0.1421 -0.4212 0.8818
1305031468.9596 -0.3874 -0.5268 0.7723 0.1555 0.1602 -0.4182 0.8805
1305031469.0277 -0.3955 -0.5417 0.7857 0.1231 0.1751 -0.4139 0.8848
1305031469.1277 -0.3862 -0.5789 0.7987 0.0826 0.1876 -0.4209 0.8836
1305031469.1955 -0.3967 -0.6197 0.8070 0.0574 0.2092 -0.4187 0.8818
1305031469.2596 -0.4012 -0.6371 0.8405 0.0462 0.2216 -0.4212 0.8782
1305031469.2968 -0.3947 -0.6470 0.8498 0.0428 0.2245 -0.4199 0.8783
1305031469.3276 -0.3907 -0.6424 0.8627 0.0423 0.2289 -0.4193 0.8775
1305031469.3596 -0.3786 -0.6562 0.8725 0.0349 0.2318 -0.4251 0.8743
1305031469.3957 -0.3736 -0.6750 0.8798 0.0314 0.2416 -0.4262 0.8712
1305031469.4277 -0.3480 -0.6635 0.8895 0.0430 0.2494 -0.4276 0.8678
1305031469.4597 -0.3520 -0.6654 0.9124 0.0401 0.2630 -0.4329 0.8613
1305031469.4957 -0.3413 -0.6500 0.9329 0.0477 0.2684 -0.4335 0.8589
1305031469.5276 -0.3255 -0.6399 0.9416 0.0510 0.2666 -0.4338 0.8592
1305031469.5596 -0.3124 -0.6326 0.9552 0.0497 0.2672 -0.4321 0.8599
1305031469.6596 -0.2851 -0.6368 0.9998 0.0272 0.2761 -0.4215 0.8633
1305031469.7596 -0.2571 -0.6144 1.0414 0.0231 0.2914 -0.4064 0.8657
1305031469.9279 -0.2274 -0.5592 1.1353 0.0092 0.2997 -0.3885 0.8713
1305031470.0959 -0.2207 -0.5031 1.2180 -0.0000 0.2988 -0.3777 0.8764
1305031470.2957 -0.2404 -0.4273 1.2900 -0.0179 0.3031 -0.3509 0.8858
1305031470.4276 -0.2501 -0.3627 1.3562 -0.0143 0.3077 -0.3335 0.8910
1305031470.5958 -0.2811 -0.3109 1.4066 -0.0057 0.3082 -0.3264 0.8935
1305031470.7956 -0.2996 -0.2624 1.4608 0.0121 0.3127 -0.3086 0.8982
1305031470.8278 -0.3005 -0.2551 1.4678 0.0201 0.3124 -0.3055 0.8993
1305031470.8596 -0.3049 -0.2424 1.4784 0.0335 0.3139 -0.3018 0.8996
1305031470.8957 -0.3119 -0.2279 1.4897 0.0464 0.3175 -0.2999 0.8984
1305031470.9277 -0.3136 -0.2222 1.5002 0.0556 0.3129 -0.2966 0.9006
1305031470.9596 -0.3253 -0.2214 1.5107 0.0649 0.3122 -0.2968 0.9001
1305031470.9960 -0.3342 -0.2155 1.5154 0.0745 0.3140 -0.2996 0.8978
1305031471.0276 -0.3386 -0.2154 1.5174 0.0855 0.3112 -0.3002 0.8976
1305031471.0596 -0.3483 -0.2203 1.5186 0.0922 0.3107 -0.2995 0.8974
1305031471.0958 -0.3559 -0.2174 1.5174 0.1020 0.3082 -0.2956 0.8985
1305031471.1277 -0.3604 -0.2189 1.5183 0.1089 0.3035 -0.2889 0.9014
1305031471.1596 -0.3654 -0.2200 1.5189 0.1127 0.3024 -0.2853 0.9024
1305031471.1957 -0.3645 -0.2167 1.5200 0.1184 0.3011 -0.2827 0.9030
1305031471.2276 -0.3677 -0.2147 1.5216 0.1204 0.3022 -0.2804 0.9031
1305031471.2597 -0.3700 -0.2148 1.5243 0.1207 0.3032 -0.2793 0.9031
1305031471.2961 -0.3690 -0.2140 1.5267 0.1237 0.3023 -0.2775 0.9035
1305031471.3276 -0.3654 -0.2100 1.5289 0.1308 0.3015 -0.2765 0.9031
1305031471.3596 -0.3670 -0.2109 1.5295 0.1319 0.3050 -0.2739 0.9025
1305031471.3957 -0.3714 -0.2120 1.5302 0.1351 0.3077 -0.2675 0.9030
1305031471.4277 -0.3727 -0.2085 1.5314 0.1404 0.3074 -0.2645 0.9032
1305031471.4965 -0.3878 -0.2024 1.5388 0.1431 0.3135 -0.2573 0.9028
1305031471.5276 -0.3899 -0.2011 1.5395 0.1441 0.3133 -0.2549 0.9034
1305031471.5597 -0.3920 -0.2003 1.5401 0.1442 0.3143 -0.2538 0.9033
1305031471.5957 -0.3902 -0.1971 1.5403 0.1476 0.3148 -0.2526 0.9030
1305031471.6276 -0.3890 -0.1949 1.5376 0.1499 0.3140 -0.2524 0.9029
1305031471.6596 -0.3954 -0.1935 1.5377 0.1538 0.3182 -0.2471 0.9022
1305031471.8276 -0.4033 -0.1843 1.5305 0.1633 0.3288 -0.2134 0.9054
1305031472.0276 -0.3948 -0.1462 1.5567 0.1809 0.3529 -0.1843 0.8993
1305031472.3277 -0.4120 -0.1108 1.5677 0.2153 0.3571 -0.1783 0.8912
1305031472.5957 -0.4208 -0.1305 1.5573 0.2215 0.3490 -0.1778 0.8931
1305031472.8276 -0.4230 -0.1514 1.5508 0.2299 0.3470 -0.1796 0.8913
