1305031453.3917 0.0000 0.0000 0.0000 0.0000 0.0000 0.0000 1.0000
1305031453.5237 0.0114 0.0230 -0.0383 0.0184 0.0216 0.0390 0.9988
1305031453.6277 0.0070 0.0439 -0.0772 0.0409 0.0286 0.0556 0.9972
1305031453.7277 -0.0101 0.0725 -0.1207 0.0611 0.0151 0.0446 0.9970
1305031453.8278 -0.0346 0.0954 -0.1571 0.0729 -0.0097 0.0228 0.9970
1305031453.9277 -0.0693 0.1163 -0.1771 0.0726 -0.0557 0.0038 0.9958
1305031453.9596 -0.0766 0.1218 -0.1866 0.0708 -0.0718 -0.0059 0.9949
1305031453.9916 -0.0883 0.1234 -0.1872 0.0696 -0.0830 -0.0169 0.9940
1305031454.0277 -0.1004 0.1269 -0.1902 0.0725 -0.0945 -0.0268 0.9925
1305031454.0597 -0.1115 0.1330 -0.1953 0.0744 -0.1052 -0.0387 0.9909
1305031454.0917 -0.1232 0.1358 -0.1893 0.0761 -0.1167 -0.0510 0.9889
1305031454.1277 -0.1351 0.1383 -0.1873 0.0802 -0.1304 -0.0646 0.9861
1305031454.1597 -0.1414 0.1427 -0.1898 0.0809 -0.1468 -0.0765 0.9829
1305031454.1917 -0.1537 0.1456 -0.1899 0.0796 -0.1625 -0.0911 0.9793
1305031454.2277 -0.1697 0.1455 -0.1852 0.0829 -0.1780 -0.1096 0.9744
1305031454.2596 -0.1700 0.1452 -0.1838 0.0887 -0.1939 -0.1273 0.9687
1305031454.2916 -0.1774 0.1502 -0.1848 0.0883 -0.2012 -0.1398 0.9655
1305031454.3277 -0.1939 0.1506 -0.1870 0.0883 -0.2085 -0.1536 0.9618
1305031454.3596 -0.1988 0.1538 -0.1855 0.0958 -0.2206 -0.1693 0.9558
1305031454.3917 -0.2044 0.1587 -0.1893 0.0977 -0.2279 -0.1816 0.9516
1305031454.4275 -0.2168 0.1629 -0.1907 0.0992 -0.2387 -0.1961 0.9459
1305031454.4599 -0.2151 0.1649 -0.1886 0.1026 -0.2505 -0.2125 0.9389
1305031454.4916 -0.2211 0.1705 -0.1904 0.1052 -0.2544 -0.2288 0.9337
1305031454.5277 -0.2231 0.1774 -0.1911 0.1061 -0.2607 -0.2448 0.9278
1305031454.5596 -0.2299 0.1806 -0.1947 0.1024 -0.2652 -0.2589 0.9231
1305031454.5916 -0.2384 0.1839 -0.1942 0.0987 -0.2746 -0.2759 0.9158
1305031454.6276 -0.2415 0.1868 -0.1951 0.0963 -0.2872 -0.2900 0.9078
1305031454.6595 -0.2420 0.1903 -0.1976 0.0902 -0.2988 -0.2992 0.9017
1305031454.6919 -0.2478 0.1885 -0.1989 0.0803 -0.3111 -0.3085 0.8953
1305031454.7277 -0.2455 0.1850 -0.1949 0.0735 -0.3254 -0.3147 0.8886
1305031454.7597 -0.2421 0.1857 -0.1921 0.0663 -0.3325 -0.3131 0.8871
1305031454.7916 -0.2382 0.1901 -0.1916 0.0606 -0.3355 -0.3068 0.8886
1305031454.8276 -0.2315 0.1975 -0.1897 0.0562 -0.3373 -0.3012 0.8902
1305031454.8596 -0.2287 0.2015 -0.1866 0.0494 -0.3350 -0.2949 0.8935
1305031454.8918 -0.2259 0.2085 -0.1862 0.0451 -0.3302 -0.2880 0.8978
1305031454.9276 -0.2236 0.2164 -0.1872 0.0407 -0.3245 -0.2821 0.9019
1305031454.9596 -0.2242 0.2227 -0.1900 0.0362 -0.3191 -0.2764 0.9058
1305031454.9919 -0.2284 0.2304 -0.1942 0.0326 -0.3153 -0.2710 0.9089
1305031455.0278 -0.2282 0.2425 -0.1979 0.0329 -0.3144 -0.2679 0.9101
1305031455.0596 -0.2312 0.2483 -0.2004 0.0306 -0.3115 -0.2663 0.9116
1305031455.0917 -0.2350 0.2551 -0.2046 0.0326 -0.3083 -0.2661 0.9127
1305031455.1277 -0.2393 0.2676 -0.2103 0.0345 -0.3031 -0.2641 0.9150
1305031455.1597 -0.2480 0.2781 -0.2167 0.0334 -0.2976 -0.2598 0.9180
1305031455.1917 -0.2571 0.2860 -0.2203 0.0293 -0.2938 -0.2543 0.9210
1305031455.2276 -0.2659 0.2925 -0.2254 0.0282 -0.2904 -0.2491 0.9235
1305031455.2596 -0.2711 0.3082 -0.2319 0.0277 -0.2852 -0.2430 0.9268
1305031455.2918 -0.2842 0.3118 -0.2363 0.0176 -0.2788 -0.2338 0.9313
1305031455.3278 -0.2953 0.3226 -0.2436 0.0122 -0.2753 -0.2237 0.9349
1305031455.3596 -0.3003 0.3330 -0.2469 0.0050 -0.2736 -0.2180 0.9368
1305031455.3917 -0.3106 0.3338 -0.2507 -0.0068 -0.2663 -0.2103 0.9406
1305031455.4276 -0.3245 0.3391 -0.2574 -0.0146 -0.2585 -0.2004 0.9449
1305031455.4596 -0.3380 0.3391 -0.2639 -0.0211 -0.2546 -0.1920 0.9475
1305031455.4916 -0.3491 0.3443 -0.2733 -0.0260 -0.2505 -0.1811 0.9507
1305031455.5276 -0.3657 0.3425 -0.2800 -0.0332 -0.2468 -0.1680 0.9538
1305031455.5597 -0.3817 0.3447 -0.2909 -0.0366 -0.2466 -0.1547 0.9560
1305031455.5916 -0.3925 0.3496 -0.3038 -0.0394 -0.2474 -0.1409 0.9578
1305031455.6596 -0.4225 0.3419 -0.3189 -0.0453 -0.2442 -0.1222 0.9609
1305031455.6916 -0.4359 0.3448 -0.3316 -0.0406 -0.2423 -0.1229 0.9615
1305031455.7276 -0.4483 0.3424 -0.3429 -0.0386 -0.2395 -0.1276 0.9617
1305031455.7597 -0.4615 0.3412 -0.3563 -0.0369 -0.2338 -0.1307 0.9627
1305031455.7917 -0.4770 0.3346 -0.3690 -0.0362 -0.2282 -0.1293 0.9643
1305031455.8276 -0.4897 0.3345 -0.3842 -0.0326 -0.2248 -0.1289 0.9653
1305031455.8595 -0.5000 0.3295 -0.3964 -0.0329 -0.2235 -0.1302 0.9654
1305031455.8917 -0.5096 0.3262 -0.4097 -0.0326 -0.2208 -0.1306 0.9660
1305031455.9280 -0.5202 0.3223 -0.4203 -0.0334 -0.2172 -0.1312 0.9667
1305031455.9597 -0.5290 0.3226 -0.4336 -0.0315 -0.2134 -0.1338 0.9672
1305031455.9917 -0.5369 0.3200 -0.4426 -0.0330 -0.2089 -0.1362 0.9678
1305031456.0278 -0.5455 0.3280 -0.4556 -0.0339 -0.2016 -0.1413 0.9686
1305031456.0597 -0.5578 0.3210 -0.4600 -0.0436 -0.1961 -0.1488 0.9682
1305031456.0917 -0.5695 0.3108 -0.4643 -0.0503 -0.1916 -0.1538 0.9680
1305031456.1276 -0.5786 0.3057 -0.4693 -0.0517 -0.1879 -0.1548 0.9685
1305031456.1597 -0.5880 0.2955 -0.4710 -0.0538 -0.1828 -0.1550 0.9694
1305031456.1917 -0.5968 0.2881 -0.4751 -0.0490 -0.1753 -0.1523 0.9714
1305031456.2277 -0.6040 0.2955 -0.4824 -0.0427 -0.1648 -0.1488 0.9741
1305031456.2917 -0.6294 0.2790 -0.4816 -0.0436 -0.1420 -0.1412 0.9788
1305031456.3277 -0.6400 0.2736 -0.4803 -0.0399 -0.1319 -0.1341 0.9813
1305031456.3916 -0.6628 0.2687 -0.4751 -0.0352 -0.1072 -0.1245 0.9858
1305031456.4277 -0.6808 0.2745 -0.4738 -0.0268 -0.0949 -0.1174 0.9882
1305031456.4917 -0.7192 0.2937 -0.4669 -0.0290 -0.0842 -0.1060 0.9904
1305031456.5276 -0.7308 0.2930 -0.4574 -0.0361 -0.0862 -0.1006 0.9905
1305031456.5917 -0.7513 0.2964 -0.4443 -0.0388 -0.0818 -0.0896 0.9919
1305031456.6276 -0.7630 0.3081 -0.4367 -0.0492 -0.0753 -0.0845 0.9924
1305031456.6916 -0.7998 0.2932 -0.4149 -0.0648 -0.0624 -0.0688 0.9936
1305031456.8276 -0.8574 0.3157 -0.3847 -0.0721 -0.0712 -0.0372 0.9942
1305031457.0917 -0.9541 0.3366 -0.3428 -0.1010 -0.0321 -0.0010 0.9944
1305031457.2275 -1.0032 0.3291 -0.3585 -0.1073 -0.0030 0.0217 0.9940
1305031457.3275 -1.0412 0.3216 -0.3857 -0.0958 0.0230 0.0389 0.9944
1305031457.3917 -1.0702 0.3073 -0.4030 -0.0932 0.0466 0.0524 0.9932
1305031457.4917 -1.1188 0.2918 -0.4333 -0.0902 0.0631 0.0687 0.9915
1305031457.5597 -1.1441 0.2800 -0.4554 -0.0832 0.0719 0.0757 0.9911
1305031457.6596 -1.1927 0.2714 -0.4834 -0.0753 0.0837 0.0861 0.9899
1305031457.7277 -1.2162 0.2470 -0.4924 -0.0849 0.0852 0.0884 0.9888
1305031457.7916 -1.2347 0.2179 -0.5038 -0.0778 0.0904 0.0870 0.9890
1305031457.8277 -1.2494 0.2192 -0.5157 -0.0662 0.0986 0.0869 0.9891
1305031457.8916 -1.2767 0.1889 -0.5198 -0.0595 0.1152 0.0888 0.9876
1305031457.9276 -1.2967 0.1859 -0.5255 -0.0458 0.1211 0.0927 0.9872
1305031457.9916 -1.3215 0.1715 -0.5273 -0.0344 0.1232 0.0986 0.9869
1305031458.0278 -1.3315 0.1615 -0.5255 -0.0260 0.1265 0.0996 0.9866
1305031458.0597 -1.3490 0.1703 -0.5258 -0.0146 0.1322 0.1015 0.9859
1305031458.0917 -1.3656 0.1705 -0.5206 -0.0138 0.1376 0.1032 0.9850
1305031458.1276 -1.3800 0.1627 -0.5105 -0.0154 0.1419 0.1043 0.9843
1305031458.1596 -1.3967 0.1548 -0.5016 -0.0139 0.1451 0.1068 0.9835
1305031458.1916 -1.4140 0.1595 -0.4918 -0.0120 0.1456 0.1109 0.9830
1305031458.2276 -1.4264 0.1540 -0.4788 -0.0195 0.1426 0.1125 0.9832
1305031458.2599 -1.4342 0.1239 -0.4578 -0.0266 0.1391 0.1119 0.9836
1305031458.2917 -1.4525 0.1238 -0.4481 -0.0170 0.1356 0.1114 0.9843
1305031458.3276 -1.4614 0.1163 -0.4352 -0.0164 0.1286 0.1148 0.9849
1305031458.3596 -1.4654 0.0982 -0.4142 -0.0121 0.1227 0.1171 0.9854
1305031458.3916 -1.4716 0.1004 -0.4056 0.0002 0.1175 0.1201 0.9858
1305031458.4276 -1.4737 0.0990 -0.3927 0.0077 0.1152 0.1287 0.9849
1305031458.4596 -1.4727 0.0910 -0.3750 0.0181 0.1187 0.1362 0.9834
1305031458.4917 -1.4758 0.0877 -0.3583 0.0391 0.1283 0.1356 0.9816
1305031458.5277 -1.4894 0.1057 -0.3421 0.0599 0.1392 0.1324 0.9795
1305031458.5596 -1.4964 0.1102 -0.3215 0.0679 0.1484 0.1304 0.9779
1305031458.5916 -1.5067 0.1140 -0.2980 0.0783 0.1552 0.1245 0.9769
1305031458.6277 -1.5223 0.1387 -0.2774 0.0852 0.1573 0.1182 0.9767
1305031458.6596 -1.5316 0.1388 -0.2552 0.0782 0.1537 0.1189 0.9778
1305031458.6917 -1.5344 0.1397 -0.2314 0.0720 0.1382 0.1130 0.9813
1305031458.7276 -1.5209 0.1288 -0.2081 0.0666 0.1195 0.1052 0.9850
1305031458.7599 -1.5305 0.1334 -0.1922 0.0729 0.1063 0.0938 0.9872
1305031458.7916 -1.5297 0.1429 -0.1825 0.0724 0.0891 0.0843 0.9898
1305031458.8276 -1.5243 0.1381 -0.1672 0.0643 0.0792 0.0822 0.9914
1305031458.8917 -1.5232 0.1333 -0.1460 0.0707 0.0754 0.0712 0.9921
1305031458.9276 -1.5353 0.1377 -0.1425 0.0697 0.0837 0.0763 0.9911
1305031458.9596 -1.5387 0.1304 -0.1336 0.0612 0.0889 0.0900 0.9901
1305031458.9916 -1.5383 0.1100 -0.1182 0.0604 0.0905 0.0971 0.9893
1305031459.0277 -1.5527 0.1033 -0.1116 0.0698 0.0874 0.0983 0.9889
1305031459.0596 -1.5697 0.0942 -0.0991 0.0773 0.0811 0.1088 0.9877
1305031459.1276 -1.5768 0.1442 -0.0482 0.1068 0.0865 0.1177 0.9835
1305031459.1596 -1.5872 0.1414 -0.0394 0.1155 0.0605 0.1188 0.9843
1305031459.1917 -1.5981 0.1424 -0.0326 0.1215 0.0413 0.1249 0.9838
1305031459.2276 -1.6044 0.1424 -0.0231 0.1236 0.0274 0.1356 0.9826
1305031459.2598 -1.6077 0.1486 -0.0127 0.1241 0.0238 0.1445 0.9814
1305031459.3276 -1.6206 0.1531 0.0074 0.1194 0.0554 0.1732 0.9761
1305031459.3597 -1.6308 0.1613 0.0180 0.1242 0.0795 0.1927 0.9701
1305031459.3917 -1.6245 0.1982 0.1259 0.1394 0.0939 0.2035 0.9645
1305031459.4276 -1.4491 0.3660 0.4993 0.2410 0.0490 0.2037 0.9476
1305031459.4597 -1.4584 0.3674 0.5068 0.2375 0.0780 0.2473 0.9361
1305031459.5276 -1.4029 0.3889 0.5576 0.2504 0.0587 0.2536 0.9325
1305031459.5596 -1.4171 0.3850 0.5512 0.2407 0.0698 0.2821 0.9261
1305031459.5917 -1.4345 0.3880 0.5541 0.2369 0.0747 0.3014 0.9206
1305031459.6276 -1.4435 0.3845 0.5559 0.2310 0.0746 0.3124 0.9184
1305031459.6596 -1.4568 0.3886 0.5590 0.2320 0.0813 0.3138 0.9171
1305031459.6916 -1.4745 0.3861 0.5598 0.2261 0.0932 0.3210 0.9149
1305031459.7276 -1.4888 0.3736 0.5552 0.2189 0.1014 0.3265 0.9139
1305031459.7917 -1.5296 0.3534 0.5491 0.2204 0.1149 0.3229 0.9132
1305031459.8277 -1.5481 0.3457 0.5490 0.2203 0.1165 0.3206 0.9138
1305031459.8597 -1.5673 0.3365 0.5495 0.2167 0.1168 0.3193 0.9151
1305031459.8916 -1.5795 0.3240 0.5496 0.2111 0.1124 0.3214 0.9163
1305031459.9276 -1.5908 0.3116 0.5493 0.2095 0.1090 0.3242 0.9160
1305031459.9917 -1.6172 0.2901 0.5496 0.2035 0.1063 0.3306 0.9154
1305031460.0276 -1.6267 0.2755 0.5485 0.2011 0.1059 0.3341 0.9147
1305031460.0597 -1.6413 0.2622 0.5466 0.2010 0.1067 0.3361 0.9139
1305031460.0917 -1.6536 0.2456 0.5440 0.2004 0.1014 0.3431 0.9121
1305031460.1277 -1.6593 0.2311 0.5438 0.2027 0.0899 0.3515 0.9095
1305031460.1597 -1.6698 0.2232 0.5465 0.2080 0.0809 0.3575 0.9069
1305031460.1916 -1.6744 0.2142 0.5513 0.2066 0.0728 0.3632 0.9056
1305031460.2278 -1.6696 0.2008 0.5532 0.2048 0.0697 0.3673 0.9046
1305031460.2917 -1.6771 0.1788 0.5545 0.2069 0.0857 0.3701 0.9016
1305031460.3275 -1.6814 0.1676 0.5546 0.2077 0.0937 0.3733 0.8993
1305031460.3916 -1.6878 0.1463 0.5600 0.2029 0.1125 0.3830 0.8941
1305031460.4275 -1.6910 0.1347 0.5606 0.2012 0.1226 0.3895 0.8904
1305031460.4596 -1.6927 0.1280 0.5633 0.1995 0.1345 0.3953 0.8865
1305031460.4915 -1.7004 0.1201 0.5655 0.1936 0.1493 0.4037 0.8816
1305031460.5276 -1.7023 0.1079 0.5668 0.1854 0.1591 0.4155 0.8762
1305031460.5596 -1.7032 0.0952 0.5674 0.1785 0.1684 0.4213 0.8731
1305031460.5919 -1.7101 0.0842 0.5680 0.1749 0.1788 0.4233 0.8708
1305031460.6276 -1.7112 0.0722 0.5677 0.1712 0.1865 0.4274 0.8679
1305031460.6598 -1.7184 0.0606 0.5684 0.1695 0.1956 0.4280 0.8659
1305031460.6917 -1.7269 0.0498 0.5716 0.1665 0.2014 0.4298 0.8643
1305031460.7277 -1.7283 0.0392 0.5746 0.1616 0.2036 0.4303 0.8644
1305031460.7597 -1.7299 0.0270 0.5762 0.1584 0.2088 0.4295 0.8642
1305031460.7917 -1.7390 0.0137 0.5813 0.1560 0.2151 0.4294 0.8631
1305031460.8277 -1.7420 0.0046 0.5874 0.1523 0.2174 0.4267 0.8646
1305031460.8597 -1.7435 -0.0050 0.5924 0.1468 0.2218 0.4245 0.8655
1305031460.8918 -1.7474 -0.0192 0.5986 0.1402 0.2285 0.4225 0.8658
1305031460.9276 -1.7513 -0.0340 0.6043 0.1346 0.2322 0.4224 0.8658
1305031460.9917 -1.7435 -0.0632 0.6102 0.1297 0.2352 0.4257 0.8641
1305031461.0276 -1.7432 -0.0778 0.6141 0.1303 0.2375 0.4275 0.8625
1305031461.0917 -1.7454 -0.0961 0.6262 0.1334 0.2369 0.4268 0.8625
1305031461.1276 -1.7395 -0.1086 0.6287 0.1310 0.2365 0.4250 0.8639
1305031461.1597 -1.7358 -0.1238 0.6320 0.1319 0.2383 0.4239 0.8638
1305031461.1920 -1.7350 -0.1292 0.6361 0.1359 0.2390 0.4193 0.8652
1305031461.2276 -1.7335 -0.1365 0.6414 0.1369 0.2406 0.4173 0.8656
1305031461.2596 -1.7299 -0.1468 0.6446 0.1379 0.2408 0.4142 0.8668
1305031461.2917 -1.7280 -0.1516 0.6498 0.1413 0.2420 0.4082 0.8688
1305031461.3278 -1.7222 -0.1530 0.6552 0.1439 0.2436 0.4036 0.8701
1305031461.3597 -1.7244 -0.1533 0.6635 0.1417 0.2487 0.3998 0.8708
1305031461.3917 -1.7159 -0.1675 0.6668 0.1320 0.2484 0.4013 0.8717
1305031461.4276 -1.7096 -0.1728 0.6695 0.1313 0.2489 0.3994 0.8726
1305031461.4598 -1.7094 -0.1713 0.6753 0.1288 0.2492 0.4004 0.8723
1305031461.4917 -1.6952 -0.1848 0.6734 0.1224 0.2477 0.4031 0.8724
1305031461.5277 -1.6948 -0.1829 0.6750 0.1290 0.2499 0.4004 0.8721
1305031461.5597 -1.6876 -0.1769 0.6730 0.1293 0.2508 0.3967 0.8735
1305031461.5917 -1.6840 -0.1736 0.6724 0.1304 0.2589 0.3940 0.8722
1305031461.6275 -1.6813 -0.1698 0.6730 0.1283 0.2650 0.3944 0.8705
1305031461.6596 -1.6781 -0.1669 0.6735 0.1264 0.2701 0.3950 0.8689
1305031461.6916 -1.6775 -0.1601 0.6759 0.1254 0.2731 0.4003 0.8657
1305031461.7276 -1.6683 -0.1563 0.6750 0.1216 0.2718 0.4065 0.8638
1305031461.7597 -1.6656 -0.1447 0.6743 0.1222 0.2732 0.4086 0.8622
1305031461.7916 -1.6608 -0.1342 0.6735 0.1182 0.2744 0.4129 0.8604
1305031461.8276 -1.6553 -0.1263 0.6722 0.1154 0.2780 0.4183 0.8570
1305031461.8598 -1.6574 -0.1100 0.6747 0.1158 0.2822 0.4246 0.8524
1305031461.8917 -1.6597 -0.0986 0.6773 0.1106 0.2837 0.4359 0.8469
1305031461.9278 -1.6520 -0.0897 0.6770 0.1017 0.2798 0.4452 0.8445
1305031461.9597 -1.6436 -0.0726 0.6737 0.0971 0.2811 0.4480 0.8431
1305031461.9916 -1.6522 -0.0595 0.6774 0.0896 0.2898 0.4549 0.8373
1305031462.0277 -1.6534 -0.0620 0.6820 0.0753 0.2907 0.4664 0.8321
1305031462.0598 -1.6555 -0.0592 0.6849 0.0685 0.2860 0.4779 0.8277
1305031462.0918 -1.6537 -0.0497 0.6847 0.0644 0.2779 0.4884 0.8247
1305031462.1277 -1.6547 -0.0406 0.6855 0.0598 0.2737 0.4966 0.8215
1305031462.1596 -1.6550 -0.0356 0.6851 0.0540 0.2711 0.5027 0.8191
1305031462.1916 -1.6600 -0.0246 0.6870 0.0521 0.2712 0.5015 0.8199
1305031462.2276 -1.6647 -0.0158 0.6880 0.0462 0.2717 0.5017 0.8199
1305031462.2598 -1.6686 -0.0112 0.6902 0.0389 0.2714 0.5002 0.8214
1305031462.2916 -1.6741 -0.0044 0.6921 0.0330 0.2694 0.4959 0.8249
1305031462.3597 -1.6855 0.0149 0.6980 0.0216 0.2678 0.4835 0.8331
1305031462.4920 -1.7487 -0.0246 0.7796 -0.0119 0.3042 0.4675 0.8299
1305031462.6597 -1.7687 -0.0172 0.7637 -0.0390 0.2846 0.4332 0.8543
1305031462.7277 -1.7938 -0.0054 0.7547 -0.0335 0.2871 0.4177 0.8614
1305031462.7919 -1.8026 0.0015 0.7421 -0.0393 0.2792 0.4008 0.8717
1305031462.8598 -1.8114 -0.0008 0.7328 -0.0494 0.2778 0.3952 0.8742
1305031462.9597 -1.8082 0.0047 0.7139 -0.0563 0.2762 0.3904 0.8764
1305031463.0598 -1.8068 0.0224 0.6835 -0.0461 0.2682 0.3752 0.8861
1305031463.1598 -1.8059 0.0399 0.6557 -0.0401 0.2650 0.3516 0.8969
1305031463.2600 -1.7949 0.0603 0.6244 -0.0373 0.2611 0.3379 0.9035
1305031463.3598 -1.7841 0.0697 0.5943 -0.0354 0.2566 0.3297 0.9079
1305031463.4598 -1.7652 0.0985 0.5639 -0.0304 0.2497 0.3183 0.9140
1305031463.5277 -1.7433 0.1247 0.5506 -0.0258 0.2563 0.3139 0.9139
1305031463.6276 -1.7119 0.1498 0.5248 -0.0180 0.2572 0.3116 0.9146
1305031463.6956 -1.6977 0.1680 0.4999 -0.0032 0.2620 0.3027 0.9164
1305031463.7597 -1.6566 0.1667 0.4634 -0.0026 0.2595 0.2954 0.9195
1305031463.8278 -1.6309 0.1707 0.4274 0.0016 0.2619 0.2746 0.9252
1305031463.8599 -1.6154 0.1658 0.4080 0.0019 0.2636 0.2648 0.9276
1305031463.8956 -1.6059 0.1661 0.3895 0.0055 0.2655 0.2552 0.9297
1305031463.9597 -1.5824 0.1574 0.3561 0.0065 0.2601 0.2437 0.9343
1305031463.9958 -1.5710 0.1541 0.3370 0.0101 0.2566 0.2366 0.9370
1305031464.0277 -1.5621 0.1528 0.3172 0.0113 0.2534 0.2279 0.9401
1305031464.0597 -1.5478 0.1450 0.2982 0.0104 0.2518 0.2193 0.9425
1305031464.0956 -1.5430 0.1413 0.2823 0.0145 0.2548 0.2097 0.9439
1305031464.1277 -1.5417 0.1365 0.2692 0.0172 0.2556 0.2043 0.9448
1305031464.1598 -1.5367 0.1264 0.2570 0.0215 0.2525 0.2029 0.9459
1305031464.1956 -1.5330 0.1196 0.2448 0.0315 0.2466 0.1982 0.9481
1305031464.2276 -1.5359 0.1228 0.2339 0.0440 0.2387 0.1924 0.9508
1305031464.2596 -1.5369 0.1269 0.2229 0.0523 0.2256 0.1890 0.9543
1305031464.2957 -1.5280 0.1308 0.2113 0.0572 0.2086 0.1829 0.9590
1305031464.3279 -1.5126 0.1317 0.1965 0.0596 0.1933 0.1760 0.9634
1305031464.3597 -1.4997 0.1268 0.1815 0.0627 0.1836 0.1697 0.9662
1305031464.3956 -1.4867 0.1331 0.1648 0.0690 0.1777 0.1593 0.9686
1305031464.4276 -1.4774 0.1349 0.1509 0.0706 0.1778 0.1488 0.9702
1305031464.4597 -1.4691 0.1300 0.1358 0.0719 0.1760 0.1403 0.9717
1305031464.4956 -1.4557 0.1318 0.1187 0.0742 0.1734 0.1327 0.9730
1305031464.5276 -1.4483 0.1355 0.1032 0.0762 0.1742 0.1242 0.9739
1305031464.5597 -1.4347 0.1309 0.0846 0.0724 0.1723 0.1117 0.9760
1305031464.5957 -1.4136 0.1140 0.0600 0.0717 0.1752 0.1011 0.9767
1305031464.6277 -1.4026 0.1089 0.0392 0.0803 0.1865 0.0920 0.9748
1305031464.6597 -1.3899 0.1044 0.0250 0.0888 0.1981 0.0796 0.9729
1305031464.6957 -1.3762 0.0841 0.0141 0.0976 0.2084 0.0643 0.9710
1305031464.7277 -1.3757 0.0854 0.0097 0.1160 0.2162 0.0469 0.9683
1305031464.7597 -1.3719 0.0943 0.0047 0.1293 0.2168 0.0267 0.9673
1305031464.7960 -1.3712 0.0836 0.0048 0.1340 0.2139 0.0084 0.9676
1305031464.8278 -1.3725 0.0790 0.0069 0.1433 0.2038 -0.0074 0.9684
1305031464.8597 -1.3598 0.0900 0.0068 0.1507 0.1867 -0.0247 0.9705
1305031464.8958 -1.3416 0.0917 0.0054 0.1481 0.1702 -0.0464 0.9731
1305031464.9278 -1.3236 0.0692 0.0022 0.1408 0.1581 -0.0682 0.9749
1305031464.9598 -1.3059 0.0543 0.0020 0.1414 0.1521 -0.0874 0.9743
1305031464.9957 -1.2882 0.0538 0.0070 0.1469 0.1504 -0.1071 0.9718
1305031465.0278 -1.2793 0.0496 0.0217 0.1491 0.1521 -0.1288 0.9685
1305031465.0597 -1.2758 0.0629 0.0443 0.1561 0.1492 -0.1491 0.9650
1305031465.0957 -1.2565 0.0965 0.0640 0.1544 0.1381 -0.1677 0.9638
1305031465.1277 -1.2380 0.1025 0.0790 0.1355 0.1269 -0.1843 0.9652
1305031465.1598 -1.2254 0.0988 0.0970 0.1166 0.1178 -0.1936 0.9670
1305031465.1956 -1.2088 0.0967 0.1141 0.1025 0.1086 -0.2016 0.9680
1305031465.2279 -1.1891 0.1057 0.1303 0.0910 0.1005 -0.2075 0.9688
1305031465.2598 -1.1773 0.1014 0.1492 0.0776 0.0939 -0.2083 0.9705
1305031465.3277 -1.1475 0.1212 0.1790 0.0673 0.0738 -0.1890 0.9769
1305031465.3956 -1.1124 0.1190 0.1960 0.0600 0.0406 -0.1693 0.9829
1305031465.4277 -1.0844 0.1227 0.1962 0.0620 0.0248 -0.1595 0.9849
1305031465.4601 -1.0606 0.1344 0.1962 0.0655 0.0124 -0.1473 0.9868
1305031465.4957 -1.0347 0.1480 0.1965 0.0643 0.0009 -0.1385 0.9883
1305031465.5276 -1.0148 0.1416 0.1983 0.0590 -0.0089 -0.1352 0.9890
1305031465.5598 -0.9906 0.1466 0.1933 0.0640 -0.0189 -0.1306 0.9892
1305031465.5956 -0.9647 0.1576 0.1875 0.0697 -0.0251 -0.1229 0.9897
1305031465.6277 -0.9492 0.1716 0.1842 0.0748 -0.0288 -0.1141 0.9902
1305031465.6601 -0.9292 0.1807 0.1802 0.0774 -0.0392 -0.1063 0.9905
1305031465.6957 -0.8974 0.1890 0.1754 0.0822 -0.0499 -0.1005 0.9903
1305031465.7277 -0.8734 0.2020 0.1718 0.0896 -0.0548 -0.0918 0.9902
1305031465.7598 -0.8484 0.2185 0.1673 0.0971 -0.0609 -0.0838 0.9899
1305031465.7959 -0.8212 0.2310 0.1668 0.1022 -0.0660 -0.0779 0.9895
1305031465.8280 -0.7978 0.2396 0.1637 0.1097 -0.0704 -0.0728 0.9888
1305031465.8599 -0.7697 0.2635 0.1596 0.1222 -0.0741 -0.0697 0.9873
1305031465.8955 -0.7408 0.2813 0.1592 0.1263 -0.0712 -0.0675 0.9871
1305031465.9275 -0.7172 0.2889 0.1583 0.1314 -0.0651 -0.0659 0.9870
1305031465.9597 -0.6945 0.3068 0.1542 0.1434 -0.0581 -0.0673 0.9857
1305031465.9958 -0.6795 0.3276 0.1505 0.1519 -0.0506 -0.0710 0.9845
1305031466.0276 -0.6621 0.3483 0.1460 0.1585 -0.0481 -0.0730 0.9835
1305031466.0598 -0.6456 0.3715 0.1437 0.1585 -0.0454 -0.0725 0.9836
1305031466.0958 -0.6318 0.3874 0.1396 0.1538 -0.0458 -0.0723 0.9844
1305031466.1276 -0.6154 0.4019 0.1338 0.1477 -0.0498 -0.0728 0.9851
1305031466.1604 -0.6020 0.4165 0.1254 0.1420 -0.0541 -0.0712 0.9858
1305031466.1958 -0.5892 0.4342 0.1158 0.1345 -0.0611 -0.0714 0.9864
1305031466.2280 -0.5698 0.4409 0.1066 0.1221 -0.0696 -0.0768 0.9871
1305031466.2598 -0.5456 0.4371 0.0955 0.1163 -0.0740 -0.0844 0.9868
1305031466.2957 -0.5238 0.4466 0.0824 0.1197 -0.0695 -0.0962 0.9857
1305031466.3277 -0.5084 0.4578 0.0680 0.1215 -0.0584 -0.1054 0.9853
1305031466.3598 -0.4958 0.4646 0.0556 0.1168 -0.0482 -0.1105 0.9858
1305031466.3958 -0.4867 0.4581 0.0439 0.1143 -0.0439 -0.1134 0.9860
1305031466.4278 -0.4743 0.4699 0.0311 0.1214 -0.0455 -0.1181 0.9845
1305031466.4598 -0.4564 0.4809 0.0205 0.1215 -0.0504 -0.1230 0.9837
1305031466.4958 -0.4332 0.4847 0.0117 0.1168 -0.0551 -0.1244 0.9838
1305031466.5275 -0.4075 0.4821 0.0063 0.1135 -0.0554 -0.1245 0.9841
1305031466.5604 -0.3884 0.4926 -0.0000 0.1136 -0.0511 -0.1267 0.9841
1305031466.5959 -0.3681 0.5001 -0.0043 0.1063 -0.0498 -0.1298 0.9846
1305031466.6275 -0.3444 0.4855 -0.0056 0.0967 -0.0494 -0.1330 0.9852
1305031466.6597 -0.3251 0.4870 -0.0098 0.1034 -0.0467 -0.1380 0.9839
1305031466.6958 -0.3066 0.5017 -0.0141 0.1068 -0.0462 -0.1463 0.9824
1305031466.7281 -0.2853 0.5010 -0.0145 0.1002 -0.0482 -0.1555 0.9816
1305031466.7596 -0.2654 0.4919 -0.0131 0.1010 -0.0491 -0.1627 0.9803
1305031466.7956 -0.2477 0.5012 -0.0172 0.1092 -0.0505 -0.1687 0.9783
1305031466.8279 -0.2301 0.5062 -0.0209 0.1069 -0.0544 -0.1722 0.9777
1305031466.8597 -0.2170 0.5015 -0.0164 0.1040 -0.0605 -0.1710 0.9779
1305031466.8957 -0.2026 0.5034 -0.0187 0.1068 -0.0725 -0.1734 0.9764
1305031466.9278 -0.1842 0.5024 -0.0262 0.1053 -0.0869 -0.1770 0.9747
1305031466.9597 -0.1658 0.4971 -0.0347 0.1038 -0.0968 -0.1798 0.9734
1305031466.9957 -0.1464 0.4936 -0.0419 0.1035 -0.1023 -0.1833 0.9722
1305031467.0278 -0.1309 0.4925 -0.0447 0.1036 -0.1061 -0.1874 0.9710
1305031467.0597 -0.1136 0.4894 -0.0530 0.1030 -0.1083 -0.1917 0.9700
1305031467.0957 -0.0986 0.4900 -0.0529 0.1014 -0.1088 -0.1969 0.9691
1305031467.1290 -0.0854 0.4883 -0.0512 0.1022 -0.1112 -0.2069 0.9666
1305031467.1597 -0.0715 0.4869 -0.0539 0.1035 -0.1141 -0.2145 0.9645
1305031467.1957 -0.0592 0.4868 -0.0545 0.1042 -0.1187 -0.2189 0.9629
1305031467.2277 -0.0461 0.4851 -0.0567 0.1043 -0.1250 -0.2245 0.9608
1305031467.2597 -0.0323 0.4827 -0.0588 0.1054 -0.1302 -0.2300 0.9587
1305031467.2958 -0.0200 0.4833 -0.0624 0.1073 -0.1347 -0.2367 0.9562
1305031467.3280 -0.0057 0.4823 -0.0670 0.1076 -0.1403 -0.2422 0.9540
1305031467.3597 0.0084 0.4852 -0.0723 0.1044 -0.1458 -0.2450 0.9528
1305031467.3958 0.0213 0.4855 -0.0740 0.0989 -0.1516 -0.2503 0.9511
1305031467.4278 0.0351 0.4822 -0.0737 0.0967 -0.1577 -0.2537 0.9494
1305031467.4597 0.0495 0.4822 -0.0800 0.0960 -0.1642 -0.2560 0.9478
1305031467.4961 0.0673 0.4812 -0.0897 0.0908 -0.1703 -0.2623 0.9455
1305031467.5277 0.0828 0.4775 -0.0898 0.0860 -0.1731 -0.2686 0.9437
1305031467.5598 0.0969 0.4701 -0.0900 0.0853 -0.1750 -0.2703 0.9429
1305031467.5960 0.1106 0.4648 -0.0898 0.0843 -0.1777 -0.2688 0.9429
1305031467.6275 0.1194 0.4560 -0.0857 0.0846 -0.1834 -0.2655 0.9427
1305031467.6596 0.1302 0.4484 -0.0862 0.0900 -0.1896 -0.2634 0.9416
1305031467.6959 0.1404 0.4454 -0.0887 0.0932 -0.1922 -0.2673 0.9396
1305031467.7275 0.1457 0.4354 -0.0805 0.0969 -0.1940 -0.2724 0.9374
1305031467.7599 0.1518 0.4261 -0.0758 0.1024 -0.1962 -0.2749 0.9356
1305031467.7961 0.1574 0.4180 -0.0682 0.1058 -0.1989 -0.2778 0.9338
1305031467.8278 0.1588 0.4045 -0.0532 0.1096 -0.2023 -0.2783 0.9325
1305031467.8597 0.1600 0.3938 -0.0417 0.1158 -0.2074 -0.2755 0.9315
1305031467.8959 0.1637 0.3902 -0.0321 0.1212 -0.2145 -0.2757 0.9292
1305031467.9278 0.1662 0.3766 -0.0157 0.1230 -0.2225 -0.2787 0.9261
1305031467.9598 0.1689 0.3606 -0.0009 0.1282 -0.2287 -0.2801 0.9235
1305031467.9958 0.1781 0.3577 0.0098 0.1334 -0.2312 -0.2830 0.9212
1305031468.0281 0.1760 0.3395 0.0309 0.1308 -0.2317 -0.2857 0.9206
1305031468.0598 0.1727 0.3235 0.0453 0.1350 -0.2338 -0.2880 0.9188
1305031468.0959 0.1786 0.3163 0.0575 0.1383 -0.2374 -0.2900 0.9167
1305031468.1278 0.1772 0.2994 0.0756 0.1364 -0.2395 -0.2910 0.9162
1305031468.1599 0.1772 0.2855 0.0901 0.1386 -0.2410 -0.2941 0.9144
1305031468.1960 0.1794 0.2727 0.1062 0.1392 -0.2416 -0.2976 0.9131
1305031468.2282 0.1781 0.2552 0.1208 0.1380 -0.2404 -0.2975 0.9136
1305031468.2598 0.1785 0.2383 0.1340 0.1383 -0.2387 -0.2959 0.9145
1305031468.2958 0.1773 0.2222 0.1460 0.1385 -0.2358 -0.2962 0.9151
1305031468.3278 0.1741 0.1997 0.1565 0.1397 -0.2338 -0.2941 0.9161
1305031468.3598 0.1764 0.1887 0.1647 0.1447 -0.2317 -0.2891 0.9175
1305031468.4598 0.1738 0.1345 0.1800 0.1366 -0.2300 -0.2864 0.9200
1305031468.5278 0.1641 0.0987 0.1873 0.1345 -0.2250 -0.2920 0.9198
1305031468.5597 0.1566 0.0823 0.1867 0.1408 -0.2243 -0.2996 0.9166
1305031468.6596 0.1311 0.0377 0.1839 0.1343 -0.2264 -0.3079 0.9143
1305031468.6958 0.1215 0.0236 0.1830 0.1382 -0.2322 -0.3113 0.9111
1305031468.7278 0.1174 0.0137 0.1833 0.1429 -0.2389 -0.3124 0.9082
1305031468.7596 0.1109 0.0015 0.1865 0.1438 -0.2437 -0.3130 0.9066
1305031468.7958 0.0995 -0.0170 0.1884 0.1463 -0.2459 -0.3173 0.9041
1305031468.8292 0.0931 -0.0280 0.1894 0.1543 -0.2484 -0.3225 0.9003
1305031468.9281 0.0844 -0.0560 0.2001 0.1522 -0.2390 -0.3249 0.9023
1305031468.9957 0.0790 -0.0428 0.2057 0.1395 -0.2263 -0.3256 0.9073
1305031469.0598 0.0579 -0.0631 0.2147 0.1066 -0.2158 -0.3387 0.9096
1305031469.1597 0.0527 -0.0899 0.2480 0.0753 -0.1968 -0.3652 0.9068
1305031469.2278 0.0308 -0.1015 0.2628 0.0636 -0.1767 -0.3724 0.9089
1305031469.2968 0.0230 -0.1059 0.2865 0.0554 -0.1679 -0.3779 0.9088
1305031469.3276 0.0195 -0.1060 0.2975 0.0508 -0.1640 -0.3796 0.9091
1305031469.3596 0.0232 -0.1126 0.3149 0.0441 -0.1607 -0.3834 0.9084
1305031469.3957 0.0205 -0.1177 0.3297 0.0431 -0.1496 -0.3876 0.9086
1305031469.4277 0.0176 -0.1099 0.3422 0.0471 -0.1365 -0.3920 0.9086
1305031469.4597 0.0130 -0.1044 0.3559 0.0484 -0.1256 -0.3977 0.9076
1305031469.4957 0.0027 -0.0925 0.3696 0.0502 -0.1170 -0.4004 0.9075
1305031469.5276 0.0023 -0.0838 0.3830 0.0482 -0.1168 -0.4005 0.9075
1305031469.5596 0.0039 -0.0763 0.3981 0.0431 -0.1172 -0.4007 0.9076
1305031469.6596 0.0009 -0.0599 0.4437 0.0201 -0.1099 -0.3990 0.9101
1305031469.7596 -0.0052 -0.0278 0.4848 0.0080 -0.0947 -0.3931 0.9146
1305031469.9279 -0.0329 0.0497 0.5496 -0.0153 -0.0929 -0.3777 0.9211
1305031470.1276 -0.0806 0.1457 0.5849 -0.0289 -0.0965 -0.3681 0.9243
1305031470.2957 -0.1292 0.2211 0.5907 -0.0490 -0.0937 -0.3538 0.9293
1305031470.4597 -0.1838 0.2939 0.5938 -0.0630 -0.0949 -0.3406 0.9333
1305031470.6277 -0.2375 0.3420 0.5877 -0.0678 -0.0923 -0.3313 0.9365
1305031470.8278 -0.2940 0.3812 0.5895 -0.0712 -0.0825 -0.3075 0.9453
1305031470.8596 -0.3036 0.3856 0.5884 -0.0665 -0.0831 -0.3028 0.9471
1305031470.8957 -0.3132 0.3918 0.5865 -0.0615 -0.0837 -0.2979 0.9489
1305031470.9277 -0.3221 0.3985 0.5871 -0.0552 -0.0870 -0.2924 0.9507
1305031470.9596 -0.3327 0.4000 0.5848 -0.0468 -0.0908 -0.2898 0.9516
1305031470.9960 -0.3397 0.4032 0.5803 -0.0377 -0.0926 -0.2878 0.9525
1305031471.0276 -0.3489 0.4047 0.5782 -0.0284 -0.0915 -0.2850 0.9537
1305031471.0596 -0.3583 0.4066 0.5752 -0.0182 -0.0894 -0.2804 0.9555
1305031471.0958 -0.3661 0.4108 0.5721 -0.0084 -0.0894 -0.2739 0.9576
1305031471.1277 -0.3747 0.4114 0.5693 -0.0030 -0.0904 -0.2674 0.9593
1305031471.1596 -0.3798 0.4121 0.5651 0.0023 -0.0915 -0.2617 0.9608
1305031471.1957 -0.3851 0.4143 0.5621 0.0058 -0.0896 -0.2558 0.9625
1305031471.2276 -0.3919 0.4172 0.5615 0.0073 -0.0865 -0.2504 0.9642
1305031471.2597 -0.3993 0.4165 0.5610 0.0059 -0.0847 -0.2467 0.9654
1305031471.2961 -0.4060 0.4150 0.5596 0.0063 -0.0828 -0.2421 0.9667
1305031471.3276 -0.4088 0.4148 0.5555 0.0100 -0.0802 -0.2393 0.9676
1305031471.3596 -0.4114 0.4168 0.5531 0.0123 -0.0734 -0.2366 0.9687
1305031471.3957 -0.4201 0.4142 0.5534 0.0120 -0.0657 -0.2302 0.9709
1305031471.4277 -0.4266 0.4167 0.5511 0.0167 -0.0636 -0.2229 0.9726
1305031471.4596 -0.4303 0.4197 0.5477 0.0184 -0.0643 -0.2182 0.9736
1305031471.5276 -0.4396 0.4213 0.5425 0.0172 -0.0628 -0.2097 0.9756
1305031471.5597 -0.4418 0.4214 0.5381 0.0164 -0.0614 -0.2082 0.9760
1305031471.5957 -0.4452 0.4218 0.5347 0.0166 -0.0566 -0.2057 0.9768
1305031471.6276 -0.4477 0.4213 0.5307 0.0166 -0.0524 -0.2030 0.9776
1305031471.6596 -0.4503 0.4209 0.5271 0.0178 -0.0481 -0.1989 0.9787
1305031471.7958 -0.4560 0.4313 0.5152 0.0233 -0.0302 -0.1749 0.9838
1305031471.9956 -0.4669 0.4469 0.5130 0.0094 0.0007 -0.1451 0.9894
1305031472.5276 -0.5055 0.4523 0.5171 0.0191 0.0251 -0.1077 0.9937
1305031472.7276 -0.4998 0.4330 0.5144 0.0309 0.0165 -0.1002 0.9943
1305031473.1277 -0.4973 0.4144 0.5221 0.0365 0.0147 -0.1011 0.9941
