1305031453.4237 -0.0026 0.0041 -0.0064 0.0014 0.0057 0.0060 1.0000
1305031453.4597 0.0067 0.0068 -0.0148 0.0047 0.0111 0.0159 0.9998
1305031453.4917 0.0094 0.0167 -0.0295 0.0111 0.0176 0.0288 0.9994
1305031453.5237 0.0120 0.0174 -0.0408 0.0165 0.0217 0.0355 0.9990
1305031453.5598 0.0140 0.0224 -0.0504 0.0216 0.0229 0.0404 0.9987
1305031453.5916 0.0046 0.0358 -0.0701 0.0337 0.0303 0.0477 0.9978
1305031453.6277 0.0101 0.0407 -0.0777 0.0396 0.0275 0.0511 0.9975
1305031453.6596 -0.0018 0.0463 -0.0904 0.0453 0.0278 0.0492 0.9974
1305031453.6917 -0.0072 0.0598 -0.1105 0.0550 0.0222 0.0439 0.9973
1305031453.7277 -0.0038 0.0618 -0.1164 0.0570 0.0142 0.0391 0.9975
1305031453.7597 -0.0143 0.0640 -0.1198 0.0597 0.0060 0.0338 0.9976
1305031453.7917 -0.0149 0.0677 -0.1388 0.0628 -0.0033 0.0238 0.9977
1305031453.8278 -0.0336 0.0823 -0.1429 0.0687 -0.0074 0.0160 0.9975
1305031453.8597 -0.0567 0.0996 -0.1257 0.0757 -0.0147 0.0107 0.9970
1305031453.8917 -0.0664 0.0991 -0.1262 0.0745 -0.0307 0.0069 0.9967
1305031453.9277 -0.0691 0.1073 -0.1293 0.0733 -0.0523 0.0001 0.9959
1305031453.9596 -0.0708 0.1090 -0.1215 0.0722 -0.0689 -0.0056 0.9950
1305031453.9916 -0.0830 0.1044 -0.1125 0.0701 -0.0801 -0.0168 0.9942
1305031454.0277 -0.0984 0.1002 -0.1018 0.0709 -0.0910 -0.0230 0.9931
1305031454.0597 -0.1163 0.0976 -0.0869 0.0713 -0.0988 -0.0303 0.9921
1305031454.0917 -0.1319 0.1020 -0.0708 0.0738 -0.1084 -0.0398 0.9906
1305031454.1277 -0.1513 0.1130 -0.0570 0.0805 -0.1187 -0.0503 0.9884
1305031454.1597 -0.1752 0.1227 -0.0411 0.0847 -0.1281 -0.0580 0.9864
1305031454.1917 -0.1959 0.1296 -0.0320 0.0857 -0.1403 -0.0653 0.9842
1305031454.2277 -0.2324 0.1430 -0.0136 0.0937 -0.1470 -0.0768 0.9817
1305031454.2596 -0.2588 0.1577 -0.0129 0.1024 -0.1528 -0.0879 0.9790
1305031454.2916 -0.2664 0.1659 -0.0108 0.1034 -0.1622 -0.0978 0.9764
1305031454.3277 -0.2852 0.1717 -0.0050 0.1059 -0.1693 -0.1069 0.9740
1305031454.3596 -0.3043 0.1823 -0.0090 0.1143 -0.1751 -0.1206 0.9704
1305031454.3917 -0.3149 0.1937 -0.0005 0.1180 -0.1834 -0.1279 0.9675
1305031454.4275 -0.3312 0.1980 -0.0045 0.1189 -0.1912 -0.1380 0.9645
1305031454.4599 -0.3403 0.2081 0.0067 0.1250 -0.2006 -0.1505 0.9599
1305031454.4916 -0.3477 0.2126 0.0133 0.1274 -0.2054 -0.1626 0.9566
1305031454.5277 -0.3586 0.2224 0.0204 0.1297 -0.2107 -0.1756 0.9529
1305031454.5596 -0.3766 0.2354 0.0337 0.1309 -0.2148 -0.1857 0.9499
1305031454.5916 -0.3878 0.2429 0.0351 0.1298 -0.2232 -0.1976 0.9457
1305031454.6276 -0.4035 0.2501 0.0409 0.1295 -0.2325 -0.2069 0.9415
1305031454.6595 -0.4185 0.2672 0.0537 0.1311 -0.2416 -0.2130 0.9376
1305031454.6919 -0.4326 0.2791 0.0628 0.1294 -0.2523 -0.2181 0.9338
1305031454.7277 -0.4445 0.2922 0.0787 0.1308 -0.2634 -0.2236 0.9293
1305031454.7597 -0.4437 0.2900 0.0783 0.1253 -0.2688 -0.2230 0.9286
1305031454.7916 -0.4431 0.2851 0.0772 0.1184 -0.2715 -0.2186 0.9298
1305031454.8276 -0.4422 0.2893 0.0860 0.1149 -0.2736 -0.2117 0.9312
1305031454.8596 -0.4425 0.2863 0.1006 0.1056 -0.2761 -0.2018 0.9337
1305031454.8918 -0.4447 0.2893 0.1027 0.0994 -0.2723 -0.1925 0.9375
1305031454.9276 -0.4403 0.2878 0.1107 0.0924 -0.2735 -0.1851 0.9393
1305031454.9596 -0.4423 0.2892 0.1069 0.0883 -0.2695 -0.1806 0.9418
1305031454.9919 -0.4445 0.2937 0.1050 0.0851 -0.2679 -0.1753 0.9435
1305031455.0278 -0.4456 0.2989 0.1050 0.0848 -0.2678 -0.1727 0.9441
1305031455.0596 -0.4463 0.3014 0.1069 0.0833 -0.2675 -0.1701 0.9448
1305031455.0917 -0.4496 0.3045 0.1053 0.0843 -0.2655 -0.1700 0.9452
1305031455.1277 -0.4548 0.3123 0.1016 0.0864 -0.2618 -0.1700 0.9461
1305031455.1597 -0.4589 0.3168 0.1000 0.0858 -0.2598 -0.1672 0.9472
1305031455.1917 -0.4649 0.3201 0.0987 0.0834 -0.2580 -0.1631 0.9486
1305031455.2276 -0.4709 0.3234 0.0967 0.0830 -0.2563 -0.1603 0.9496
1305031455.2596 -0.4737 0.3330 0.0939 0.0824 -0.2538 -0.1551 0.9512
1305031455.2918 -0.4821 0.3285 0.0963 0.0709 -0.2523 -0.1446 0.9541
1305031455.3278 -0.4988 0.3397 0.0847 0.0684 -0.2471 -0.1349 0.9571
1305031455.3596 -0.4969 0.3462 0.0877 0.0613 -0.2500 -0.1261 0.9580
1305031455.3917 -0.5034 0.3441 0.0913 0.0493 -0.2474 -0.1158 0.9607
1305031455.4276 -0.5125 0.3430 0.0894 0.0413 -0.2443 -0.1058 0.9630
1305031455.4596 -0.5259 0.3460 0.0840 0.0397 -0.2406 -0.1014 0.9645
1305031455.4916 -0.5393 0.3520 0.0742 0.0377 -0.2359 -0.0933 0.9665
1305031455.5276 -0.5544 0.3495 0.0618 0.0329 -0.2321 -0.0838 0.9685
1305031455.5597 -0.5763 0.3519 0.0460 0.0314 -0.2297 -0.0738 0.9700
1305031455.5916 -0.6002 0.3605 0.0314 0.0312 -0.2259 -0.0609 0.9718
1305031455.6276 -0.6198 0.3593 0.0188 0.0285 -0.2214 -0.0527 0.9733
1305031455.6596 -0.6353 0.3592 0.0049 0.0308 -0.2177 -0.0471 0.9744
1305031455.6916 -0.6497 0.3613 -0.0043 0.0341 -0.2152 -0.0484 0.9748
1305031455.7276 -0.6572 0.3601 -0.0098 0.0350 -0.2132 -0.0504 0.9751
1305031455.7597 -0.6639 0.3596 -0.0152 0.0357 -0.2106 -0.0515 0.9756
1305031455.7917 -0.6698 0.3519 -0.0237 0.0353 -0.2083 -0.0509 0.9761
1305031455.8276 -0.6787 0.3557 -0.0326 0.0394 -0.2057 -0.0515 0.9765
1305031455.8595 -0.6873 0.3498 -0.0438 0.0378 -0.2038 -0.0511 0.9769
1305031455.8917 -0.6927 0.3481 -0.0510 0.0377 -0.2019 -0.0506 0.9774
1305031455.9280 -0.6945 0.3441 -0.0554 0.0364 -0.2015 -0.0507 0.9775
1305031455.9597 -0.6995 0.3446 -0.0614 0.0375 -0.1994 -0.0517 0.9778
1305031455.9917 -0.7043 0.3420 -0.0673 0.0361 -0.1966 -0.0528 0.9784
1305031456.0278 -0.7091 0.3512 -0.0767 0.0361 -0.1922 -0.0553 0.9791
1305031456.0597 -0.7207 0.3358 -0.0811 0.0253 -0.1877 -0.0646 0.9798
1305031456.0917 -0.7274 0.3301 -0.0823 0.0220 -0.1850 -0.0676 0.9802
1305031456.1276 -0.7321 0.3281 -0.0856 0.0215 -0.1830 -0.0674 0.9806
1305031456.1597 -0.7338 0.3219 -0.0859 0.0198 -0.1813 -0.0665 0.9810
1305031456.1917 -0.7386 0.3100 -0.0889 0.0215 -0.1757 -0.0650 0.9821
1305031456.2277 -0.7504 0.3157 -0.0944 0.0255 -0.1651 -0.0630 0.9839
1305031456.2917 -0.7607 0.2898 -0.0941 0.0200 -0.1472 -0.0513 0.9876
1305031456.3277 -0.7741 0.2807 -0.0936 0.0209 -0.1363 -0.0420 0.9896
1305031456.3916 -0.7791 0.2642 -0.0839 0.0188 -0.1188 -0.0278 0.9923
1305031456.4277 -0.7891 0.2548 -0.0794 0.0200 -0.1111 -0.0200 0.9934
1305031456.4917 -0.8331 0.2674 -0.0772 0.0183 -0.1001 -0.0071 0.9948
1305031456.5276 -0.8527 0.2785 -0.0687 0.0204 -0.0984 -0.0042 0.9949
1305031456.5917 -0.8796 0.2888 -0.0553 0.0234 -0.0926 0.0041 0.9954
1305031456.6276 -0.8836 0.2967 -0.0473 0.0115 -0.0913 0.0109 0.9957
1305031456.6916 -0.9209 0.2714 -0.0268 -0.0040 -0.0798 0.0214 0.9966
1305031456.7277 -0.9333 0.2868 -0.0159 -0.0045 -0.0803 0.0345 0.9962
1305031456.7916 -0.9837 0.2776 -0.0020 -0.0061 -0.0823 0.0411 0.9957
1305031456.8276 -1.0040 0.3003 0.0117 0.0017 -0.0809 0.0490 0.9955
1305031456.8917 -1.0103 0.2834 0.0339 -0.0142 -0.0860 0.0607 0.9943
1305031456.9277 -1.0219 0.2931 0.0439 -0.0068 -0.0818 0.0679 0.9943
1305031456.9597 -1.0354 0.3091 0.0438 -0.0034 -0.0753 0.0729 0.9945
1305031456.9917 -1.0504 0.2947 0.0513 -0.0174 -0.0700 0.0738 0.9947
1305031457.0276 -1.0656 0.2932 0.0521 -0.0202 -0.0640 0.0797 0.9946
1305031457.0917 -1.0816 0.2991 0.0578 -0.0321 -0.0583 0.0865 0.9940
1305031457.1276 -1.0968 0.2880 0.0578 -0.0375 -0.0500 0.0914 0.9938
1305031457.1917 -1.1214 0.2916 0.0459 -0.0342 -0.0357 0.1075 0.9930
1305031457.2275 -1.1319 0.2907 0.0429 -0.0351 -0.0305 0.1100 0.9928
1305031457.2917 -1.1529 0.2864 0.0281 -0.0261 -0.0160 0.1270 0.9914
1305031457.3275 -1.1690 0.2834 0.0200 -0.0264 -0.0047 0.1296 0.9912
1305031457.3917 -1.1969 0.2736 -0.0037 -0.0218 0.0201 0.1475 0.9886
1305031457.4276 -1.2077 0.2707 -0.0098 -0.0215 0.0256 0.1512 0.9879
1305031457.4917 -1.2351 0.2631 -0.0335 -0.0173 0.0326 0.1659 0.9854
1305031457.5276 -1.2407 0.2579 -0.0427 -0.0159 0.0345 0.1691 0.9849
1305031457.5597 -1.2522 0.2481 -0.0595 -0.0131 0.0396 0.1762 0.9835
1305031457.5917 -1.2625 0.2450 -0.0670 -0.0119 0.0432 0.1787 0.9829
1305031457.6275 -1.2791 0.2325 -0.0787 -0.0131 0.0474 0.1818 0.9821
1305031457.6596 -1.2957 0.2492 -0.0916 -0.0001 0.0495 0.1876 0.9810
1305031457.6916 -1.3014 0.2425 -0.0952 -0.0044 0.0487 0.1898 0.9806
1305031457.7277 -1.3184 0.2194 -0.1024 -0.0103 0.0524 0.1881 0.9807
1305031457.7596 -1.3303 0.2101 -0.1071 -0.0096 0.0567 0.1870 0.9807
1305031457.7916 -1.3326 0.1970 -0.1185 -0.0003 0.0598 0.1858 0.9808
1305031457.8277 -1.3459 0.2091 -0.1289 0.0153 0.0669 0.1891 0.9796
1305031457.8596 -1.3558 0.2068 -0.1307 0.0183 0.0730 0.1886 0.9792
1305031457.8916 -1.3723 0.1853 -0.1357 0.0249 0.0847 0.1887 0.9781
1305031457.9276 -1.3833 0.1773 -0.1427 0.0379 0.0907 0.1905 0.9768
1305031457.9916 -1.4183 0.1641 -0.1438 0.0524 0.0974 0.1948 0.9746
1305031458.0278 -1.4168 0.1618 -0.1462 0.0653 0.0990 0.1981 0.9730
1305031458.0597 -1.4253 0.1681 -0.1442 0.0746 0.1024 0.2005 0.9715
1305031458.0917 -1.4318 0.1668 -0.1427 0.0748 0.1041 0.2016 0.9710
1305031458.1276 -1.4463 0.1515 -0.1392 0.0713 0.1088 0.2013 0.9709
1305031458.1596 -1.4610 0.1365 -0.1366 0.0703 0.1122 0.2032 0.9701
1305031458.1916 -1.4761 0.1335 -0.1213 0.0721 0.1136 0.2063 0.9692
1305031458.2276 -1.4880 0.1217 -0.1077 0.0661 0.1117 0.2083 0.9694
1305031458.2599 -1.5066 0.0891 -0.0856 0.0623 0.1130 0.2061 0.9700
1305031458.2917 -1.5364 0.0723 -0.0713 0.0682 0.1159 0.2045 0.9696
1305031458.3276 -1.5564 0.0558 -0.0560 0.0677 0.1132 0.2055 0.9697
1305031458.3596 -1.5661 0.0229 -0.0382 0.0705 0.1121 0.2099 0.9687
1305031458.3916 -1.5767 0.0239 -0.0171 0.0850 0.1109 0.2176 0.9660
1305031458.4276 -1.5767 0.0209 -0.0023 0.0915 0.1092 0.2264 0.9636
1305031458.4596 -1.5615 0.0147 0.0072 0.1026 0.1081 0.2341 0.9607
1305031458.4917 -1.5581 0.0048 0.0101 0.1180 0.1149 0.2327 0.9585
1305031458.5277 -1.5743 0.0180 0.0219 0.1368 0.1258 0.2272 0.9560
1305031458.5596 -1.5809 0.0205 0.0327 0.1427 0.1319 0.2259 0.9546
1305031458.5916 -1.5950 0.0213 0.0483 0.1526 0.1396 0.2188 0.9536
1305031458.6277 -1.6036 0.0243 0.0603 0.1549 0.1410 0.2177 0.9533
1305031458.6596 -1.6070 0.0111 0.0997 0.1481 0.1376 0.2209 0.9541
1305031458.6917 -1.6053 0.0084 0.1204 0.1453 0.1217 0.2166 0.9577
1305031458.7276 -1.5910 0.0066 0.1498 0.1479 0.1042 0.2113 0.9605
1305031458.7599 -1.5953 0.0015 0.1625 0.1533 0.0913 0.2035 0.9627
1305031458.7916 -1.6030 0.0040 0.1875 0.1570 0.0811 0.1958 0.9646
1305031458.8276 -1.6026 0.0039 0.2257 0.1568 0.0741 0.1935 0.9656
1305031458.8917 -1.6120 -0.0003 0.2600 0.1662 0.0777 0.1804 0.9663
1305031458.9276 -1.6226 -0.0023 0.2653 0.1648 0.0838 0.1838 0.9654
1305031458.9596 -1.6225 -0.0106 0.2736 0.1579 0.0850 0.1959 0.9641
1305031458.9916 -1.6237 -0.0238 0.2776 0.1572 0.0863 0.1978 0.9637
1305031459.0277 -1.6578 -0.0275 0.3087 0.1723 0.0940 0.1948 0.9610
1305031459.0596 -1.6905 -0.0424 0.3247 0.1810 0.0952 0.2047 0.9572
1305031459.1276 -1.7235 -0.0266 0.4276 0.2068 0.1241 0.1848 0.9527
1305031459.1596 -1.7181 -0.0237 0.4470 0.2192 0.0953 0.1842 0.9534
1305031459.1917 -1.7260 -0.0277 0.4681 0.2263 0.0784 0.1846 0.9532
1305031459.2276 -1.7240 -0.0323 0.4917 0.2302 0.0627 0.1896 0.9524
1305031459.2598 -1.7276 -0.0326 0.5105 0.2322 0.0613 0.1929 0.9514
1305031459.3276 -1.7350 -0.0359 0.5394 0.2277 0.0876 0.2239 0.9436
1305031459.3597 -1.7458 -0.0375 0.5651 0.2310 0.1102 0.2402 0.9364
1305031459.3917 -1.7553 -0.0352 0.6031 0.2312 0.1351 0.2691 0.9252
1305031459.4276 -1.7535 -0.0636 0.7565 0.2349 0.1746 0.2879 0.9118
1305031459.4597 -1.7625 -0.0656 0.7668 0.2307 0.2053 0.3229 0.8946
1305031459.5276 -1.7247 -0.0988 0.8727 0.2298 0.2112 0.3210 0.8942
1305031459.5596 -1.7349 -0.1081 0.8788 0.2231 0.2225 0.3485 0.8828
1305031459.5917 -1.7458 -0.1093 0.8841 0.2214 0.2240 0.3685 0.8747
1305031459.6276 -1.7465 -0.1126 0.8901 0.2183 0.2210 0.3810 0.8708
1305031459.6596 -1.7549 -0.1102 0.8946 0.2196 0.2251 0.3809 0.8695
1305031459.6916 -1.7709 -0.1185 0.8995 0.2143 0.2368 0.3887 0.8642
1305031459.7276 -1.7802 -0.1312 0.8975 0.2084 0.2423 0.3927 0.8623
1305031459.7917 -1.8131 -0.1578 0.8989 0.2073 0.2532 0.3883 0.8615
1305031459.8277 -1.8281 -0.1736 0.9075 0.2059 0.2573 0.3874 0.8610
1305031459.8597 -1.8498 -0.1939 0.9085 0.2012 0.2605 0.3889 0.8605
1305031459.8916 -1.8612 -0.2168 0.9131 0.1951 0.2598 0.3906 0.8613
1305031459.9276 -1.8738 -0.2378 0.9156 0.1924 0.2602 0.3934 0.8606
1305031459.9917 -1.8925 -0.2666 0.9270 0.1890 0.2575 0.4031 0.8576
1305031460.0276 -1.8986 -0.2818 0.9333 0.1874 0.2590 0.4056 0.8563
1305031460.0597 -1.9098 -0.3050 0.9310 0.1845 0.2596 0.4106 0.8544
1305031460.0917 -1.9260 -0.3304 0.9342 0.1836 0.2598 0.4141 0.8528
1305031460.1277 -1.9311 -0.3461 0.9428 0.1880 0.2529 0.4187 0.8517
1305031460.1597 -1.9407 -0.3556 0.9518 0.1951 0.2468 0.4196 0.8514
1305031460.1916 -1.9417 -0.3673 0.9679 0.1964 0.2424 0.4246 0.8499
1305031460.2278 -1.9390 -0.3692 0.9814 0.1996 0.2433 0.4238 0.8494
1305031460.2917 -1.9450 -0.3860 0.9813 0.2019 0.2585 0.4220 0.8452
1305031460.3275 -1.9431 -0.3894 0.9847 0.2042 0.2626 0.4224 0.8432
1305031460.3916 -1.9514 -0.4014 0.9995 0.2032 0.2823 0.4281 0.8341
1305031460.4275 -1.9440 -0.4086 1.0013 0.2017 0.2873 0.4356 0.8289
1305031460.4596 -1.9403 -0.4103 1.0012 0.1991 0.2959 0.4417 0.8233
1305031460.4915 -1.9369 -0.4116 1.0057 0.1944 0.3067 0.4480 0.8170
1305031460.5276 -1.9403 -0.4271 1.0008 0.1850 0.3169 0.4577 0.8098
1305031460.5596 -1.9391 -0.4391 1.0076 0.1793 0.3260 0.4630 0.8045
1305031460.5919 -1.9388 -0.4456 1.0140 0.1768 0.3327 0.4643 0.8015
1305031460.6276 -1.9374 -0.4521 1.0173 0.1750 0.3379 0.4674 0.7979
1305031460.6598 -1.9402 -0.4577 1.0237 0.1746 0.3438 0.4676 0.7954
1305031460.6917 -1.9406 -0.4664 1.0235 0.1713 0.3455 0.4696 0.7942
1305031460.7277 -1.9406 -0.4687 1.0272 0.1704 0.3464 0.4692 0.7942
1305031460.7597 -1.9396 -0.4700 1.0300 0.1707 0.3480 0.4686 0.7938
1305031460.7917 -1.9403 -0.4763 1.0322 0.1690 0.3497 0.4687 0.7934
1305031460.8277 -1.9401 -0.4808 1.0364 0.1673 0.3508 0.4677 0.7938
1305031460.8597 -1.9394 -0.4838 1.0387 0.1648 0.3525 0.4668 0.7942
1305031460.8918 -1.9384 -0.4884 1.0411 0.1620 0.3542 0.4660 0.7945
1305031460.9276 -1.9394 -0.4961 1.0436 0.1593 0.3557 0.4667 0.7939
1305031460.9917 -1.9283 -0.5194 1.0499 0.1568 0.3589 0.4707 0.7906
1305031461.0276 -1.9234 -0.5328 1.0608 0.1569 0.3624 0.4734 0.7874
1305031461.0917 -1.9269 -0.5481 1.0844 0.1612 0.3658 0.4704 0.7867
1305031461.1276 -1.9225 -0.5539 1.0897 0.1610 0.3669 0.4696 0.7868
1305031461.1597 -1.9129 -0.5716 1.0874 0.1565 0.3693 0.4657 0.7888
1305031461.1920 -1.9141 -0.5738 1.1039 0.1623 0.3749 0.4630 0.7866
1305031461.2276 -1.9129 -0.5776 1.1100 0.1629 0.3769 0.4609 0.7868
1305031461.2596 -1.9115 -0.5850 1.1160 0.1636 0.3803 0.4573 0.7870
1305031461.2917 -1.9068 -0.5884 1.1247 0.1651 0.3832 0.4530 0.7878
1305031461.3278 -1.9037 -0.5891 1.1308 0.1666 0.3858 0.4503 0.7878
1305031461.3597 -1.9054 -0.5892 1.1375 0.1658 0.3895 0.4485 0.7872
1305031461.3917 -1.8977 -0.5941 1.1409 0.1618 0.3893 0.4501 0.7872
1305031461.4276 -1.8930 -0.5966 1.1407 0.1611 0.3893 0.4494 0.7877
1305031461.4598 -1.8937 -0.5945 1.1445 0.1613 0.3899 0.4501 0.7870
1305031461.4917 -1.8860 -0.5988 1.1429 0.1590 0.3893 0.4512 0.7871
1305031461.5277 -1.8834 -0.5980 1.1477 0.1626 0.3919 0.4482 0.7868
1305031461.5597 -1.8795 -0.5912 1.1465 0.1630 0.3929 0.4457 0.7877
1305031461.5917 -1.8742 -0.5775 1.1389 0.1653 0.3944 0.4435 0.7877
1305031461.6275 -1.8752 -0.5775 1.1401 0.1616 0.4027 0.4444 0.7838
1305031461.6596 -1.8700 -0.5660 1.1403 0.1629 0.4035 0.4445 0.7830
1305031461.6916 -1.8767 -0.5686 1.1427 0.1607 0.4093 0.4488 0.7780
1305031461.7276 -1.8708 -0.5650 1.1438 0.1596 0.4093 0.4525 0.7760
1305031461.7597 -1.8693 -0.5550 1.1437 0.1607 0.4097 0.4532 0.7752
1305031461.7916 -1.8704 -0.5547 1.1389 0.1546 0.4146 0.4574 0.7713
1305031461.8276 -1.8665 -0.5410 1.1279 0.1533 0.4148 0.4608 0.7695
1305031461.8598 -1.8758 -0.5306 1.1437 0.1554 0.4257 0.4654 0.7603
1305031461.8917 -1.8778 -0.5228 1.1461 0.1510 0.4264 0.4786 0.7526
1305031461.9278 -1.8762 -0.5002 1.1642 0.1560 0.4252 0.4866 0.7470
1305031461.9597 -1.8708 -0.4892 1.1538 0.1487 0.4271 0.4908 0.7447
1305031461.9916 -1.8759 -0.4690 1.1564 0.1448 0.4291 0.5006 0.7378
1305031462.0277 -1.8708 -0.4708 1.1610 0.1304 0.4258 0.5128 0.7340
1305031462.0598 -1.8664 -0.4620 1.1614 0.1278 0.4156 0.5259 0.7310
1305031462.0918 -1.8629 -0.4504 1.1673 0.1284 0.4074 0.5380 0.7267
1305031462.1277 -1.8615 -0.4433 1.1734 0.1243 0.4021 0.5480 0.7229
1305031462.1596 -1.8556 -0.4431 1.1723 0.1169 0.3972 0.5563 0.7205
1305031462.1916 -1.8572 -0.4260 1.1756 0.1185 0.3948 0.5533 0.7239
1305031462.2276 -1.8595 -0.4312 1.1841 0.1071 0.3996 0.5524 0.7237
1305031462.2598 -1.8572 -0.4372 1.1840 0.0942 0.3978 0.5550 0.7245
1305031462.2916 -1.8578 -0.4511 1.1913 0.0787 0.4011 0.5534 0.7257
1305031462.3275 -1.8390 -0.4682 1.1890 0.0544 0.3953 0.5588 0.7270
1305031462.3597 -1.8539 -0.4380 1.1999 0.0625 0.3951 0.5491 0.7338
1305031462.3917 -1.8656 -0.4165 1.2071 0.0605 0.3878 0.5410 0.7438
1305031462.4276 -1.8569 -0.4402 1.2253 0.0388 0.3896 0.5448 0.7415
1305031462.4599 -1.8707 -0.4688 1.3905 0.0553 0.4483 0.5416 0.7089
1305031462.4920 -1.8587 -0.4710 1.3832 0.0380 0.4325 0.5471 0.7156
1305031462.5277 -1.8300 -0.5113 1.3767 0.0012 0.4212 0.5558 0.7168
1305031462.5599 -1.8381 -0.5205 1.3710 -0.0096 0.4134 0.5514 0.7245
1305031462.5919 -1.8367 -0.5384 1.3763 -0.0234 0.4167 0.5461 0.7264
1305031462.6279 -1.8458 -0.5242 1.3835 -0.0212 0.4164 0.5350 0.7348
1305031462.6597 -1.8487 -0.5201 1.3802 -0.0242 0.4137 0.5266 0.7423
1305031462.6925 -1.8549 -0.5342 1.3783 -0.0333 0.4169 0.5177 0.7463
1305031462.7277 -1.8589 -0.5270 1.3707 -0.0385 0.4083 0.5071 0.7581
1305031462.7598 -1.8638 -0.5246 1.3741 -0.0428 0.4058 0.4951 0.7670
1305031462.7919 -1.8673 -0.5180 1.3748 -0.0443 0.4018 0.4874 0.7740
1305031462.8278 -1.8569 -0.5086 1.3769 -0.0518 0.3900 0.4878 0.7793
1305031462.8598 -1.8608 -0.5019 1.3765 -0.0526 0.3884 0.4797 0.7850
1305031462.8918 -1.8621 -0.4891 1.3628 -0.0517 0.3831 0.4753 0.7904
1305031462.9276 -1.8611 -0.4817 1.3639 -0.0519 0.3831 0.4711 0.7929
1305031462.9597 -1.8627 -0.4643 1.3541 -0.0466 0.3779 0.4640 0.7998
1305031462.9955 -1.8608 -0.4503 1.3504 -0.0414 0.3737 0.4619 0.8033
1305031463.0277 -1.8631 -0.4507 1.3379 -0.0409 0.3732 0.4576 0.8060
1305031463.0598 -1.8710 -0.4566 1.3213 -0.0422 0.3724 0.4462 0.8127
1305031463.0958 -1.8706 -0.4385 1.3152 -0.0368 0.3678 0.4385 0.8192
1305031463.1275 -1.8675 -0.4227 1.3132 -0.0319 0.3646 0.4324 0.8241
1305031463.1598 -1.8769 -0.4331 1.2871 -0.0354 0.3683 0.4224 0.8275
1305031463.1957 -1.8745 -0.4255 1.2796 -0.0360 0.3661 0.4178 0.8308
1305031463.2278 -1.8736 -0.4034 1.2751 -0.0298 0.3652 0.4099 0.8353
1305031463.2600 -1.8762 -0.3977 1.2577 -0.0269 0.3656 0.4052 0.8375
1305031463.2957 -1.8708 -0.3916 1.2461 -0.0268 0.3626 0.4045 0.8392
1305031463.3277 -1.8674 -0.3775 1.2412 -0.0234 0.3595 0.4009 0.8423
1305031463.3598 -1.8726 -0.3727 1.2316 -0.0194 0.3609 0.3960 0.8441
1305031463.3956 -1.8770 -0.3708 1.2267 -0.0192 0.3657 0.3904 0.8447
1305031463.4277 -1.8705 -0.3532 1.2213 -0.0160 0.3628 0.3857 0.8481
1305031463.4598 -1.8709 -0.3422 1.2218 -0.0148 0.3697 0.3820 0.8469
1305031463.4956 -1.8660 -0.3177 1.2116 -0.0105 0.3700 0.3780 0.8486
1305031463.5277 -1.8627 -0.3039 1.2024 -0.0082 0.3759 0.3753 0.8472
1305031463.5598 -1.8686 -0.2880 1.2032 -0.0013 0.3843 0.3678 0.8468
1305031463.5956 -1.8638 -0.2759 1.1904 0.0005 0.3816 0.3662 0.8487
1305031463.6276 -1.8578 -0.2702 1.1847 0.0013 0.3841 0.3635 0.8487
1305031463.6598 -1.8484 -0.2657 1.1590 0.0083 0.3834 0.3602 0.8504
1305031463.6956 -1.8450 -0.2488 1.1441 0.0142 0.3829 0.3541 0.8531
1305031463.7276 -1.8405 -0.2545 1.1274 0.0096 0.3867 0.3478 0.8540
1305031463.7597 -1.8266 -0.2516 1.1039 0.0150 0.3891 0.3416 0.8554
1305031463.7956 -1.8254 -0.2494 1.0834 0.0159 0.3937 0.3272 0.8589
1305031463.8278 -1.8127 -0.2485 1.0566 0.0113 0.3915 0.3142 0.8648
1305031463.8599 -1.7988 -0.2476 1.0319 0.0143 0.3905 0.3092 0.8670
1305031463.8956 -1.8013 -0.2519 1.0109 0.0142 0.3944 0.2981 0.8691
1305031463.9277 -1.8011 -0.2561 0.9993 0.0124 0.3955 0.2916 0.8708
1305031463.9597 -1.7831 -0.2522 0.9636 0.0174 0.3849 0.2874 0.8769
1305031463.9958 -1.7880 -0.2633 0.9556 0.0161 0.3893 0.2755 0.8788
1305031464.0277 -1.7898 -0.2620 0.9466 0.0176 0.3909 0.2661 0.8810
1305031464.0597 -1.7724 -0.2639 0.9155 0.0182 0.3850 0.2594 0.8855
1305031464.0956 -1.7789 -0.2665 0.8968 0.0208 0.3883 0.2459 0.8879
1305031464.1277 -1.7859 -0.2664 0.8946 0.0244 0.3920 0.2397 0.8878
1305031464.1598 -1.7852 -0.2694 0.8870 0.0302 0.3910 0.2361 0.8891
1305031464.1956 -1.7840 -0.2713 0.8708 0.0413 0.3857 0.2286 0.8929
1305031464.2276 -1.7932 -0.2632 0.8685 0.0547 0.3814 0.2202 0.8961
1305031464.2596 -1.8021 -0.2676 0.8657 0.0590 0.3723 0.2172 0.9004
1305031464.2957 -1.8013 -0.2730 0.8596 0.0597 0.3588 0.2122 0.9070
1305031464.3279 -1.7825 -0.2655 0.8369 0.0616 0.3410 0.2067 0.9150
1305031464.3597 -1.7803 -0.2649 0.8202 0.0641 0.3339 0.1974 0.9195
1305031464.3956 -1.7870 -0.2600 0.8120 0.0696 0.3343 0.1864 0.9212
1305031464.4276 -1.7882 -0.2677 0.7919 0.0660 0.3351 0.1775 0.9230
1305031464.4597 -1.7898 -0.2719 0.7852 0.0656 0.3358 0.1704 0.9241
1305031464.4956 -1.7921 -0.2735 0.7711 0.0658 0.3366 0.1626 0.9252
1305031464.5276 -1.7894 -0.2716 0.7496 0.0650 0.3355 0.1564 0.9267
1305031464.5597 -1.7827 -0.2712 0.7337 0.0622 0.3340 0.1486 0.9287
1305031464.5957 -1.7581 -0.2794 0.7068 0.0618 0.3346 0.1368 0.9303
1305031464.6277 -1.7481 -0.2767 0.6863 0.0733 0.3452 0.1300 0.9266
1305031464.6597 -1.7459 -0.2680 0.6728 0.0838 0.3584 0.1161 0.9225
1305031464.6957 -1.7309 -0.2736 0.6484 0.0935 0.3663 0.1008 0.9203
1305031464.7277 -1.7173 -0.2581 0.6452 0.1111 0.3706 0.0811 0.9185
1305031464.7597 -1.7291 -0.2548 0.6526 0.1205 0.3763 0.0613 0.9166
1305031464.7960 -1.7383 -0.2568 0.6550 0.1230 0.3771 0.0410 0.9171
1305031464.8278 -1.7272 -0.2494 0.6860 0.1362 0.3692 0.0232 0.9190
1305031464.8597 -1.7208 -0.2307 0.7077 0.1438 0.3578 0.0019 0.9227
1305031464.8958 -1.6991 -0.2309 0.7154 0.1393 0.3436 -0.0143 0.9286
1305031464.9278 -1.6674 -0.2470 0.6952 0.1311 0.3283 -0.0309 0.9349
1305031464.9598 -1.6572 -0.2641 0.6905 0.1269 0.3251 -0.0489 0.9358
1305031464.9957 -1.6413 -0.2587 0.7085 0.1309 0.3266 -0.0690 0.9335
1305031465.0278 -1.6375 -0.2511 0.7181 0.1320 0.3291 -0.0875 0.9309
1305031465.0597 -1.6356 -0.2276 0.7477 0.1382 0.3299 -0.1090 0.9275
1305031465.0957 -1.6092 -0.2180 0.7642 0.1298 0.3188 -0.1260 0.9304
1305031465.1277 -1.5712 -0.2232 0.7855 0.1096 0.3063 -0.1384 0.9354
1305031465.1598 -1.5382 -0.2338 0.8006 0.0903 0.2935 -0.1417 0.9411
1305031465.1956 -1.5059 -0.2490 0.7960 0.0712 0.2795 -0.1469 0.9462
1305031465.2279 -1.4738 -0.2388 0.8194 0.0605 0.2714 -0.1490 0.9489
1305031465.2598 -1.4511 -0.2553 0.8473 0.0439 0.2653 -0.1495 0.9515
1305031465.2956 -1.4302 -0.2464 0.8671 0.0434 0.2581 -0.1401 0.9549
1305031465.3277 -1.4198 -0.2336 0.8770 0.0375 0.2489 -0.1331 0.9586
1305031465.3599 -1.4093 -0.2403 0.8872 0.0329 0.2356 -0.1212 0.9637
1305031465.3956 -1.3707 -0.2284 0.8948 0.0394 0.2163 -0.1105 0.9693
1305031465.4277 -1.3488 -0.2221 0.8971 0.0434 0.2051 -0.1046 0.9722
1305031465.4601 -1.3357 -0.2123 0.8951 0.0479 0.1980 -0.0969 0.9742
1305031465.4957 -1.3125 -0.2092 0.8850 0.0470 0.1875 -0.0832 0.9776
1305031465.5276 -1.3033 -0.2091 0.8863 0.0464 0.1834 -0.0822 0.9785
1305031465.5598 -1.2920 -0.2070 0.8796 0.0492 0.1781 -0.0793 0.9796
1305031465.5956 -1.2793 -0.1996 0.8704 0.0539 0.1740 -0.0751 0.9804
1305031465.6277 -1.2704 -0.1903 0.8671 0.0581 0.1713 -0.0704 0.9810
1305031465.6601 -1.2578 -0.1817 0.8635 0.0629 0.1650 -0.0653 0.9821
1305031465.6957 -1.2397 -0.1784 0.8541 0.0659 0.1574 -0.0625 0.9833
1305031465.7277 -1.2291 -0.1683 0.8495 0.0727 0.1549 -0.0570 0.9836
1305031465.7598 -1.2178 -0.1564 0.8418 0.0793 0.1516 -0.0523 0.9839
1305031465.7959 -1.2037 -0.1516 0.8324 0.0822 0.1489 -0.0492 0.9842
1305031465.8280 -1.1846 -0.1428 0.8258 0.0887 0.1437 -0.0460 0.9846
1305031465.8599 -1.1642 -0.1241 0.8130 0.0991 0.1400 -0.0435 0.9842
1305031465.8955 -1.1386 -0.1118 0.8091 0.1032 0.1441 -0.0424 0.9833
1305031465.9275 -1.1166 -0.1091 0.7973 0.1055 0.1497 -0.0401 0.9823
1305031465.9597 -1.0995 -0.0912 0.7894 0.1153 0.1575 -0.0429 0.9798
1305031465.9958 -1.0806 -0.0831 0.7779 0.1187 0.1628 -0.0457 0.9784
1305031466.0276 -1.0575 -0.0745 0.7693 0.1212 0.1612 -0.0469 0.9783
1305031466.0598 -1.0413 -0.0559 0.7625 0.1199 0.1609 -0.0471 0.9785
1305031466.0958 -1.0310 -0.0436 0.7556 0.1145 0.1594 -0.0451 0.9795
1305031466.1276 -1.0220 -0.0200 0.7555 0.1116 0.1565 -0.0454 0.9803
1305031466.1604 -1.0184 0.0062 0.7509 0.1110 0.1550 -0.0445 0.9806
1305031466.1958 -1.0110 0.0216 0.7436 0.1032 0.1494 -0.0411 0.9825
1305031466.2280 -0.9929 0.0239 0.7365 0.0885 0.1402 -0.0406 0.9853
1305031466.2598 -0.9772 0.0242 0.7266 0.0847 0.1381 -0.0475 0.9856
1305031466.2957 -0.9576 0.0300 0.7084 0.0851 0.1397 -0.0556 0.9850
1305031466.3277 -0.9479 0.0420 0.6976 0.0861 0.1503 -0.0657 0.9827
1305031466.3598 -0.9384 0.0561 0.6838 0.0837 0.1591 -0.0729 0.9810
1305031466.3958 -0.9305 0.0502 0.6612 0.0809 0.1599 -0.0738 0.9810
1305031466.4278 -0.9297 0.0530 0.6472 0.0825 0.1594 -0.0781 0.9807
1305031466.4598 -0.9227 0.0678 0.6358 0.0842 0.1566 -0.0824 0.9806
1305031466.4958 -0.9045 0.0748 0.6238 0.0819 0.1518 -0.0829 0.9815
1305031466.5275 -0.8814 0.0736 0.6077 0.0801 0.1506 -0.0836 0.9818
1305031466.5604 -0.8642 0.0855 0.5875 0.0804 0.1533 -0.0848 0.9813
1305031466.5959 -0.8442 0.0952 0.5795 0.0715 0.1517 -0.0867 0.9820
1305031466.6275 -0.8153 0.0846 0.5668 0.0643 0.1501 -0.0892 0.9825
1305031466.6597 -0.7982 0.0820 0.5472 0.0662 0.1514 -0.0957 0.9816
1305031466.6958 -0.7851 0.0920 0.5262 0.0650 0.1494 -0.1036 0.9812
1305031466.7281 -0.7657 0.0911 0.5202 0.0560 0.1474 -0.1159 0.9807
1305031466.7596 -0.7374 0.0832 0.5074 0.0556 0.1431 -0.1212 0.9807
1305031466.7956 -0.7210 0.0868 0.4954 0.0588 0.1395 -0.1257 0.9804
1305031466.8279 -0.7107 0.0952 0.4863 0.0589 0.1368 -0.1277 0.9806
1305031466.8597 -0.7057 0.0958 0.4858 0.0587 0.1347 -0.1271 0.9809
1305031466.8957 -0.6857 0.0984 0.4726 0.0611 0.1207 -0.1288 0.9824
1305031466.9278 -0.6738 0.0972 0.4610 0.0597 0.1066 -0.1307 0.9839
1305031466.9597 -0.6642 0.0960 0.4566 0.0593 0.1004 -0.1328 0.9843
1305031466.9957 -0.6531 0.0978 0.4502 0.0602 0.0968 -0.1350 0.9843
1305031467.0278 -0.6460 0.0997 0.4492 0.0610 0.0951 -0.1367 0.9841
1305031467.0597 -0.6351 0.1000 0.4413 0.0610 0.0928 -0.1374 0.9843
1305031467.0957 -0.6242 0.1043 0.4366 0.0609 0.0916 -0.1400 0.9840
1305031467.1290 -0.6165 0.1081 0.4400 0.0618 0.0905 -0.1467 0.9831
1305031467.1597 -0.6085 0.1086 0.4384 0.0623 0.0886 -0.1509 0.9826
1305031467.1957 -0.6053 0.1098 0.4327 0.0622 0.0871 -0.1534 0.9824
1305031467.2277 -0.5956 0.1097 0.4292 0.0623 0.0821 -0.1564 0.9823
1305031467.2597 -0.5924 0.1119 0.4259 0.0631 0.0804 -0.1593 0.9819
1305031467.2958 -0.5840 0.1133 0.4211 0.0639 0.0763 -0.1624 0.9817
1305031467.3280 -0.5789 0.1165 0.4194 0.0645 0.0736 -0.1660 0.9813
1305031467.3597 -0.5671 0.1310 0.4169 0.0667 0.0692 -0.1680 0.9811
1305031467.3958 -0.5547 0.1354 0.4100 0.0648 0.0637 -0.1697 0.9813
1305031467.4278 -0.5479 0.1387 0.4081 0.0647 0.0606 -0.1730 0.9809
1305031467.4597 -0.5373 0.1392 0.4031 0.0643 0.0554 -0.1731 0.9812
1305031467.4961 -0.5333 0.1585 0.3932 0.0662 0.0528 -0.1775 0.9805
1305031467.5277 -0.5174 0.1658 0.3983 0.0664 0.0491 -0.1799 0.9802
1305031467.5598 -0.5087 0.1661 0.3997 0.0668 0.0479 -0.1805 0.9801
1305031467.5960 -0.5013 0.1670 0.3992 0.0673 0.0467 -0.1795 0.9803
1305031467.6275 -0.4972 0.1659 0.3958 0.0693 0.0445 -0.1769 0.9808
1305031467.6596 -0.4881 0.1664 0.4015 0.0760 0.0404 -0.1777 0.9803
1305031467.6959 -0.4842 0.1657 0.4050 0.0773 0.0389 -0.1798 0.9799
1305031467.7275 -0.4775 0.1679 0.4081 0.0818 0.0381 -0.1844 0.9787
1305031467.7599 -0.4775 0.1642 0.4140 0.0861 0.0387 -0.1874 0.9777
1305031467.7961 -0.4720 0.1571 0.4318 0.0872 0.0372 -0.1894 0.9773
1305031467.8278 -0.4663 0.1541 0.4471 0.0917 0.0363 -0.1901 0.9768
1305031467.8597 -0.4663 0.1364 0.4514 0.0950 0.0344 -0.1866 0.9772
1305031467.8959 -0.4622 0.1335 0.4610 0.0990 0.0305 -0.1870 0.9769
1305031467.9278 -0.4616 0.1263 0.4770 0.1010 0.0278 -0.1904 0.9761
1305031467.9598 -0.4635 0.1142 0.4830 0.1057 0.0262 -0.1936 0.9750
1305031467.9958 -0.4519 0.1144 0.4918 0.1082 0.0236 -0.1959 0.9743
1305031468.0281 -0.4445 0.1055 0.5031 0.1070 0.0231 -0.1968 0.9743
1305031468.0598 -0.4424 0.0820 0.5116 0.1064 0.0219 -0.2005 0.9737
1305031468.0959 -0.4349 0.0791 0.5183 0.1081 0.0196 -0.2019 0.9732
1305031468.1278 -0.4282 0.0711 0.5267 0.1072 0.0181 -0.2020 0.9733
1305031468.1599 -0.4222 0.0641 0.5345 0.1077 0.0169 -0.2034 0.9730
1305031468.1960 -0.4088 0.0567 0.5475 0.1077 0.0150 -0.2057 0.9726
1305031468.2282 -0.3983 0.0469 0.5536 0.1073 0.0151 -0.2056 0.9726
1305031468.2598 -0.3793 0.0364 0.5684 0.1084 0.0137 -0.2041 0.9728
1305031468.2958 -0.3586 0.0256 0.5845 0.1091 0.0124 -0.2046 0.9727
1305031468.3278 -0.3423 -0.0029 0.5968 0.1080 0.0105 -0.2025 0.9732
1305031468.3598 -0.3261 -0.0183 0.6082 0.1101 0.0108 -0.1995 0.9736
1305031468.3959 -0.3299 -0.0269 0.6053 0.1095 0.0169 -0.1972 0.9741
1305031468.4280 -0.3283 -0.0380 0.6117 0.1075 0.0173 -0.1965 0.9744
1305031468.4598 -0.3108 -0.0695 0.6212 0.1043 0.0127 -0.1933 0.9755
1305031468.4958 -0.3038 -0.0778 0.6243 0.1033 0.0124 -0.1939 0.9755
1305031468.5278 -0.2946 -0.1043 0.6380 0.1010 0.0124 -0.1982 0.9749
1305031468.5597 -0.3081 -0.1238 0.6354 0.1032 0.0159 -0.2104 0.9720
1305031468.5958 -0.3109 -0.1239 0.6342 0.1057 0.0166 -0.2154 0.9706
1305031468.6276 -0.3137 -0.1343 0.6360 0.1020 0.0166 -0.2154 0.9710
1305031468.6596 -0.3276 -0.1628 0.6409 0.0993 0.0159 -0.2200 0.9703
1305031468.6958 -0.3349 -0.1938 0.6416 0.0980 0.0107 -0.2263 0.9691
1305031468.7278 -0.3446 -0.2035 0.6447 0.1021 0.0083 -0.2288 0.9681
1305031468.7596 -0.3486 -0.2243 0.6441 0.0996 0.0054 -0.2298 0.9681
1305031468.7958 -0.3515 -0.2376 0.6483 0.1054 0.0025 -0.2341 0.9665
1305031468.8292 -0.3718 -0.2533 0.6412 0.1090 0.0051 -0.2424 0.9640
1305031468.8597 -0.3711 -0.2503 0.6421 0.1121 0.0053 -0.2459 0.9628
1305031468.8959 -0.3520 -0.2710 0.6552 0.1089 0.0043 -0.2455 0.9633
1305031468.9281 -0.3630 -0.2734 0.6435 0.1075 0.0148 -0.2419 0.9642
1305031468.9596 -0.3740 -0.2738 0.6509 0.1044 0.0220 -0.2408 0.9647
1305031468.9957 -0.3738 -0.2680 0.6610 0.0923 0.0263 -0.2421 0.9655
1305031469.0277 -0.3727 -0.2739 0.6677 0.0738 0.0296 -0.2433 0.9667
1305031469.0598 -0.3766 -0.2907 0.6744 0.0562 0.0317 -0.2460 0.9671
1305031469.0957 -0.3744 -0.2945 0.6790 0.0448 0.0331 -0.2532 0.9658
1305031469.1277 -0.3631 -0.3050 0.6958 0.0306 0.0366 -0.2597 0.9645
1305031469.1597 -0.3489 -0.3205 0.7161 0.0175 0.0415 -0.2635 0.9636
1305031469.1955 -0.3633 -0.3215 0.7167 0.0112 0.0558 -0.2644 0.9627
1305031469.2278 -0.3656 -0.3180 0.7311 0.0114 0.0624 -0.2669 0.9616
1305031469.2596 -0.3554 -0.3301 0.7482 0.0024 0.0640 -0.2709 0.9605
1305031469.2968 -0.3585 -0.3230 0.7606 0.0019 0.0700 -0.2711 0.9600
1305031469.3276 -0.3586 -0.3245 0.7678 -0.0014 0.0731 -0.2738 0.9590
1305031469.3596 -0.3499 -0.3231 0.7864 -0.0064 0.0777 -0.2779 0.9574
1305031469.3957 -0.3392 -0.3333 0.7961 -0.0091 0.0864 -0.2821 0.9554
1305031469.4277 -0.3305 -0.3254 0.8055 -0.0039 0.0972 -0.2856 0.9534
1305031469.4597 -0.3289 -0.3165 0.8273 -0.0022 0.1084 -0.2940 0.9496
1305031469.4957 -0.3278 -0.3002 0.8445 0.0034 0.1145 -0.2950 0.9486
1305031469.5276 -0.3231 -0.2964 0.8527 0.0020 0.1139 -0.2949 0.9487
1305031469.5596 -0.3104 -0.2778 0.8668 0.0051 0.1120 -0.2931 0.9495
1305031469.5958 -0.3116 -0.2729 0.8825 -0.0040 0.1159 -0.2897 0.9501
1305031469.6278 -0.2925 -0.2629 0.8921 -0.0067 0.1114 -0.2873 0.9513
1305031469.6596 -0.3045 -0.2532 0.9202 -0.0145 0.1224 -0.2847 0.9507
1305031469.6956 -0.3037 -0.2367 0.9358 -0.0132 0.1280 -0.2822 0.9507
1305031469.7277 -0.2991 -0.2227 0.9494 -0.0155 0.1335 -0.2783 0.9510
1305031469.7596 -0.3061 -0.2188 0.9707 -0.0248 0.1428 -0.2730 0.9510
1305031469.7956 -0.3075 -0.1969 0.9919 -0.0238 0.1480 -0.2650 0.9525
1305031469.8275 -0.3058 -0.1877 1.0035 -0.0289 0.1443 -0.2651 0.9529
1305031469.8596 -0.3103 -0.1737 1.0252 -0.0347 0.1457 -0.2598 0.9540
1305031469.8958 -0.3048 -0.1585 1.0360 -0.0344 0.1411 -0.2568 0.9555
1305031469.9279 -0.3121 -0.1611 1.0526 -0.0470 0.1394 -0.2520 0.9565
1305031469.9598 -0.3141 -0.1478 1.0672 -0.0459 0.1357 -0.2501 0.9576
1305031469.9956 -0.3208 -0.1267 1.0850 -0.0447 0.1361 -0.2459 0.9586
1305031470.0277 -0.3274 -0.1125 1.0913 -0.0460 0.1329 -0.2462 0.9590
1305031470.0596 -0.3372 -0.1064 1.1051 -0.0510 0.1339 -0.2459 0.9586
1305031470.0959 -0.3509 -0.0911 1.1188 -0.0528 0.1377 -0.2424 0.9589
1305031470.1276 -0.3604 -0.0729 1.1330 -0.0518 0.1394 -0.2382 0.9598
1305031470.1596 -0.3717 -0.0527 1.1425 -0.0516 0.1420 -0.2348 0.9602
1305031470.1961 -0.3825 -0.0469 1.1436 -0.0556 0.1388 -0.2342 0.9606
1305031470.2276 -0.3902 -0.0354 1.1584 -0.0587 0.1373 -0.2269 0.9624
1305031470.2600 -0.4013 -0.0164 1.1620 -0.0581 0.1386 -0.2242 0.9629
1305031470.2957 -0.4099 0.0020 1.1727 -0.0575 0.1390 -0.2187 0.9641
1305031470.3276 -0.4244 0.0131 1.1790 -0.0640 0.1421 -0.2166 0.9637
1305031470.3596 -0.4331 0.0239 1.1910 -0.0671 0.1384 -0.2073 0.9661
1305031470.3958 -0.4476 0.0375 1.1979 -0.0688 0.1408 -0.2057 0.9660
1305031470.4276 -0.4582 0.0473 1.2012 -0.0696 0.1374 -0.2066 0.9662
1305031470.4597 -0.4706 0.0567 1.2073 -0.0681 0.1358 -0.2070 0.9665
1305031470.4957 -0.4811 0.0635 1.2125 -0.0673 0.1340 -0.2044 0.9673
1305031470.5277 -0.4904 0.0700 1.2168 -0.0668 0.1317 -0.2069 0.9671
1305031470.5597 -0.5030 0.0762 1.2242 -0.0682 0.1326 -0.2058 0.9672
1305031470.5958 -0.5112 0.0814 1.2283 -0.0680 0.1314 -0.2033 0.9679
1305031470.6277 -0.5211 0.0907 1.2351 -0.0659 0.1329 -0.1986 0.9688
1305031470.6597 -0.5263 0.0939 1.2389 -0.0670 0.1293 -0.1942 0.9701
1305031470.6956 -0.5418 0.1078 1.2493 -0.0628 0.1353 -0.1876 0.9709
1305031470.7277 -0.5515 0.1101 1.2555 -0.0631 0.1347 -0.1868 0.9711
1305031470.7597 -0.5575 0.1114 1.2575 -0.0647 0.1360 -0.1826 0.9716
1305031470.7956 -0.5652 0.1151 1.2635 -0.0647 0.1414 -0.1774 0.9718
1305031470.8278 -0.5778 0.1245 1.2739 -0.0553 0.1476 -0.1696 0.9728
1305031470.8596 -0.5880 0.1335 1.2798 -0.0442 0.1505 -0.1644 0.9738
1305031470.8957 -0.6004 0.1398 1.2878 -0.0365 0.1542 -0.1576 0.9747
1305031470.9277 -0.6095 0.1414 1.2937 -0.0303 0.1525 -0.1516 0.9761
1305031470.9596 -0.6234 0.1463 1.2990 -0.0152 0.1534 -0.1522 0.9762
1305031470.9960 -0.6335 0.1483 1.3006 -0.0045 0.1552 -0.1500 0.9764
1305031471.0276 -0.6377 0.1481 1.3019 0.0077 0.1547 -0.1497 0.9765
1305031471.0596 -0.6442 0.1466 1.3022 0.0197 0.1559 -0.1490 0.9763
1305031471.0958 -0.6523 0.1490 1.3049 0.0319 0.1569 -0.1427 0.9767
1305031471.1277 -0.6622 0.1490 1.3059 0.0406 0.1586 -0.1349 0.9773
1305031471.1596 -0.6652 0.1536 1.3053 0.0514 0.1566 -0.1298 0.9777
1305031471.1957 -0.6659 0.1579 1.3070 0.0576 0.1563 -0.1263 0.9779
1305031471.2276 -0.6685 0.1578 1.3075 0.0585 0.1564 -0.1229 0.9783
1305031471.2597 -0.6730 0.1557 1.3078 0.0575 0.1577 -0.1210 0.9784
1305031471.2961 -0.6747 0.1560 1.3095 0.0602 0.1577 -0.1175 0.9786
1305031471.3276 -0.6761 0.1568 1.3102 0.0642 0.1594 -0.1145 0.9784
1305031471.3596 -0.6788 0.1557 1.3106 0.0639 0.1640 -0.1124 0.9780
1305031471.3957 -0.6831 0.1537 1.3124 0.0647 0.1682 -0.1083 0.9776
1305031471.4277 -0.6850 0.1556 1.3112 0.0699 0.1675 -0.1040 0.9779
1305031471.4596 -0.6892 0.1592 1.3124 0.0733 0.1681 -0.1012 0.9778
1305031471.4965 -0.7013 0.1586 1.3144 0.0731 0.1723 -0.0949 0.9777
1305031471.5276 -0.7038 0.1585 1.3139 0.0735 0.1725 -0.0928 0.9779
1305031471.5597 -0.7047 0.1613 1.3146 0.0755 0.1730 -0.0928 0.9776
1305031471.5957 -0.7077 0.1629 1.3154 0.0773 0.1765 -0.0912 0.9770
1305031471.6276 -0.7061 0.1653 1.3145 0.0798 0.1766 -0.0902 0.9769
1305031471.6596 -0.7094 0.1650 1.3129 0.0803 0.1792 -0.0891 0.9765
1305031471.6956 -0.7117 0.1646 1.3115 0.0802 0.1808 -0.0865 0.9764
1305031471.7275 -0.7146 0.1634 1.3101 0.0785 0.1832 -0.0821 0.9765
1305031471.7597 -0.7165 0.1659 1.3068 0.0818 0.1865 -0.0724 0.9764
1305031471.7958 -0.7203 0.1692 1.3002 0.0844 0.1915 -0.0634 0.9758
1305031471.8276 -0.7228 0.1716 1.2999 0.0838 0.1944 -0.0585 0.9756
1305031471.8597 -0.7215 0.1772 1.3010 0.0844 0.1948 -0.0492 0.9760
1305031471.8956 -0.7216 0.1787 1.3020 0.0819 0.1965 -0.0398 0.9763
1305031471.9277 -0.7232 0.1801 1.3039 0.0787 0.2008 -0.0324 0.9759
1305031471.9596 -0.7298 0.1824 1.3113 0.0792 0.2115 -0.0303 0.9737
1305031471.9956 -0.7360 0.1849 1.3112 0.0778 0.2203 -0.0246 0.9720
1305031472.0276 -0.7358 0.1986 1.3131 0.0821 0.2218 -0.0224 0.9714
1305031472.0597 -0.7372 0.1988 1.3181 0.0818 0.2250 -0.0146 0.9708
1305031472.0956 -0.7388 0.1982 1.3180 0.0791 0.2267 -0.0084 0.9707
1305031472.1276 -0.7451 0.2070 1.3239 0.0810 0.2322 -0.0077 0.9693
1305031472.1596 -0.7443 0.2163 1.3402 0.0890 0.2337 -0.0021 0.9682
1305031472.1957 -0.7430 0.2594 1.3788 0.1335 0.2446 -0.0088 0.9603
1305031472.2276 -0.7417 0.2641 1.3815 0.1386 0.2436 -0.0081 0.9599
1305031472.2638 -0.7421 0.2675 1.3853 0.1451 0.2453 -0.0100 0.9585
1305031472.2957 -0.7417 0.2608 1.3815 0.1483 0.2446 -0.0084 0.9582
1305031472.3277 -0.7418 0.2618 1.3802 0.1524 0.2440 -0.0067 0.9577
1305031472.3636 -0.7438 0.2669 1.3827 0.1575 0.2448 -0.0046 0.9567
1305031472.3956 -0.7444 0.2641 1.3845 0.1566 0.2444 -0.0045 0.9569
1305031472.4277 -0.7471 0.2620 1.3859 0.1585 0.2425 -0.0023 0.9571
1305031472.4636 -0.7461 0.2614 1.3812 0.1614 0.2393 -0.0029 0.9574
1305031472.4956 -0.7464 0.2606 1.3817 0.1615 0.2408 -0.0029 0.9570
1305031472.5276 -0.7460 0.2577 1.3821 0.1614 0.2423 -0.0015 0.9567
1305031472.5636 -0.7474 0.2497 1.3763 0.1651 0.2406 0.0010 0.9565
1305031472.5957 -0.7481 0.2538 1.3763 0.1721 0.2408 -0.0024 0.9552
1305031472.6277 -0.7468 0.2525 1.3761 0.1720 0.2397 -0.0017 0.9555
1305031472.6636 -0.7467 0.2491 1.3759 0.1725 0.2400 0.0004 0.9553
1305031472.6958 -0.7437 0.2427 1.3721 0.1725 0.2366 0.0051 0.9562
1305031472.7276 -0.7429 0.2423 1.3722 0.1754 0.2366 0.0041 0.9556
1305031472.7636 -0.7423 0.2401 1.3720 0.1783 0.2373 0.0013 0.9549
1305031472.7956 -0.7426 0.2351 1.3713 0.1797 0.2393 -0.0002 0.9542
1305031472.8276 -0.7408 0.2347 1.3697 0.1824 0.2385 0.0002 0.9539
1305031472.8636 -0.7406 0.2361 1.3708 0.1855 0.2384 0.0005 0.9533
1305031472.8957 -0.7399 0.2347 1.3710 0.1855 0.2369 0.0017 0.9537
1305031472.9277 -0.7383 0.2305 1.3700 0.1836 0.2353 0.0026 0.9544
1305031472.9638 -0.7381 0.2306 1.3705 0.1848 0.2356 0.0033 0.9541
1305031472.9957 -0.7375 0.2299 1.3707 0.1843 0.2348 0.0036 0.9544
1305031473.0276 -0.7372 0.2301 1.3709 0.1845 0.2339 0.0036 0.9546
1305031473.0637 -0.7363 0.2300 1.3715 0.1846 0.2337 0.0028 0.9546
1305031473.0957 -0.7363 0.2285 1.3703 0.1834 0.2343 0.0019 0.9547
1305031473.1277 -0.7373 0.2272 1.3703 0.1826 0.2355 0.0018 0.9546
1305031473.1671 -0.7368 0.2262 1.3700 0.1825 0.2349 0.0013 0.9547
1305031473.1961 -0.7361 0.2250 1.3680 0.1824 0.2339 0.0008 0.9550
