1341847980.7547 0.0000 0.0000 0.0000 0.0000 0.0000 0.0000 1.0000
1341847982.5308 -0.1766 0.0055 -0.0455 0.0080 0.0222 0.0105 0.9997
1341847983.3347 -0.3829 -0.0073 -0.0379 -0.0081 0.0512 0.0250 0.9983
1341847983.8387 -0.5652 -0.0213 -0.0608 0.0056 0.0708 0.0295 0.9970
1341847984.2387 -0.7289 0.0073 -0.0651 -0.0094 0.0823 0.0279 0.9962
1341847984.8788 -0.9106 -0.0270 0.1158 -0.0081 0.0853 0.0404 0.9955
1341847985.4146 -0.9844 -0.1084 0.2881 -0.0156 0.1149 0.0569 0.9916
1341847985.7470 -1.0422 -0.1519 0.4068 0.0005 0.1384 0.0724 0.9877
1341847986.0826 -1.0942 -0.2020 0.4989 0.0154 0.1625 0.0926 0.9822
1341847986.3592 -1.1189 -0.2470 0.5812 0.0213 0.1890 0.1014 0.9765
1341847986.6619 -1.1377 -0.2966 0.6905 0.0211 0.2147 0.1126 0.9700
1341847987.0912 -1.1627 -0.3615 0.8363 0.0031 0.2322 0.1480 0.9613
1341847987.3907 -1.1855 -0.3997 0.9336 -0.0018 0.2765 0.1413 0.9506
1341847987.8978 -1.2642 -0.3971 1.0870 0.0255 0.3129 0.1752 0.9332
1341847988.5378 -1.3388 -0.4134 1.2313 0.0398 0.3282 0.1804 0.9264
1341847989.0347 -1.4298 -0.4414 1.2749 0.0203 0.3468 0.1991 0.9163
1341847989.3667 -1.5269 -0.4932 1.2933 0.0223 0.3403 0.1845 0.9218
1341847989.7707 -1.6285 -0.5335 1.2990 0.0138 0.3567 0.1698 0.9185
1341847990.1067 -1.7429 -0.5573 1.3044 0.0178 0.3669 0.1736 0.9137
1341847990.4426 -1.8596 -0.5747 1.3106 0.0220 0.3617 0.1807 0.9143
1341847990.9108 -1.9716 -0.5974 1.3412 0.0194 0.3750 0.2046 0.9039
1341847991.3467 -2.0659 -0.6367 1.4027 0.0293 0.3990 0.2190 0.8899
1341847991.7468 -2.1224 -0.6836 1.4558 0.0248 0.4264 0.2556 0.8673
1341847992.1148 -2.1686 -0.7382 1.5049 0.0181 0.4585 0.2581 0.8502
1341847992.4189 -2.2366 -0.7768 1.5595 0.0229 0.4818 0.2693 0.8336
1341847992.6547 -2.3038 -0.8093 1.6042 0.0234 0.4943 0.2814 0.8222
1341847992.8866 -2.3557 -0.8372 1.6502 0.0191 0.5033 0.2842 0.8158
1341847993.1547 -2.3895 -0.8683 1.7067 0.0121 0.5140 0.2884 0.8078
1341847993.3907 -2.4116 -0.9028 1.7626 0.0205 0.5277 0.2959 0.7960
1341847993.5910 -2.4346 -0.9307 1.8216 0.0241 0.5367 0.3097 0.7845
1341847993.8267 -2.4465 -0.9673 1.8896 0.0079 0.5445 0.3160 0.7769
1341847994.1697 -2.4607 -1.0295 1.9563 0.0064 0.5637 0.3146 0.7637
1341847994.3338 -2.4750 -1.0603 1.9907 0.0163 0.5744 0.3193 0.7536
1341847994.5017 -2.5064 -1.0944 2.0360 0.0269 0.5827 0.3230 0.7453
1341847994.6017 -2.5259 -1.1122 2.0647 0.0292 0.5867 0.3284 0.7397
1341847994.7698 -2.5414 -1.1413 2.1139 0.0251 0.5943 0.3348 0.7308
1341847994.8668 -2.5583 -1.1554 2.1423 0.0173 0.5981 0.3438 0.7237
1341847995.0987 -2.5692 -1.1830 2.1922 0.0156 0.6122 0.3542 0.7068
1341847995.2988 -2.5770 -1.2127 2.2327 0.0207 0.6270 0.3584 0.6914
1341847995.5348 -2.5845 -1.2455 2.2885 0.0219 0.6352 0.3620 0.6819
1341847995.8028 -2.5747 -1.2688 2.3464 0.0211 0.6341 0.3841 0.6708
1341847996.0707 -2.5693 -1.2925 2.3779 0.0196 0.6468 0.3853 0.6579
1341847996.3389 -2.5821 -1.3113 2.4028 0.0222 0.6625 0.3857 0.6418
1341847996.5748 -2.5955 -1.3322 2.4373 0.0265 0.6737 0.3921 0.6259
1341847996.8068 -2.6049 -1.3480 2.4867 0.0130 0.6840 0.4017 0.6088
1341847997.1430 -2.6322 -1.4041 2.5807 0.0223 0.6900 0.4049 0.5995
1341847997.5466 -2.6293 -1.4708 2.6748 0.0186 0.7059 0.4002 0.5841
1341847997.8469 -2.5965 -1.5344 2.7555 0.0247 0.7232 0.3919 0.5681
1341847998.3188 -2.5313 -1.6212 2.8863 0.0302 0.7203 0.4043 0.5629
1341847998.7187 -2.4876 -1.6848 3.0156 0.0095 0.7144 0.4014 0.5730
1341847999.0549 -2.4743 -1.7316 3.1327 0.0071 0.7135 0.4149 0.5646
1341847999.3908 -2.4478 -1.7758 3.2123 0.0189 0.7287 0.4226 0.5386
1341847999.5907 -2.4227 -1.7980 3.2458 0.0302 0.7463 0.4292 0.5079
1341847999.8588 -2.3606 -1.8166 3.2848 0.0367 0.7642 0.4382 0.4718
1341848000.0948 -2.3029 -1.8163 3.3109 0.0356 0.7690 0.4661 0.4360
1341848000.3627 -2.2385 -1.8117 3.3242 0.0233 0.7723 0.4884 0.4057
1341848000.7308 -2.1418 -1.8080 3.3327 0.0242 0.7864 0.4918 0.3731
1341848001.1307 -2.0204 -1.8268 3.3574 0.0421 0.7994 0.4961 0.3361
1341848001.4347 -1.9304 -1.8114 3.3721 0.0237 0.8161 0.4925 0.3015
1341848001.6666 -1.8689 -1.7907 3.3630 0.0140 0.8319 0.4923 0.2556
1341848001.9707 -1.7861 -1.7744 3.3420 0.0159 0.8416 0.4970 0.2106
1341848002.3389 -1.6889 -1.7513 3.3168 0.0159 0.8463 0.5056 0.1673
1341848002.7748 -1.5912 -1.7010 3.3099 -0.0004 0.8397 0.5257 0.1366
1341848003.2429 -1.4679 -1.6722 3.3154 -0.0068 0.8451 0.5121 0.1531
1341848003.5469 -1.3910 -1.6473 3.3229 -0.0186 0.8437 0.5006 0.1930
1341848003.8179 -1.3341 -1.6258 3.3131 -0.0184 0.8375 0.4902 0.2408
1341848004.1217 -1.2674 -1.5804 3.2736 -0.0172 0.8280 0.4882 0.2752
1341848004.3898 -1.2016 -1.5421 3.2541 -0.0238 0.8148 0.4850 0.3167
1341848004.6258 -1.1501 -1.5101 3.2497 -0.0356 0.7970 0.4887 0.3532
1341848004.9578 -1.1039 -1.4815 3.2558 -0.0447 0.7763 0.4960 0.3864
1341848005.4257 -1.0670 -1.4688 3.2744 -0.0444 0.7561 0.4870 0.4349
1341848005.8299 -1.0258 -1.4764 3.2929 -0.0427 0.7392 0.4756 0.4749
1341848006.1658 -0.9982 -1.4930 3.3125 -0.0296 0.7322 0.4542 0.5067
1341848006.4697 -0.9727 -1.5017 3.3349 -0.0149 0.7226 0.4396 0.5332
1341848006.9377 -0.9243 -1.5496 3.3805 -0.0032 0.7237 0.4391 0.5325
1341848007.2379 -0.9103 -1.5977 3.4309 0.0059 0.7394 0.4515 0.4994
1341848007.6348 -0.8858 -1.6673 3.4967 0.0092 0.7515 0.4552 0.4774
1341848007.9349 -0.8484 -1.7133 3.5357 0.0152 0.7648 0.4784 0.4313
1341848008.3707 -0.7776 -1.7604 3.6086 0.0207 0.7772 0.5033 0.3771
1341848008.8746 -0.6981 -1.8316 3.6643 0.0269 0.7909 0.5201 0.3213
1341848009.2747 -0.6380 -1.8438 3.7098 0.0220 0.8038 0.5314 0.2665
1341848009.9789 -0.4762 -1.8378 3.7484 0.0095 0.8115 0.5373 0.2298
1341848010.4831 -0.3732 -1.7649 3.6633 0.0144 0.8100 0.5500 0.2028
1341848010.8508 -0.3377 -1.7371 3.6016 0.0138 0.8138 0.5564 0.1670
1341848011.3547 -0.3043 -1.7134 3.5613 0.0132 0.8212 0.5572 0.1225
1341848011.8588 -0.2824 -1.6684 3.5252 0.0159 0.8203 0.5682 0.0635
1341848012.3269 -0.2806 -1.5953 3.4490 0.0036 0.8109 0.5819 0.0624
1341848012.7269 -0.2556 -1.5282 3.3730 -0.0283 0.8022 0.5879 0.1003
1341848013.0988 -0.2272 -1.4901 3.3474 -0.0581 0.8009 0.5714 0.1696
1341848013.4309 -0.2017 -1.4680 3.3697 -0.0574 0.7866 0.5678 0.2355
1341848013.7346 -0.1687 -1.4639 3.3785 -0.0705 0.7729 0.5500 0.3085
1341848014.0710 -0.1317 -1.4578 3.3984 -0.0757 0.7595 0.5279 0.3725
1341848014.3387 -0.0716 -1.4508 3.4201 -0.0914 0.7390 0.5120 0.4282
1341848014.5387 -0.0258 -1.4593 3.4388 -0.0990 0.7177 0.4889 0.4859
1341848014.7387 0.0130 -1.4692 3.4582 -0.0907 0.7058 0.4628 0.5286
1341848014.9387 0.0459 -1.4738 3.4792 -0.0706 0.6892 0.4510 0.5627
1341848015.2435 0.0836 -1.4554 3.4910 -0.0964 0.6480 0.4473 0.6089
1341848015.4750 0.1097 -1.4460 3.4967 -0.0894 0.6071 0.4341 0.6595
1341848015.6858 0.1234 -1.4452 3.5034 -0.0919 0.5701 0.4084 0.7069
1341848015.8179 0.1307 -1.4506 3.5043 -0.0858 0.5502 0.3886 0.7341
1341848015.9540 0.1338 -1.4559 3.5076 -0.0835 0.5380 0.3643 0.7556
1341848016.0539 0.1330 -1.4601 3.5080 -0.0761 0.5291 0.3507 0.7689
1341848016.1858 0.1263 -1.4616 3.5052 -0.0755 0.5216 0.3371 0.7801
1341848016.2217 0.1247 -1.4616 3.5056 -0.0765 0.5202 0.3369 0.7811
1341848016.2537 0.1273 -1.4634 3.5071 -0.0776 0.5195 0.3366 0.7815
1341848016.2900 0.1231 -1.4642 3.5037 -0.0775 0.5198 0.3347 0.7822
1341848016.3898 0.1181 -1.4672 3.5081 -0.0722 0.5266 0.3442 0.7739
1341848016.4901 0.1155 -1.4732 3.5134 -0.0637 0.5313 0.3534 0.7673
1341848016.5898 0.1061 -1.4791 3.5194 -0.0535 0.5367 0.3537 0.7642
1341848016.6899 0.0958 -1.4871 3.5284 -0.0427 0.5367 0.3609 0.7615
1341848016.8508 0.0809 -1.5037 3.5497 -0.0413 0.5393 0.3593 0.7605
1341848017.0187 0.0562 -1.5202 3.5719 -0.0422 0.5424 0.3622 0.7569
1341848017.1869 0.0290 -1.5388 3.5852 -0.0405 0.5552 0.3699 0.7438
1341848017.3187 0.0122 -1.5575 3.5965 -0.0306 0.5721 0.3749 0.7288
1341848017.4188 -0.0164 -1.5710 3.5993 -0.0166 0.5860 0.3764 0.7174
1341848017.6227 -0.0539 -1.5900 3.6057 -0.0076 0.6047 0.3797 0.7001
1341848017.8547 -0.0851 -1.6096 3.6159 0.0117 0.6235 0.3793 0.6835
1341848018.2267 -0.1140 -1.6315 3.6409 0.0099 0.6434 0.3907 0.6583
1341848018.5345 -0.1259 -1.6672 3.6942 0.0181 0.6634 0.4128 0.6238
1341848018.7018 -0.1367 -1.6913 3.7353 0.0175 0.6749 0.4216 0.6053
1341848019.0698 -0.1538 -1.7666 3.8109 0.0207 0.6919 0.4245 0.5837
1341848019.2987 -0.1706 -1.8030 3.8573 0.0154 0.7086 0.4316 0.5580
1341848019.4988 -0.1841 -1.8431 3.9120 0.0100 0.7264 0.4353 0.5317
1341848019.7667 -0.2008 -1.8986 3.9964 0.0146 0.7396 0.4439 0.5057
1341848020.0347 -0.2055 -1.9371 4.0482 0.0213 0.7559 0.4553 0.4699
1341848020.3028 -0.1894 -1.9722 4.0959 0.0200 0.7753 0.4618 0.4305
1341848020.5387 -0.1604 -2.0038 4.1383 0.0274 0.7969 0.4618 0.3886
1341848020.9066 -0.1067 -2.0568 4.2046 0.0350 0.8061 0.4821 0.3416
1341848021.2749 -0.0376 -2.0951 4.2529 0.0320 0.8204 0.4868 0.2982
1341848021.4879 0.0098 -2.1264 4.2817 0.0434 0.8384 0.4786 0.2573
1341848021.7428 0.0778 -2.1648 4.3303 0.0365 0.8487 0.4782 0.2230
1341848022.0108 0.1566 -2.1826 4.3473 0.0278 0.8568 0.4778 0.1917
1341848022.2148 0.2244 -2.1880 4.3447 0.0228 0.8647 0.4740 0.1646
1341848022.3872 0.2704 -2.1990 4.3355 0.0336 0.8719 0.4702 0.1329
1341848022.5542 0.3212 -2.2124 4.3159 0.0409 0.8776 0.4655 0.1070
1341848022.7830 0.3719 -2.2263 4.3003 0.0428 0.8811 0.4658 0.0701
1341848022.9188 0.3983 -2.2251 4.2947 0.0332 0.8744 0.4823 0.0407
1341848023.0508 0.4475 -2.2225 4.2665 0.0177 0.8721 0.4890 0.0013
1341848023.2868 0.5135 -2.2166 4.2544 0.0238 0.8622 0.5034 -0.0516
1341848023.5187 0.5752 -2.1916 4.2347 0.0121 0.8504 0.5188 -0.0869
1341848023.8228 0.6370 -2.1638 4.1843 0.0081 0.8492 0.5116 -0.1310
1341848024.1588 0.6881 -2.1226 4.0993 0.0257 0.8405 0.5094 -0.1826
1341848024.5586 0.7334 -2.0733 4.0255 0.0213 0.8231 0.5188 -0.2300
1341848024.9947 0.8327 -2.0278 3.9759 0.0310 0.8076 0.5172 -0.2815
1341848025.4307 0.9354 -1.9965 3.9302 0.0365 0.7922 0.5185 -0.3197
1341848025.9348 1.0130 -1.9560 3.8748 0.0357 0.7775 0.5156 -0.3583
1341848026.3348 1.0775 -1.9134 3.8270 0.0585 0.7588 0.5131 -0.3969
1341848026.8067 1.1595 -1.8776 3.7724 0.0573 0.7522 0.5024 -0.4226
1341848027.0748 1.2366 -1.8611 3.7493 0.0552 0.7501 0.5063 -0.4217
1341848027.3428 1.3195 -1.8566 3.7305 0.0568 0.7492 0.4965 -0.4347
1341848027.6107 1.4011 -1.8564 3.7110 0.0539 0.7642 0.4827 -0.4244
1341848027.9788 1.4732 -1.8334 3.6632 0.0462 0.7708 0.4893 -0.4055
1341848028.3149 1.5159 -1.8086 3.6072 0.0480 0.7796 0.4777 -0.4021
1341848028.7218 1.5844 -1.7673 3.5183 0.0551 0.7784 0.4707 -0.4116
1341848029.1188 1.6502 -1.7270 3.4351 0.0564 0.7763 0.4735 -0.4122
1341848029.4188 1.6999 -1.6995 3.3904 0.0485 0.7676 0.4784 -0.4236
1341848029.6553 1.7578 -1.6868 3.3581 0.0504 0.7617 0.4690 -0.4442
1341848029.8880 1.8220 -1.6753 3.3339 0.0530 0.7521 0.4631 -0.4660
1341848030.1228 1.8758 -1.6576 3.3142 0.0537 0.7415 0.4615 -0.4841
1341848030.3589 1.9132 -1.6379 3.2887 0.0516 0.7263 0.4634 -0.5051
1341848030.6270 1.9489 -1.6084 3.2528 0.0518 0.7114 0.4606 -0.5282
1341848030.8947 1.9905 -1.5830 3.2034 0.0613 0.7012 0.4411 -0.5568
1341848031.1629 2.0389 -1.5611 3.1414 0.0747 0.6971 0.4190 -0.5770
1341848031.5629 2.0927 -1.5394 3.0732 0.0750 0.6860 0.4146 -0.5932
1341848031.8667 2.1405 -1.5304 3.0402 0.0690 0.6714 0.4009 -0.6195
1341848032.0987 2.1888 -1.5216 3.0105 0.0648 0.6608 0.3907 -0.6375
1341848032.3028 2.2277 -1.5062 2.9847 0.0635 0.6560 0.3891 -0.6436
1341848032.4708 2.2583 -1.4986 2.9682 0.0603 0.6521 0.3844 -0.6506
1341848032.6708 2.2910 -1.4897 2.9378 -0.0549 -0.6537 -0.3761 0.6544
1341848032.8707 2.3238 -1.4763 2.8989 0.0540 0.6556 0.3726 -0.6545
1341848033.2069 2.3452 -1.4431 2.8353 -0.0562 -0.6457 -0.3625 0.6697
1341848033.5068 2.3614 -1.4121 2.7800 -0.0576 -0.6315 -0.3583 0.6852
1341848033.9112 2.3838 -1.3870 2.7165 -0.0635 -0.6192 -0.3445 0.7027
1341848034.0427 2.3953 -1.3853 2.7001 -0.0514 -0.6069 -0.3352 0.7188
1341848034.2467 2.4209 -1.3845 2.6800 -0.0482 -0.5908 -0.3148 0.7413
1341848034.5217 2.4635 -1.3715 2.6386 -0.0474 -0.5796 -0.3005 0.7560
1341848034.6538 2.4911 -1.3538 2.6129 -0.0496 -0.5769 -0.3033 0.7568
1341848034.8147 2.5169 -1.3289 2.5829 -0.0539 -0.5729 -0.3039 0.7593
1341848035.2189 2.5478 -1.2816 2.5309 -0.0574 -0.5581 -0.3084 0.7682
1341848035.7188 2.5609 -1.2303 2.4300 -0.0691 -0.5456 -0.2781 0.7875
1341848036.2547 2.5506 -1.1742 2.3231 -0.0800 -0.5250 -0.2597 0.8065
1341848036.7268 2.5486 -1.1159 2.2143 -0.0649 -0.5074 -0.2435 0.8240
1341848037.0268 2.5559 -1.0772 2.1171 -0.0562 -0.4929 -0.2237 0.8390
1341848037.2270 2.5630 -1.0464 2.0535 -0.0341 -0.5006 -0.2097 0.8392
1341848037.6987 2.5433 -0.9828 1.9225 -0.0116 -0.4997 -0.2149 0.8390
1341848037.9669 2.5154 -0.9392 1.8643 -0.0217 -0.4774 -0.2068 0.8537
1341848038.3065 2.4742 -0.8893 1.7975 -0.0332 -0.4490 -0.2053 0.8690
1341848038.8028 2.4284 -0.8275 1.6734 -0.0162 -0.4344 -0.2007 0.8779
1341848039.1387 2.4313 -0.7803 1.5873 -0.0197 -0.4150 -0.1839 0.8908
1341848039.6748 2.4173 -0.7114 1.4724 -0.0145 -0.3907 -0.1813 0.9024
1341848040.2427 2.3382 -0.6326 1.3660 -0.0256 -0.3562 -0.1659 0.9192
1341848040.7468 2.2609 -0.6114 1.2821 -0.0168 -0.3199 -0.1380 0.9372
1341848041.0943 2.2249 -0.5866 1.2261 -0.0131 -0.2745 -0.1125 0.9549
1341848041.4188 2.1688 -0.5468 1.2006 -0.0323 -0.2416 -0.0886 0.9658
1341848042.0546 1.9915 -0.5236 1.1652 -0.0344 -0.1953 -0.0499 0.9789
1341848042.5587 1.8448 -0.5109 1.1641 -0.0456 -0.1427 -0.0258 0.9884
1341848042.9657 1.7542 -0.4866 1.1475 -0.0479 -0.0897 0.0118 0.9947
1341848043.7020 1.5506 -0.4802 1.1704 -0.0499 -0.0364 0.0481 0.9969
1341848044.4417 1.3635 -0.5057 1.2487 -0.0583 0.0010 0.0700 0.9958
1341848045.1388 1.2175 -0.5140 1.3155 -0.0587 0.0592 0.1298 0.9880
1341848045.7431 1.0866 -0.5502 1.4237 -0.0631 0.0568 0.1179 0.9894
1341848046.1818 1.0037 -0.5532 1.5050 -0.0598 0.0192 0.0864 0.9943
1341848046.6178 0.9117 -0.5312 1.5123 -0.0691 -0.0048 0.0524 0.9962
1341848047.0151 0.8290 -0.4936 1.4567 -0.0641 -0.0183 0.0465 0.9967
1341848047.3506 0.7545 -0.4664 1.4028 -0.0712 -0.0296 0.0363 0.9964
1341848047.6897 0.6859 -0.4555 1.3469 -0.0667 -0.0555 0.0255 0.9959
1341848048.2230 0.5652 -0.4488 1.2994 -0.0658 -0.0487 0.0227 0.9964
1341848048.6908 0.4709 -0.4475 1.2473 -0.0385 -0.0342 0.0289 0.9983
1341848049.0907 0.3935 -0.4519 1.1982 -0.0028 -0.0382 0.0194 0.9991
1341848049.5628 0.3053 -0.4287 1.1228 0.0129 -0.0370 0.0238 0.9989
1341848049.9308 0.2102 -0.3954 1.0506 0.0072 -0.0499 0.0168 0.9986
1341848050.2988 0.1320 -0.3610 1.0065 0.0045 -0.0770 -0.0073 0.9970
1341848050.6668 0.0577 -0.3496 0.9777 0.0050 -0.1125 -0.0377 0.9929
1341848051.0350 -0.0201 -0.3377 0.9487 0.0095 -0.1530 -0.0600 0.9864
1341848051.3709 -0.0652 -0.3363 0.9263 0.0259 -0.1842 -0.0729 0.9798
1341848051.6389 -0.0813 -0.3334 0.9188 0.0447 -0.2174 -0.1088 0.9690
1341848051.9427 -0.0740 -0.3106 0.8899 0.0614 -0.2523 -0.1564 0.9529
1341848052.1781 -0.0329 -0.2894 0.8759 0.0639 -0.2437 -0.1811 0.9506
1341848052.3795 0.0040 -0.2822 0.8642 0.0622 -0.2293 -0.1992 0.9507
1341848052.5792 0.0452 -0.2725 0.8454 0.0668 -0.2189 -0.2077 0.9511
1341848052.7787 0.0896 -0.2684 0.8208 0.0644 -0.2103 -0.2199 0.9504
1341848052.9147 0.1234 -0.2646 0.8076 0.0666 -0.1949 -0.2245 0.9525
1341848053.1148 0.1711 -0.2680 0.7861 0.0645 -0.1689 -0.2169 0.9593
1341848053.3217 0.2127 -0.2694 0.7651 0.0664 -0.1434 -0.2002 0.9669
1341848053.5539 0.2644 -0.2623 0.7347 0.0600 -0.1147 -0.1744 0.9761
1341848053.7580 0.2957 -0.2565 0.7170 0.0408 -0.0795 -0.1428 0.9857
1341848054.0510 0.3126 -0.2605 0.6740 0.0373 -0.0422 -0.0812 0.9951
1341848054.5908 0.2880 -0.2606 0.5582 0.0169 -0.0260 -0.0469 0.9984
1341848055.0230 0.3109 -0.2561 0.4667 0.0307 -0.0011 -0.0119 0.9995
1341848055.3268 0.2971 -0.2243 0.3678 0.0419 0.0117 0.0093 0.9990
1341848055.5947 0.2781 -0.1809 0.2786 0.0445 0.0291 0.0100 0.9985
1341848055.9307 0.2353 -0.1511 0.2108 0.0455 0.0605 0.0317 0.9966
1341848056.2988 0.1133 -0.1237 0.1743 0.0456 0.0643 0.0446 0.9959
1341848056.5348 0.0144 -0.1002 0.1544 0.0262 0.0502 0.0598 0.9966
1341848056.8350 -0.1076 -0.0929 0.1452 0.0086 0.0324 0.0577 0.9978
1341848057.3029 -0.2457 -0.0733 0.1341 -0.0085 0.0477 0.0459 0.9978
1341848057.6067 -0.3596 -0.0454 0.1149 -0.0266 0.0698 0.0616 0.9953
1341848058.0068 -0.5179 -0.0269 0.0893 -0.0320 0.0913 0.0925 0.9910
1341848058.3432 -0.6454 -0.0151 0.0965 -0.0101 0.0708 0.0757 0.9946
1341848058.9789 -0.7936 -0.0297 0.1553 -0.0006 0.0985 0.1111 0.9889
1341848059.4147 -0.8081 -0.0337 0.1602 0.0165 0.1349 0.1200 0.9834
1341848060.0507 -0.8349 -0.0208 0.1466 0.0456 0.1583 0.1164 0.9794
1341848060.9231 -0.7821 -0.0029 0.1399 0.0758 0.1563 0.0824 0.9813
1341848061.2594 -0.7224 -0.0311 0.1484 0.0955 0.1463 0.0814 0.9812
1341848062.9350 -0.5556 -0.0697 0.2042 0.0867 0.1035 0.0679 0.9885
1341848063.7099 -0.3883 -0.0753 0.2328 0.0634 0.0769 0.0422 0.9941
1341848064.2139 -0.2797 -0.1381 0.3342 0.0641 0.0576 0.0331 0.9957
1341848064.5180 -0.1773 -0.1795 0.4028 0.0679 0.0633 0.0224 0.9954
1341848065.2787 0.0091 -0.2110 0.4509 0.0702 0.0356 0.0354 0.9963
1341848066.1187 0.1682 -0.2107 0.4587 0.0603 -0.0270 -0.0156 0.9977
1341848066.8621 0.3150 -0.2693 0.5492 0.0761 -0.0607 -0.0590 0.9935
1341848067.7948 0.4478 -0.2907 0.5690 0.0838 -0.0503 -0.0444 0.9942
