1305031453.3917 0.0000 0.0000 0.0000 0.0000 0.0000 0.0000 1.0000
1305031453.5237 0.0067 0.0249 -0.0431 0.0198 0.0236 0.0372 0.9988
1305031453.6277 0.0029 0.0420 -0.0847 0.0404 0.0298 0.0518 0.9974
1305031453.6917 -0.0086 0.0646 -0.1168 0.0569 0.0224 0.0473 0.9970
1305031453.8278 -0.0238 0.0828 -0.1666 0.0679 -0.0120 0.0239 0.9973
1305031453.9277 -0.0511 0.0976 -0.1898 0.0663 -0.0600 0.0067 0.9960
1305031453.9596 -0.0516 0.0952 -0.1913 0.0634 -0.0777 0.0007 0.9950
1305031453.9916 -0.0649 0.0969 -0.1884 0.0633 -0.0881 -0.0078 0.9941
1305031454.0277 -0.0786 0.1017 -0.1862 0.0659 -0.0998 -0.0130 0.9927
1305031454.0597 -0.0916 0.1064 -0.1886 0.0680 -0.1086 -0.0218 0.9915
1305031454.0917 -0.1126 0.1195 -0.1731 0.0733 -0.1173 -0.0285 0.9900
1305031454.1277 -0.1341 0.1290 -0.1694 0.0797 -0.1273 -0.0378 0.9879
1305031454.1597 -0.1543 0.1372 -0.1693 0.0823 -0.1375 -0.0457 0.9860
1305031454.1917 -0.1696 0.1398 -0.1642 0.0824 -0.1520 -0.0557 0.9834
1305031454.2277 -0.1865 0.1442 -0.1571 0.0871 -0.1663 -0.0717 0.9796
1305031454.2596 -0.1923 0.1388 -0.1695 0.0875 -0.1791 -0.0848 0.9763
1305031454.2916 -0.1980 0.1431 -0.1673 0.0878 -0.1879 -0.0937 0.9738
1305031454.3277 -0.2067 0.1428 -0.1676 0.0880 -0.1982 -0.1038 0.9707
1305031454.3596 -0.2168 0.1481 -0.1773 0.0937 -0.2068 -0.1171 0.9668
1305031454.3917 -0.2262 0.1531 -0.1787 0.0954 -0.2149 -0.1263 0.9637
1305031454.4275 -0.2394 0.1540 -0.1855 0.0953 -0.2241 -0.1363 0.9603
1305031454.4599 -0.2473 0.1574 -0.1846 0.0978 -0.2337 -0.1497 0.9557
1305031454.4916 -0.2541 0.1634 -0.1831 0.1007 -0.2381 -0.1628 0.9522
1305031454.5277 -0.2574 0.1672 -0.1807 0.1012 -0.2456 -0.1767 0.9477
1305031454.5596 -0.2636 0.1708 -0.1753 0.0992 -0.2534 -0.1873 0.9439
1305031454.5916 -0.2734 0.1766 -0.1778 0.0974 -0.2619 -0.2002 0.9391
1305031454.6276 -0.2828 0.1770 -0.1790 0.0942 -0.2730 -0.2109 0.9339
1305031454.6595 -0.2936 0.1956 -0.1715 0.0949 -0.2830 -0.2151 0.9299
1305031454.6919 -0.3099 0.2051 -0.1683 0.0908 -0.2925 -0.2203 0.9261
1305031454.7277 -0.3114 0.2119 -0.1693 0.0893 -0.3048 -0.2238 0.9214
1305031454.7597 -0.3100 0.2166 -0.1599 0.0864 -0.3129 -0.2200 0.9199
1305031454.7916 -0.3077 0.2160 -0.1509 0.0793 -0.3184 -0.2126 0.9204
1305031454.8276 -0.3057 0.2213 -0.1503 0.0757 -0.3195 -0.2073 0.9215
1305031454.8596 -0.3052 0.2202 -0.1408 0.0682 -0.3204 -0.2021 0.9229
1305031454.8918 -0.3052 0.2220 -0.1418 0.0637 -0.3168 -0.1974 0.9255
1305031454.9276 -0.3076 0.2322 -0.1332 0.0611 -0.3147 -0.1896 0.9281
1305031454.9596 -0.3085 0.2375 -0.1329 0.0579 -0.3117 -0.1847 0.9303
1305031454.9919 -0.3118 0.2414 -0.1359 0.0555 -0.3091 -0.1810 0.9320
1305031455.0278 -0.3134 0.2478 -0.1374 0.0554 -0.3084 -0.1788 0.9326
1305031455.0596 -0.3176 0.2520 -0.1391 0.0543 -0.3060 -0.1772 0.9338
1305031455.0917 -0.3218 0.2561 -0.1444 0.0553 -0.3027 -0.1770 0.9349
1305031455.1277 -0.3273 0.2662 -0.1505 0.0580 -0.2980 -0.1770 0.9362
1305031455.1597 -0.3351 0.2709 -0.1573 0.0569 -0.2933 -0.1746 0.9382
1305031455.1917 -0.3404 0.2745 -0.1560 0.0536 -0.2924 -0.1692 0.9397
1305031455.2276 -0.3454 0.2757 -0.1574 0.0517 -0.2913 -0.1653 0.9408
1305031455.2596 -0.3515 0.2875 -0.1598 0.0510 -0.2878 -0.1591 0.9430
1305031455.2918 -0.3604 0.2830 -0.1597 0.0387 -0.2850 -0.1496 0.9460
1305031455.3278 -0.3715 0.2912 -0.1662 0.0340 -0.2824 -0.1402 0.9484
1305031455.3596 -0.3784 0.3034 -0.1597 0.0283 -0.2825 -0.1298 0.9500
1305031455.3917 -0.3840 0.2996 -0.1545 0.0142 -0.2809 -0.1203 0.9521
1305031455.4276 -0.3970 0.3020 -0.1618 0.0074 -0.2747 -0.1118 0.9550
1305031455.4596 -0.4113 0.3025 -0.1704 0.0037 -0.2700 -0.1064 0.9570
1305031455.4916 -0.4227 0.3035 -0.1789 -0.0006 -0.2668 -0.0991 0.9586
1305031455.5276 -0.4384 0.3009 -0.1891 -0.0058 -0.2633 -0.0903 0.9605
1305031455.5597 -0.4583 0.3055 -0.2035 -0.0067 -0.2615 -0.0795 0.9619
1305031455.5916 -0.4718 0.3050 -0.2194 -0.0105 -0.2617 -0.0692 0.9626
1305031455.6276 -0.4905 0.3031 -0.2300 -0.0140 -0.2585 -0.0619 0.9639
1305031455.6596 -0.5023 0.3020 -0.2422 -0.0121 -0.2562 -0.0570 0.9649
1305031455.6916 -0.5172 0.3049 -0.2579 -0.0080 -0.2526 -0.0588 0.9658
1305031455.7276 -0.5258 0.3037 -0.2642 -0.0067 -0.2511 -0.0616 0.9660
1305031455.7597 -0.5320 0.3019 -0.2713 -0.0062 -0.2482 -0.0630 0.9666
1305031455.7917 -0.5364 0.2957 -0.2779 -0.0061 -0.2466 -0.0623 0.9671
1305031455.8276 -0.5420 0.2929 -0.2925 -0.0048 -0.2447 -0.0615 0.9676
1305031455.8595 -0.5495 0.2905 -0.3010 -0.0048 -0.2433 -0.0620 0.9679
1305031455.8917 -0.5524 0.2878 -0.3103 -0.0050 -0.2423 -0.0620 0.9682
1305031455.9280 -0.5574 0.2834 -0.3177 -0.0062 -0.2405 -0.0624 0.9686
1305031455.9597 -0.5621 0.2825 -0.3255 -0.0054 -0.2382 -0.0638 0.9691
1305031455.9917 -0.5654 0.2794 -0.3302 -0.0072 -0.2360 -0.0648 0.9696
1305031456.0278 -0.5703 0.2826 -0.3347 -0.0094 -0.2325 -0.0683 0.9701
1305031456.0597 -0.5795 0.2660 -0.3373 -0.0204 -0.2294 -0.0761 0.9701
1305031456.0917 -0.5871 0.2597 -0.3404 -0.0240 -0.2264 -0.0794 0.9705
1305031456.1276 -0.5919 0.2572 -0.3456 -0.0244 -0.2236 -0.0798 0.9711
1305031456.1597 -0.5954 0.2558 -0.3463 -0.0238 -0.2209 -0.0804 0.9717
1305031456.1917 -0.6008 0.2421 -0.3559 -0.0227 -0.2144 -0.0787 0.9733
1305031456.2277 -0.6096 0.2455 -0.3662 -0.0197 -0.2043 -0.0765 0.9757
1305031456.2917 -0.6210 0.2306 -0.3620 -0.0216 -0.1861 -0.0701 0.9798
1305031456.3277 -0.6279 0.2179 -0.3642 -0.0221 -0.1773 -0.0639 0.9818
1305031456.3916 -0.6325 0.2028 -0.3567 -0.0233 -0.1601 -0.0529 0.9854
1305031456.4277 -0.6383 0.1974 -0.3521 -0.0202 -0.1538 -0.0442 0.9869
1305031456.4917 -0.6815 0.2160 -0.3465 -0.0213 -0.1433 -0.0306 0.9890
1305031456.5276 -0.7035 0.2237 -0.3401 -0.0223 -0.1412 -0.0264 0.9894
1305031456.5917 -0.7265 0.2353 -0.3291 -0.0205 -0.1368 -0.0182 0.9902
1305031456.6276 -0.7331 0.2467 -0.3208 -0.0320 -0.1341 -0.0133 0.9904
1305031456.6916 -0.7715 0.2316 -0.3031 -0.0448 -0.1232 -0.0021 0.9914
1305031456.7916 -0.8291 0.2311 -0.2824 -0.0536 -0.1284 0.0202 0.9901
1305031457.0276 -0.9121 0.2581 -0.2377 -0.0673 -0.1107 0.0558 0.9900
1305031457.1917 -0.9714 0.2574 -0.2536 -0.0822 -0.0781 0.0819 0.9902
1305031457.2917 -0.9996 0.2426 -0.2765 -0.0803 -0.0576 0.1016 0.9899
1305031457.3917 -1.0354 0.2308 -0.3090 -0.0757 -0.0240 0.1205 0.9895
1305031457.4917 -1.0705 0.2110 -0.3462 -0.0752 -0.0106 0.1380 0.9875
1305031457.5597 -1.0889 0.2051 -0.3728 -0.0662 -0.0023 0.1473 0.9869
1305031457.6596 -1.1267 0.1926 -0.4113 -0.0598 0.0082 0.1606 0.9852
1305031457.7277 -1.1505 0.1591 -0.4230 -0.0713 0.0120 0.1598 0.9845
1305031457.7916 -1.1573 0.1357 -0.4368 -0.0621 0.0160 0.1595 0.9851
1305031457.8277 -1.1685 0.1424 -0.4535 -0.0482 0.0233 0.1607 0.9855
1305031457.8916 -1.1930 0.1217 -0.4604 -0.0377 0.0400 0.1609 0.9854
1305031457.9276 -1.2086 0.1162 -0.4708 -0.0244 0.0460 0.1651 0.9849
1305031457.9916 -1.2318 0.0999 -0.4752 -0.0124 0.0491 0.1709 0.9840
1305031458.0278 -1.2345 0.0862 -0.4760 -0.0040 0.0519 0.1729 0.9836
1305031458.0597 -1.2474 0.0889 -0.4846 0.0041 0.0565 0.1752 0.9829
1305031458.1276 -1.2628 0.0744 -0.4811 0.0004 0.0612 0.1767 0.9824
1305031458.1596 -1.2732 0.0614 -0.4856 -0.0010 0.0630 0.1784 0.9819
1305031458.1916 -1.2939 0.0606 -0.4739 0.0005 0.0647 0.1823 0.9811
1305031458.2276 -1.3074 0.0520 -0.4532 -0.0057 0.0629 0.1834 0.9810
1305031458.2599 -1.3227 0.0257 -0.4408 -0.0100 0.0619 0.1804 0.9816
1305031458.2917 -1.3484 0.0216 -0.4329 -0.0006 0.0603 0.1822 0.9814
1305031458.3276 -1.3642 0.0126 -0.4207 0.0001 0.0544 0.1832 0.9816
1305031458.3596 -1.3711 -0.0085 -0.4051 0.0048 0.0513 0.1873 0.9809
1305031458.3916 -1.3902 -0.0005 -0.3884 0.0206 0.0504 0.1917 0.9799
1305031458.4276 -1.3968 0.0051 -0.3667 0.0303 0.0495 0.2031 0.9774
1305031458.4596 -1.3955 0.0003 -0.3588 0.0418 0.0517 0.2099 0.9755
1305031458.4917 -1.3930 -0.0116 -0.3479 0.0573 0.0597 0.2117 0.9738
1305031458.5277 -1.4049 -0.0090 -0.3479 0.0729 0.0687 0.2100 0.9725
1305031458.5596 -1.4155 -0.0069 -0.3420 0.0778 0.0762 0.2080 0.9720
1305031458.5916 -1.4327 -0.0103 -0.3287 0.0858 0.0839 0.1996 0.9725
1305031458.6277 -1.4473 0.0045 -0.3089 0.0916 0.0857 0.1966 0.9724
1305031458.6596 -1.4683 0.0013 -0.2895 0.0868 0.0846 0.1974 0.9728
1305031458.6917 -1.4775 -0.0051 -0.2701 0.0812 0.0710 0.1873 0.9764
1305031458.7276 -1.4792 -0.0059 -0.2459 0.0830 0.0576 0.1812 0.9782
1305031458.7599 -1.4895 -0.0075 -0.2323 0.0883 0.0448 0.1720 0.9801
1305031458.7916 -1.4849 0.0024 -0.2138 0.0920 0.0268 0.1637 0.9819
1305031458.8276 -1.4741 -0.0036 -0.1883 0.0855 0.0143 0.1634 0.9828
1305031458.8917 -1.4751 -0.0072 -0.1720 0.0927 0.0113 0.1503 0.9842
1305031458.9276 -1.4815 -0.0040 -0.1696 0.0925 0.0162 0.1525 0.9838
1305031458.9596 -1.4789 -0.0142 -0.1631 0.0813 0.0168 0.1633 0.9831
1305031458.9916 -1.4794 -0.0308 -0.1639 0.0792 0.0181 0.1674 0.9825
1305031459.0277 -1.5042 -0.0243 -0.1598 0.0945 0.0184 0.1643 0.9817
1305031459.0596 -1.5226 -0.0353 -0.1579 0.1004 0.0117 0.1745 0.9795
1305031459.1276 -1.5291 0.0308 -0.1383 0.1115 0.0177 0.1485 0.9825
1305031459.1596 -1.5403 0.0346 -0.1348 0.1213 -0.0090 0.1483 0.9814
1305031459.1917 -1.5524 0.0340 -0.1297 0.1270 -0.0264 0.1514 0.9799
1305031459.2276 -1.5561 0.0360 -0.1184 0.1300 -0.0417 0.1603 0.9776
1305031459.2598 -1.5573 0.0382 -0.1028 0.1298 -0.0454 0.1669 0.9763
1305031459.3276 -1.5697 0.0466 -0.0783 0.1247 -0.0165 0.1919 0.9733
1305031459.3597 -1.5765 0.0511 -0.0756 0.1259 0.0054 0.2138 0.9687
1305031459.3917 -1.5899 0.0648 -0.0705 0.1214 0.0301 0.2362 0.9636
1305031459.4276 -1.5768 0.0716 -0.0541 0.1062 0.0558 0.2701 0.9553
1305031459.4597 -1.5845 0.0719 -0.0503 0.0997 0.0886 0.3101 0.9413
1305031459.5276 -1.4870 0.2142 0.0304 0.1247 0.0464 0.3480 0.9280
1305031459.5596 -1.4984 0.2016 0.0206 0.1103 0.0607 0.3716 0.9198
1305031459.5917 -1.5094 0.1993 0.0205 0.1034 0.0649 0.3915 0.9121
1305031459.6276 -1.5152 0.1970 0.0250 0.0987 0.0643 0.4021 0.9080
1305031459.6596 -1.5221 0.1976 0.0280 0.0991 0.0687 0.4031 0.9072
1305031459.6916 -1.5377 0.1923 0.0264 0.0940 0.0797 0.4084 0.9045
1305031459.7276 -1.5418 0.1773 0.0215 0.0855 0.0843 0.4117 0.9034
1305031459.7917 -1.5685 0.1475 0.0103 0.0831 0.0919 0.4093 0.9039
1305031459.8277 -1.5822 0.1307 0.0080 0.0806 0.0935 0.4091 0.9041
1305031459.8597 -1.6035 0.1171 0.0079 0.0785 0.0955 0.4069 0.9051
1305031459.8916 -1.6080 0.0952 0.0078 0.0713 0.0898 0.4122 0.9038
1305031459.9276 -1.6177 0.0767 0.0078 0.0685 0.0883 0.4144 0.9032
1305031459.9917 -1.6362 0.0457 0.0117 0.0617 0.0854 0.4223 0.9003
1305031460.0276 -1.6444 0.0315 0.0142 0.0601 0.0867 0.4248 0.8991
1305031460.0597 -1.6551 0.0098 0.0117 0.0571 0.0883 0.4278 0.8977
1305031460.0917 -1.6683 -0.0124 0.0072 0.0562 0.0854 0.4333 0.8955
1305031460.1277 -1.6749 -0.0237 0.0113 0.0610 0.0766 0.4388 0.8932
1305031460.1597 -1.6853 -0.0337 0.0126 0.0663 0.0693 0.4431 0.8913
1305031460.1916 -1.6866 -0.0445 0.0212 0.0650 0.0622 0.4500 0.8885
1305031460.2278 -1.6884 -0.0455 0.0278 0.0674 0.0624 0.4499 0.8884
1305031460.2917 -1.6915 -0.0676 0.0280 0.0688 0.0777 0.4536 0.8851
1305031460.3275 -1.6961 -0.0702 0.0300 0.0722 0.0836 0.4538 0.8843
1305031460.3916 -1.7032 -0.0797 0.0422 0.0692 0.1026 0.4602 0.8792
1305031460.4275 -1.7033 -0.0845 0.0447 0.0680 0.1094 0.4653 0.8757
1305031460.4596 -1.7024 -0.0857 0.0486 0.0650 0.1202 0.4693 0.8724
1305031460.4915 -1.7069 -0.0928 0.0478 0.0577 0.1337 0.4737 0.8686
1305031460.5276 -1.7091 -0.1074 0.0482 0.0477 0.1456 0.4804 0.8636
1305031460.5596 -1.7100 -0.1171 0.0495 0.0411 0.1543 0.4834 0.8607
1305031460.5919 -1.7138 -0.1251 0.0540 0.0377 0.1624 0.4837 0.8592
1305031460.6276 -1.7169 -0.1318 0.0564 0.0356 0.1693 0.4854 0.8570
1305031460.6598 -1.7221 -0.1387 0.0592 0.0345 0.1756 0.4841 0.8565
1305031460.6917 -1.7252 -0.1460 0.0597 0.0321 0.1781 0.4852 0.8555
1305031460.7277 -1.7258 -0.1506 0.0627 0.0298 0.1789 0.4852 0.8554
1305031460.7597 -1.7270 -0.1551 0.0656 0.0288 0.1817 0.4834 0.8558
1305031460.7917 -1.7312 -0.1639 0.0668 0.0266 0.1848 0.4832 0.8554
1305031460.8277 -1.7328 -0.1701 0.0708 0.0239 0.1857 0.4816 0.8561
1305031460.8597 -1.7332 -0.1764 0.0753 0.0202 0.1882 0.4802 0.8565
1305031460.8918 -1.7333 -0.1842 0.0781 0.0159 0.1907 0.4789 0.8568
1305031460.9276 -1.7354 -0.1947 0.0838 0.0118 0.1930 0.4784 0.8566
1305031460.9917 -1.7288 -0.2139 0.0910 0.0088 0.1952 0.4814 0.8544
1305031461.0276 -1.7287 -0.2227 0.0963 0.0096 0.1971 0.4828 0.8532
1305031461.0917 -1.7365 -0.2320 0.1107 0.0158 0.1957 0.4809 0.8545
1305031461.1276 -1.7335 -0.2387 0.1179 0.0147 0.1960 0.4796 0.8552
1305031461.1597 -1.7317 -0.2495 0.1245 0.0163 0.1985 0.4789 0.8549
1305031461.1920 -1.7336 -0.2561 0.1294 0.0180 0.2007 0.4752 0.8565
1305031461.2276 -1.7304 -0.2580 0.1331 0.0188 0.2003 0.4742 0.8571
1305031461.2596 -1.7301 -0.2640 0.1366 0.0202 0.2013 0.4715 0.8583
1305031461.2917 -1.7299 -0.2715 0.1415 0.0210 0.2039 0.4671 0.8601
1305031461.3278 -1.7285 -0.2695 0.1449 0.0238 0.2048 0.4637 0.8617
1305031461.3597 -1.7308 -0.2677 0.1519 0.0228 0.2082 0.4608 0.8624
1305031461.3917 -1.7258 -0.2760 0.1572 0.0166 0.2084 0.4605 0.8627
1305031461.4276 -1.7209 -0.2760 0.1594 0.0169 0.2074 0.4593 0.8636
1305031461.4598 -1.7230 -0.2768 0.1646 0.0151 0.2090 0.4594 0.8632
1305031461.4917 -1.7148 -0.2807 0.1667 0.0125 0.2081 0.4606 0.8628
1305031461.5277 -1.7115 -0.2790 0.1646 0.0171 0.2079 0.4589 0.8636
1305031461.5597 -1.7058 -0.2717 0.1655 0.0182 0.2076 0.4561 0.8652
1305031461.5917 -1.7000 -0.2672 0.1560 0.0171 0.2128 0.4533 0.8654
1305031461.6275 -1.6975 -0.2575 0.1578 0.0168 0.2174 0.4526 0.8646
1305031461.6596 -1.6981 -0.2547 0.1587 0.0150 0.2236 0.4508 0.8640
1305031461.6916 -1.6994 -0.2516 0.1604 0.0130 0.2274 0.4550 0.8609
1305031461.7276 -1.6919 -0.2452 0.1615 0.0107 0.2264 0.4591 0.8590
1305031461.7597 -1.6911 -0.2364 0.1593 0.0109 0.2284 0.4597 0.8581
1305031461.7916 -1.6881 -0.2278 0.1596 0.0072 0.2319 0.4642 0.8548
1305031461.8276 -1.6809 -0.2164 0.1543 0.0048 0.2342 0.4678 0.8523
1305031461.8598 -1.6845 -0.2042 0.1537 0.0039 0.2405 0.4731 0.8475
1305031461.8917 -1.6865 -0.1931 0.1589 -0.0029 0.2432 0.4857 0.8396
1305031461.9278 -1.6768 -0.1793 0.1627 -0.0098 0.2376 0.4962 0.8350
1305031461.9597 -1.6710 -0.1596 0.1557 -0.0125 0.2391 0.4961 0.8346
1305031461.9916 -1.6773 -0.1468 0.1516 -0.0224 0.2443 0.5041 0.8281
1305031462.0277 -1.6836 -0.1441 0.1646 -0.0347 0.2479 0.5117 0.8219
1305031462.0598 -1.6835 -0.1339 0.1645 -0.0396 0.2395 0.5230 0.8171
1305031462.0918 -1.6802 -0.1213 0.1628 -0.0423 0.2302 0.5353 0.8116
1305031462.1277 -1.6760 -0.1144 0.1646 -0.0492 0.2251 0.5459 0.8055
1305031462.1596 -1.6787 -0.0903 0.1597 -0.0451 0.2163 0.5521 0.8040
1305031462.1916 -1.6811 -0.0873 0.1617 -0.0494 0.2166 0.5505 0.8047
1305031462.2276 -1.6922 -0.0662 0.1612 -0.0475 0.2145 0.5483 0.8069
1305031462.2598 -1.6943 -0.0755 0.1652 -0.0618 0.2161 0.5439 0.8085
1305031462.2916 -1.7005 -0.0687 0.1667 -0.0673 0.2128 0.5391 0.8122
1305031462.3597 -1.7177 -0.0458 0.1766 -0.0739 0.2103 0.5252 0.8213
1305031462.4599 -1.7602 -0.0054 0.1983 -0.0838 0.1972 0.5061 0.8354
1305031462.6597 -1.7806 -0.0064 0.1945 -0.1192 0.1691 0.4626 0.8621
1305031462.7919 -1.7861 -0.0176 0.1852 -0.1364 0.1517 0.4229 0.8829
1305031462.9276 -1.7805 0.0198 0.1497 -0.1400 0.1387 0.3988 0.8956
1305031463.0277 -1.7674 0.0488 0.1308 -0.1270 0.1278 0.3900 0.9030
1305031463.0598 -1.7648 0.0436 0.1134 -0.1272 0.1259 0.3810 0.9071
1305031463.1598 -1.7559 0.0813 0.0842 -0.1076 0.1197 0.3533 0.9216
1305031463.2600 -1.7358 0.1154 0.0655 -0.0967 0.1156 0.3394 0.9285
1305031463.3598 -1.7139 0.1452 0.0422 -0.0830 0.1066 0.3290 0.9346
1305031463.4598 -1.6870 0.1743 0.0190 -0.0747 0.1035 0.3204 0.9387
1305031463.5277 -1.6651 0.1963 0.0087 -0.0736 0.1115 0.3156 0.9395
1305031463.6276 -1.6204 0.2216 -0.0150 -0.0669 0.1079 0.3104 0.9421
1305031463.6956 -1.5933 0.2313 -0.0421 -0.0563 0.1098 0.3051 0.9443
1305031463.7597 -1.5535 0.2362 -0.0597 -0.0505 0.1110 0.2978 0.9468
1305031463.7956 -1.5268 0.2390 -0.0825 -0.0461 0.1070 0.2888 0.9503
1305031463.8599 -1.4901 0.2305 -0.1066 -0.0453 0.1105 0.2681 0.9560
1305031463.8956 -1.4712 0.2325 -0.1296 -0.0392 0.1086 0.2584 0.9591
1305031463.9597 -1.4345 0.2274 -0.1565 -0.0355 0.0999 0.2467 0.9633
1305031463.9958 -1.4256 0.2245 -0.1698 -0.0290 0.0995 0.2403 0.9651
1305031464.0277 -1.4179 0.2195 -0.1834 -0.0283 0.0991 0.2300 0.9677
1305031464.0597 -1.4014 0.2121 -0.1932 -0.0284 0.0980 0.2181 0.9706
1305031464.0956 -1.3930 0.2042 -0.2123 -0.0232 0.1003 0.2090 0.9725
1305031464.1277 -1.3934 0.1976 -0.2234 -0.0212 0.1025 0.2032 0.9735
1305031464.1598 -1.3817 0.1863 -0.2332 -0.0175 0.0987 0.2021 0.9742
1305031464.1956 -1.3727 0.1778 -0.2510 -0.0068 0.0925 0.1992 0.9756
1305031464.2276 -1.3703 0.1962 -0.2635 0.0131 0.0826 0.1928 0.9777
1305031464.2596 -1.3790 0.1994 -0.2666 0.0206 0.0724 0.1913 0.9786
1305031464.2957 -1.3731 0.2040 -0.2692 0.0261 0.0565 0.1859 0.9806
1305031464.3279 -1.3485 0.2058 -0.2783 0.0282 0.0387 0.1813 0.9823
1305031464.3597 -1.3418 0.2026 -0.2877 0.0315 0.0327 0.1761 0.9833
1305031464.3956 -1.3331 0.1990 -0.2946 0.0357 0.0300 0.1660 0.9850
1305031464.4276 -1.3247 0.2036 -0.3084 0.0388 0.0304 0.1576 0.9863
1305031464.4597 -1.3191 0.1976 -0.3226 0.0404 0.0305 0.1499 0.9874
1305031464.4956 -1.3058 0.1958 -0.3333 0.0416 0.0286 0.1450 0.9881
1305031464.5276 -1.2999 0.1961 -0.3551 0.0434 0.0304 0.1364 0.9892
1305031464.5597 -1.2826 0.1940 -0.3634 0.0418 0.0278 0.1286 0.9904
1305031464.5957 -1.2595 0.1862 -0.3815 0.0453 0.0309 0.1144 0.9919
1305031464.6277 -1.2449 0.1826 -0.3975 0.0565 0.0431 0.1089 0.9915
1305031464.6597 -1.2348 0.1730 -0.4132 0.0658 0.0568 0.1000 0.9912
1305031464.6957 -1.2162 0.1575 -0.4297 0.0776 0.0670 0.0874 0.9909
1305031464.7277 -1.2182 0.1593 -0.4340 0.0983 0.0757 0.0713 0.9897
1305031464.7597 -1.2208 0.1666 -0.4352 0.1141 0.0783 0.0537 0.9889
1305031464.7960 -1.2221 0.1616 -0.4430 0.1219 0.0762 0.0345 0.9890
1305031464.8278 -1.2183 0.1638 -0.4395 0.1366 0.0641 0.0220 0.9883
1305031464.8597 -1.2233 0.1857 -0.4188 0.1500 0.0516 0.0032 0.9873
1305031464.8958 -1.2076 0.1820 -0.4050 0.1497 0.0358 -0.0145 0.9880
1305031464.9278 -1.1759 0.1576 -0.4110 0.1449 0.0210 -0.0355 0.9886
1305031464.9598 -1.1646 0.1431 -0.4113 0.1473 0.0168 -0.0522 0.9876
1305031464.9957 -1.1644 0.1535 -0.3948 0.1575 0.0194 -0.0703 0.9848
1305031465.0278 -1.1650 0.1544 -0.3861 0.1625 0.0224 -0.0889 0.9824
1305031465.0597 -1.1741 0.1704 -0.3619 0.1726 0.0224 -0.1087 0.9787
1305031465.0957 -1.1519 0.1983 -0.3418 0.1725 0.0094 -0.1257 0.9769
1305031465.1277 -1.1355 0.2060 -0.3076 0.1582 -0.0028 -0.1399 0.9774
1305031465.1598 -1.1284 0.2051 -0.2838 0.1415 -0.0135 -0.1490 0.9786
1305031465.1956 -1.1107 0.1900 -0.2616 0.1259 -0.0250 -0.1609 0.9786
1305031465.2279 -1.1011 0.1907 -0.2370 0.1135 -0.0317 -0.1688 0.9786
1305031465.2598 -1.0966 0.1877 -0.2083 0.1006 -0.0386 -0.1710 0.9794
1305031465.3277 -1.0819 0.2021 -0.1756 0.0867 -0.0582 -0.1552 0.9823
1305031465.3956 -1.0474 0.2005 -0.1417 0.0789 -0.0949 -0.1363 0.9830
1305031465.4277 -1.0214 0.1986 -0.1358 0.0784 -0.1094 -0.1291 0.9824
1305031465.4601 -1.0060 0.2070 -0.1309 0.0798 -0.1190 -0.1201 0.9824
1305031465.4957 -0.9896 0.2144 -0.1286 0.0765 -0.1267 -0.1112 0.9827
1305031465.5276 -0.9735 0.2117 -0.1233 0.0739 -0.1349 -0.1094 0.9820
1305031465.5598 -0.9558 0.2183 -0.1215 0.0783 -0.1421 -0.1055 0.9811
1305031465.5956 -0.9357 0.2232 -0.1199 0.0805 -0.1476 -0.0995 0.9807
1305031465.6277 -0.9254 0.2311 -0.1174 0.0829 -0.1506 -0.0934 0.9807
1305031465.6601 -0.9122 0.2338 -0.1159 0.0837 -0.1577 -0.0887 0.9799
1305031465.6957 -0.8882 0.2407 -0.1096 0.0870 -0.1665 -0.0835 0.9786
1305031465.7277 -0.8738 0.2506 -0.1084 0.0916 -0.1695 -0.0766 0.9783
1305031465.7598 -0.8548 0.2599 -0.1088 0.0955 -0.1741 -0.0696 0.9776
1305031465.7959 -0.8378 0.2676 -0.1076 0.0980 -0.1767 -0.0660 0.9771
1305031465.8280 -0.8190 0.2726 -0.1045 0.1026 -0.1809 -0.0612 0.9762
1305031465.8599 -0.7945 0.2913 -0.1095 0.1122 -0.1835 -0.0566 0.9749
1305031465.8955 -0.7715 0.3041 -0.1110 0.1150 -0.1771 -0.0541 0.9759
1305031465.9275 -0.7488 0.3053 -0.1020 0.1175 -0.1720 -0.0521 0.9767
1305031465.9597 -0.7237 0.3207 -0.1032 0.1277 -0.1657 -0.0517 0.9765
1305031465.9958 -0.7017 0.3305 -0.0977 0.1332 -0.1615 -0.0522 0.9764
1305031466.0276 -0.6816 0.3425 -0.1033 0.1368 -0.1607 -0.0533 0.9760
1305031466.0598 -0.6548 0.3666 -0.0919 0.1375 -0.1624 -0.0505 0.9758
1305031466.0958 -0.6427 0.3867 -0.0994 0.1343 -0.1618 -0.0510 0.9763
1305031466.1276 -0.6279 0.4062 -0.0972 0.1298 -0.1657 -0.0509 0.9763
1305031466.1604 -0.6174 0.4274 -0.0964 0.1270 -0.1689 -0.0496 0.9762
1305031466.1958 -0.6039 0.4428 -0.1024 0.1185 -0.1755 -0.0472 0.9762
1305031466.2280 -0.5827 0.4410 -0.0991 0.1028 -0.1857 -0.0526 0.9758
1305031466.2598 -0.5666 0.4393 -0.1005 0.1008 -0.1884 -0.0585 0.9752
1305031466.2957 -0.5396 0.4476 -0.1024 0.1054 -0.1865 -0.0685 0.9744
1305031466.3277 -0.5180 0.4548 -0.1080 0.1071 -0.1787 -0.0761 0.9751
1305031466.3598 -0.5083 0.4667 -0.1150 0.1064 -0.1668 -0.0843 0.9766
1305031466.3958 -0.4928 0.4583 -0.1243 0.1039 -0.1651 -0.0862 0.9770
1305031466.4278 -0.4807 0.4667 -0.1310 0.1095 -0.1668 -0.0891 0.9758
1305031466.4598 -0.4688 0.4741 -0.1401 0.1095 -0.1691 -0.0911 0.9752
1305031466.4958 -0.4507 0.4812 -0.1423 0.1070 -0.1723 -0.0922 0.9749
1305031466.5275 -0.4272 0.4767 -0.1502 0.1040 -0.1715 -0.0918 0.9754
1305031466.5604 -0.4071 0.4898 -0.1536 0.1063 -0.1672 -0.0929 0.9758
1305031466.5959 -0.3803 0.4955 -0.1506 0.0974 -0.1689 -0.0981 0.9759
1305031466.6275 -0.3630 0.4778 -0.1523 0.0894 -0.1654 -0.1022 0.9768
1305031466.6597 -0.3414 0.4789 -0.1515 0.0948 -0.1634 -0.1067 0.9762
1305031466.6958 -0.3217 0.4912 -0.1535 0.0979 -0.1641 -0.1123 0.9751
1305031466.7281 -0.3085 0.4939 -0.1512 0.0942 -0.1634 -0.1259 0.9739
1305031466.7596 -0.2830 0.4806 -0.1507 0.0932 -0.1661 -0.1305 0.9730
1305031466.7956 -0.2686 0.4830 -0.1577 0.0969 -0.1670 -0.1340 0.9720
1305031466.8279 -0.2553 0.4896 -0.1566 0.0964 -0.1697 -0.1356 0.9713
1305031466.8597 -0.2498 0.4864 -0.1557 0.0945 -0.1722 -0.1363 0.9710
1305031466.8957 -0.2312 0.4812 -0.1576 0.0936 -0.1854 -0.1356 0.9688
1305031466.9278 -0.2179 0.4768 -0.1622 0.0915 -0.1977 -0.1390 0.9660
1305031466.9597 -0.2082 0.4720 -0.1624 0.0906 -0.2031 -0.1419 0.9646
1305031466.9957 -0.1982 0.4696 -0.1668 0.0903 -0.2051 -0.1438 0.9639
1305031467.0278 -0.1878 0.4660 -0.1681 0.0897 -0.2072 -0.1466 0.9631
1305031467.0597 -0.1735 0.4644 -0.1705 0.0897 -0.2094 -0.1477 0.9624
1305031467.0957 -0.1624 0.4708 -0.1665 0.0907 -0.2101 -0.1504 0.9618
1305031467.1290 -0.1562 0.4690 -0.1641 0.0910 -0.2107 -0.1576 0.9605
1305031467.1597 -0.1478 0.4670 -0.1636 0.0921 -0.2122 -0.1625 0.9592
1305031467.1957 -0.1418 0.4672 -0.1646 0.0928 -0.2141 -0.1661 0.9581
1305031467.2277 -0.1328 0.4671 -0.1645 0.0939 -0.2180 -0.1699 0.9565
1305031467.2597 -0.1260 0.4685 -0.1631 0.0954 -0.2206 -0.1724 0.9552
1305031467.2958 -0.1182 0.4692 -0.1649 0.0970 -0.2230 -0.1775 0.9536
1305031467.3280 -0.1080 0.4699 -0.1674 0.0981 -0.2259 -0.1811 0.9521
1305031467.3597 -0.0950 0.4747 -0.1702 0.0975 -0.2302 -0.1830 0.9508
1305031467.3958 -0.0834 0.4820 -0.1627 0.0962 -0.2356 -0.1879 0.9486
1305031467.4278 -0.0754 0.4817 -0.1667 0.0958 -0.2376 -0.1912 0.9475
1305031467.4597 -0.0611 0.4776 -0.1677 0.0945 -0.2434 -0.1919 0.9460
1305031467.4961 -0.0452 0.4970 -0.1695 0.0971 -0.2476 -0.1974 0.9436
1305031467.5277 -0.0292 0.4930 -0.1664 0.0948 -0.2510 -0.2025 0.9418
1305031467.5598 -0.0218 0.4908 -0.1628 0.0948 -0.2516 -0.2038 0.9414
1305031467.5960 -0.0121 0.4873 -0.1662 0.0935 -0.2532 -0.2020 0.9415
1305031467.6275 -0.0073 0.4886 -0.1576 0.0955 -0.2563 -0.1992 0.9410
1305031467.6596 -0.0020 0.4847 -0.1580 0.0995 -0.2589 -0.1985 0.9400
1305031467.6959 0.0021 0.4783 -0.1629 0.0996 -0.2593 -0.2005 0.9395
1305031467.7275 0.0057 0.4729 -0.1562 0.1035 -0.2602 -0.2056 0.9377
1305031467.7599 0.0066 0.4749 -0.1540 0.1105 -0.2600 -0.2082 0.9364
1305031467.7961 0.0060 0.4769 -0.1523 0.1145 -0.2595 -0.2102 0.9356
1305031467.8278 0.0017 0.4745 -0.1442 0.1195 -0.2589 -0.2112 0.9349
1305031467.8597 0.0091 0.4784 -0.1361 0.1301 -0.2635 -0.2066 0.9332
1305031467.8959 0.0141 0.4674 -0.1359 0.1317 -0.2678 -0.2067 0.9318
1305031467.9278 0.0116 0.4583 -0.1178 0.1344 -0.2731 -0.2100 0.9291
1305031467.9598 0.0184 0.4435 -0.1129 0.1394 -0.2779 -0.2121 0.9265
1305031467.9958 0.0229 0.4434 -0.1087 0.1420 -0.2786 -0.2133 0.9256
1305031468.0281 0.0226 0.4369 -0.0930 0.1424 -0.2789 -0.2156 0.9249
1305031468.0598 0.0201 0.4155 -0.0883 0.1443 -0.2797 -0.2197 0.9234
1305031468.0959 0.0209 0.4114 -0.0823 0.1461 -0.2812 -0.2214 0.9222
1305031468.1278 0.0223 0.4029 -0.0698 0.1454 -0.2831 -0.2219 0.9217
1305031468.1599 0.0213 0.3926 -0.0591 0.1465 -0.2844 -0.2236 0.9207
1305031468.1960 0.0252 0.3854 -0.0448 0.1477 -0.2852 -0.2267 0.9195
1305031468.2282 0.0293 0.3732 -0.0274 0.1470 -0.2858 -0.2267 0.9194
1305031468.2598 0.0352 0.3581 -0.0043 0.1469 -0.2880 -0.2256 0.9190
1305031468.2958 0.0365 0.3476 0.0076 0.1479 -0.2851 -0.2264 0.9196
1305031468.3278 0.0419 0.3243 0.0245 0.1481 -0.2859 -0.2259 0.9194
1305031468.3598 0.0489 0.3090 0.0428 0.1513 -0.2869 -0.2212 0.9197
1305031468.4598 0.0526 0.2550 0.0697 0.1437 -0.2881 -0.2171 0.9215
1305031468.5278 0.0457 0.2234 0.0937 0.1436 -0.2865 -0.2219 0.9209
1305031468.5597 0.0384 0.2017 0.0849 0.1484 -0.2843 -0.2315 0.9185
1305031468.6596 0.0177 0.1652 0.0812 0.1471 -0.2846 -0.2402 0.9163
1305031468.6958 0.0024 0.1467 0.0805 0.1503 -0.2873 -0.2458 0.9135
1305031468.7278 -0.0051 0.1365 0.0813 0.1556 -0.2918 -0.2462 0.9111
1305031468.7958 -0.0210 0.1113 0.0849 0.1627 -0.2970 -0.2505 0.9070
1305031468.8292 -0.0283 0.0943 0.0707 0.1692 -0.2961 -0.2569 0.9043
1305031468.9596 -0.0375 0.0725 0.0797 0.1643 -0.2806 -0.2568 0.9101
1305031469.0277 -0.0472 0.0727 0.0864 0.1353 -0.2700 -0.2693 0.9145
1305031469.1277 -0.0586 0.0450 0.1166 0.1013 -0.2601 -0.2983 0.9127
1305031469.1955 -0.0642 0.0245 0.1349 0.0840 -0.2431 -0.3068 0.9163
1305031469.2596 -0.0750 0.0117 0.1623 0.0746 -0.2359 -0.3145 0.9164
1305031469.2968 -0.0812 0.0045 0.1718 0.0695 -0.2320 -0.3166 0.9171
1305031469.3276 -0.0854 0.0008 0.1836 0.0647 -0.2297 -0.3175 0.9177
1305031469.3596 -0.0855 -0.0092 0.2006 0.0566 -0.2275 -0.3226 0.9171
1305031469.3957 -0.0892 -0.0145 0.2153 0.0570 -0.2160 -0.3270 0.9182
1305031469.4277 -0.0873 -0.0188 0.2303 0.0588 -0.2069 -0.3321 0.9184
1305031469.4597 -0.0904 -0.0336 0.2434 0.0542 -0.1995 -0.3392 0.9177
1305031469.4957 -0.0954 -0.0269 0.2528 0.0555 -0.1957 -0.3408 0.9179
1305031469.5276 -0.0931 -0.0230 0.2690 0.0534 -0.1991 -0.3397 0.9176
1305031469.5596 -0.1001 -0.0209 0.2805 0.0459 -0.1978 -0.3397 0.9183
1305031469.6596 -0.1144 -0.0031 0.3252 0.0223 -0.1910 -0.3404 0.9204
1305031469.7596 -0.1313 0.0391 0.3583 0.0108 -0.1739 -0.3322 0.9270
1305031469.9279 -0.1756 0.1097 0.4133 -0.0152 -0.1753 -0.3228 0.9300
1305031470.0959 -0.2294 0.1921 0.4373 -0.0232 -0.1784 -0.3115 0.9330
1305031470.2600 -0.2820 0.2646 0.4353 -0.0420 -0.1809 -0.2986 0.9361
1305031470.4276 -0.3412 0.3387 0.4365 -0.0579 -0.1842 -0.2831 0.9395
1305031470.5958 -0.3945 0.3818 0.4194 -0.0578 -0.1884 -0.2768 0.9405
1305031470.8278 -0.4627 0.4286 0.4118 -0.0587 -0.1811 -0.2501 0.9493
1305031470.8596 -0.4733 0.4269 0.4072 -0.0586 -0.1806 -0.2464 0.9504
1305031470.8957 -0.4808 0.4324 0.4034 -0.0549 -0.1822 -0.2395 0.9521
1305031470.9277 -0.4886 0.4392 0.4032 -0.0479 -0.1875 -0.2335 0.9529
1305031470.9596 -0.5006 0.4450 0.3989 -0.0345 -0.1887 -0.2306 0.9540
1305031470.9960 -0.5013 0.4425 0.3934 -0.0273 -0.1932 -0.2280 0.9539
1305031471.0276 -0.5051 0.4436 0.3903 -0.0159 -0.1946 -0.2240 0.9548
1305031471.0596 -0.5098 0.4427 0.3865 -0.0058 -0.1950 -0.2190 0.9560
1305031471.0958 -0.5184 0.4524 0.3799 0.0093 -0.1920 -0.2129 0.9580
1305031471.1277 -0.5238 0.4528 0.3759 0.0148 -0.1942 -0.2023 0.9598
1305031471.1596 -0.5234 0.4586 0.3736 0.0236 -0.1969 -0.1937 0.9608
1305031471.1957 -0.5256 0.4599 0.3722 0.0257 -0.1967 -0.1900 0.9616
1305031471.2276 -0.5291 0.4602 0.3704 0.0254 -0.1956 -0.1863 0.9625
1305031471.2597 -0.5328 0.4599 0.3690 0.0250 -0.1947 -0.1844 0.9631
1305031471.2961 -0.5358 0.4578 0.3690 0.0245 -0.1947 -0.1814 0.9636
1305031471.3276 -0.5346 0.4611 0.3688 0.0298 -0.1944 -0.1774 0.9643
1305031471.3596 -0.5362 0.4619 0.3662 0.0303 -0.1893 -0.1749 0.9657
1305031471.3957 -0.5409 0.4578 0.3654 0.0282 -0.1856 -0.1716 0.9671
1305031471.4277 -0.5450 0.4604 0.3605 0.0320 -0.1835 -0.1653 0.9685
1305031471.4965 -0.5545 0.4599 0.3519 0.0288 -0.1815 -0.1591 0.9700
1305031471.5276 -0.5568 0.4604 0.3499 0.0285 -0.1810 -0.1566 0.9705
1305031471.5597 -0.5568 0.4614 0.3481 0.0287 -0.1806 -0.1556 0.9707
1305031471.5957 -0.5580 0.4599 0.3466 0.0273 -0.1785 -0.1547 0.9713
1305031471.6276 -0.5597 0.4626 0.3442 0.0292 -0.1751 -0.1538 0.9720
1305031471.6956 -0.5593 0.4614 0.3352 0.0296 -0.1717 -0.1505 0.9731
1305031471.8956 -0.5601 0.4619 0.3239 0.0071 -0.1528 -0.1145 0.9816
1305031472.0276 -0.5708 0.4848 0.3208 0.0034 -0.1265 -0.1018 0.9867
1305031472.3277 -0.6061 0.5241 0.3151 0.0360 -0.1043 -0.0745 0.9911
1305031472.5957 -0.6053 0.5030 0.3095 0.0430 -0.1114 -0.0666 0.9906
1305031472.8276 -0.6029 0.4777 0.3138 0.0494 -0.1119 -0.0646 0.9904
