1305031453.4237 0.0051 0.0031 -0.0076 0.0015 0.0038 0.0095 0.9999
1305031453.4597 0.0112 0.0072 -0.0183 0.0051 0.0092 0.0184 0.9998
1305031453.4917 0.0121 0.0120 -0.0282 0.0094 0.0165 0.0284 0.9994
1305031453.5237 0.0121 0.0169 -0.0406 0.0161 0.0219 0.0371 0.9989
1305031453.5598 0.0139 0.0216 -0.0542 0.0229 0.0243 0.0438 0.9985
1305031453.5916 0.0135 0.0299 -0.0690 0.0310 0.0271 0.0482 0.9980
1305031453.6277 0.0056 0.0338 -0.0821 0.0372 0.0301 0.0519 0.9975
1305031453.6596 0.0009 0.0419 -0.0974 0.0451 0.0264 0.0502 0.9974
1305031453.6917 -0.0034 0.0524 -0.1129 0.0525 0.0212 0.0458 0.9973
1305031453.7277 -0.0133 0.0610 -0.1268 0.0569 0.0174 0.0407 0.9974
1305031453.7597 -0.0241 0.0667 -0.1393 0.0610 0.0098 0.0326 0.9976
1305031453.7917 -0.0278 0.0771 -0.1534 0.0661 -0.0004 0.0248 0.9975
1305031453.8278 -0.0401 0.0837 -0.1644 0.0685 -0.0065 0.0182 0.9975
1305031453.8597 -0.0540 0.0905 -0.1760 0.0701 -0.0178 0.0107 0.9973
1305031453.8917 -0.0677 0.0999 -0.1867 0.0703 -0.0326 0.0031 0.9970
1305031453.9277 -0.0818 0.1045 -0.1942 0.0673 -0.0497 -0.0015 0.9965
1305031453.9596 -0.0851 0.1086 -0.2016 0.0645 -0.0678 -0.0103 0.9956
1305031453.9916 -0.0945 0.1086 -0.2010 0.0626 -0.0801 -0.0213 0.9946
1305031454.0277 -0.1010 0.1113 -0.2044 0.0649 -0.0934 -0.0310 0.9930
1305031454.0597 -0.1038 0.1150 -0.2058 0.0659 -0.1066 -0.0410 0.9913
1305031454.0917 -0.1053 0.1153 -0.1987 0.0666 -0.1214 -0.0536 0.9889
1305031454.1277 -0.0895 0.1159 -0.1820 0.0710 -0.1413 -0.0625 0.9854
1305031454.1597 -0.0701 0.1105 -0.1589 0.0708 -0.1644 -0.0705 0.9813
1305031454.1917 -0.0812 0.1120 -0.1333 0.0717 -0.1810 -0.0823 0.9774
1305031454.2277 -0.0910 0.1173 -0.0993 0.0803 -0.1977 -0.0960 0.9722
1305031454.2596 -0.0921 0.1196 -0.0781 0.0896 -0.2158 -0.1128 0.9658
1305031454.2916 -0.0984 0.1213 -0.0598 0.0906 -0.2253 -0.1242 0.9621
1305031454.3277 -0.1242 0.1280 -0.0512 0.0960 -0.2293 -0.1395 0.9585
1305031454.3596 -0.1349 0.1357 -0.0404 0.1068 -0.2402 -0.1548 0.9523
1305031454.3917 -0.1465 0.1466 -0.0301 0.1130 -0.2465 -0.1664 0.9480
1305031454.4275 -0.1726 0.1606 -0.0121 0.1215 -0.2530 -0.1810 0.9426
1305031454.4599 -0.1990 0.1816 0.0010 0.1328 -0.2539 -0.1943 0.9382
1305031454.4916 -0.2247 0.1961 0.0039 0.1388 -0.2492 -0.2080 0.9356
1305031454.5277 -0.2565 0.2176 0.0122 0.1450 -0.2434 -0.2194 0.9336
1305031454.5596 -0.2884 0.2312 0.0238 0.1466 -0.2382 -0.2281 0.9326
1305031454.5916 -0.2950 0.2341 0.0263 0.1468 -0.2372 -0.2296 0.9325
1305031454.6276 -0.3079 0.2422 0.0309 0.1486 -0.2348 -0.2320 0.9322
1305031454.6595 -0.3105 0.2434 0.0335 0.1485 -0.2349 -0.2320 0.9322
1305031454.6919 -0.3138 0.2418 0.0370 0.1469 -0.2352 -0.2323 0.9323
1305031454.7277 -0.3505 0.2603 0.0513 0.1499 -0.2292 -0.2385 0.9317
1305031454.7597 -0.3619 0.2664 0.0711 0.1485 -0.2320 -0.2372 0.9316
1305031454.7916 -0.3660 0.2724 0.0875 0.1470 -0.2355 -0.2314 0.9324
1305031454.8276 -0.3638 0.2794 0.0983 0.1451 -0.2382 -0.2264 0.9332
1305031454.8596 -0.3637 0.2832 0.1008 0.1391 -0.2359 -0.2202 0.9362
1305031454.8918 -0.3622 0.2896 0.1002 0.1353 -0.2316 -0.2131 0.9395
1305031454.9276 -0.3623 0.2969 0.0983 0.1311 -0.2261 -0.2065 0.9429
1305031454.9596 -0.3662 0.3056 0.0964 0.1279 -0.2205 -0.2000 0.9460
1305031454.9919 -0.3729 0.3141 0.0931 0.1256 -0.2168 -0.1938 0.9485
1305031455.0278 -0.3763 0.3269 0.0919 0.1263 -0.2158 -0.1904 0.9493
1305031455.0596 -0.3808 0.3324 0.0918 0.1243 -0.2134 -0.1882 0.9506
1305031455.0917 -0.3872 0.3392 0.0895 0.1261 -0.2098 -0.1876 0.9513
1305031455.1277 -0.3946 0.3503 0.0868 0.1275 -0.2046 -0.1854 0.9526
1305031455.1597 -0.4066 0.3597 0.0833 0.1266 -0.1992 -0.1804 0.9549
1305031455.1917 -0.4181 0.3668 0.0826 0.1232 -0.1959 -0.1740 0.9572
1305031455.2276 -0.4293 0.3721 0.0799 0.1226 -0.1926 -0.1683 0.9589
1305031455.2596 -0.4381 0.3849 0.0775 0.1214 -0.1882 -0.1614 0.9611
1305031455.2918 -0.4536 0.3885 0.0756 0.1132 -0.1826 -0.1509 0.9649
1305031455.3278 -0.4678 0.3973 0.0708 0.1085 -0.1802 -0.1399 0.9676
1305031455.3596 -0.4742 0.4052 0.0706 0.1010 -0.1804 -0.1331 0.9693
1305031455.3917 -0.4856 0.4049 0.0698 0.0901 -0.1748 -0.1239 0.9726
1305031455.4276 -0.5022 0.4086 0.0648 0.0831 -0.1678 -0.1127 0.9758
1305031455.4596 -0.5172 0.4081 0.0596 0.0780 -0.1646 -0.1036 0.9778
1305031455.4916 -0.5304 0.4126 0.0536 0.0744 -0.1618 -0.0921 0.9797
1305031455.5276 -0.5482 0.4093 0.0468 0.0689 -0.1590 -0.0784 0.9817
1305031455.5597 -0.5663 0.4094 0.0373 0.0669 -0.1598 -0.0651 0.9827
1305031455.5916 -0.5803 0.4146 0.0284 0.0660 -0.1619 -0.0509 0.9833
1305031455.6276 -0.5939 0.4077 0.0250 0.0600 -0.1628 -0.0378 0.9841
1305031455.6596 -0.6098 0.4017 0.0155 0.0612 -0.1610 -0.0317 0.9845
1305031455.6916 -0.6254 0.4034 0.0052 0.0655 -0.1586 -0.0325 0.9846
1305031455.7276 -0.6387 0.4003 -0.0041 0.0671 -0.1553 -0.0371 0.9849
1305031455.7597 -0.6537 0.3983 -0.0152 0.0681 -0.1490 -0.0398 0.9857
1305031455.7917 -0.6684 0.3894 -0.0274 0.0681 -0.1436 -0.0383 0.9865
1305031455.8276 -0.6833 0.3887 -0.0415 0.0714 -0.1396 -0.0377 0.9869
1305031455.8595 -0.6943 0.3845 -0.0521 0.0714 -0.1383 -0.0390 0.9870
1305031455.8917 -0.7053 0.3825 -0.0637 0.0720 -0.1355 -0.0391 0.9874
1305031455.9280 -0.7160 0.3778 -0.0729 0.0709 -0.1321 -0.0393 0.9879
1305031455.9597 -0.7266 0.3789 -0.0841 0.0725 -0.1279 -0.0415 0.9883
1305031455.9917 -0.7346 0.3765 -0.0911 0.0706 -0.1239 -0.0431 0.9888
1305031456.0278 -0.7462 0.3828 -0.1011 0.0678 -0.1166 -0.0469 0.9897
1305031456.0597 -0.7572 0.3751 -0.1047 0.0579 -0.1115 -0.0536 0.9906
1305031456.0917 -0.7666 0.3658 -0.1072 0.0517 -0.1077 -0.0580 0.9911
1305031456.1276 -0.7742 0.3595 -0.1116 0.0500 -0.1043 -0.0588 0.9915
1305031456.1597 -0.7807 0.3480 -0.1127 0.0475 -0.0998 -0.0584 0.9922
1305031456.1917 -0.7882 0.3401 -0.1167 0.0520 -0.0920 -0.0554 0.9929
1305031456.2277 -0.7969 0.3460 -0.1209 0.0572 -0.0816 -0.0507 0.9937
1305031456.2917 -0.8183 0.3256 -0.1198 0.0556 -0.0595 -0.0413 0.9958
1305031456.3277 -0.8271 0.3176 -0.1177 0.0589 -0.0495 -0.0334 0.9965
1305031456.3916 -0.8464 0.3078 -0.1098 0.0624 -0.0257 -0.0217 0.9975
1305031456.4277 -0.8651 0.3068 -0.1067 0.0693 -0.0129 -0.0141 0.9974
1305031456.4917 -0.9041 0.3148 -0.0918 0.0668 -0.0039 -0.0017 0.9978
1305031456.5276 -0.9151 0.3109 -0.0806 0.0610 -0.0064 0.0037 0.9981
1305031456.5917 -0.9344 0.3085 -0.0636 0.0594 -0.0030 0.0160 0.9981
1305031456.6276 -0.9461 0.3169 -0.0523 0.0493 0.0015 0.0228 0.9985
1305031456.6916 -0.9750 0.2907 -0.0293 0.0338 0.0110 0.0398 0.9986
1305031456.7277 -0.9927 0.3010 -0.0192 0.0322 0.0125 0.0497 0.9982
1305031456.7916 -1.0217 0.2812 0.0025 0.0278 0.0029 0.0630 0.9976
1305031456.8276 -1.0295 0.2939 0.0116 0.0299 -0.0019 0.0710 0.9970
1305031456.8917 -1.0420 0.2785 0.0360 0.0175 -0.0019 0.0829 0.9964
1305031456.9277 -1.0556 0.2818 0.0434 0.0233 0.0049 0.0895 0.9957
1305031456.9597 -1.0714 0.2932 0.0501 0.0241 0.0116 0.0950 0.9951
1305031456.9917 -1.0826 0.2856 0.0588 0.0142 0.0157 0.0977 0.9950
1305031457.0276 -1.0949 0.2826 0.0631 0.0118 0.0202 0.1017 0.9945
1305031457.0917 -1.1189 0.2838 0.0688 -0.0003 0.0297 0.1126 0.9932
1305031457.1276 -1.1280 0.2735 0.0698 -0.0056 0.0350 0.1174 0.9925
1305031457.1917 -1.1548 0.2734 0.0615 -0.0033 0.0495 0.1310 0.9901
1305031457.2275 -1.1673 0.2671 0.0587 -0.0085 0.0556 0.1376 0.9889
1305031457.2917 -1.1908 0.2543 0.0450 -0.0015 0.0704 0.1508 0.9861
1305031457.3275 -1.2067 0.2566 0.0362 0.0017 0.0810 0.1565 0.9843
1305031457.3917 -1.2350 0.2379 0.0196 0.0019 0.1034 0.1709 0.9798
1305031457.4276 -1.2568 0.2369 0.0105 0.0057 0.1133 0.1786 0.9774
1305031457.4917 -1.2835 0.2179 -0.0074 0.0044 0.1181 0.1876 0.9751
1305031457.5276 -1.2953 0.2101 -0.0181 0.0075 0.1216 0.1908 0.9740
1305031457.5597 -1.3088 0.2045 -0.0280 0.0108 0.1266 0.1950 0.9725
1305031457.5917 -1.3272 0.2019 -0.0365 0.0144 0.1323 0.1987 0.9710
1305031457.6275 -1.3395 0.1884 -0.0425 0.0127 0.1347 0.2017 0.9701
1305031457.6596 -1.3588 0.1907 -0.0514 0.0182 0.1381 0.2058 0.9686
1305031457.6916 -1.3715 0.1821 -0.0559 0.0125 0.1379 0.2081 0.9682
1305031457.7277 -1.3781 0.1621 -0.0619 0.0079 0.1384 0.2078 0.9683
1305031457.7596 -1.3880 0.1499 -0.0677 0.0097 0.1406 0.2065 0.9682
1305031457.7916 -1.3929 0.1297 -0.0757 0.0133 0.1452 0.2058 0.9677
1305031457.8277 -1.4081 0.1322 -0.0852 0.0250 0.1538 0.2065 0.9660
1305031457.8596 -1.4197 0.1215 -0.0902 0.0261 0.1622 0.2074 0.9644
1305031457.8916 -1.4285 0.0945 -0.0932 0.0280 0.1703 0.2077 0.9628
1305031457.9276 -1.4472 0.0894 -0.0970 0.0416 0.1767 0.2113 0.9604
1305031457.9916 -1.4661 0.0717 -0.0992 0.0530 0.1783 0.2162 0.9585
1305031458.0278 -1.4731 0.0583 -0.0980 0.0603 0.1821 0.2168 0.9572
1305031458.0597 -1.4885 0.0617 -0.0959 0.0707 0.1877 0.2190 0.9549
1305031458.0917 -1.5017 0.0593 -0.0887 0.0713 0.1920 0.2211 0.9535
1305031458.1276 -1.5105 0.0477 -0.0801 0.0691 0.1951 0.2216 0.9529
1305031458.1596 -1.5201 0.0374 -0.0690 0.0707 0.1973 0.2236 0.9519
1305031458.1916 -1.5305 0.0423 -0.0527 0.0743 0.1958 0.2278 0.9509
1305031458.2276 -1.5343 0.0358 -0.0347 0.0685 0.1911 0.2288 0.9521
1305031458.2599 -1.5326 0.0193 -0.0028 0.0669 0.1895 0.2240 0.9536
1305031458.2917 -1.5318 0.0240 0.0294 0.0807 0.1850 0.2205 0.9543
1305031458.3276 -1.5332 0.0245 0.0482 0.0860 0.1770 0.2209 0.9552
1305031458.3596 -1.5262 0.0201 0.0804 0.0965 0.1722 0.2187 0.9556
1305031458.3916 -1.5268 0.0224 0.0965 0.1116 0.1675 0.2199 0.9545
1305031458.4276 -1.5246 0.0216 0.1131 0.1211 0.1646 0.2271 0.9522
1305031458.4596 -1.5173 0.0107 0.1260 0.1304 0.1661 0.2349 0.9488
1305031458.4917 -1.5162 0.0007 0.1409 0.1488 0.1770 0.2341 0.9443
1305031458.5277 -1.5268 0.0101 0.1619 0.1687 0.1896 0.2307 0.9394
1305031458.5596 -1.5314 0.0086 0.1824 0.1752 0.1993 0.2292 0.9365
1305031458.5916 -1.5363 0.0030 0.2034 0.1831 0.2068 0.2234 0.9348
1305031458.6277 -1.5480 0.0179 0.2282 0.1885 0.2083 0.2185 0.9345
1305031458.6596 -1.5437 0.0155 0.2611 0.1842 0.2037 0.2185 0.9364
1305031458.6917 -1.5369 0.0135 0.2951 0.1815 0.1891 0.2110 0.9417
1305031458.7276 -1.5098 0.0062 0.3223 0.1803 0.1706 0.2010 0.9476
1305031458.7599 -1.5127 0.0063 0.3480 0.1887 0.1596 0.1885 0.9505
1305031458.7916 -1.5093 0.0137 0.3673 0.1909 0.1442 0.1787 0.9544
1305031458.8276 -1.4991 0.0089 0.3859 0.1854 0.1346 0.1752 0.9575
1305031458.8917 -1.4936 -0.0009 0.4050 0.1916 0.1329 0.1643 0.9585
1305031458.9276 -1.5046 -0.0012 0.4101 0.1891 0.1396 0.1715 0.9567
1305031458.9596 -1.5060 -0.0119 0.4142 0.1805 0.1423 0.1847 0.9555
1305031458.9916 -1.5042 -0.0319 0.4170 0.1793 0.1432 0.1895 0.9547
1305031459.0277 -1.5150 -0.0387 0.4289 0.1909 0.1417 0.1876 0.9530
1305031459.0596 -1.5271 -0.0532 0.4393 0.1993 0.1341 0.1962 0.9507
1305031459.1276 -1.5514 -0.0792 0.4460 0.2248 0.0918 0.2066 0.9478
1305031459.1596 -1.5585 -0.0858 0.4514 0.2355 0.0658 0.2053 0.9477
1305031459.1917 -1.5668 -0.0886 0.4556 0.2428 0.0459 0.2090 0.9462
1305031459.2276 -1.5727 -0.0919 0.4617 0.2455 0.0311 0.2181 0.9440
1305031459.2598 -1.5722 -0.0895 0.4730 0.2459 0.0247 0.2276 0.9419
1305031459.3276 -1.5784 -0.0914 0.4952 0.2385 0.0493 0.2606 0.9342
1305031459.3597 -1.5901 -0.0885 0.5068 0.2404 0.0715 0.2829 0.9258
1305031459.3917 -1.6077 -0.0726 0.5254 0.2377 0.0950 0.3103 0.9155
1305031459.4276 -1.6058 -0.0705 0.5385 0.2218 0.1198 0.3493 0.9025
1305031459.4597 -1.6226 -0.0761 0.5427 0.2141 0.1515 0.3895 0.8829
1305031459.5276 -1.6359 -0.0888 0.6145 0.2083 0.1838 0.4018 0.8725
1305031459.5596 -1.6518 -0.0984 0.6099 0.1993 0.1952 0.4278 0.8598
1305031459.5917 -1.6701 -0.1016 0.6113 0.1959 0.1993 0.4455 0.8506
1305031459.6276 -1.6786 -0.1083 0.6139 0.1910 0.1991 0.4554 0.8465
1305031459.6596 -1.6910 -0.1087 0.6197 0.1911 0.2059 0.4563 0.8443
1305031459.6916 -1.7066 -0.1176 0.6235 0.1837 0.2170 0.4626 0.8398
1305031459.7276 -1.7170 -0.1349 0.6220 0.1753 0.2243 0.4669 0.8372
1305031459.7917 -1.7487 -0.1688 0.6234 0.1738 0.2377 0.4617 0.8367
1305031459.8277 -1.7631 -0.1829 0.6258 0.1728 0.2390 0.4595 0.8378
1305031459.8597 -1.7784 -0.1986 0.6294 0.1688 0.2388 0.4584 0.8393
1305031459.8916 -1.7852 -0.2154 0.6317 0.1638 0.2336 0.4614 0.8401
1305031459.9276 -1.7913 -0.2309 0.6337 0.1630 0.2301 0.4643 0.8396
1305031459.9917 -1.8070 -0.2594 0.6398 0.1584 0.2261 0.4713 0.8376
1305031460.0276 -1.8097 -0.2762 0.6409 0.1564 0.2251 0.4749 0.8363
1305031460.0597 -1.8187 -0.2937 0.6428 0.1565 0.2263 0.4767 0.8349
1305031460.0917 -1.8263 -0.3143 0.6438 0.1573 0.2219 0.4831 0.8322
1305031460.1277 -1.8272 -0.3310 0.6450 0.1625 0.2117 0.4915 0.8290
1305031460.1597 -1.8339 -0.3432 0.6488 0.1696 0.2042 0.4976 0.8258
1305031460.1916 -1.8330 -0.3522 0.6554 0.1703 0.1958 0.5035 0.8241
1305031460.2278 -1.8213 -0.3620 0.6593 0.1698 0.1923 0.5079 0.8224
1305031460.2917 -1.8192 -0.3850 0.6627 0.1692 0.2079 0.5096 0.8176
1305031460.3275 -1.8186 -0.3980 0.6626 0.1684 0.2158 0.5124 0.8139
1305031460.3916 -1.8158 -0.4201 0.6689 0.1610 0.2332 0.5209 0.8052
1305031460.4275 -1.8136 -0.4322 0.6701 0.1580 0.2424 0.5267 0.7993
1305031460.4596 -1.8120 -0.4388 0.6733 0.1547 0.2537 0.5316 0.7931
1305031460.4915 -1.8157 -0.4487 0.6762 0.1469 0.2667 0.5388 0.7855
1305031460.5276 -1.8126 -0.4606 0.6761 0.1377 0.2744 0.5495 0.7771
1305031460.5596 -1.8074 -0.4717 0.6767 0.1298 0.2815 0.5545 0.7723
1305031460.5919 -1.8085 -0.4845 0.6787 0.1244 0.2905 0.5562 0.7686
1305031460.6276 -1.8052 -0.4961 0.6792 0.1197 0.2974 0.5593 0.7645
1305031460.6598 -1.8072 -0.5092 0.6804 0.1164 0.3052 0.5593 0.7618
1305031460.6917 -1.8109 -0.5221 0.6839 0.1124 0.3097 0.5607 0.7596
1305031460.7277 -1.8083 -0.5321 0.6879 0.1072 0.3111 0.5613 0.7593
1305031460.7597 -1.8045 -0.5442 0.6907 0.1029 0.3155 0.5607 0.7586
1305031460.7917 -1.8069 -0.5579 0.6953 0.0994 0.3201 0.5600 0.7577
1305031460.8277 -1.8057 -0.5666 0.7019 0.0951 0.3214 0.5578 0.7593
1305031460.8597 -1.8030 -0.5756 0.7081 0.0887 0.3247 0.5561 0.7599
1305031460.8918 -1.7994 -0.5888 0.7140 0.0807 0.3292 0.5545 0.7601
1305031460.9276 -1.7978 -0.6029 0.7222 0.0748 0.3319 0.5541 0.7597
1305031460.9917 -1.7787 -0.6259 0.7290 0.0699 0.3339 0.5574 0.7569
1305031461.0276 -1.7733 -0.6378 0.7349 0.0707 0.3364 0.5580 0.7553
1305031461.0917 -1.7695 -0.6531 0.7469 0.0743 0.3358 0.5565 0.7563
1305031461.1276 -1.7588 -0.6618 0.7500 0.0721 0.3352 0.5553 0.7577
1305031461.1597 -1.7510 -0.6718 0.7548 0.0736 0.3370 0.5533 0.7582
1305031461.1920 -1.7485 -0.6758 0.7596 0.0772 0.3384 0.5490 0.7603
1305031461.2276 -1.7446 -0.6825 0.7645 0.0775 0.3403 0.5468 0.7611
1305031461.2596 -1.7376 -0.6888 0.7678 0.0789 0.3406 0.5438 0.7630
1305031461.2917 -1.7333 -0.6924 0.7730 0.0813 0.3423 0.5382 0.7659
1305031461.3278 -1.7275 -0.6923 0.7773 0.0829 0.3447 0.5341 0.7675
1305031461.3597 -1.7296 -0.6927 0.7846 0.0796 0.3491 0.5304 0.7684
1305031461.3917 -1.7167 -0.7014 0.7906 0.0709 0.3481 0.5321 0.7686
1305031461.4276 -1.7092 -0.7038 0.7925 0.0702 0.3485 0.5306 0.7695
1305031461.4598 -1.7086 -0.7019 0.7973 0.0676 0.3483 0.5320 0.7688
1305031461.4917 -1.6910 -0.7097 0.7949 0.0617 0.3462 0.5346 0.7685
1305031461.5277 -1.6917 -0.7080 0.7945 0.0675 0.3492 0.5318 0.7686
1305031461.5597 -1.6858 -0.6996 0.7908 0.0673 0.3495 0.5289 0.7704
1305031461.5917 -1.6835 -0.6963 0.7878 0.0664 0.3570 0.5259 0.7691
1305031461.6275 -1.6815 -0.6919 0.7868 0.0631 0.3621 0.5263 0.7668
1305031461.6596 -1.6790 -0.6883 0.7862 0.0600 0.3665 0.5267 0.7646
1305031461.6916 -1.6804 -0.6833 0.7855 0.0584 0.3686 0.5320 0.7601
1305031461.7276 -1.6735 -0.6760 0.7839 0.0554 0.3671 0.5376 0.7571
1305031461.7597 -1.6752 -0.6670 0.7788 0.0550 0.3679 0.5403 0.7548
1305031461.7916 -1.6738 -0.6573 0.7764 0.0503 0.3685 0.5445 0.7518
1305031461.8276 -1.6719 -0.6483 0.7738 0.0472 0.3716 0.5491 0.7471
1305031461.8598 -1.6784 -0.6366 0.7733 0.0458 0.3754 0.5548 0.7411
1305031461.8917 -1.6836 -0.6277 0.7738 0.0405 0.3756 0.5652 0.7333
1305031461.9278 -1.6807 -0.6177 0.7742 0.0334 0.3715 0.5745 0.7286
1305031461.9597 -1.6798 -0.6007 0.7684 0.0285 0.3723 0.5773 0.7261
1305031461.9916 -1.6936 -0.5940 0.7720 0.0197 0.3799 0.5829 0.7179
1305031462.0277 -1.6942 -0.5957 0.7760 0.0069 0.3782 0.5940 0.7100
1305031462.0598 -1.6968 -0.5931 0.7784 0.0023 0.3724 0.6052 0.7036
1305031462.0918 -1.6991 -0.5835 0.7771 0.0011 0.3642 0.6155 0.6989
1305031462.1277 -1.7035 -0.5735 0.7769 -0.0009 0.3591 0.6236 0.6944
1305031462.1596 -1.7065 -0.5678 0.7768 -0.0048 0.3557 0.6294 0.6909
1305031462.1916 -1.7144 -0.5592 0.7789 -0.0074 0.3554 0.6284 0.6919
1305031462.2276 -1.7224 -0.5537 0.7811 -0.0136 0.3555 0.6287 0.6915
1305031462.2598 -1.7288 -0.5504 0.7848 -0.0205 0.3545 0.6276 0.6928
1305031462.2916 -1.7372 -0.5451 0.7889 -0.0261 0.3523 0.6240 0.6970
1305031462.3275 -1.7430 -0.5382 0.7921 -0.0331 0.3496 0.6197 0.7019
1305031462.3597 -1.7566 -0.5352 0.8025 -0.0403 0.3528 0.6122 0.7064
1305031462.3917 -1.7544 -0.5418 0.8091 -0.0463 0.3547 0.6121 0.7052
1305031462.4276 -1.7540 -0.5438 0.8105 -0.0476 0.3556 0.6118 0.7049
1305031462.4599 -1.7539 -0.5443 0.8109 -0.0479 0.3559 0.6118 0.7048
1305031462.4920 -1.7538 -0.5449 0.8114 -0.0483 0.3563 0.6117 0.7047
1305031462.5277 -1.7537 -0.5461 0.8129 -0.0492 0.3571 0.6114 0.7044
1305031462.5599 -1.7537 -0.5476 0.8160 -0.0503 0.3586 0.6111 0.7039
1305031462.5919 -1.7543 -0.5490 0.8191 -0.0512 0.3602 0.6104 0.7036
1305031462.6279 -1.7568 -0.5488 0.8237 -0.0511 0.3626 0.6089 0.7037
1305031462.6597 -1.7583 -0.5499 0.8276 -0.0519 0.3648 0.6077 0.7035
1305031462.6925 -1.7620 -0.5498 0.8345 -0.0521 0.3684 0.6054 0.7036
1305031462.7277 -1.7787 -0.5501 0.8768 -0.0520 0.3892 0.5969 0.6997
1305031462.7598 -1.7746 -0.5558 0.8740 -0.0567 0.3879 0.5981 0.6991
1305031462.7919 -1.7739 -0.5564 0.8734 -0.0573 0.3875 0.5983 0.6990
1305031462.8278 -1.7736 -0.5567 0.8731 -0.0575 0.3874 0.5984 0.6989
1305031462.8598 -1.7735 -0.5568 0.8730 -0.0576 0.3873 0.5985 0.6989
1305031462.8918 -1.7735 -0.5568 0.8730 -0.0576 0.3873 0.5985 0.6989
1305031462.9276 -1.7735 -0.5569 0.8730 -0.0577 0.3874 0.5985 0.6989
1305031462.9597 -1.7734 -0.5570 0.8731 -0.0578 0.3874 0.5984 0.6989
1305031462.9955 -1.7734 -0.5570 0.8731 -0.0578 0.3874 0.5984 0.6989
1305031463.0277 -1.7735 -0.5570 0.8731 -0.0578 0.3874 0.5984 0.6989
1305031463.0598 -1.7737 -0.5568 0.8733 -0.0576 0.3876 0.5983 0.6989
1305031463.0958 -1.7739 -0.5566 0.8735 -0.0574 0.3877 0.5983 0.6989
1305031463.1275 -1.7740 -0.5565 0.8736 -0.0573 0.3877 0.5982 0.6989
1305031463.1598 -1.7742 -0.5561 0.8737 -0.0571 0.3878 0.5982 0.6990
1305031463.1957 -1.7744 -0.5558 0.8737 -0.0569 0.3878 0.5981 0.6990
1305031463.2278 -1.7743 -0.5556 0.8734 -0.0569 0.3877 0.5982 0.6990
1305031463.2600 -1.7741 -0.5558 0.8730 -0.0571 0.3876 0.5982 0.6990
1305031463.2957 -1.7739 -0.5554 0.8725 -0.0570 0.3873 0.5984 0.6991
1305031463.3277 -1.7739 -0.5551 0.8722 -0.0569 0.3871 0.5985 0.6991
1305031463.3598 -1.7733 -0.5549 0.8715 -0.0571 0.3865 0.5988 0.6991
1305031463.3956 -1.7714 -0.5566 0.8692 -0.0589 0.3855 0.5995 0.6990
1305031463.4277 -1.7695 -0.5581 0.8668 -0.0606 0.3844 0.6001 0.6989
1305031463.4598 -1.7660 -0.5601 0.8621 -0.0631 0.3818 0.6013 0.6990
1305031463.4956 -1.7626 -0.5603 0.8570 -0.0648 0.3787 0.6020 0.7000
1305031463.5277 -1.5372 -0.6143 0.8480 -0.1734 0.3012 0.6039 0.7173
1305031463.5598 -1.5380 -0.6073 0.8349 -0.1713 0.3061 0.6034 0.7161
1305031463.5956 -1.5401 -0.5959 0.8250 -0.1695 0.3061 0.6026 0.7172
1305031463.6276 -1.5297 -0.5798 0.8120 -0.1674 0.3030 0.6017 0.7199
1305031463.6598 -1.5287 -0.5718 0.7981 -0.1605 0.3095 0.5975 0.7221
1305031463.6956 -1.5329 -0.5591 0.7843 -0.1544 0.3123 0.5934 0.7255
1305031463.7276 -1.5188 -0.5460 0.7649 -0.1554 0.3082 0.5923 0.7281
1305031463.7597 -1.5021 -0.5388 0.7419 -0.1539 0.3086 0.5883 0.7315
1305031463.7956 -1.4996 -0.5316 0.7232 -0.1498 0.3130 0.5790 0.7378
1305031463.8278 -1.4889 -0.5242 0.7027 -0.1512 0.3116 0.5709 0.7444
1305031463.8599 -1.4735 -0.5211 0.6810 -0.1526 0.3116 0.5631 0.7500
1305031463.8956 -1.4685 -0.5170 0.6619 -0.1500 0.3146 0.5547 0.7555
1305031463.9277 -1.4606 -0.5153 0.6452 -0.1496 0.3137 0.5499 0.7595
1305031463.9597 -1.4463 -0.5133 0.6265 -0.1480 0.3090 0.5462 0.7644
1305031463.9958 -1.4366 -0.5117 0.6054 -0.1437 0.3066 0.5409 0.7699
1305031464.0277 -1.4313 -0.5092 0.5859 -0.1413 0.3042 0.5342 0.7760
1305031464.0597 -1.4153 -0.5081 0.5662 -0.1424 0.3014 0.5276 0.7814
1305031464.0956 -1.4090 -0.5095 0.5490 -0.1400 0.3042 0.5192 0.7863
1305031464.1277 -1.4066 -0.5144 0.5368 -0.1379 0.3062 0.5141 0.7893
1305031464.1598 -1.3959 -0.5204 0.5261 -0.1335 0.3046 0.5125 0.7917
1305031464.1956 -1.3889 -0.5250 0.5148 -0.1227 0.3025 0.5087 0.7966
1305031464.2276 -1.3929 -0.5255 0.5033 -0.1085 0.2990 0.5047 0.8026
1305031464.2596 -1.3957 -0.5233 0.4907 -0.0958 0.2889 0.5038 0.8084
1305031464.2957 -1.3911 -0.5180 0.4768 -0.0865 0.2739 0.5011 0.8163
1305031464.3279 -1.3835 -0.5105 0.4610 -0.0792 0.2615 0.4969 0.8237
1305031464.3597 -1.3702 -0.5074 0.4446 -0.0732 0.2528 0.4931 0.8292
1305031464.3956 -1.3634 -0.4951 0.4252 -0.0654 0.2480 0.4858 0.8356
1305031464.4276 -1.3584 -0.4884 0.4097 -0.0639 0.2478 0.4771 0.8408
1305031464.4597 -1.3501 -0.4901 0.3941 -0.0628 0.2463 0.4694 0.8456
1305031464.4956 -1.3413 -0.4808 0.3751 -0.0595 0.2438 0.4639 0.8496
1305031464.5276 -1.3381 -0.4758 0.3579 -0.0583 0.2445 0.4567 0.8534
1305031464.5597 -1.3262 -0.4708 0.3394 -0.0610 0.2405 0.4468 0.8595
1305031464.5957 -1.2991 -0.4723 0.3146 -0.0632 0.2421 0.4374 0.8638
1305031464.6277 -1.2886 -0.4697 0.2943 -0.0590 0.2553 0.4274 0.8653
1305031464.6597 -1.2785 -0.4683 0.2783 -0.0562 0.2682 0.4136 0.8683
1305031464.6957 -1.2575 -0.4785 0.2660 -0.0528 0.2805 0.3966 0.8725
1305031464.7277 -1.2584 -0.4814 0.2599 -0.0402 0.2930 0.3780 0.8773
1305031464.7597 -1.2640 -0.4713 0.2530 -0.0284 0.2969 0.3583 0.8847
1305031464.7960 -1.2570 -0.4784 0.2555 -0.0238 0.2949 0.3409 0.8923
1305031464.8278 -1.2553 -0.4785 0.2601 -0.0113 0.2878 0.3267 0.9002
1305031464.8597 -1.2547 -0.4603 0.2562 0.0013 0.2735 0.3122 0.9098
1305031464.8958 -1.2424 -0.4466 0.2511 0.0038 0.2556 0.2946 0.9208
1305031464.9278 -1.2120 -0.4532 0.2467 -0.0004 0.2398 0.2765 0.9306
1305031464.9598 -1.1854 -0.4545 0.2452 0.0007 0.2326 0.2596 0.9373
1305031464.9957 -1.1693 -0.4427 0.2449 0.0055 0.2306 0.2414 0.9426
1305031465.0278 -1.1610 -0.4366 0.2588 0.0064 0.2316 0.2199 0.9476
1305031465.0597 -1.1717 -0.4179 0.2825 0.0141 0.2310 0.1996 0.9522
1305031465.0957 -1.1834 -0.3725 0.2946 0.0177 0.2195 0.1845 0.9579
1305031465.1277 -1.1741 -0.3529 0.3075 0.0038 0.2015 0.1723 0.9642
1305031465.1598 -1.1628 -0.3430 0.3262 -0.0108 0.1860 0.1659 0.9684
1305031465.1956 -1.1489 -0.3295 0.3413 -0.0206 0.1716 0.1606 0.9718
1305031465.2279 -1.1426 -0.3069 0.3545 -0.0284 0.1605 0.1565 0.9741
1305031465.2598 -1.1319 -0.3001 0.3743 -0.0391 0.1500 0.1569 0.9754
1305031465.2956 -1.1290 -0.2830 0.3869 -0.0400 0.1421 0.1659 0.9750
1305031465.3277 -1.1275 -0.2642 0.3998 -0.0416 0.1312 0.1785 0.9743
1305031465.3599 -1.1182 -0.2567 0.4107 -0.0421 0.1167 0.1906 0.9738
1305031465.3956 -1.1018 -0.2415 0.4108 -0.0358 0.1001 0.2013 0.9738
1305031465.4277 -1.0833 -0.2188 0.4068 -0.0275 0.0865 0.2126 0.9729
1305031465.4601 -1.0737 -0.1941 0.4015 -0.0191 0.0769 0.2256 0.9710
1305031465.4957 -1.0642 -0.1679 0.3956 -0.0159 0.0663 0.2350 0.9696
1305031465.5276 -1.0472 -0.1603 0.3943 -0.0174 0.0564 0.2387 0.9693
1305031465.5598 -1.0350 -0.1424 0.3855 -0.0092 0.0501 0.2439 0.9685
1305031465.5956 -1.0239 -0.1171 0.3748 -0.0009 0.0469 0.2520 0.9666
1305031465.6277 -1.0236 -0.0994 0.3667 0.0049 0.0468 0.2603 0.9644
1305031465.6601 -1.0187 -0.0811 0.3581 0.0120 0.0402 0.2677 0.9626
1305031465.6957 -1.0017 -0.0544 0.3470 0.0207 0.0325 0.2741 0.9609
1305031465.7277 -0.9939 -0.0304 0.3383 0.0296 0.0315 0.2823 0.9584
1305031465.7598 -0.9879 -0.0025 0.3286 0.0393 0.0294 0.2900 0.9558
1305031465.7959 -0.9770 0.0243 0.3220 0.0461 0.0270 0.2956 0.9538
1305031465.8280 -0.9664 0.0439 0.3144 0.0544 0.0264 0.3002 0.9520
1305031465.8599 -0.9627 0.0793 0.3025 0.0675 0.0277 0.3033 0.9501
1305031465.8955 -0.9540 0.1126 0.2980 0.0706 0.0318 0.3054 0.9491
1305031465.9275 -0.9421 0.1329 0.2929 0.0729 0.0396 0.3062 0.9484
1305031465.9597 -0.9386 0.1597 0.2842 0.0811 0.0503 0.3037 0.9480
1305031465.9958 -0.9437 0.1836 0.2759 0.0861 0.0607 0.2989 0.9484
1305031466.0276 -0.9479 0.2092 0.2671 0.0912 0.0660 0.2963 0.9484
1305031466.0598 -0.9528 0.2358 0.2595 0.0899 0.0686 0.2969 0.9482
1305031466.0958 -0.9542 0.2549 0.2507 0.0855 0.0665 0.2977 0.9485
1305031466.1276 -0.9534 0.2752 0.2418 0.0813 0.0608 0.2981 0.9491
1305031466.1604 -0.9555 0.2926 0.2295 0.0777 0.0554 0.3003 0.9491
1305031466.1958 -0.9596 0.3118 0.2166 0.0733 0.0464 0.3012 0.9496
1305031466.2280 -0.9513 0.3281 0.2058 0.0648 0.0337 0.2981 0.9517
1305031466.2598 -0.9325 0.3401 0.1929 0.0610 0.0273 0.2919 0.9541
1305031466.2957 -0.9241 0.3591 0.1778 0.0617 0.0317 0.2804 0.9574
1305031466.3277 -0.9223 0.3754 0.1611 0.0588 0.0422 0.2710 0.9598
1305031466.3598 -0.9190 0.3860 0.1462 0.0503 0.0496 0.2661 0.9614
1305031466.3958 -0.9078 0.3852 0.1320 0.0458 0.0521 0.2629 0.9623
1305031466.4278 -0.9092 0.3991 0.1147 0.0527 0.0535 0.2577 0.9633
1305031466.4598 -0.9053 0.4178 0.1015 0.0546 0.0487 0.2535 0.9646
1305031466.4958 -0.8919 0.4346 0.0907 0.0520 0.0426 0.2532 0.9651
1305031466.5275 -0.8728 0.4498 0.0822 0.0494 0.0413 0.2535 0.9652
1305031466.5604 -0.8687 0.4690 0.0719 0.0476 0.0456 0.2517 0.9656
1305031466.5959 -0.8593 0.4871 0.0643 0.0401 0.0437 0.2493 0.9666
1305031466.6275 -0.8318 0.4940 0.0617 0.0317 0.0405 0.2469 0.9677
1305031466.6597 -0.8199 0.5072 0.0522 0.0363 0.0451 0.2412 0.9688
1305031466.6958 -0.8194 0.5295 0.0440 0.0389 0.0466 0.2329 0.9706
1305031466.7281 -0.8022 0.5428 0.0408 0.0327 0.0410 0.2247 0.9730
1305031466.7596 -0.7806 0.5489 0.0394 0.0326 0.0396 0.2177 0.9747
1305031466.7956 -0.7763 0.5659 0.0283 0.0400 0.0414 0.2107 0.9759
1305031466.8279 -0.7677 0.5800 0.0216 0.0388 0.0368 0.2082 0.9766
1305031466.8597 -0.7557 0.5833 0.0203 0.0372 0.0308 0.2095 0.9766
1305031466.8957 -0.7476 0.5922 0.0140 0.0433 0.0214 0.2081 0.9769
1305031466.9278 -0.7316 0.6004 0.0008 0.0462 0.0068 0.2060 0.9774
1305031466.9597 -0.7135 0.6086 -0.0051 0.0487 -0.0037 0.2045 0.9777
1305031466.9957 -0.6992 0.6181 -0.0153 0.0503 -0.0087 0.2014 0.9782
1305031467.0278 -0.6875 0.6261 -0.0236 0.0512 -0.0123 0.1973 0.9789
1305031467.0597 -0.6753 0.6359 -0.0321 0.0518 -0.0149 0.1940 0.9795
1305031467.0957 -0.6647 0.6466 -0.0384 0.0505 -0.0166 0.1892 0.9805
1305031467.1290 -0.6548 0.6552 -0.0392 0.0516 -0.0193 0.1795 0.9822
1305031467.1597 -0.6444 0.6635 -0.0463 0.0539 -0.0218 0.1715 0.9835
1305031467.1957 -0.6360 0.6714 -0.0526 0.0561 -0.0258 0.1668 0.9841
1305031467.2277 -0.6266 0.6795 -0.0585 0.0585 -0.0318 0.1614 0.9846
1305031467.2597 -0.6166 0.6874 -0.0635 0.0615 -0.0363 0.1560 0.9852
1305031467.2958 -0.6069 0.6963 -0.0706 0.0648 -0.0408 0.1492 0.9858
1305031467.3280 -0.5980 0.7052 -0.0803 0.0673 -0.0456 0.1439 0.9863
1305031467.3597 -0.5898 0.7168 -0.0890 0.0668 -0.0525 0.1423 0.9862
1305031467.3958 -0.5816 0.7268 -0.0952 0.0642 -0.0601 0.1379 0.9865
1305031467.4278 -0.5718 0.7354 -0.0984 0.0649 -0.0661 0.1342 0.9866
1305031467.4597 -0.5632 0.7450 -0.1075 0.0672 -0.0722 0.1321 0.9863
1305031467.4961 -0.5529 0.7554 -0.1194 0.0645 -0.0797 0.1272 0.9866
1305031467.5277 -0.5424 0.7655 -0.1206 0.0617 -0.0840 0.1214 0.9871
1305031467.5598 -0.5304 0.7718 -0.1209 0.0625 -0.0854 0.1195 0.9872
1305031467.5960 -0.5200 0.7783 -0.1263 0.0630 -0.0870 0.1208 0.9869
1305031467.6275 -0.5075 0.7760 -0.1225 0.0643 -0.0919 0.1238 0.9859
1305031467.6596 -0.4947 0.7797 -0.1228 0.0719 -0.0958 0.1263 0.9847
1305031467.6959 -0.4852 0.7837 -0.1289 0.0757 -0.0970 0.1226 0.9848
1305031467.7275 -0.4763 0.7849 -0.1159 0.0808 -0.0975 0.1176 0.9850
1305031467.7599 -0.4660 0.7863 -0.1104 0.0875 -0.0974 0.1143 0.9848
1305031467.7961 -0.4593 0.7898 -0.1061 0.0934 -0.0973 0.1099 0.9848
1305031467.8278 -0.4519 0.7861 -0.0872 0.0993 -0.0977 0.1087 0.9843
1305031467.8597 -0.4452 0.7832 -0.0757 0.1081 -0.0986 0.1103 0.9831
1305031467.8959 -0.4394 0.7838 -0.0687 0.1157 -0.1027 0.1088 0.9819
1305031467.9278 -0.4286 0.7796 -0.0511 0.1209 -0.1092 0.1054 0.9810
1305031467.9598 -0.4158 0.7726 -0.0354 0.1281 -0.1126 0.1031 0.9799
1305031467.9958 -0.4062 0.7774 -0.0270 0.1334 -0.1129 0.0994 0.9796
1305031468.0281 -0.3966 0.7677 -0.0051 0.1314 -0.1134 0.0966 0.9801
1305031468.0598 -0.3873 0.7569 0.0115 0.1362 -0.1136 0.0934 0.9797
1305031468.0959 -0.3786 0.7579 0.0224 0.1406 -0.1152 0.0907 0.9791
1305031468.1278 -0.3664 0.7484 0.0422 0.1398 -0.1178 0.0898 0.9790
1305031468.1599 -0.3549 0.7422 0.0576 0.1426 -0.1189 0.0863 0.9788
1305031468.1960 -0.3427 0.7366 0.0725 0.1428 -0.1193 0.0827 0.9791
1305031468.2282 -0.3310 0.7258 0.0891 0.1411 -0.1183 0.0833 0.9794
1305031468.2598 -0.3165 0.7171 0.1035 0.1408 -0.1170 0.0852 0.9794
1305031468.2958 -0.3048 0.7068 0.1173 0.1396 -0.1145 0.0853 0.9799
1305031468.3278 -0.2908 0.6910 0.1316 0.1401 -0.1120 0.0877 0.9799
1305031468.3598 -0.2795 0.6857 0.1386 0.1440 -0.1080 0.0921 0.9794
1305031468.3959 -0.2720 0.6802 0.1450 0.1423 -0.1060 0.0925 0.9798
1305031468.4280 -0.2572 0.6608 0.1527 0.1367 -0.1075 0.0932 0.9803
1305031468.4598 -0.2399 0.6476 0.1575 0.1352 -0.1097 0.0959 0.9801
1305031468.4958 -0.2279 0.6368 0.1643 0.1324 -0.1093 0.0959 0.9805
1305031468.5278 -0.2187 0.6158 0.1723 0.1301 -0.1075 0.0912 0.9814
1305031468.5597 -0.2110 0.5992 0.1754 0.1353 -0.1057 0.0824 0.9817
1305031468.5958 -0.2062 0.5918 0.1729 0.1385 -0.1049 0.0760 0.9819
1305031468.6276 -0.2019 0.5768 0.1801 0.1331 -0.1075 0.0752 0.9824
1305031468.6596 -0.1954 0.5491 0.1810 0.1295 -0.1113 0.0741 0.9825
1305031468.6958 -0.1910 0.5309 0.1831 0.1346 -0.1160 0.0698 0.9816
1305031468.7278 -0.1874 0.5192 0.1855 0.1408 -0.1207 0.0678 0.9803
1305031468.7596 -0.1823 0.5064 0.1913 0.1435 -0.1252 0.0670 0.9794
1305031468.7958 -0.1750 0.4842 0.1971 0.1460 -0.1274 0.0618 0.9791
1305031468.8292 -0.1719 0.4718 0.2000 0.1542 -0.1271 0.0548 0.9783
1305031468.8597 -0.1663 0.4701 0.2048 0.1579 -0.1265 0.0504 0.9780
1305031468.8959 -0.1620 0.4576 0.2115 0.1536 -0.1229 0.0495 0.9792
1305031468.9281 -0.1599 0.4479 0.2155 0.1486 -0.1184 0.0530 0.9803
1305031468.9596 -0.1621 0.4451 0.2171 0.1422 -0.1138 0.0570 0.9816
1305031468.9957 -0.1700 0.4506 0.2201 0.1303 -0.1121 0.0546 0.9836
1305031469.0277 -0.1683 0.4365 0.2292 0.1097 -0.1144 0.0501 0.9861
1305031469.0598 -0.1690 0.4222 0.2349 0.0949 -0.1160 0.0445 0.9877
1305031469.0957 -0.1613 0.4215 0.2455 0.0845 -0.1197 0.0352 0.9886
1305031469.1277 -0.1520 0.4129 0.2589 0.0695 -0.1186 0.0263 0.9902
1305031469.1597 -0.1500 0.4057 0.2700 0.0569 -0.1128 0.0203 0.9918
1305031469.1955 -0.1501 0.3944 0.2823 0.0454 -0.1056 0.0161 0.9932
1305031469.2278 -0.1569 0.3866 0.2910 0.0386 -0.0990 0.0134 0.9943
1305031469.2596 -0.1560 0.3856 0.3024 0.0337 -0.0979 0.0103 0.9946
1305031469.2968 -0.1563 0.3824 0.3154 0.0276 -0.0947 0.0085 0.9951
1305031469.3276 -0.1600 0.3840 0.3268 0.0224 -0.0923 0.0073 0.9955
1305031469.3596 -0.1519 0.3848 0.3442 0.0148 -0.0919 0.0037 0.9957
1305031469.3957 -0.1485 0.3818 0.3596 0.0095 -0.0825 -0.0010 0.9965
1305031469.4277 -0.1542 0.3895 0.3720 0.0089 -0.0696 -0.0065 0.9975
1305031469.4597 -0.1614 0.3937 0.3874 0.0062 -0.0592 -0.0134 0.9981
1305031469.4957 -0.1748 0.3985 0.4032 0.0051 -0.0514 -0.0168 0.9985
1305031469.5276 -0.1803 0.4080 0.4153 0.0038 -0.0518 -0.0168 0.9985
1305031469.5596 -0.1837 0.4175 0.4306 -0.0005 -0.0542 -0.0164 0.9984
1305031469.5958 -0.1876 0.4287 0.4452 -0.0058 -0.0565 -0.0149 0.9983
1305031469.6278 -0.1884 0.4336 0.4592 -0.0159 -0.0583 -0.0135 0.9981
1305031469.6596 -0.1950 0.4373 0.4759 -0.0231 -0.0557 -0.0126 0.9981
1305031469.6956 -0.2007 0.4489 0.4902 -0.0260 -0.0532 -0.0106 0.9982
1305031469.7277 -0.2077 0.4566 0.5042 -0.0319 -0.0497 -0.0083 0.9982
1305031469.7596 -0.2180 0.4661 0.5158 -0.0378 -0.0460 -0.0048 0.9982
1305031469.7956 -0.2342 0.4768 0.5324 -0.0426 -0.0436 -0.0012 0.9981
1305031469.8275 -0.2443 0.4848 0.5440 -0.0471 -0.0463 0.0016 0.9978
1305031469.8596 -0.2581 0.4935 0.5560 -0.0529 -0.0485 0.0045 0.9974
1305031469.8958 -0.2716 0.5012 0.5674 -0.0574 -0.0501 0.0078 0.9971
1305031469.9279 -0.2887 0.5065 0.5793 -0.0618 -0.0509 0.0109 0.9967
1305031469.9598 -0.3044 0.5158 0.5895 -0.0616 -0.0537 0.0136 0.9966
1305031469.9956 -0.3202 0.5232 0.5978 -0.0626 -0.0555 0.0160 0.9964
1305031470.0277 -0.3354 0.5300 0.6031 -0.0644 -0.0581 0.0167 0.9961
1305031470.0596 -0.3523 0.5383 0.6099 -0.0652 -0.0590 0.0178 0.9960
1305031470.0959 -0.3695 0.5443 0.6144 -0.0665 -0.0585 0.0200 0.9959
1305031470.1276 -0.3862 0.5510 0.6174 -0.0696 -0.0594 0.0230 0.9955
1305031470.1596 -0.4064 0.5598 0.6242 -0.0702 -0.0598 0.0274 0.9954
1305031470.1961 -0.4237 0.5647 0.6257 -0.0713 -0.0613 0.0304 0.9951
1305031470.2276 -0.4395 0.5700 0.6275 -0.0741 -0.0629 0.0345 0.9947
1305031470.2600 -0.4570 0.5748 0.6298 -0.0778 -0.0633 0.0378 0.9942
1305031470.2957 -0.4737 0.5813 0.6324 -0.0812 -0.0644 0.0412 0.9938
1305031470.3276 -0.4929 0.5867 0.6358 -0.0859 -0.0647 0.0449 0.9932
1305031470.3596 -0.5115 0.5902 0.6385 -0.0898 -0.0663 0.0506 0.9925
1305031470.3958 -0.5291 0.5931 0.6406 -0.0924 -0.0682 0.0548 0.9919
1305031470.4276 -0.5431 0.5928 0.6434 -0.0946 -0.0721 0.0538 0.9914
1305031470.4597 -0.5613 0.5945 0.6445 -0.0928 -0.0720 0.0537 0.9916
1305031470.4957 -0.5758 0.5936 0.6443 -0.0922 -0.0737 0.0548 0.9915
1305031470.5277 -0.5891 0.5926 0.6437 -0.0924 -0.0750 0.0548 0.9914
1305031470.5597 -0.6051 0.5939 0.6445 -0.0926 -0.0731 0.0558 0.9915
1305031470.5958 -0.6186 0.5924 0.6444 -0.0939 -0.0724 0.0588 0.9912
1305031470.6277 -0.6319 0.5926 0.6454 -0.0955 -0.0718 0.0639 0.9908
1305031470.6597 -0.6446 0.5910 0.6466 -0.0973 -0.0714 0.0679 0.9904
1305031470.6956 -0.6586 0.5921 0.6488 -0.0979 -0.0713 0.0717 0.9900
1305031470.7277 -0.6696 0.5894 0.6523 -0.0982 -0.0718 0.0740 0.9898
1305031470.7597 -0.6783 0.5888 0.6513 -0.0987 -0.0689 0.0771 0.9897
1305031470.7956 -0.6904 0.5902 0.6550 -0.0993 -0.0637 0.0830 0.9895
1305031470.8278 -0.7022 0.5889 0.6581 -0.0947 -0.0609 0.0881 0.9897
1305031470.8596 -0.7128 0.5860 0.6585 -0.0893 -0.0589 0.0927 0.9899
1305031470.8957 -0.7249 0.5850 0.6580 -0.0827 -0.0567 0.0976 0.9902
1305031470.9277 -0.7347 0.5825 0.6603 -0.0760 -0.0578 0.1021 0.9902
1305031470.9596 -0.7421 0.5773 0.6607 -0.0657 -0.0592 0.1045 0.9906
1305031470.9960 -0.7487 0.5770 0.6591 -0.0542 -0.0584 0.1071 0.9911
1305031471.0276 -0.7544 0.5725 0.6593 -0.0453 -0.0556 0.1092 0.9914
1305031471.0596 -0.7626 0.5687 0.6578 -0.0350 -0.0495 0.1135 0.9917
1305031471.0958 -0.7717 0.5686 0.6563 -0.0234 -0.0455 0.1200 0.9915
1305031471.1277 -0.7772 0.5643 0.6556 -0.0165 -0.0450 0.1265 0.9908
1305031471.1596 -0.7824 0.5622 0.6528 -0.0097 -0.0432 0.1325 0.9902
1305031471.1957 -0.7881 0.5604 0.6511 -0.0064 -0.0397 0.1385 0.9896
1305031471.2276 -0.7951 0.5576 0.6509 -0.0059 -0.0358 0.1439 0.9889
1305031471.2597 -0.8000 0.5524 0.6516 -0.0072 -0.0343 0.1475 0.9884
1305031471.2961 -0.8027 0.5466 0.6518 -0.0074 -0.0329 0.1522 0.9878
1305031471.3276 -0.8040 0.5448 0.6495 -0.0043 -0.0296 0.1555 0.9874
1305031471.3596 -0.8075 0.5445 0.6476 -0.0044 -0.0222 0.1585 0.9871
1305031471.3957 -0.8124 0.5354 0.6480 -0.0080 -0.0143 0.1640 0.9863
1305031471.4277 -0.8205 0.5322 0.6453 -0.0040 -0.0087 0.1710 0.9852
1305031471.4596 -0.8250 0.5317 0.6426 -0.0018 -0.0090 0.1759 0.9844
1305031471.4965 -0.8285 0.5281 0.6411 -0.0034 -0.0088 0.1802 0.9836
1305031471.5276 -0.8323 0.5259 0.6391 -0.0033 -0.0083 0.1846 0.9828
1305031471.5597 -0.8336 0.5245 0.6361 -0.0042 -0.0078 0.1866 0.9824
1305031471.5957 -0.8346 0.5204 0.6322 -0.0074 -0.0044 0.1892 0.9819
1305031471.6276 -0.8353 0.5161 0.6272 -0.0107 -0.0011 0.1915 0.9814
1305031471.6596 -0.8350 0.5112 0.6212 -0.0136 0.0017 0.1943 0.9808
1305031471.6956 -0.8335 0.5083 0.6171 -0.0152 0.0026 0.1981 0.9801
1305031471.7275 -0.8337 0.5081 0.6158 -0.0156 0.0032 0.1992 0.9798
1305031471.7597 -0.8330 0.5078 0.6145 -0.0164 0.0032 0.2003 0.9796
1305031471.7958 -0.8317 0.5089 0.6127 -0.0161 0.0030 0.2015 0.9793
1305031471.8276 -0.8289 0.5066 0.6060 -0.0214 0.0042 0.2073 0.9780
1305031471.8597 -0.8281 0.4952 0.5995 -0.0363 0.0099 0.2210 0.9746
1305031471.8956 -0.8286 0.4963 0.5990 -0.0367 0.0100 0.2218 0.9744
1305031471.9277 -0.8285 0.4961 0.5988 -0.0375 0.0099 0.2217 0.9743
1305031471.9596 -0.8280 0.4980 0.5985 -0.0371 0.0093 0.2219 0.9743
1305031471.9956 -0.8279 0.5000 0.5983 -0.0364 0.0089 0.2223 0.9743
1305031472.0276 -0.8279 0.5014 0.5976 -0.0359 0.0088 0.2226 0.9742
1305031472.0597 -0.8343 0.5386 0.5901 -0.0230 0.0098 0.2376 0.9710
1305031472.0956 -0.8341 0.5385 0.5899 -0.0233 0.0097 0.2380 0.9709
1305031472.1276 -0.8340 0.5382 0.5902 -0.0242 0.0096 0.2383 0.9708
1305031472.1596 -0.8454 0.5344 0.5964 -0.0324 0.0152 0.2467 0.9684
1305031472.1957 -0.8602 0.5331 0.5974 -0.0288 0.0259 0.2518 0.9670
1305031472.2276 -0.8936 0.5278 0.6029 -0.0239 0.0532 0.2438 0.9681
1305031472.2638 -0.8938 0.5261 0.6057 -0.0214 0.0548 0.2440 0.9680
1305031472.2957 -0.8942 0.5244 0.6049 -0.0155 0.0576 0.2463 0.9674
1305031472.3277 -0.8979 0.5240 0.6018 -0.0107 0.0614 0.2483 0.9667
1305031472.3636 -0.9021 0.5242 0.6029 -0.0093 0.0636 0.2493 0.9663
1305031472.3956 -0.9059 0.5207 0.6075 -0.0090 0.0654 0.2498 0.9660
1305031472.4277 -0.9123 0.5209 0.6123 -0.0032 0.0689 0.2484 0.9662
1305031472.4636 -0.9104 0.5194 0.6105 -0.0016 0.0679 0.2473 0.9666
1305031472.4956 -0.9074 0.5193 0.6095 -0.0017 0.0679 0.2470 0.9666
1305031472.5276 -0.9050 0.5122 0.6103 -0.0048 0.0703 0.2478 0.9662
1305031472.5636 -0.9019 0.5088 0.6090 -0.0004 0.0701 0.2490 0.9660
1305031472.5957 -0.9020 0.5103 0.6063 0.0055 0.0702 0.2510 0.9654
1305031472.6277 -0.8988 0.5083 0.6060 0.0054 0.0688 0.2527 0.9651
1305031472.6636 -0.8943 0.5054 0.6062 0.0053 0.0673 0.2540 0.9648
1305031472.6958 -0.8907 0.5030 0.6060 0.0069 0.0664 0.2551 0.9646
1305031472.7276 -0.8869 0.5009 0.6059 0.0090 0.0655 0.2549 0.9647
1305031472.7636 -0.8826 0.5000 0.6051 0.0107 0.0651 0.2535 0.9651
1305031472.7956 -0.8810 0.4965 0.6060 0.0111 0.0677 0.2519 0.9653
1305031472.8276 -0.8802 0.4954 0.6067 0.0139 0.0696 0.2517 0.9652
1305031472.8636 -0.8794 0.4944 0.6069 0.0161 0.0700 0.2527 0.9649
1305031472.8957 -0.8813 0.4943 0.6078 0.0176 0.0705 0.2544 0.9644
1305031472.9277 -0.8784 0.4931 0.6092 0.0173 0.0685 0.2562 0.9640
1305031472.9638 -0.8781 0.4939 0.6100 0.0187 0.0687 0.2573 0.9637
1305031472.9957 -0.8782 0.4924 0.6109 0.0176 0.0681 0.2584 0.9635
1305031473.0276 -0.8759 0.4921 0.6116 0.0171 0.0653 0.2585 0.9637
1305031473.0637 -0.8741 0.4909 0.6122 0.0159 0.0642 0.2572 0.9641
1305031473.0957 -0.8730 0.4911 0.6130 0.0164 0.0650 0.2555 0.9645
1305031473.1277 -0.8729 0.4893 0.6130 0.0151 0.0662 0.2542 0.9648
1305031473.1671 -0.8735 0.4873 0.6135 0.0155 0.0666 0.2538 0.9648
1305031473.1961 -0.8733 0.4875 0.6130 0.0171 0.0663 0.2535 0.9649
