1305031453.3917 0.0000 0.0000 0.0000 0.0000 0.0000 0.0000 1.0000
1305031453.5237 0.0124 0.0159 -0.0419 0.0155 0.0217 0.0373 0.9990
1305031453.6277 0.0066 0.0322 -0.0829 0.0363 0.0296 0.0523 0.9975
1305031453.7277 -0.0109 0.0590 -0.1271 0.0559 0.0165 0.0413 0.9974
1305031453.8278 -0.0378 0.0814 -0.1643 0.0675 -0.0073 0.0191 0.9975
1305031453.9277 -0.0807 0.1012 -0.1905 0.0666 -0.0504 0.0004 0.9965
1305031453.9596 -0.0848 0.1054 -0.1990 0.0641 -0.0680 -0.0088 0.9956
1305031453.9916 -0.0941 0.1052 -0.1965 0.0626 -0.0803 -0.0198 0.9946
1305031454.0277 -0.1028 0.1098 -0.1973 0.0659 -0.0927 -0.0292 0.9931
1305031454.0597 -0.1069 0.1104 -0.1896 0.0670 -0.1050 -0.0380 0.9915
1305031454.0917 -0.1152 0.1112 -0.1752 0.0689 -0.1179 -0.0501 0.9894
1305031454.1277 -0.1157 0.1097 -0.1652 0.0723 -0.1354 -0.0631 0.9861
1305031454.1597 -0.1171 0.1110 -0.1594 0.0728 -0.1533 -0.0735 0.9827
1305031454.1917 -0.1337 0.1125 -0.1530 0.0718 -0.1677 -0.0862 0.9794
1305031454.2277 -0.1463 0.1130 -0.1455 0.0756 -0.1834 -0.1037 0.9746
1305031454.2596 -0.1573 0.1229 -0.1562 0.0822 -0.1895 -0.1135 0.9718
1305031454.2916 -0.1647 0.1220 -0.1510 0.0801 -0.1975 -0.1242 0.9691
1305031454.3277 -0.1893 0.1242 -0.1519 0.0822 -0.2012 -0.1401 0.9660
1305031454.3596 -0.1974 0.1263 -0.1506 0.0890 -0.2120 -0.1550 0.9608
1305031454.3917 -0.2068 0.1286 -0.1494 0.0903 -0.2186 -0.1660 0.9573
1305031454.4275 -0.2263 0.1350 -0.1481 0.0935 -0.2269 -0.1815 0.9523
1305031454.4599 -0.2325 0.1373 -0.1458 0.0965 -0.2361 -0.1960 0.9468
1305031454.4916 -0.2454 0.1411 -0.1442 0.0986 -0.2383 -0.2115 0.9427
1305031454.5277 -0.2707 0.1539 -0.1367 0.1011 -0.2368 -0.2227 0.9403
1305031454.5596 -0.2980 0.1648 -0.1266 0.1009 -0.2339 -0.2294 0.9394
1305031454.5916 -0.3040 0.1662 -0.1235 0.1001 -0.2334 -0.2303 0.9394
1305031454.6276 -0.3084 0.1711 -0.1198 0.1009 -0.2333 -0.2301 0.9394
1305031454.6595 -0.3121 0.1722 -0.1149 0.1001 -0.2338 -0.2301 0.9394
1305031454.6919 -0.3151 0.1673 -0.1118 0.0968 -0.2343 -0.2308 0.9394
1305031454.7277 -0.3199 0.1641 -0.1065 0.0932 -0.2359 -0.2313 0.9392
1305031454.7597 -0.3264 0.1617 -0.0959 0.0876 -0.2412 -0.2315 0.9384
1305031454.7916 -0.3289 0.1621 -0.0868 0.0823 -0.2451 -0.2261 0.9392
1305031454.8276 -0.3299 0.1602 -0.0779 0.0771 -0.2474 -0.2227 0.9398
1305031454.8596 -0.3310 0.1615 -0.0752 0.0702 -0.2447 -0.2174 0.9423
1305031454.8918 -0.3313 0.1650 -0.0752 0.0650 -0.2397 -0.2108 0.9455
1305031454.9276 -0.3342 0.1709 -0.0763 0.0603 -0.2333 -0.2051 0.9486
1305031454.9596 -0.3397 0.1800 -0.0791 0.0573 -0.2267 -0.1991 0.9517
1305031454.9919 -0.3478 0.1881 -0.0837 0.0549 -0.2220 -0.1938 0.9540
1305031455.0278 -0.3522 0.2013 -0.0853 0.0561 -0.2207 -0.1912 0.9548
1305031455.0596 -0.3576 0.2069 -0.0861 0.0542 -0.2178 -0.1893 0.9559
1305031455.0917 -0.3639 0.2145 -0.0889 0.0563 -0.2141 -0.1890 0.9567
1305031455.1277 -0.3712 0.2247 -0.0925 0.0575 -0.2090 -0.1874 0.9581
1305031455.1597 -0.3826 0.2331 -0.0972 0.0561 -0.2034 -0.1830 0.9602
1305031455.1917 -0.3940 0.2401 -0.0991 0.0526 -0.1997 -0.1769 0.9623
1305031455.2276 -0.4047 0.2452 -0.1021 0.0518 -0.1962 -0.1712 0.9641
1305031455.2596 -0.4131 0.2577 -0.1062 0.0504 -0.1913 -0.1645 0.9663
1305031455.2918 -0.4278 0.2604 -0.1084 0.0415 -0.1854 -0.1544 0.9696
1305031455.3278 -0.4424 0.2704 -0.1140 0.0375 -0.1818 -0.1435 0.9721
1305031455.3596 -0.4493 0.2792 -0.1153 0.0303 -0.1812 -0.1368 0.9734
1305031455.3917 -0.4605 0.2788 -0.1163 0.0191 -0.1749 -0.1277 0.9761
1305031455.4276 -0.4769 0.2822 -0.1207 0.0119 -0.1673 -0.1169 0.9789
1305031455.4596 -0.4917 0.2808 -0.1252 0.0064 -0.1637 -0.1077 0.9806
1305031455.4916 -0.5043 0.2842 -0.1315 0.0023 -0.1605 -0.0961 0.9823
1305031455.5276 -0.5217 0.2799 -0.1359 -0.0038 -0.1574 -0.0821 0.9841
1305031455.5597 -0.5391 0.2789 -0.1441 -0.0060 -0.1579 -0.0684 0.9851
1305031455.5916 -0.5526 0.2826 -0.1541 -0.0073 -0.1593 -0.0540 0.9857
1305031455.6596 -0.5821 0.2689 -0.1638 -0.0122 -0.1576 -0.0348 0.9868
1305031455.6916 -0.5982 0.2697 -0.1747 -0.0077 -0.1550 -0.0361 0.9872
1305031455.7276 -0.6123 0.2659 -0.1841 -0.0062 -0.1516 -0.0408 0.9876
1305031455.7597 -0.6274 0.2627 -0.1946 -0.0052 -0.1456 -0.0436 0.9884
1305031455.7917 -0.6426 0.2520 -0.2050 -0.0055 -0.1402 -0.0424 0.9892
1305031455.8276 -0.6579 0.2498 -0.2197 -0.0023 -0.1361 -0.0422 0.9898
1305031455.8595 -0.6698 0.2445 -0.2302 -0.0023 -0.1345 -0.0433 0.9900
1305031455.8917 -0.6810 0.2407 -0.2414 -0.0020 -0.1317 -0.0434 0.9903
1305031455.9280 -0.6924 0.2347 -0.2500 -0.0031 -0.1282 -0.0438 0.9908
1305031455.9597 -0.7033 0.2343 -0.2612 -0.0017 -0.1241 -0.0460 0.9912
1305031455.9917 -0.7123 0.2341 -0.2679 -0.0025 -0.1198 -0.0483 0.9916
1305031456.0278 -0.7253 0.2411 -0.2787 -0.0045 -0.1120 -0.0528 0.9923
1305031456.0597 -0.7377 0.2347 -0.2814 -0.0139 -0.1067 -0.0599 0.9924
1305031456.0917 -0.7480 0.2264 -0.2834 -0.0198 -0.1027 -0.0643 0.9924
1305031456.1276 -0.7574 0.2212 -0.2878 -0.0208 -0.0986 -0.0656 0.9927
1305031456.1597 -0.7651 0.2114 -0.2882 -0.0226 -0.0935 -0.0657 0.9932
1305031456.1917 -0.7735 0.2039 -0.2912 -0.0178 -0.0854 -0.0632 0.9942
1305031456.2277 -0.7828 0.2094 -0.2970 -0.0124 -0.0744 -0.0595 0.9954
1305031456.2917 -0.8043 0.1896 -0.2923 -0.0141 -0.0519 -0.0514 0.9972
1305031456.3277 -0.8136 0.1824 -0.2895 -0.0104 -0.0413 -0.0442 0.9981
1305031456.3916 -0.8331 0.1736 -0.2805 -0.0069 -0.0168 -0.0340 0.9993
1305031456.4277 -0.8515 0.1738 -0.2761 0.0002 -0.0038 -0.0273 0.9996
1305031456.4917 -0.8900 0.1850 -0.2616 -0.0020 0.0060 -0.0155 0.9999
1305031456.5276 -0.9003 0.1826 -0.2497 -0.0079 0.0036 -0.0098 0.9999
1305031456.5917 -0.9189 0.1834 -0.2321 -0.0093 0.0077 0.0023 0.9999
1305031456.6276 -0.9292 0.1936 -0.2218 -0.0193 0.0123 0.0091 0.9997
1305031456.6916 -0.9563 0.1723 -0.1942 -0.0341 0.0222 0.0258 0.9988
1305031456.8276 -1.0053 0.1789 -0.1534 -0.0398 0.0090 0.0582 0.9975
1305031457.0917 -1.0932 0.1785 -0.0945 -0.0691 0.0431 0.0978 0.9919
1305031457.2275 -1.1422 0.1614 -0.1023 -0.0767 0.0708 0.1214 0.9871
1305031457.3275 -1.1821 0.1489 -0.1230 -0.0659 0.0971 0.1384 0.9834
1305031457.3917 -1.2111 0.1294 -0.1367 -0.0647 0.1203 0.1515 0.9790
1305031457.4917 -1.2608 0.1061 -0.1605 -0.0620 0.1361 0.1671 0.9745
1305031457.5597 -1.2866 0.0910 -0.1791 -0.0552 0.1449 0.1739 0.9725
1305031457.6275 -1.3181 0.0735 -0.1911 -0.0531 0.1534 0.1800 0.9702
1305031457.6916 -1.3486 0.0662 -0.2048 -0.0532 0.1560 0.1866 0.9685
1305031457.7596 -1.3667 0.0330 -0.2123 -0.0558 0.1588 0.1843 0.9684
1305031457.7916 -1.3711 0.0149 -0.2173 -0.0510 0.1626 0.1834 0.9682
1305031457.8277 -1.3859 0.0162 -0.2270 -0.0393 0.1709 0.1835 0.9672
1305031457.8916 -1.4060 -0.0168 -0.2314 -0.0334 0.1865 0.1844 0.9644
1305031457.9276 -1.4232 -0.0216 -0.2351 -0.0195 0.1922 0.1878 0.9630
1305031457.9916 -1.4410 -0.0385 -0.2369 -0.0075 0.1931 0.1929 0.9620
1305031458.0278 -1.4480 -0.0502 -0.2348 0.0005 0.1965 0.1932 0.9613
1305031458.0597 -1.4631 -0.0457 -0.2326 0.0110 0.2020 0.1948 0.9598
1305031458.0917 -1.4756 -0.0470 -0.2261 0.0118 0.2061 0.1967 0.9585
1305031458.1276 -1.4835 -0.0566 -0.2169 0.0099 0.2087 0.1976 0.9578
1305031458.1596 -1.4921 -0.0641 -0.2067 0.0119 0.2101 0.1997 0.9570
1305031458.1916 -1.4976 -0.0573 -0.1939 0.0156 0.2073 0.2037 0.9567
1305031458.2276 -1.5027 -0.0643 -0.1778 0.0093 0.2029 0.2057 0.9573
1305031458.2599 -1.5054 -0.0898 -0.1565 0.0039 0.2003 0.2027 0.9585
1305031458.2917 -1.5165 -0.0917 -0.1435 0.0143 0.1961 0.2022 0.9594
1305031458.3276 -1.5219 -0.0956 -0.1298 0.0172 0.1889 0.2039 0.9605
1305031458.3596 -1.5226 -0.1068 -0.1075 0.0251 0.1848 0.2037 0.9611
1305031458.3916 -1.5249 -0.1088 -0.0965 0.0374 0.1801 0.2059 0.9611
1305031458.4276 -1.5241 -0.1092 -0.0812 0.0464 0.1779 0.2139 0.9594
1305031458.4596 -1.5207 -0.1124 -0.0678 0.0579 0.1809 0.2194 0.9570
1305031458.4917 -1.5215 -0.1195 -0.0519 0.0769 0.1921 0.2173 0.9539
1305031458.5277 -1.5275 -0.1116 -0.0332 0.0941 0.2028 0.2132 0.9511
1305031458.5596 -1.5317 -0.1101 -0.0131 0.1005 0.2121 0.2107 0.9489
1305031458.5916 -1.5361 -0.1106 0.0096 0.1093 0.2189 0.2044 0.9478
1305031458.6277 -1.5452 -0.0967 0.0302 0.1133 0.2195 0.2002 0.9481
1305031458.6596 -1.5423 -0.1017 0.0549 0.1060 0.2141 0.2015 0.9499
1305031458.6917 -1.5375 -0.1039 0.0830 0.1014 0.1986 0.1968 0.9548
1305031458.7276 -1.5151 -0.1139 0.1047 0.0968 0.1791 0.1892 0.9606
1305031458.7599 -1.5222 -0.1140 0.1221 0.1033 0.1671 0.1791 0.9640
1305031458.7916 -1.5197 -0.1073 0.1365 0.1041 0.1508 0.1718 0.9680
1305031458.8276 -1.5094 -0.1141 0.1514 0.0962 0.1404 0.1707 0.9705
1305031458.8917 -1.5039 -0.1201 0.1731 0.1025 0.1378 0.1600 0.9721
1305031458.9276 -1.5136 -0.1215 0.1783 0.0998 0.1449 0.1656 0.9704
1305031458.9596 -1.5152 -0.1315 0.1840 0.0910 0.1487 0.1789 0.9683
1305031458.9916 -1.5143 -0.1545 0.1914 0.0889 0.1507 0.1840 0.9672
1305031459.0277 -1.5230 -0.1610 0.1989 0.0995 0.1470 0.1839 0.9668
1305031459.0596 -1.5324 -0.1728 0.2096 0.1077 0.1388 0.1932 0.9653
1305031459.1276 -1.5528 -0.1981 0.2231 0.1333 0.0958 0.2086 0.9641
1305031459.1596 -1.5569 -0.2038 0.2312 0.1439 0.0684 0.2095 0.9647
1305031459.1917 -1.5635 -0.2058 0.2376 0.1513 0.0479 0.2149 0.9637
1305031459.2276 -1.5675 -0.2078 0.2449 0.1540 0.0331 0.2252 0.9615
1305031459.2598 -1.5656 -0.2031 0.2592 0.1546 0.0272 0.2350 0.9592
1305031459.3276 -1.5714 -0.2003 0.2817 0.1471 0.0543 0.2654 0.9513
1305031459.3597 -1.5828 -0.1949 0.2928 0.1494 0.0782 0.2857 0.9434
1305031459.3917 -1.6002 -0.1749 0.3092 0.1474 0.1037 0.3105 0.9333
1305031459.4276 -1.5976 -0.1699 0.3220 0.1317 0.1314 0.3470 0.9192
1305031459.4597 -1.6113 -0.1757 0.3251 0.1240 0.1652 0.3854 0.8993
1305031459.5276 -1.6403 -0.1627 0.3425 0.1041 0.2012 0.4457 0.8661
1305031459.5596 -1.6495 -0.1755 0.3363 0.0936 0.2121 0.4718 0.8507
1305031459.5917 -1.6658 -0.1802 0.3387 0.0903 0.2175 0.4888 0.8400
1305031459.6276 -1.6713 -0.1884 0.3408 0.0847 0.2172 0.4993 0.8345
1305031459.6596 -1.6842 -0.1897 0.3453 0.0844 0.2240 0.4994 0.8326
1305031459.6916 -1.6987 -0.1988 0.3503 0.0770 0.2351 0.5041 0.8274
1305031459.7276 -1.7052 -0.2174 0.3510 0.0683 0.2418 0.5083 0.8237
1305031459.7917 -1.7317 -0.2549 0.3560 0.0662 0.2542 0.5025 0.8237
1305031459.8277 -1.7437 -0.2701 0.3601 0.0652 0.2549 0.5005 0.8248
1305031459.8597 -1.7568 -0.2870 0.3655 0.0611 0.2542 0.4994 0.8260
1305031459.8916 -1.7613 -0.3040 0.3698 0.0563 0.2486 0.5027 0.8260
1305031459.9276 -1.7654 -0.3198 0.3739 0.0556 0.2453 0.5059 0.8251
1305031459.9917 -1.7774 -0.3489 0.3837 0.0512 0.2414 0.5129 0.8222
1305031460.0276 -1.7783 -0.3658 0.3870 0.0493 0.2405 0.5164 0.8204
1305031460.0597 -1.7854 -0.3839 0.3913 0.0494 0.2420 0.5179 0.8190
1305031460.0917 -1.7913 -0.4051 0.3950 0.0507 0.2385 0.5243 0.8159
1305031460.1277 -1.7908 -0.4221 0.3980 0.0560 0.2295 0.5331 0.8124
1305031460.1597 -1.7965 -0.4346 0.4038 0.0635 0.2233 0.5396 0.8093
1305031460.1916 -1.7944 -0.4427 0.4110 0.0644 0.2152 0.5462 0.8070
1305031460.2278 -1.7819 -0.4503 0.4167 0.0639 0.2121 0.5507 0.8048
1305031460.2917 -1.7777 -0.4721 0.4246 0.0626 0.2280 0.5505 0.8007
1305031460.3275 -1.7754 -0.4843 0.4269 0.0617 0.2362 0.5521 0.7972
1305031460.3916 -1.7711 -0.5051 0.4365 0.0534 0.2542 0.5579 0.7882
1305031460.4275 -1.7675 -0.5163 0.4396 0.0500 0.2637 0.5624 0.7821
1305031460.4596 -1.7653 -0.5219 0.4441 0.0464 0.2753 0.5657 0.7759
1305031460.4915 -1.7673 -0.5305 0.4483 0.0384 0.2882 0.5710 0.7677
1305031460.5276 -1.7627 -0.5419 0.4508 0.0289 0.2965 0.5800 0.7582
1305031460.5596 -1.7564 -0.5531 0.4534 0.0205 0.3039 0.5838 0.7526
1305031460.5919 -1.7554 -0.5646 0.4571 0.0149 0.3124 0.5844 0.7488
1305031460.6276 -1.7513 -0.5754 0.4600 0.0102 0.3194 0.5865 0.7442
1305031460.6598 -1.7523 -0.5880 0.4646 0.0068 0.3276 0.5855 0.7415
1305031460.6917 -1.7547 -0.6000 0.4708 0.0029 0.3321 0.5861 0.7390
1305031460.7277 -1.7516 -0.6084 0.4766 -0.0022 0.3331 0.5866 0.7382
1305031460.7597 -1.7466 -0.6193 0.4814 -0.0067 0.3371 0.5854 0.7373
1305031460.7917 -1.7476 -0.6325 0.4890 -0.0104 0.3416 0.5841 0.7362
1305031460.8277 -1.7462 -0.6401 0.4973 -0.0148 0.3426 0.5818 0.7375
1305031460.8597 -1.7428 -0.6472 0.5046 -0.0213 0.3451 0.5795 0.7380
1305031460.8918 -1.7381 -0.6592 0.5129 -0.0296 0.3490 0.5772 0.7376
1305031460.9276 -1.7351 -0.6698 0.5224 -0.0352 0.3507 0.5767 0.7370
1305031460.9917 -1.7156 -0.6878 0.5351 -0.0394 0.3532 0.5791 0.7337
1305031461.0276 -1.7091 -0.6982 0.5426 -0.0386 0.3557 0.5799 0.7319
1305031461.0917 -1.7037 -0.7101 0.5575 -0.0351 0.3551 0.5789 0.7332
1305031461.1276 -1.6918 -0.7162 0.5614 -0.0372 0.3534 0.5780 0.7346
1305031461.1597 -1.6845 -0.7238 0.5657 -0.0352 0.3546 0.5764 0.7354
1305031461.1920 -1.6821 -0.7266 0.5718 -0.0316 0.3560 0.5721 0.7382
1305031461.2276 -1.6773 -0.7309 0.5771 -0.0313 0.3572 0.5699 0.7393
1305031461.2596 -1.6709 -0.7364 0.5814 -0.0300 0.3574 0.5671 0.7415
1305031461.2917 -1.6665 -0.7385 0.5876 -0.0279 0.3587 0.5615 0.7452
1305031461.3278 -1.6614 -0.7367 0.5929 -0.0264 0.3610 0.5572 0.7473
1305031461.3597 -1.6637 -0.7357 0.6006 -0.0297 0.3649 0.5531 0.7483
1305031461.3917 -1.6498 -0.7429 0.6070 -0.0390 0.3630 0.5551 0.7474
1305031461.4276 -1.6422 -0.7435 0.6105 -0.0396 0.3633 0.5535 0.7484
1305031461.4598 -1.6421 -0.7401 0.6151 -0.0419 0.3631 0.5546 0.7476
1305031461.4917 -1.6229 -0.7468 0.6140 -0.0481 0.3605 0.5575 0.7463
1305031461.5277 -1.6235 -0.7439 0.6140 -0.0421 0.3635 0.5547 0.7473
1305031461.5597 -1.6194 -0.7361 0.6095 -0.0422 0.3639 0.5518 0.7492
1305031461.5917 -1.6172 -0.7329 0.6071 -0.0434 0.3714 0.5479 0.7483
1305031461.6275 -1.6164 -0.7283 0.6066 -0.0466 0.3770 0.5473 0.7458
1305031461.6596 -1.6144 -0.7246 0.6062 -0.0497 0.3815 0.5470 0.7435
1305031461.6916 -1.6165 -0.7174 0.6060 -0.0505 0.3843 0.5513 0.7388
1305031461.7276 -1.6102 -0.7108 0.6027 -0.0536 0.3829 0.5570 0.7350
1305031461.7597 -1.6126 -0.7012 0.5969 -0.0534 0.3840 0.5590 0.7329
1305031461.7916 -1.6123 -0.6911 0.5925 -0.0577 0.3845 0.5628 0.7294
1305031461.8276 -1.6103 -0.6825 0.5878 -0.0610 0.3874 0.5668 0.7246
1305031461.8598 -1.6174 -0.6707 0.5860 -0.0621 0.3917 0.5716 0.7183
1305031461.8917 -1.6233 -0.6616 0.5855 -0.0669 0.3927 0.5813 0.7095
1305031461.9278 -1.6181 -0.6542 0.5841 -0.0759 0.3888 0.5907 0.7030
1305031461.9597 -1.6180 -0.6378 0.5751 -0.0810 0.3891 0.5931 0.7002
1305031461.9916 -1.6312 -0.6326 0.5791 -0.0905 0.3974 0.5973 0.6908
1305031462.0277 -1.6304 -0.6344 0.5837 -0.1036 0.3960 0.6076 0.6806
1305031462.0598 -1.6320 -0.6329 0.5854 -0.1085 0.3908 0.6189 0.6727
1305031462.0918 -1.6344 -0.6247 0.5824 -0.1098 0.3835 0.6296 0.6667
1305031462.1277 -1.6378 -0.6167 0.5812 -0.1127 0.3793 0.6376 0.6610
1305031462.1596 -1.6400 -0.6126 0.5814 -0.1173 0.3766 0.6432 0.6563
1305031462.1916 -1.6461 -0.6060 0.5836 -0.1215 0.3762 0.6423 0.6566
1305031462.2276 -1.6546 -0.6014 0.5842 -0.1278 0.3758 0.6424 0.6555
1305031462.2598 -1.6585 -0.5992 0.5879 -0.1362 0.3739 0.6415 0.6558
1305031462.2916 -1.6635 -0.5968 0.5924 -0.1444 0.3708 0.6386 0.6587
1305031462.3917 -1.6799 -0.5940 0.6321 -0.1808 0.3689 0.6230 0.6657
1305031463.2957 -1.6794 -0.6163 0.7089 -0.2158 0.3945 0.6027 0.6592
1305031463.5277 -1.6174 -0.7486 0.7066 -0.2600 0.4115 0.6197 0.6157
1305031463.6276 -1.6282 -0.7283 0.6704 -0.2563 0.4196 0.6112 0.6203
1305031463.6956 -1.6383 -0.7206 0.6408 -0.2473 0.4302 0.6002 0.6273
1305031463.7597 -1.6185 -0.7112 0.5947 -0.2481 0.4288 0.5942 0.6337
1305031463.8278 -1.6111 -0.7096 0.5505 -0.2495 0.4298 0.5776 0.6476
1305031463.8599 -1.5975 -0.7112 0.5268 -0.2526 0.4285 0.5706 0.6535
1305031463.8956 -1.5952 -0.7133 0.5060 -0.2517 0.4304 0.5622 0.6598
1305031463.9597 -1.5779 -0.7177 0.4689 -0.2512 0.4248 0.5549 0.6697
1305031463.9958 -1.5713 -0.7216 0.4476 -0.2482 0.4225 0.5498 0.6764
1305031464.0277 -1.5682 -0.7249 0.4275 -0.2473 0.4196 0.5438 0.6834
1305031464.0597 -1.5552 -0.7288 0.4061 -0.2494 0.4164 0.5378 0.6893
1305031464.0956 -1.5510 -0.7351 0.3896 -0.2487 0.4185 0.5292 0.6950
1305031464.1277 -1.5490 -0.7425 0.3791 -0.2472 0.4200 0.5241 0.6985
1305031464.1598 -1.5386 -0.7504 0.3685 -0.2431 0.4185 0.5228 0.7017
1305031464.1956 -1.5321 -0.7577 0.3587 -0.2336 0.4172 0.5189 0.7086
1305031464.2276 -1.5369 -0.7629 0.3487 -0.2207 0.4145 0.5150 0.7171
1305031464.2596 -1.5413 -0.7659 0.3381 -0.2091 0.4062 0.5150 0.7253
1305031464.2957 -1.5386 -0.7661 0.3225 -0.2008 0.3922 0.5147 0.7355
1305031464.3279 -1.5322 -0.7631 0.3022 -0.1942 0.3794 0.5132 0.7450
1305031464.3597 -1.5215 -0.7641 0.2836 -0.1888 0.3712 0.5107 0.7522
1305031464.3956 -1.5191 -0.7590 0.2609 -0.1826 0.3666 0.5040 0.7604
1305031464.4276 -1.5170 -0.7568 0.2441 -0.1826 0.3657 0.4956 0.7664
1305031464.4597 -1.5092 -0.7625 0.2281 -0.1828 0.3632 0.4889 0.7717
1305031464.4956 -1.5048 -0.7591 0.2069 -0.1805 0.3609 0.4836 0.7768
1305031464.5276 -1.5039 -0.7594 0.1892 -0.1806 0.3608 0.4765 0.7811
1305031464.5597 -1.4943 -0.7592 0.1680 -0.1847 0.3555 0.4680 0.7877
1305031464.5957 -1.4698 -0.7652 0.1410 -0.1884 0.3557 0.4588 0.7921
1305031464.6277 -1.4617 -0.7676 0.1194 -0.1861 0.3674 0.4468 0.7942
1305031464.6597 -1.4516 -0.7718 0.1011 -0.1861 0.3779 0.4315 0.7977
1305031464.6957 -1.4308 -0.7815 0.0912 -0.1853 0.3884 0.4129 0.8027
1305031464.7277 -1.4310 -0.7849 0.0869 -0.1757 0.3990 0.3922 0.8100
1305031464.7597 -1.4379 -0.7779 0.0789 -0.1669 0.4010 0.3719 0.8204
1305031464.7960 -1.4294 -0.7831 0.0824 -0.1645 0.3972 0.3555 0.8299
1305031464.8278 -1.4272 -0.7820 0.0866 -0.1540 0.3895 0.3425 0.8410
1305031464.8597 -1.4297 -0.7671 0.0783 -0.1433 0.3749 0.3304 0.8543
1305031464.8958 -1.4204 -0.7547 0.0679 -0.1426 0.3555 0.3164 0.8679
1305031464.9278 -1.3902 -0.7583 0.0619 -0.1482 0.3378 0.3019 0.8791
1305031464.9598 -1.3641 -0.7566 0.0568 -0.1486 0.3286 0.2867 0.8876
1305031464.9957 -1.3508 -0.7426 0.0509 -0.1456 0.3246 0.2689 0.8950
1305031465.0278 -1.3417 -0.7306 0.0608 -0.1468 0.3225 0.2479 0.9017
1305031465.0597 -1.3515 -0.7055 0.0786 -0.1409 0.3192 0.2281 0.9090
1305031465.0957 -1.3691 -0.6599 0.0790 -0.1385 0.3062 0.2147 0.9171
1305031465.1277 -1.3617 -0.6349 0.0844 -0.1523 0.2860 0.2069 0.9231
1305031465.1598 -1.3500 -0.6180 0.0971 -0.1664 0.2689 0.2043 0.9264
1305031465.1956 -1.3372 -0.5987 0.1051 -0.1758 0.2536 0.2022 0.9295
1305031465.2279 -1.3321 -0.5717 0.1093 -0.1831 0.2411 0.2009 0.9316
1305031465.2598 -1.3206 -0.5579 0.1242 -0.1930 0.2301 0.2040 0.9318
1305031465.3277 -1.3185 -0.5123 0.1351 -0.1914 0.2142 0.2291 0.9300
1305031465.3956 -1.2967 -0.4832 0.1354 -0.1817 0.1877 0.2562 0.9307
1305031465.4277 -1.2833 -0.4619 0.1228 -0.1722 0.1769 0.2683 0.9312
1305031465.4601 -1.2794 -0.4392 0.1107 -0.1623 0.1705 0.2817 0.9302
1305031465.4957 -1.2761 -0.4152 0.0973 -0.1575 0.1624 0.2924 0.9291
1305031465.5276 -1.2609 -0.4057 0.0919 -0.1578 0.1532 0.2978 0.9289
1305031465.5598 -1.2529 -0.3898 0.0767 -0.1488 0.1483 0.3029 0.9296
1305031465.5956 -1.2477 -0.3683 0.0586 -0.1400 0.1472 0.3103 0.9287
1305031465.6277 -1.2514 -0.3531 0.0467 -0.1331 0.1487 0.3180 0.9269
1305031465.6601 -1.2503 -0.3381 0.0333 -0.1251 0.1440 0.3259 0.9260
1305031465.6957 -1.2397 -0.3135 0.0138 -0.1152 0.1382 0.3325 0.9258
1305031465.7277 -1.2379 -0.2925 -0.0022 -0.1055 0.1394 0.3396 0.9242
1305031465.7598 -1.2381 -0.2687 -0.0196 -0.0951 0.1392 0.3464 0.9228
1305031465.7959 -1.2327 -0.2443 -0.0349 -0.0877 0.1384 0.3518 0.9216
1305031465.8280 -1.2266 -0.2256 -0.0492 -0.0785 0.1389 0.3556 0.9209
1305031465.8599 -1.2301 -0.1947 -0.0693 -0.0653 0.1416 0.3569 0.9210
1305031465.8955 -1.2274 -0.1629 -0.0843 -0.0620 0.1462 0.3580 0.9201
1305031465.9275 -1.2193 -0.1433 -0.0965 -0.0601 0.1540 0.3575 0.9192
1305031465.9597 -1.2209 -0.1197 -0.1130 -0.0528 0.1647 0.3530 0.9195
1305031465.9958 -1.2300 -0.1000 -0.1268 -0.0490 0.1743 0.3466 0.9204
1305031466.0276 -1.2376 -0.0781 -0.1419 -0.0444 0.1789 0.3431 0.9210
1305031466.0598 -1.2476 -0.0553 -0.1560 -0.0455 0.1814 0.3434 0.9204
1305031466.0958 -1.2530 -0.0401 -0.1692 -0.0498 0.1794 0.3450 0.9200
1305031466.1276 -1.2565 -0.0230 -0.1839 -0.0534 0.1736 0.3467 0.9202
1305031466.1604 -1.2627 -0.0106 -0.2004 -0.0565 0.1682 0.3499 0.9198
1305031466.1958 -1.2711 0.0034 -0.2177 -0.0601 0.1591 0.3526 0.9202
1305031466.2280 -1.2669 0.0165 -0.2343 -0.0679 0.1458 0.3521 0.9220
1305031466.2598 -1.2511 0.0266 -0.2525 -0.0721 0.1382 0.3474 0.9247
1305031466.2957 -1.2474 0.0411 -0.2738 -0.0729 0.1411 0.3358 0.9285
1305031466.3277 -1.2501 0.0516 -0.2951 -0.0774 0.1498 0.3253 0.9304
1305031466.3598 -1.2505 0.0573 -0.3132 -0.0869 0.1559 0.3199 0.9305
1305031466.3958 -1.2414 0.0527 -0.3277 -0.0921 0.1580 0.3163 0.9309
1305031466.4278 -1.2470 0.0606 -0.3472 -0.0859 0.1590 0.3107 0.9332
1305031466.4598 -1.2469 0.0743 -0.3664 -0.0844 0.1537 0.3074 0.9353
1305031466.4958 -1.2367 0.0886 -0.3837 -0.0866 0.1472 0.3084 0.9358
1305031466.5275 -1.2213 0.1027 -0.3993 -0.0891 0.1458 0.3091 0.9355
1305031466.5604 -1.2217 0.1178 -0.4154 -0.0913 0.1498 0.3067 0.9355
1305031466.5959 -1.2160 0.1342 -0.4296 -0.0988 0.1470 0.3053 0.9357
1305031466.6275 -1.1900 0.1401 -0.4396 -0.1082 0.1432 0.3039 0.9356
1305031466.6597 -1.1820 0.1513 -0.4537 -0.1046 0.1474 0.2975 0.9375
1305031466.6958 -1.1852 0.1701 -0.4676 -0.1029 0.1477 0.2888 0.9403
1305031466.7281 -1.1706 0.1829 -0.4775 -0.1098 0.1407 0.2824 0.9425
1305031466.7596 -1.1495 0.1902 -0.4846 -0.1108 0.1381 0.2761 0.9447
1305031466.7956 -1.1492 0.2032 -0.4994 -0.1044 0.1394 0.2686 0.9474
1305031466.8279 -1.1427 0.2146 -0.5105 -0.1059 0.1342 0.2663 0.9486
1305031466.8597 -1.1307 0.2161 -0.5154 -0.1079 0.1283 0.2684 0.9486
1305031466.8957 -1.1205 0.2172 -0.5272 -0.1035 0.1179 0.2678 0.9506
1305031466.9278 -1.1050 0.2189 -0.5431 -0.1009 0.1029 0.2680 0.9526
1305031466.9597 -1.0870 0.2234 -0.5549 -0.0988 0.0922 0.2683 0.9538
1305031466.9957 -1.0746 0.2299 -0.5691 -0.0975 0.0869 0.2662 0.9550
1305031467.0278 -1.0639 0.2357 -0.5813 -0.0970 0.0823 0.2629 0.9564
1305031467.0597 -1.0538 0.2436 -0.5935 -0.0965 0.0793 0.2599 0.9575
1305031467.0957 -1.0461 0.2533 -0.6042 -0.0980 0.0769 0.2560 0.9586
1305031467.1290 -1.0381 0.2613 -0.6103 -0.0977 0.0730 0.2467 0.9614
1305031467.1597 -1.0294 0.2682 -0.6203 -0.0963 0.0693 0.2398 0.9636
1305031467.1957 -1.0238 0.2744 -0.6292 -0.0943 0.0650 0.2359 0.9650
1305031467.2277 -1.0168 0.2806 -0.6384 -0.0922 0.0586 0.2314 0.9667
1305031467.2597 -1.0088 0.2876 -0.6470 -0.0895 0.0537 0.2267 0.9684
1305031467.2958 -1.0020 0.2939 -0.6577 -0.0867 0.0487 0.2208 0.9702
1305031467.3280 -0.9951 0.2997 -0.6695 -0.0847 0.0433 0.2169 0.9715
1305031467.3597 -0.9897 0.3088 -0.6818 -0.0847 0.0362 0.2165 0.9719
1305031467.3958 -0.9835 0.3172 -0.6910 -0.0872 0.0277 0.2139 0.9726
1305031467.4278 -0.9754 0.3251 -0.6982 -0.0864 0.0214 0.2115 0.9733
1305031467.4597 -0.9696 0.3330 -0.7103 -0.0836 0.0152 0.2104 0.9739
1305031467.4961 -0.9619 0.3398 -0.7250 -0.0860 0.0068 0.2070 0.9745
1305031467.5277 -0.9539 0.3503 -0.7311 -0.0888 0.0021 0.2028 0.9752
1305031467.5598 -0.9438 0.3585 -0.7346 -0.0879 0.0006 0.2010 0.9756
1305031467.5960 -0.9360 0.3652 -0.7425 -0.0869 -0.0007 0.2027 0.9754
1305031467.6275 -0.9205 0.3622 -0.7437 -0.0858 -0.0055 0.2064 0.9747
1305031467.6596 -0.9085 0.3663 -0.7480 -0.0781 -0.0083 0.2085 0.9749
1305031467.6959 -0.9015 0.3689 -0.7544 -0.0751 -0.0095 0.2052 0.9758
1305031467.7275 -0.8919 0.3742 -0.7454 -0.0704 -0.0101 0.1995 0.9773
1305031467.7599 -0.8826 0.3807 -0.7418 -0.0634 -0.0097 0.1959 0.9785
1305031467.7961 -0.8799 0.3927 -0.7366 -0.0559 -0.0090 0.1903 0.9801
1305031467.8278 -0.8721 0.3984 -0.7198 -0.0494 -0.0083 0.1887 0.9808
1305031467.8597 -0.8668 0.4035 -0.7095 -0.0395 -0.0077 0.1899 0.9810
1305031467.8959 -0.8635 0.4106 -0.7027 -0.0307 -0.0107 0.1881 0.9816
1305031467.9278 -0.8526 0.4150 -0.6862 -0.0249 -0.0165 0.1850 0.9823
1305031467.9598 -0.8395 0.4179 -0.6709 -0.0167 -0.0191 0.1826 0.9829
1305031467.9958 -0.8340 0.4277 -0.6652 -0.0116 -0.0184 0.1783 0.9837
1305031468.0281 -0.8225 0.4273 -0.6420 -0.0135 -0.0187 0.1755 0.9842
1305031468.0598 -0.8112 0.4247 -0.6246 -0.0087 -0.0185 0.1719 0.9849
1305031468.0959 -0.8018 0.4300 -0.6162 -0.0045 -0.0201 0.1691 0.9854
1305031468.1278 -0.7860 0.4290 -0.5962 -0.0052 -0.0229 0.1686 0.9854
1305031468.1599 -0.7729 0.4299 -0.5807 -0.0024 -0.0239 0.1651 0.9860
1305031468.1960 -0.7589 0.4318 -0.5673 -0.0022 -0.0247 0.1614 0.9866
1305031468.2282 -0.7433 0.4284 -0.5504 -0.0039 -0.0239 0.1620 0.9865
1305031468.2598 -0.7276 0.4275 -0.5366 -0.0037 -0.0217 0.1635 0.9863
1305031468.2958 -0.7132 0.4237 -0.5226 -0.0050 -0.0191 0.1632 0.9864
1305031468.3278 -0.6946 0.4156 -0.5079 -0.0045 -0.0163 0.1653 0.9861
1305031468.3598 -0.6825 0.4151 -0.5017 -0.0003 -0.0112 0.1685 0.9856
1305031468.4598 -0.6365 0.3904 -0.4796 -0.0082 -0.0124 0.1731 0.9848
1305031468.5278 -0.6102 0.3681 -0.4593 -0.0133 -0.0108 0.1682 0.9856
1305031468.5597 -0.6001 0.3541 -0.4530 -0.0090 -0.0097 0.1590 0.9872
1305031468.6596 -0.5763 0.3106 -0.4353 -0.0148 -0.0166 0.1523 0.9881
1305031468.6958 -0.5693 0.2952 -0.4286 -0.0094 -0.0215 0.1484 0.9886
1305031468.7278 -0.5642 0.2844 -0.4228 -0.0031 -0.0258 0.1464 0.9889
1305031468.7596 -0.5571 0.2746 -0.4144 0.0000 -0.0299 0.1458 0.9889
1305031468.7958 -0.5468 0.2564 -0.4046 0.0025 -0.0323 0.1405 0.9896
1305031468.8292 -0.5423 0.2450 -0.3975 0.0100 -0.0323 0.1326 0.9906
1305031468.9281 -0.5263 0.2274 -0.3759 0.0033 -0.0240 0.1294 0.9913
1305031468.9957 -0.5368 0.2304 -0.3717 -0.0156 -0.0183 0.1312 0.9911
1305031469.0598 -0.5292 0.2072 -0.3502 -0.0518 -0.0258 0.1246 0.9905
1305031469.1597 -0.5042 0.2048 -0.3162 -0.0918 -0.0284 0.1034 0.9900
1305031469.2278 -0.5049 0.1923 -0.2895 -0.1117 -0.0171 0.0962 0.9889
1305031469.2968 -0.5028 0.1974 -0.2669 -0.1227 -0.0136 0.0914 0.9881
1305031469.3276 -0.5050 0.2029 -0.2568 -0.1279 -0.0117 0.0904 0.9876
1305031469.3596 -0.4947 0.2100 -0.2423 -0.1357 -0.0125 0.0873 0.9868
1305031469.3957 -0.4896 0.2125 -0.2280 -0.1419 -0.0039 0.0815 0.9865
1305031469.4277 -0.4948 0.2225 -0.2178 -0.1443 0.0080 0.0741 0.9867
1305031469.4597 -0.5013 0.2302 -0.2031 -0.1483 0.0172 0.0660 0.9866
1305031469.4957 -0.5135 0.2380 -0.1877 -0.1504 0.0244 0.0615 0.9864
1305031469.5276 -0.5199 0.2502 -0.1793 -0.1516 0.0245 0.0616 0.9862
1305031469.5596 -0.5223 0.2639 -0.1668 -0.1556 0.0218 0.0628 0.9856
1305031469.6596 -0.5322 0.2982 -0.1290 -0.1761 0.0200 0.0686 0.9818
1305031469.7596 -0.5548 0.3366 -0.0961 -0.1900 0.0298 0.0762 0.9784
1305031469.9279 -0.6219 0.3854 -0.0360 -0.2122 0.0254 0.0938 0.9724
1305031470.0959 -0.7031 0.4260 -0.0009 -0.2133 0.0189 0.1053 0.9711
1305031470.2600 -0.7863 0.4450 0.0238 -0.2267 0.0123 0.1247 0.9659
1305031470.4276 -0.8653 0.4435 0.0499 -0.2512 0.0011 0.1426 0.9574
1305031470.5958 -0.9336 0.4321 0.0627 -0.2518 -0.0024 0.1491 0.9562
1305031470.7956 -0.9973 0.4164 0.0831 -0.2625 0.0063 0.1718 0.9495
1305031470.8278 -1.0067 0.4137 0.0877 -0.2587 0.0090 0.1765 0.9496
1305031470.8596 -1.0151 0.4097 0.0901 -0.2533 0.0109 0.1806 0.9503
1305031470.8957 -1.0256 0.4068 0.0913 -0.2470 0.0133 0.1849 0.9511
1305031470.9277 -1.0330 0.4026 0.0954 -0.2414 0.0124 0.1894 0.9517
1305031470.9596 -1.0388 0.3983 0.0978 -0.2299 0.0116 0.1921 0.9540
1305031470.9960 -1.0449 0.3962 0.0973 -0.2190 0.0133 0.1938 0.9562
1305031471.0276 -1.0490 0.3909 0.0997 -0.2108 0.0167 0.1951 0.9577
1305031471.0596 -1.0567 0.3863 0.1006 -0.2006 0.0241 0.1979 0.9592
1305031471.0958 -1.0655 0.3830 0.1004 -0.1904 0.0302 0.2030 0.9600
1305031471.1277 -1.0705 0.3773 0.1019 -0.1837 0.0325 0.2088 0.9600
1305031471.1596 -1.0754 0.3736 0.1005 -0.1766 0.0356 0.2139 0.9601
1305031471.1957 -1.0807 0.3711 0.1004 -0.1730 0.0402 0.2191 0.9594
1305031471.2276 -1.0871 0.3670 0.1021 -0.1727 0.0449 0.2235 0.9582
1305031471.2597 -1.0910 0.3611 0.1051 -0.1743 0.0469 0.2268 0.9571
1305031471.2961 -1.0925 0.3554 0.1076 -0.1743 0.0489 0.2312 0.9559
1305031471.3276 -1.0942 0.3524 0.1059 -0.1714 0.0534 0.2335 0.9556
1305031471.3596 -1.0980 0.3509 0.1045 -0.1717 0.0613 0.2350 0.9547
1305031471.3957 -1.1006 0.3416 0.1089 -0.1758 0.0695 0.2396 0.9523
1305031471.4277 -1.1077 0.3360 0.1086 -0.1722 0.0761 0.2454 0.9510
1305031471.4596 -1.1116 0.3326 0.1066 -0.1706 0.0764 0.2499 0.9501
1305031471.5276 -1.1166 0.3222 0.1061 -0.1733 0.0778 0.2583 0.9472
1305031471.5597 -1.1169 0.3187 0.1040 -0.1748 0.0782 0.2605 0.9463
1305031471.5957 -1.1166 0.3118 0.1019 -0.1789 0.0814 0.2629 0.9446
1305031471.6276 -1.1144 0.3030 0.0989 -0.1840 0.0836 0.2649 0.9428
1305031471.6596 -1.1105 0.2936 0.0953 -0.1885 0.0854 0.2683 0.9408
1305031471.8597 -1.0810 0.2546 0.0917 -0.2254 0.0876 0.2972 0.9237
1305031472.0597 -1.0928 0.2469 0.1219 -0.2601 0.1087 0.3017 0.9108
1305031472.2276 -1.1416 0.2296 0.1467 -0.2701 0.1466 0.2923 0.9056
1305031472.3636 -1.1555 0.2296 0.1478 -0.2519 0.1617 0.2919 0.9084
1305031472.5957 -1.1427 0.2162 0.1512 -0.2397 0.1610 0.2960 0.9105
1305031472.8276 -1.1184 0.2069 0.1564 -0.2313 0.1608 0.2965 0.9125
