1305031453.4237 0.0065 0.0026 -0.0075 0.0012 0.0033 0.0097 0.9999
1305031453.4597 0.0115 0.0072 -0.0187 0.0051 0.0092 0.0186 0.9998
1305031453.4917 0.0136 0.0113 -0.0291 0.0091 0.0159 0.0287 0.9994
1305031453.5237 0.0143 0.0163 -0.0414 0.0157 0.0210 0.0375 0.9990
1305031453.5598 0.0168 0.0204 -0.0545 0.0223 0.0232 0.0444 0.9985
1305031453.5916 0.0148 0.0288 -0.0699 0.0304 0.0265 0.0484 0.9980
1305031453.6277 0.0095 0.0330 -0.0826 0.0367 0.0284 0.0526 0.9975
1305031453.6596 0.0041 0.0415 -0.0972 0.0449 0.0250 0.0509 0.9974
1305031453.6917 -0.0002 0.0514 -0.1136 0.0519 0.0198 0.0462 0.9974
1305031453.7277 -0.0093 0.0607 -0.1270 0.0566 0.0156 0.0414 0.9974
1305031453.7597 -0.0196 0.0663 -0.1371 0.0609 0.0079 0.0335 0.9975
1305031453.7917 -0.0244 0.0767 -0.1540 0.0657 -0.0020 0.0255 0.9975
1305031453.8278 -0.0354 0.0831 -0.1644 0.0681 -0.0086 0.0192 0.9975
1305031453.8597 -0.0465 0.0882 -0.1731 0.0694 -0.0210 0.0119 0.9973
1305031453.8917 -0.0630 0.0985 -0.1824 0.0700 -0.0349 0.0041 0.9969
1305031453.9277 -0.0709 0.1007 -0.1877 0.0665 -0.0541 -0.0003 0.9963
1305031453.9596 -0.0728 0.1021 -0.1960 0.0629 -0.0728 -0.0092 0.9953
1305031453.9916 -0.0857 0.1024 -0.1943 0.0612 -0.0840 -0.0202 0.9944
1305031454.0277 -0.0967 0.1053 -0.1972 0.0637 -0.0962 -0.0302 0.9929
1305031454.0597 -0.1046 0.1098 -0.2007 0.0651 -0.1080 -0.0414 0.9911
1305031454.0917 -0.1132 0.1098 -0.1903 0.0662 -0.1201 -0.0528 0.9891
1305031454.1277 -0.1179 0.1101 -0.1856 0.0699 -0.1356 -0.0653 0.9861
1305031454.1597 -0.1220 0.1117 -0.1853 0.0700 -0.1526 -0.0770 0.9828
1305031454.1917 -0.1171 0.1031 -0.1701 0.0667 -0.1731 -0.0889 0.9786
1305031454.2277 -0.1350 0.1058 -0.1640 0.0709 -0.1878 -0.1063 0.9739
1305031454.2596 -0.1363 0.1078 -0.1634 0.0770 -0.2028 -0.1214 0.9686
1305031454.2916 -0.1411 0.1080 -0.1604 0.0751 -0.2120 -0.1328 0.9653
1305031454.3277 -0.1645 0.1113 -0.1621 0.0775 -0.2165 -0.1490 0.9617
1305031454.3596 -0.1724 0.1163 -0.1619 0.0854 -0.2274 -0.1633 0.9562
1305031454.3917 -0.1808 0.1211 -0.1609 0.0877 -0.2346 -0.1751 0.9522
1305031454.4275 -0.1964 0.1269 -0.1634 0.0901 -0.2436 -0.1896 0.9469
1305031454.4599 -0.2014 0.1302 -0.1591 0.0940 -0.2540 -0.2045 0.9407
1305031454.4916 -0.2094 0.1348 -0.1604 0.0964 -0.2574 -0.2207 0.9358
1305031454.5277 -0.2187 0.1420 -0.1587 0.0972 -0.2620 -0.2360 0.9307
1305031454.5596 -0.2416 0.1530 -0.1504 0.0973 -0.2607 -0.2450 0.9287
1305031454.5916 -0.2629 0.1625 -0.1438 0.0968 -0.2655 -0.2605 0.9232
1305031454.6276 -0.2783 0.1699 -0.1383 0.0964 -0.2742 -0.2749 0.9165
1305031454.6595 -0.3138 0.1943 -0.1305 0.0980 -0.2698 -0.2816 0.9156
1305031454.6919 -0.3518 0.2162 -0.1214 0.0962 -0.2675 -0.2879 0.9145
1305031454.7277 -0.3635 0.2222 -0.1178 0.0919 -0.2752 -0.2937 0.9108
1305031454.7597 -0.3601 0.2223 -0.1112 0.0854 -0.2833 -0.2914 0.9097
1305031454.7916 -0.3591 0.2264 -0.1034 0.0805 -0.2877 -0.2848 0.9109
1305031454.8276 -0.3550 0.2317 -0.0983 0.0760 -0.2900 -0.2793 0.9122
1305031454.8596 -0.3539 0.2375 -0.0929 0.0703 -0.2880 -0.2726 0.9153
1305031454.8918 -0.3512 0.2429 -0.0916 0.0658 -0.2838 -0.2654 0.9191
1305031454.9276 -0.3503 0.2497 -0.0929 0.0614 -0.2780 -0.2599 0.9227
1305031454.9596 -0.3528 0.2575 -0.0952 0.0578 -0.2723 -0.2541 0.9262
1305031454.9919 -0.3582 0.2662 -0.0978 0.0550 -0.2685 -0.2479 0.9292
1305031455.0278 -0.3600 0.2805 -0.1016 0.0564 -0.2669 -0.2448 0.9304
1305031455.0596 -0.3635 0.2833 -0.1025 0.0529 -0.2648 -0.2435 0.9315
1305031455.0917 -0.3675 0.2884 -0.1057 0.0545 -0.2617 -0.2434 0.9324
1305031455.1277 -0.3745 0.3037 -0.1102 0.0575 -0.2556 -0.2406 0.9346
1305031455.1597 -0.3850 0.3156 -0.1149 0.0573 -0.2497 -0.2356 0.9375
1305031455.1917 -0.3950 0.3233 -0.1144 0.0532 -0.2468 -0.2291 0.9401
1305031455.2276 -0.4048 0.3298 -0.1186 0.0525 -0.2435 -0.2241 0.9422
1305031455.2596 -0.4117 0.3443 -0.1236 0.0517 -0.2383 -0.2173 0.9452
1305031455.2918 -0.4258 0.3484 -0.1253 0.0425 -0.2324 -0.2074 0.9493
1305031455.3278 -0.4379 0.3581 -0.1318 0.0375 -0.2294 -0.1974 0.9524
1305031455.3596 -0.4438 0.3672 -0.1337 0.0299 -0.2283 -0.1911 0.9542
1305031455.3917 -0.4547 0.3675 -0.1347 0.0183 -0.2219 -0.1827 0.9576
1305031455.4276 -0.4701 0.3730 -0.1403 0.0114 -0.2141 -0.1723 0.9614
1305031455.4596 -0.4841 0.3732 -0.1455 0.0056 -0.2106 -0.1636 0.9638
1305031455.4916 -0.4960 0.3782 -0.1523 0.0013 -0.2072 -0.1523 0.9664
1305031455.5276 -0.5138 0.3768 -0.1582 -0.0050 -0.2037 -0.1387 0.9692
1305031455.5597 -0.5309 0.3786 -0.1680 -0.0075 -0.2038 -0.1253 0.9709
1305031455.5916 -0.5430 0.3833 -0.1787 -0.0096 -0.2053 -0.1114 0.9723
1305031455.6276 -0.5570 0.3774 -0.1811 -0.0166 -0.2054 -0.0985 0.9736
1305031455.6596 -0.5729 0.3740 -0.1909 -0.0149 -0.2034 -0.0926 0.9746
1305031455.6916 -0.5870 0.3765 -0.2015 -0.0104 -0.2017 -0.0933 0.9750
1305031455.7276 -0.5989 0.3727 -0.2113 -0.0090 -0.1994 -0.0983 0.9749
1305031455.7597 -0.6138 0.3712 -0.2244 -0.0076 -0.1933 -0.1017 0.9758
1305031455.7917 -0.6292 0.3638 -0.2360 -0.0072 -0.1879 -0.1003 0.9770
1305031455.8276 -0.6420 0.3631 -0.2500 -0.0039 -0.1849 -0.0998 0.9777
1305031455.8595 -0.6511 0.3567 -0.2607 -0.0048 -0.1846 -0.1014 0.9776
1305031455.8917 -0.6608 0.3532 -0.2734 -0.0047 -0.1822 -0.1020 0.9779
1305031455.9280 -0.6707 0.3484 -0.2827 -0.0059 -0.1796 -0.1027 0.9784
1305031455.9597 -0.6800 0.3483 -0.2957 -0.0046 -0.1761 -0.1054 0.9787
1305031455.9917 -0.6866 0.3462 -0.3020 -0.0060 -0.1725 -0.1072 0.9791
1305031456.0278 -0.6956 0.3523 -0.3134 -0.0081 -0.1657 -0.1119 0.9798
1305031456.0597 -0.7066 0.3441 -0.3155 -0.0183 -0.1610 -0.1191 0.9796
1305031456.0917 -0.7163 0.3333 -0.3172 -0.0250 -0.1577 -0.1240 0.9794
1305031456.1276 -0.7239 0.3277 -0.3214 -0.0267 -0.1547 -0.1249 0.9797
1305031456.1597 -0.7319 0.3173 -0.3205 -0.0288 -0.1503 -0.1248 0.9803
1305031456.1917 -0.7404 0.3091 -0.3246 -0.0243 -0.1426 -0.1221 0.9819
1305031456.2277 -0.7478 0.3152 -0.3309 -0.0184 -0.1322 -0.1184 0.9839
1305031456.2917 -0.7730 0.2985 -0.3293 -0.0191 -0.1091 -0.1104 0.9877
1305031456.3277 -0.7834 0.2929 -0.3275 -0.0151 -0.0989 -0.1031 0.9896
1305031456.3916 -0.8042 0.2861 -0.3199 -0.0109 -0.0750 -0.0930 0.9928
1305031456.4277 -0.8227 0.2900 -0.3174 -0.0028 -0.0623 -0.0857 0.9944
1305031456.4917 -0.8611 0.3045 -0.3073 -0.0056 -0.0523 -0.0743 0.9958
1305031456.5276 -0.8724 0.3037 -0.2962 -0.0119 -0.0546 -0.0688 0.9961
1305031456.5917 -0.8917 0.3056 -0.2818 -0.0142 -0.0508 -0.0572 0.9970
1305031456.6276 -0.9032 0.3172 -0.2730 -0.0241 -0.0449 -0.0512 0.9974
1305031456.6916 -0.9386 0.2997 -0.2490 -0.0393 -0.0327 -0.0354 0.9981
1305031456.7277 -0.9551 0.3127 -0.2418 -0.0416 -0.0305 -0.0260 0.9983
1305031456.7916 -0.9881 0.3009 -0.2201 -0.0473 -0.0389 -0.0118 0.9980
1305031456.8276 -0.9949 0.3154 -0.2142 -0.0460 -0.0431 -0.0039 0.9980
1305031456.8917 -1.0120 0.3057 -0.1885 -0.0588 -0.0412 0.0078 0.9974
1305031456.9277 -1.0252 0.3127 -0.1834 -0.0525 -0.0345 0.0140 0.9979
1305031456.9597 -1.0394 0.3263 -0.1800 -0.0517 -0.0274 0.0188 0.9981
1305031456.9917 -1.0523 0.3214 -0.1712 -0.0616 -0.0224 0.0208 0.9976
1305031457.0276 -1.0652 0.3208 -0.1677 -0.0638 -0.0176 0.0245 0.9975
1305031457.0917 -1.0893 0.3263 -0.1651 -0.0755 -0.0062 0.0342 0.9965
1305031457.1276 -1.1008 0.3181 -0.1640 -0.0801 0.0004 0.0386 0.9960
1305031457.1917 -1.1261 0.3201 -0.1747 -0.0776 0.0153 0.0512 0.9956
1305031457.2275 -1.1388 0.3155 -0.1779 -0.0824 0.0221 0.0576 0.9947
1305031457.2917 -1.1636 0.3045 -0.1926 -0.0744 0.0376 0.0701 0.9941
1305031457.3275 -1.1779 0.3073 -0.2031 -0.0709 0.0481 0.0753 0.9935
1305031457.3917 -1.2071 0.2917 -0.2195 -0.0688 0.0713 0.0887 0.9911
1305031457.4276 -1.2277 0.2912 -0.2298 -0.0651 0.0814 0.0959 0.9899
1305031457.4917 -1.2555 0.2736 -0.2477 -0.0663 0.0869 0.1047 0.9885
1305031457.5276 -1.2669 0.2664 -0.2589 -0.0629 0.0900 0.1079 0.9881
1305031457.5597 -1.2811 0.2612 -0.2692 -0.0593 0.0955 0.1119 0.9873
1305031457.5917 -1.2994 0.2595 -0.2787 -0.0555 0.1015 0.1153 0.9866
1305031457.6275 -1.3124 0.2478 -0.2843 -0.0569 0.1038 0.1183 0.9859
1305031457.6596 -1.3292 0.2520 -0.2951 -0.0510 0.1064 0.1223 0.9855
1305031457.6916 -1.3422 0.2435 -0.3005 -0.0573 0.1066 0.1248 0.9848
1305031457.7277 -1.3506 0.2231 -0.3040 -0.0623 0.1069 0.1239 0.9846
1305031457.7596 -1.3629 0.2134 -0.3104 -0.0591 0.1094 0.1226 0.9846
1305031457.7916 -1.3686 0.1961 -0.3160 -0.0539 0.1129 0.1223 0.9846
1305031457.8277 -1.3833 0.1984 -0.3271 -0.0420 0.1211 0.1227 0.9841
1305031457.8596 -1.3966 0.1877 -0.3316 -0.0407 0.1296 0.1230 0.9831
1305031457.8916 -1.4083 0.1645 -0.3304 -0.0369 0.1375 0.1238 0.9820
1305031457.9276 -1.4281 0.1613 -0.3349 -0.0231 0.1435 0.1275 0.9811
1305031457.9916 -1.4504 0.1454 -0.3367 -0.0118 0.1450 0.1330 0.9804
1305031458.0278 -1.4594 0.1347 -0.3348 -0.0036 0.1483 0.1342 0.9798
1305031458.0597 -1.4757 0.1414 -0.3346 0.0075 0.1538 0.1363 0.9786
1305031458.0917 -1.4901 0.1396 -0.3298 0.0077 0.1585 0.1378 0.9777
1305031458.1276 -1.5047 0.1315 -0.3198 0.0061 0.1628 0.1383 0.9769
1305031458.1596 -1.5186 0.1215 -0.3103 0.0071 0.1656 0.1405 0.9761
1305031458.1916 -1.5317 0.1253 -0.2993 0.0091 0.1650 0.1447 0.9756
1305031458.2276 -1.5387 0.1188 -0.2826 0.0020 0.1611 0.1459 0.9761
1305031458.2599 -1.5431 0.0968 -0.2587 -0.0030 0.1581 0.1424 0.9771
1305031458.2917 -1.5581 0.0931 -0.2483 0.0065 0.1542 0.1419 0.9778
1305031458.3276 -1.5654 0.0912 -0.2362 0.0091 0.1465 0.1434 0.9787
1305031458.3596 -1.5679 0.0802 -0.2132 0.0162 0.1415 0.1436 0.9793
1305031458.3916 -1.5740 0.0805 -0.2024 0.0291 0.1370 0.1463 0.9793
1305031458.4276 -1.5764 0.0798 -0.1886 0.0374 0.1350 0.1545 0.9780
1305031458.4596 -1.5733 0.0724 -0.1724 0.0479 0.1377 0.1619 0.9760
1305031458.4917 -1.5802 0.0911 -0.1872 0.0593 0.1392 0.1604 0.9754
1305031458.5277 -1.5891 0.1009 -0.1703 0.0781 0.1496 0.1580 0.9729
1305031458.5596 -1.5952 0.1041 -0.1502 0.0856 0.1588 0.1557 0.9712
1305031458.5916 -1.6044 0.1039 -0.1288 0.0947 0.1657 0.1499 0.9701
1305031458.6277 -1.6152 0.1247 -0.1078 0.1007 0.1662 0.1452 0.9701
1305031458.6596 -1.6192 0.1233 -0.0828 0.0940 0.1621 0.1455 0.9714
1305031458.6917 -1.6131 0.1256 -0.0487 0.0899 0.1468 0.1407 0.9750
1305031458.7276 -1.5960 0.1162 -0.0258 0.0854 0.1276 0.1327 0.9792
1305031458.7599 -1.6067 0.1191 -0.0079 0.0923 0.1156 0.1214 0.9815
1305031458.7916 -1.6032 0.1280 0.0118 0.0935 0.1004 0.1155 0.9838
1305031458.8276 -1.5946 0.1219 0.0282 0.0855 0.0898 0.1139 0.9857
1305031458.8917 -1.5914 0.1163 0.0499 0.0921 0.0860 0.1033 0.9866
1305031458.9276 -1.6024 0.1177 0.0548 0.0898 0.0939 0.1094 0.9855
1305031458.9596 -1.6049 0.1091 0.0624 0.0809 0.0982 0.1223 0.9843
1305031458.9916 -1.6083 0.0900 0.0703 0.0799 0.1006 0.1274 0.9835
1305031459.0277 -1.6244 0.0835 0.0771 0.0901 0.0989 0.1271 0.9828
1305031459.0596 -1.6414 0.0725 0.0887 0.0976 0.0928 0.1366 0.9814
1305031459.1276 -1.6530 0.0858 0.0727 0.1111 0.0898 0.1372 0.9802
1305031459.1596 -1.6611 0.0826 0.0766 0.1201 0.0631 0.1383 0.9810
1305031459.1917 -1.6703 0.0821 0.0775 0.1257 0.0432 0.1439 0.9806
1305031459.2276 -1.6776 0.0811 0.0820 0.1275 0.0296 0.1544 0.9793
1305031459.2598 -1.6799 0.0862 0.0920 0.1277 0.0254 0.1637 0.9779
1305031459.3276 -1.6882 0.0908 0.1136 0.1226 0.0553 0.1936 0.9718
1305031459.3597 -1.6994 0.0981 0.1243 0.1268 0.0798 0.2133 0.9654
1305031459.3917 -1.7130 0.1203 0.1410 0.1274 0.1055 0.2374 0.9572
1305031459.4276 -1.7098 0.1255 0.1568 0.1147 0.1359 0.2736 0.9453
1305031459.4597 -1.7244 0.1239 0.1632 0.1111 0.1715 0.3109 0.9282
1305031459.5276 -1.7274 0.1090 0.2031 0.1063 0.1886 0.3205 0.9222
1305031459.5596 -1.7400 0.1007 0.2005 0.0985 0.2019 0.3463 0.9109
1305031459.5917 -1.7573 0.1012 0.2046 0.0964 0.2088 0.3638 0.9026
1305031459.6276 -1.7640 0.0974 0.2103 0.0920 0.2097 0.3745 0.8985
1305031459.6596 -1.7766 0.0999 0.2140 0.0926 0.2162 0.3746 0.8969
1305031459.6916 -1.7924 0.0952 0.2188 0.0866 0.2281 0.3798 0.8923
1305031459.7276 -1.8029 0.0806 0.2215 0.0792 0.2354 0.3838 0.8894
1305031459.7917 -1.8375 0.0534 0.2276 0.0792 0.2472 0.3775 0.8889
1305031459.8277 -1.8540 0.0418 0.2323 0.0784 0.2486 0.3754 0.8894
1305031459.8597 -1.8697 0.0304 0.2390 0.0747 0.2483 0.3746 0.8902
1305031459.8916 -1.8768 0.0165 0.2444 0.0694 0.2432 0.3782 0.8905
1305031459.9276 -1.8844 0.0030 0.2500 0.0685 0.2402 0.3818 0.8898
1305031459.9917 -1.9040 -0.0213 0.2609 0.0635 0.2373 0.3892 0.8878
1305031460.0276 -1.9110 -0.0379 0.2646 0.0613 0.2374 0.3927 0.8864
1305031460.0597 -1.9219 -0.0519 0.2702 0.0617 0.2380 0.3938 0.8857
1305031460.0917 -1.9301 -0.0693 0.2750 0.0625 0.2332 0.4009 0.8837
1305031460.1277 -1.9336 -0.0848 0.2792 0.0669 0.2236 0.4106 0.8814
1305031460.1597 -1.9410 -0.0930 0.2865 0.0739 0.2162 0.4176 0.8794
1305031460.1916 -1.9400 -0.0994 0.2950 0.0741 0.2080 0.4245 0.8781
1305031460.2278 -1.9298 -0.1086 0.3023 0.0735 0.2050 0.4291 0.8766
1305031460.2917 -1.9300 -0.1297 0.3094 0.0743 0.2202 0.4293 0.8727
1305031460.3275 -1.9311 -0.1407 0.3129 0.0747 0.2280 0.4309 0.8699
1305031460.3916 -1.9323 -0.1600 0.3252 0.0696 0.2472 0.4373 0.8618
1305031460.4275 -1.9332 -0.1725 0.3278 0.0675 0.2578 0.4421 0.8565
1305031460.4596 -1.9343 -0.1796 0.3314 0.0653 0.2706 0.4457 0.8508
1305031460.4915 -1.9394 -0.1874 0.3352 0.0590 0.2848 0.4514 0.8436
1305031460.5276 -1.9375 -0.1987 0.3393 0.0514 0.2945 0.4615 0.8353
1305031460.5596 -1.9363 -0.2112 0.3443 0.0444 0.3039 0.4656 0.8300
1305031460.5919 -1.9417 -0.2239 0.3483 0.0399 0.3140 0.4658 0.8263
1305031460.6276 -1.9388 -0.2348 0.3515 0.0362 0.3211 0.4685 0.8222
1305031460.6598 -1.9409 -0.2459 0.3536 0.0335 0.3285 0.4677 0.8199
1305031460.6917 -1.9452 -0.2563 0.3592 0.0303 0.3333 0.4688 0.8175
1305031460.7277 -1.9435 -0.2649 0.3635 0.0250 0.3347 0.4689 0.8170
1305031460.7597 -1.9420 -0.2765 0.3687 0.0210 0.3393 0.4674 0.8161
1305031460.7917 -1.9470 -0.2887 0.3784 0.0183 0.3446 0.4666 0.8144
1305031460.8277 -1.9476 -0.2956 0.3870 0.0140 0.3461 0.4638 0.8154
1305031460.8597 -1.9469 -0.3028 0.3955 0.0081 0.3498 0.4612 0.8154
1305031460.8918 -1.9461 -0.3148 0.4050 0.0007 0.3547 0.4588 0.8147
1305031460.9276 -1.9469 -0.3274 0.4146 -0.0054 0.3577 0.4580 0.8138
1305031460.9917 -1.9329 -0.3514 0.4286 -0.0098 0.3611 0.4609 0.8106
1305031461.0276 -1.9307 -0.3639 0.4375 -0.0089 0.3642 0.4616 0.8088
1305031461.0917 -1.9311 -0.3784 0.4559 -0.0058 0.3649 0.4601 0.8094
1305031461.1276 -1.9224 -0.3887 0.4618 -0.0084 0.3645 0.4589 0.8102
1305031461.1597 -1.9162 -0.4000 0.4689 -0.0073 0.3661 0.4571 0.8105
1305031461.1920 -1.9149 -0.4032 0.4755 -0.0037 0.3671 0.4525 0.8127
1305031461.2276 -1.9117 -0.4095 0.4818 -0.0036 0.3685 0.4502 0.8133
1305031461.2596 -1.9069 -0.4168 0.4879 -0.0024 0.3690 0.4471 0.8149
1305031461.2917 -1.9041 -0.4197 0.4950 0.0002 0.3704 0.4409 0.8176
1305031461.3278 -1.8989 -0.4188 0.5001 0.0020 0.3724 0.4364 0.8191
1305031461.3597 -1.8996 -0.4158 0.5063 -0.0006 0.3756 0.4323 0.8198
1305031461.3917 -1.8887 -0.4266 0.5138 -0.0102 0.3755 0.4340 0.8189
1305031461.4276 -1.8823 -0.4301 0.5168 -0.0112 0.3760 0.4319 0.8197
1305031461.4598 -1.8825 -0.4254 0.5224 -0.0129 0.3763 0.4330 0.8190
1305031461.4917 -1.8660 -0.4375 0.5231 -0.0195 0.3751 0.4360 0.8178
1305031461.5277 -1.8672 -0.4354 0.5232 -0.0133 0.3778 0.4325 0.8186
1305031461.5597 -1.8608 -0.4295 0.5170 -0.0138 0.3776 0.4290 0.8204
1305031461.5917 -1.8612 -0.4273 0.5172 -0.0132 0.3869 0.4249 0.8183
1305031461.6275 -1.8594 -0.4227 0.5165 -0.0154 0.3928 0.4243 0.8157
1305031461.6596 -1.8572 -0.4196 0.5164 -0.0175 0.3980 0.4241 0.8132
1305031461.6916 -1.8584 -0.4123 0.5168 -0.0176 0.4017 0.4287 0.8090
1305031461.7276 -1.8500 -0.4074 0.5140 -0.0207 0.4011 0.4349 0.8059
1305031461.7597 -1.8501 -0.3988 0.5070 -0.0205 0.4022 0.4375 0.8040
1305031461.7916 -1.8476 -0.3895 0.5019 -0.0244 0.4035 0.4417 0.8009
1305031461.8276 -1.8437 -0.3814 0.4972 -0.0267 0.4072 0.4462 0.7965
1305031461.8598 -1.8486 -0.3676 0.4951 -0.0265 0.4123 0.4515 0.7909
1305031461.8917 -1.8523 -0.3575 0.4954 -0.0308 0.4148 0.4620 0.7833
1305031461.9278 -1.8464 -0.3485 0.4930 -0.0385 0.4121 0.4721 0.7783
1305031461.9597 -1.8414 -0.3328 0.4831 -0.0431 0.4131 0.4752 0.7757
1305031461.9916 -1.8528 -0.3221 0.4887 -0.0503 0.4234 0.4798 0.7668
1305031462.0277 -1.8515 -0.3236 0.4952 -0.0637 0.4245 0.4914 0.7578
1305031462.0598 -1.8528 -0.3207 0.4982 -0.0687 0.4209 0.5035 0.7514
1305031462.0918 -1.8527 -0.3110 0.4955 -0.0703 0.4143 0.5152 0.7470
1305031462.1277 -1.8547 -0.3016 0.4929 -0.0730 0.4105 0.5242 0.7426
1305031462.1596 -1.8555 -0.2968 0.4921 -0.0777 0.4083 0.5306 0.7387
1305031462.1916 -1.8612 -0.2875 0.4918 -0.0805 0.4080 0.5300 0.7390
1305031462.2276 -1.8674 -0.2798 0.4924 -0.0863 0.4084 0.5305 0.7378
1305031462.2598 -1.8720 -0.2748 0.4944 -0.0936 0.4074 0.5296 0.7381
1305031462.2916 -1.8780 -0.2690 0.4968 -0.1005 0.4048 0.5264 0.7409
1305031462.3275 -1.8803 -0.2597 0.4967 -0.1079 0.4006 0.5230 0.7445
1305031462.3597 -1.8910 -0.2540 0.5050 -0.1156 0.4026 0.5163 0.7470
1305031462.3917 -1.8964 -0.2551 0.5277 -0.1287 0.4076 0.5105 0.7461
1305031462.4276 -1.8902 -0.2552 0.5307 -0.1331 0.4049 0.5129 0.7452
1305031462.4599 -1.8904 -0.2548 0.5318 -0.1331 0.4053 0.5126 0.7451
1305031462.4920 -1.8904 -0.2548 0.5321 -0.1332 0.4054 0.5126 0.7451
1305031462.5277 -1.8911 -0.2538 0.5338 -0.1330 0.4061 0.5121 0.7451
1305031462.5599 -1.8922 -0.2516 0.5362 -0.1321 0.4070 0.5115 0.7452
1305031462.5919 -1.8937 -0.2489 0.5388 -0.1310 0.4081 0.5105 0.7454
1305031462.6279 -1.8957 -0.2461 0.5429 -0.1301 0.4099 0.5091 0.7456
1305031462.6597 -1.8964 -0.2448 0.5451 -0.1299 0.4106 0.5085 0.7456
1305031462.6925 -1.8962 -0.2452 0.5473 -0.1309 0.4113 0.5082 0.7453
1305031462.7277 -1.8958 -0.2473 0.5573 -0.1349 0.4146 0.5067 0.7437
1305031462.7598 -1.8964 -0.2463 0.5617 -0.1352 0.4163 0.5060 0.7433
1305031462.7919 -1.9214 -0.1880 0.6274 -0.1143 0.4414 0.4869 0.7450
1305031462.8278 -1.9206 -0.1901 0.6283 -0.1165 0.4414 0.4865 0.7450
1305031462.8598 -1.9203 -0.1907 0.6284 -0.1169 0.4414 0.4865 0.7448
1305031462.8918 -1.9202 -0.1910 0.6283 -0.1171 0.4413 0.4866 0.7448
1305031462.9276 -1.9201 -0.1911 0.6282 -0.1172 0.4413 0.4866 0.7448
1305031462.9597 -1.9201 -0.1911 0.6281 -0.1172 0.4412 0.4867 0.7448
1305031462.9955 -1.9200 -0.1911 0.6281 -0.1172 0.4412 0.4867 0.7448
1305031463.0277 -1.9200 -0.1912 0.6280 -0.1173 0.4412 0.4867 0.7448
1305031463.0598 -1.9197 -0.1915 0.6276 -0.1176 0.4411 0.4868 0.7448
1305031463.0958 -1.9196 -0.1916 0.6274 -0.1178 0.4410 0.4868 0.7447
1305031463.1275 -1.9193 -0.1917 0.6271 -0.1179 0.4409 0.4869 0.7447
1305031463.1598 -1.9192 -0.1919 0.6266 -0.1181 0.4407 0.4870 0.7447
1305031463.1957 -1.9189 -0.1927 0.6251 -0.1185 0.4405 0.4871 0.7448
1305031463.2278 -1.9187 -0.1925 0.6242 -0.1186 0.4402 0.4872 0.7449
1305031463.2600 -1.9183 -0.1920 0.6235 -0.1187 0.4397 0.4874 0.7450
1305031463.2957 -1.9179 -0.1913 0.6219 -0.1186 0.4390 0.4873 0.7455
1305031463.3277 -1.9176 -0.1903 0.6203 -0.1184 0.4382 0.4874 0.7459
1305031463.3598 -1.9173 -0.1887 0.6190 -0.1181 0.4375 0.4873 0.7464
1305031463.3956 -1.9171 -0.1878 0.6164 -0.1178 0.4364 0.4872 0.7472
1305031463.4277 -1.9024 -0.1874 0.5763 -0.1213 0.4191 0.4947 0.7516
1305031463.4598 -1.9019 -0.1853 0.5693 -0.1222 0.4197 0.4943 0.7514
1305031463.4956 -1.8957 -0.1827 0.5501 -0.1260 0.4187 0.4967 0.7497
1305031463.5277 -1.8976 -0.1695 0.5306 -0.1256 0.4238 0.4918 0.7502
1305031463.5598 -1.8993 -0.1636 0.5157 -0.1234 0.4273 0.4903 0.7496
1305031463.5956 -1.8983 -0.1528 0.5028 -0.1219 0.4259 0.4899 0.7508
1305031463.6276 -1.8888 -0.1427 0.4869 -0.1191 0.4238 0.4896 0.7527
1305031463.6598 -1.8877 -0.1390 0.4698 -0.1128 0.4285 0.4847 0.7541
1305031463.6956 -1.8899 -0.1283 0.4511 -0.1077 0.4283 0.4804 0.7577
1305031463.7276 -1.8766 -0.1218 0.4287 -0.1091 0.4250 0.4800 0.7597
1305031463.7597 -1.8639 -0.1218 0.4023 -0.1080 0.4253 0.4748 0.7629
1305031463.7956 -1.8630 -0.1197 0.3821 -0.1059 0.4289 0.4641 0.7678
1305031463.8278 -1.8540 -0.1169 0.3591 -0.1082 0.4275 0.4557 0.7732
1305031463.8599 -1.8434 -0.1195 0.3363 -0.1102 0.4282 0.4469 0.7777
1305031463.8956 -1.8412 -0.1202 0.3161 -0.1089 0.4306 0.4375 0.7819
1305031463.9277 -1.8359 -0.1237 0.2976 -0.1100 0.4294 0.4322 0.7853
1305031463.9597 -1.8258 -0.1259 0.2780 -0.1087 0.4252 0.4281 0.7900
1305031463.9958 -1.8202 -0.1297 0.2561 -0.1059 0.4226 0.4217 0.7952
1305031464.0277 -1.8172 -0.1324 0.2350 -0.1058 0.4196 0.4143 0.8007
1305031464.0597 -1.8066 -0.1378 0.2133 -0.1078 0.4174 0.4071 0.8052
1305031464.0956 -1.8043 -0.1430 0.1967 -0.1064 0.4202 0.3975 0.8088
1305031464.1277 -1.8045 -0.1511 0.1837 -0.1053 0.4210 0.3919 0.8112
1305031464.1598 -1.7978 -0.1614 0.1714 -0.1013 0.4188 0.3901 0.8137
1305031464.1956 -1.7950 -0.1693 0.1602 -0.0916 0.4157 0.3849 0.8189
1305031464.2276 -1.8015 -0.1712 0.1499 -0.0792 0.4107 0.3791 0.8254
1305031464.2596 -1.8067 -0.1702 0.1394 -0.0687 0.4002 0.3768 0.8326
1305031464.2957 -1.8026 -0.1676 0.1226 -0.0622 0.3841 0.3737 0.8420
1305031464.3279 -1.7949 -0.1645 0.1033 -0.0575 0.3706 0.3694 0.8502
1305031464.3597 -1.7839 -0.1673 0.0841 -0.0535 0.3612 0.3652 0.8563
1305031464.3956 -1.7779 -0.1606 0.0613 -0.0480 0.3553 0.3567 0.8627
1305031464.4276 -1.7742 -0.1574 0.0447 -0.0477 0.3548 0.3473 0.8668
1305031464.4597 -1.7698 -0.1630 0.0287 -0.0478 0.3532 0.3391 0.8706
1305031464.4956 -1.7630 -0.1580 0.0076 -0.0453 0.3505 0.3331 0.8742
1305031464.5276 -1.7618 -0.1561 -0.0097 -0.0450 0.3510 0.3251 0.8770
1305031464.5597 -1.7521 -0.1566 -0.0308 -0.0496 0.3471 0.3152 0.8818
1305031464.5957 -1.7320 -0.1698 -0.0606 -0.0529 0.3486 0.3056 0.8845
1305031464.6277 -1.7257 -0.1728 -0.0827 -0.0479 0.3606 0.2942 0.8838
1305031464.6597 -1.7174 -0.1738 -0.0986 -0.0444 0.3723 0.2792 0.8840
1305031464.6957 -1.7013 -0.1881 -0.1104 -0.0405 0.3834 0.2611 0.8850
1305031464.7277 -1.7036 -0.1902 -0.1146 -0.0281 0.3933 0.2401 0.8870
1305031464.7597 -1.7071 -0.1810 -0.1212 -0.0187 0.3950 0.2183 0.8922
1305031464.7960 -1.7019 -0.1899 -0.1190 -0.0165 0.3919 0.2001 0.8978
1305031464.8278 -1.6996 -0.1906 -0.1152 -0.0070 0.3830 0.1847 0.9051
1305031464.8597 -1.6948 -0.1756 -0.1228 0.0012 0.3669 0.1691 0.9148
1305031464.8958 -1.6802 -0.1667 -0.1321 -0.0011 0.3486 0.1514 0.9249
1305031464.9278 -1.6535 -0.1807 -0.1399 -0.0091 0.3333 0.1337 0.9333
1305031464.9598 -1.6292 -0.1881 -0.1450 -0.0106 0.3256 0.1162 0.9383
1305031464.9957 -1.6117 -0.1790 -0.1482 -0.0075 0.3225 0.0967 0.9416
1305031465.0278 -1.5987 -0.1738 -0.1369 -0.0087 0.3222 0.0749 0.9437
1305031465.0597 -1.5982 -0.1512 -0.1165 -0.0036 0.3191 0.0537 0.9462
1305031465.0957 -1.5949 -0.1052 -0.1096 -0.0037 0.3067 0.0382 0.9510
1305031465.1277 -1.5785 -0.0875 -0.1014 -0.0212 0.2906 0.0277 0.9562
1305031465.1598 -1.5626 -0.0805 -0.0876 -0.0388 0.2770 0.0229 0.9598
1305031465.1956 -1.5433 -0.0704 -0.0774 -0.0513 0.2641 0.0189 0.9629
1305031465.2279 -1.5284 -0.0494 -0.0696 -0.0610 0.2538 0.0160 0.9652
1305031465.2598 -1.5118 -0.0449 -0.0549 -0.0732 0.2444 0.0180 0.9667
1305031465.2956 -1.5016 -0.0276 -0.0463 -0.0742 0.2370 0.0275 0.9683
1305031465.3277 -1.4908 -0.0065 -0.0376 -0.0753 0.2265 0.0413 0.9702
1305031465.3599 -1.4781 0.0001 -0.0287 -0.0765 0.2132 0.0542 0.9725
1305031465.3956 -1.4578 0.0113 -0.0333 -0.0713 0.1964 0.0655 0.9757
1305031465.4277 -1.4355 0.0266 -0.0437 -0.0644 0.1827 0.0767 0.9781
1305031465.4601 -1.4209 0.0475 -0.0535 -0.0560 0.1730 0.0895 0.9792
1305031465.4957 -1.4070 0.0705 -0.0639 -0.0530 0.1629 0.0995 0.9802
1305031465.5276 -1.3880 0.0744 -0.0684 -0.0551 0.1530 0.1041 0.9812
1305031465.5598 -1.3729 0.0872 -0.0822 -0.0475 0.1456 0.1089 0.9822
1305031465.5956 -1.3582 0.1067 -0.0981 -0.0392 0.1419 0.1162 0.9823
1305031465.6277 -1.3543 0.1246 -0.1077 -0.0320 0.1410 0.1242 0.9817
1305031465.6601 -1.3451 0.1413 -0.1185 -0.0249 0.1334 0.1320 0.9819
1305031465.6957 -1.3238 0.1615 -0.1353 -0.0165 0.1249 0.1382 0.9824
1305031465.7277 -1.3113 0.1827 -0.1474 -0.0067 0.1229 0.1459 0.9816
1305031465.7598 -1.2998 0.2066 -0.1619 0.0032 0.1198 0.1530 0.9809
1305031465.7959 -1.2838 0.2290 -0.1734 0.0103 0.1168 0.1584 0.9804
1305031465.8280 -1.2703 0.2454 -0.1849 0.0194 0.1154 0.1624 0.9798
1305031465.8599 -1.2592 0.2768 -0.2022 0.0327 0.1147 0.1643 0.9792
1305031465.8955 -1.2426 0.3066 -0.2122 0.0369 0.1183 0.1660 0.9783
1305031465.9275 -1.2280 0.3234 -0.2213 0.0406 0.1259 0.1663 0.9772
1305031465.9597 -1.2194 0.3475 -0.2345 0.0501 0.1352 0.1624 0.9761
1305031465.9958 -1.2182 0.3710 -0.2450 0.0558 0.1438 0.1567 0.9755
1305031466.0276 -1.2166 0.3960 -0.2563 0.0614 0.1482 0.1535 0.9750
1305031466.0598 -1.2159 0.4229 -0.2662 0.0610 0.1511 0.1540 0.9745
1305031466.0958 -1.2135 0.4412 -0.2764 0.0565 0.1497 0.1553 0.9748
1305031466.1276 -1.2087 0.4597 -0.2884 0.0517 0.1446 0.1566 0.9756
1305031466.1604 -1.2081 0.4761 -0.3018 0.0477 0.1399 0.1595 0.9761
1305031466.1958 -1.2088 0.4947 -0.3163 0.0423 0.1316 0.1613 0.9772
1305031466.2280 -1.1986 0.5070 -0.3311 0.0319 0.1201 0.1595 0.9793
1305031466.2598 -1.1786 0.5122 -0.3483 0.0265 0.1136 0.1540 0.9812
1305031466.2957 -1.1681 0.5270 -0.3673 0.0267 0.1174 0.1421 0.9825
1305031466.3277 -1.1653 0.5396 -0.3876 0.0241 0.1276 0.1323 0.9827
1305031466.3598 -1.1615 0.5478 -0.4039 0.0161 0.1357 0.1276 0.9824
1305031466.3958 -1.1529 0.5427 -0.4179 0.0119 0.1386 0.1248 0.9824
1305031466.4278 -1.1542 0.5549 -0.4358 0.0185 0.1390 0.1188 0.9830
1305031466.4598 -1.1483 0.5700 -0.4527 0.0191 0.1340 0.1146 0.9841
1305031466.4958 -1.1334 0.5815 -0.4679 0.0158 0.1286 0.1150 0.9849
1305031466.5275 -1.1111 0.5892 -0.4813 0.0125 0.1268 0.1155 0.9851
1305031466.5604 -1.1045 0.6046 -0.4947 0.0109 0.1315 0.1133 0.9848
1305031466.5959 -1.0923 0.6190 -0.5063 0.0031 0.1306 0.1117 0.9851
1305031466.6275 -1.0647 0.6181 -0.5134 -0.0058 0.1285 0.1104 0.9855
1305031466.6597 -1.0527 0.6263 -0.5267 -0.0013 0.1325 0.1036 0.9858
1305031466.6958 -1.0473 0.6458 -0.5379 0.0005 0.1331 0.0948 0.9866
1305031466.7281 -1.0288 0.6544 -0.5450 -0.0069 0.1284 0.0873 0.9878
1305031466.7596 -1.0067 0.6545 -0.5506 -0.0076 0.1267 0.0800 0.9887
1305031466.7956 -1.0008 0.6691 -0.5627 -0.0004 0.1274 0.0724 0.9892
1305031466.8279 -0.9899 0.6797 -0.5723 -0.0024 0.1230 0.0701 0.9899
1305031466.8597 -0.9767 0.6819 -0.5738 -0.0036 0.1169 0.0723 0.9905
1305031466.8957 -0.9683 0.6892 -0.5826 0.0019 0.1070 0.0710 0.9917
1305031466.9278 -0.9540 0.6911 -0.5960 0.0025 0.0923 0.0692 0.9933
1305031466.9597 -0.9366 0.6908 -0.6069 0.0024 0.0816 0.0679 0.9943
1305031466.9957 -0.9216 0.6941 -0.6192 0.0027 0.0760 0.0651 0.9950
1305031467.0278 -0.9090 0.6982 -0.6285 0.0029 0.0719 0.0615 0.9955
1305031467.0597 -0.8962 0.7030 -0.6398 0.0029 0.0693 0.0586 0.9959
1305031467.0957 -0.8836 0.7092 -0.6476 0.0005 0.0675 0.0536 0.9963
1305031467.1290 -0.8718 0.7139 -0.6512 0.0002 0.0641 0.0436 0.9970
1305031467.1597 -0.8613 0.7179 -0.6595 0.0012 0.0611 0.0359 0.9975
1305031467.1957 -0.8531 0.7220 -0.6670 0.0022 0.0570 0.0316 0.9979
1305031467.2277 -0.8430 0.7256 -0.6746 0.0029 0.0504 0.0267 0.9984
1305031467.2597 -0.8313 0.7287 -0.6816 0.0044 0.0450 0.0216 0.9987
1305031467.2958 -0.8212 0.7327 -0.6906 0.0061 0.0398 0.0149 0.9991
1305031467.3280 -0.8112 0.7364 -0.7023 0.0069 0.0342 0.0101 0.9993
1305031467.3597 -0.8019 0.7423 -0.7130 0.0047 0.0276 0.0085 0.9996
1305031467.3958 -0.7931 0.7494 -0.7206 0.0008 0.0202 0.0051 0.9998
1305031467.4278 -0.7823 0.7546 -0.7264 0.0006 0.0140 0.0021 0.9999
1305031467.4597 -0.7715 0.7588 -0.7376 0.0012 0.0070 0.0003 1.0000
1305031467.4961 -0.7616 0.7632 -0.7508 -0.0032 -0.0001 -0.0042 1.0000
1305031467.5277 -0.7497 0.7705 -0.7549 -0.0069 -0.0041 -0.0089 0.9999
1305031467.5598 -0.7340 0.7724 -0.7576 -0.0066 -0.0061 -0.0101 0.9999
1305031467.5960 -0.7194 0.7738 -0.7635 -0.0065 -0.0086 -0.0089 0.9999
1305031467.6275 -0.7060 0.7676 -0.7610 -0.0054 -0.0138 -0.0059 0.9999
1305031467.6596 -0.6927 0.7654 -0.7649 0.0014 -0.0185 -0.0035 0.9998
1305031467.6959 -0.6852 0.7645 -0.7745 0.0040 -0.0200 -0.0074 0.9998
1305031467.7275 -0.6745 0.7620 -0.7653 0.0077 -0.0217 -0.0126 0.9997
1305031467.7599 -0.6616 0.7586 -0.7639 0.0133 -0.0234 -0.0161 0.9995
1305031467.7961 -0.6528 0.7586 -0.7596 0.0178 -0.0248 -0.0195 0.9993
1305031467.8278 -0.6419 0.7534 -0.7423 0.0229 -0.0266 -0.0206 0.9992
1305031467.8597 -0.6343 0.7506 -0.7327 0.0316 -0.0290 -0.0190 0.9989
1305031467.8959 -0.6269 0.7494 -0.7267 0.0380 -0.0344 -0.0203 0.9985
1305031467.9278 -0.6162 0.7458 -0.7100 0.0424 -0.0411 -0.0232 0.9980
1305031467.9598 -0.6032 0.7392 -0.6968 0.0495 -0.0455 -0.0251 0.9974
1305031467.9958 -0.5921 0.7416 -0.6939 0.0542 -0.0464 -0.0297 0.9970
1305031468.0281 -0.5800 0.7315 -0.6719 0.0518 -0.0473 -0.0322 0.9970
1305031468.0598 -0.5704 0.7208 -0.6556 0.0563 -0.0485 -0.0356 0.9966
1305031468.0959 -0.5596 0.7197 -0.6489 0.0601 -0.0507 -0.0386 0.9962
1305031468.1278 -0.5488 0.7114 -0.6289 0.0594 -0.0527 -0.0393 0.9961
1305031468.1599 -0.5360 0.7024 -0.6152 0.0612 -0.0546 -0.0429 0.9957
1305031468.1960 -0.5235 0.6971 -0.6005 0.0616 -0.0551 -0.0463 0.9955
1305031468.2282 -0.5125 0.6863 -0.5837 0.0604 -0.0539 -0.0456 0.9957
1305031468.2598 -0.4974 0.6741 -0.5712 0.0599 -0.0527 -0.0442 0.9958
1305031468.2958 -0.4863 0.6636 -0.5563 0.0593 -0.0501 -0.0443 0.9960
1305031468.3278 -0.4747 0.6477 -0.5404 0.0608 -0.0476 -0.0420 0.9961
1305031468.3598 -0.4625 0.6388 -0.5337 0.0649 -0.0445 -0.0381 0.9962
1305031468.3959 -0.4591 0.6370 -0.5265 0.0650 -0.0415 -0.0375 0.9963
1305031468.4280 -0.4467 0.6123 -0.5174 0.0586 -0.0424 -0.0367 0.9967
1305031468.4598 -0.4308 0.5949 -0.5128 0.0567 -0.0449 -0.0335 0.9968
1305031468.4958 -0.4222 0.5852 -0.5038 0.0550 -0.0437 -0.0333 0.9970
1305031468.5278 -0.4176 0.5623 -0.4960 0.0524 -0.0416 -0.0385 0.9970
1305031468.5597 -0.4151 0.5450 -0.4920 0.0572 -0.0406 -0.0478 0.9964
1305031468.5958 -0.4111 0.5352 -0.4938 0.0594 -0.0411 -0.0543 0.9959
1305031468.6276 -0.4112 0.5218 -0.4857 0.0542 -0.0425 -0.0544 0.9961
1305031468.6596 -0.4119 0.4916 -0.4818 0.0494 -0.0456 -0.0551 0.9962
1305031468.6958 -0.4123 0.4732 -0.4782 0.0536 -0.0511 -0.0593 0.9955
1305031468.7278 -0.4118 0.4630 -0.4748 0.0595 -0.0565 -0.0610 0.9948
1305031468.7596 -0.4089 0.4504 -0.4678 0.0617 -0.0614 -0.0616 0.9943
1305031468.7958 -0.4064 0.4295 -0.4601 0.0640 -0.0641 -0.0667 0.9937
1305031468.8292 -0.4059 0.4176 -0.4548 0.0717 -0.0655 -0.0739 0.9925
1305031468.8597 -0.3986 0.4136 -0.4536 0.0746 -0.0660 -0.0789 0.9919
1305031468.8959 -0.3977 0.4035 -0.4428 0.0713 -0.0617 -0.0793 0.9924
1305031468.9281 -0.3961 0.3921 -0.4397 0.0665 -0.0566 -0.0758 0.9933
1305031468.9596 -0.3988 0.3910 -0.4375 0.0612 -0.0505 -0.0720 0.9942
1305031468.9957 -0.4040 0.4001 -0.4352 0.0501 -0.0474 -0.0737 0.9949
1305031469.0277 -0.4049 0.3866 -0.4242 0.0288 -0.0470 -0.0769 0.9955
1305031469.0598 -0.4070 0.3724 -0.4162 0.0129 -0.0471 -0.0809 0.9955
1305031469.0957 -0.3978 0.3719 -0.4062 0.0018 -0.0502 -0.0890 0.9948
1305031469.1277 -0.3886 0.3620 -0.3939 -0.0140 -0.0476 -0.0970 0.9941
1305031469.1597 -0.3864 0.3556 -0.3823 -0.0263 -0.0405 -0.1026 0.9936
1305031469.1955 -0.3871 0.3455 -0.3684 -0.0373 -0.0321 -0.1065 0.9931
1305031469.2278 -0.3937 0.3407 -0.3574 -0.0436 -0.0249 -0.1090 0.9928
1305031469.2596 -0.3927 0.3424 -0.3446 -0.0482 -0.0230 -0.1117 0.9923
1305031469.2968 -0.3923 0.3427 -0.3321 -0.0534 -0.0188 -0.1133 0.9919
1305031469.3276 -0.3920 0.3455 -0.3204 -0.0586 -0.0164 -0.1143 0.9916
1305031469.3596 -0.3814 0.3468 -0.3052 -0.0662 -0.0151 -0.1173 0.9908
1305031469.3957 -0.3773 0.3457 -0.2905 -0.0704 -0.0050 -0.1222 0.9900
1305031469.4277 -0.3803 0.3567 -0.2782 -0.0698 0.0081 -0.1284 0.9892
1305031469.4597 -0.3843 0.3659 -0.2628 -0.0713 0.0186 -0.1354 0.9881
1305031469.4957 -0.3922 0.3744 -0.2455 -0.0723 0.0257 -0.1392 0.9873
1305031469.5276 -0.3927 0.3836 -0.2343 -0.0746 0.0254 -0.1391 0.9871
1305031469.5596 -0.3932 0.3979 -0.2207 -0.0783 0.0246 -0.1379 0.9870
1305031469.5958 -0.3911 0.4105 -0.2084 -0.0840 0.0230 -0.1357 0.9869
1305031469.6278 -0.3893 0.4176 -0.1945 -0.0940 0.0228 -0.1332 0.9864
1305031469.6596 -0.3920 0.4247 -0.1779 -0.1008 0.0265 -0.1321 0.9857
1305031469.6956 -0.3933 0.4391 -0.1657 -0.1033 0.0300 -0.1298 0.9857
1305031469.7277 -0.3952 0.4486 -0.1520 -0.1091 0.0340 -0.1275 0.9852
1305031469.7596 -0.4003 0.4602 -0.1407 -0.1149 0.0383 -0.1241 0.9848
1305031469.7956 -0.4103 0.4767 -0.1245 -0.1190 0.0415 -0.1203 0.9847
1305031469.8275 -0.4154 0.4877 -0.1130 -0.1238 0.0392 -0.1170 0.9846
1305031469.8596 -0.4246 0.5007 -0.1007 -0.1298 0.0380 -0.1134 0.9843
1305031469.8958 -0.4342 0.5141 -0.0891 -0.1335 0.0374 -0.1094 0.9843
1305031469.9279 -0.4464 0.5275 -0.0761 -0.1363 0.0370 -0.1053 0.9844
1305031469.9598 -0.4592 0.5409 -0.0670 -0.1363 0.0356 -0.1029 0.9847
1305031469.9956 -0.4686 0.5517 -0.0563 -0.1386 0.0322 -0.1000 0.9848
1305031470.0277 -0.4814 0.5634 -0.0500 -0.1399 0.0307 -0.0991 0.9847
1305031470.0596 -0.4954 0.5759 -0.0413 -0.1415 0.0303 -0.0978 0.9846
1305031470.0959 -0.5110 0.5881 -0.0367 -0.1415 0.0321 -0.0959 0.9848
1305031470.1276 -0.5278 0.6050 -0.0314 -0.1414 0.0336 -0.0922 0.9851
1305031470.1596 -0.5412 0.6121 -0.0242 -0.1460 0.0318 -0.0888 0.9848
1305031470.1961 -0.5571 0.6228 -0.0212 -0.1460 0.0316 -0.0853 0.9851
1305031470.2276 -0.5729 0.6319 -0.0189 -0.1490 0.0318 -0.0813 0.9850
1305031470.2600 -0.5865 0.6429 -0.0144 -0.1512 0.0310 -0.0766 0.9850
1305031470.2957 -0.6053 0.6537 -0.0128 -0.1544 0.0340 -0.0740 0.9846
1305031470.3276 -0.6189 0.6637 -0.0056 -0.1593 0.0324 -0.0688 0.9843
1305031470.3596 -0.6357 0.6717 -0.0016 -0.1629 0.0322 -0.0628 0.9841
1305031470.3958 -0.6495 0.6794 0.0036 -0.1655 0.0294 -0.0574 0.9841
1305031470.4276 -0.6576 0.6947 0.0119 -0.1597 0.0226 -0.0544 0.9854
1305031470.4597 -0.6722 0.6987 0.0148 -0.1591 0.0212 -0.0540 0.9856
1305031470.4957 -0.6870 0.7016 0.0165 -0.1585 0.0198 -0.0525 0.9858
1305031470.5277 -0.6995 0.7039 0.0185 -0.1592 0.0179 -0.0526 0.9857
1305031470.5597 -0.7134 0.7235 0.0223 -0.1479 0.0190 -0.0508 0.9875
1305031470.5958 -0.7222 0.7310 0.0268 -0.1445 0.0165 -0.0458 0.9883
1305031470.6277 -0.7354 0.7355 0.0301 -0.1450 0.0178 -0.0405 0.9884
1305031470.6597 -0.7471 0.7371 0.0331 -0.1463 0.0179 -0.0364 0.9884
1305031470.6956 -0.7596 0.7398 0.0368 -0.1478 0.0179 -0.0328 0.9883
1305031470.7277 -0.7703 0.7385 0.0405 -0.1489 0.0175 -0.0304 0.9882
1305031470.7597 -0.7734 0.7537 0.0421 -0.1376 0.0159 -0.0250 0.9900
1305031470.7956 -0.7829 0.7553 0.0486 -0.1395 0.0205 -0.0194 0.9898
1305031470.8278 -0.7990 0.7377 0.0505 -0.1503 0.0269 -0.0173 0.9881
1305031470.8596 -0.8091 0.7372 0.0524 -0.1444 0.0280 -0.0131 0.9890
1305031470.8957 -0.8206 0.7385 0.0537 -0.1378 0.0292 -0.0090 0.9900
1305031470.9277 -0.8301 0.7396 0.0576 -0.1302 0.0275 -0.0050 0.9911
1305031470.9596 -0.8383 0.7368 0.0594 -0.1196 0.0251 -0.0033 0.9925
1305031470.9960 -0.8455 0.7378 0.0586 -0.1080 0.0251 -0.0017 0.9938
1305031471.0276 -0.8522 0.7357 0.0602 -0.0981 0.0272 -0.0004 0.9948
1305031471.0596 -0.8617 0.7343 0.0604 -0.0864 0.0327 0.0026 0.9957
1305031471.0958 -0.8710 0.7351 0.0600 -0.0750 0.0360 0.0079 0.9965
1305031471.1277 -0.8777 0.7320 0.0604 -0.0678 0.0362 0.0138 0.9969
1305031471.1596 -0.8838 0.7304 0.0580 -0.0606 0.0375 0.0191 0.9973
1305031471.1957 -0.8901 0.7300 0.0569 -0.0564 0.0410 0.0244 0.9973
1305031471.2276 -0.8975 0.7300 0.0585 -0.0542 0.0451 0.0297 0.9971
1305031471.2597 -0.9035 0.7265 0.0608 -0.0548 0.0470 0.0340 0.9968
1305031471.2961 -0.9075 0.7212 0.0616 -0.0547 0.0488 0.0385 0.9966
1305031471.3276 -0.9106 0.7185 0.0586 -0.0519 0.0524 0.0406 0.9965
1305031471.3596 -0.9136 0.7180 0.0568 -0.0517 0.0590 0.0423 0.9960
1305031471.3957 -0.9193 0.7108 0.0597 -0.0537 0.0669 0.0484 0.9951
1305031471.4277 -0.9281 0.7098 0.0590 -0.0482 0.0722 0.0548 0.9947
1305031471.4596 -0.9332 0.7102 0.0571 -0.0456 0.0720 0.0596 0.9946
1305031471.4965 -0.9373 0.7075 0.0563 -0.0467 0.0724 0.0638 0.9942
1305031471.5276 -0.9421 0.7060 0.0551 -0.0462 0.0733 0.0682 0.9939
1305031471.5597 -0.9442 0.7047 0.0524 -0.0468 0.0740 0.0699 0.9937
1305031471.5957 -0.9469 0.7017 0.0496 -0.0487 0.0778 0.0721 0.9932
1305031471.6276 -0.9495 0.6988 0.0465 -0.0501 0.0820 0.0740 0.9926
1305031471.6596 -0.9524 0.6967 0.0436 -0.0501 0.0865 0.0772 0.9920
1305031471.6956 -0.9538 0.6934 0.0399 -0.0508 0.0889 0.0811 0.9914
1305031471.7275 -0.9551 0.6929 0.0383 -0.0517 0.0911 0.0833 0.9910
1305031471.7597 -0.9558 0.6925 0.0377 -0.0528 0.0952 0.0916 0.9898
1305031471.7958 -0.9611 0.6934 0.0350 -0.0516 0.1036 0.0969 0.9885
1305031471.8276 -0.9623 0.6913 0.0342 -0.0562 0.1065 0.1013 0.9875
1305031471.8597 -0.9631 0.6933 0.0377 -0.0580 0.1082 0.1066 0.9867
1305031471.8956 -0.9655 0.6923 0.0403 -0.0623 0.1118 0.1105 0.9856
1305031471.9277 -0.9679 0.6968 0.0444 -0.0662 0.1166 0.1161 0.9841
1305031471.9596 -0.9712 0.6969 0.0430 -0.0688 0.1231 0.1193 0.9828
1305031471.9956 -0.9757 0.6994 0.0423 -0.0694 0.1301 0.1215 0.9816
1305031472.0276 -0.9802 0.7046 0.0534 -0.0711 0.1359 0.1219 0.9806
1305031472.0597 -0.9854 0.7022 0.0474 -0.0783 0.1413 0.1331 0.9778
1305031472.0956 -0.9869 0.7003 0.0465 -0.0803 0.1437 0.1366 0.9769
1305031472.1276 -0.9903 0.6990 0.0511 -0.0861 0.1457 0.1404 0.9755
1305031472.1596 -0.9958 0.7068 0.0576 -0.0835 0.1476 0.1449 0.9748
1305031472.1957 -1.0008 0.7078 0.0603 -0.0779 0.1509 0.1493 0.9741
1305031472.2276 -1.0061 0.7104 0.0620 -0.0737 0.1542 0.1492 0.9739
1305031472.2638 -1.0055 0.7115 0.0626 -0.0694 0.1542 0.1493 0.9742
1305031472.2957 -1.0098 0.7098 0.0611 -0.0623 0.1592 0.1515 0.9736
1305031472.3277 -1.0152 0.7087 0.0599 -0.0578 0.1639 0.1534 0.9728
1305031472.3636 -1.0186 0.7101 0.0614 -0.0558 0.1658 0.1534 0.9726
1305031472.3956 -1.0185 0.7074 0.0635 -0.0560 0.1635 0.1553 0.9726
1305031472.4277 -1.0172 0.7037 0.0628 -0.0546 0.1604 0.1556 0.9732
1305031472.4636 -1.0147 0.7006 0.0603 -0.0539 0.1584 0.1544 0.9737
1305031472.4956 -1.0157 0.7002 0.0598 -0.0537 0.1611 0.1535 0.9734
1305031472.5276 -1.0113 0.6936 0.0607 -0.0560 0.1614 0.1551 0.9730
1305031472.5636 -1.0107 0.6904 0.0608 -0.0507 0.1620 0.1562 0.9730
1305031472.5957 -1.0112 0.6918 0.0578 -0.0444 0.1620 0.1575 0.9731
1305031472.6277 -1.0085 0.6893 0.0573 -0.0446 0.1607 0.1594 0.9730
1305031472.6636 -1.0042 0.6850 0.0573 -0.0451 0.1589 0.1609 0.9731
1305031472.6958 -1.0011 0.6819 0.0570 -0.0436 0.1580 0.1620 0.9731
1305031472.7276 -0.9981 0.6792 0.0567 -0.0415 0.1572 0.1615 0.9734
1305031472.7636 -0.9941 0.6780 0.0557 -0.0396 0.1565 0.1601 0.9738
1305031472.7956 -0.9950 0.6754 0.0569 -0.0380 0.1602 0.1578 0.9736
1305031472.8276 -0.9930 0.6737 0.0578 -0.0358 0.1611 0.1574 0.9737
1305031472.8636 -0.9917 0.6724 0.0580 -0.0336 0.1609 0.1582 0.9736
1305031472.8957 -0.9938 0.6723 0.0587 -0.0323 0.1617 0.1592 0.9734
1305031472.9277 -0.9919 0.6717 0.0605 -0.0318 0.1603 0.1616 0.9732
1305031472.9638 -0.9913 0.6728 0.0614 -0.0300 0.1605 0.1626 0.9731
1305031472.9957 -0.9910 0.6715 0.0626 -0.0311 0.1598 0.1639 0.9730
1305031473.0276 -0.9879 0.6700 0.0626 -0.0326 0.1564 0.1642 0.9734
1305031473.0637 -0.9868 0.6688 0.0629 -0.0338 0.1557 0.1628 0.9737
1305031473.0957 -0.9854 0.6689 0.0639 -0.0335 0.1563 0.1612 0.9739
1305031473.1277 -0.9850 0.6668 0.0642 -0.0351 0.1572 0.1600 0.9739
1305031473.1671 -0.9861 0.6657 0.0652 -0.0342 0.1577 0.1597 0.9739
1305031473.1961 -0.9868 0.6658 0.0643 -0.0325 0.1577 0.1590 0.9741
