1305031453.4237 0.0054 0.0024 -0.0086 0.0010 0.0038 0.0093 0.9999
1305031453.4597 0.0101 0.0067 -0.0183 0.0049 0.0098 0.0181 0.9998
1305031453.4917 0.0124 0.0120 -0.0276 0.0094 0.0164 0.0283 0.9994
1305031453.5237 0.0120 0.0190 -0.0407 0.0168 0.0217 0.0371 0.9989
1305031453.5598 0.0147 0.0236 -0.0549 0.0234 0.0237 0.0438 0.9985
1305031453.5916 0.0141 0.0315 -0.0700 0.0313 0.0265 0.0481 0.9980
1305031453.6277 0.0098 0.0389 -0.0844 0.0385 0.0277 0.0523 0.9975
1305031453.6596 0.0070 0.0485 -0.0999 0.0468 0.0231 0.0507 0.9973
1305031453.6917 0.0026 0.0584 -0.1171 0.0538 0.0179 0.0462 0.9973
1305031453.7277 -0.0058 0.0684 -0.1313 0.0586 0.0133 0.0411 0.9973
1305031453.7597 -0.0139 0.0750 -0.1428 0.0632 0.0045 0.0333 0.9974
1305031453.7917 -0.0200 0.0840 -0.1593 0.0675 -0.0046 0.0253 0.9974
1305031453.8278 -0.0292 0.0923 -0.1701 0.0705 -0.0120 0.0190 0.9973
1305031453.8597 -0.0445 0.1017 -0.1807 0.0731 -0.0233 0.0116 0.9970
1305031453.8917 -0.0602 0.1146 -0.1886 0.0745 -0.0379 0.0054 0.9965
1305031453.9277 -0.0698 0.1189 -0.1950 0.0714 -0.0569 0.0007 0.9958
1305031453.9596 -0.0746 0.1224 -0.2070 0.0685 -0.0740 -0.0088 0.9949
1305031453.9916 -0.0841 0.1224 -0.2043 0.0667 -0.0861 -0.0202 0.9938
1305031454.0277 -0.0944 0.1245 -0.2078 0.0686 -0.0984 -0.0305 0.9923
1305031454.0597 -0.1018 0.1284 -0.2111 0.0696 -0.1107 -0.0423 0.9905
1305031454.0917 -0.1150 0.1295 -0.2047 0.0702 -0.1221 -0.0556 0.9885
1305031454.1277 -0.1252 0.1276 -0.2050 0.0725 -0.1365 -0.0701 0.9855
1305031454.1597 -0.1372 0.1348 -0.2100 0.0740 -0.1509 -0.0831 0.9823
1305031454.1917 -0.1501 0.1346 -0.2095 0.0714 -0.1665 -0.0982 0.9785
1305031454.2277 -0.1666 0.1316 -0.2048 0.0733 -0.1820 -0.1174 0.9735
1305031454.2596 -0.1709 0.1333 -0.2038 0.0794 -0.1953 -0.1338 0.9683
1305031454.2916 -0.1793 0.1388 -0.2055 0.0785 -0.2020 -0.1450 0.9654
1305031454.3277 -0.1939 0.1388 -0.2086 0.0789 -0.2102 -0.1606 0.9612
1305031454.3596 -0.2007 0.1428 -0.2089 0.0867 -0.2210 -0.1760 0.9553
1305031454.3917 -0.2113 0.1525 -0.2089 0.0898 -0.2270 -0.1874 0.9515
1305031454.4275 -0.2222 0.1557 -0.2148 0.0913 -0.2376 -0.2029 0.9455
1305031454.4599 -0.2228 0.1575 -0.2166 0.0941 -0.2474 -0.2184 0.9393
1305031454.4916 -0.2295 0.1622 -0.2205 0.0963 -0.2509 -0.2350 0.9341
1305031454.5277 -0.2333 0.1689 -0.2243 0.0971 -0.2558 -0.2515 0.9284
1305031454.5596 -0.2411 0.1752 -0.2270 0.0943 -0.2600 -0.2647 0.9238
1305031454.5916 -0.2528 0.1828 -0.2282 0.0923 -0.2679 -0.2823 0.9165
1305031454.6276 -0.2545 0.1846 -0.2285 0.0898 -0.2807 -0.2962 0.9085
1305031454.6595 -0.2576 0.1929 -0.2287 0.0850 -0.2911 -0.3036 0.9032
1305031454.6919 -0.2653 0.1961 -0.2268 0.0774 -0.3032 -0.3123 0.8970
1305031454.7277 -0.2633 0.2041 -0.2184 0.0750 -0.3171 -0.3165 0.8909
1305031454.7597 -0.2616 0.2047 -0.2190 0.0683 -0.3222 -0.3152 0.8901
1305031454.7916 -0.2582 0.2124 -0.2153 0.0641 -0.3256 -0.3083 0.8915
1305031454.8276 -0.2522 0.2188 -0.2125 0.0591 -0.3277 -0.3024 0.8931
1305031454.8596 -0.2487 0.2250 -0.2093 0.0534 -0.3255 -0.2961 0.8964
1305031454.8918 -0.2451 0.2324 -0.2093 0.0494 -0.3207 -0.2890 0.9007
1305031454.9276 -0.2430 0.2408 -0.2115 0.0455 -0.3144 -0.2828 0.9050
1305031454.9596 -0.2439 0.2490 -0.2157 0.0420 -0.3082 -0.2771 0.9091
1305031454.9919 -0.2475 0.2561 -0.2204 0.0385 -0.3044 -0.2713 0.9123
1305031455.0278 -0.2473 0.2676 -0.2241 0.0385 -0.3034 -0.2685 0.9134
1305031455.0596 -0.2506 0.2728 -0.2262 0.0359 -0.3006 -0.2671 0.9149
1305031455.0917 -0.2554 0.2806 -0.2311 0.0382 -0.2967 -0.2667 0.9162
1305031455.1277 -0.2599 0.2936 -0.2358 0.0402 -0.2917 -0.2645 0.9183
1305031455.1597 -0.2687 0.3046 -0.2420 0.0393 -0.2861 -0.2599 0.9214
1305031455.1917 -0.2775 0.3125 -0.2448 0.0352 -0.2826 -0.2541 0.9243
1305031455.2276 -0.2869 0.3195 -0.2493 0.0343 -0.2790 -0.2489 0.9268
1305031455.2596 -0.2927 0.3338 -0.2549 0.0330 -0.2739 -0.2426 0.9301
1305031455.2918 -0.3061 0.3381 -0.2595 0.0233 -0.2674 -0.2332 0.9347
1305031455.3278 -0.3177 0.3499 -0.2677 0.0186 -0.2634 -0.2233 0.9383
1305031455.3596 -0.3224 0.3590 -0.2701 0.0107 -0.2620 -0.2174 0.9402
1305031455.3917 -0.3325 0.3592 -0.2726 -0.0013 -0.2552 -0.2096 0.9439
1305031455.4276 -0.3473 0.3653 -0.2798 -0.0085 -0.2469 -0.1997 0.9482
1305031455.4596 -0.3604 0.3655 -0.2868 -0.0146 -0.2431 -0.1914 0.9508
1305031455.4916 -0.3716 0.3708 -0.2954 -0.0192 -0.2392 -0.1803 0.9539
1305031455.5276 -0.3886 0.3687 -0.3034 -0.0263 -0.2351 -0.1676 0.9571
1305031455.5597 -0.4048 0.3698 -0.3151 -0.0298 -0.2349 -0.1542 0.9593
1305031455.5916 -0.4162 0.3767 -0.3262 -0.0318 -0.2358 -0.1399 0.9612
1305031455.6276 -0.4307 0.3723 -0.3299 -0.0385 -0.2350 -0.1278 0.9628
1305031455.6596 -0.4460 0.3699 -0.3397 -0.0368 -0.2331 -0.1218 0.9641
1305031455.6916 -0.4591 0.3727 -0.3507 -0.0323 -0.2317 -0.1220 0.9646
1305031455.7276 -0.4715 0.3711 -0.3614 -0.0301 -0.2289 -0.1265 0.9647
1305031455.7597 -0.4848 0.3693 -0.3745 -0.0288 -0.2232 -0.1295 0.9657
1305031455.7917 -0.4995 0.3628 -0.3862 -0.0280 -0.2182 -0.1284 0.9670
1305031455.8276 -0.5114 0.3616 -0.4007 -0.0250 -0.2153 -0.1275 0.9679
1305031455.8595 -0.5223 0.3572 -0.4119 -0.0251 -0.2139 -0.1288 0.9680
1305031455.8917 -0.5311 0.3549 -0.4244 -0.0246 -0.2116 -0.1288 0.9685
1305031455.9280 -0.5411 0.3508 -0.4336 -0.0254 -0.2084 -0.1294 0.9691
1305031455.9597 -0.5494 0.3507 -0.4459 -0.0242 -0.2051 -0.1314 0.9696
1305031455.9917 -0.5563 0.3488 -0.4541 -0.0257 -0.2012 -0.1334 0.9701
1305031456.0278 -0.5647 0.3543 -0.4661 -0.0280 -0.1942 -0.1378 0.9708
1305031456.0597 -0.5775 0.3468 -0.4704 -0.0377 -0.1884 -0.1454 0.9705
1305031456.0917 -0.5889 0.3378 -0.4737 -0.0438 -0.1842 -0.1505 0.9703
1305031456.1276 -0.5980 0.3331 -0.4786 -0.0450 -0.1803 -0.1516 0.9708
1305031456.1597 -0.6070 0.3233 -0.4783 -0.0472 -0.1756 -0.1515 0.9716
1305031456.1917 -0.6149 0.3142 -0.4816 -0.0432 -0.1686 -0.1489 0.9734
1305031456.2277 -0.6215 0.3212 -0.4882 -0.0370 -0.1585 -0.1451 0.9759
1305031456.2917 -0.6450 0.3052 -0.4849 -0.0377 -0.1367 -0.1374 0.9803
1305031456.3277 -0.6547 0.2992 -0.4829 -0.0341 -0.1270 -0.1305 0.9827
1305031456.3916 -0.6755 0.2948 -0.4754 -0.0292 -0.1034 -0.1205 0.9869
1305031456.4277 -0.6931 0.3004 -0.4732 -0.0207 -0.0913 -0.1134 0.9891
1305031456.4917 -0.7295 0.3192 -0.4652 -0.0228 -0.0813 -0.1013 0.9913
1305031456.5276 -0.7408 0.3204 -0.4546 -0.0289 -0.0835 -0.0958 0.9915
1305031456.5917 -0.7598 0.3251 -0.4395 -0.0310 -0.0799 -0.0840 0.9928
1305031456.6276 -0.7694 0.3393 -0.4306 -0.0405 -0.0745 -0.0777 0.9934
1305031456.6916 -0.8048 0.3245 -0.4087 -0.0553 -0.0624 -0.0626 0.9945
1305031456.7277 -0.8216 0.3416 -0.4019 -0.0566 -0.0596 -0.0529 0.9952
1305031456.7916 -0.8566 0.3315 -0.3834 -0.0630 -0.0675 -0.0393 0.9950
1305031456.8276 -0.8613 0.3492 -0.3752 -0.0610 -0.0724 -0.0302 0.9950
1305031456.8917 -0.8814 0.3427 -0.3504 -0.0733 -0.0695 -0.0195 0.9947
1305031456.9277 -0.8933 0.3487 -0.3462 -0.0678 -0.0634 -0.0130 0.9956
1305031456.9597 -0.9072 0.3660 -0.3433 -0.0657 -0.0563 -0.0075 0.9962
1305031456.9917 -0.9213 0.3619 -0.3350 -0.0756 -0.0507 -0.0059 0.9958
1305031457.0276 -0.9349 0.3632 -0.3319 -0.0771 -0.0456 -0.0025 0.9960
1305031457.0917 -0.9583 0.3695 -0.3299 -0.0892 -0.0341 0.0064 0.9954
1305031457.1276 -0.9695 0.3613 -0.3294 -0.0945 -0.0276 0.0106 0.9951
1305031457.1917 -0.9958 0.3653 -0.3414 -0.0911 -0.0113 0.0232 0.9955
1305031457.2275 -1.0094 0.3616 -0.3456 -0.0958 -0.0036 0.0291 0.9950
1305031457.2917 -1.0330 0.3500 -0.3609 -0.0887 0.0116 0.0416 0.9951
1305031457.3275 -1.0461 0.3535 -0.3722 -0.0848 0.0220 0.0468 0.9951
1305031457.3917 -1.0771 0.3388 -0.3895 -0.0827 0.0467 0.0597 0.9937
1305031457.4276 -1.0976 0.3391 -0.4014 -0.0789 0.0571 0.0669 0.9930
1305031457.4917 -1.1255 0.3222 -0.4203 -0.0803 0.0628 0.0756 0.9919
1305031457.5276 -1.1369 0.3155 -0.4320 -0.0768 0.0661 0.0789 0.9917
1305031457.5597 -1.1503 0.3105 -0.4429 -0.0734 0.0713 0.0828 0.9913
1305031457.5917 -1.1670 0.3097 -0.4537 -0.0695 0.0767 0.0866 0.9909
1305031457.6275 -1.1811 0.2976 -0.4597 -0.0711 0.0795 0.0893 0.9903
1305031457.6596 -1.1956 0.3038 -0.4717 -0.0648 0.0815 0.0938 0.9901
1305031457.6916 -1.2084 0.2955 -0.4778 -0.0712 0.0819 0.0962 0.9894
1305031457.7277 -1.2188 0.2758 -0.4810 -0.0759 0.0828 0.0952 0.9891
1305031457.7596 -1.2299 0.2662 -0.4884 -0.0729 0.0845 0.0942 0.9893
1305031457.7916 -1.2367 0.2489 -0.4935 -0.0675 0.0881 0.0935 0.9894
1305031457.8277 -1.2483 0.2528 -0.5053 -0.0550 0.0950 0.0946 0.9894
1305031457.8596 -1.2615 0.2433 -0.5103 -0.0532 0.1034 0.0949 0.9887
1305031457.8916 -1.2764 0.2206 -0.5106 -0.0490 0.1117 0.0960 0.9879
1305031457.9276 -1.2933 0.2204 -0.5165 -0.0344 0.1164 0.1008 0.9875
1305031457.9916 -1.3164 0.2062 -0.5191 -0.0231 0.1178 0.1066 0.9870
1305031458.0278 -1.3250 0.1937 -0.5181 -0.0157 0.1206 0.1080 0.9867
1305031458.0597 -1.3406 0.2035 -0.5185 -0.0039 0.1259 0.1108 0.9858
1305031458.0917 -1.3563 0.2042 -0.5132 -0.0030 0.1309 0.1128 0.9850
1305031458.1276 -1.3706 0.1938 -0.5046 -0.0055 0.1352 0.1134 0.9843
1305031458.1596 -1.3868 0.1826 -0.4965 -0.0053 0.1382 0.1161 0.9836
1305031458.1916 -1.4050 0.1870 -0.4886 -0.0036 0.1388 0.1201 0.9830
1305031458.2276 -1.4193 0.1793 -0.4753 -0.0117 0.1366 0.1213 0.9831
1305031458.2599 -1.4312 0.1485 -0.4558 -0.0189 0.1345 0.1188 0.9836
1305031458.2917 -1.4479 0.1478 -0.4481 -0.0089 0.1304 0.1187 0.9843
1305031458.3276 -1.4577 0.1439 -0.4328 -0.0072 0.1240 0.1215 0.9848
1305031458.3596 -1.4630 0.1265 -0.4144 -0.0019 0.1186 0.1241 0.9852
1305031458.3916 -1.4747 0.1311 -0.4040 0.0120 0.1157 0.1278 0.9850
1305031458.4276 -1.4808 0.1275 -0.3899 0.0189 0.1154 0.1366 0.9837
1305031458.4596 -1.4762 0.1169 -0.3735 0.0281 0.1177 0.1442 0.9821
1305031458.4917 -1.4786 0.1104 -0.3564 0.0476 0.1273 0.1440 0.9802
1305031458.5277 -1.4995 0.1384 -0.3380 0.0747 0.1412 0.1417 0.9769
1305031458.5596 -1.5081 0.1432 -0.3176 0.0831 0.1511 0.1398 0.9750
1305031458.5916 -1.5193 0.1458 -0.2953 0.0933 0.1585 0.1339 0.9738
1305031458.6277 -1.5351 0.1708 -0.2766 0.1006 0.1605 0.1292 0.9734
1305031458.6596 -1.5466 0.1709 -0.2529 0.0942 0.1577 0.1293 0.9744
1305031458.6917 -1.5512 0.1734 -0.2275 0.0892 0.1430 0.1226 0.9780
1305031458.7276 -1.5391 0.1664 -0.2063 0.0862 0.1251 0.1146 0.9817
1305031458.7599 -1.5462 0.1715 -0.1915 0.0931 0.1111 0.1035 0.9840
1305031458.7916 -1.5457 0.1837 -0.1779 0.0941 0.0954 0.0940 0.9865
1305031458.8276 -1.5400 0.1797 -0.1621 0.0869 0.0859 0.0921 0.9882
1305031458.8917 -1.5390 0.1732 -0.1419 0.0933 0.0829 0.0811 0.9889
1305031458.9276 -1.5480 0.1782 -0.1362 0.0924 0.0897 0.0862 0.9879
1305031458.9596 -1.5526 0.1691 -0.1291 0.0833 0.0951 0.0995 0.9870
1305031458.9916 -1.5608 0.1412 -0.1217 0.0798 0.0995 0.1064 0.9861
1305031459.0277 -1.5827 0.1372 -0.1161 0.0909 0.1000 0.1055 0.9852
1305031459.0596 -1.6055 0.1254 -0.1075 0.0981 0.0955 0.1154 0.9838
1305031459.1276 -1.6080 0.1304 -0.1810 0.0953 0.0882 0.1090 0.9855
1305031459.1596 -1.6137 0.1310 -0.1734 0.1046 0.0616 0.1112 0.9864
1305031459.1917 -1.6212 0.1346 -0.1639 0.1112 0.0426 0.1173 0.9859
1305031459.2276 -1.6242 0.1388 -0.1495 0.1146 0.0285 0.1282 0.9847
1305031459.2598 -1.6245 0.1487 -0.1316 0.1163 0.0243 0.1369 0.9834
1305031459.3276 -1.6431 0.1529 -0.1452 0.1118 0.0348 0.1390 0.9833
1305031459.3597 -1.6492 0.1653 -0.1299 0.1183 0.0575 0.1579 0.9787
1305031459.3917 -1.6611 0.1913 -0.1127 0.1202 0.0832 0.1824 0.9723
1305031459.4276 -1.6665 0.1801 -0.2011 0.0980 0.0876 0.1997 0.9710
1305031459.4597 -1.6872 0.1784 -0.2000 0.0952 0.1268 0.2374 0.9584
1305031459.5276 -1.6776 0.2158 -0.1870 0.1011 0.1254 0.2320 0.9593
1305031459.5596 -1.6989 0.2095 -0.1891 0.0939 0.1449 0.2585 0.9505
1305031459.5917 -1.7195 0.2138 -0.1876 0.0920 0.1538 0.2765 0.9442
1305031459.6276 -1.7291 0.2125 -0.1845 0.0875 0.1556 0.2865 0.9413
1305031459.6596 -1.7427 0.2172 -0.1820 0.0888 0.1627 0.2867 0.9399
1305031459.6916 -1.7603 0.2157 -0.1799 0.0837 0.1755 0.2919 0.9365
1305031459.7276 -1.7749 0.2032 -0.1801 0.0769 0.1840 0.2959 0.9342
1305031459.7917 -1.8178 0.1818 -0.1789 0.0780 0.1970 0.2900 0.9333
1305031459.8277 -1.8371 0.1741 -0.1767 0.0773 0.1983 0.2874 0.9338
1305031459.8597 -1.8566 0.1657 -0.1726 0.0734 0.1984 0.2861 0.9346
1305031459.8916 -1.8683 0.1529 -0.1679 0.0673 0.1944 0.2895 0.9348
1305031459.9276 -1.8799 0.1408 -0.1636 0.0657 0.1918 0.2932 0.9343
1305031459.9917 -1.9056 0.1206 -0.1544 0.0601 0.1901 0.3006 0.9327
1305031460.0276 -1.9153 0.1074 -0.1497 0.0584 0.1904 0.3034 0.9318
1305031460.0597 -1.9293 0.0950 -0.1460 0.0583 0.1913 0.3051 0.9311
1305031460.0917 -1.9437 0.0785 -0.1424 0.0580 0.1877 0.3123 0.9295
1305031460.1277 -1.9494 0.0657 -0.1375 0.0614 0.1775 0.3223 0.9278
1305031460.1597 -1.9597 0.0605 -0.1314 0.0677 0.1700 0.3294 0.9263
1305031460.1916 -1.9614 0.0556 -0.1206 0.0673 0.1624 0.3363 0.9252
1305031460.2278 -1.9555 0.0461 -0.1112 0.0668 0.1603 0.3400 0.9243
1305031460.2917 -1.9624 0.0257 -0.1024 0.0696 0.1764 0.3406 0.9209
1305031460.3275 -1.9670 0.0147 -0.0974 0.0708 0.1852 0.3426 0.9183
1305031460.3916 -1.9716 -0.0027 -0.0848 0.0675 0.2048 0.3494 0.9118
1305031460.4275 -1.9763 -0.0132 -0.0793 0.0670 0.2163 0.3539 0.9075
1305031460.4596 -1.9783 -0.0186 -0.0756 0.0663 0.2290 0.3577 0.9029
1305031460.4915 -1.9875 -0.0248 -0.0690 0.0619 0.2456 0.3631 0.8966
1305031460.5276 -1.9892 -0.0368 -0.0643 0.0548 0.2571 0.3736 0.8896
1305031460.5596 -1.9894 -0.0487 -0.0590 0.0487 0.2671 0.3778 0.8852
1305031460.5919 -1.9962 -0.0590 -0.0549 0.0456 0.2776 0.3783 0.8819
1305031460.6276 -1.9979 -0.0704 -0.0503 0.0428 0.2861 0.3809 0.8782
1305031460.6598 -2.0060 -0.0814 -0.0450 0.0415 0.2955 0.3802 0.8754
1305031460.6917 -2.0150 -0.0909 -0.0375 0.0391 0.3018 0.3811 0.8730
1305031460.7277 -2.0155 -0.1000 -0.0319 0.0340 0.3038 0.3814 0.8724
1305031460.7597 -2.0175 -0.1111 -0.0259 0.0309 0.3090 0.3797 0.8714
1305031460.7917 -2.0255 -0.1217 -0.0175 0.0286 0.3146 0.3788 0.8699
1305031460.8277 -2.0288 -0.1287 -0.0083 0.0246 0.3169 0.3757 0.8705
1305031460.8597 -2.0298 -0.1362 -0.0008 0.0189 0.3207 0.3731 0.8704
1305031460.8918 -2.0321 -0.1476 0.0085 0.0122 0.3265 0.3705 0.8695
1305031460.9276 -2.0355 -0.1606 0.0182 0.0064 0.3299 0.3703 0.8684
1305031460.9917 -2.0265 -0.1879 0.0316 0.0016 0.3331 0.3738 0.8657
1305031461.0276 -2.0262 -0.1993 0.0403 0.0029 0.3355 0.3747 0.8643
1305031461.0917 -2.0301 -0.2134 0.0596 0.0060 0.3361 0.3735 0.8646
1305031461.1276 -2.0232 -0.2258 0.0649 0.0031 0.3353 0.3725 0.8653
1305031461.1597 -2.0190 -0.2401 0.0723 0.0036 0.3367 0.3713 0.8653
1305031461.1920 -2.0183 -0.2429 0.0792 0.0075 0.3370 0.3668 0.8671
1305031461.2276 -2.0172 -0.2507 0.0861 0.0075 0.3387 0.3646 0.8673
1305031461.2596 -2.0126 -0.2588 0.0926 0.0085 0.3385 0.3615 0.8687
1305031461.2917 -2.0109 -0.2617 0.0993 0.0115 0.3391 0.3552 0.8710
1305031461.3278 -2.0056 -0.2616 0.1047 0.0138 0.3406 0.3510 0.8721
1305031461.3597 -2.0091 -0.2593 0.1131 0.0115 0.3457 0.3461 0.8721
1305031461.3917 -2.0000 -0.2710 0.1210 0.0022 0.3459 0.3477 0.8714
1305031461.4276 -1.9943 -0.2761 0.1243 0.0011 0.3465 0.3460 0.8719
1305031461.4598 -1.9931 -0.2723 0.1292 -0.0012 0.3468 0.3471 0.8713
1305031461.4917 -1.9789 -0.2863 0.1302 -0.0077 0.3456 0.3497 0.8708
1305031461.5277 -1.9787 -0.2832 0.1300 -0.0009 0.3471 0.3469 0.8713
1305031461.5597 -1.9716 -0.2795 0.1263 -0.0012 0.3477 0.3432 0.8725
1305031461.5917 -1.9690 -0.2768 0.1242 0.0001 0.3553 0.3396 0.8709
1305031461.6275 -1.9659 -0.2719 0.1234 -0.0013 0.3612 0.3391 0.8687
1305031461.6596 -1.9622 -0.2687 0.1222 -0.0029 0.3660 0.3392 0.8666
1305031461.6916 -1.9609 -0.2618 0.1215 -0.0033 0.3693 0.3446 0.8631
1305031461.7276 -1.9518 -0.2589 0.1181 -0.0067 0.3689 0.3509 0.8607
1305031461.7597 -1.9500 -0.2512 0.1126 -0.0066 0.3707 0.3539 0.8587
1305031461.7916 -1.9452 -0.2423 0.1080 -0.0105 0.3725 0.3581 0.8561
1305031461.8276 -1.9400 -0.2346 0.1040 -0.0122 0.3768 0.3629 0.8521
1305031461.8598 -1.9419 -0.2202 0.1016 -0.0114 0.3821 0.3690 0.8472
1305031461.8917 -1.9442 -0.2084 0.1018 -0.0155 0.3856 0.3798 0.8407
1305031461.9278 -1.9382 -0.2003 0.0983 -0.0231 0.3838 0.3904 0.8365
1305031461.9597 -1.9324 -0.1883 0.0879 -0.0276 0.3858 0.3935 0.8340
1305031461.9916 -1.9448 -0.1870 0.0913 -0.0375 0.3977 0.3996 0.8251
1305031462.0277 -1.9455 -0.1884 0.0967 -0.0508 0.4004 0.4113 0.8172
1305031462.0598 -1.9473 -0.1837 0.0980 -0.0558 0.3973 0.4238 0.8121
1305031462.0918 -1.9460 -0.1735 0.0936 -0.0579 0.3907 0.4359 0.8087
1305031462.1277 -1.9467 -0.1632 0.0895 -0.0607 0.3870 0.4448 0.8054
1305031462.1596 -1.9468 -0.1590 0.0877 -0.0664 0.3852 0.4511 0.8023
1305031462.1916 -1.9512 -0.1507 0.0853 -0.0699 0.3848 0.4505 0.8025
1305031462.2276 -1.9570 -0.1418 0.0844 -0.0753 0.3858 0.4507 0.8015
1305031462.2598 -1.9621 -0.1362 0.0856 -0.0825 0.3857 0.4491 0.8017
1305031462.2916 -1.9681 -0.1298 0.0860 -0.0894 0.3834 0.4456 0.8041
1305031462.3275 -1.9706 -0.1215 0.0831 -0.0971 0.3795 0.4417 0.8071
1305031462.3597 -1.9814 -0.1114 0.0860 -0.1028 0.3799 0.4347 0.8100
1305031462.3917 -1.9806 -0.1134 0.0944 -0.1131 0.3785 0.4353 0.8090
1305031462.4276 -1.9876 -0.1360 0.1207 -0.1361 0.3874 0.4305 0.8038
1305031462.4599 -1.9866 -0.1493 0.1432 -0.1600 0.3872 0.4217 0.8041
1305031462.4920 -1.9871 -0.1540 0.1609 -0.1740 0.3873 0.4156 0.8044
1305031462.5277 -1.9983 -0.1547 0.1642 -0.1788 0.3877 0.4100 0.8060
1305031462.5599 -1.9992 -0.1487 0.1591 -0.1793 0.3808 0.4095 0.8094
1305031462.5919 -1.9946 -0.1381 0.1513 -0.1762 0.3726 0.4105 0.8134
1305031462.6279 -1.9944 -0.1335 0.1518 -0.1749 0.3702 0.4094 0.8153
1305031462.6597 -1.9904 -0.1355 0.1510 -0.1800 0.3653 0.4069 0.8177
1305031462.6925 -1.9967 -0.1542 0.1586 -0.1962 0.3668 0.3941 0.8195
1305031462.7277 -1.9911 -0.1580 0.1536 -0.2009 0.3594 0.3921 0.8227
1305031462.7598 -1.9857 -0.1668 0.1548 -0.2113 0.3502 0.3877 0.8261
1305031462.7919 -2.0008 -0.1492 0.1478 -0.2072 0.3432 0.3771 0.8349
1305031462.8278 -2.0081 -0.1526 0.1391 -0.2123 0.3404 0.3721 0.8370
1305031462.8598 -2.0095 -0.1537 0.1336 -0.2165 0.3384 0.3688 0.8382
1305031462.8918 -2.0068 -0.1537 0.1316 -0.2185 0.3366 0.3679 0.8388
1305031462.9276 -2.0010 -0.1524 0.1280 -0.2231 0.3332 0.3646 0.8404
1305031462.9597 -1.9983 -0.1517 0.1237 -0.2247 0.3309 0.3635 0.8414
1305031462.9955 -1.9972 -0.1454 0.0940 -0.2246 0.3253 0.3610 0.8446
1305031463.0277 -1.9978 -0.1489 0.0817 -0.2226 0.3233 0.3562 0.8480
1305031463.0598 -1.9970 -0.1518 0.0675 -0.2225 0.3183 0.3502 0.8524
1305031463.0958 -1.9960 -0.1432 0.0574 -0.2201 0.3138 0.3446 0.8569
1305031463.1275 -1.9962 -0.1351 0.0467 -0.2169 0.3114 0.3369 0.8616
1305031463.1598 -1.9939 -0.1340 0.0378 -0.2150 0.3088 0.3321 0.8649
1305031463.1957 -1.9922 -0.1330 0.0280 -0.2168 0.3068 0.3274 0.8670
1305031463.2278 -1.9866 -0.1221 0.0191 -0.2146 0.3034 0.3236 0.8702
1305031463.2600 -1.9837 -0.1106 0.0099 -0.2090 0.3017 0.3190 0.8738
1305031463.2957 -1.9702 -0.1134 -0.0163 -0.2089 0.2960 0.3133 0.8778
1305031463.3277 -1.9639 -0.1058 -0.0271 -0.2076 0.2916 0.3110 0.8804
1305031463.3598 -1.9628 -0.0973 -0.0342 -0.2011 0.2893 0.3095 0.8832
1305031463.3956 -1.9498 -0.0940 -0.0539 -0.1981 0.2817 0.3050 0.8879
1305031463.4277 -1.9405 -0.0858 -0.0633 -0.1978 0.2787 0.3019 0.8900
1305031463.4598 -1.9313 -0.0758 -0.0764 -0.1961 0.2774 0.2985 0.8919
1305031463.4956 -1.9224 -0.0637 -0.0855 -0.1945 0.2787 0.2950 0.8930
1305031463.5277 -1.9080 -0.0575 -0.0978 -0.1927 0.2816 0.2934 0.8930
1305031463.5598 -1.9002 -0.0568 -0.1127 -0.1910 0.2842 0.2931 0.8927
1305031463.5956 -1.8898 -0.0520 -0.1251 -0.1910 0.2817 0.2936 0.8933
1305031463.6276 -1.8722 -0.0489 -0.1342 -0.1899 0.2796 0.2922 0.8947
1305031463.6598 -1.8602 -0.0512 -0.1509 -0.1832 0.2807 0.2892 0.8966
1305031463.6956 -1.8553 -0.0448 -0.1659 -0.1780 0.2816 0.2838 0.8992
1305031463.7276 -1.8346 -0.0471 -0.1801 -0.1802 0.2785 0.2818 0.9003
1305031463.7597 -1.8156 -0.0553 -0.1964 -0.1778 0.2794 0.2762 0.9022
1305031463.7956 -1.8058 -0.0567 -0.2132 -0.1729 0.2808 0.2651 0.9061
1305031463.8278 -1.7891 -0.0623 -0.2302 -0.1743 0.2785 0.2551 0.9094
1305031463.8599 -1.7713 -0.0728 -0.2449 -0.1747 0.2783 0.2455 0.9120
1305031463.8956 -1.7597 -0.0777 -0.2628 -0.1711 0.2781 0.2361 0.9152
1305031463.9277 -1.7494 -0.0859 -0.2781 -0.1713 0.2759 0.2303 0.9173
1305031463.9597 -1.7325 -0.0969 -0.2925 -0.1710 0.2696 0.2264 0.9202
1305031463.9958 -1.7203 -0.1059 -0.3089 -0.1675 0.2652 0.2200 0.9237
1305031464.0277 -1.7100 -0.1122 -0.3258 -0.1661 0.2607 0.2123 0.9270
1305031464.0597 -1.6947 -0.1231 -0.3390 -0.1667 0.2578 0.2040 0.9296
1305031464.0956 -1.6872 -0.1333 -0.3532 -0.1634 0.2585 0.1941 0.9321
1305031464.1277 -1.6846 -0.1438 -0.3647 -0.1614 0.2583 0.1888 0.9336
1305031464.1598 -1.6788 -0.1592 -0.3727 -0.1582 0.2550 0.1878 0.9352
1305031464.1956 -1.6742 -0.1708 -0.3826 -0.1489 0.2487 0.1847 0.9391
1305031464.2276 -1.6757 -0.1717 -0.3942 -0.1367 0.2398 0.1809 0.9440
1305031464.2596 -1.6760 -0.1707 -0.4053 -0.1282 0.2265 0.1802 0.9486
1305031464.2957 -1.6642 -0.1728 -0.4192 -0.1247 0.2072 0.1779 0.9539
1305031464.3279 -1.6482 -0.1756 -0.4330 -0.1220 0.1913 0.1746 0.9581
1305031464.3597 -1.6330 -0.1833 -0.4436 -0.1188 0.1805 0.1703 0.9614
1305031464.3956 -1.6184 -0.1807 -0.4585 -0.1123 0.1730 0.1619 0.9650
1305031464.4276 -1.6072 -0.1821 -0.4721 -0.1104 0.1708 0.1518 0.9673
1305031464.4597 -1.5973 -0.1926 -0.4846 -0.1095 0.1675 0.1437 0.9692
1305031464.4956 -1.5819 -0.1948 -0.5012 -0.1067 0.1633 0.1377 0.9711
1305031464.5276 -1.5727 -0.1980 -0.5168 -0.1051 0.1623 0.1294 0.9726
1305031464.5597 -1.5559 -0.2057 -0.5325 -0.1082 0.1575 0.1187 0.9744
1305031464.5957 -1.5306 -0.2314 -0.5491 -0.1100 0.1577 0.1080 0.9754
1305031464.6277 -1.5153 -0.2424 -0.5666 -0.1014 0.1669 0.0978 0.9759
1305031464.6597 -1.5039 -0.2495 -0.5793 -0.0923 0.1769 0.0834 0.9763
1305031464.6957 -1.4929 -0.2771 -0.5842 -0.0849 0.1858 0.0662 0.9767
1305031464.7277 -1.4940 -0.2798 -0.5892 -0.0667 0.1917 0.0480 0.9780
1305031464.7597 -1.4888 -0.2731 -0.5990 -0.0529 0.1885 0.0294 0.9802
1305031464.7960 -1.4880 -0.2827 -0.5947 -0.0475 0.1827 0.0118 0.9820
1305031464.8278 -1.4888 -0.2848 -0.5907 -0.0371 0.1699 -0.0020 0.9848
1305031464.8597 -1.4771 -0.2713 -0.5954 -0.0283 0.1501 -0.0162 0.9881
1305031464.8958 -1.4609 -0.2694 -0.5953 -0.0305 0.1304 -0.0348 0.9904
1305031464.9278 -1.4421 -0.2901 -0.5875 -0.0370 0.1147 -0.0542 0.9912
1305031464.9598 -1.4224 -0.3036 -0.5784 -0.0358 0.1054 -0.0713 0.9912
1305031464.9957 -1.4046 -0.3016 -0.5723 -0.0295 0.1003 -0.0898 0.9905
1305031465.0278 -1.3965 -0.2973 -0.5573 -0.0255 0.0982 -0.1115 0.9886
1305031465.0597 -1.3957 -0.2735 -0.5411 -0.0164 0.0921 -0.1309 0.9870
1305031465.0957 -1.3792 -0.2272 -0.5332 -0.0146 0.0782 -0.1463 0.9860
1305031465.1277 -1.3612 -0.2141 -0.5180 -0.0320 0.0636 -0.1598 0.9846
1305031465.1598 -1.3493 -0.2076 -0.4974 -0.0494 0.0523 -0.1674 0.9833
1305031465.1956 -1.3331 -0.2012 -0.4786 -0.0625 0.0410 -0.1736 0.9820
1305031465.2279 -1.3161 -0.1833 -0.4638 -0.0727 0.0320 -0.1785 0.9807
1305031465.2598 -1.3033 -0.1790 -0.4438 -0.0854 0.0240 -0.1780 0.9800
1305031465.2956 -1.2881 -0.1607 -0.4316 -0.0886 0.0162 -0.1679 0.9817
1305031465.3277 -1.2755 -0.1433 -0.4187 -0.0950 0.0065 -0.1548 0.9833
1305031465.3599 -1.2662 -0.1386 -0.4051 -0.1014 -0.0059 -0.1424 0.9846
1305031465.3956 -1.2429 -0.1351 -0.4003 -0.1020 -0.0233 -0.1302 0.9859
1305031465.4277 -1.2173 -0.1284 -0.3978 -0.1003 -0.0367 -0.1186 0.9872
1305031465.4601 -1.1946 -0.1141 -0.3992 -0.0970 -0.0468 -0.1045 0.9887
1305031465.4957 -1.1711 -0.0994 -0.4012 -0.0986 -0.0565 -0.0943 0.9890
1305031465.5276 -1.1518 -0.1017 -0.3965 -0.1031 -0.0655 -0.0901 0.9884
1305031465.5598 -1.1280 -0.0960 -0.4004 -0.0981 -0.0745 -0.0838 0.9888
1305031465.5956 -1.1036 -0.0853 -0.4066 -0.0929 -0.0790 -0.0755 0.9897
1305031465.6277 -1.0876 -0.0733 -0.4138 -0.0886 -0.0814 -0.0661 0.9905
1305031465.6601 -1.0681 -0.0635 -0.4192 -0.0852 -0.0901 -0.0568 0.9907
1305031465.6957 -1.0377 -0.0541 -0.4233 -0.0804 -0.0992 -0.0492 0.9906
1305031465.7277 -1.0151 -0.0420 -0.4296 -0.0737 -0.1021 -0.0399 0.9912
1305031465.7598 -0.9915 -0.0251 -0.4365 -0.0663 -0.1064 -0.0307 0.9916
1305031465.7959 -0.9659 -0.0120 -0.4398 -0.0615 -0.1100 -0.0242 0.9917
1305031465.8280 -0.9423 -0.0045 -0.4432 -0.0548 -0.1134 -0.0181 0.9919
1305031465.8599 -0.9172 0.0212 -0.4507 -0.0417 -0.1157 -0.0136 0.9923
1305031465.8955 -0.8897 0.0420 -0.4517 -0.0376 -0.1128 -0.0117 0.9928
1305031465.9275 -0.8644 0.0509 -0.4514 -0.0330 -0.1073 -0.0104 0.9936
1305031465.9597 -0.8431 0.0684 -0.4593 -0.0214 -0.1000 -0.0123 0.9947
1305031465.9958 -0.8275 0.0878 -0.4694 -0.0131 -0.0931 -0.0162 0.9954
1305031466.0276 -0.8104 0.1076 -0.4791 -0.0066 -0.0911 -0.0180 0.9957
1305031466.0598 -0.7940 0.1308 -0.4874 -0.0067 -0.0889 -0.0172 0.9959
1305031466.0958 -0.7807 0.1450 -0.4975 -0.0115 -0.0895 -0.0171 0.9958
1305031466.1276 -0.7645 0.1585 -0.5060 -0.0175 -0.0938 -0.0167 0.9953
1305031466.1604 -0.7514 0.1710 -0.5189 -0.0227 -0.0980 -0.0146 0.9948
1305031466.1958 -0.7395 0.1854 -0.5333 -0.0301 -0.1051 -0.0139 0.9939
1305031466.2280 -0.7208 0.1902 -0.5424 -0.0420 -0.1147 -0.0183 0.9923
1305031466.2598 -0.6973 0.1866 -0.5495 -0.0464 -0.1200 -0.0252 0.9914
1305031466.2957 -0.6761 0.1938 -0.5625 -0.0425 -0.1173 -0.0375 0.9915
1305031466.3277 -0.6597 0.2005 -0.5797 -0.0411 -0.1082 -0.0483 0.9921
1305031466.3598 -0.6448 0.2029 -0.5936 -0.0464 -0.0997 -0.0549 0.9924
1305031466.3958 -0.6315 0.1911 -0.6034 -0.0498 -0.0968 -0.0582 0.9924
1305031466.4278 -0.6196 0.1986 -0.6194 -0.0425 -0.0986 -0.0625 0.9923
1305031466.4598 -0.6019 0.2071 -0.6321 -0.0420 -0.1040 -0.0663 0.9915
1305031466.4958 -0.5801 0.2108 -0.6383 -0.0462 -0.1086 -0.0670 0.9907
1305031466.5275 -0.5559 0.2094 -0.6405 -0.0494 -0.1086 -0.0674 0.9906
1305031466.5604 -0.5369 0.2175 -0.6494 -0.0501 -0.1047 -0.0699 0.9908
1305031466.5959 -0.5168 0.2237 -0.6543 -0.0579 -0.1043 -0.0733 0.9901
1305031466.6275 -0.4912 0.2124 -0.6507 -0.0665 -0.1050 -0.0773 0.9892
1305031466.6597 -0.4701 0.2132 -0.6529 -0.0601 -0.1035 -0.0823 0.9894
1305031466.6958 -0.4528 0.2270 -0.6610 -0.0565 -0.1043 -0.0902 0.9888
1305031466.7281 -0.4319 0.2285 -0.6592 -0.0625 -0.1082 -0.0992 0.9872
1305031466.7596 -0.4105 0.2213 -0.6545 -0.0614 -0.1106 -0.1067 0.9862
1305031466.7956 -0.3941 0.2294 -0.6631 -0.0532 -0.1121 -0.1119 0.9859
1305031466.8279 -0.3749 0.2316 -0.6686 -0.0564 -0.1171 -0.1142 0.9849
1305031466.8597 -0.3626 0.2264 -0.6663 -0.0601 -0.1226 -0.1128 0.9842
1305031466.8957 -0.3472 0.2265 -0.6729 -0.0572 -0.1345 -0.1133 0.9827
1305031466.9278 -0.3287 0.2251 -0.6774 -0.0578 -0.1491 -0.1140 0.9805
1305031466.9597 -0.3113 0.2225 -0.6791 -0.0577 -0.1587 -0.1143 0.9790
1305031466.9957 -0.2934 0.2209 -0.6825 -0.0571 -0.1637 -0.1162 0.9780
1305031467.0278 -0.2768 0.2185 -0.6842 -0.0570 -0.1684 -0.1196 0.9768
1305031467.0597 -0.2593 0.2178 -0.6886 -0.0566 -0.1713 -0.1223 0.9760
1305031467.0957 -0.2438 0.2172 -0.6899 -0.0584 -0.1730 -0.1280 0.9748
1305031467.1290 -0.2304 0.2161 -0.6877 -0.0572 -0.1772 -0.1380 0.9728
1305031467.1597 -0.2174 0.2149 -0.6894 -0.0550 -0.1808 -0.1453 0.9712
1305031467.1957 -0.2044 0.2134 -0.6916 -0.0543 -0.1859 -0.1487 0.9697
1305031467.2277 -0.1916 0.2129 -0.6919 -0.0532 -0.1930 -0.1533 0.9677
1305031467.2597 -0.1782 0.2114 -0.6932 -0.0512 -0.1987 -0.1579 0.9659
1305031467.2958 -0.1648 0.2113 -0.6961 -0.0484 -0.2045 -0.1637 0.9639
1305031467.3280 -0.1486 0.2104 -0.7008 -0.0471 -0.2109 -0.1678 0.9618
1305031467.3597 -0.1335 0.2101 -0.7063 -0.0507 -0.2174 -0.1695 0.9599
1305031467.3958 -0.1202 0.2110 -0.7072 -0.0551 -0.2243 -0.1742 0.9572
1305031467.4278 -0.1076 0.2100 -0.7056 -0.0562 -0.2304 -0.1771 0.9552
1305031467.4597 -0.0920 0.2082 -0.7123 -0.0566 -0.2372 -0.1780 0.9533
1305031467.4961 -0.0757 0.2061 -0.7188 -0.0612 -0.2440 -0.1828 0.9504
1305031467.5277 -0.0616 0.2052 -0.7137 -0.0649 -0.2478 -0.1891 0.9480
1305031467.5598 -0.0500 0.2017 -0.7099 -0.0648 -0.2492 -0.1901 0.9474
1305031467.5960 -0.0368 0.1970 -0.7092 -0.0658 -0.2512 -0.1885 0.9471
1305031467.6275 -0.0304 0.1871 -0.6971 -0.0669 -0.2564 -0.1850 0.9463
1305031467.6596 -0.0205 0.1789 -0.6923 -0.0622 -0.2618 -0.1814 0.9459
1305031467.6959 -0.0084 0.1762 -0.6935 -0.0580 -0.2651 -0.1848 0.9446
1305031467.7275 -0.0042 0.1700 -0.6801 -0.0540 -0.2677 -0.1896 0.9431
1305031467.7599 0.0023 0.1610 -0.6705 -0.0487 -0.2705 -0.1918 0.9422
1305031467.7961 0.0092 0.1559 -0.6642 -0.0441 -0.2734 -0.1948 0.9409
1305031467.8278 0.0071 0.1474 -0.6454 -0.0405 -0.2757 -0.1951 0.9404
1305031467.8597 0.0087 0.1385 -0.6348 -0.0349 -0.2795 -0.1911 0.9403
1305031467.8959 0.0146 0.1350 -0.6243 -0.0295 -0.2871 -0.1897 0.9385
1305031467.9278 0.0168 0.1305 -0.6053 -0.0259 -0.2950 -0.1914 0.9358
1305031467.9598 0.0181 0.1223 -0.5843 -0.0196 -0.3010 -0.1916 0.9340
1305031467.9958 0.0276 0.1253 -0.5695 -0.0136 -0.3047 -0.1933 0.9325
1305031468.0281 0.0258 0.1147 -0.5447 -0.0159 -0.3058 -0.1965 0.9315
1305031468.0598 0.0232 0.1017 -0.5267 -0.0119 -0.3081 -0.1988 0.9303
1305031468.0959 0.0288 0.0997 -0.5117 -0.0081 -0.3123 -0.1998 0.9287
1305031468.1278 0.0279 0.0899 -0.4886 -0.0099 -0.3149 -0.2005 0.9277
1305031468.1599 0.0286 0.0805 -0.4702 -0.0076 -0.3172 -0.2033 0.9263
1305031468.1960 0.0315 0.0723 -0.4492 -0.0073 -0.3190 -0.2063 0.9250
1305031468.2282 0.0323 0.0581 -0.4290 -0.0096 -0.3188 -0.2065 0.9250
1305031468.2598 0.0349 0.0441 -0.4098 -0.0104 -0.3179 -0.2054 0.9255
1305031468.2958 0.0351 0.0312 -0.3918 -0.0113 -0.3158 -0.2058 0.9262
1305031468.3278 0.0341 0.0116 -0.3727 -0.0112 -0.3143 -0.2043 0.9270
1305031468.3598 0.0378 0.0013 -0.3600 -0.0077 -0.3119 -0.1996 0.9289
1305031468.3959 0.0389 -0.0049 -0.3511 -0.0085 -0.3097 -0.1996 0.9296
1305031468.4280 0.0377 -0.0303 -0.3377 -0.0154 -0.3099 -0.2001 0.9293
1305031468.4598 0.0401 -0.0471 -0.3252 -0.0173 -0.3112 -0.1974 0.9295
1305031468.4958 0.0404 -0.0601 -0.3138 -0.0196 -0.3099 -0.1979 0.9298
1305031468.5278 0.0339 -0.0829 -0.3056 -0.0208 -0.3079 -0.2038 0.9291
1305031468.5597 0.0279 -0.1022 -0.2994 -0.0149 -0.3086 -0.2113 0.9273
1305031468.5958 0.0282 -0.1089 -0.2976 -0.0101 -0.3100 -0.2163 0.9257
1305031468.6276 0.0212 -0.1241 -0.2900 -0.0170 -0.3108 -0.2176 0.9251
1305031468.6596 0.0074 -0.1493 -0.2863 -0.0211 -0.3130 -0.2190 0.9239
1305031468.6958 -0.0008 -0.1660 -0.2820 -0.0171 -0.3195 -0.2214 0.9212
1305031468.7278 -0.0053 -0.1761 -0.2770 -0.0126 -0.3259 -0.2211 0.9191
1305031468.7596 -0.0106 -0.1864 -0.2688 -0.0110 -0.3309 -0.2205 0.9175
1305031468.7958 -0.0200 -0.2047 -0.2602 -0.0081 -0.3342 -0.2243 0.9154
1305031468.8292 -0.0257 -0.2150 -0.2557 0.0010 -0.3372 -0.2288 0.9132
1305031468.8597 -0.0224 -0.2174 -0.2497 0.0056 -0.3383 -0.2321 0.9119
1305031468.8959 -0.0278 -0.2275 -0.2414 0.0029 -0.3342 -0.2342 0.9130
1305031468.9281 -0.0317 -0.2367 -0.2353 -0.0016 -0.3288 -0.2323 0.9154
1305031468.9596 -0.0370 -0.2349 -0.2345 -0.0065 -0.3217 -0.2303 0.9184
1305031468.9957 -0.0427 -0.2276 -0.2355 -0.0177 -0.3161 -0.2363 0.9187
1305031469.0277 -0.0516 -0.2370 -0.2272 -0.0365 -0.3124 -0.2449 0.9171
1305031469.0598 -0.0622 -0.2453 -0.2215 -0.0496 -0.3099 -0.2525 0.9153
1305031469.0957 -0.0617 -0.2467 -0.2094 -0.0592 -0.3105 -0.2631 0.9115
1305031469.1277 -0.0643 -0.2548 -0.1941 -0.0710 -0.3055 -0.2750 0.9088
1305031469.1597 -0.0688 -0.2593 -0.1818 -0.0799 -0.2975 -0.2838 0.9081
1305031469.1955 -0.0784 -0.2637 -0.1706 -0.0874 -0.2876 -0.2904 0.9085
1305031469.2278 -0.0897 -0.2636 -0.1648 -0.0911 -0.2800 -0.2945 0.9092
1305031469.2596 -0.0940 -0.2624 -0.1532 -0.0954 -0.2776 -0.2988 0.9080
1305031469.2968 -0.0991 -0.2621 -0.1415 -0.0999 -0.2729 -0.3020 0.9079
1305031469.3276 -0.1037 -0.2573 -0.1321 -0.1042 -0.2695 -0.3045 0.9076
1305031469.3596 -0.1030 -0.2570 -0.1134 -0.1108 -0.2667 -0.3098 0.9059
1305031469.3957 -0.1074 -0.2585 -0.0993 -0.1124 -0.2564 -0.3166 0.9063
1305031469.4277 -0.1116 -0.2464 -0.0911 -0.1087 -0.2441 -0.3230 0.9079
1305031469.4597 -0.1184 -0.2351 -0.0813 -0.1069 -0.2340 -0.3309 0.9079
1305031469.4957 -0.1316 -0.2207 -0.0745 -0.1059 -0.2255 -0.3350 0.9087
1305031469.5276 -0.1328 -0.2051 -0.0652 -0.1068 -0.2256 -0.3348 0.9086
1305031469.5596 -0.1327 -0.1934 -0.0537 -0.1121 -0.2264 -0.3351 0.9077
1305031469.5958 -0.1322 -0.1795 -0.0431 -0.1182 -0.2265 -0.3345 0.9071
1305031469.6278 -0.1344 -0.1700 -0.0294 -0.1287 -0.2247 -0.3345 0.9061
1305031469.6596 -0.1415 -0.1618 -0.0171 -0.1358 -0.2198 -0.3357 0.9059
1305031469.6956 -0.1424 -0.1471 -0.0078 -0.1387 -0.2162 -0.3347 0.9066
1305031469.7277 -0.1470 -0.1332 0.0024 -0.1436 -0.2106 -0.3344 0.9073
1305031469.7596 -0.1503 -0.1174 0.0082 -0.1487 -0.2054 -0.3320 0.9086
1305031469.7956 -0.1594 -0.0969 0.0163 -0.1538 -0.2012 -0.3300 0.9094
1305031469.8275 -0.1644 -0.0812 0.0215 -0.1589 -0.2017 -0.3276 0.9093
1305031469.8596 -0.1716 -0.0628 0.0272 -0.1653 -0.2016 -0.3253 0.9090
1305031469.8958 -0.1789 -0.0460 0.0317 -0.1705 -0.2015 -0.3225 0.9090
1305031469.9279 -0.1879 -0.0263 0.0351 -0.1737 -0.2014 -0.3187 0.9098
1305031469.9598 -0.1962 -0.0094 0.0373 -0.1755 -0.2037 -0.3165 0.9097
1305031469.9956 -0.2059 0.0081 0.0386 -0.1778 -0.2045 -0.3143 0.9098
1305031470.0277 -0.2160 0.0244 0.0372 -0.1803 -0.2052 -0.3137 0.9094
1305031470.0596 -0.2256 0.0414 0.0363 -0.1822 -0.2053 -0.3130 0.9092
1305031470.0959 -0.2361 0.0567 0.0330 -0.1839 -0.2041 -0.3117 0.9096
1305031470.1276 -0.2452 0.0715 0.0284 -0.1881 -0.2032 -0.3098 0.9096
1305031470.1596 -0.2567 0.0900 0.0263 -0.1907 -0.2027 -0.3061 0.9104
1305031470.1961 -0.2676 0.1033 0.0192 -0.1929 -0.2023 -0.3036 0.9108
1305031470.2276 -0.2774 0.1154 0.0144 -0.1978 -0.2019 -0.3007 0.9109
1305031470.2600 -0.2883 0.1284 0.0088 -0.2028 -0.2002 -0.2985 0.9109
1305031470.2957 -0.2990 0.1403 0.0028 -0.2091 -0.1983 -0.2969 0.9104
1305031470.3276 -0.3104 0.1542 -0.0020 -0.2156 -0.1968 -0.2943 0.9101
1305031470.3596 -0.3222 0.1683 -0.0077 -0.2204 -0.1960 -0.2891 0.9107
1305031470.3958 -0.3343 0.1815 -0.0138 -0.2240 -0.1955 -0.2852 0.9112
1305031470.4276 -0.3462 0.1937 -0.0190 -0.2247 -0.1966 -0.2857 0.9106
1305031470.4597 -0.3583 0.2032 -0.0247 -0.2244 -0.1976 -0.2857 0.9105
1305031470.4957 -0.3697 0.2109 -0.0310 -0.2243 -0.1988 -0.2846 0.9106
1305031470.5277 -0.3811 0.2182 -0.0373 -0.2244 -0.1986 -0.2846 0.9106
1305031470.5597 -0.3917 0.2276 -0.0417 -0.2252 -0.1974 -0.2842 0.9108
1305031470.5958 -0.4025 0.2331 -0.0467 -0.2273 -0.1960 -0.2815 0.9114
1305031470.6277 -0.4126 0.2405 -0.0508 -0.2300 -0.1942 -0.2773 0.9124
1305031470.6597 -0.4227 0.2462 -0.0543 -0.2327 -0.1932 -0.2736 0.9131
1305031470.6956 -0.4333 0.2541 -0.0569 -0.2351 -0.1924 -0.2703 0.9136
1305031470.7277 -0.4449 0.2607 -0.0589 -0.2350 -0.1910 -0.2683 0.9145
1305031470.7597 -0.4528 0.2620 -0.0638 -0.2373 -0.1866 -0.2663 0.9154
1305031470.7956 -0.4610 0.2696 -0.0640 -0.2383 -0.1817 -0.2619 0.9174
1305031470.8278 -0.4708 0.2754 -0.0644 -0.2347 -0.1808 -0.2579 0.9196
1305031470.8596 -0.4808 0.2791 -0.0678 -0.2300 -0.1798 -0.2530 0.9224
1305031470.8957 -0.4905 0.2823 -0.0716 -0.2266 -0.1798 -0.2480 0.9246
1305031470.9277 -0.5009 0.2879 -0.0729 -0.2213 -0.1813 -0.2427 0.9270
1305031470.9596 -0.5114 0.2884 -0.0759 -0.2127 -0.1842 -0.2401 0.9291
1305031470.9960 -0.5182 0.2908 -0.0805 -0.2031 -0.1852 -0.2362 0.9320
1305031471.0276 -0.5269 0.2902 -0.0829 -0.1950 -0.1840 -0.2339 0.9345
1305031471.0596 -0.5352 0.2893 -0.0867 -0.1861 -0.1816 -0.2290 0.9381
1305031471.0958 -0.5426 0.2920 -0.0915 -0.1768 -0.1803 -0.2218 0.9418
1305031471.1277 -0.5492 0.2918 -0.0943 -0.1712 -0.1811 -0.2146 0.9444
1305031471.1596 -0.5537 0.2906 -0.0985 -0.1664 -0.1812 -0.2078 0.9467
1305031471.1957 -0.5579 0.2910 -0.1014 -0.1640 -0.1790 -0.2019 0.9488
1305031471.2276 -0.5637 0.2914 -0.1032 -0.1640 -0.1758 -0.1969 0.9505
1305031471.2597 -0.5699 0.2915 -0.1031 -0.1648 -0.1741 -0.1935 0.9514
1305031471.2961 -0.5753 0.2905 -0.1036 -0.1640 -0.1722 -0.1894 0.9527
1305031471.3276 -0.5779 0.2897 -0.1067 -0.1601 -0.1689 -0.1868 0.9544
1305031471.3596 -0.5796 0.2903 -0.1093 -0.1586 -0.1623 -0.1851 0.9562
1305031471.3957 -0.5882 0.2860 -0.1094 -0.1604 -0.1537 -0.1809 0.9581
1305031471.4277 -0.5938 0.2873 -0.1133 -0.1558 -0.1504 -0.1740 0.9607
1305031471.4596 -0.5969 0.2889 -0.1170 -0.1545 -0.1506 -0.1687 0.9618
1305031471.4965 -0.6010 0.2892 -0.1190 -0.1554 -0.1494 -0.1644 0.9625
1305031471.5276 -0.6048 0.2893 -0.1215 -0.1558 -0.1484 -0.1597 0.9634
1305031471.5597 -0.6070 0.2896 -0.1248 -0.1558 -0.1465 -0.1581 0.9640
1305031471.5957 -0.6090 0.2895 -0.1274 -0.1555 -0.1422 -0.1563 0.9650
1305031471.6276 -0.6110 0.2898 -0.1300 -0.1547 -0.1377 -0.1550 0.9660
1305031471.6596 -0.6120 0.2900 -0.1329 -0.1526 -0.1334 -0.1518 0.9674
1305031471.6956 -0.6125 0.2901 -0.1371 -0.1510 -0.1298 -0.1471 0.9689
1305031471.7275 -0.6140 0.2913 -0.1419 -0.1510 -0.1254 -0.1440 0.9699
1305031471.7597 -0.6146 0.2930 -0.1415 -0.1514 -0.1208 -0.1377 0.9713
1305031471.7958 -0.6153 0.2935 -0.1467 -0.1502 -0.1139 -0.1328 0.9731
1305031471.8276 -0.6162 0.2950 -0.1514 -0.1531 -0.1089 -0.1276 0.9739
1305031471.8597 -0.6185 0.2983 -0.1510 -0.1564 -0.1043 -0.1207 0.9747
1305031471.8956 -0.6188 0.2995 -0.1546 -0.1591 -0.1007 -0.1170 0.9751
1305031471.9277 -0.6215 0.3056 -0.1561 -0.1627 -0.0932 -0.1129 0.9757
1305031471.9596 -0.6228 0.3049 -0.1498 -0.1674 -0.0876 -0.1091 0.9759
1305031471.9956 -0.6244 0.3095 -0.1573 -0.1651 -0.0795 -0.1074 0.9772
1305031472.0276 -0.6254 0.3159 -0.1600 -0.1676 -0.0748 -0.1040 0.9775
1305031472.0597 -0.6293 0.3183 -0.1560 -0.1707 -0.0702 -0.1011 0.9776
1305031472.0956 -0.6321 0.3209 -0.1573 -0.1713 -0.0652 -0.0965 0.9783
1305031472.1276 -0.6342 0.3266 -0.1606 -0.1734 -0.0621 -0.0914 0.9786
1305031472.1596 -0.6424 0.3265 -0.1539 -0.1796 -0.0590 -0.0908 0.9778
1305031472.1957 -0.6450 0.3272 -0.1546 -0.1761 -0.0581 -0.0854 0.9789
1305031472.2276 -0.6460 0.3283 -0.1569 -0.1733 -0.0577 -0.0836 0.9796
1305031472.2638 -0.6474 0.3301 -0.1544 -0.1689 -0.0578 -0.0836 0.9804
1305031472.2957 -0.6421 0.3302 -0.1580 -0.1611 -0.0611 -0.0780 0.9820
1305031472.3277 -0.6410 0.3277 -0.1613 -0.1588 -0.0612 -0.0748 0.9826
1305031472.3636 -0.6394 0.3330 -0.1642 -0.1541 -0.0629 -0.0711 0.9835
1305031472.3956 -0.6388 0.3393 -0.1670 -0.1477 -0.0660 -0.0704 0.9843
1305031472.4277 -0.6333 0.3423 -0.1733 -0.1426 -0.0721 -0.0678 0.9848
1305031472.4636 -0.6278 0.3346 -0.1764 -0.1457 -0.0767 -0.0652 0.9842
1305031472.4956 -0.6237 0.3303 -0.1769 -0.1479 -0.0780 -0.0623 0.9840
1305031472.5276 -0.6232 0.3258 -0.1738 -0.1486 -0.0771 -0.0610 0.9840
1305031472.5636 -0.6235 0.3211 -0.1733 -0.1449 -0.0778 -0.0590 0.9846
1305031472.5957 -0.6226 0.3215 -0.1760 -0.1395 -0.0785 -0.0564 0.9855
1305031472.6277 -0.6211 0.3180 -0.1746 -0.1405 -0.0795 -0.0545 0.9854
1305031472.6636 -0.6198 0.3134 -0.1722 -0.1413 -0.0805 -0.0531 0.9853
1305031472.6958 -0.6188 0.3100 -0.1707 -0.1400 -0.0813 -0.0515 0.9855
1305031472.7276 -0.6178 0.3071 -0.1695 -0.1377 -0.0821 -0.0514 0.9857
1305031472.7636 -0.6156 0.3027 -0.1682 -0.1370 -0.0829 -0.0528 0.9857
1305031472.7956 -0.6150 0.3003 -0.1660 -0.1350 -0.0820 -0.0542 0.9860
1305031472.8276 -0.6150 0.2987 -0.1647 -0.1322 -0.0812 -0.0542 0.9864
1305031472.8636 -0.6152 0.2993 -0.1637 -0.1292 -0.0811 -0.0523 0.9869
1305031472.8957 -0.6147 0.2986 -0.1628 -0.1293 -0.0826 -0.0501 0.9869
1305031472.9277 -0.6141 0.2974 -0.1605 -0.1299 -0.0837 -0.0488 0.9868
1305031472.9638 -0.6132 0.2963 -0.1598 -0.1298 -0.0839 -0.0471 0.9869
1305031472.9957 -0.6142 0.2979 -0.1582 -0.1295 -0.0842 -0.0459 0.9869
1305031473.0276 -0.6141 0.2976 -0.1572 -0.1302 -0.0857 -0.0460 0.9867
1305031473.0637 -0.6136 0.2954 -0.1555 -0.1318 -0.0866 -0.0475 0.9863
1305031473.0957 -0.6124 0.2938 -0.1552 -0.1318 -0.0865 -0.0494 0.9863
1305031473.1277 -0.6139 0.2938 -0.1546 -0.1315 -0.0850 -0.0509 0.9864
1305031473.1671 -0.6142 0.2924 -0.1540 -0.1311 -0.0858 -0.0506 0.9864
1305031473.1961 -0.6137 0.2929 -0.1542 -0.1293 -0.0866 -0.0508 0.9865
