1305031453.3917 0.0000 0.0000 0.0000 0.0000 0.0000 0.0000 1.0000
1305031453.5237 0.0139 0.0187 -0.0418 0.0168 0.0209 0.0372 0.9989
1305031453.6277 0.0124 0.0389 -0.0854 0.0388 0.0268 0.0519 0.9975
1305031453.7277 -0.0042 0.0683 -0.1323 0.0589 0.0130 0.0402 0.9974
1305031453.8278 -0.0302 0.0913 -0.1715 0.0705 -0.0110 0.0177 0.9973
1305031453.9277 -0.0652 0.1125 -0.2024 0.0691 -0.0567 -0.0026 0.9960
1305031453.9596 -0.0693 0.1177 -0.2091 0.0668 -0.0743 -0.0113 0.9949
1305031453.9916 -0.0786 0.1177 -0.2093 0.0648 -0.0863 -0.0226 0.9939
1305031454.0277 -0.0898 0.1193 -0.2161 0.0665 -0.0982 -0.0330 0.9924
1305031454.0597 -0.0985 0.1255 -0.2224 0.0680 -0.1099 -0.0446 0.9906
1305031454.0917 -0.1126 0.1252 -0.2237 0.0677 -0.1205 -0.0587 0.9887
1305031454.1277 -0.1264 0.1262 -0.2287 0.0705 -0.1334 -0.0731 0.9858
1305031454.1597 -0.1374 0.1329 -0.2345 0.0717 -0.1481 -0.0858 0.9826
1305031454.1917 -0.1488 0.1352 -0.2358 0.0696 -0.1641 -0.1003 0.9789
1305031454.2277 -0.1607 0.1271 -0.2324 0.0695 -0.1813 -0.1188 0.9738
1305031454.2596 -0.1642 0.1325 -0.2337 0.0758 -0.1949 -0.1338 0.9687
1305031454.2916 -0.1721 0.1399 -0.2350 0.0756 -0.2018 -0.1454 0.9656
1305031454.3277 -0.1864 0.1320 -0.2370 0.0744 -0.2113 -0.1624 0.9610
1305031454.3596 -0.1922 0.1369 -0.2379 0.0814 -0.2226 -0.1764 0.9554
1305031454.3917 -0.2004 0.1449 -0.2413 0.0840 -0.2291 -0.1882 0.9513
1305031454.4275 -0.2124 0.1473 -0.2445 0.0854 -0.2401 -0.2041 0.9452
1305031454.4599 -0.2104 0.1500 -0.2427 0.0883 -0.2518 -0.2188 0.9386
1305031454.4916 -0.2170 0.1563 -0.2455 0.0909 -0.2555 -0.2351 0.9334
1305031454.5277 -0.2205 0.1654 -0.2480 0.0916 -0.2610 -0.2505 0.9278
1305031454.5596 -0.2276 0.1742 -0.2511 0.0897 -0.2652 -0.2637 0.9231
1305031454.5916 -0.2359 0.1804 -0.2534 0.0874 -0.2742 -0.2814 0.9154
1305031454.6276 -0.2373 0.1859 -0.2565 0.0857 -0.2864 -0.2945 0.9077
1305031454.6595 -0.2367 0.1946 -0.2589 0.0802 -0.2980 -0.3016 0.9021
1305031454.6919 -0.2380 0.1982 -0.2573 0.0727 -0.3124 -0.3094 0.8952
1305031454.7277 -0.2323 0.1995 -0.2560 0.0673 -0.3261 -0.3133 0.8894
1305031454.7597 -0.2257 0.2028 -0.2525 0.0605 -0.3334 -0.3090 0.8886
1305031454.7916 -0.2209 0.2074 -0.2517 0.0548 -0.3367 -0.3021 0.8901
1305031454.8276 -0.2130 0.2153 -0.2499 0.0503 -0.3386 -0.2955 0.8919
1305031454.8596 -0.2086 0.2203 -0.2482 0.0436 -0.3361 -0.2887 0.8954
1305031454.8918 -0.2050 0.2274 -0.2484 0.0396 -0.3313 -0.2817 0.8996
1305031454.9276 -0.2026 0.2366 -0.2503 0.0359 -0.3253 -0.2756 0.9038
1305031454.9596 -0.2034 0.2451 -0.2547 0.0323 -0.3192 -0.2699 0.9079
1305031454.9919 -0.2078 0.2541 -0.2609 0.0296 -0.3147 -0.2647 0.9110
1305031455.0278 -0.2077 0.2657 -0.2644 0.0296 -0.3139 -0.2617 0.9122
1305031455.0596 -0.2113 0.2725 -0.2673 0.0278 -0.3107 -0.2600 0.9138
1305031455.0917 -0.2162 0.2816 -0.2726 0.0303 -0.3067 -0.2595 0.9152
1305031455.1277 -0.2210 0.2935 -0.2787 0.0320 -0.3014 -0.2581 0.9174
1305031455.1597 -0.2299 0.3041 -0.2858 0.0310 -0.2957 -0.2541 0.9203
1305031455.1917 -0.2392 0.3126 -0.2903 0.0272 -0.2916 -0.2488 0.9232
1305031455.2276 -0.2481 0.3191 -0.2954 0.0261 -0.2881 -0.2433 0.9258
1305031455.2596 -0.2537 0.3333 -0.3012 0.0249 -0.2831 -0.2371 0.9290
1305031455.2918 -0.2669 0.3381 -0.3068 0.0156 -0.2763 -0.2284 0.9334
1305031455.3278 -0.2781 0.3491 -0.3153 0.0104 -0.2726 -0.2182 0.9370
1305031455.3596 -0.2834 0.3595 -0.3179 0.0029 -0.2711 -0.2120 0.9389
1305031455.3917 -0.2942 0.3599 -0.3213 -0.0089 -0.2638 -0.2047 0.9426
1305031455.4276 -0.3083 0.3653 -0.3296 -0.0164 -0.2555 -0.1952 0.9468
1305031455.4596 -0.3222 0.3659 -0.3379 -0.0224 -0.2510 -0.1870 0.9495
1305031455.4916 -0.3336 0.3712 -0.3468 -0.0270 -0.2468 -0.1763 0.9525
1305031455.5276 -0.3512 0.3697 -0.3563 -0.0336 -0.2421 -0.1639 0.9557
1305031455.5597 -0.3679 0.3719 -0.3694 -0.0364 -0.2412 -0.1510 0.9580
1305031455.5916 -0.3790 0.3771 -0.3816 -0.0391 -0.2419 -0.1368 0.9598
1305031455.6276 -0.3949 0.3737 -0.3858 -0.0455 -0.2406 -0.1246 0.9615
1305031455.6596 -0.4100 0.3709 -0.3971 -0.0437 -0.2385 -0.1192 0.9628
1305031455.6916 -0.4232 0.3731 -0.4104 -0.0393 -0.2366 -0.1201 0.9634
1305031455.7276 -0.4365 0.3715 -0.4216 -0.0369 -0.2334 -0.1247 0.9637
1305031455.7597 -0.4497 0.3700 -0.4346 -0.0354 -0.2277 -0.1276 0.9647
1305031455.7917 -0.4652 0.3619 -0.4478 -0.0349 -0.2220 -0.1268 0.9661
1305031455.8276 -0.4784 0.3610 -0.4652 -0.0316 -0.2181 -0.1264 0.9672
1305031455.8595 -0.4898 0.3569 -0.4776 -0.0316 -0.2163 -0.1276 0.9674
1305031455.8917 -0.4995 0.3537 -0.4899 -0.0313 -0.2137 -0.1276 0.9680
1305031455.9280 -0.5102 0.3492 -0.5000 -0.0321 -0.2101 -0.1286 0.9687
1305031455.9597 -0.5190 0.3488 -0.5131 -0.0306 -0.2064 -0.1306 0.9692
1305031455.9917 -0.5276 0.3466 -0.5226 -0.0323 -0.2017 -0.1330 0.9698
1305031456.0278 -0.5357 0.3514 -0.5351 -0.0349 -0.1948 -0.1372 0.9706
1305031456.0597 -0.5491 0.3440 -0.5411 -0.0444 -0.1887 -0.1457 0.9702
1305031456.0917 -0.5616 0.3360 -0.5451 -0.0501 -0.1839 -0.1510 0.9700
1305031456.1276 -0.5727 0.3307 -0.5511 -0.0514 -0.1792 -0.1524 0.9706
1305031456.1597 -0.5826 0.3228 -0.5506 -0.0526 -0.1741 -0.1527 0.9714
1305031456.1917 -0.5929 0.3161 -0.5547 -0.0477 -0.1659 -0.1500 0.9735
1305031456.2277 -0.5981 0.3201 -0.5610 -0.0429 -0.1566 -0.1461 0.9759
1305031456.2917 -0.6246 0.3060 -0.5592 -0.0427 -0.1333 -0.1390 0.9804
1305031456.3277 -0.6354 0.3004 -0.5572 -0.0389 -0.1231 -0.1320 0.9828
1305031456.3916 -0.6583 0.2957 -0.5514 -0.0341 -0.0985 -0.1224 0.9870
1305031456.4277 -0.6772 0.3001 -0.5513 -0.0260 -0.0857 -0.1156 0.9892
1305031456.4917 -0.7148 0.3178 -0.5458 -0.0286 -0.0752 -0.1042 0.9913
1305031456.5276 -0.7283 0.3184 -0.5371 -0.0350 -0.0762 -0.0990 0.9915
1305031456.5917 -0.7492 0.3234 -0.5225 -0.0370 -0.0716 -0.0872 0.9929
1305031456.6276 -0.7611 0.3351 -0.5152 -0.0474 -0.0650 -0.0815 0.9934
1305031456.6916 -0.7971 0.3193 -0.4937 -0.0629 -0.0525 -0.0667 0.9944
1305031456.7916 -0.8480 0.3265 -0.4681 -0.0706 -0.0576 -0.0434 0.9949
1305031457.0276 -0.9266 0.3586 -0.4170 -0.0847 -0.0346 -0.0062 0.9958
1305031457.1917 -0.9874 0.3609 -0.4260 -0.0983 -0.0002 0.0198 0.9950
1305031457.2917 -1.0250 0.3454 -0.4445 -0.0957 0.0224 0.0378 0.9944
1305031457.3917 -1.0689 0.3333 -0.4727 -0.0897 0.0573 0.0560 0.9927
1305031457.4917 -1.1173 0.3167 -0.5028 -0.0871 0.0730 0.0713 0.9910
1305031457.5597 -1.1428 0.3049 -0.5243 -0.0801 0.0816 0.0785 0.9903
1305031457.6275 -1.1750 0.2921 -0.5404 -0.0777 0.0902 0.0846 0.9893
1305031457.6916 -1.2043 0.2894 -0.5588 -0.0778 0.0932 0.0913 0.9884
1305031457.7596 -1.2282 0.2585 -0.5672 -0.0805 0.0965 0.0886 0.9881
1305031457.7916 -1.2351 0.2415 -0.5722 -0.0750 0.0999 0.0882 0.9882
1305031457.8277 -1.2472 0.2442 -0.5836 -0.0630 0.1071 0.0895 0.9882
1305031457.8916 -1.2762 0.2120 -0.5877 -0.0570 0.1239 0.0898 0.9866
1305031457.9276 -1.2941 0.2108 -0.5931 -0.0426 0.1288 0.0946 0.9862
1305031457.9916 -1.3179 0.1950 -0.5950 -0.0319 0.1304 0.1000 0.9859
1305031458.0278 -1.3280 0.1846 -0.5927 -0.0236 0.1337 0.1012 0.9856
1305031458.0597 -1.3429 0.1930 -0.5935 -0.0123 0.1387 0.1044 0.9847
1305031458.0917 -1.3580 0.1942 -0.5882 -0.0113 0.1436 0.1065 0.9838
1305031458.1276 -1.3737 0.1833 -0.5782 -0.0138 0.1483 0.1069 0.9830
1305031458.1596 -1.3919 0.1741 -0.5679 -0.0129 0.1521 0.1088 0.9823
1305031458.1916 -1.4118 0.1800 -0.5587 -0.0105 0.1534 0.1128 0.9816
1305031458.2276 -1.4255 0.1750 -0.5453 -0.0178 0.1508 0.1138 0.9818
1305031458.2599 -1.4397 0.1418 -0.5243 -0.0260 0.1497 0.1115 0.9821
1305031458.2917 -1.4587 0.1428 -0.5160 -0.0154 0.1464 0.1117 0.9828
1305031458.3276 -1.4714 0.1389 -0.5009 -0.0136 0.1410 0.1141 0.9833
1305031458.3596 -1.4818 0.1178 -0.4818 -0.0097 0.1376 0.1153 0.9837
1305031458.3916 -1.4933 0.1236 -0.4709 0.0046 0.1348 0.1191 0.9837
1305031458.4276 -1.4985 0.1225 -0.4550 0.0125 0.1344 0.1278 0.9826
1305031458.4596 -1.4921 0.1093 -0.4382 0.0213 0.1368 0.1355 0.9811
1305031458.4917 -1.4966 0.1048 -0.4200 0.0417 0.1473 0.1341 0.9791
1305031458.5277 -1.5145 0.1334 -0.4028 0.0668 0.1595 0.1311 0.9762
1305031458.5596 -1.5220 0.1388 -0.3826 0.0752 0.1691 0.1287 0.9743
1305031458.5916 -1.5364 0.1406 -0.3597 0.0850 0.1774 0.1222 0.9728
1305031458.6277 -1.5494 0.1708 -0.3383 0.0938 0.1786 0.1172 0.9724
1305031458.6596 -1.5634 0.1709 -0.3117 0.0873 0.1773 0.1168 0.9733
1305031458.6917 -1.5678 0.1738 -0.2889 0.0819 0.1626 0.1102 0.9771
1305031458.7276 -1.5601 0.1655 -0.2689 0.0781 0.1462 0.1018 0.9809
1305031458.7599 -1.5659 0.1714 -0.2540 0.0847 0.1318 0.0904 0.9835
1305031458.7916 -1.5628 0.1854 -0.2415 0.0857 0.1148 0.0813 0.9863
1305031458.8276 -1.5572 0.1840 -0.2265 0.0789 0.1049 0.0788 0.9882
1305031458.8917 -1.5512 0.1772 -0.2076 0.0847 0.0999 0.0687 0.9890
1305031458.9276 -1.5615 0.1846 -0.1987 0.0850 0.1078 0.0743 0.9877
1305031458.9596 -1.5672 0.1767 -0.1898 0.0766 0.1138 0.0876 0.9867
1305031458.9916 -1.5816 0.1461 -0.1814 0.0727 0.1201 0.0915 0.9859
1305031459.0277 -1.6042 0.1403 -0.1746 0.0829 0.1204 0.0912 0.9850
1305031459.0596 -1.6258 0.1287 -0.1658 0.0898 0.1152 0.1006 0.9841
1305031459.1276 -1.6665 0.1175 -0.1899 0.0869 0.1279 0.1002 0.9829
1305031459.1596 -1.6764 0.1157 -0.1843 0.0953 0.1024 0.1022 0.9849
1305031459.1917 -1.6860 0.1163 -0.1782 0.1010 0.0840 0.1087 0.9853
1305031459.2276 -1.6913 0.1178 -0.1693 0.1036 0.0709 0.1201 0.9848
1305031459.2598 -1.6877 0.1273 -0.1524 0.1054 0.0658 0.1299 0.9837
1305031459.3276 -1.6960 0.1326 -0.1299 0.1023 0.0971 0.1596 0.9770
1305031459.3597 -1.7071 0.1405 -0.1194 0.1082 0.1223 0.1791 0.9702
1305031459.3917 -1.7198 0.1648 -0.1061 0.1102 0.1492 0.2028 0.9615
1305031459.4276 -1.7183 0.1701 -0.0947 0.1000 0.1810 0.2386 0.9488
1305031459.4597 -1.7352 0.1692 -0.0903 0.0995 0.2175 0.2753 0.9311
1305031459.5276 -1.7371 0.2050 -0.0263 0.1104 0.2393 0.2732 0.9251
1305031459.5596 -1.7573 0.1974 -0.0271 0.1053 0.2558 0.2986 0.9134
1305031459.5917 -1.7777 0.1994 -0.0222 0.1047 0.2636 0.3155 0.9055
1305031459.6276 -1.7880 0.1968 -0.0182 0.1012 0.2649 0.3258 0.9019
1305031459.6596 -1.8004 0.1999 -0.0121 0.1023 0.2720 0.3264 0.8994
1305031459.6916 -1.8176 0.1964 -0.0060 0.0973 0.2843 0.3317 0.8943
1305031459.7276 -1.8320 0.1826 -0.0028 0.0907 0.2929 0.3352 0.8908
1305031459.7917 -1.8705 0.1568 0.0081 0.0901 0.3056 0.3287 0.8891
1305031459.8277 -1.8875 0.1471 0.0150 0.0891 0.3069 0.3264 0.8896
1305031459.8597 -1.9055 0.1366 0.0233 0.0848 0.3072 0.3251 0.8904
1305031459.8916 -1.9160 0.1230 0.0309 0.0792 0.3032 0.3284 0.8910
1305031459.9276 -1.9260 0.1098 0.0372 0.0780 0.3007 0.3317 0.8908
1305031459.9917 -1.9475 0.0875 0.0524 0.0734 0.2988 0.3394 0.8889
1305031460.0276 -1.9531 0.0725 0.0588 0.0716 0.2985 0.3432 0.8877
1305031460.0597 -1.9653 0.0578 0.0653 0.0718 0.2998 0.3450 0.8865
1305031460.0917 -1.9769 0.0410 0.0722 0.0729 0.2963 0.3518 0.8849
1305031460.1277 -1.9804 0.0287 0.0800 0.0783 0.2869 0.3608 0.8840
1305031460.1597 -1.9892 0.0207 0.0866 0.0853 0.2795 0.3677 0.8828
1305031460.1916 -1.9902 0.0151 0.0975 0.0860 0.2727 0.3743 0.8821
1305031460.2278 -1.9811 0.0066 0.1057 0.0862 0.2704 0.3782 0.8811
1305031460.2917 -1.9839 -0.0127 0.1182 0.0887 0.2866 0.3774 0.8761
1305031460.3275 -1.9874 -0.0249 0.1226 0.0897 0.2954 0.3792 0.8723
1305031460.3916 -1.9881 -0.0426 0.1367 0.0863 0.3144 0.3856 0.8631
1305031460.4275 -1.9884 -0.0536 0.1424 0.0857 0.3247 0.3907 0.8571
1305031460.4596 -1.9876 -0.0592 0.1487 0.0848 0.3368 0.3946 0.8507
1305031460.4915 -1.9941 -0.0674 0.1536 0.0799 0.3512 0.4012 0.8422
1305031460.5276 -1.9945 -0.0795 0.1581 0.0735 0.3616 0.4116 0.8333
1305031460.5596 -1.9919 -0.0898 0.1632 0.0678 0.3705 0.4159 0.8277
1305031460.5919 -1.9957 -0.1007 0.1686 0.0643 0.3801 0.4168 0.8232
1305031460.6276 -1.9952 -0.1117 0.1735 0.0615 0.3880 0.4195 0.8183
1305031460.6598 -2.0005 -0.1234 0.1796 0.0597 0.3966 0.4190 0.8146
1305031460.6917 -2.0074 -0.1339 0.1869 0.0568 0.4018 0.4201 0.8117
1305031460.7277 -2.0067 -0.1421 0.1945 0.0521 0.4040 0.4206 0.8107
1305031460.7597 -2.0059 -0.1536 0.2020 0.0486 0.4093 0.4195 0.8088
1305031460.7917 -2.0105 -0.1653 0.2103 0.0455 0.4141 0.4185 0.8070
1305031460.8277 -2.0110 -0.1728 0.2196 0.0410 0.4160 0.4163 0.8074
1305031460.8597 -2.0092 -0.1801 0.2275 0.0348 0.4196 0.4142 0.8069
1305031460.8918 -2.0082 -0.1926 0.2355 0.0269 0.4245 0.4124 0.8056
1305031460.9276 -2.0080 -0.2039 0.2450 0.0214 0.4269 0.4126 0.8044
1305031460.9917 -1.9937 -0.2297 0.2587 0.0168 0.4305 0.4160 0.8008
1305031461.0276 -1.9896 -0.2417 0.2666 0.0177 0.4326 0.4171 0.7991
1305031461.0917 -1.9861 -0.2567 0.2821 0.0199 0.4315 0.4164 0.8000
1305031461.1276 -1.9764 -0.2664 0.2876 0.0172 0.4310 0.4152 0.8010
1305031461.1597 -1.9701 -0.2784 0.2947 0.0181 0.4326 0.4133 0.8011
1305031461.1920 -1.9674 -0.2817 0.3007 0.0212 0.4331 0.4086 0.8031
1305031461.2276 -1.9637 -0.2879 0.3066 0.0213 0.4345 0.4063 0.8036
1305031461.2596 -1.9577 -0.2956 0.3129 0.0219 0.4349 0.4029 0.8050
1305031461.2917 -1.9534 -0.2982 0.3189 0.0238 0.4356 0.3966 0.8077
1305031461.3278 -1.9472 -0.2982 0.3230 0.0251 0.4373 0.3920 0.8090
1305031461.3597 -1.9491 -0.2953 0.3309 0.0227 0.4419 0.3877 0.8086
1305031461.3917 -1.9372 -0.3054 0.3380 0.0134 0.4417 0.3899 0.8079
1305031461.4276 -1.9297 -0.3088 0.3404 0.0126 0.4420 0.3884 0.8085
1305031461.4598 -1.9284 -0.3054 0.3439 0.0105 0.4422 0.3899 0.8077
1305031461.4917 -1.9120 -0.3176 0.3422 0.0041 0.4405 0.3930 0.8071
1305031461.5277 -1.9113 -0.3150 0.3417 0.0103 0.4421 0.3899 0.8077
1305031461.5597 -1.9036 -0.3084 0.3353 0.0102 0.4417 0.3871 0.8093
1305031461.5917 -1.9010 -0.3067 0.3312 0.0101 0.4488 0.3832 0.8072
1305031461.6275 -1.8985 -0.3020 0.3289 0.0082 0.4540 0.3829 0.8045
1305031461.6596 -1.8953 -0.2997 0.3277 0.0059 0.4587 0.3829 0.8018
1305031461.6916 -1.8960 -0.2930 0.3259 0.0060 0.4614 0.3880 0.7978
1305031461.7276 -1.8884 -0.2887 0.3212 0.0034 0.4608 0.3941 0.7952
1305031461.7597 -1.8887 -0.2792 0.3148 0.0043 0.4621 0.3964 0.7933
1305031461.7916 -1.8861 -0.2689 0.3088 0.0014 0.4633 0.4011 0.7903
1305031461.8276 -1.8824 -0.2614 0.3034 -0.0004 0.4670 0.4057 0.7857
1305031461.8598 -1.8868 -0.2473 0.2997 0.0011 0.4712 0.4117 0.7800
1305031461.8917 -1.8910 -0.2367 0.2980 -0.0019 0.4732 0.4229 0.7728
1305031461.9278 -1.8859 -0.2297 0.2950 -0.0094 0.4710 0.4336 0.7682
1305031461.9597 -1.8825 -0.2146 0.2843 -0.0130 0.4726 0.4372 0.7651
1305031461.9916 -1.8949 -0.2028 0.2867 -0.0180 0.4815 0.4428 0.7562
1305031462.0277 -1.8968 -0.2022 0.2902 -0.0285 0.4821 0.4550 0.7481
1305031462.0598 -1.8992 -0.1973 0.2912 -0.0316 0.4779 0.4676 0.7429
1305031462.0918 -1.8995 -0.1882 0.2869 -0.0326 0.4710 0.4796 0.7396
1305031462.1277 -1.9020 -0.1783 0.2834 -0.0342 0.4670 0.4891 0.7359
1305031462.1596 -1.9038 -0.1733 0.2803 -0.0380 0.4642 0.4963 0.7327
1305031462.1916 -1.9094 -0.1633 0.2787 -0.0404 0.4633 0.4959 0.7333
1305031462.2276 -1.9163 -0.1564 0.2797 -0.0465 0.4643 0.4967 0.7318
1305031462.2598 -1.9221 -0.1523 0.2819 -0.0540 0.4639 0.4959 0.7321
1305031462.2916 -1.9287 -0.1459 0.2845 -0.0609 0.4620 0.4927 0.7349
1305031462.3597 -1.9437 -0.1302 0.2881 -0.0762 0.4593 0.4831 0.7416
1305031462.4599 -1.9713 -0.1073 0.2983 -0.1015 0.4435 0.4720 0.7552
1305031462.5919 -1.9923 -0.0825 0.2824 -0.1293 0.4087 0.4545 0.7808
1305031462.6925 -2.0138 -0.0706 0.2650 -0.1354 0.4013 0.4265 0.7992
1305031462.7598 -2.0286 -0.0561 0.2485 -0.1375 0.3869 0.4068 0.8160
1305031462.8278 -2.0408 -0.0419 0.2273 -0.1413 0.3751 0.3959 0.8262
1305031462.8918 -2.0435 -0.0220 0.2034 -0.1472 0.3686 0.3872 0.8321
1305031462.9597 -2.0461 -0.0105 0.1747 -0.1475 0.3638 0.3841 0.8357
1305031463.0277 -2.0462 0.0023 0.1438 -0.1385 0.3559 0.3723 0.8459
1305031463.0958 -2.0477 0.0185 0.1135 -0.1340 0.3448 0.3561 0.8581
1305031463.1598 -2.0471 0.0288 0.0814 -0.1277 0.3399 0.3379 0.8683
1305031463.2600 -2.0348 0.0510 0.0386 -0.1230 0.3328 0.3218 0.8778
1305031463.3598 -2.0177 0.0685 -0.0001 -0.1168 0.3218 0.3110 0.8866
1305031463.4598 -1.9913 0.1009 -0.0404 -0.1090 0.3094 0.3013 0.8953
1305031463.5277 -1.9671 0.1151 -0.0647 -0.1095 0.3136 0.2976 0.8950
1305031463.6276 -1.9360 0.1306 -0.1007 -0.1048 0.3127 0.2948 0.8969
1305031463.6956 -1.9214 0.1421 -0.1308 -0.0914 0.3155 0.2863 0.9001
1305031463.7597 -1.8830 0.1336 -0.1667 -0.0921 0.3130 0.2785 0.9033
1305031463.8278 -1.8600 0.1307 -0.2045 -0.0890 0.3137 0.2576 0.9096
1305031463.8599 -1.8445 0.1218 -0.2235 -0.0896 0.3139 0.2482 0.9120
1305031463.8956 -1.8361 0.1197 -0.2419 -0.0859 0.3152 0.2387 0.9145
1305031463.9597 -1.8136 0.1048 -0.2757 -0.0856 0.3080 0.2280 0.9197
1305031463.9958 -1.8035 0.0985 -0.2948 -0.0820 0.3041 0.2211 0.9230
1305031464.0277 -1.7958 0.0952 -0.3133 -0.0805 0.3005 0.2129 0.9262
1305031464.0597 -1.7815 0.0842 -0.3306 -0.0820 0.2979 0.2047 0.9288
1305031464.0956 -1.7764 0.0770 -0.3470 -0.0786 0.2993 0.1949 0.9307
1305031464.1277 -1.7760 0.0704 -0.3593 -0.0757 0.2997 0.1897 0.9319
1305031464.1598 -1.7712 0.0563 -0.3702 -0.0725 0.2962 0.1880 0.9336
1305031464.1956 -1.7683 0.0468 -0.3822 -0.0632 0.2897 0.1833 0.9373
1305031464.2276 -1.7707 0.0475 -0.3956 -0.0510 0.2808 0.1788 0.9416
1305031464.2596 -1.7707 0.0485 -0.4094 -0.0432 0.2665 0.1766 0.9465
1305031464.2957 -1.7619 0.0485 -0.4227 -0.0399 0.2485 0.1721 0.9524
1305031464.3279 -1.7483 0.0471 -0.4373 -0.0378 0.2335 0.1666 0.9572
1305031464.3597 -1.7348 0.0408 -0.4507 -0.0347 0.2230 0.1614 0.9608
1305031464.3956 -1.7190 0.0446 -0.4682 -0.0287 0.2150 0.1527 0.9642
1305031464.4276 -1.7088 0.0453 -0.4831 -0.0270 0.2134 0.1426 0.9661
1305031464.4597 -1.7012 0.0376 -0.4972 -0.0261 0.2111 0.1339 0.9679
1305031464.4956 -1.6863 0.0374 -0.5144 -0.0236 0.2071 0.1276 0.9697
1305031464.5276 -1.6799 0.0367 -0.5319 -0.0222 0.2070 0.1192 0.9708
1305031464.5597 -1.6657 0.0322 -0.5483 -0.0254 0.2035 0.1077 0.9728
1305031464.5957 -1.6432 0.0117 -0.5690 -0.0264 0.2048 0.0977 0.9736
1305031464.6277 -1.6304 0.0049 -0.5881 -0.0174 0.2147 0.0880 0.9726
1305031464.6597 -1.6197 -0.0003 -0.6012 -0.0090 0.2253 0.0740 0.9714
1305031464.6957 -1.6111 -0.0247 -0.6102 -0.0015 0.2353 0.0565 0.9703
1305031464.7277 -1.6139 -0.0258 -0.6152 0.0160 0.2424 0.0381 0.9693
1305031464.7597 -1.6099 -0.0186 -0.6245 0.0286 0.2407 0.0187 0.9700
1305031464.7960 -1.6101 -0.0299 -0.6228 0.0326 0.2363 0.0003 0.9711
1305031464.8278 -1.6096 -0.0323 -0.6205 0.0422 0.2243 -0.0143 0.9735
1305031464.8597 -1.5967 -0.0207 -0.6273 0.0494 0.2051 -0.0298 0.9770
1305031464.8958 -1.5781 -0.0189 -0.6308 0.0462 0.1864 -0.0494 0.9801
1305031464.9278 -1.5584 -0.0410 -0.6269 0.0385 0.1723 -0.0697 0.9818
1305031464.9598 -1.5384 -0.0573 -0.6220 0.0384 0.1644 -0.0875 0.9818
1305031464.9957 -1.5180 -0.0575 -0.6193 0.0436 0.1600 -0.1060 0.9804
1305031465.0278 -1.5081 -0.0581 -0.6064 0.0457 0.1592 -0.1277 0.9779
1305031465.0597 -1.5065 -0.0377 -0.5887 0.0532 0.1548 -0.1474 0.9754
1305031465.0957 -1.4866 0.0050 -0.5787 0.0531 0.1420 -0.1630 0.9749
1305031465.1277 -1.4669 0.0160 -0.5632 0.0350 0.1293 -0.1766 0.9751
1305031465.1598 -1.4526 0.0186 -0.5438 0.0167 0.1190 -0.1842 0.9755
1305031465.1956 -1.4350 0.0227 -0.5266 0.0032 0.1088 -0.1905 0.9756
1305031465.2279 -1.4156 0.0377 -0.5121 -0.0076 0.1005 -0.1952 0.9756
1305031465.2598 -1.4034 0.0402 -0.4917 -0.0204 0.0938 -0.1953 0.9760
1305031465.3277 -1.3764 0.0675 -0.4670 -0.0302 0.0767 -0.1739 0.9813
1305031465.3956 -1.3418 0.0702 -0.4524 -0.0368 0.0457 -0.1511 0.9868
1305031465.4277 -1.3125 0.0751 -0.4544 -0.0345 0.0304 -0.1392 0.9892
1305031465.4601 -1.2880 0.0876 -0.4580 -0.0306 0.0187 -0.1255 0.9914
1305031465.4957 -1.2617 0.1017 -0.4618 -0.0315 0.0077 -0.1153 0.9928
1305031465.5276 -1.2423 0.0964 -0.4609 -0.0364 -0.0016 -0.1114 0.9931
1305031465.5598 -1.2168 0.1023 -0.4665 -0.0308 -0.0116 -0.1051 0.9939
1305031465.5956 -1.1894 0.1145 -0.4734 -0.0245 -0.0177 -0.0962 0.9949
1305031465.6277 -1.1730 0.1269 -0.4813 -0.0196 -0.0210 -0.0871 0.9958
1305031465.6601 -1.1524 0.1375 -0.4878 -0.0156 -0.0308 -0.0786 0.9963
1305031465.6957 -1.1197 0.1479 -0.4933 -0.0100 -0.0411 -0.0710 0.9966
1305031465.7277 -1.0958 0.1610 -0.5005 -0.0024 -0.0453 -0.0618 0.9971
1305031465.7598 -1.0707 0.1785 -0.5073 0.0055 -0.0509 -0.0529 0.9973
1305031465.7959 -1.0434 0.1923 -0.5108 0.0109 -0.0556 -0.0465 0.9973
1305031465.8280 -1.0190 0.2012 -0.5150 0.0186 -0.0600 -0.0409 0.9972
1305031465.8599 -0.9912 0.2259 -0.5219 0.0313 -0.0634 -0.0362 0.9968
1305031465.8955 -0.9609 0.2467 -0.5230 0.0359 -0.0612 -0.0335 0.9969
1305031465.9275 -0.9368 0.2543 -0.5257 0.0404 -0.0552 -0.0324 0.9971
1305031465.9597 -0.9140 0.2723 -0.5323 0.0521 -0.0486 -0.0337 0.9969
1305031465.9958 -0.8999 0.2932 -0.5406 0.0606 -0.0414 -0.0381 0.9966
1305031466.0276 -0.8831 0.3151 -0.5480 0.0675 -0.0394 -0.0401 0.9961
1305031466.0598 -0.8667 0.3400 -0.5548 0.0679 -0.0373 -0.0392 0.9962
1305031466.0958 -0.8544 0.3560 -0.5633 0.0634 -0.0377 -0.0391 0.9965
1305031466.1276 -0.8386 0.3710 -0.5717 0.0577 -0.0419 -0.0390 0.9967
1305031466.1604 -0.8269 0.3850 -0.5842 0.0523 -0.0459 -0.0372 0.9969
1305031466.1958 -0.8151 0.4021 -0.5964 0.0453 -0.0532 -0.0367 0.9969
1305031466.2280 -0.7963 0.4085 -0.6062 0.0332 -0.0625 -0.0410 0.9966
1305031466.2598 -0.7725 0.4047 -0.6154 0.0280 -0.0675 -0.0479 0.9962
1305031466.2957 -0.7508 0.4136 -0.6279 0.0313 -0.0643 -0.0596 0.9957
1305031466.3277 -0.7357 0.4232 -0.6439 0.0327 -0.0543 -0.0690 0.9956
1305031466.3598 -0.7231 0.4279 -0.6584 0.0274 -0.0451 -0.0753 0.9958
1305031466.3958 -0.7129 0.4188 -0.6713 0.0244 -0.0414 -0.0797 0.9957
1305031466.4278 -0.7014 0.4288 -0.6875 0.0315 -0.0433 -0.0842 0.9950
1305031466.4598 -0.6841 0.4390 -0.6995 0.0317 -0.0486 -0.0882 0.9944
1305031466.4958 -0.6612 0.4430 -0.7066 0.0273 -0.0537 -0.0887 0.9942
1305031466.5275 -0.6360 0.4425 -0.7112 0.0247 -0.0539 -0.0887 0.9943
1305031466.5604 -0.6181 0.4526 -0.7215 0.0243 -0.0497 -0.0905 0.9944
1305031466.5959 -0.5974 0.4594 -0.7278 0.0165 -0.0493 -0.0935 0.9943
1305031466.6275 -0.5723 0.4474 -0.7257 0.0078 -0.0495 -0.0973 0.9940
1305031466.6597 -0.5529 0.4485 -0.7328 0.0140 -0.0470 -0.1027 0.9935
1305031466.6958 -0.5354 0.4623 -0.7429 0.0168 -0.0473 -0.1103 0.9926
1305031466.7281 -0.5133 0.4624 -0.7424 0.0100 -0.0507 -0.1195 0.9915
1305031466.7596 -0.4940 0.4531 -0.7416 0.0102 -0.0517 -0.1277 0.9904
1305031466.7956 -0.4779 0.4622 -0.7507 0.0183 -0.0528 -0.1334 0.9895
1305031466.8279 -0.4598 0.4675 -0.7564 0.0161 -0.0572 -0.1364 0.9889
1305031466.8597 -0.4477 0.4613 -0.7572 0.0122 -0.0625 -0.1361 0.9887
1305031466.8957 -0.4345 0.4631 -0.7650 0.0152 -0.0735 -0.1370 0.9877
1305031466.9278 -0.4168 0.4634 -0.7702 0.0147 -0.0882 -0.1390 0.9862
1305031466.9597 -0.3962 0.4594 -0.7727 0.0141 -0.0998 -0.1398 0.9850
1305031466.9957 -0.3772 0.4587 -0.7768 0.0148 -0.1057 -0.1424 0.9840
1305031467.0278 -0.3611 0.4572 -0.7808 0.0149 -0.1101 -0.1466 0.9829
1305031467.0597 -0.3426 0.4566 -0.7844 0.0151 -0.1135 -0.1495 0.9821
1305031467.0957 -0.3273 0.4569 -0.7875 0.0134 -0.1147 -0.1549 0.9812
1305031467.1290 -0.3141 0.4542 -0.7876 0.0135 -0.1179 -0.1654 0.9791
1305031467.1597 -0.3003 0.4531 -0.7907 0.0152 -0.1212 -0.1731 0.9773
1305031467.1957 -0.2888 0.4528 -0.7950 0.0161 -0.1255 -0.1776 0.9759
1305031467.2277 -0.2754 0.4518 -0.7972 0.0165 -0.1326 -0.1828 0.9740
1305031467.2597 -0.2612 0.4504 -0.7991 0.0181 -0.1385 -0.1875 0.9723
1305031467.2958 -0.2475 0.4502 -0.8033 0.0202 -0.1441 -0.1938 0.9702
1305031467.3280 -0.2330 0.4500 -0.8094 0.0212 -0.1499 -0.1986 0.9683
1305031467.3597 -0.2186 0.4525 -0.8170 0.0186 -0.1558 -0.2004 0.9671
1305031467.3958 -0.2042 0.4518 -0.8182 0.0128 -0.1631 -0.2051 0.9650
1305031467.4278 -0.1907 0.4487 -0.8182 0.0107 -0.1692 -0.2090 0.9631
1305031467.4597 -0.1765 0.4482 -0.8265 0.0104 -0.1756 -0.2105 0.9616
1305031467.4961 -0.1592 0.4498 -0.8344 0.0065 -0.1825 -0.2150 0.9594
1305031467.5277 -0.1434 0.4475 -0.8307 0.0017 -0.1866 -0.2217 0.9571
1305031467.5598 -0.1301 0.4425 -0.8297 0.0015 -0.1881 -0.2242 0.9562
1305031467.5960 -0.1170 0.4396 -0.8323 0.0011 -0.1897 -0.2228 0.9562
1305031467.6275 -0.1102 0.4308 -0.8271 0.0008 -0.1941 -0.2208 0.9558
1305031467.6596 -0.0986 0.4232 -0.8265 0.0061 -0.2003 -0.2172 0.9553
1305031467.6959 -0.0846 0.4205 -0.8260 0.0098 -0.2046 -0.2188 0.9540
1305031467.7275 -0.0773 0.4114 -0.8143 0.0135 -0.2076 -0.2238 0.9522
1305031467.7599 -0.0695 0.4032 -0.8082 0.0193 -0.2102 -0.2259 0.9510
1305031467.7961 -0.0609 0.3975 -0.8001 0.0235 -0.2137 -0.2285 0.9495
1305031467.8278 -0.0578 0.3851 -0.7847 0.0272 -0.2170 -0.2294 0.9485
1305031467.8597 -0.0543 0.3755 -0.7740 0.0336 -0.2217 -0.2263 0.9479
1305031467.8959 -0.0481 0.3712 -0.7643 0.0386 -0.2294 -0.2253 0.9461
1305031467.9278 -0.0447 0.3613 -0.7450 0.0412 -0.2377 -0.2280 0.9433
1305031467.9598 -0.0413 0.3489 -0.7273 0.0469 -0.2438 -0.2290 0.9412
1305031467.9958 -0.0308 0.3473 -0.7153 0.0517 -0.2470 -0.2307 0.9397
1305031468.0281 -0.0327 0.3347 -0.6915 0.0495 -0.2476 -0.2340 0.9389
1305031468.0598 -0.0340 0.3202 -0.6750 0.0535 -0.2500 -0.2363 0.9374
1305031468.0959 -0.0272 0.3149 -0.6604 0.0566 -0.2542 -0.2378 0.9358
1305031468.1278 -0.0270 0.3003 -0.6385 0.0545 -0.2569 -0.2388 0.9349
1305031468.1599 -0.0244 0.2879 -0.6221 0.0565 -0.2591 -0.2418 0.9334
1305031468.1960 -0.0204 0.2767 -0.6039 0.0567 -0.2604 -0.2452 0.9321
1305031468.2282 -0.0199 0.2595 -0.5857 0.0546 -0.2597 -0.2453 0.9324
1305031468.2598 -0.0164 0.2436 -0.5690 0.0541 -0.2588 -0.2438 0.9331
1305031468.2958 -0.0162 0.2288 -0.5536 0.0536 -0.2563 -0.2442 0.9337
1305031468.3278 -0.0172 0.2056 -0.5389 0.0536 -0.2544 -0.2426 0.9346
1305031468.3598 -0.0127 0.1946 -0.5296 0.0580 -0.2520 -0.2380 0.9362
1305031468.4598 -0.0101 0.1384 -0.5051 0.0476 -0.2510 -0.2357 0.9376
1305031468.5278 -0.0165 0.1004 -0.4906 0.0441 -0.2472 -0.2421 0.9372
1305031468.5597 -0.0227 0.0814 -0.4873 0.0498 -0.2474 -0.2501 0.9347
1305031468.6596 -0.0455 0.0328 -0.4797 0.0427 -0.2509 -0.2584 0.9319
1305031468.6958 -0.0544 0.0158 -0.4769 0.0461 -0.2573 -0.2615 0.9291
1305031468.7278 -0.0594 0.0040 -0.4726 0.0500 -0.2641 -0.2618 0.9269
1305031468.7596 -0.0649 -0.0091 -0.4673 0.0508 -0.2690 -0.2620 0.9254
1305031468.7958 -0.0743 -0.0288 -0.4612 0.0533 -0.2719 -0.2664 0.9232
1305031468.8292 -0.0810 -0.0396 -0.4583 0.0618 -0.2745 -0.2717 0.9203
1305031468.9281 -0.0893 -0.0642 -0.4420 0.0593 -0.2651 -0.2744 0.9224
1305031468.9957 -0.0940 -0.0516 -0.4389 0.0448 -0.2532 -0.2748 0.9265
1305031469.0598 -0.1133 -0.0714 -0.4271 0.0115 -0.2452 -0.2892 0.9253
1305031469.1597 -0.1156 -0.0912 -0.3897 -0.0202 -0.2302 -0.3173 0.9197
1305031469.2278 -0.1353 -0.0999 -0.3726 -0.0321 -0.2116 -0.3265 0.9206
1305031469.2968 -0.1424 -0.1013 -0.3487 -0.0409 -0.2040 -0.3330 0.9197
1305031469.3276 -0.1461 -0.0972 -0.3390 -0.0452 -0.1999 -0.3345 0.9198
1305031469.3596 -0.1443 -0.1014 -0.3219 -0.0526 -0.1963 -0.3393 0.9184
1305031469.3957 -0.1472 -0.1042 -0.3064 -0.0539 -0.1857 -0.3452 0.9184
1305031469.4277 -0.1491 -0.0971 -0.2965 -0.0510 -0.1737 -0.3512 0.9186
1305031469.4597 -0.1537 -0.0894 -0.2843 -0.0500 -0.1637 -0.3585 0.9177
1305031469.4957 -0.1622 -0.0790 -0.2728 -0.0493 -0.1567 -0.3622 0.9175
1305031469.5276 -0.1633 -0.0685 -0.2626 -0.0519 -0.1564 -0.3620 0.9175
1305031469.5596 -0.1631 -0.0614 -0.2498 -0.0586 -0.1570 -0.3623 0.9169
1305031469.6596 -0.1682 -0.0347 -0.2087 -0.0816 -0.1496 -0.3620 0.9165
1305031469.7956 -0.1794 0.0179 -0.1652 -0.1014 -0.1325 -0.3546 0.9200
1305031469.9598 -0.2093 0.1031 -0.1267 -0.1222 -0.1367 -0.3400 0.9224
1305031470.1596 -0.2638 0.2025 -0.1196 -0.1366 -0.1369 -0.3293 0.9242
1305031470.3276 -0.3163 0.2705 -0.1344 -0.1613 -0.1318 -0.3158 0.9257
1305031470.4957 -0.3751 0.3332 -0.1502 -0.1693 -0.1346 -0.3064 0.9270
1305031470.6277 -0.4181 0.3665 -0.1620 -0.1748 -0.1306 -0.2986 0.9291
1305031470.8278 -0.4771 0.4020 -0.1669 -0.1800 -0.1184 -0.2785 0.9360
1305031470.8596 -0.4865 0.4050 -0.1689 -0.1759 -0.1188 -0.2741 0.9380
1305031470.8957 -0.4962 0.4084 -0.1725 -0.1724 -0.1192 -0.2692 0.9400
1305031470.9277 -0.5057 0.4116 -0.1729 -0.1683 -0.1223 -0.2655 0.9414
1305031470.9596 -0.5163 0.4119 -0.1747 -0.1603 -0.1261 -0.2629 0.9430
1305031470.9960 -0.5225 0.4136 -0.1779 -0.1516 -0.1285 -0.2599 0.9450
1305031471.0276 -0.5312 0.4127 -0.1796 -0.1438 -0.1278 -0.2579 0.9468
1305031471.0596 -0.5410 0.4125 -0.1835 -0.1347 -0.1248 -0.2536 0.9497
1305031471.0958 -0.5495 0.4151 -0.1880 -0.1259 -0.1234 -0.2467 0.9529
1305031471.1277 -0.5573 0.4144 -0.1904 -0.1208 -0.1241 -0.2401 0.9552
1305031471.1596 -0.5623 0.4149 -0.1942 -0.1150 -0.1244 -0.2336 0.9575
1305031471.1957 -0.5674 0.4162 -0.1970 -0.1120 -0.1219 -0.2273 0.9596
1305031471.2276 -0.5751 0.4179 -0.1991 -0.1112 -0.1176 -0.2226 0.9614
1305031471.2597 -0.5825 0.4168 -0.1994 -0.1128 -0.1153 -0.2193 0.9622
1305031471.2961 -0.5883 0.4150 -0.1992 -0.1125 -0.1137 -0.2148 0.9635
1305031471.3276 -0.5905 0.4145 -0.2015 -0.1084 -0.1111 -0.2113 0.9650
1305031471.3596 -0.5938 0.4156 -0.2044 -0.1066 -0.1034 -0.2088 0.9666
1305031471.3957 -0.6033 0.4119 -0.2042 -0.1079 -0.0945 -0.2042 0.9684
1305031471.4277 -0.6113 0.4130 -0.2089 -0.1037 -0.0899 -0.1973 0.9707
1305031471.4596 -0.6150 0.4146 -0.2125 -0.1026 -0.0901 -0.1919 0.9719
1305031471.5597 -0.6254 0.4138 -0.2199 -0.1049 -0.0870 -0.1809 0.9740
1305031471.5957 -0.6283 0.4134 -0.2227 -0.1049 -0.0823 -0.1787 0.9748
1305031471.6276 -0.6314 0.4132 -0.2258 -0.1042 -0.0773 -0.1771 0.9756
1305031471.6596 -0.6344 0.4126 -0.2288 -0.1026 -0.0720 -0.1741 0.9767
1305031471.7958 -0.6391 0.4175 -0.2412 -0.0997 -0.0524 -0.1506 0.9822
1305031471.9956 -0.6521 0.4377 -0.2480 -0.1112 -0.0158 -0.1221 0.9861
1305031472.5636 -0.6939 0.4258 -0.2455 -0.1076 0.0116 -0.0920 0.9899
1305031472.7956 -0.6840 0.4048 -0.2410 -0.0967 0.0051 -0.0876 0.9914
