1305031453.3917 0.0000 0.0000 0.0000 0.0000 0.0000 0.0000 1.0000
1305031453.4917 0.0073 0.0180 -0.0341 0.0126 0.0187 0.0268 0.9994
1305031453.5916 0.0148 0.0230 -0.0842 0.0285 0.0273 0.0442 0.9982
1305031453.6917 0.0047 0.0389 -0.1228 0.0471 0.0184 0.0439 0.9978
1305031453.8278 -0.0264 0.0744 -0.1474 0.0645 -0.0112 0.0218 0.9976
1305031453.9277 -0.0615 0.1055 -0.1571 0.0671 -0.0565 0.0060 0.9961
1305031453.9596 -0.0720 0.1189 -0.1598 0.0692 -0.0704 -0.0011 0.9951
1305031453.9916 -0.0791 0.1283 -0.1557 0.0703 -0.0830 -0.0099 0.9940
1305031454.0277 -0.0825 0.1260 -0.1535 0.0707 -0.0978 -0.0181 0.9925
1305031454.0597 -0.0941 0.1378 -0.1497 0.0753 -0.1079 -0.0233 0.9910
1305031454.0917 -0.1086 0.1448 -0.1468 0.0778 -0.1185 -0.0309 0.9894
1305031454.1277 -0.1209 0.1451 -0.1372 0.0809 -0.1322 -0.0396 0.9871
1305031454.1597 -0.1381 0.1562 -0.1318 0.0838 -0.1442 -0.0485 0.9848
1305031454.1917 -0.1534 0.1663 -0.1265 0.0858 -0.1596 -0.0584 0.9817
1305031454.2277 -0.1785 0.1676 -0.1204 0.0894 -0.1709 -0.0714 0.9786
1305031454.2596 -0.1836 0.1601 -0.1220 0.0905 -0.1848 -0.0863 0.9748
1305031454.2916 -0.1903 0.1645 -0.1261 0.0894 -0.1931 -0.0955 0.9724
1305031454.3277 -0.2003 0.1708 -0.1168 0.0931 -0.2044 -0.1046 0.9688
1305031454.3596 -0.2105 0.1636 -0.1170 0.0938 -0.2150 -0.1158 0.9652
1305031454.3917 -0.2235 0.1726 -0.1106 0.0972 -0.2206 -0.1256 0.9623
1305031454.4275 -0.2307 0.1753 -0.1126 0.0984 -0.2324 -0.1351 0.9581
1305031454.4599 -0.2361 0.1777 -0.1105 0.1003 -0.2425 -0.1471 0.9537
1305031454.4916 -0.2436 0.1829 -0.0994 0.1031 -0.2495 -0.1587 0.9497
1305031454.5277 -0.2475 0.2008 -0.0852 0.1081 -0.2595 -0.1693 0.9446
1305031454.5596 -0.2545 0.2180 -0.0739 0.1104 -0.2669 -0.1762 0.9410
1305031454.5916 -0.2615 0.2307 -0.0686 0.1122 -0.2765 -0.1869 0.9360
1305031454.6276 -0.2761 0.2454 -0.0597 0.1157 -0.2865 -0.1970 0.9304
1305031454.6595 -0.2901 0.2722 -0.0474 0.1197 -0.2949 -0.2019 0.9263
1305031454.6919 -0.3134 0.2954 -0.0485 0.1207 -0.3005 -0.2046 0.9237
1305031454.7277 -0.3238 0.3054 -0.0524 0.1205 -0.3079 -0.2139 0.9192
1305031454.7597 -0.3323 0.3175 -0.0503 0.1160 -0.3096 -0.2075 0.9207
1305031454.7916 -0.3367 0.3202 -0.0512 0.1110 -0.3101 -0.2026 0.9222
1305031454.8276 -0.3359 0.3343 -0.0486 0.1075 -0.3106 -0.1939 0.9243
1305031454.8596 -0.3355 0.3306 -0.0369 0.0973 -0.3123 -0.1870 0.9263
1305031454.8918 -0.3427 0.3343 -0.0362 0.0924 -0.3066 -0.1814 0.9298
1305031454.9276 -0.3483 0.3332 -0.0251 0.0830 -0.3048 -0.1733 0.9328
1305031454.9596 -0.3484 0.3323 -0.0230 0.0762 -0.3040 -0.1673 0.9348
1305031454.9919 -0.3549 0.3347 -0.0247 0.0711 -0.3015 -0.1617 0.9370
1305031455.0278 -0.3593 0.3462 -0.0233 0.0726 -0.3005 -0.1583 0.9378
1305031455.0596 -0.3627 0.3505 -0.0231 0.0709 -0.2986 -0.1559 0.9389
1305031455.0917 -0.3648 0.3538 -0.0241 0.0716 -0.2975 -0.1552 0.9393
1305031455.1277 -0.3668 0.3580 -0.0277 0.0719 -0.2950 -0.1560 0.9399
1305031455.1597 -0.3739 0.3624 -0.0303 0.0704 -0.2919 -0.1530 0.9415
1305031455.1917 -0.3841 0.3652 -0.0367 0.0657 -0.2878 -0.1484 0.9438
1305031455.2276 -0.3929 0.3693 -0.0392 0.0650 -0.2852 -0.1443 0.9453
1305031455.2596 -0.3956 0.3752 -0.0354 0.0616 -0.2846 -0.1377 0.9467
1305031455.2918 -0.4004 0.3740 -0.0350 0.0510 -0.2834 -0.1262 0.9493
1305031455.3278 -0.4157 0.3831 -0.0549 0.0469 -0.2759 -0.1165 0.9529
1305031455.3596 -0.4227 0.4047 -0.0437 0.0452 -0.2770 -0.1057 0.9540
1305031455.3917 -0.4254 0.3951 -0.0392 0.0288 -0.2772 -0.0979 0.9554
1305031455.4276 -0.4351 0.3985 -0.0435 0.0223 -0.2726 -0.0889 0.9578
1305031455.4596 -0.4443 0.3976 -0.0526 0.0174 -0.2698 -0.0826 0.9592
1305031455.4916 -0.4565 0.4041 -0.0611 0.0154 -0.2662 -0.0743 0.9609
1305031455.5276 -0.4664 0.3994 -0.0679 0.0094 -0.2657 -0.0618 0.9620
1305031455.5597 -0.4833 0.4029 -0.0829 0.0080 -0.2650 -0.0500 0.9629
1305031455.5916 -0.4965 0.4059 -0.0956 0.0057 -0.2654 -0.0374 0.9634
1305031455.6596 -0.5230 0.4048 -0.1070 0.0054 -0.2650 -0.0188 0.9640
1305031455.6916 -0.5341 0.4030 -0.1181 0.0082 -0.2636 -0.0183 0.9644
1305031455.7276 -0.5411 0.4009 -0.1286 0.0103 -0.2612 -0.0219 0.9650
1305031455.7597 -0.5467 0.3983 -0.1370 0.0106 -0.2585 -0.0234 0.9657
1305031455.7917 -0.5553 0.3878 -0.1447 0.0089 -0.2551 -0.0223 0.9666
1305031455.8276 -0.5635 0.3818 -0.1563 0.0091 -0.2530 -0.0229 0.9672
1305031455.8595 -0.5700 0.3743 -0.1678 0.0079 -0.2514 -0.0228 0.9676
1305031455.8917 -0.5724 0.3733 -0.1758 0.0086 -0.2507 -0.0232 0.9678
1305031455.9280 -0.5757 0.3689 -0.1819 0.0075 -0.2497 -0.0221 0.9681
1305031455.9597 -0.5805 0.3681 -0.1874 0.0082 -0.2481 -0.0231 0.9684
1305031455.9917 -0.5837 0.3599 -0.1927 0.0042 -0.2460 -0.0236 0.9690
1305031456.0278 -0.5879 0.3651 -0.2031 0.0034 -0.2419 -0.0291 0.9698
1305031456.0597 -0.5984 0.3481 -0.2082 -0.0091 -0.2372 -0.0361 0.9707
1305031456.0917 -0.6039 0.3431 -0.2107 -0.0118 -0.2349 -0.0394 0.9712
1305031456.1276 -0.6075 0.3384 -0.2133 -0.0129 -0.2331 -0.0395 0.9716
1305031456.1597 -0.6087 0.3278 -0.2114 -0.0154 -0.2316 -0.0401 0.9719
1305031456.1917 -0.6131 0.3148 -0.2100 -0.0140 -0.2272 -0.0400 0.9729
1305031456.2277 -0.6171 0.3141 -0.2144 -0.0121 -0.2200 -0.0368 0.9747
1305031456.2917 -0.6220 0.2951 -0.2090 -0.0159 -0.2041 -0.0272 0.9784
1305031456.3277 -0.6285 0.2914 -0.2038 -0.0130 -0.1958 -0.0182 0.9804
1305031456.3916 -0.6286 0.2771 -0.1933 -0.0136 -0.1804 -0.0084 0.9835
1305031456.4277 -0.6300 0.2796 -0.1938 -0.0085 -0.1749 0.0030 0.9845
1305031456.4917 -0.6762 0.2925 -0.1898 -0.0110 -0.1644 0.0163 0.9862
1305031456.5276 -0.6941 0.2960 -0.1823 -0.0136 -0.1644 0.0202 0.9861
1305031456.5917 -0.7174 0.3000 -0.1733 -0.0141 -0.1601 0.0290 0.9866
1305031456.6276 -0.7155 0.3094 -0.1652 -0.0251 -0.1624 0.0351 0.9858
1305031456.6916 -0.7475 0.3025 -0.1465 -0.0354 -0.1543 0.0506 0.9861
1305031456.7916 -0.8105 0.3055 -0.1317 -0.0390 -0.1568 0.0717 0.9842
1305031457.0276 -0.8980 0.3176 -0.0837 -0.0576 -0.1402 0.1052 0.9828
1305031457.2275 -0.9596 0.2986 -0.1032 -0.0852 -0.1056 0.1359 0.9814
1305031457.3275 -0.9840 0.2934 -0.1309 -0.0748 -0.0827 0.1544 0.9817
1305031457.4276 -1.0227 0.2723 -0.1683 -0.0732 -0.0489 0.1751 0.9806
1305031457.5276 -1.0496 0.2490 -0.2003 -0.0708 -0.0399 0.1897 0.9785
1305031457.5917 -1.0684 0.2463 -0.2250 -0.0627 -0.0303 0.1983 0.9777
1305031457.6916 -1.1106 0.2287 -0.2447 -0.0634 -0.0220 0.2053 0.9764
1305031457.7596 -1.1187 0.1910 -0.2585 -0.0688 -0.0199 0.2051 0.9761
1305031457.7916 -1.1220 0.1714 -0.2656 -0.0636 -0.0143 0.2039 0.9768
1305031457.8277 -1.1340 0.1769 -0.2769 -0.0507 -0.0054 0.2052 0.9774
1305031457.8916 -1.1491 0.1434 -0.2828 -0.0461 0.0094 0.2071 0.9772
1305031457.9276 -1.1593 0.1390 -0.2893 -0.0338 0.0149 0.2139 0.9762
1305031457.9916 -1.1831 0.1140 -0.3002 -0.0242 0.0207 0.2190 0.9752
1305031458.0278 -1.1939 0.1152 -0.3019 -0.0111 0.0265 0.2218 0.9747
1305031458.0597 -1.2101 0.1168 -0.3083 -0.0025 0.0335 0.2252 0.9737
1305031458.1276 -1.2280 0.1068 -0.3064 -0.0043 0.0389 0.2271 0.9731
1305031458.1596 -1.2374 0.0912 -0.3060 -0.0065 0.0413 0.2256 0.9733
1305031458.1916 -1.2514 0.0892 -0.3050 -0.0060 0.0424 0.2296 0.9724
1305031458.2276 -1.2656 0.0715 -0.2883 -0.0156 0.0405 0.2299 0.9723
1305031458.2599 -1.2762 0.0519 -0.2739 -0.0177 0.0378 0.2299 0.9723
1305031458.2917 -1.3040 0.0366 -0.2636 -0.0105 0.0396 0.2272 0.9730
1305031458.3276 -1.3195 0.0443 -0.2428 -0.0035 0.0331 0.2280 0.9731
1305031458.3596 -1.3285 -0.0003 -0.2194 -0.0085 0.0326 0.2320 0.9721
1305031458.3916 -1.3560 0.0133 -0.1993 0.0106 0.0358 0.2348 0.9713
1305031458.4276 -1.3674 0.0186 -0.1816 0.0198 0.0377 0.2468 0.9681
1305031458.4596 -1.3773 0.0138 -0.1724 0.0310 0.0447 0.2482 0.9672
1305031458.4917 -1.3678 -0.0079 -0.1657 0.0428 0.0520 0.2503 0.9658
1305031458.5277 -1.3652 -0.0207 -0.1557 0.0499 0.0589 0.2559 0.9636
1305031458.5596 -1.3636 -0.0211 -0.1419 0.0542 0.0629 0.2553 0.9633
1305031458.5916 -1.3746 -0.0364 -0.1345 0.0582 0.0695 0.2481 0.9645
1305031458.6277 -1.3838 -0.0231 -0.1197 0.0619 0.0696 0.2473 0.9644
1305031458.6596 -1.3920 -0.0116 -0.1041 0.0615 0.0621 0.2458 0.9654
1305031458.6917 -1.4076 0.0034 -0.0714 0.0662 0.0492 0.2364 0.9682
1305031458.7276 -1.4075 0.0042 -0.0564 0.0679 0.0336 0.2267 0.9710
1305031458.7599 -1.4224 0.0009 -0.0352 0.0745 0.0239 0.2186 0.9727
1305031458.7916 -1.4312 0.0202 -0.0081 0.0815 0.0093 0.2102 0.9742
1305031458.8276 -1.4321 0.0255 0.0192 0.0815 0.0013 0.2084 0.9746
1305031458.8917 -1.4272 0.0147 0.0438 0.0863 -0.0036 0.1986 0.9763
1305031458.9276 -1.4425 0.0162 0.0429 0.0857 0.0049 0.2003 0.9760
1305031458.9596 -1.4471 0.0143 0.0465 0.0796 0.0086 0.2094 0.9745
1305031458.9916 -1.4579 -0.0044 0.0598 0.0783 0.0137 0.2140 0.9736
1305031459.0277 -1.4735 -0.0142 0.0689 0.0884 0.0135 0.2131 0.9729
1305031459.0596 -1.4876 -0.0260 0.0804 0.0954 0.0060 0.2208 0.9706
1305031459.1276 -1.5286 0.0267 0.0966 0.1265 0.0216 0.2215 0.9667
1305031459.1596 -1.5404 0.0201 0.1166 0.1373 -0.0016 0.2207 0.9656
1305031459.1917 -1.5401 0.0203 0.1340 0.1448 -0.0222 0.2253 0.9632
1305031459.2276 -1.5406 0.0224 0.1444 0.1492 -0.0384 0.2320 0.9604
1305031459.2598 -1.5449 0.0232 0.1622 0.1497 -0.0411 0.2394 0.9584
1305031459.3276 -1.5746 0.0262 0.2025 0.1453 -0.0048 0.2611 0.9543
1305031459.3597 -1.5832 0.0353 0.2133 0.1470 0.0167 0.2811 0.9482
1305031459.3917 -1.6043 0.0472 0.2148 0.1402 0.0443 0.3044 0.9411
1305031459.4276 -1.5993 0.0523 0.2331 0.1241 0.0724 0.3381 0.9301
1305031459.4597 -1.6090 0.0520 0.2398 0.1154 0.1045 0.3792 0.9121
1305031459.5276 -1.6532 -0.0021 0.2619 0.1136 0.1365 0.3695 0.9121
1305031459.5596 -1.6571 -0.0119 0.2559 0.1014 0.1480 0.3940 0.9014
1305031459.5917 -1.6648 -0.0151 0.2548 0.0961 0.1512 0.4144 0.8923
1305031459.6276 -1.6662 -0.0129 0.2608 0.0937 0.1472 0.4266 0.8874
1305031459.6596 -1.6757 -0.0135 0.2642 0.0937 0.1526 0.4253 0.8872
1305031459.6916 -1.6922 -0.0163 0.2706 0.0900 0.1646 0.4296 0.8833
1305031459.7276 -1.6961 -0.0267 0.2684 0.0847 0.1676 0.4348 0.8807
1305031459.7917 -1.7314 -0.0566 0.2689 0.0837 0.1808 0.4269 0.8821
1305031459.8277 -1.7505 -0.0718 0.2713 0.0832 0.1844 0.4256 0.8820
1305031459.8597 -1.7691 -0.0888 0.2745 0.0802 0.1859 0.4246 0.8824
1305031459.8916 -1.7785 -0.1078 0.2813 0.0745 0.1838 0.4268 0.8823
1305031459.9276 -1.7877 -0.1249 0.2824 0.0730 0.1811 0.4301 0.8814
1305031459.9917 -1.8019 -0.1518 0.2908 0.0684 0.1770 0.4385 0.8784
1305031460.0276 -1.8065 -0.1616 0.2996 0.0683 0.1770 0.4419 0.8768
1305031460.0597 -1.8194 -0.1865 0.2972 0.0653 0.1799 0.4447 0.8750
1305031460.0917 -1.8295 -0.2030 0.2995 0.0663 0.1757 0.4488 0.8737
1305031460.1277 -1.8343 -0.2084 0.3059 0.0742 0.1661 0.4558 0.8713
1305031460.1597 -1.8471 -0.2205 0.3125 0.0804 0.1619 0.4601 0.8693
1305031460.1916 -1.8475 -0.2228 0.3289 0.0835 0.1548 0.4644 0.8680
1305031460.2278 -1.8426 -0.2278 0.3387 0.0844 0.1539 0.4668 0.8668
1305031460.2917 -1.8468 -0.2418 0.3436 0.0889 0.1679 0.4676 0.8633
1305031460.3275 -1.8439 -0.2494 0.3462 0.0894 0.1731 0.4688 0.8615
1305031460.3916 -1.8472 -0.2611 0.3493 0.0849 0.1902 0.4759 0.8544
1305031460.4275 -1.8436 -0.2650 0.3589 0.0844 0.1976 0.4806 0.8502
1305031460.4596 -1.8426 -0.2577 0.3655 0.0853 0.2067 0.4839 0.8461
1305031460.4915 -1.8463 -0.2681 0.3674 0.0768 0.2209 0.4881 0.8409
1305031460.5276 -1.8465 -0.2834 0.3700 0.0664 0.2324 0.4971 0.8333
1305031460.5596 -1.8440 -0.2950 0.3724 0.0588 0.2412 0.5012 0.8289
1305031460.5919 -1.8452 -0.3029 0.3791 0.0554 0.2483 0.5023 0.8264
1305031460.6276 -1.8453 -0.3063 0.3815 0.0541 0.2543 0.5045 0.8233
1305031460.6598 -1.8471 -0.3102 0.3826 0.0537 0.2582 0.5041 0.8224
1305031460.6917 -1.8488 -0.3205 0.3859 0.0499 0.2612 0.5062 0.8204
1305031460.7277 -1.8476 -0.3256 0.3873 0.0469 0.2613 0.5068 0.8202
1305031460.7597 -1.8484 -0.3350 0.3889 0.0438 0.2645 0.5053 0.8203
1305031460.7917 -1.8496 -0.3393 0.3931 0.0432 0.2664 0.5042 0.8203
1305031460.8277 -1.8523 -0.3459 0.3972 0.0405 0.2682 0.5029 0.8207
1305031460.8597 -1.8545 -0.3508 0.4020 0.0373 0.2710 0.5008 0.8212
1305031460.8918 -1.8522 -0.3597 0.4075 0.0320 0.2736 0.4992 0.8215
1305031460.9276 -1.8531 -0.3695 0.4123 0.0281 0.2755 0.4993 0.8210
1305031460.9917 -1.8516 -0.3903 0.4277 0.0261 0.2827 0.4979 0.8194
1305031461.0276 -1.8500 -0.4021 0.4344 0.0259 0.2852 0.5003 0.8171
1305031461.0917 -1.8462 -0.4201 0.4538 0.0252 0.2848 0.4979 0.8188
1305031461.1276 -1.8448 -0.4258 0.4595 0.0253 0.2859 0.4962 0.8194
1305031461.1597 -1.8465 -0.4339 0.4727 0.0288 0.2907 0.4922 0.8200
1305031461.1920 -1.8430 -0.4354 0.4760 0.0310 0.2905 0.4892 0.8218
1305031461.2276 -1.8385 -0.4458 0.4842 0.0281 0.2926 0.4889 0.8213
1305031461.2596 -1.8398 -0.4510 0.4928 0.0310 0.2962 0.4836 0.8230
1305031461.2917 -1.8414 -0.4526 0.5019 0.0334 0.2991 0.4774 0.8256
1305031461.3278 -1.8341 -0.4550 0.5028 0.0333 0.2990 0.4749 0.8270
1305031461.3597 -1.8354 -0.4547 0.5080 0.0313 0.3014 0.4717 0.8280
1305031461.3917 -1.8285 -0.4641 0.5159 0.0233 0.3023 0.4717 0.8280
1305031461.4276 -1.8220 -0.4663 0.5177 0.0227 0.3016 0.4716 0.8283
1305031461.4598 -1.8248 -0.4686 0.5202 0.0204 0.3037 0.4717 0.8276
1305031461.4917 -1.8153 -0.4747 0.5229 0.0165 0.3033 0.4723 0.8274
1305031461.5277 -1.8132 -0.4680 0.5234 0.0235 0.3035 0.4716 0.8276
1305031461.5597 -1.8078 -0.4621 0.5175 0.0226 0.3024 0.4686 0.8297
1305031461.5917 -1.7955 -0.4549 0.5032 0.0203 0.3023 0.4696 0.8293
1305031461.6275 -1.7996 -0.4488 0.5100 0.0207 0.3113 0.4683 0.8266
1305031461.6596 -1.7926 -0.4431 0.5073 0.0182 0.3132 0.4688 0.8257
1305031461.6916 -1.8002 -0.4398 0.5147 0.0188 0.3208 0.4702 0.8220
1305031461.7276 -1.7918 -0.4340 0.5127 0.0167 0.3188 0.4766 0.8191
1305031461.7597 -1.7902 -0.4262 0.5066 0.0158 0.3200 0.4784 0.8176
1305031461.7916 -1.7893 -0.4111 0.5049 0.0145 0.3213 0.4805 0.8159
1305031461.8276 -1.7861 -0.4024 0.5030 0.0114 0.3261 0.4833 0.8124
1305031461.8598 -1.7945 -0.3890 0.5015 0.0138 0.3320 0.4896 0.8062
1305031461.8917 -1.8012 -0.3769 0.4963 0.0112 0.3334 0.5017 0.7982
1305031461.9278 -1.7891 -0.3609 0.4945 0.0048 0.3254 0.5141 0.7936
1305031461.9597 -1.7860 -0.3389 0.4871 0.0022 0.3250 0.5162 0.7924
1305031461.9916 -1.7972 -0.3320 0.4860 -0.0083 0.3332 0.5210 0.7858
1305031462.0277 -1.7959 -0.3340 0.4895 -0.0218 0.3325 0.5337 0.7772
1305031462.0598 -1.7952 -0.3225 0.4866 -0.0244 0.3236 0.5474 0.7714
1305031462.0918 -1.7893 -0.3201 0.4875 -0.0331 0.3155 0.5592 0.7659
1305031462.1277 -1.7883 -0.3140 0.4887 -0.0378 0.3106 0.5683 0.7610
1305031462.1596 -1.7854 -0.3032 0.4843 -0.0411 0.3034 0.5773 0.7570
1305031462.1916 -1.7869 -0.3020 0.4870 -0.0475 0.3039 0.5782 0.7557
1305031462.2276 -1.7949 -0.2960 0.4852 -0.0536 0.3030 0.5779 0.7559
1305031462.2598 -1.8013 -0.3001 0.4910 -0.0638 0.3048 0.5745 0.7569
1305031462.2916 -1.8063 -0.3029 0.4931 -0.0749 0.3027 0.5710 0.7595
1305031462.3597 -1.8317 -0.2705 0.4992 -0.0756 0.2983 0.5576 0.7710
1305031462.4599 -1.9000 -0.2804 0.5600 -0.0997 0.3195 0.5331 0.7770
1305031462.6279 -1.9532 -0.2059 0.5841 -0.0946 0.2981 0.4804 0.8194
1305031462.7598 -1.9830 -0.2021 0.5791 -0.1039 0.2937 0.4342 0.8452
1305031462.8598 -1.9836 -0.2039 0.5617 -0.1269 0.2811 0.4155 0.8557
1305031462.9276 -1.9779 -0.1979 0.5395 -0.1325 0.2767 0.4131 0.8574
1305031463.0277 -1.9756 -0.1819 0.5187 -0.1251 0.2713 0.4032 0.8649
1305031463.0958 -1.9769 -0.1806 0.5010 -0.1249 0.2677 0.3865 0.8737
1305031463.1598 -1.9773 -0.1722 0.4724 -0.1193 0.2651 0.3673 0.8835
1305031463.2600 -1.9715 -0.1521 0.4389 -0.1135 0.2650 0.3488 0.8918
1305031463.4277 -1.9443 -0.0941 0.4195 -0.0927 0.2512 0.3404 0.9013
1305031463.5277 -1.9563 -0.0292 0.4054 -0.0681 0.2729 0.3192 0.9050
1305031463.6276 -1.9083 -0.0128 0.3721 -0.0649 0.2659 0.3225 0.9062
1305031463.6956 -1.8870 -0.0165 0.3391 -0.0611 0.2681 0.3192 0.9069
1305031463.7597 -1.8601 -0.0122 0.2978 -0.0566 0.2687 0.3069 0.9112
1305031463.8278 -1.8350 -0.0213 0.2576 -0.0587 0.2693 0.2887 0.9169
1305031463.8599 -1.8179 -0.0270 0.2335 -0.0584 0.2682 0.2768 0.9209
1305031463.8956 -1.7998 -0.0393 0.2057 -0.0607 0.2648 0.2681 0.9243
1305031463.9597 -1.7797 -0.0592 0.1702 -0.0648 0.2587 0.2535 0.9299
1305031463.9958 -1.7761 -0.0671 0.1597 -0.0627 0.2593 0.2434 0.9325
1305031464.0277 -1.7764 -0.0721 0.1423 -0.0621 0.2593 0.2340 0.9350
1305031464.0597 -1.7604 -0.0929 0.1252 -0.0681 0.2569 0.2229 0.9379
1305031464.0956 -1.7622 -0.1005 0.1098 -0.0651 0.2609 0.2090 0.9402
1305031464.1277 -1.7666 -0.1078 0.1038 -0.0631 0.2631 0.2030 0.9411
1305031464.1598 -1.7614 -0.1237 0.0973 -0.0609 0.2614 0.1999 0.9423
1305031464.1956 -1.7537 -0.1430 0.0834 -0.0556 0.2544 0.1957 0.9455
1305031464.2276 -1.7569 -0.1395 0.0686 -0.0425 0.2457 0.1912 0.9494
1305031464.2596 -1.7583 -0.1414 0.0629 -0.0375 0.2337 0.1894 0.9529
1305031464.2957 -1.7614 -0.1482 0.0609 -0.0374 0.2209 0.1831 0.9572
1305031464.3279 -1.7446 -0.1454 0.0547 -0.0353 0.2057 0.1761 0.9620
1305031464.3597 -1.7368 -0.1537 0.0467 -0.0331 0.1985 0.1683 0.9650
1305031464.3956 -1.7244 -0.1584 0.0367 -0.0306 0.1942 0.1606 0.9673
1305031464.4276 -1.7231 -0.1543 0.0285 -0.0282 0.1950 0.1499 0.9689
1305031464.4597 -1.7207 -0.1628 0.0180 -0.0273 0.1943 0.1417 0.9703
1305031464.4956 -1.7164 -0.1607 0.0063 -0.0246 0.1931 0.1342 0.9717
1305031464.5276 -1.7187 -0.1646 -0.0126 -0.0244 0.1951 0.1255 0.9724
1305031464.5597 -1.7028 -0.1697 -0.0285 -0.0272 0.1913 0.1171 0.9741
1305031464.5957 -1.6912 -0.1817 -0.0500 -0.0274 0.1949 0.1017 0.9752
1305031464.6277 -1.6771 -0.1802 -0.0614 -0.0149 0.2058 0.0921 0.9741
1305031464.6597 -1.6703 -0.1914 -0.0775 -0.0069 0.2172 0.0803 0.9728
1305031464.6957 -1.6504 -0.2264 -0.0915 -0.0018 0.2242 0.0643 0.9724
1305031464.7277 -1.6396 -0.2201 -0.0946 0.0179 0.2270 0.0452 0.9727
1305031464.7597 -1.6373 -0.2239 -0.1078 0.0293 0.2256 0.0299 0.9733
1305031464.7960 -1.6350 -0.2315 -0.1054 0.0337 0.2208 0.0096 0.9747
1305031464.8278 -1.6379 -0.2327 -0.0942 0.0451 0.2096 -0.0041 0.9767
1305031464.8597 -1.6337 -0.2272 -0.0662 0.0513 0.1965 -0.0223 0.9789
1305031464.8958 -1.6116 -0.2360 -0.0672 0.0458 0.1770 -0.0389 0.9824
1305031464.9278 -1.6001 -0.2600 -0.0670 0.0388 0.1646 -0.0587 0.9838
1305031464.9598 -1.5964 -0.2755 -0.0646 0.0384 0.1612 -0.0755 0.9833
1305031464.9957 -1.5811 -0.2679 -0.0657 0.0454 0.1573 -0.0958 0.9818
1305031465.0278 -1.5845 -0.2702 -0.0512 0.0462 0.1598 -0.1164 0.9792
1305031465.0597 -1.5968 -0.2445 -0.0324 0.0541 0.1594 -0.1379 0.9760
1305031465.0957 -1.5598 -0.2197 -0.0224 0.0531 0.1442 -0.1540 0.9760
1305031465.1277 -1.5453 -0.2125 0.0033 0.0342 0.1326 -0.1676 0.9763
1305031465.1598 -1.5251 -0.2225 0.0357 0.0141 0.1215 -0.1731 0.9773
1305031465.1956 -1.5012 -0.2283 0.0546 -0.0021 0.1094 -0.1788 0.9778
1305031465.2279 -1.4784 -0.2226 0.0723 -0.0151 0.1003 -0.1831 0.9778
1305031465.2598 -1.4658 -0.2292 0.0935 -0.0319 0.0937 -0.1832 0.9781
1305031465.3277 -1.4433 -0.2054 0.1134 -0.0430 0.0782 -0.1612 0.9829
1305031465.3956 -1.4149 -0.1985 0.1352 -0.0475 0.0508 -0.1386 0.9879
1305031465.4277 -1.3838 -0.1929 0.1412 -0.0443 0.0356 -0.1289 0.9900
1305031465.4601 -1.3750 -0.1786 0.1390 -0.0401 0.0311 -0.1195 0.9915
1305031465.4957 -1.3592 -0.1669 0.1415 -0.0409 0.0248 -0.1101 0.9928
1305031465.5276 -1.3425 -0.1715 0.1435 -0.0445 0.0170 -0.1060 0.9932
1305031465.5598 -1.3221 -0.1681 0.1386 -0.0405 0.0089 -0.1013 0.9940
1305031465.5956 -1.3075 -0.1604 0.1352 -0.0361 0.0063 -0.0972 0.9946
1305031465.6277 -1.2921 -0.1473 0.1286 -0.0306 0.0022 -0.0898 0.9955
1305031465.6601 -1.2791 -0.1440 0.1221 -0.0289 -0.0037 -0.0824 0.9962
1305031465.6957 -1.2590 -0.1381 0.1188 -0.0252 -0.0102 -0.0770 0.9967
1305031465.7277 -1.2460 -0.1265 0.1105 -0.0181 -0.0117 -0.0720 0.9972
1305031465.7598 -1.2253 -0.1123 0.1053 -0.0112 -0.0167 -0.0649 0.9977
1305031465.7959 -1.2056 -0.1018 0.0995 -0.0067 -0.0198 -0.0597 0.9980
1305031465.8280 -1.1910 -0.0966 0.0886 -0.0010 -0.0221 -0.0571 0.9981
1305031465.8599 -1.1681 -0.0732 0.0823 0.0121 -0.0253 -0.0533 0.9982
1305031465.8955 -1.1355 -0.0567 0.0809 0.0165 -0.0242 -0.0530 0.9982
1305031465.9275 -1.1169 -0.0492 0.0748 0.0210 -0.0153 -0.0517 0.9983
1305031465.9597 -1.0937 -0.0318 0.0688 0.0326 -0.0101 -0.0542 0.9979
1305031465.9958 -1.0734 -0.0194 0.0643 0.0390 -0.0055 -0.0562 0.9976
1305031466.0276 -1.0461 -0.0149 0.0620 0.0409 -0.0081 -0.0568 0.9975
1305031466.0598 -1.0251 0.0094 0.0500 0.0428 -0.0084 -0.0554 0.9975
1305031466.0958 -1.0189 0.0233 0.0477 0.0390 -0.0075 -0.0562 0.9976
1305031466.1276 -1.0068 0.0430 0.0435 0.0357 -0.0101 -0.0584 0.9976
1305031466.1604 -1.0006 0.0635 0.0353 0.0336 -0.0113 -0.0553 0.9978
1305031466.1958 -0.9899 0.0821 0.0258 0.0282 -0.0182 -0.0567 0.9978
1305031466.2280 -0.9755 0.0863 0.0174 0.0150 -0.0256 -0.0580 0.9979
1305031466.2598 -0.9526 0.0828 0.0069 0.0101 -0.0313 -0.0632 0.9975
1305031466.2957 -0.9319 0.0912 -0.0069 0.0134 -0.0288 -0.0742 0.9967
1305031466.3277 -0.9085 0.0934 -0.0209 0.0131 -0.0235 -0.0817 0.9963
1305031466.3598 -0.9033 0.1019 -0.0363 0.0105 -0.0118 -0.0891 0.9959
1305031466.3958 -0.8878 0.0889 -0.0504 0.0071 -0.0107 -0.0903 0.9958
1305031466.4278 -0.8808 0.0978 -0.0623 0.0130 -0.0118 -0.0951 0.9953
1305031466.4598 -0.8718 0.1092 -0.0738 0.0143 -0.0145 -0.0989 0.9949
1305031466.4958 -0.8560 0.1165 -0.0849 0.0117 -0.0172 -0.0985 0.9949
1305031466.5275 -0.8313 0.1141 -0.0973 0.0104 -0.0174 -0.1019 0.9946
1305031466.5604 -0.8081 0.1303 -0.1037 0.0140 -0.0154 -0.1003 0.9947
1305031466.5959 -0.7905 0.1292 -0.1200 0.0027 -0.0142 -0.1029 0.9946
1305031466.6275 -0.7621 0.1168 -0.1129 -0.0051 -0.0155 -0.1101 0.9938
1305031466.6597 -0.7429 0.1155 -0.1291 -0.0008 -0.0137 -0.1135 0.9934
1305031466.6958 -0.7297 0.1245 -0.1370 0.0007 -0.0130 -0.1208 0.9926
1305031466.7281 -0.7150 0.1201 -0.1448 -0.0081 -0.0137 -0.1314 0.9912
1305031466.7596 -0.6904 0.1152 -0.1379 -0.0062 -0.0164 -0.1370 0.9904
1305031466.7956 -0.6822 0.1115 -0.1587 -0.0037 -0.0155 -0.1418 0.9898
1305031466.8279 -0.6671 0.1176 -0.1692 -0.0056 -0.0186 -0.1421 0.9897
1305031466.8597 -0.6638 0.1126 -0.1708 -0.0088 -0.0202 -0.1417 0.9897
1305031466.8957 -0.6493 0.1130 -0.1813 -0.0069 -0.0296 -0.1379 0.9900
1305031466.9278 -0.6314 0.1049 -0.1913 -0.0099 -0.0441 -0.1416 0.9889
1305031466.9597 -0.6222 0.1007 -0.2041 -0.0108 -0.0500 -0.1427 0.9884
1305031466.9957 -0.6136 0.0987 -0.2106 -0.0111 -0.0525 -0.1443 0.9881
1305031467.0278 -0.6052 0.0984 -0.2154 -0.0110 -0.0541 -0.1471 0.9876
1305031467.0597 -0.5914 0.0929 -0.2267 -0.0129 -0.0560 -0.1508 0.9869
1305031467.0957 -0.5743 0.0897 -0.2273 -0.0145 -0.0584 -0.1540 0.9862
1305031467.1290 -0.5685 0.0904 -0.2262 -0.0147 -0.0597 -0.1602 0.9852
1305031467.1597 -0.5588 0.0857 -0.2302 -0.0148 -0.0625 -0.1673 0.9838
1305031467.1957 -0.5545 0.0886 -0.2313 -0.0141 -0.0644 -0.1700 0.9832
1305031467.2277 -0.5474 0.0869 -0.2402 -0.0145 -0.0684 -0.1755 0.9820
1305031467.2597 -0.5406 0.0835 -0.2416 -0.0147 -0.0716 -0.1793 0.9811
1305031467.2958 -0.5317 0.0868 -0.2421 -0.0129 -0.0762 -0.1827 0.9801
1305031467.3280 -0.5251 0.0869 -0.2491 -0.0135 -0.0788 -0.1870 0.9791
1305031467.3597 -0.5116 0.0942 -0.2531 -0.0137 -0.0842 -0.1893 0.9782
1305031467.3958 -0.4990 0.0997 -0.2532 -0.0174 -0.0903 -0.1917 0.9771
1305031467.4278 -0.4932 0.0911 -0.2657 -0.0201 -0.0929 -0.1934 0.9765
1305031467.4597 -0.4851 0.0940 -0.2695 -0.0196 -0.0966 -0.1934 0.9762
1305031467.4961 -0.4676 0.0974 -0.2839 -0.0227 -0.1036 -0.1965 0.9747
1305031467.5277 -0.4533 0.1104 -0.2824 -0.0220 -0.1058 -0.1988 0.9741
1305031467.5598 -0.4443 0.1046 -0.2826 -0.0234 -0.1070 -0.1988 0.9739
1305031467.5960 -0.4401 0.0983 -0.2881 -0.0249 -0.1070 -0.1982 0.9740
1305031467.6275 -0.4313 0.1013 -0.2805 -0.0224 -0.1112 -0.1947 0.9743
1305031467.6596 -0.4296 0.0890 -0.2714 -0.0208 -0.1152 -0.1937 0.9740
1305031467.6959 -0.4199 0.0814 -0.2749 -0.0199 -0.1186 -0.1957 0.9733
1305031467.7275 -0.4173 0.0729 -0.2710 -0.0182 -0.1190 -0.2023 0.9719
1305031467.7599 -0.4150 0.0577 -0.2605 -0.0174 -0.1216 -0.2044 0.9711
1305031467.7961 -0.4107 0.0535 -0.2601 -0.0132 -0.1232 -0.2082 0.9702
1305031467.8278 -0.4161 0.0426 -0.2389 -0.0109 -0.1247 -0.2104 0.9696
1305031467.8597 -0.4171 0.0377 -0.2315 -0.0031 -0.1275 -0.2093 0.9695
1305031467.8959 -0.4206 0.0278 -0.2266 0.0000 -0.1307 -0.2122 0.9685
1305031467.9278 -0.4211 0.0276 -0.2054 0.0047 -0.1363 -0.2171 0.9666
1305031467.9598 -0.4209 0.0307 -0.1953 0.0145 -0.1386 -0.2223 0.9650
1305031467.9958 -0.4163 0.0250 -0.1890 0.0153 -0.1400 -0.2231 0.9646
1305031468.0281 -0.4123 0.0223 -0.1685 0.0157 -0.1401 -0.2267 0.9637
1305031468.0598 -0.4099 0.0084 -0.1519 0.0181 -0.1427 -0.2297 0.9626
1305031468.0959 -0.4009 -0.0006 -0.1510 0.0183 -0.1456 -0.2302 0.9620
1305031468.1278 -0.4000 -0.0042 -0.1347 0.0188 -0.1466 -0.2310 0.9617
1305031468.1599 -0.3888 -0.0139 -0.1199 0.0192 -0.1507 -0.2304 0.9612
1305031468.1960 -0.3828 -0.0202 -0.1072 0.0193 -0.1510 -0.2331 0.9605
1305031468.2282 -0.3739 -0.0305 -0.0903 0.0185 -0.1521 -0.2334 0.9602
1305031468.2598 -0.3603 -0.0437 -0.0691 0.0181 -0.1534 -0.2306 0.9607
1305031468.2958 -0.3464 -0.0638 -0.0583 0.0158 -0.1540 -0.2303 0.9607
1305031468.3278 -0.3332 -0.0887 -0.0384 0.0152 -0.1564 -0.2268 0.9612
1305031468.3598 -0.3263 -0.1111 -0.0337 0.0148 -0.1543 -0.2229 0.9624
1305031468.4598 -0.3113 -0.1523 -0.0035 0.0098 -0.1555 -0.2187 0.9633
1305031468.5278 -0.3117 -0.1804 0.0296 0.0091 -0.1538 -0.2244 0.9622
1305031468.5597 -0.3213 -0.2051 0.0325 0.0114 -0.1532 -0.2337 0.9601
1305031468.6596 -0.3457 -0.2395 0.0511 0.0086 -0.1555 -0.2411 0.9579
1305031468.6958 -0.3632 -0.2518 0.0447 0.0132 -0.1563 -0.2483 0.9559
1305031468.7278 -0.3743 -0.2698 0.0458 0.0157 -0.1601 -0.2519 0.9543
1305031468.7958 -0.3852 -0.2897 0.0552 0.0230 -0.1655 -0.2553 0.9523
1305031468.8292 -0.4028 -0.3056 0.0533 0.0283 -0.1649 -0.2617 0.9505
1305031468.9596 -0.4142 -0.3193 0.0670 0.0249 -0.1459 -0.2637 0.9532
1305031469.0277 -0.4122 -0.3267 0.0839 -0.0079 -0.1397 -0.2702 0.9526
1305031469.1277 -0.4149 -0.3408 0.1168 -0.0448 -0.1325 -0.2941 0.9455
1305031469.1955 -0.4239 -0.3602 0.1358 -0.0654 -0.1129 -0.3043 0.9436
1305031469.2596 -0.4330 -0.3515 0.1643 -0.0716 -0.1020 -0.3075 0.9433
1305031469.2968 -0.4370 -0.3566 0.1788 -0.0783 -0.0977 -0.3094 0.9427
1305031469.3276 -0.4347 -0.3486 0.1912 -0.0790 -0.0955 -0.3103 0.9425
1305031469.3596 -0.4140 -0.3476 0.2117 -0.0834 -0.0982 -0.3161 0.9399
1305031469.3957 -0.4036 -0.3564 0.2338 -0.0858 -0.0916 -0.3207 0.9388
1305031469.4277 -0.4107 -0.3367 0.2411 -0.0790 -0.0749 -0.3275 0.9386
1305031469.4597 -0.4139 -0.3312 0.2562 -0.0789 -0.0650 -0.3363 0.9362
1305031469.4957 -0.4242 -0.3175 0.2759 -0.0776 -0.0566 -0.3391 0.9359
1305031469.5276 -0.4182 -0.3138 0.2829 -0.0800 -0.0584 -0.3382 0.9359
1305031469.5596 -0.4082 -0.2994 0.2952 -0.0814 -0.0606 -0.3364 0.9363
1305031469.5958 -0.3936 -0.2870 0.3014 -0.0847 -0.0629 -0.3313 0.9376
1305031469.6956 -0.3986 -0.2488 0.3455 -0.1004 -0.0499 -0.3296 0.9374
1305031469.7956 -0.4048 -0.1924 0.3846 -0.1090 -0.0328 -0.3199 0.9406
1305031469.9598 -0.4389 -0.1153 0.4503 -0.1333 -0.0348 -0.3064 0.9419
1305031470.1596 -0.4925 -0.0148 0.4794 -0.1441 -0.0344 -0.2943 0.9442
1305031470.3276 -0.5449 0.0549 0.4804 -0.1646 -0.0313 -0.2781 0.9458
1305031470.4957 -0.6012 0.1221 0.4825 -0.1656 -0.0380 -0.2722 0.9471
1305031470.6277 -0.6465 0.1696 0.4848 -0.1582 -0.0315 -0.2642 0.9509
1305031470.8278 -0.6963 0.2154 0.4937 -0.1486 -0.0234 -0.2370 0.9598
1305031470.8596 -0.7058 0.2261 0.4951 -0.1386 -0.0211 -0.2289 0.9633
1305031470.8957 -0.7169 0.2356 0.4948 -0.1301 -0.0195 -0.2216 0.9662
1305031470.9277 -0.7229 0.2522 0.4986 -0.1156 -0.0220 -0.2161 0.9693
1305031470.9596 -0.7356 0.2589 0.4972 -0.1011 -0.0227 -0.2166 0.9708
1305031470.9960 -0.7432 0.2653 0.4963 -0.0876 -0.0224 -0.2166 0.9721
1305031471.0276 -0.7453 0.2683 0.4946 -0.0745 -0.0245 -0.2148 0.9735
1305031471.0596 -0.7533 0.2686 0.4934 -0.0630 -0.0228 -0.2131 0.9747
1305031471.0958 -0.7560 0.2727 0.4896 -0.0506 -0.0256 -0.2046 0.9772
1305031471.1277 -0.7634 0.2767 0.4876 -0.0420 -0.0255 -0.1989 0.9788
1305031471.1596 -0.7590 0.2793 0.4847 -0.0326 -0.0320 -0.1937 0.9800
1305031471.1957 -0.7620 0.2768 0.4833 -0.0322 -0.0319 -0.1894 0.9809
1305031471.2276 -0.7654 0.2796 0.4840 -0.0302 -0.0309 -0.1853 0.9817
1305031471.2597 -0.7672 0.2791 0.4842 -0.0305 -0.0312 -0.1842 0.9819
1305031471.2961 -0.7694 0.2800 0.4843 -0.0279 -0.0311 -0.1799 0.9828
1305031471.3276 -0.7687 0.2835 0.4837 -0.0210 -0.0301 -0.1773 0.9835
1305031471.3596 -0.7710 0.2826 0.4834 -0.0207 -0.0249 -0.1741 0.9842
1305031471.3957 -0.7769 0.2793 0.4816 -0.0211 -0.0196 -0.1699 0.9850
1305031471.4277 -0.7787 0.2809 0.4807 -0.0170 -0.0199 -0.1645 0.9860
1305031471.4965 -0.7901 0.2771 0.4732 -0.0213 -0.0183 -0.1561 0.9873
1305031471.5276 -0.7916 0.2788 0.4718 -0.0200 -0.0187 -0.1528 0.9879
1305031471.5597 -0.7924 0.2797 0.4705 -0.0193 -0.0187 -0.1513 0.9881
1305031471.5957 -0.7922 0.2793 0.4698 -0.0190 -0.0171 -0.1483 0.9886
1305031471.6276 -0.7965 0.2779 0.4668 -0.0195 -0.0117 -0.1460 0.9890
1305031471.6596 -0.7941 0.2826 0.4582 -0.0128 -0.0104 -0.1430 0.9896
1305031471.7958 -0.7953 0.2808 0.4396 -0.0147 0.0041 -0.1229 0.9923
1305031471.9956 -0.8019 0.3031 0.4370 -0.0224 0.0315 -0.0891 0.9953
1305031472.2957 -0.8473 0.3356 0.4458 -0.0010 0.0636 -0.0668 0.9957
1305031472.5957 -0.8431 0.3154 0.4421 0.0127 0.0548 -0.0570 0.9968
1305031472.8276 -0.8376 0.2904 0.4437 0.0197 0.0530 -0.0548 0.9969
