1305031453.3917 0.0000 0.0000 0.0000 0.0000 0.0000 0.0000 1.0000
1305031453.5237 0.0119 0.0210 -0.0392 0.0178 0.0217 0.0369 0.9989
1305031453.6277 0.0122 0.0420 -0.0825 0.0400 0.0267 0.0521 0.9975
1305031453.7277 -0.0011 0.0707 -0.1298 0.0598 0.0116 0.0411 0.9973
1305031453.8278 -0.0234 0.0935 -0.1695 0.0713 -0.0138 0.0191 0.9972
1305031453.9277 -0.0537 0.1134 -0.2037 0.0694 -0.0617 0.0013 0.9957
1305031453.9596 -0.0615 0.1175 -0.2093 0.0668 -0.0781 -0.0078 0.9947
1305031453.9916 -0.0742 0.1163 -0.2049 0.0650 -0.0890 -0.0190 0.9937
1305031454.0277 -0.0866 0.1172 -0.2083 0.0665 -0.1008 -0.0288 0.9923
1305031454.0597 -0.0974 0.1226 -0.2132 0.0679 -0.1122 -0.0406 0.9905
1305031454.0917 -0.1108 0.1226 -0.2071 0.0684 -0.1234 -0.0543 0.9885
1305031454.1277 -0.1233 0.1207 -0.2075 0.0705 -0.1370 -0.0686 0.9857
1305031454.1597 -0.1317 0.1248 -0.2122 0.0708 -0.1528 -0.0812 0.9824
1305031454.1917 -0.1190 0.1120 -0.1856 0.0665 -0.1762 -0.0932 0.9777
1305031454.2277 -0.1292 0.1056 -0.1817 0.0672 -0.1929 -0.1106 0.9727
1305031454.2596 -0.1191 0.1012 -0.1921 0.0687 -0.2066 -0.1212 0.9685
1305031454.2916 -0.1280 0.1069 -0.1947 0.0680 -0.2134 -0.1322 0.9656
1305031454.3277 -0.1452 0.1081 -0.1977 0.0695 -0.2204 -0.1473 0.9617
1305031454.3596 -0.1529 0.1133 -0.1982 0.0775 -0.2310 -0.1618 0.9563
1305031454.3917 -0.1641 0.1222 -0.2011 0.0806 -0.2368 -0.1732 0.9526
1305031454.4275 -0.1745 0.1247 -0.2070 0.0822 -0.2473 -0.1883 0.9469
1305031454.4599 -0.1790 0.1282 -0.2064 0.0859 -0.2568 -0.2034 0.9409
1305031454.4916 -0.1858 0.1318 -0.2118 0.0880 -0.2601 -0.2196 0.9362
1305031454.5277 -0.1904 0.1400 -0.2144 0.0893 -0.2655 -0.2353 0.9307
1305031454.5596 -0.2003 0.1474 -0.2185 0.0870 -0.2692 -0.2479 0.9265
1305031454.5916 -0.2063 0.1491 -0.2189 0.0841 -0.2791 -0.2650 0.9191
1305031454.6276 -0.2120 0.1542 -0.2203 0.0827 -0.2906 -0.2789 0.9116
1305031454.6595 -0.2159 0.1646 -0.2234 0.0787 -0.3005 -0.2866 0.9063
1305031454.6919 -0.2227 0.1685 -0.2252 0.0717 -0.3120 -0.2954 0.9001
1305031454.7277 -0.2235 0.1752 -0.2206 0.0690 -0.3243 -0.3005 0.8943
1305031454.7597 -0.2225 0.1780 -0.2220 0.0628 -0.3286 -0.2988 0.8937
1305031454.7916 -0.2190 0.1847 -0.2213 0.0586 -0.3314 -0.2924 0.8951
1305031454.8276 -0.2118 0.1917 -0.2210 0.0541 -0.3329 -0.2868 0.8967
1305031454.8596 -0.2086 0.1980 -0.2181 0.0482 -0.3306 -0.2803 0.8999
1305031454.8918 -0.2051 0.2053 -0.2180 0.0441 -0.3258 -0.2732 0.9040
1305031454.9276 -0.2032 0.2139 -0.2199 0.0401 -0.3196 -0.2672 0.9082
1305031454.9596 -0.2043 0.2218 -0.2243 0.0363 -0.3134 -0.2616 0.9122
1305031454.9919 -0.2082 0.2292 -0.2297 0.0329 -0.3095 -0.2559 0.9152
1305031455.0278 -0.2081 0.2404 -0.2337 0.0328 -0.3086 -0.2531 0.9163
1305031455.0596 -0.2116 0.2455 -0.2358 0.0302 -0.3058 -0.2515 0.9178
1305031455.0917 -0.2167 0.2538 -0.2415 0.0325 -0.3017 -0.2510 0.9192
1305031455.1277 -0.2210 0.2661 -0.2468 0.0344 -0.2967 -0.2491 0.9212
1305031455.1597 -0.2297 0.2761 -0.2536 0.0331 -0.2913 -0.2447 0.9242
1305031455.1917 -0.2387 0.2841 -0.2572 0.0292 -0.2875 -0.2391 0.9270
1305031455.2276 -0.2483 0.2905 -0.2627 0.0281 -0.2838 -0.2340 0.9295
1305031455.2596 -0.2541 0.3040 -0.2682 0.0264 -0.2789 -0.2274 0.9326
1305031455.2918 -0.2671 0.3079 -0.2734 0.0167 -0.2725 -0.2184 0.9369
1305031455.3278 -0.2785 0.3179 -0.2822 0.0112 -0.2688 -0.2084 0.9403
1305031455.3596 -0.2834 0.3271 -0.2847 0.0032 -0.2676 -0.2023 0.9421
1305031455.3917 -0.2940 0.3277 -0.2871 -0.0085 -0.2607 -0.1947 0.9456
1305031455.4276 -0.3084 0.3326 -0.2954 -0.0160 -0.2524 -0.1852 0.9496
1305031455.4596 -0.3222 0.3332 -0.3034 -0.0219 -0.2480 -0.1770 0.9522
1305031455.4916 -0.3336 0.3383 -0.3120 -0.0265 -0.2440 -0.1661 0.9551
1305031455.5276 -0.3507 0.3355 -0.3216 -0.0335 -0.2395 -0.1537 0.9581
1305031455.5597 -0.3671 0.3359 -0.3341 -0.0372 -0.2389 -0.1404 0.9601
1305031455.5916 -0.3782 0.3410 -0.3458 -0.0398 -0.2398 -0.1259 0.9618
1305031455.6596 -0.4083 0.3328 -0.3614 -0.0449 -0.2364 -0.1082 0.9646
1305031455.6916 -0.4212 0.3335 -0.3738 -0.0412 -0.2350 -0.1084 0.9651
1305031455.7276 -0.4340 0.3313 -0.3848 -0.0389 -0.2320 -0.1130 0.9654
1305031455.7597 -0.4469 0.3283 -0.3975 -0.0380 -0.2265 -0.1160 0.9663
1305031455.7917 -0.4614 0.3204 -0.4100 -0.0373 -0.2212 -0.1151 0.9677
1305031455.8276 -0.4732 0.3175 -0.4261 -0.0350 -0.2180 -0.1142 0.9686
1305031455.8595 -0.4844 0.3123 -0.4383 -0.0352 -0.2163 -0.1155 0.9688
1305031455.8917 -0.4934 0.3096 -0.4503 -0.0346 -0.2140 -0.1155 0.9694
1305031455.9280 -0.5037 0.3046 -0.4605 -0.0354 -0.2105 -0.1166 0.9700
1305031455.9597 -0.5115 0.3030 -0.4726 -0.0347 -0.2073 -0.1182 0.9705
1305031455.9917 -0.5192 0.3019 -0.4813 -0.0358 -0.2029 -0.1203 0.9711
1305031456.0278 -0.5276 0.3058 -0.4940 -0.0386 -0.1960 -0.1246 0.9719
1305031456.0597 -0.5409 0.2983 -0.4998 -0.0482 -0.1899 -0.1329 0.9716
1305031456.0917 -0.5531 0.2900 -0.5034 -0.0538 -0.1853 -0.1384 0.9714
1305031456.1276 -0.5630 0.2855 -0.5086 -0.0546 -0.1810 -0.1398 0.9720
1305031456.1597 -0.5732 0.2769 -0.5082 -0.0561 -0.1757 -0.1407 0.9727
1305031456.1917 -0.5827 0.2700 -0.5118 -0.0511 -0.1677 -0.1382 0.9748
1305031456.2277 -0.5889 0.2761 -0.5177 -0.0454 -0.1578 -0.1341 0.9773
1305031456.2917 -0.6145 0.2598 -0.5165 -0.0460 -0.1347 -0.1275 0.9816
1305031456.3277 -0.6252 0.2543 -0.5146 -0.0422 -0.1244 -0.1207 0.9840
1305031456.3916 -0.6474 0.2496 -0.5085 -0.0375 -0.0999 -0.1113 0.9880
1305031456.4277 -0.6660 0.2538 -0.5081 -0.0296 -0.0872 -0.1043 0.9903
1305031456.4917 -0.7042 0.2712 -0.5034 -0.0321 -0.0764 -0.0926 0.9922
1305031456.5276 -0.7170 0.2718 -0.4940 -0.0384 -0.0778 -0.0874 0.9924
1305031456.5917 -0.7375 0.2771 -0.4794 -0.0403 -0.0734 -0.0755 0.9936
1305031456.6276 -0.7492 0.2895 -0.4722 -0.0504 -0.0671 -0.0698 0.9940
1305031456.6916 -0.7853 0.2738 -0.4504 -0.0658 -0.0547 -0.0554 0.9948
1305031456.8276 -0.8430 0.2964 -0.4197 -0.0720 -0.0639 -0.0235 0.9951
1305031457.0917 -0.9382 0.3134 -0.3757 -0.1016 -0.0256 0.0130 0.9944
1305031457.2275 -0.9879 0.3035 -0.3908 -0.1085 0.0037 0.0351 0.9935
1305031457.3275 -1.0254 0.2946 -0.4174 -0.0974 0.0298 0.0527 0.9934
1305031457.3917 -1.0560 0.2791 -0.4347 -0.0950 0.0541 0.0651 0.9919
1305031457.4917 -1.1046 0.2617 -0.4655 -0.0922 0.0705 0.0805 0.9900
1305031457.5597 -1.1300 0.2486 -0.4874 -0.0855 0.0794 0.0876 0.9893
1305031457.6275 -1.1606 0.2352 -0.5037 -0.0832 0.0875 0.0938 0.9882
1305031457.6916 -1.1894 0.2315 -0.5224 -0.0835 0.0904 0.1004 0.9873
1305031457.7596 -1.2117 0.2011 -0.5309 -0.0855 0.0935 0.0979 0.9871
1305031457.7916 -1.2194 0.1840 -0.5345 -0.0801 0.0975 0.0970 0.9873
1305031457.8277 -1.2314 0.1868 -0.5460 -0.0679 0.1047 0.0981 0.9873
1305031457.8916 -1.2601 0.1555 -0.5506 -0.0614 0.1217 0.0983 0.9858
1305031457.9276 -1.2782 0.1550 -0.5564 -0.0466 0.1268 0.1029 0.9855
1305031457.9916 -1.3018 0.1390 -0.5589 -0.0358 0.1285 0.1084 0.9851
1305031458.0278 -1.3106 0.1261 -0.5574 -0.0286 0.1314 0.1096 0.9848
1305031458.0597 -1.3263 0.1348 -0.5581 -0.0170 0.1367 0.1124 0.9841
1305031458.0917 -1.3421 0.1354 -0.5527 -0.0162 0.1418 0.1142 0.9832
1305031458.1276 -1.3564 0.1252 -0.5445 -0.0187 0.1461 0.1146 0.9824
1305031458.1596 -1.3726 0.1146 -0.5358 -0.0182 0.1492 0.1172 0.9817
1305031458.1916 -1.3894 0.1198 -0.5288 -0.0163 0.1492 0.1221 0.9811
1305031458.2276 -1.4014 0.1117 -0.5166 -0.0246 0.1460 0.1235 0.9812
1305031458.2599 -1.4137 0.0806 -0.4975 -0.0321 0.1442 0.1208 0.9816
1305031458.2917 -1.4286 0.0797 -0.4900 -0.0221 0.1396 0.1218 0.9824
1305031458.3276 -1.4376 0.0758 -0.4764 -0.0203 0.1328 0.1249 0.9830
1305031458.3596 -1.4424 0.0604 -0.4571 -0.0146 0.1275 0.1269 0.9836
1305031458.3916 -1.4549 0.0657 -0.4453 -0.0003 0.1255 0.1309 0.9834
1305031458.4276 -1.4608 0.0634 -0.4302 0.0071 0.1253 0.1397 0.9822
1305031458.4596 -1.4554 0.0555 -0.4114 0.0168 0.1273 0.1470 0.9808
1305031458.4917 -1.4577 0.0501 -0.3936 0.0366 0.1370 0.1462 0.9790
1305031458.5277 -1.4750 0.0748 -0.3776 0.0621 0.1496 0.1443 0.9762
1305031458.5596 -1.4840 0.0802 -0.3573 0.0705 0.1597 0.1419 0.9744
1305031458.5916 -1.4968 0.0811 -0.3367 0.0800 0.1675 0.1357 0.9732
1305031458.6277 -1.5115 0.1064 -0.3193 0.0871 0.1688 0.1316 0.9729
1305031458.6596 -1.5261 0.1037 -0.3039 0.0796 0.1654 0.1321 0.9741
1305031458.6917 -1.5290 0.1058 -0.2815 0.0741 0.1499 0.1254 0.9779
1305031458.7276 -1.5161 0.0976 -0.2608 0.0703 0.1317 0.1177 0.9818
1305031458.7599 -1.5242 0.1014 -0.2472 0.0767 0.1178 0.1072 0.9842
1305031458.7916 -1.5254 0.1154 -0.2309 0.0785 0.1027 0.0980 0.9868
1305031458.8276 -1.5189 0.1128 -0.2135 0.0716 0.0932 0.0963 0.9884
1305031458.8917 -1.5153 0.1078 -0.1916 0.0783 0.0895 0.0857 0.9892
1305031458.9276 -1.5248 0.1139 -0.1835 0.0778 0.0968 0.0915 0.9880
1305031458.9596 -1.5307 0.1040 -0.1766 0.0684 0.1028 0.1044 0.9868
1305031458.9916 -1.5394 0.0774 -0.1705 0.0651 0.1072 0.1100 0.9860
1305031459.0277 -1.5623 0.0724 -0.1655 0.0760 0.1078 0.1094 0.9852
1305031459.0596 -1.5848 0.0591 -0.1593 0.0825 0.1031 0.1197 0.9840
1305031459.1276 -1.5610 0.0939 -0.2083 0.0938 0.0870 0.1212 0.9843
1305031459.1596 -1.5679 0.0936 -0.1993 0.1034 0.0606 0.1236 0.9851
1305031459.1917 -1.5767 0.0953 -0.1917 0.1098 0.0416 0.1303 0.9845
1305031459.2276 -1.5829 0.0971 -0.1808 0.1126 0.0283 0.1416 0.9831
1305031459.2598 -1.5815 0.1074 -0.1615 0.1145 0.0236 0.1505 0.9817
1305031459.3276 -1.5884 0.1152 -0.1367 0.1103 0.0532 0.1788 0.9762
1305031459.3597 -1.5963 0.1265 -0.1214 0.1160 0.0771 0.1981 0.9702
1305031459.3917 -1.6109 0.1504 -0.1062 0.1168 0.1043 0.2224 0.9623
1305031459.4276 -1.6083 0.1591 -0.0927 0.1053 0.1343 0.2558 0.9515
1305031459.4597 -1.6271 0.1566 -0.0882 0.1022 0.1723 0.2933 0.9348
1305031459.5276 -1.6289 0.2541 -0.0267 0.1217 0.1822 0.2556 0.9416
1305031459.5596 -1.6492 0.2469 -0.0291 0.1154 0.1992 0.2822 0.9313
1305031459.5917 -1.6699 0.2496 -0.0264 0.1139 0.2072 0.3001 0.9241
1305031459.6276 -1.6795 0.2476 -0.0230 0.1098 0.2085 0.3103 0.9210
1305031459.6596 -1.6924 0.2516 -0.0182 0.1110 0.2155 0.3106 0.9191
1305031459.6916 -1.7098 0.2485 -0.0148 0.1056 0.2279 0.3163 0.9148
1305031459.7276 -1.7248 0.2351 -0.0144 0.0988 0.2364 0.3202 0.9120
1305031459.7917 -1.7661 0.2111 -0.0095 0.0990 0.2493 0.3143 0.9106
1305031459.8277 -1.7843 0.2026 -0.0052 0.0984 0.2504 0.3117 0.9113
1305031459.8597 -1.8030 0.1927 0.0003 0.0943 0.2504 0.3107 0.9121
1305031459.8916 -1.8147 0.1786 0.0050 0.0883 0.2464 0.3143 0.9125
1305031459.9276 -1.8252 0.1655 0.0100 0.0869 0.2437 0.3178 0.9122
1305031459.9917 -1.8489 0.1438 0.0216 0.0818 0.2417 0.3254 0.9105
1305031460.0276 -1.8569 0.1303 0.0274 0.0803 0.2419 0.3283 0.9095
1305031460.0597 -1.8698 0.1170 0.0326 0.0805 0.2429 0.3301 0.9086
1305031460.0917 -1.8824 0.1004 0.0377 0.0811 0.2391 0.3373 0.9069
1305031460.1277 -1.8871 0.0875 0.0440 0.0856 0.2293 0.3465 0.9056
1305031460.1597 -1.8955 0.0808 0.0501 0.0922 0.2210 0.3536 0.9042
1305031460.1916 -1.8966 0.0754 0.0601 0.0924 0.2134 0.3602 0.9034
1305031460.2278 -1.8890 0.0665 0.0701 0.0925 0.2114 0.3637 0.9025
1305031460.2917 -1.8935 0.0459 0.0798 0.0950 0.2274 0.3641 0.8981
1305031460.3275 -1.8969 0.0340 0.0837 0.0960 0.2360 0.3664 0.8949
1305031460.3916 -1.8995 0.0155 0.0961 0.0923 0.2552 0.3736 0.8870
1305031460.4275 -1.9021 0.0045 0.1015 0.0916 0.2660 0.3785 0.8818
1305031460.4596 -1.9028 -0.0010 0.1062 0.0907 0.2784 0.3825 0.8763
1305031460.4915 -1.9106 -0.0082 0.1127 0.0861 0.2941 0.3886 0.8690
1305031460.5276 -1.9114 -0.0203 0.1164 0.0792 0.3046 0.3994 0.8611
1305031460.5596 -1.9101 -0.0320 0.1202 0.0730 0.3137 0.4040 0.8562
1305031460.5919 -1.9152 -0.0430 0.1245 0.0695 0.3236 0.4051 0.8523
1305031460.6276 -1.9156 -0.0544 0.1282 0.0665 0.3315 0.4078 0.8482
1305031460.6598 -1.9226 -0.0664 0.1337 0.0649 0.3406 0.4073 0.8449
1305031460.6917 -1.9305 -0.0769 0.1407 0.0621 0.3463 0.4084 0.8423
1305031460.7277 -1.9300 -0.0861 0.1468 0.0570 0.3483 0.4088 0.8416
1305031460.7597 -1.9309 -0.0977 0.1534 0.0537 0.3537 0.4073 0.8403
1305031460.7917 -1.9373 -0.1088 0.1611 0.0511 0.3588 0.4065 0.8387
1305031460.8277 -1.9389 -0.1160 0.1701 0.0469 0.3607 0.4037 0.8395
1305031460.8597 -1.9385 -0.1240 0.1774 0.0408 0.3644 0.4016 0.8392
1305031460.8918 -1.9393 -0.1364 0.1862 0.0335 0.3701 0.3994 0.8381
1305031460.9276 -1.9410 -0.1501 0.1962 0.0275 0.3732 0.3993 0.8369
1305031460.9917 -1.9292 -0.1757 0.2084 0.0232 0.3762 0.4026 0.8342
1305031461.0276 -1.9272 -0.1871 0.2171 0.0244 0.3787 0.4032 0.8327
1305031461.0917 -1.9276 -0.2010 0.2340 0.0274 0.3782 0.4018 0.8335
1305031461.1276 -1.9195 -0.2124 0.2389 0.0247 0.3775 0.4006 0.8345
1305031461.1597 -1.9142 -0.2260 0.2452 0.0252 0.3789 0.3990 0.8346
1305031461.1920 -1.9123 -0.2288 0.2514 0.0290 0.3792 0.3945 0.8365
1305031461.2276 -1.9101 -0.2363 0.2576 0.0289 0.3807 0.3921 0.8369
1305031461.2596 -1.9048 -0.2443 0.2635 0.0297 0.3808 0.3889 0.8383
1305031461.2917 -1.9017 -0.2469 0.2698 0.0324 0.3814 0.3826 0.8409
1305031461.3278 -1.8960 -0.2467 0.2743 0.0345 0.3829 0.3783 0.8421
1305031461.3597 -1.8983 -0.2447 0.2832 0.0319 0.3880 0.3739 0.8418
1305031461.3917 -1.8878 -0.2557 0.2900 0.0227 0.3879 0.3758 0.8413
1305031461.4276 -1.8814 -0.2602 0.2930 0.0218 0.3884 0.3742 0.8418
1305031461.4598 -1.8800 -0.2565 0.2979 0.0196 0.3888 0.3755 0.8411
1305031461.4917 -1.8649 -0.2700 0.2975 0.0130 0.3875 0.3781 0.8406
1305031461.5277 -1.8644 -0.2670 0.2973 0.0196 0.3892 0.3754 0.8410
1305031461.5597 -1.8571 -0.2621 0.2930 0.0191 0.3896 0.3719 0.8424
1305031461.5917 -1.8548 -0.2592 0.2907 0.0201 0.3973 0.3684 0.8402
1305031461.6275 -1.8521 -0.2546 0.2900 0.0183 0.4032 0.3681 0.8376
1305031461.6596 -1.8488 -0.2514 0.2889 0.0164 0.4081 0.3682 0.8352
1305031461.6916 -1.8487 -0.2452 0.2882 0.0161 0.4113 0.3737 0.8312
1305031461.7276 -1.8407 -0.2418 0.2847 0.0130 0.4109 0.3798 0.8287
1305031461.7597 -1.8399 -0.2341 0.2788 0.0132 0.4125 0.3830 0.8264
1305031461.7916 -1.8362 -0.2252 0.2741 0.0094 0.4141 0.3876 0.8235
1305031461.8276 -1.8320 -0.2171 0.2697 0.0079 0.4181 0.3924 0.8192
1305031461.8598 -1.8348 -0.2026 0.2679 0.0088 0.4231 0.3986 0.8136
1305031461.8917 -1.8381 -0.1908 0.2682 0.0056 0.4259 0.4098 0.8066
1305031461.9278 -1.8329 -0.1822 0.2646 -0.0015 0.4234 0.4204 0.8025
1305031461.9597 -1.8283 -0.1672 0.2557 -0.0053 0.4255 0.4233 0.7998
1305031461.9916 -1.8405 -0.1536 0.2604 -0.0104 0.4359 0.4286 0.7913
1305031462.0277 -1.8410 -0.1541 0.2650 -0.0226 0.4372 0.4406 0.7837
1305031462.0598 -1.8429 -0.1489 0.2668 -0.0264 0.4333 0.4531 0.7786
1305031462.0918 -1.8424 -0.1398 0.2629 -0.0284 0.4264 0.4651 0.7753
1305031462.1277 -1.8440 -0.1294 0.2596 -0.0308 0.4224 0.4741 0.7719
1305031462.1596 -1.8450 -0.1248 0.2583 -0.0359 0.4205 0.4803 0.7689
1305031462.1916 -1.8502 -0.1153 0.2566 -0.0388 0.4199 0.4796 0.7695
1305031462.2276 -1.8568 -0.1063 0.2565 -0.0440 0.4206 0.4800 0.7686
1305031462.2598 -1.8617 -0.1010 0.2581 -0.0512 0.4201 0.4790 0.7691
1305031462.2916 -1.8676 -0.0944 0.2593 -0.0579 0.4177 0.4759 0.7718
1305031462.3597 -1.8803 -0.0796 0.2603 -0.0724 0.4140 0.4671 0.7779
1305031462.4920 -1.9028 -0.0044 0.2842 -0.0586 0.4062 0.4346 0.8017
1305031462.7277 -1.9118 0.0256 0.2422 -0.0620 0.3776 0.4174 0.8242
1305031462.7919 -1.9245 0.0316 0.2285 -0.0675 0.3700 0.4042 0.8338
1305031462.8278 -1.9334 0.0291 0.2195 -0.0717 0.3683 0.4008 0.8358
1305031463.0277 -1.9285 0.0488 0.1795 -0.0782 0.3557 0.3862 0.8474
1305031463.1275 -1.9307 0.0654 0.1430 -0.0744 0.3464 0.3637 0.8615
1305031463.1957 -1.9312 0.0732 0.1141 -0.0738 0.3430 0.3490 0.8689
1305031463.2957 -1.9178 0.0995 0.0761 -0.0658 0.3367 0.3348 0.8776
1305031463.3956 -1.9014 0.1257 0.0415 -0.0552 0.3238 0.3249 0.8869
1305031463.4956 -1.8719 0.1678 0.0078 -0.0499 0.3187 0.3142 0.8929
1305031463.5598 -1.8523 0.1799 -0.0203 -0.0468 0.3238 0.3130 0.8916
1305031463.6598 -1.8163 0.1933 -0.0648 -0.0395 0.3190 0.3079 0.8955
1305031463.7276 -1.7914 0.2044 -0.0995 -0.0366 0.3151 0.3007 0.8994
1305031463.7597 -1.7755 0.2005 -0.1203 -0.0338 0.3165 0.2951 0.9009
1305031463.8278 -1.7539 0.2030 -0.1584 -0.0301 0.3186 0.2741 0.9069
1305031463.8599 -1.7387 0.1953 -0.1791 -0.0313 0.3193 0.2646 0.9095
1305031463.8956 -1.7307 0.1959 -0.1980 -0.0274 0.3208 0.2551 0.9117
1305031463.9597 -1.7102 0.1846 -0.2347 -0.0271 0.3144 0.2443 0.9169
1305031463.9958 -1.7008 0.1803 -0.2545 -0.0235 0.3109 0.2371 0.9201
1305031464.0277 -1.6940 0.1786 -0.2738 -0.0222 0.3080 0.2287 0.9232
1305031464.0597 -1.6814 0.1701 -0.2918 -0.0236 0.3063 0.2198 0.9259
1305031464.0956 -1.6765 0.1650 -0.3089 -0.0202 0.3082 0.2101 0.9276
1305031464.1277 -1.6773 0.1600 -0.3220 -0.0173 0.3091 0.2044 0.9286
1305031464.1598 -1.6739 0.1478 -0.3348 -0.0138 0.3059 0.2025 0.9302
1305031464.1956 -1.6717 0.1390 -0.3480 -0.0045 0.3000 0.1979 0.9332
1305031464.2276 -1.6746 0.1408 -0.3596 0.0075 0.2917 0.1923 0.9370
1305031464.2596 -1.6757 0.1427 -0.3721 0.0153 0.2782 0.1898 0.9415
1305031464.2957 -1.6679 0.1444 -0.3859 0.0191 0.2606 0.1843 0.9475
1305031464.3279 -1.6546 0.1455 -0.4012 0.0217 0.2456 0.1777 0.9527
1305031464.3597 -1.6419 0.1417 -0.4149 0.0251 0.2357 0.1713 0.9563
1305031464.3956 -1.6275 0.1468 -0.4317 0.0307 0.2287 0.1618 0.9595
1305031464.4276 -1.6181 0.1487 -0.4469 0.0320 0.2277 0.1513 0.9614
1305031464.4597 -1.6112 0.1419 -0.4631 0.0327 0.2257 0.1428 0.9631
1305031464.4956 -1.5972 0.1443 -0.4809 0.0354 0.2221 0.1361 0.9648
1305031464.5276 -1.5913 0.1443 -0.4994 0.0363 0.2224 0.1279 0.9659
1305031464.5597 -1.5773 0.1403 -0.5187 0.0324 0.2192 0.1164 0.9682
1305031464.5957 -1.5566 0.1210 -0.5426 0.0308 0.2215 0.1058 0.9689
1305031464.6277 -1.5451 0.1146 -0.5642 0.0391 0.2318 0.0964 0.9672
1305031464.6597 -1.5367 0.1101 -0.5793 0.0470 0.2434 0.0826 0.9653
1305031464.6957 -1.5300 0.0849 -0.5936 0.0536 0.2543 0.0655 0.9634
1305031464.7277 -1.5333 0.0828 -0.6002 0.0703 0.2622 0.0468 0.9613
1305031464.7597 -1.5292 0.0917 -0.6095 0.0827 0.2612 0.0268 0.9614
1305031464.7960 -1.5292 0.0808 -0.6090 0.0865 0.2577 0.0080 0.9623
1305031464.8278 -1.5299 0.0773 -0.6067 0.0956 0.2470 -0.0076 0.9643
1305031464.8597 -1.5186 0.0892 -0.6098 0.1026 0.2294 -0.0244 0.9676
1305031464.8958 -1.5008 0.0916 -0.6123 0.0992 0.2120 -0.0449 0.9712
1305031464.9278 -1.4811 0.0696 -0.6133 0.0911 0.1987 -0.0661 0.9736
1305031464.9598 -1.4608 0.0541 -0.6106 0.0908 0.1916 -0.0846 0.9736
1305031464.9957 -1.4409 0.0537 -0.6077 0.0955 0.1884 -0.1036 0.9719
1305031465.0278 -1.4308 0.0519 -0.5958 0.0970 0.1888 -0.1254 0.9691
1305031465.0597 -1.4262 0.0704 -0.5753 0.1041 0.1849 -0.1453 0.9664
1305031465.0957 -1.4006 0.1113 -0.5623 0.1042 0.1716 -0.1601 0.9665
1305031465.1277 -1.3783 0.1199 -0.5478 0.0857 0.1589 -0.1739 0.9681
1305031465.1598 -1.3641 0.1193 -0.5288 0.0670 0.1492 -0.1817 0.9697
1305031465.1956 -1.3445 0.1198 -0.5122 0.0530 0.1389 -0.1882 0.9708
1305031465.2279 -1.3240 0.1334 -0.4965 0.0423 0.1307 -0.1931 0.9715
1305031465.2598 -1.3097 0.1319 -0.4778 0.0292 0.1234 -0.1932 0.9729
1305031465.3277 -1.2759 0.1573 -0.4506 0.0208 0.1033 -0.1715 0.9795
1305031465.3956 -1.2386 0.1583 -0.4362 0.0150 0.0704 -0.1499 0.9861
1305031465.4277 -1.2109 0.1636 -0.4367 0.0175 0.0551 -0.1396 0.9885
1305031465.4601 -1.1872 0.1775 -0.4384 0.0220 0.0431 -0.1267 0.9908
1305031465.4957 -1.1622 0.1919 -0.4407 0.0213 0.0321 -0.1175 0.9923
1305031465.5276 -1.1429 0.1874 -0.4402 0.0166 0.0227 -0.1143 0.9931
1305031465.5598 -1.1189 0.1939 -0.4450 0.0221 0.0129 -0.1092 0.9937
1305031465.5956 -1.0930 0.2067 -0.4514 0.0285 0.0067 -0.1011 0.9944
1305031465.6277 -1.0780 0.2198 -0.4581 0.0336 0.0033 -0.0924 0.9952
1305031465.6601 -1.0582 0.2301 -0.4638 0.0374 -0.0067 -0.0847 0.9957
1305031465.6957 -1.0268 0.2401 -0.4694 0.0428 -0.0171 -0.0782 0.9959
1305031465.7277 -1.0043 0.2534 -0.4752 0.0503 -0.0213 -0.0697 0.9961
1305031465.7598 -0.9802 0.2708 -0.4814 0.0582 -0.0270 -0.0614 0.9960
1305031465.7959 -0.9539 0.2836 -0.4852 0.0633 -0.0317 -0.0556 0.9959
1305031465.8280 -0.9300 0.2916 -0.4896 0.0706 -0.0362 -0.0504 0.9956
1305031465.8599 -0.9022 0.3179 -0.4936 0.0839 -0.0398 -0.0467 0.9946
1305031465.8955 -0.8726 0.3374 -0.4942 0.0882 -0.0373 -0.0444 0.9944
1305031465.9275 -0.8475 0.3449 -0.4966 0.0929 -0.0320 -0.0429 0.9942
1305031465.9597 -0.8254 0.3634 -0.5027 0.1045 -0.0251 -0.0444 0.9932
1305031465.9958 -0.8108 0.3839 -0.5100 0.1125 -0.0179 -0.0479 0.9923
1305031466.0276 -0.7936 0.4055 -0.5164 0.1190 -0.0159 -0.0497 0.9915
1305031466.0598 -0.7774 0.4293 -0.5218 0.1189 -0.0137 -0.0488 0.9916
1305031466.0958 -0.7647 0.4452 -0.5301 0.1139 -0.0143 -0.0484 0.9922
1305031466.1276 -0.7487 0.4600 -0.5371 0.1079 -0.0188 -0.0481 0.9928
1305031466.1604 -0.7373 0.4750 -0.5486 0.1025 -0.0229 -0.0463 0.9934
1305031466.1958 -0.7260 0.4926 -0.5601 0.0951 -0.0301 -0.0459 0.9940
1305031466.2280 -0.7078 0.4989 -0.5692 0.0827 -0.0390 -0.0503 0.9945
1305031466.2598 -0.6841 0.4963 -0.5792 0.0775 -0.0438 -0.0575 0.9944
1305031466.2957 -0.6630 0.5067 -0.5915 0.0807 -0.0399 -0.0695 0.9935
1305031466.3277 -0.6482 0.5175 -0.6075 0.0818 -0.0294 -0.0789 0.9931
1305031466.3598 -0.6361 0.5229 -0.6227 0.0763 -0.0199 -0.0840 0.9933
1305031466.3958 -0.6266 0.5140 -0.6372 0.0728 -0.0162 -0.0875 0.9934
1305031466.4278 -0.6160 0.5251 -0.6530 0.0796 -0.0177 -0.0924 0.9924
1305031466.4598 -0.5993 0.5364 -0.6647 0.0797 -0.0228 -0.0966 0.9919
1305031466.4958 -0.5766 0.5411 -0.6718 0.0755 -0.0277 -0.0975 0.9920
1305031466.5275 -0.5526 0.5399 -0.6775 0.0723 -0.0276 -0.0977 0.9922
1305031466.5604 -0.5353 0.5501 -0.6869 0.0717 -0.0231 -0.0994 0.9922
1305031466.5959 -0.5149 0.5574 -0.6931 0.0638 -0.0225 -0.1023 0.9924
1305031466.6275 -0.4915 0.5454 -0.6932 0.0553 -0.0219 -0.1063 0.9926
1305031466.6597 -0.4715 0.5474 -0.6998 0.0616 -0.0197 -0.1117 0.9916
1305031466.6958 -0.4535 0.5620 -0.7083 0.0641 -0.0200 -0.1192 0.9906
1305031466.7281 -0.4322 0.5626 -0.7082 0.0575 -0.0227 -0.1285 0.9898
1305031466.7596 -0.4125 0.5554 -0.7075 0.0585 -0.0236 -0.1371 0.9886
1305031466.7956 -0.3956 0.5646 -0.7167 0.0659 -0.0252 -0.1426 0.9873
1305031466.8279 -0.3775 0.5685 -0.7233 0.0627 -0.0299 -0.1451 0.9870
1305031466.8597 -0.3657 0.5632 -0.7237 0.0592 -0.0354 -0.1450 0.9870
1305031466.8957 -0.3506 0.5645 -0.7318 0.0616 -0.0479 -0.1469 0.9861
1305031466.9278 -0.3334 0.5654 -0.7363 0.0610 -0.0627 -0.1494 0.9849
1305031466.9597 -0.3162 0.5636 -0.7371 0.0611 -0.0728 -0.1512 0.9839
1305031466.9957 -0.2993 0.5627 -0.7416 0.0615 -0.0780 -0.1541 0.9831
1305031467.0278 -0.2831 0.5609 -0.7459 0.0612 -0.0824 -0.1582 0.9821
1305031467.0597 -0.2659 0.5611 -0.7513 0.0614 -0.0850 -0.1613 0.9813
1305031467.0957 -0.2500 0.5605 -0.7555 0.0591 -0.0863 -0.1670 0.9804
1305031467.1290 -0.2369 0.5587 -0.7557 0.0595 -0.0891 -0.1779 0.9782
1305031467.1597 -0.2238 0.5574 -0.7590 0.0608 -0.0922 -0.1856 0.9764
1305031467.1957 -0.2105 0.5559 -0.7654 0.0608 -0.0971 -0.1899 0.9751
1305031467.2277 -0.1976 0.5554 -0.7678 0.0612 -0.1038 -0.1956 0.9733
1305031467.2597 -0.1844 0.5536 -0.7707 0.0624 -0.1091 -0.2009 0.9715
1305031467.2958 -0.1709 0.5538 -0.7751 0.0643 -0.1145 -0.2076 0.9694
1305031467.3280 -0.1564 0.5540 -0.7816 0.0648 -0.1204 -0.2122 0.9676
1305031467.3597 -0.1418 0.5546 -0.7891 0.0608 -0.1267 -0.2137 0.9667
1305031467.3958 -0.1279 0.5550 -0.7917 0.0555 -0.1334 -0.2189 0.9650
1305031467.4278 -0.1159 0.5535 -0.7925 0.0538 -0.1388 -0.2231 0.9634
1305031467.4597 -0.1024 0.5533 -0.8015 0.0529 -0.1453 -0.2246 0.9621
1305031467.4961 -0.0874 0.5530 -0.8090 0.0476 -0.1515 -0.2296 0.9602
1305031467.5277 -0.0733 0.5520 -0.8063 0.0437 -0.1543 -0.2366 0.9583
1305031467.5598 -0.0617 0.5486 -0.8066 0.0440 -0.1552 -0.2383 0.9577
1305031467.5960 -0.0492 0.5439 -0.8099 0.0430 -0.1573 -0.2368 0.9578
1305031467.6275 -0.0420 0.5335 -0.8048 0.0431 -0.1625 -0.2348 0.9574
1305031467.6596 -0.0328 0.5248 -0.8057 0.0478 -0.1681 -0.2320 0.9569
1305031467.6959 -0.0211 0.5196 -0.8073 0.0505 -0.1716 -0.2353 0.9553
1305031467.7275 -0.0159 0.5112 -0.7974 0.0543 -0.1734 -0.2407 0.9534
1305031467.7599 -0.0090 0.5011 -0.7919 0.0594 -0.1759 -0.2430 0.9521
1305031467.7961 -0.0021 0.4935 -0.7867 0.0630 -0.1787 -0.2458 0.9506
1305031467.8278 -0.0021 0.4804 -0.7702 0.0667 -0.1812 -0.2469 0.9496
1305031467.8597 0.0007 0.4686 -0.7621 0.0724 -0.1859 -0.2440 0.9490
1305031467.8959 0.0078 0.4615 -0.7553 0.0767 -0.1937 -0.2428 0.9474
1305031467.9278 0.0115 0.4523 -0.7362 0.0799 -0.2016 -0.2458 0.9447
1305031467.9598 0.0144 0.4397 -0.7180 0.0860 -0.2076 -0.2472 0.9425
1305031467.9958 0.0255 0.4371 -0.7037 0.0910 -0.2112 -0.2492 0.9408
1305031468.0281 0.0242 0.4226 -0.6817 0.0890 -0.2113 -0.2525 0.9400
1305031468.0598 0.0223 0.4073 -0.6668 0.0933 -0.2133 -0.2555 0.9384
1305031468.0959 0.0292 0.4008 -0.6535 0.0963 -0.2172 -0.2569 0.9368
1305031468.1278 0.0291 0.3868 -0.6332 0.0949 -0.2193 -0.2582 0.9361
1305031468.1599 0.0311 0.3737 -0.6180 0.0970 -0.2211 -0.2615 0.9345
1305031468.1960 0.0356 0.3612 -0.6010 0.0971 -0.2221 -0.2647 0.9334
1305031468.2282 0.0370 0.3434 -0.5851 0.0954 -0.2213 -0.2647 0.9337
1305031468.2598 0.0407 0.3256 -0.5711 0.0950 -0.2202 -0.2634 0.9344
1305031468.2958 0.0415 0.3097 -0.5574 0.0947 -0.2176 -0.2636 0.9350
1305031468.3278 0.0412 0.2864 -0.5448 0.0953 -0.2159 -0.2621 0.9358
1305031468.3598 0.0456 0.2741 -0.5365 0.0997 -0.2138 -0.2572 0.9371
1305031468.4598 0.0496 0.2192 -0.5164 0.0908 -0.2131 -0.2542 0.9390
1305031468.5278 0.0438 0.1801 -0.5076 0.0874 -0.2088 -0.2604 0.9386
1305031468.5597 0.0372 0.1614 -0.5060 0.0929 -0.2085 -0.2684 0.9359
1305031468.6596 0.0160 0.1143 -0.5020 0.0861 -0.2120 -0.2759 0.9336
1305031468.6958 0.0069 0.0983 -0.5014 0.0896 -0.2180 -0.2793 0.9308
1305031468.7278 0.0026 0.0876 -0.4995 0.0938 -0.2247 -0.2800 0.9286
1305031468.7596 -0.0024 0.0753 -0.4949 0.0951 -0.2297 -0.2804 0.9271
1305031468.7958 -0.0121 0.0548 -0.4911 0.0973 -0.2323 -0.2852 0.9248
1305031468.8292 -0.0187 0.0443 -0.4899 0.1057 -0.2345 -0.2909 0.9215
1305031468.9281 -0.0235 0.0185 -0.4753 0.1036 -0.2255 -0.2927 0.9234
1305031468.9957 -0.0326 0.0292 -0.4722 0.0890 -0.2122 -0.2939 0.9277
1305031469.0598 -0.0508 0.0082 -0.4596 0.0554 -0.2037 -0.3066 0.9281
1305031469.1597 -0.0523 -0.0163 -0.4240 0.0225 -0.1871 -0.3331 0.9239
1305031469.2278 -0.0710 -0.0258 -0.4064 0.0109 -0.1683 -0.3408 0.9249
1305031469.2968 -0.0766 -0.0302 -0.3823 0.0018 -0.1604 -0.3464 0.9243
1305031469.3276 -0.0799 -0.0263 -0.3713 -0.0021 -0.1563 -0.3481 0.9243
1305031469.3596 -0.0758 -0.0325 -0.3536 -0.0095 -0.1530 -0.3522 0.9233
1305031469.3957 -0.0779 -0.0385 -0.3397 -0.0115 -0.1420 -0.3573 0.9230
1305031469.4277 -0.0804 -0.0306 -0.3288 -0.0083 -0.1292 -0.3626 0.9229
1305031469.4597 -0.0851 -0.0232 -0.3157 -0.0072 -0.1183 -0.3693 0.9217
1305031469.4957 -0.0950 -0.0119 -0.3032 -0.0063 -0.1102 -0.3724 0.9215
1305031469.5276 -0.0939 -0.0003 -0.2904 -0.0074 -0.1104 -0.3722 0.9215
1305031469.5596 -0.0915 0.0066 -0.2763 -0.0134 -0.1113 -0.3723 0.9213
1305031469.6596 -0.0933 0.0279 -0.2320 -0.0365 -0.1045 -0.3706 0.9222
1305031469.7956 -0.1052 0.0778 -0.1821 -0.0551 -0.0858 -0.3624 0.9264
1305031469.9598 -0.1346 0.1574 -0.1323 -0.0760 -0.0895 -0.3484 0.9300
1305031470.1596 -0.1885 0.2555 -0.1101 -0.0904 -0.0897 -0.3375 0.9326
1305031470.3276 -0.2417 0.3264 -0.1117 -0.1143 -0.0849 -0.3227 0.9357
1305031470.4957 -0.3001 0.3888 -0.1164 -0.1232 -0.0886 -0.3138 0.9373
1305031470.6277 -0.3429 0.4232 -0.1215 -0.1284 -0.0853 -0.3056 0.9396
1305031470.8278 -0.4006 0.4583 -0.1200 -0.1328 -0.0745 -0.2847 0.9465
1305031470.8596 -0.4101 0.4619 -0.1212 -0.1283 -0.0748 -0.2802 0.9484
1305031470.8957 -0.4201 0.4657 -0.1235 -0.1247 -0.0754 -0.2756 0.9502
1305031470.9277 -0.4302 0.4696 -0.1231 -0.1201 -0.0779 -0.2715 0.9517
1305031470.9596 -0.4411 0.4700 -0.1244 -0.1122 -0.0814 -0.2698 0.9529
1305031470.9960 -0.4474 0.4718 -0.1271 -0.1034 -0.0841 -0.2669 0.9544
1305031471.0276 -0.4566 0.4710 -0.1285 -0.0957 -0.0832 -0.2652 0.9558
1305031471.0596 -0.4669 0.4708 -0.1317 -0.0868 -0.0803 -0.2610 0.9581
1305031471.0958 -0.4764 0.4733 -0.1357 -0.0781 -0.0788 -0.2544 0.9607
1305031471.1277 -0.4842 0.4731 -0.1376 -0.0726 -0.0800 -0.2481 0.9627
1305031471.1596 -0.4893 0.4744 -0.1408 -0.0661 -0.0807 -0.2416 0.9647
1305031471.1957 -0.4946 0.4762 -0.1430 -0.0627 -0.0784 -0.2355 0.9667
1305031471.2276 -0.5017 0.4776 -0.1445 -0.0621 -0.0749 -0.2303 0.9683
1305031471.2597 -0.5086 0.4768 -0.1441 -0.0633 -0.0732 -0.2267 0.9692
1305031471.2961 -0.5147 0.4753 -0.1440 -0.0625 -0.0714 -0.2226 0.9703
1305031471.3276 -0.5173 0.4762 -0.1457 -0.0574 -0.0687 -0.2194 0.9715
1305031471.3596 -0.5199 0.4779 -0.1479 -0.0552 -0.0618 -0.2168 0.9727
1305031471.3957 -0.5298 0.4733 -0.1491 -0.0569 -0.0528 -0.2120 0.9742
1305031471.4277 -0.5373 0.4751 -0.1529 -0.0521 -0.0493 -0.2050 0.9761
1305031471.4965 -0.5456 0.4776 -0.1574 -0.0516 -0.0491 -0.1955 0.9781
1305031471.5276 -0.5497 0.4779 -0.1594 -0.0518 -0.0485 -0.1907 0.9791
1305031471.5597 -0.5517 0.4791 -0.1615 -0.0515 -0.0473 -0.1889 0.9795
1305031471.5957 -0.5548 0.4794 -0.1638 -0.0512 -0.0430 -0.1868 0.9801
1305031471.6276 -0.5579 0.4800 -0.1663 -0.0504 -0.0382 -0.1850 0.9807
1305031471.6596 -0.5614 0.4807 -0.1694 -0.0482 -0.0331 -0.1814 0.9817
1305031471.7958 -0.5669 0.4873 -0.1814 -0.0437 -0.0159 -0.1591 0.9862
1305031471.9956 -0.5787 0.5077 -0.1870 -0.0534 0.0176 -0.1298 0.9899
1305031472.5636 -0.5318 0.4805 -0.1876 -0.0558 -0.0269 -0.0611 0.9962
1305031472.7956 -0.5220 0.4596 -0.1848 -0.0450 -0.0323 -0.0566 0.9969
