1305031453.4237 0.0048 0.0037 -0.0084 0.0016 0.0040 0.0093 0.9999
1305031453.4597 0.0103 0.0083 -0.0178 0.0056 0.0095 0.0181 0.9998
1305031453.4917 0.0106 0.0137 -0.0280 0.0101 0.0172 0.0277 0.9994
1305031453.5237 0.0119 0.0183 -0.0419 0.0165 0.0220 0.0367 0.9989
1305031453.5598 0.0152 0.0240 -0.0554 0.0236 0.0238 0.0431 0.9985
1305031453.5916 0.0141 0.0312 -0.0708 0.0313 0.0268 0.0477 0.9980
1305031453.6277 0.0099 0.0375 -0.0859 0.0382 0.0283 0.0510 0.9976
1305031453.6596 0.0043 0.0452 -0.1017 0.0461 0.0249 0.0489 0.9974
1305031453.6917 -0.0009 0.0553 -0.1185 0.0532 0.0197 0.0452 0.9974
1305031453.7277 -0.0079 0.0646 -0.1324 0.0578 0.0147 0.0401 0.9974
1305031453.7597 -0.0161 0.0709 -0.1462 0.0621 0.0064 0.0317 0.9975
1305031453.7917 -0.0224 0.0792 -0.1601 0.0663 -0.0030 0.0246 0.9975
1305031453.8278 -0.0335 0.0856 -0.1730 0.0686 -0.0094 0.0178 0.9974
1305031453.8597 -0.0478 0.0915 -0.1862 0.0694 -0.0205 0.0107 0.9973
1305031453.8917 -0.0582 0.1016 -0.1962 0.0699 -0.0368 0.0027 0.9969
1305031453.9277 -0.0676 0.1084 -0.2032 0.0676 -0.0556 -0.0023 0.9962
1305031453.9596 -0.0727 0.1132 -0.2053 0.0657 -0.0733 -0.0113 0.9951
1305031453.9916 -0.0837 0.1148 -0.2036 0.0647 -0.0851 -0.0235 0.9940
1305031454.0277 -0.0921 0.1162 -0.2105 0.0667 -0.0977 -0.0331 0.9924
1305031454.0597 -0.0984 0.1192 -0.2165 0.0674 -0.1102 -0.0435 0.9907
1305031454.0917 -0.1050 0.1208 -0.2121 0.0687 -0.1232 -0.0570 0.9884
1305031454.1277 -0.1033 0.1193 -0.2017 0.0720 -0.1414 -0.0701 0.9848
1305031454.1597 -0.0765 0.1096 -0.1711 0.0705 -0.1674 -0.0773 0.9803
1305031454.1917 -0.0877 0.1109 -0.1661 0.0690 -0.1835 -0.0918 0.9763
1305031454.2277 -0.1078 0.1143 -0.1583 0.0740 -0.1974 -0.1105 0.9713
1305031454.2596 -0.1076 0.1153 -0.1573 0.0794 -0.2124 -0.1258 0.9658
1305031454.2916 -0.1189 0.1212 -0.1570 0.0796 -0.2187 -0.1382 0.9627
1305031454.3277 -0.1392 0.1231 -0.1583 0.0819 -0.2249 -0.1547 0.9585
1305031454.3596 -0.1480 0.1289 -0.1577 0.0897 -0.2353 -0.1693 0.9528
1305031454.3917 -0.1567 0.1381 -0.1590 0.0932 -0.2416 -0.1810 0.9488
1305031454.4275 -0.1750 0.1473 -0.1581 0.0971 -0.2503 -0.1963 0.9431
1305031454.4599 -0.1797 0.1511 -0.1502 0.1012 -0.2608 -0.2122 0.9363
1305031454.4916 -0.1892 0.1604 -0.1505 0.1051 -0.2634 -0.2288 0.9313
1305031454.5277 -0.1968 0.1673 -0.1496 0.1060 -0.2672 -0.2446 0.9260
1305031454.5596 -0.2153 0.1757 -0.1397 0.1052 -0.2682 -0.2584 0.9221
1305031454.5916 -0.2409 0.1809 -0.1228 0.1044 -0.2719 -0.2767 0.9158
1305031454.6276 -0.2615 0.1895 -0.1043 0.1060 -0.2753 -0.2870 0.9114
1305031454.6595 -0.2697 0.1895 -0.0890 0.1023 -0.2787 -0.2878 0.9105
1305031454.6919 -0.3036 0.2008 -0.0731 0.0971 -0.2795 -0.2953 0.9084
1305031454.7277 -0.3095 0.2036 -0.0699 0.0919 -0.2896 -0.3017 0.9037
1305031454.7597 -0.3101 0.2062 -0.0636 0.0858 -0.2962 -0.3005 0.9026
1305031454.7916 -0.3087 0.2124 -0.0605 0.0811 -0.2992 -0.2944 0.9040
1305031454.8276 -0.3061 0.2220 -0.0565 0.0775 -0.3006 -0.2892 0.9055
1305031454.8596 -0.3064 0.2273 -0.0522 0.0708 -0.2980 -0.2825 0.9091
1305031454.8918 -0.3032 0.2333 -0.0522 0.0663 -0.2936 -0.2750 0.9131
1305031454.9276 -0.3034 0.2423 -0.0534 0.0620 -0.2871 -0.2684 0.9175
1305031454.9596 -0.3060 0.2519 -0.0568 0.0592 -0.2809 -0.2631 0.9211
1305031454.9919 -0.3104 0.2600 -0.0626 0.0561 -0.2767 -0.2574 0.9241
1305031455.0278 -0.3127 0.2732 -0.0646 0.0569 -0.2757 -0.2549 0.9251
1305031455.0596 -0.3149 0.2803 -0.0646 0.0555 -0.2735 -0.2531 0.9263
1305031455.0917 -0.3193 0.2891 -0.0675 0.0583 -0.2704 -0.2528 0.9271
1305031455.1277 -0.3224 0.3004 -0.0703 0.0600 -0.2666 -0.2510 0.9286
1305031455.1597 -0.3304 0.3099 -0.0761 0.0585 -0.2616 -0.2463 0.9314
1305031455.1917 -0.3409 0.3186 -0.0780 0.0552 -0.2579 -0.2411 0.9340
1305031455.2276 -0.3504 0.3251 -0.0820 0.0544 -0.2546 -0.2357 0.9363
1305031455.2596 -0.3555 0.3386 -0.0860 0.0528 -0.2503 -0.2288 0.9393
1305031455.2918 -0.3699 0.3436 -0.0900 0.0440 -0.2438 -0.2198 0.9436
1305031455.3278 -0.3813 0.3541 -0.0981 0.0390 -0.2404 -0.2092 0.9471
1305031455.3596 -0.3875 0.3639 -0.0981 0.0314 -0.2396 -0.2029 0.9489
1305031455.3917 -0.3998 0.3652 -0.0998 0.0205 -0.2326 -0.1955 0.9525
1305031455.4276 -0.4144 0.3707 -0.1072 0.0135 -0.2247 -0.1857 0.9565
1305031455.4596 -0.4284 0.3715 -0.1144 0.0081 -0.2208 -0.1775 0.9590
1305031455.4916 -0.4401 0.3762 -0.1220 0.0034 -0.2173 -0.1664 0.9618
1305031455.5276 -0.4585 0.3746 -0.1320 -0.0028 -0.2126 -0.1539 0.9649
1305031455.5597 -0.4755 0.3765 -0.1438 -0.0055 -0.2124 -0.1407 0.9670
1305031455.5916 -0.4872 0.3822 -0.1540 -0.0079 -0.2139 -0.1261 0.9686
1305031455.6276 -0.5039 0.3799 -0.1570 -0.0129 -0.2130 -0.1148 0.9702
1305031455.6596 -0.5191 0.3775 -0.1678 -0.0109 -0.2111 -0.1092 0.9713
1305031455.6916 -0.5334 0.3786 -0.1808 -0.0073 -0.2090 -0.1094 0.9718
1305031455.7276 -0.5470 0.3767 -0.1911 -0.0053 -0.2059 -0.1139 0.9719
1305031455.7597 -0.5633 0.3737 -0.2026 -0.0048 -0.1996 -0.1169 0.9729
1305031455.7917 -0.5790 0.3653 -0.2167 -0.0047 -0.1937 -0.1158 0.9742
1305031455.8276 -0.5914 0.3640 -0.2334 -0.0020 -0.1902 -0.1145 0.9750
1305031455.8595 -0.6044 0.3608 -0.2449 -0.0015 -0.1882 -0.1165 0.9752
1305031455.8917 -0.6138 0.3572 -0.2571 -0.0016 -0.1859 -0.1162 0.9757
1305031455.9280 -0.6272 0.3506 -0.2678 -0.0035 -0.1815 -0.1172 0.9764
1305031455.9597 -0.6357 0.3505 -0.2790 -0.0025 -0.1779 -0.1188 0.9768
1305031455.9917 -0.6425 0.3511 -0.2869 -0.0027 -0.1742 -0.1208 0.9773
1305031456.0278 -0.6493 0.3552 -0.2995 -0.0058 -0.1680 -0.1238 0.9780
1305031456.0597 -0.6615 0.3493 -0.3043 -0.0149 -0.1624 -0.1322 0.9777
1305031456.0917 -0.6732 0.3424 -0.3069 -0.0201 -0.1582 -0.1381 0.9775
1305031456.1276 -0.6811 0.3383 -0.3123 -0.0208 -0.1546 -0.1392 0.9779
1305031456.1597 -0.6935 0.3311 -0.3108 -0.0214 -0.1489 -0.1407 0.9786
1305031456.1917 -0.7019 0.3243 -0.3145 -0.0164 -0.1415 -0.1378 0.9802
1305031456.2277 -0.7073 0.3280 -0.3191 -0.0120 -0.1324 -0.1327 0.9822
1305031456.2917 -0.7320 0.3139 -0.3170 -0.0111 -0.1099 -0.1256 0.9859
1305031456.3277 -0.7430 0.3087 -0.3147 -0.0068 -0.0998 -0.1186 0.9879
1305031456.3916 -0.7639 0.3034 -0.3075 -0.0017 -0.0762 -0.1085 0.9912
1305031456.4277 -0.7815 0.3043 -0.3084 0.0052 -0.0637 -0.1004 0.9929
1305031456.4917 -0.8172 0.3181 -0.3027 0.0018 -0.0543 -0.0877 0.9947
1305031456.5276 -0.8298 0.3188 -0.2917 -0.0040 -0.0560 -0.0829 0.9950
1305031456.5917 -0.8514 0.3229 -0.2750 -0.0058 -0.0513 -0.0699 0.9962
1305031456.6276 -0.8612 0.3349 -0.2661 -0.0157 -0.0460 -0.0635 0.9968
1305031456.6916 -0.8968 0.3191 -0.2427 -0.0299 -0.0340 -0.0493 0.9978
1305031456.7277 -0.9113 0.3320 -0.2374 -0.0323 -0.0325 -0.0390 0.9982
1305031456.7916 -0.9454 0.3212 -0.2165 -0.0378 -0.0407 -0.0260 0.9981
1305031456.8276 -0.9510 0.3356 -0.2090 -0.0368 -0.0454 -0.0166 0.9982
1305031456.8917 -0.9706 0.3268 -0.1802 -0.0496 -0.0428 -0.0074 0.9978
1305031456.9277 -0.9830 0.3315 -0.1758 -0.0447 -0.0363 0.0005 0.9983
1305031456.9597 -0.9963 0.3458 -0.1727 -0.0436 -0.0296 0.0064 0.9986
1305031456.9917 -1.0098 0.3428 -0.1641 -0.0524 -0.0245 0.0071 0.9983
1305031457.0276 -1.0215 0.3420 -0.1605 -0.0549 -0.0202 0.0115 0.9982
1305031457.0917 -1.0467 0.3475 -0.1577 -0.0669 -0.0081 0.0205 0.9975
1305031457.1276 -1.0581 0.3394 -0.1557 -0.0718 -0.0018 0.0245 0.9971
1305031457.1917 -1.0835 0.3423 -0.1670 -0.0690 0.0133 0.0382 0.9968
1305031457.2275 -1.0970 0.3378 -0.1707 -0.0739 0.0203 0.0434 0.9961
1305031457.2917 -1.1222 0.3275 -0.1844 -0.0661 0.0357 0.0564 0.9956
1305031457.3275 -1.1344 0.3299 -0.1956 -0.0630 0.0453 0.0622 0.9950
1305031457.3917 -1.1655 0.3148 -0.2127 -0.0607 0.0692 0.0756 0.9929
1305031457.4276 -1.1849 0.3156 -0.2251 -0.0566 0.0784 0.0827 0.9919
1305031457.4917 -1.2147 0.2989 -0.2433 -0.0578 0.0845 0.0907 0.9906
1305031457.5276 -1.2253 0.2934 -0.2549 -0.0538 0.0870 0.0942 0.9903
1305031457.5597 -1.2398 0.2879 -0.2646 -0.0507 0.0926 0.0981 0.9896
1305031457.5917 -1.2563 0.2870 -0.2763 -0.0467 0.0974 0.1022 0.9889
1305031457.6275 -1.2714 0.2760 -0.2807 -0.0479 0.1006 0.1041 0.9883
1305031457.6596 -1.2840 0.2836 -0.2939 -0.0409 0.1013 0.1095 0.9880
1305031457.6916 -1.2984 0.2760 -0.2997 -0.0469 0.1020 0.1113 0.9874
1305031457.7277 -1.3121 0.2536 -0.3014 -0.0527 0.1043 0.1094 0.9871
1305031457.7596 -1.3218 0.2470 -0.3083 -0.0487 0.1054 0.1078 0.9874
1305031457.7916 -1.3303 0.2290 -0.3114 -0.0444 0.1100 0.1066 0.9872
1305031457.8277 -1.3422 0.2324 -0.3238 -0.0320 0.1168 0.1083 0.9867
1305031457.8596 -1.3551 0.2220 -0.3279 -0.0307 0.1252 0.1086 0.9857
1305031457.8916 -1.3698 0.2007 -0.3281 -0.0260 0.1335 0.1085 0.9848
1305031457.9276 -1.3871 0.2000 -0.3355 -0.0111 0.1378 0.1136 0.9839
1305031457.9916 -1.4081 0.1869 -0.3379 0.0010 0.1385 0.1191 0.9832
1305031458.0278 -1.4178 0.1752 -0.3356 0.0088 0.1419 0.1204 0.9825
1305031458.0597 -1.4309 0.1881 -0.3352 0.0217 0.1460 0.1233 0.9813
1305031458.0917 -1.4440 0.1908 -0.3284 0.0235 0.1500 0.1251 0.9804
1305031458.1276 -1.4545 0.1849 -0.3193 0.0227 0.1532 0.1258 0.9799
1305031458.1596 -1.4672 0.1785 -0.3116 0.0250 0.1549 0.1289 0.9792
1305031458.1916 -1.4743 0.1892 -0.3039 0.0294 0.1513 0.1343 0.9789
1305031458.2276 -1.4825 0.1858 -0.2901 0.0232 0.1470 0.1352 0.9796
1305031458.2599 -1.4940 0.1566 -0.2650 0.0166 0.1460 0.1310 0.9804
1305031458.2917 -1.5086 0.1601 -0.2582 0.0281 0.1410 0.1313 0.9809
1305031458.3276 -1.5135 0.1603 -0.2417 0.0315 0.1331 0.1329 0.9816
1305031458.3596 -1.5180 0.1489 -0.2188 0.0389 0.1283 0.1324 0.9821
1305031458.3916 -1.5233 0.1552 -0.2093 0.0532 0.1228 0.1356 0.9817
1305031458.4276 -1.5240 0.1522 -0.1924 0.0610 0.1204 0.1445 0.9802
1305031458.4596 -1.5133 0.1455 -0.1687 0.0728 0.1212 0.1514 0.9783
1305031458.4917 -1.5192 0.1419 -0.1512 0.0942 0.1323 0.1505 0.9752
1305031458.5277 -1.5293 0.1534 -0.1375 0.1129 0.1423 0.1521 0.9715
1305031458.5596 -1.5358 0.1554 -0.1185 0.1205 0.1514 0.1503 0.9695
1305031458.5916 -1.5478 0.1544 -0.1019 0.1296 0.1585 0.1452 0.9680
1305031458.6277 -1.5571 0.1713 -0.0871 0.1349 0.1577 0.1436 0.9676
1305031458.6596 -1.5581 0.1681 -0.0601 0.1281 0.1530 0.1446 0.9692
1305031458.6917 -1.5564 0.1634 -0.0375 0.1217 0.1365 0.1398 0.9732
1305031458.7276 -1.5392 0.1523 -0.0151 0.1172 0.1173 0.1317 0.9773
1305031458.7599 -1.5419 0.1528 0.0007 0.1230 0.1026 0.1215 0.9796
1305031458.7916 -1.5366 0.1609 0.0143 0.1233 0.0845 0.1136 0.9822
1305031458.8276 -1.5293 0.1530 0.0324 0.1150 0.0742 0.1123 0.9842
1305031458.8917 -1.5241 0.1464 0.0546 0.1218 0.0700 0.1018 0.9848
1305031458.9276 -1.5337 0.1471 0.0582 0.1194 0.0771 0.1095 0.9838
1305031458.9596 -1.5393 0.1378 0.0641 0.1102 0.0819 0.1225 0.9829
1305031458.9916 -1.5484 0.1100 0.0680 0.1066 0.0864 0.1260 0.9825
1305031459.0277 -1.5676 0.1030 0.0710 0.1160 0.0858 0.1270 0.9814
1305031459.0596 -1.5854 0.0911 0.0763 0.1227 0.0788 0.1363 0.9799
1305031459.1276 -1.5686 0.0377 -0.1266 0.1150 0.0337 0.1553 0.9806
1305031459.1596 -1.5757 0.0344 -0.1209 0.1243 0.0067 0.1582 0.9795
1305031459.1917 -1.5790 0.0362 -0.1125 0.1307 -0.0147 0.1668 0.9772
1305031459.2276 -1.5830 0.0359 -0.1016 0.1324 -0.0295 0.1790 0.9744
1305031459.2598 -1.5829 0.0430 -0.0801 0.1333 -0.0353 0.1893 0.9722
1305031459.3276 -1.5833 0.0523 -0.0563 0.1268 -0.0116 0.2171 0.9678
1305031459.3597 -1.5946 0.0590 -0.0479 0.1288 0.0125 0.2385 0.9625
1305031459.3917 -1.6074 0.0800 -0.0351 0.1262 0.0371 0.2657 0.9550
1305031459.4276 -1.6051 0.0835 -0.0236 0.1090 0.0665 0.3019 0.9448
1305031459.4597 -1.6234 0.0766 -0.0234 0.1006 0.1038 0.3402 0.9292
1305031459.5276 -1.6564 0.0924 -0.0117 0.0795 0.1446 0.3984 0.9022
1305031459.5596 -1.6710 0.0762 -0.0205 0.0675 0.1598 0.4251 0.8884
1305031459.5917 -1.6899 0.0716 -0.0230 0.0635 0.1668 0.4428 0.8787
1305031459.6276 -1.6969 0.0649 -0.0223 0.0577 0.1669 0.4537 0.8735
1305031459.6596 -1.7099 0.0659 -0.0176 0.0579 0.1740 0.4541 0.8718
1305031459.6916 -1.7258 0.0566 -0.0163 0.0501 0.1857 0.4588 0.8675
1305031459.7276 -1.7367 0.0384 -0.0172 0.0414 0.1940 0.4617 0.8646
1305031459.7917 -1.7686 0.0028 -0.0164 0.0398 0.2067 0.4555 0.8650
1305031459.8277 -1.7834 -0.0112 -0.0138 0.0391 0.2076 0.4531 0.8661
1305031459.8597 -1.7988 -0.0269 -0.0105 0.0349 0.2070 0.4518 0.8671
1305031459.8916 -1.8062 -0.0434 -0.0050 0.0294 0.2023 0.4543 0.8670
1305031459.9276 -1.8119 -0.0601 -0.0008 0.0279 0.1993 0.4577 0.8660
1305031459.9917 -1.8291 -0.0863 0.0097 0.0233 0.1967 0.4642 0.8633
1305031460.0276 -1.8335 -0.0999 0.0156 0.0223 0.1965 0.4661 0.8623
1305031460.0597 -1.8429 -0.1172 0.0181 0.0220 0.1978 0.4682 0.8609
1305031460.0917 -1.8519 -0.1382 0.0202 0.0228 0.1948 0.4747 0.8580
1305031460.1277 -1.8540 -0.1516 0.0267 0.0283 0.1861 0.4833 0.8550
1305031460.1597 -1.8611 -0.1626 0.0309 0.0350 0.1795 0.4909 0.8518
1305031460.1916 -1.8615 -0.1680 0.0423 0.0365 0.1721 0.4969 0.8498
1305031460.2278 -1.8525 -0.1752 0.0521 0.0360 0.1701 0.5001 0.8483
1305031460.2917 -1.8518 -0.1960 0.0621 0.0363 0.1864 0.4999 0.8450
1305031460.3275 -1.8518 -0.2087 0.0646 0.0357 0.1950 0.5022 0.8417
1305031460.3916 -1.8501 -0.2275 0.0767 0.0289 0.2138 0.5080 0.8339
1305031460.4275 -1.8490 -0.2385 0.0819 0.0264 0.2243 0.5122 0.8287
1305031460.4596 -1.8478 -0.2446 0.0879 0.0235 0.2367 0.5158 0.8230
1305031460.4915 -1.8513 -0.2554 0.0897 0.0156 0.2504 0.5220 0.8152
1305031460.5276 -1.8488 -0.2683 0.0922 0.0062 0.2601 0.5314 0.8062
1305031460.5596 -1.8455 -0.2770 0.0963 -0.0008 0.2683 0.5344 0.8015
1305031460.5919 -1.8464 -0.2902 0.0990 -0.0062 0.2773 0.5352 0.7979
1305031460.6276 -1.8445 -0.3020 0.1032 -0.0105 0.2853 0.5370 0.7938
1305031460.6598 -1.8465 -0.3169 0.1052 -0.0137 0.2931 0.5370 0.7909
1305031460.6917 -1.8504 -0.3306 0.1095 -0.0176 0.2976 0.5384 0.7882
1305031460.7277 -1.8488 -0.3391 0.1170 -0.0228 0.2992 0.5381 0.7877
1305031460.7597 -1.8470 -0.3504 0.1242 -0.0268 0.3043 0.5361 0.7869
1305031460.7917 -1.8500 -0.3616 0.1290 -0.0297 0.3081 0.5355 0.7858
1305031460.8277 -1.8501 -0.3697 0.1386 -0.0339 0.3094 0.5328 0.7869
1305031460.8597 -1.8481 -0.3775 0.1464 -0.0404 0.3123 0.5302 0.7872
1305031460.8918 -1.8463 -0.3899 0.1541 -0.0481 0.3165 0.5276 0.7868
1305031460.9276 -1.8456 -0.4021 0.1643 -0.0537 0.3187 0.5267 0.7862
1305031460.9917 -1.8307 -0.4216 0.1825 -0.0583 0.3227 0.5275 0.7837
1305031461.0276 -1.8267 -0.4311 0.1910 -0.0570 0.3252 0.5279 0.7825
1305031461.0917 -1.8251 -0.4439 0.2050 -0.0529 0.3242 0.5274 0.7835
1305031461.1276 -1.8151 -0.4514 0.2113 -0.0551 0.3232 0.5260 0.7847
1305031461.1597 -1.8079 -0.4615 0.2176 -0.0540 0.3245 0.5244 0.7854
1305031461.1920 -1.8056 -0.4647 0.2221 -0.0503 0.3249 0.5214 0.7875
1305031461.2276 -1.8015 -0.4721 0.2291 -0.0507 0.3265 0.5193 0.7882
1305031461.2596 -1.7959 -0.4785 0.2336 -0.0496 0.3262 0.5171 0.7898
1305031461.2917 -1.7925 -0.4806 0.2399 -0.0469 0.3269 0.5115 0.7933
1305031461.3278 -1.7875 -0.4796 0.2434 -0.0451 0.3285 0.5081 0.7949
1305031461.3597 -1.7899 -0.4797 0.2503 -0.0483 0.3324 0.5045 0.7954
1305031461.3917 -1.7786 -0.4873 0.2596 -0.0577 0.3315 0.5054 0.7946
1305031461.4276 -1.7709 -0.4897 0.2623 -0.0587 0.3314 0.5041 0.7954
1305031461.4598 -1.7712 -0.4862 0.2671 -0.0610 0.3316 0.5054 0.7943
1305031461.4917 -1.7530 -0.4940 0.2695 -0.0676 0.3295 0.5072 0.7935
1305031461.5277 -1.7518 -0.4932 0.2673 -0.0621 0.3315 0.5063 0.7936
1305031461.5597 -1.7452 -0.4844 0.2633 -0.0619 0.3312 0.5033 0.7957
1305031461.5917 -1.7428 -0.4807 0.2608 -0.0622 0.3387 0.4994 0.7950
1305031461.6275 -1.7415 -0.4751 0.2592 -0.0645 0.3439 0.4988 0.7930
1305031461.6596 -1.7388 -0.4706 0.2576 -0.0672 0.3482 0.4987 0.7909
1305031461.6916 -1.7404 -0.4647 0.2579 -0.0682 0.3517 0.5033 0.7863
1305031461.7276 -1.7334 -0.4584 0.2575 -0.0717 0.3514 0.5082 0.7830
1305031461.7597 -1.7344 -0.4488 0.2507 -0.0714 0.3527 0.5111 0.7806
1305031461.7916 -1.7327 -0.4387 0.2472 -0.0755 0.3540 0.5148 0.7772
1305031461.8276 -1.7297 -0.4300 0.2425 -0.0785 0.3575 0.5190 0.7725
1305031461.8598 -1.7367 -0.4161 0.2405 -0.0783 0.3628 0.5241 0.7665
1305031461.8917 -1.7423 -0.4073 0.2391 -0.0832 0.3650 0.5346 0.7577
1305031461.9278 -1.7361 -0.4012 0.2381 -0.0932 0.3618 0.5441 0.7513
1305031461.9597 -1.7333 -0.3853 0.2317 -0.0981 0.3635 0.5463 0.7483
1305031461.9916 -1.7465 -0.3786 0.2345 -0.1068 0.3730 0.5505 0.7392
1305031462.0277 -1.7487 -0.3781 0.2393 -0.1192 0.3733 0.5600 0.7299
1305031462.0598 -1.7504 -0.3767 0.2425 -0.1250 0.3697 0.5714 0.7219
1305031462.0918 -1.7508 -0.3688 0.2407 -0.1277 0.3632 0.5822 0.7161
1305031462.1277 -1.7549 -0.3599 0.2382 -0.1302 0.3593 0.5904 0.7109
1305031462.1596 -1.7578 -0.3540 0.2360 -0.1343 0.3564 0.5955 0.7074
1305031462.1916 -1.7622 -0.3484 0.2338 -0.1389 0.3549 0.5955 0.7072
1305031462.2276 -1.7704 -0.3424 0.2354 -0.1450 0.3555 0.5947 0.7063
1305031462.2598 -1.7760 -0.3403 0.2371 -0.1532 0.3542 0.5932 0.7065
1305031462.2916 -1.7806 -0.3394 0.2389 -0.1613 0.3508 0.5906 0.7086
1305031462.3275 -1.7876 -0.3301 0.2395 -0.1679 0.3471 0.5847 0.7137
1305031462.3597 -1.8028 -0.3229 0.2432 -0.1731 0.3477 0.5765 0.7189
1305031462.3917 -1.8012 -0.3321 0.2621 -0.1868 0.3520 0.5707 0.7180
1305031462.4276 -1.8021 -0.3331 0.2666 -0.1889 0.3539 0.5687 0.7181
1305031462.4599 -1.8047 -0.3320 0.2715 -0.1903 0.3561 0.5656 0.7191
1305031462.4920 -1.8074 -0.3309 0.2779 -0.1922 0.3592 0.5622 0.7197
1305031462.5277 -1.8217 -0.3185 0.3048 -0.1990 0.3713 0.5454 0.7246
1305031462.5599 -1.8158 -0.3207 0.3003 -0.2024 0.3673 0.5472 0.7244
1305031462.5919 -1.8116 -0.3229 0.2976 -0.2049 0.3653 0.5485 0.7237
1305031462.6279 -1.8099 -0.3227 0.2963 -0.2054 0.3641 0.5494 0.7235
1305031462.6597 -1.8089 -0.3226 0.2956 -0.2058 0.3633 0.5498 0.7234
1305031462.6925 -1.8053 -0.3242 0.2936 -0.2078 0.3614 0.5511 0.7228
1305031462.7277 -1.8032 -0.3247 0.2920 -0.2086 0.3600 0.5521 0.7225
1305031462.7598 -1.8026 -0.3245 0.2915 -0.2087 0.3595 0.5524 0.7225
1305031462.7919 -1.8041 -0.3229 0.2922 -0.2076 0.3601 0.5520 0.7229
1305031462.8278 -1.8052 -0.3216 0.2928 -0.2067 0.3606 0.5517 0.7231
1305031462.8598 -1.8075 -0.3208 0.2948 -0.2058 0.3622 0.5508 0.7233
1305031462.8918 -1.8089 -0.3206 0.2963 -0.2054 0.3633 0.5501 0.7233
1305031462.9276 -1.8115 -0.3198 0.2988 -0.2047 0.3652 0.5488 0.7236
1305031462.9597 -1.8150 -0.3177 0.3018 -0.2031 0.3674 0.5474 0.7240
1305031462.9955 -1.8186 -0.3174 0.3060 -0.2027 0.3706 0.5452 0.7241
1305031463.0277 -1.8241 -0.3115 0.3092 -0.1987 0.3731 0.5436 0.7252
1305031463.0598 -1.8289 -0.3092 0.3145 -0.1970 0.3767 0.5416 0.7252
1305031463.0958 -1.8328 -0.3067 0.3193 -0.1959 0.3798 0.5394 0.7256
1305031463.1275 -1.8385 -0.3029 0.3247 -0.1935 0.3837 0.5366 0.7262
1305031463.1598 -1.8437 -0.2999 0.3297 -0.1916 0.3875 0.5338 0.7267
1305031463.1957 -1.8484 -0.2949 0.3336 -0.1888 0.3902 0.5319 0.7275
1305031463.2278 -1.8524 -0.2914 0.3378 -0.1869 0.3929 0.5299 0.7279
1305031463.2600 -1.8567 -0.2875 0.3412 -0.1843 0.3955 0.5280 0.7286
1305031463.2957 -1.8631 -0.2803 0.3470 -0.1799 0.3992 0.5255 0.7295
1305031463.3277 -1.8623 -0.2814 0.3467 -0.1808 0.3990 0.5256 0.7293
1305031463.3598 -1.8638 -0.2798 0.3463 -0.1792 0.3992 0.5254 0.7297
1305031463.3956 -1.8624 -0.2824 0.3421 -0.1795 0.3981 0.5262 0.7297
1305031463.4277 -1.8614 -0.2840 0.3399 -0.1802 0.3974 0.5262 0.7298
1305031463.4598 -1.8560 -0.2893 0.3343 -0.1823 0.3952 0.5295 0.7282
1305031463.4956 -1.8146 -0.3135 0.2930 -0.1967 0.3774 0.5489 0.7195
1305031463.5277 -1.8147 -0.3064 0.2850 -0.1989 0.3847 0.5444 0.7184
1305031463.5598 -1.8155 -0.2979 0.2721 -0.1955 0.3888 0.5432 0.7180
1305031463.5956 -1.8145 -0.2875 0.2594 -0.1942 0.3872 0.5431 0.7193
1305031463.6276 -1.8089 -0.2745 0.2472 -0.1930 0.3872 0.5387 0.7229
1305031463.6598 -1.8031 -0.2726 0.2287 -0.1881 0.3908 0.5362 0.7242
1305031463.6956 -1.8085 -0.2634 0.2140 -0.1833 0.3935 0.5307 0.7280
1305031463.7276 -1.7949 -0.2557 0.1918 -0.1848 0.3893 0.5295 0.7307
1305031463.7597 -1.7834 -0.2539 0.1730 -0.1834 0.3932 0.5228 0.7338
1305031463.7956 -1.7805 -0.2517 0.1517 -0.1804 0.3959 0.5133 0.7397
1305031463.8278 -1.7704 -0.2486 0.1303 -0.1830 0.3942 0.5047 0.7459
1305031463.8599 -1.7578 -0.2498 0.1072 -0.1844 0.3940 0.4962 0.7514
1305031463.8956 -1.7531 -0.2501 0.0873 -0.1823 0.3960 0.4880 0.7562
1305031463.9277 -1.7466 -0.2515 0.0691 -0.1820 0.3943 0.4835 0.7600
1305031463.9597 -1.7335 -0.2554 0.0496 -0.1816 0.3895 0.4795 0.7651
1305031463.9958 -1.7255 -0.2581 0.0284 -0.1779 0.3868 0.4740 0.7708
1305031464.0277 -1.7209 -0.2592 0.0086 -0.1766 0.3837 0.4672 0.7767
1305031464.0597 -1.7069 -0.2643 -0.0119 -0.1790 0.3808 0.4599 0.7820
1305031464.0956 -1.7027 -0.2693 -0.0291 -0.1770 0.3830 0.4511 0.7865
1305031464.1277 -1.7013 -0.2748 -0.0417 -0.1743 0.3838 0.4462 0.7894
1305031464.1598 -1.6935 -0.2826 -0.0542 -0.1693 0.3815 0.4444 0.7927
1305031464.1956 -1.6875 -0.2922 -0.0661 -0.1598 0.3784 0.4406 0.7982
1305031464.2276 -1.6920 -0.2947 -0.0770 -0.1466 0.3739 0.4364 0.8052
1305031464.2596 -1.6957 -0.2963 -0.0895 -0.1360 0.3637 0.4356 0.8121
1305031464.2957 -1.6927 -0.2911 -0.1044 -0.1271 0.3485 0.4328 0.8216
1305031464.3279 -1.6843 -0.2868 -0.1210 -0.1217 0.3352 0.4288 0.8301
1305031464.3597 -1.6741 -0.2840 -0.1361 -0.1160 0.3266 0.4237 0.8369
1305031464.3956 -1.6667 -0.2765 -0.1576 -0.1100 0.3209 0.4160 0.8437
1305031464.4276 -1.6620 -0.2722 -0.1742 -0.1092 0.3197 0.4066 0.8488
1305031464.4597 -1.6554 -0.2765 -0.1884 -0.1087 0.3180 0.3988 0.8532
1305031464.4956 -1.6462 -0.2711 -0.2109 -0.1060 0.3144 0.3932 0.8575
1305031464.5276 -1.6436 -0.2739 -0.2302 -0.1063 0.3146 0.3862 0.8606
1305031464.5597 -1.6313 -0.2714 -0.2504 -0.1100 0.3095 0.3760 0.8664
1305031464.5957 -1.6055 -0.2787 -0.2741 -0.1127 0.3106 0.3659 0.8700
1305031464.6277 -1.5955 -0.2803 -0.2962 -0.1079 0.3221 0.3548 0.8710
1305031464.6597 -1.5864 -0.2815 -0.3107 -0.1050 0.3339 0.3391 0.8732
1305031464.6957 -1.5695 -0.2962 -0.3204 -0.1019 0.3451 0.3200 0.8764
1305031464.7277 -1.5722 -0.2991 -0.3248 -0.0893 0.3557 0.3000 0.8806
1305031464.7597 -1.5745 -0.2903 -0.3363 -0.0788 0.3563 0.2809 0.8877
1305031464.7960 -1.5679 -0.2958 -0.3325 -0.0751 0.3526 0.2631 0.8949
1305031464.8278 -1.5658 -0.2954 -0.3303 -0.0642 0.3436 0.2490 0.9032
1305031464.8597 -1.5628 -0.2822 -0.3394 -0.0545 0.3275 0.2356 0.9134
1305031464.8958 -1.5493 -0.2700 -0.3485 -0.0543 0.3081 0.2191 0.9242
1305031464.9278 -1.5216 -0.2775 -0.3461 -0.0606 0.2926 0.2009 0.9329
1305031464.9598 -1.4960 -0.2801 -0.3443 -0.0609 0.2846 0.1838 0.9389
1305031464.9957 -1.4799 -0.2704 -0.3459 -0.0573 0.2816 0.1655 0.9434
1305031465.0278 -1.4680 -0.2638 -0.3365 -0.0576 0.2800 0.1441 0.9474
1305031465.0597 -1.4734 -0.2403 -0.3180 -0.0508 0.2768 0.1246 0.9515
1305031465.0957 -1.4766 -0.1912 -0.3156 -0.0476 0.2636 0.1120 0.9569
1305031465.1277 -1.4631 -0.1680 -0.3032 -0.0627 0.2458 0.1019 0.9619
1305031465.1598 -1.4491 -0.1563 -0.2835 -0.0789 0.2310 0.0970 0.9649
1305031465.1956 -1.4330 -0.1416 -0.2692 -0.0899 0.2172 0.0930 0.9675
1305031465.2279 -1.4218 -0.1165 -0.2607 -0.0980 0.2058 0.0908 0.9694
1305031465.2598 -1.4085 -0.1077 -0.2421 -0.1095 0.1957 0.0924 0.9701
1305031465.2956 -1.4008 -0.0868 -0.2332 -0.1098 0.1879 0.1027 0.9706
1305031465.3277 -1.3931 -0.0651 -0.2272 -0.1107 0.1768 0.1176 0.9709
1305031465.3599 -1.3808 -0.0565 -0.2191 -0.1114 0.1628 0.1312 0.9715
1305031465.3956 -1.3606 -0.0398 -0.2216 -0.1049 0.1462 0.1441 0.9731
1305031465.4277 -1.3402 -0.0181 -0.2287 -0.0967 0.1333 0.1560 0.9739
1305031465.4601 -1.3285 0.0057 -0.2372 -0.0880 0.1244 0.1694 0.9737
1305031465.4957 -1.3170 0.0314 -0.2463 -0.0842 0.1145 0.1798 0.9734
1305031465.5276 -1.2971 0.0402 -0.2504 -0.0853 0.1041 0.1846 0.9736
1305031465.5598 -1.2829 0.0573 -0.2599 -0.0769 0.0976 0.1904 0.9738
1305031465.5956 -1.2697 0.0815 -0.2725 -0.0684 0.0946 0.1984 0.9731
1305031465.6277 -1.2646 0.0989 -0.2851 -0.0616 0.0931 0.2074 0.9719
1305031465.6601 -1.2560 0.1146 -0.2959 -0.0552 0.0857 0.2158 0.9711
1305031465.6957 -1.2367 0.1400 -0.3085 -0.0461 0.0781 0.2230 0.9706
1305031465.7277 -1.2272 0.1616 -0.3210 -0.0372 0.0772 0.2309 0.9692
1305031465.7598 -1.2185 0.1881 -0.3340 -0.0272 0.0749 0.2389 0.9678
1305031465.7959 -1.2050 0.2132 -0.3443 -0.0201 0.0724 0.2445 0.9667
1305031465.8280 -1.1914 0.2333 -0.3554 -0.0109 0.0709 0.2489 0.9659
1305031465.8599 -1.1833 0.2685 -0.3693 0.0028 0.0712 0.2521 0.9651
1305031465.8955 -1.1704 0.3017 -0.3775 0.0067 0.0749 0.2541 0.9643
1305031465.9275 -1.1564 0.3209 -0.3848 0.0095 0.0824 0.2540 0.9636
1305031465.9597 -1.1504 0.3467 -0.3979 0.0184 0.0923 0.2511 0.9634
1305031465.9958 -1.1515 0.3708 -0.4102 0.0239 0.1009 0.2460 0.9637
1305031466.0276 -1.1514 0.3973 -0.4216 0.0298 0.1046 0.2437 0.9637
1305031466.0598 -1.1529 0.4232 -0.4333 0.0287 0.1068 0.2449 0.9632
1305031466.0958 -1.1529 0.4425 -0.4459 0.0248 0.1047 0.2462 0.9632
1305031466.1276 -1.1501 0.4627 -0.4578 0.0207 0.0988 0.2469 0.9638
1305031466.1604 -1.1506 0.4791 -0.4732 0.0170 0.0933 0.2499 0.9636
1305031466.1958 -1.1524 0.4978 -0.4891 0.0125 0.0840 0.2519 0.9640
1305031466.2280 -1.1434 0.5119 -0.5015 0.0032 0.0717 0.2489 0.9659
1305031466.2598 -1.1239 0.5217 -0.5145 -0.0009 0.0648 0.2425 0.9680
1305031466.2957 -1.1135 0.5401 -0.5314 0.0002 0.0681 0.2305 0.9707
1305031466.3277 -1.1100 0.5520 -0.5521 -0.0032 0.0777 0.2216 0.9720
1305031466.3598 -1.1055 0.5609 -0.5690 -0.0114 0.0846 0.2159 0.9727
1305031466.3958 -1.0961 0.5563 -0.5842 -0.0159 0.0874 0.2115 0.9733
1305031466.4278 -1.0959 0.5682 -0.6033 -0.0092 0.0876 0.2065 0.9745
1305031466.4598 -1.0900 0.5843 -0.6200 -0.0078 0.0822 0.2028 0.9757
1305031466.4958 -1.0746 0.6011 -0.6306 -0.0098 0.0757 0.2027 0.9763
1305031466.5275 -1.0566 0.6112 -0.6405 -0.0132 0.0755 0.2032 0.9761
1305031466.5604 -1.0503 0.6270 -0.6564 -0.0153 0.0795 0.2014 0.9762
1305031466.5959 -1.0393 0.6441 -0.6666 -0.0226 0.0777 0.1992 0.9766
1305031466.6275 -1.0121 0.6482 -0.6695 -0.0313 0.0746 0.1958 0.9773
1305031466.6597 -0.9983 0.6576 -0.6835 -0.0271 0.0786 0.1900 0.9783
1305031466.6958 -0.9944 0.6757 -0.6996 -0.0258 0.0791 0.1826 0.9797
1305031466.7281 -0.9769 0.6880 -0.7027 -0.0322 0.0735 0.1740 0.9815
1305031466.7596 -0.9563 0.6924 -0.7072 -0.0321 0.0722 0.1655 0.9830
1305031466.7956 -0.9481 0.7057 -0.7260 -0.0255 0.0725 0.1602 0.9841
1305031466.8279 -0.9375 0.7164 -0.7384 -0.0276 0.0676 0.1587 0.9846
1305031466.8597 -0.9246 0.7182 -0.7430 -0.0294 0.0614 0.1593 0.9849
1305031466.8957 -0.9147 0.7247 -0.7587 -0.0237 0.0508 0.1590 0.9857
1305031466.9278 -0.9019 0.7321 -0.7670 -0.0207 0.0366 0.1575 0.9866
1305031466.9597 -0.8863 0.7397 -0.7698 -0.0180 0.0266 0.1560 0.9872
1305031466.9957 -0.8732 0.7469 -0.7788 -0.0164 0.0218 0.1536 0.9878
1305031467.0278 -0.8616 0.7521 -0.7880 -0.0160 0.0178 0.1497 0.9884
1305031467.0597 -0.8467 0.7611 -0.7957 -0.0152 0.0144 0.1468 0.9889
1305031467.0957 -0.8341 0.7692 -0.8047 -0.0171 0.0120 0.1422 0.9896
1305031467.1290 -0.8240 0.7743 -0.8082 -0.0170 0.0088 0.1315 0.9911
1305031467.1597 -0.8135 0.7797 -0.8149 -0.0153 0.0055 0.1239 0.9922
1305031467.1957 -0.8027 0.7837 -0.8256 -0.0141 0.0005 0.1202 0.9926
1305031467.2277 -0.7924 0.7885 -0.8311 -0.0126 -0.0063 0.1148 0.9933
1305031467.2597 -0.7815 0.7942 -0.8357 -0.0102 -0.0115 0.1101 0.9938
1305031467.2958 -0.7710 0.8008 -0.8430 -0.0073 -0.0169 0.1033 0.9945
1305031467.3280 -0.7621 0.8067 -0.8525 -0.0055 -0.0223 0.0995 0.9948
1305031467.3597 -0.7525 0.8141 -0.8651 -0.0069 -0.0297 0.0995 0.9946
1305031467.3958 -0.7423 0.8192 -0.8710 -0.0110 -0.0381 0.0947 0.9947
1305031467.4278 -0.7316 0.8240 -0.8744 -0.0110 -0.0445 0.0901 0.9949
1305031467.4597 -0.7219 0.8296 -0.8857 -0.0096 -0.0512 0.0893 0.9946
1305031467.4961 -0.7096 0.8397 -0.8961 -0.0118 -0.0596 0.0855 0.9945
1305031467.5277 -0.6985 0.8488 -0.8942 -0.0147 -0.0644 0.0779 0.9948
1305031467.5598 -0.6864 0.8513 -0.8980 -0.0145 -0.0655 0.0757 0.9949
1305031467.5960 -0.6756 0.8537 -0.9049 -0.0147 -0.0672 0.0773 0.9946
1305031467.6275 -0.6648 0.8510 -0.9041 -0.0133 -0.0709 0.0789 0.9943
1305031467.6596 -0.6524 0.8492 -0.9059 -0.0063 -0.0746 0.0815 0.9939
1305031467.6959 -0.6431 0.8453 -0.9093 -0.0051 -0.0764 0.0792 0.9939
1305031467.7275 -0.6295 0.8464 -0.8993 -0.0001 -0.0786 0.0727 0.9943
1305031467.7599 -0.6160 0.8450 -0.8947 0.0057 -0.0799 0.0699 0.9943
1305031467.7961 -0.6030 0.8459 -0.8860 0.0104 -0.0830 0.0676 0.9942
1305031467.8278 -0.5911 0.8396 -0.8675 0.0143 -0.0849 0.0659 0.9941
1305031467.8597 -0.5813 0.8334 -0.8581 0.0214 -0.0873 0.0685 0.9936
1305031467.8959 -0.5722 0.8338 -0.8488 0.0284 -0.0934 0.0690 0.9928
1305031467.9278 -0.5571 0.8315 -0.8305 0.0331 -0.1019 0.0660 0.9920
1305031467.9598 -0.5436 0.8253 -0.8134 0.0400 -0.1065 0.0641 0.9914
1305031467.9958 -0.5319 0.8340 -0.7994 0.0464 -0.1091 0.0619 0.9910
1305031468.0281 -0.5199 0.8258 -0.7780 0.0440 -0.1107 0.0582 0.9912
1305031468.0598 -0.5123 0.8151 -0.7614 0.0481 -0.1109 0.0542 0.9912
1305031468.0959 -0.5002 0.8178 -0.7483 0.0527 -0.1147 0.0527 0.9906
1305031468.1278 -0.4880 0.8092 -0.7279 0.0513 -0.1175 0.0517 0.9904
1305031468.1599 -0.4769 0.8026 -0.7122 0.0533 -0.1188 0.0480 0.9903
1305031468.1960 -0.4639 0.7994 -0.6957 0.0537 -0.1201 0.0447 0.9903
1305031468.2282 -0.4516 0.7890 -0.6780 0.0518 -0.1194 0.0445 0.9905
1305031468.2598 -0.4379 0.7810 -0.6620 0.0515 -0.1179 0.0461 0.9906
1305031468.2958 -0.4261 0.7717 -0.6469 0.0504 -0.1155 0.0454 0.9910
1305031468.3278 -0.4122 0.7554 -0.6312 0.0507 -0.1132 0.0465 0.9912
1305031468.3598 -0.3998 0.7507 -0.6233 0.0547 -0.1095 0.0511 0.9912
1305031468.3959 -0.3923 0.7454 -0.6162 0.0532 -0.1076 0.0515 0.9914
1305031468.4280 -0.3792 0.7260 -0.6053 0.0477 -0.1090 0.0516 0.9916
1305031468.4598 -0.3654 0.7162 -0.5976 0.0477 -0.1102 0.0546 0.9913
1305031468.4958 -0.3554 0.7062 -0.5897 0.0454 -0.1092 0.0544 0.9915
1305031468.5278 -0.3483 0.6876 -0.5797 0.0444 -0.1077 0.0481 0.9920
1305031468.5597 -0.3421 0.6713 -0.5743 0.0499 -0.1069 0.0390 0.9922
1305031468.5958 -0.3387 0.6659 -0.5738 0.0540 -0.1072 0.0333 0.9922
1305031468.6276 -0.3356 0.6506 -0.5659 0.0482 -0.1096 0.0324 0.9923
1305031468.6596 -0.3336 0.6228 -0.5603 0.0444 -0.1125 0.0312 0.9922
1305031468.6958 -0.3314 0.6044 -0.5554 0.0495 -0.1179 0.0272 0.9914
1305031468.7278 -0.3285 0.5934 -0.5515 0.0560 -0.1233 0.0260 0.9904
1305031468.7596 -0.3264 0.5819 -0.5428 0.0592 -0.1278 0.0248 0.9897
1305031468.7958 -0.3212 0.5616 -0.5338 0.0623 -0.1307 0.0193 0.9893
1305031468.8292 -0.3210 0.5499 -0.5282 0.0708 -0.1314 0.0124 0.9887
1305031468.8597 -0.3165 0.5489 -0.5218 0.0746 -0.1311 0.0086 0.9885
1305031468.8959 -0.3141 0.5377 -0.5136 0.0707 -0.1273 0.0071 0.9893
1305031468.9281 -0.3159 0.5298 -0.5059 0.0667 -0.1219 0.0100 0.9902
1305031468.9596 -0.3154 0.5289 -0.5055 0.0604 -0.1170 0.0142 0.9912
1305031468.9957 -0.3219 0.5379 -0.5051 0.0492 -0.1149 0.0114 0.9921
1305031469.0277 -0.3220 0.5240 -0.4935 0.0283 -0.1166 0.0065 0.9928
1305031469.0598 -0.3219 0.5123 -0.4865 0.0130 -0.1181 0.0017 0.9929
1305031469.0957 -0.3155 0.5134 -0.4747 0.0027 -0.1218 -0.0073 0.9925
1305031469.1277 -0.3071 0.5071 -0.4590 -0.0119 -0.1206 -0.0164 0.9925
1305031469.1597 -0.3061 0.5004 -0.4468 -0.0246 -0.1145 -0.0231 0.9929
1305031469.1955 -0.3074 0.4910 -0.4339 -0.0358 -0.1069 -0.0278 0.9932
1305031469.2278 -0.3138 0.4840 -0.4257 -0.0427 -0.1004 -0.0308 0.9936
1305031469.2596 -0.3142 0.4851 -0.4126 -0.0475 -0.0993 -0.0345 0.9933
1305031469.2968 -0.3141 0.4832 -0.4005 -0.0537 -0.0959 -0.0364 0.9933
1305031469.3276 -0.3185 0.4866 -0.3894 -0.0588 -0.0931 -0.0377 0.9932
1305031469.3596 -0.3100 0.4881 -0.3724 -0.0668 -0.0924 -0.0417 0.9926
1305031469.3957 -0.3066 0.4860 -0.3571 -0.0722 -0.0830 -0.0473 0.9928
1305031469.4277 -0.3105 0.4918 -0.3471 -0.0739 -0.0707 -0.0537 0.9933
1305031469.4597 -0.3160 0.4974 -0.3339 -0.0769 -0.0610 -0.0613 0.9933
1305031469.4957 -0.3270 0.5030 -0.3207 -0.0788 -0.0539 -0.0651 0.9933
1305031469.5276 -0.3307 0.5146 -0.3104 -0.0804 -0.0546 -0.0644 0.9932
1305031469.5596 -0.3313 0.5244 -0.2976 -0.0858 -0.0572 -0.0640 0.9926
1305031469.5958 -0.3332 0.5370 -0.2851 -0.0916 -0.0592 -0.0621 0.9921
1305031469.6278 -0.3352 0.5429 -0.2714 -0.1027 -0.0599 -0.0609 0.9910
1305031469.6596 -0.3391 0.5486 -0.2554 -0.1101 -0.0579 -0.0610 0.9904
1305031469.6956 -0.3427 0.5593 -0.2446 -0.1146 -0.0553 -0.0592 0.9901
1305031469.7277 -0.3499 0.5715 -0.2310 -0.1196 -0.0510 -0.0578 0.9898
1305031469.7596 -0.3586 0.5823 -0.2222 -0.1260 -0.0468 -0.0541 0.9894
1305031469.7956 -0.3709 0.5932 -0.2088 -0.1327 -0.0450 -0.0515 0.9888
1305031469.8275 -0.3806 0.6041 -0.1993 -0.1373 -0.0469 -0.0485 0.9882
1305031469.8596 -0.3926 0.6155 -0.1891 -0.1434 -0.0490 -0.0455 0.9874
1305031469.8958 -0.4058 0.6255 -0.1792 -0.1486 -0.0498 -0.0425 0.9867
1305031469.9279 -0.4214 0.6354 -0.1694 -0.1524 -0.0504 -0.0389 0.9863
1305031469.9598 -0.4360 0.6458 -0.1609 -0.1535 -0.0531 -0.0369 0.9860
1305031469.9956 -0.4505 0.6560 -0.1544 -0.1548 -0.0547 -0.0343 0.9858
1305031470.0277 -0.4647 0.6658 -0.1502 -0.1566 -0.0574 -0.0329 0.9855
1305031470.0596 -0.4806 0.6748 -0.1449 -0.1587 -0.0581 -0.0322 0.9851
1305031470.0959 -0.4963 0.6836 -0.1427 -0.1597 -0.0578 -0.0298 0.9850
1305031470.1276 -0.5124 0.6927 -0.1418 -0.1628 -0.0582 -0.0263 0.9846
1305031470.1596 -0.5309 0.7002 -0.1384 -0.1658 -0.0585 -0.0238 0.9841
1305031470.1961 -0.5476 0.7063 -0.1383 -0.1677 -0.0596 -0.0201 0.9838
1305031470.2276 -0.5631 0.7123 -0.1378 -0.1715 -0.0604 -0.0163 0.9832
1305031470.2600 -0.5800 0.7176 -0.1376 -0.1762 -0.0603 -0.0129 0.9824
1305031470.2957 -0.5966 0.7240 -0.1380 -0.1812 -0.0600 -0.0096 0.9816
1305031470.3276 -0.6143 0.7301 -0.1368 -0.1869 -0.0602 -0.0063 0.9805
1305031470.3596 -0.6321 0.7340 -0.1363 -0.1919 -0.0612 -0.0017 0.9795
1305031470.3958 -0.6498 0.7391 -0.1361 -0.1943 -0.0624 0.0019 0.9789
1305031470.4276 -0.6670 0.7428 -0.1343 -0.1952 -0.0643 0.0006 0.9787
1305031470.4597 -0.6826 0.7445 -0.1339 -0.1948 -0.0659 0.0001 0.9786
1305031470.4957 -0.6971 0.7463 -0.1344 -0.1938 -0.0677 0.0018 0.9787
1305031470.5277 -0.7113 0.7479 -0.1347 -0.1933 -0.0687 0.0020 0.9787
1305031470.5597 -0.7251 0.7515 -0.1349 -0.1932 -0.0678 0.0027 0.9788
1305031470.5958 -0.7375 0.7524 -0.1350 -0.1937 -0.0677 0.0059 0.9787
1305031470.6277 -0.7502 0.7553 -0.1342 -0.1943 -0.0675 0.0104 0.9786
1305031470.6597 -0.7633 0.7570 -0.1335 -0.1949 -0.0663 0.0150 0.9785
1305031470.6956 -0.7752 0.7603 -0.1320 -0.1951 -0.0674 0.0181 0.9783
1305031470.7277 -0.7850 0.7590 -0.1280 -0.1958 -0.0688 0.0193 0.9780
1305031470.7597 -0.7914 0.7597 -0.1287 -0.1962 -0.0676 0.0241 0.9779
1305031470.7956 -0.8032 0.7603 -0.1258 -0.1983 -0.0623 0.0269 0.9778
1305031470.8278 -0.8147 0.7557 -0.1235 -0.1978 -0.0593 0.0303 0.9780
1305031470.8596 -0.8241 0.7529 -0.1230 -0.1933 -0.0583 0.0347 0.9788
1305031470.8957 -0.8343 0.7509 -0.1242 -0.1886 -0.0574 0.0398 0.9796
1305031470.9277 -0.8440 0.7475 -0.1221 -0.1840 -0.0589 0.0430 0.9802
1305031470.9596 -0.8516 0.7431 -0.1212 -0.1742 -0.0610 0.0451 0.9818
1305031470.9960 -0.8578 0.7413 -0.1225 -0.1647 -0.0606 0.0478 0.9833
1305031471.0276 -0.8645 0.7369 -0.1216 -0.1560 -0.0581 0.0490 0.9848
1305031471.0596 -0.8738 0.7305 -0.1228 -0.1481 -0.0516 0.0529 0.9862
1305031471.0958 -0.8825 0.7270 -0.1251 -0.1397 -0.0475 0.0592 0.9873
1305031471.1277 -0.8887 0.7231 -0.1255 -0.1330 -0.0467 0.0656 0.9878
1305031471.1596 -0.8932 0.7189 -0.1279 -0.1279 -0.0452 0.0721 0.9881
1305031471.1957 -0.8984 0.7165 -0.1294 -0.1253 -0.0417 0.0783 0.9882
1305031471.2276 -0.9044 0.7143 -0.1305 -0.1248 -0.0380 0.0837 0.9879
1305031471.2597 -0.9101 0.7079 -0.1290 -0.1278 -0.0357 0.0870 0.9873
1305031471.2961 -0.9143 0.7039 -0.1270 -0.1270 -0.0335 0.0911 0.9871
1305031471.3276 -0.9165 0.7025 -0.1281 -0.1232 -0.0297 0.0944 0.9874
1305031471.3596 -0.9194 0.7023 -0.1297 -0.1228 -0.0224 0.0967 0.9875
1305031471.3957 -0.9251 0.6944 -0.1289 -0.1256 -0.0139 0.1008 0.9869
1305031471.4277 -0.9325 0.6887 -0.1320 -0.1236 -0.0083 0.1077 0.9864
1305031471.4596 -0.9364 0.6877 -0.1350 -0.1218 -0.0083 0.1131 0.9861
1305031471.4965 -0.9412 0.6838 -0.1351 -0.1236 -0.0069 0.1168 0.9854
1305031471.5276 -0.9452 0.6815 -0.1369 -0.1235 -0.0057 0.1214 0.9849
1305031471.5597 -0.9476 0.6809 -0.1386 -0.1234 -0.0044 0.1235 0.9846
1305031471.5957 -0.9516 0.6771 -0.1406 -0.1255 0.0015 0.1254 0.9841
1305031471.6276 -0.9530 0.6740 -0.1432 -0.1272 0.0057 0.1278 0.9836
1305031471.6596 -0.9521 0.6690 -0.1473 -0.1291 0.0092 0.1317 0.9828
1305031471.6956 -0.9511 0.6629 -0.1520 -0.1321 0.0114 0.1374 0.9816
1305031471.7275 -0.9537 0.6616 -0.1557 -0.1329 0.0149 0.1403 0.9810
1305031471.7597 -0.9502 0.6615 -0.1577 -0.1341 0.0153 0.1469 0.9799
1305031471.7958 -0.9500 0.6619 -0.1629 -0.1345 0.0217 0.1583 0.9780
1305031471.8276 -0.9515 0.6631 -0.1646 -0.1360 0.0232 0.1621 0.9771
1305031471.8597 -0.9558 0.6647 -0.1650 -0.1396 0.0281 0.1694 0.9752
1305031471.8956 -0.9575 0.6658 -0.1663 -0.1435 0.0310 0.1758 0.9734
1305031471.9277 -0.9635 0.6674 -0.1648 -0.1482 0.0370 0.1783 0.9720
1305031471.9596 -0.9653 0.6687 -0.1613 -0.1515 0.0427 0.1803 0.9710
1305031471.9956 -0.9705 0.6674 -0.1654 -0.1541 0.0510 0.1835 0.9695
1305031472.0276 -0.9713 0.6681 -0.1644 -0.1553 0.0511 0.1850 0.9690
1305031472.0597 -0.9790 0.6717 -0.1606 -0.1606 0.0580 0.1880 0.9672
1305031472.0956 -0.9831 0.6716 -0.1607 -0.1625 0.0629 0.1928 0.9656
1305031472.1276 -0.9897 0.6699 -0.1592 -0.1687 0.0669 0.1977 0.9633
1305031472.1596 -0.9950 0.6712 -0.1517 -0.1717 0.0690 0.1982 0.9625
1305031472.1957 -1.0036 0.6766 -0.1409 -0.1641 0.0757 0.2030 0.9624
1305031472.2276 -1.0033 0.6771 -0.1441 -0.1612 0.0746 0.2056 0.9624
1305031472.2638 -1.0128 0.6740 -0.1361 -0.1597 0.0836 0.2007 0.9629
1305031472.2957 -1.0238 0.6802 -0.1339 -0.1462 0.0936 0.1950 0.9653
1305031472.3277 -1.0257 0.6792 -0.1373 -0.1417 0.0960 0.1971 0.9653
1305031472.3636 -1.0271 0.6779 -0.1384 -0.1419 0.0963 0.1991 0.9649
1305031472.3956 -1.0261 0.6786 -0.1367 -0.1396 0.0931 0.2006 0.9652
1305031472.4277 -1.0258 0.6761 -0.1355 -0.1374 0.0908 0.2011 0.9656
1305031472.4636 -1.0249 0.6747 -0.1355 -0.1354 0.0901 0.2000 0.9662
1305031472.4956 -1.0231 0.6745 -0.1361 -0.1354 0.0914 0.1996 0.9662
1305031472.5276 -1.0209 0.6700 -0.1333 -0.1365 0.0930 0.1993 0.9659
1305031472.5636 -1.0189 0.6672 -0.1337 -0.1314 0.0932 0.2006 0.9663
1305031472.5957 -1.0182 0.6665 -0.1371 -0.1266 0.0934 0.2035 0.9664
1305031472.6277 -1.0148 0.6641 -0.1371 -0.1270 0.0921 0.2058 0.9659
1305031472.6636 -1.0112 0.6613 -0.1352 -0.1268 0.0911 0.2066 0.9659
1305031472.6958 -1.0078 0.6577 -0.1349 -0.1259 0.0905 0.2081 0.9657
1305031472.7276 -1.0043 0.6567 -0.1342 -0.1229 0.0895 0.2080 0.9663
1305031472.7636 -1.0008 0.6572 -0.1347 -0.1200 0.0891 0.2066 0.9669
1305031472.7956 -0.9997 0.6523 -0.1322 -0.1207 0.0916 0.2043 0.9671
1305031472.8276 -0.9979 0.6518 -0.1318 -0.1173 0.0923 0.2041 0.9675
1305031472.8636 -0.9975 0.6499 -0.1321 -0.1156 0.0932 0.2057 0.9673
1305031472.8957 -0.9974 0.6495 -0.1312 -0.1150 0.0927 0.2077 0.9670
1305031472.9277 -0.9946 0.6487 -0.1293 -0.1154 0.0910 0.2094 0.9667
1305031472.9638 -0.9932 0.6491 -0.1296 -0.1143 0.0907 0.2113 0.9665
1305031472.9957 -0.9941 0.6490 -0.1281 -0.1145 0.0906 0.2119 0.9663
1305031473.0276 -0.9942 0.6479 -0.1272 -0.1156 0.0899 0.2122 0.9662
1305031473.0637 -0.9923 0.6474 -0.1251 -0.1167 0.0885 0.2109 0.9665
1305031473.0957 -0.9909 0.6478 -0.1251 -0.1159 0.0885 0.2091 0.9670
1305031473.1277 -0.9917 0.6466 -0.1245 -0.1165 0.0900 0.2074 0.9671
1305031473.1671 -0.9911 0.6454 -0.1248 -0.1159 0.0893 0.2075 0.9672
1305031473.1961 -0.9909 0.6446 -0.1242 -0.1152 0.0893 0.2072 0.9674
