1305031453.4237 0.0004 0.0036 -0.0071 0.0019 0.0050 0.0071 1.0000
1305031453.4597 0.0107 -0.0007 -0.0177 0.0021 0.0103 0.0171 0.9998
1305031453.4917 0.0127 0.0106 -0.0336 0.0089 0.0172 0.0281 0.9994
1305031453.5237 0.0054 0.0120 -0.0437 0.0142 0.0250 0.0353 0.9990
1305031453.5598 0.0057 0.0186 -0.0580 0.0207 0.0275 0.0405 0.9986
1305031453.5916 0.0068 0.0242 -0.0775 0.0288 0.0302 0.0469 0.9980
1305031453.6277 -0.0035 0.0279 -0.0827 0.0351 0.0334 0.0498 0.9976
1305031453.6596 -0.0151 0.0360 -0.0981 0.0419 0.0322 0.0500 0.9973
1305031453.6917 -0.0148 0.0492 -0.1116 0.0514 0.0240 0.0423 0.9975
1305031453.7277 -0.0163 0.0505 -0.1283 0.0529 0.0177 0.0388 0.9977
1305031453.7597 -0.0290 0.0545 -0.1359 0.0561 0.0099 0.0315 0.9979
1305031453.7917 -0.0303 0.0601 -0.1542 0.0589 0.0003 0.0242 0.9980
1305031453.8278 -0.0390 0.0654 -0.1637 0.0608 -0.0085 0.0175 0.9980
1305031453.8597 -0.0551 0.0809 -0.1727 0.0661 -0.0195 0.0117 0.9976
1305031453.8917 -0.0657 0.0858 -0.1794 0.0655 -0.0343 0.0070 0.9972
1305031453.9277 -0.0683 0.0984 -0.1879 0.0651 -0.0563 0.0049 0.9963
1305031453.9596 -0.0768 0.1114 -0.1949 0.0662 -0.0717 -0.0041 0.9952
1305031453.9916 -0.0784 0.1160 -0.1953 0.0661 -0.0856 -0.0144 0.9940
1305031454.0277 -0.0869 0.1201 -0.1959 0.0683 -0.0986 -0.0204 0.9926
1305031454.0597 -0.0947 0.1340 -0.1963 0.0731 -0.1105 -0.0268 0.9908
1305031454.0917 -0.1044 0.1404 -0.1879 0.0756 -0.1223 -0.0340 0.9890
1305031454.1277 -0.1019 0.1394 -0.1812 0.0786 -0.1406 -0.0441 0.9860
1305031454.1597 -0.1244 0.1455 -0.1770 0.0804 -0.1506 -0.0514 0.9840
1305031454.1917 -0.1344 0.1595 -0.1755 0.0834 -0.1662 -0.0628 0.9805
1305031454.2277 -0.1594 0.1666 -0.1680 0.0883 -0.1765 -0.0739 0.9775
1305031454.2596 -0.1645 0.1570 -0.1713 0.0882 -0.1899 -0.0878 0.9739
1305031454.2916 -0.1646 0.1670 -0.1739 0.0898 -0.1981 -0.0978 0.9711
1305031454.3277 -0.1791 0.1700 -0.1714 0.0923 -0.2054 -0.1097 0.9681
1305031454.3596 -0.1858 0.1698 -0.1740 0.0957 -0.2157 -0.1204 0.9643
1305031454.3917 -0.2026 0.1791 -0.1748 0.0982 -0.2194 -0.1303 0.9619
1305031454.4275 -0.2156 0.1866 -0.1758 0.1008 -0.2291 -0.1402 0.9580
1305031454.4599 -0.2185 0.1891 -0.1763 0.1026 -0.2391 -0.1518 0.9536
1305031454.4916 -0.2204 0.1954 -0.1624 0.1062 -0.2473 -0.1636 0.9491
1305031454.5277 -0.2224 0.2095 -0.1543 0.1101 -0.2550 -0.1775 0.9441
1305031454.5596 -0.2321 0.2338 -0.1505 0.1153 -0.2596 -0.1882 0.9402
1305031454.5916 -0.2394 0.2447 -0.1488 0.1158 -0.2687 -0.1987 0.9354
1305031454.6276 -0.2481 0.2539 -0.1447 0.1170 -0.2803 -0.2092 0.9295
1305031454.6595 -0.2649 0.2799 -0.1168 0.1202 -0.2925 -0.2121 0.9247
1305031454.6919 -0.2832 0.3020 -0.1174 0.1212 -0.2995 -0.2197 0.9205
1305031454.7277 -0.2818 0.3031 -0.1183 0.1183 -0.3121 -0.2245 0.9155
1305031454.7597 -0.2934 0.3228 -0.1057 0.1166 -0.3161 -0.2164 0.9163
1305031454.7916 -0.2919 0.3212 -0.1041 0.1112 -0.3192 -0.2123 0.9169
1305031454.8276 -0.2834 0.3208 -0.1024 0.1037 -0.3234 -0.2050 0.9180
1305031454.8596 -0.2862 0.3268 -0.0959 0.0972 -0.3216 -0.1964 0.9212
1305031454.8918 -0.2882 0.3310 -0.0929 0.0926 -0.3180 -0.1888 0.9245
1305031454.9276 -0.2843 0.3344 -0.0937 0.0884 -0.3158 -0.1823 0.9269
1305031454.9596 -0.2861 0.3378 -0.0925 0.0830 -0.3130 -0.1750 0.9298
1305031454.9919 -0.2872 0.3442 -0.0965 0.0812 -0.3112 -0.1697 0.9315
1305031455.0278 -0.2928 0.3510 -0.0989 0.0811 -0.3093 -0.1672 0.9326
1305031455.0596 -0.2960 0.3536 -0.1010 0.0785 -0.3075 -0.1649 0.9338
1305031455.0917 -0.2978 0.3573 -0.1034 0.0795 -0.3058 -0.1640 0.9345
1305031455.1277 -0.3020 0.3677 -0.1075 0.0826 -0.3019 -0.1645 0.9354
1305031455.1597 -0.3073 0.3736 -0.1122 0.0820 -0.2985 -0.1617 0.9370
1305031455.1917 -0.3135 0.3747 -0.1145 0.0773 -0.2967 -0.1579 0.9386
1305031455.2276 -0.3185 0.3767 -0.1171 0.0759 -0.2957 -0.1535 0.9398
1305031455.2596 -0.3219 0.3862 -0.1153 0.0749 -0.2945 -0.1485 0.9411
1305031455.2918 -0.3269 0.3929 -0.1170 0.0685 -0.2926 -0.1384 0.9437
1305031455.3278 -0.3400 0.3992 -0.1291 0.0630 -0.2878 -0.1288 0.9469
1305031455.3596 -0.3459 0.4082 -0.1229 0.0562 -0.2897 -0.1217 0.9477
1305031455.3917 -0.3522 0.4056 -0.1213 0.0443 -0.2869 -0.1156 0.9499
1305031455.4276 -0.3647 0.4180 -0.1251 0.0417 -0.2814 -0.1056 0.9529
1305031455.4596 -0.3757 0.4198 -0.1347 0.0386 -0.2782 -0.0995 0.9546
1305031455.4916 -0.3841 0.4214 -0.1402 0.0340 -0.2766 -0.0919 0.9560
1305031455.5276 -0.3998 0.4195 -0.1490 0.0284 -0.2739 -0.0794 0.9581
1305031455.5597 -0.4135 0.4210 -0.1578 0.0252 -0.2762 -0.0669 0.9584
1305031455.5916 -0.4259 0.4257 -0.1665 0.0231 -0.2779 -0.0536 0.9588
1305031455.6276 -0.4394 0.4155 -0.1752 0.0160 -0.2774 -0.0445 0.9596
1305031455.6596 -0.4507 0.4117 -0.1857 0.0160 -0.2759 -0.0389 0.9603
1305031455.6916 -0.4597 0.4097 -0.1919 0.0176 -0.2756 -0.0383 0.9604
1305031455.7276 -0.4670 0.4066 -0.2024 0.0187 -0.2736 -0.0409 0.9608
1305031455.7597 -0.4743 0.4060 -0.2099 0.0200 -0.2704 -0.0425 0.9616
1305031455.7917 -0.4803 0.3995 -0.2181 0.0195 -0.2675 -0.0407 0.9625
1305031455.8276 -0.4851 0.4014 -0.2319 0.0227 -0.2657 -0.0395 0.9630
1305031455.8595 -0.4946 0.3938 -0.2422 0.0207 -0.2632 -0.0394 0.9637
1305031455.8917 -0.4985 0.3922 -0.2509 0.0208 -0.2617 -0.0395 0.9641
1305031455.9280 -0.5022 0.3888 -0.2577 0.0204 -0.2605 -0.0397 0.9644
1305031455.9597 -0.5081 0.3899 -0.2652 0.0220 -0.2580 -0.0409 0.9650
1305031455.9917 -0.5134 0.3884 -0.2725 0.0208 -0.2548 -0.0421 0.9658
1305031456.0278 -0.5165 0.3918 -0.2807 0.0188 -0.2512 -0.0469 0.9666
1305031456.0597 -0.5314 0.3872 -0.2860 0.0124 -0.2449 -0.0566 0.9678
1305031456.0917 -0.5409 0.3809 -0.2895 0.0089 -0.2411 -0.0594 0.9686
1305031456.1276 -0.5455 0.3810 -0.2936 0.0099 -0.2383 -0.0603 0.9693
1305031456.1597 -0.5463 0.3717 -0.2942 0.0077 -0.2366 -0.0605 0.9697
1305031456.1917 -0.5517 0.3548 -0.2955 0.0082 -0.2313 -0.0567 0.9712
1305031456.2277 -0.5642 0.3672 -0.3005 0.0154 -0.2201 -0.0547 0.9738
1305031456.2917 -0.5695 0.3418 -0.2984 0.0089 -0.2042 -0.0458 0.9778
1305031456.3277 -0.5776 0.3337 -0.2922 0.0102 -0.1961 -0.0376 0.9798
1305031456.3916 -0.5834 0.3257 -0.2822 0.0116 -0.1791 -0.0249 0.9834
1305031456.4277 -0.5999 0.3351 -0.2848 0.0201 -0.1671 -0.0141 0.9856
1305031456.4917 -0.6365 0.3527 -0.2756 0.0182 -0.1606 0.0000 0.9868
1305031456.5276 -0.6614 0.3541 -0.2715 0.0158 -0.1583 0.0022 0.9873
1305031456.5917 -0.6820 0.3547 -0.2601 0.0140 -0.1555 0.0112 0.9877
1305031456.6276 -0.6893 0.3601 -0.2550 0.0009 -0.1534 0.0142 0.9881
1305031456.6916 -0.7251 0.3454 -0.2300 -0.0133 -0.1435 0.0275 0.9892
1305031456.7277 -0.7417 0.3618 -0.2269 -0.0137 -0.1426 0.0387 0.9889
1305031456.7916 -0.7792 0.3484 -0.2164 -0.0176 -0.1508 0.0481 0.9872
1305031456.8276 -0.7861 0.3559 -0.2097 -0.0206 -0.1564 0.0578 0.9858
1305031456.8917 -0.8146 0.3561 -0.1858 -0.0279 -0.1534 0.0696 0.9853
1305031456.9277 -0.8223 0.3555 -0.1827 -0.0259 -0.1496 0.0742 0.9856
1305031456.9597 -0.8353 0.3597 -0.1848 -0.0298 -0.1433 0.0801 0.9860
1305031456.9917 -0.8517 0.3539 -0.1752 -0.0397 -0.1384 0.0803 0.9863
1305031457.0276 -0.8630 0.3529 -0.1766 -0.0424 -0.1342 0.0847 0.9864
1305031457.0917 -0.8899 0.3589 -0.1735 -0.0531 -0.1243 0.0904 0.9867
1305031457.1276 -0.8940 0.3523 -0.1736 -0.0571 -0.1220 0.0925 0.9866
1305031457.1917 -0.9290 0.3506 -0.1892 -0.0568 -0.1009 0.1046 0.9877
1305031457.2275 -0.9326 0.3426 -0.1977 -0.0644 -0.0977 0.1110 0.9869
1305031457.2917 -0.9457 0.3380 -0.2133 -0.0556 -0.0860 0.1256 0.9868
1305031457.3275 -0.9606 0.3429 -0.2255 -0.0519 -0.0738 0.1317 0.9872
1305031457.3917 -0.9820 0.3242 -0.2476 -0.0528 -0.0522 0.1457 0.9865
1305031457.4276 -1.0057 0.3217 -0.2659 -0.0498 -0.0391 0.1520 0.9863
1305031457.4917 -1.0342 0.2992 -0.2841 -0.0541 -0.0306 0.1579 0.9855
1305031457.5276 -1.0314 0.2935 -0.3000 -0.0503 -0.0318 0.1654 0.9844
1305031457.5597 -1.0382 0.2945 -0.3086 -0.0461 -0.0280 0.1685 0.9842
1305031457.5917 -1.0571 0.2923 -0.3227 -0.0412 -0.0202 0.1738 0.9837
1305031457.6275 -1.0630 0.2848 -0.3286 -0.0421 -0.0192 0.1760 0.9833
1305031457.6596 -1.0787 0.2860 -0.3425 -0.0376 -0.0163 0.1808 0.9827
1305031457.6916 -1.0964 0.2765 -0.3444 -0.0427 -0.0138 0.1806 0.9825
1305031457.7277 -1.1025 0.2596 -0.3518 -0.0468 -0.0124 0.1803 0.9824
1305031457.7596 -1.1081 0.2344 -0.3652 -0.0499 -0.0109 0.1778 0.9827
1305031457.7916 -1.1057 0.2076 -0.3698 -0.0486 -0.0083 0.1772 0.9829
1305031457.8277 -1.1142 0.2120 -0.3809 -0.0366 -0.0007 0.1798 0.9830
1305031457.8596 -1.1218 0.2071 -0.3852 -0.0344 0.0058 0.1818 0.9827
1305031457.8916 -1.1299 0.1884 -0.3906 -0.0281 0.0126 0.1818 0.9829
1305031457.9276 -1.1420 0.1909 -0.3942 -0.0122 0.0178 0.1884 0.9819
1305031457.9916 -1.1662 0.1623 -0.4070 -0.0041 0.0223 0.1934 0.9809
1305031458.0278 -1.1692 0.1565 -0.4093 0.0062 0.0253 0.1972 0.9800
1305031458.0597 -1.1773 0.1594 -0.4157 0.0140 0.0291 0.1988 0.9795
1305031458.0917 -1.1867 0.1549 -0.4147 0.0129 0.0322 0.1993 0.9793
1305031458.1276 -1.1973 0.1503 -0.4079 0.0123 0.0353 0.2002 0.9790
1305031458.1596 -1.2065 0.1277 -0.4168 0.0073 0.0376 0.2001 0.9790
1305031458.1916 -1.2326 0.1234 -0.4131 0.0084 0.0416 0.2015 0.9786
1305031458.2276 -1.2649 0.1055 -0.3899 -0.0012 0.0464 0.2002 0.9787
1305031458.2599 -1.2687 0.0722 -0.3750 -0.0084 0.0422 0.1992 0.9790
1305031458.2917 -1.3022 0.0571 -0.3521 -0.0030 0.0453 0.1972 0.9793
1305031458.3276 -1.3209 0.0449 -0.3366 -0.0028 0.0421 0.1999 0.9789
1305031458.3596 -1.3364 0.0119 -0.3216 -0.0038 0.0406 0.1981 0.9793
1305031458.3916 -1.3530 0.0176 -0.3013 0.0116 0.0415 0.2041 0.9780
1305031458.4276 -1.3642 0.0228 -0.2785 0.0213 0.0425 0.2146 0.9755
1305031458.4596 -1.3637 0.0070 -0.2730 0.0265 0.0465 0.2220 0.9736
1305031458.4917 -1.3554 -0.0117 -0.2668 0.0397 0.0527 0.2244 0.9723
1305031458.5277 -1.3628 -0.0175 -0.2548 0.0529 0.0634 0.2302 0.9696
1305031458.5596 -1.3584 -0.0134 -0.2402 0.0587 0.0667 0.2320 0.9687
1305031458.5916 -1.3644 -0.0385 -0.2343 0.0595 0.0726 0.2279 0.9692
1305031458.6277 -1.3719 -0.0261 -0.2262 0.0627 0.0722 0.2266 0.9693
1305031458.6596 -1.3840 -0.0175 -0.2055 0.0611 0.0684 0.2233 0.9704
1305031458.6917 -1.4038 -0.0042 -0.1759 0.0648 0.0571 0.2136 0.9731
1305031458.7276 -1.4077 -0.0020 -0.1502 0.0685 0.0440 0.2024 0.9759
1305031458.7599 -1.4259 -0.0067 -0.1332 0.0737 0.0342 0.1921 0.9780
1305031458.7916 -1.4255 0.0117 -0.1045 0.0802 0.0182 0.1838 0.9795
1305031458.8276 -1.4358 0.0097 -0.0808 0.0772 0.0141 0.1780 0.9809
1305031458.8917 -1.4349 -0.0013 -0.0602 0.0830 0.0114 0.1678 0.9822
1305031458.9276 -1.4448 0.0045 -0.0626 0.0836 0.0165 0.1698 0.9818
1305031458.9596 -1.4504 -0.0006 -0.0595 0.0776 0.0208 0.1785 0.9807
1305031458.9916 -1.4554 -0.0272 -0.0559 0.0738 0.0243 0.1831 0.9800
1305031459.0277 -1.4800 -0.0330 -0.0435 0.0844 0.0263 0.1831 0.9791
1305031459.0596 -1.4978 -0.0522 -0.0379 0.0894 0.0209 0.1929 0.9769
1305031459.1276 -1.4767 -0.0368 -0.0473 0.0984 0.0125 0.1916 0.9764
1305031459.1596 -1.4821 -0.0358 -0.0279 0.1097 -0.0132 0.1920 0.9752
1305031459.1917 -1.4825 -0.0280 -0.0016 0.1188 -0.0342 0.1985 0.9723
1305031459.2276 -1.4827 -0.0266 0.0154 0.1228 -0.0506 0.2056 0.9696
1305031459.2598 -1.4935 -0.0152 0.0363 0.1261 -0.0528 0.2130 0.9674
1305031459.3276 -1.5141 -0.0084 0.0670 0.1222 -0.0184 0.2321 0.9648
1305031459.3597 -1.5162 -0.0037 0.0767 0.1225 0.0023 0.2536 0.9595
1305031459.3917 -1.5354 0.0177 0.0851 0.1203 0.0296 0.2771 0.9528
1305031459.4276 -1.5346 0.0191 0.0925 0.1009 0.0603 0.3118 0.9429
1305031459.4597 -1.5534 0.0178 0.0910 0.0935 0.0964 0.3489 0.9275
1305031459.5276 -1.5796 0.0351 0.1058 0.0993 0.1088 0.3349 0.9307
1305031459.5596 -1.5903 0.0301 0.1007 0.0902 0.1212 0.3631 0.9194
1305031459.5917 -1.6090 0.0273 0.0996 0.0850 0.1293 0.3808 0.9116
1305031459.6276 -1.6149 0.0290 0.1033 0.0823 0.1282 0.3903 0.9080
1305031459.6596 -1.6203 0.0315 0.1052 0.0832 0.1314 0.3905 0.9074
1305031459.6916 -1.6430 0.0295 0.1122 0.0798 0.1463 0.3931 0.9043
1305031459.7276 -1.6485 0.0167 0.1091 0.0731 0.1507 0.3973 0.9023
1305031459.7917 -1.6870 -0.0121 0.1063 0.0732 0.1641 0.3901 0.9031
1305031459.8277 -1.7029 -0.0276 0.1093 0.0712 0.1659 0.3896 0.9031
1305031459.8597 -1.7252 -0.0442 0.1112 0.0676 0.1686 0.3878 0.9037
1305031459.8916 -1.7431 -0.0571 0.1182 0.0648 0.1683 0.3877 0.9040
1305031459.9276 -1.7530 -0.0747 0.1217 0.0625 0.1666 0.3906 0.9032
1305031459.9917 -1.7675 -0.1086 0.1205 0.0539 0.1608 0.4022 0.8997
1305031460.0276 -1.7760 -0.1201 0.1290 0.0531 0.1625 0.4040 0.8986
1305031460.0597 -1.7901 -0.1425 0.1310 0.0505 0.1656 0.4071 0.8968
1305031460.0917 -1.8066 -0.1655 0.1332 0.0494 0.1653 0.4107 0.8953
1305031460.1277 -1.8105 -0.1665 0.1431 0.0581 0.1545 0.4169 0.8938
1305031460.1597 -1.8234 -0.1788 0.1452 0.0627 0.1490 0.4224 0.8919
1305031460.1916 -1.8193 -0.1787 0.1591 0.0645 0.1391 0.4283 0.8905
1305031460.2278 -1.8227 -0.1802 0.1691 0.0675 0.1404 0.4274 0.8905
1305031460.2917 -1.8237 -0.1975 0.1771 0.0706 0.1543 0.4276 0.8879
1305031460.3275 -1.8283 -0.2011 0.1854 0.0742 0.1621 0.4284 0.8858
1305031460.3916 -1.8280 -0.2070 0.1945 0.0715 0.1777 0.4341 0.8803
1305031460.4275 -1.8338 -0.2184 0.2043 0.0695 0.1909 0.4385 0.8755
1305031460.4596 -1.8357 -0.2134 0.2167 0.0711 0.2025 0.4403 0.8718
1305031460.4915 -1.8427 -0.2260 0.2204 0.0629 0.2195 0.4458 0.8655
1305031460.5276 -1.8436 -0.2365 0.2250 0.0547 0.2312 0.4532 0.8591
1305031460.5596 -1.8461 -0.2512 0.2282 0.0466 0.2421 0.4567 0.8548
1305031460.5919 -1.8498 -0.2614 0.2349 0.0429 0.2508 0.4577 0.8519
1305031460.6276 -1.8505 -0.2676 0.2392 0.0410 0.2575 0.4597 0.8489
1305031460.6598 -1.8599 -0.2786 0.2441 0.0394 0.2667 0.4579 0.8471
1305031460.6917 -1.8649 -0.2876 0.2473 0.0365 0.2703 0.4585 0.8458
1305031460.7277 -1.8646 -0.2919 0.2517 0.0338 0.2710 0.4595 0.8452
1305031460.7597 -1.8684 -0.2968 0.2555 0.0335 0.2751 0.4567 0.8453
1305031460.7917 -1.8701 -0.3055 0.2590 0.0307 0.2775 0.4564 0.8448
1305031460.8277 -1.8730 -0.3096 0.2652 0.0287 0.2795 0.4550 0.8450
1305031460.8597 -1.8739 -0.3174 0.2702 0.0244 0.2827 0.4537 0.8448
1305031460.8918 -1.8753 -0.3284 0.2795 0.0185 0.2879 0.4515 0.8443
1305031460.9276 -1.8767 -0.3342 0.2846 0.0158 0.2892 0.4509 0.8443
1305031460.9917 -1.8659 -0.3624 0.2926 0.0103 0.2924 0.4550 0.8410
1305031461.0276 -1.8646 -0.3673 0.3014 0.0118 0.2943 0.4556 0.8400
1305031461.0917 -1.8655 -0.3903 0.3213 0.0105 0.2955 0.4540 0.8405
1305031461.1276 -1.8662 -0.3972 0.3298 0.0099 0.2980 0.4517 0.8409
1305031461.1597 -1.8635 -0.4050 0.3387 0.0114 0.3003 0.4489 0.8416
1305031461.1920 -1.8638 -0.4094 0.3459 0.0128 0.3022 0.4431 0.8439
1305031461.2276 -1.8617 -0.4140 0.3506 0.0124 0.3035 0.4419 0.8441
1305031461.2596 -1.8621 -0.4134 0.3606 0.0173 0.3051 0.4380 0.8455
1305031461.2917 -1.8648 -0.4168 0.3692 0.0188 0.3083 0.4315 0.8476
1305031461.3278 -1.8618 -0.4205 0.3735 0.0189 0.3108 0.4270 0.8490
1305031461.3597 -1.8644 -0.4167 0.3788 0.0194 0.3138 0.4250 0.8488
1305031461.3917 -1.8577 -0.4283 0.3860 0.0105 0.3145 0.4250 0.8487
1305031461.4276 -1.8535 -0.4300 0.3888 0.0103 0.3148 0.4238 0.8492
1305031461.4598 -1.8582 -0.4262 0.3961 0.0104 0.3174 0.4230 0.8487
1305031461.4917 -1.8492 -0.4325 0.4014 0.0066 0.3179 0.4231 0.8485
1305031461.5277 -1.8497 -0.4263 0.4038 0.0137 0.3199 0.4216 0.8484
1305031461.5597 -1.8440 -0.4196 0.4035 0.0147 0.3195 0.4196 0.8495
1305031461.5917 -1.8373 -0.4108 0.3934 0.0148 0.3226 0.4152 0.8505
1305031461.6275 -1.8405 -0.4014 0.3955 0.0160 0.3305 0.4135 0.8483
1305031461.6596 -1.8407 -0.4034 0.3996 0.0129 0.3380 0.4133 0.8455
1305031461.6916 -1.8432 -0.3993 0.4013 0.0124 0.3423 0.4166 0.8421
1305031461.7276 -1.8396 -0.3923 0.4019 0.0116 0.3435 0.4204 0.8397
1305031461.7597 -1.8391 -0.3898 0.3968 0.0104 0.3450 0.4222 0.8382
1305031461.7916 -1.8361 -0.3729 0.4004 0.0104 0.3499 0.4254 0.8346
1305031461.8276 -1.8315 -0.3624 0.3931 0.0090 0.3518 0.4296 0.8316
1305031461.8598 -1.8378 -0.3516 0.3878 0.0095 0.3578 0.4369 0.8253
1305031461.8917 -1.8538 -0.3389 0.3990 0.0069 0.3682 0.4431 0.8173
1305031461.9278 -1.8446 -0.3328 0.3926 -0.0008 0.3624 0.4597 0.8108
1305031461.9597 -1.8318 -0.3085 0.3722 -0.0019 0.3560 0.4657 0.8102
1305031461.9916 -1.8527 -0.3002 0.3855 -0.0109 0.3719 0.4657 0.8029
1305031462.0277 -1.8570 -0.3051 0.3985 -0.0268 0.3777 0.4750 0.7944
1305031462.0598 -1.8616 -0.2956 0.4037 -0.0292 0.3745 0.4857 0.7893
1305031462.0918 -1.8564 -0.2871 0.3965 -0.0342 0.3635 0.4984 0.7863
1305031462.1277 -1.8508 -0.2715 0.3909 -0.0343 0.3538 0.5119 0.7820
1305031462.1596 -1.8528 -0.2585 0.3838 -0.0350 0.3473 0.5197 0.7798
1305031462.1916 -1.8577 -0.2518 0.3898 -0.0378 0.3488 0.5184 0.7799
1305031462.2276 -1.8732 -0.2469 0.3887 -0.0435 0.3518 0.5157 0.7800
1305031462.2598 -1.8867 -0.2378 0.3943 -0.0463 0.3538 0.5116 0.7816
1305031462.2916 -1.8977 -0.2354 0.4005 -0.0545 0.3549 0.5063 0.7841
1305031462.3275 -1.9076 -0.2343 0.4115 -0.0637 0.3583 0.5015 0.7849
1305031462.3597 -1.9317 -0.2089 0.4165 -0.0556 0.3595 0.4954 0.7888
1305031462.3917 -1.9366 -0.1994 0.4213 -0.0629 0.3535 0.4988 0.7889
1305031462.4276 -1.9675 -0.1901 0.4471 -0.0638 0.3649 0.4907 0.7887
1305031462.4599 -1.9720 -0.1864 0.4548 -0.0748 0.3577 0.4871 0.7932
1305031462.4920 -1.9831 -0.1782 0.4808 -0.0813 0.3602 0.4815 0.7949
1305031462.5277 -2.0036 -0.1642 0.4907 -0.0797 0.3615 0.4712 0.8006
1305031462.5599 -1.9971 -0.1337 0.4860 -0.0773 0.3426 0.4605 0.8152
1305031462.5919 -2.0078 -0.1212 0.4938 -0.0741 0.3455 0.4494 0.8205
1305031462.6279 -2.0094 -0.1190 0.4961 -0.0792 0.3434 0.4423 0.8247
1305031462.6597 -2.0188 -0.0809 0.5044 -0.0602 0.3409 0.4261 0.8358
1305031462.6925 -2.0188 -0.0815 0.4779 -0.0674 0.3304 0.4203 0.8424
1305031462.7277 -2.0263 -0.0670 0.4712 -0.0664 0.3249 0.4029 0.8531
1305031462.7598 -2.0319 -0.0591 0.4805 -0.0674 0.3245 0.3894 0.8594
1305031462.7919 -2.0285 -0.0601 0.4836 -0.0744 0.3197 0.3844 0.8628
1305031462.8278 -2.0305 -0.0599 0.4838 -0.0809 0.3165 0.3792 0.8657
1305031462.8598 -2.0282 -0.0534 0.4721 -0.0878 0.3119 0.3729 0.8695
1305031462.8918 -2.0296 -0.0314 0.4583 -0.0823 0.3081 0.3687 0.8731
1305031462.9276 -2.0281 -0.0352 0.4492 -0.0884 0.3077 0.3712 0.8716
1305031462.9597 -2.0265 -0.0328 0.4468 -0.0894 0.3064 0.3696 0.8726
1305031462.9955 -2.0248 -0.0242 0.4429 -0.0856 0.3041 0.3672 0.8748
1305031463.0277 -2.0217 -0.0174 0.4293 -0.0824 0.3004 0.3647 0.8775
1305031463.0598 -2.0307 -0.0174 0.4126 -0.0801 0.3001 0.3480 0.8845
1305031463.0958 -2.0320 -0.0140 0.4087 -0.0799 0.2996 0.3433 0.8866
1305031463.1275 -2.0293 0.0022 0.4024 -0.0745 0.2966 0.3352 0.8911
1305031463.1598 -2.0324 0.0086 0.3745 -0.0703 0.2961 0.3196 0.8973
1305031463.1957 -2.0302 0.0050 0.3701 -0.0759 0.2967 0.3150 0.8983
1305031463.2278 -2.0234 0.0263 0.3605 -0.0698 0.2931 0.3071 0.9027
1305031463.2600 -2.0295 0.0271 0.3514 -0.0664 0.2979 0.3018 0.9032
1305031463.2957 -2.0266 0.0340 0.3402 -0.0649 0.2981 0.3004 0.9037
1305031463.3277 -2.0225 0.0363 0.3375 -0.0659 0.2967 0.2978 0.9049
1305031463.3598 -2.0218 0.0400 0.3239 -0.0614 0.2954 0.2949 0.9066
1305031463.3956 -2.0306 0.0420 0.3295 -0.0587 0.3012 0.2924 0.9057
1305031463.4277 -2.0208 0.0533 0.3230 -0.0570 0.2981 0.2879 0.9083
1305031463.4598 -2.0128 0.0662 0.3118 -0.0561 0.2981 0.2849 0.9093
1305031463.4956 -2.0045 0.0769 0.3045 -0.0549 0.2994 0.2849 0.9089
1305031463.5277 -1.9998 0.1036 0.2959 -0.0479 0.3062 0.2723 0.9109
1305031463.5598 -1.9910 0.1173 0.2889 -0.0409 0.3091 0.2737 0.9099
1305031463.5956 -1.9843 0.1222 0.2834 -0.0406 0.3099 0.2749 0.9093
1305031463.6276 -1.9738 0.1284 0.2705 -0.0374 0.3096 0.2659 0.9122
1305031463.6598 -1.9680 0.1257 0.2531 -0.0328 0.3139 0.2601 0.9126
1305031463.6956 -1.9607 0.1369 0.2422 -0.0266 0.3138 0.2571 0.9136
1305031463.7276 -1.9544 0.1407 0.2275 -0.0272 0.3166 0.2489 0.9149
1305031463.7597 -1.9371 0.1246 0.2046 -0.0281 0.3170 0.2471 0.9152
1305031463.7956 -1.9280 0.1288 0.1795 -0.0223 0.3171 0.2353 0.9185
1305031463.8278 -1.9190 0.1255 0.1574 -0.0244 0.3169 0.2245 0.9212
1305031463.8599 -1.9017 0.1171 0.1372 -0.0229 0.3162 0.2181 0.9230
1305031463.8956 -1.8998 0.1106 0.1144 -0.0226 0.3187 0.2043 0.9253
1305031463.9277 -1.8991 0.1100 0.1012 -0.0209 0.3192 0.1988 0.9264
1305031463.9597 -1.8818 0.0976 0.0766 -0.0214 0.3119 0.1923 0.9302
1305031463.9958 -1.8833 0.1025 0.0682 -0.0136 0.3131 0.1801 0.9324
1305031464.0277 -1.8877 0.1029 0.0578 -0.0112 0.3149 0.1698 0.9338
1305031464.0597 -1.8769 0.0887 0.0360 -0.0148 0.3123 0.1599 0.9363
1305031464.0956 -1.8754 0.0671 0.0190 -0.0181 0.3146 0.1477 0.9375
1305031464.1277 -1.8882 0.0719 0.0166 -0.0118 0.3203 0.1383 0.9371
1305031464.1598 -1.8914 0.0564 0.0125 -0.0091 0.3210 0.1348 0.9374
1305031464.1956 -1.8942 0.0501 0.0009 0.0013 0.3164 0.1274 0.9400
1305031464.2276 -1.8975 0.0568 -0.0033 0.0137 0.3103 0.1182 0.9432
1305031464.2596 -1.8975 0.0657 -0.0032 0.0230 0.2973 0.1168 0.9473
1305031464.2957 -1.8980 0.0591 -0.0097 0.0219 0.2828 0.1119 0.9524
1305031464.3279 -1.8834 0.0596 -0.0196 0.0223 0.2683 0.1033 0.9575
1305031464.3597 -1.8742 0.0485 -0.0287 0.0215 0.2604 0.0956 0.9605
1305031464.3956 -1.8608 0.0494 -0.0472 0.0256 0.2530 0.0857 0.9633
1305031464.4276 -1.8578 0.0434 -0.0585 0.0248 0.2534 0.0775 0.9639
1305031464.4597 -1.8631 0.0370 -0.0749 0.0252 0.2536 0.0670 0.9647
1305031464.4956 -1.8521 0.0344 -0.0861 0.0255 0.2506 0.0613 0.9658
1305031464.5276 -1.8564 0.0267 -0.1050 0.0244 0.2524 0.0542 0.9658
1305031464.5597 -1.8436 0.0210 -0.1232 0.0206 0.2491 0.0449 0.9672
1305031464.5957 -1.8247 0.0000 -0.1458 0.0175 0.2499 0.0320 0.9676
1305031464.6277 -1.8169 -0.0045 -0.1669 0.0288 0.2602 0.0236 0.9648
1305031464.6597 -1.8101 -0.0133 -0.1828 0.0382 0.2712 0.0120 0.9617
1305031464.6957 -1.8009 -0.0331 -0.1932 0.0456 0.2802 -0.0073 0.9588
1305031464.7277 -1.8121 -0.0466 -0.2136 0.0594 0.2850 -0.0247 0.9564
1305031464.7597 -1.8064 -0.0397 -0.2217 0.0736 0.2830 -0.0411 0.9554
1305031464.7960 -1.8142 -0.0625 -0.2319 0.0730 0.2798 -0.0593 0.9554
1305031464.8278 -1.8055 -0.0531 -0.2217 0.0848 0.2666 -0.0757 0.9571
1305031464.8597 -1.8042 -0.0371 -0.2038 0.0913 0.2536 -0.0965 0.9581
1305031464.8958 -1.7822 -0.0519 -0.2127 0.0824 0.2349 -0.1146 0.9617
1305031464.9278 -1.7565 -0.0754 -0.2272 0.0746 0.2184 -0.1307 0.9642
1305031464.9598 -1.7435 -0.0978 -0.2354 0.0716 0.2111 -0.1485 0.9635
1305031464.9957 -1.7322 -0.0983 -0.2256 0.0756 0.2094 -0.1687 0.9602
1305031465.0278 -1.7287 -0.0922 -0.2083 0.0781 0.2113 -0.1909 0.9554
1305031465.0597 -1.7343 -0.0710 -0.1882 0.0839 0.2109 -0.2110 0.9508
1305031465.0957 -1.7058 -0.0421 -0.1797 0.0810 0.1969 -0.2260 0.9506
1305031465.1277 -1.6879 -0.0321 -0.1469 0.0629 0.1881 -0.2375 0.9509
1305031465.1598 -1.6674 -0.0492 -0.1276 0.0409 0.1780 -0.2422 0.9529
1305031465.1956 -1.6449 -0.0551 -0.1071 0.0241 0.1683 -0.2476 0.9538
1305031465.2279 -1.6202 -0.0576 -0.0919 0.0093 0.1600 -0.2531 0.9541
1305031465.2598 -1.6016 -0.0566 -0.0751 -0.0038 0.1539 -0.2505 0.9558
1305031465.2956 -1.5842 -0.0526 -0.0570 -0.0084 0.1466 -0.2404 0.9595
1305031465.3277 -1.5720 -0.0394 -0.0555 -0.0152 0.1375 -0.2301 0.9633
1305031465.3599 -1.5689 -0.0369 -0.0387 -0.0196 0.1284 -0.2182 0.9672
1305031465.3956 -1.5317 -0.0417 -0.0346 -0.0204 0.1074 -0.2058 0.9725
1305031465.4277 -1.5043 -0.0368 -0.0311 -0.0173 0.0942 -0.1962 0.9759
1305031465.4601 -1.4829 -0.0315 -0.0378 -0.0141 0.0838 -0.1860 0.9789
1305031465.4957 -1.4532 -0.0249 -0.0423 -0.0158 0.0726 -0.1730 0.9821
1305031465.5276 -1.4350 -0.0287 -0.0430 -0.0184 0.0651 -0.1679 0.9835
1305031465.5598 -1.4194 -0.0269 -0.0485 -0.0151 0.0585 -0.1646 0.9845
1305031465.5956 -1.4016 -0.0174 -0.0521 -0.0094 0.0547 -0.1587 0.9858
1305031465.6277 -1.3931 -0.0108 -0.0599 -0.0059 0.0530 -0.1539 0.9866
1305031465.6601 -1.3798 -0.0052 -0.0658 -0.0029 0.0467 -0.1480 0.9879
1305031465.6957 -1.3631 0.0002 -0.0714 0.0011 0.0410 -0.1448 0.9886
1305031465.7277 -1.3464 0.0119 -0.0765 0.0086 0.0378 -0.1389 0.9896
1305031465.7598 -1.3290 0.0268 -0.0837 0.0168 0.0337 -0.1334 0.9903
1305031465.7959 -1.3124 0.0340 -0.0909 0.0215 0.0317 -0.1295 0.9908
1305031465.8280 -1.2910 0.0395 -0.0986 0.0276 0.0270 -0.1261 0.9913
1305031465.8599 -1.2693 0.0624 -0.1110 0.0410 0.0243 -0.1243 0.9911
1305031465.8955 -1.2324 0.0681 -0.1135 0.0436 0.0242 -0.1225 0.9912
1305031465.9275 -1.2071 0.0715 -0.1192 0.0489 0.0290 -0.1226 0.9908
1305031465.9597 -1.1843 0.0863 -0.1255 0.0606 0.0350 -0.1257 0.9896
1305031465.9958 -1.1681 0.0968 -0.1348 0.0668 0.0417 -0.1265 0.9888
1305031466.0276 -1.1476 0.1027 -0.1472 0.0703 0.0405 -0.1278 0.9885
1305031466.0598 -1.1197 0.1277 -0.1656 0.0721 0.0395 -0.1262 0.9886
1305031466.0958 -1.1053 0.1462 -0.1705 0.0697 0.0387 -0.1257 0.9889
1305031466.1276 -1.0930 0.1613 -0.1763 0.0642 0.0363 -0.1266 0.9892
1305031466.1604 -1.0845 0.1769 -0.1866 0.0609 0.0344 -0.1239 0.9898
1305031466.1958 -1.0680 0.1891 -0.1955 0.0530 0.0267 -0.1222 0.9907
1305031466.2280 -1.0498 0.1912 -0.1948 0.0388 0.0193 -0.1249 0.9912
1305031466.2598 -1.0319 0.1837 -0.2087 0.0346 0.0161 -0.1289 0.9909
1305031466.2957 -1.0069 0.1880 -0.2230 0.0371 0.0173 -0.1387 0.9895
1305031466.3277 -0.9870 0.1931 -0.2392 0.0384 0.0240 -0.1472 0.9881
1305031466.3598 -0.9773 0.1967 -0.2554 0.0339 0.0340 -0.1546 0.9868
1305031466.3958 -0.9644 0.1823 -0.2723 0.0307 0.0347 -0.1551 0.9868
1305031466.4278 -0.9606 0.1920 -0.2835 0.0367 0.0343 -0.1606 0.9857
1305031466.4598 -0.9476 0.2064 -0.2926 0.0386 0.0310 -0.1642 0.9852
1305031466.4958 -0.9333 0.2078 -0.3055 0.0346 0.0285 -0.1640 0.9854
1305031466.5275 -0.9098 0.2058 -0.3145 0.0341 0.0277 -0.1648 0.9853
1305031466.5604 -0.8862 0.2140 -0.3280 0.0352 0.0294 -0.1661 0.9850
1305031466.5959 -0.8673 0.2131 -0.3390 0.0239 0.0306 -0.1703 0.9846
1305031466.6275 -0.8406 0.2008 -0.3345 0.0189 0.0301 -0.1750 0.9839
1305031466.6597 -0.8196 0.1987 -0.3472 0.0235 0.0312 -0.1787 0.9831
1305031466.6958 -0.8041 0.2084 -0.3608 0.0254 0.0305 -0.1838 0.9822
1305031466.7281 -0.7916 0.2134 -0.3615 0.0194 0.0312 -0.1946 0.9802
1305031466.7596 -0.7682 0.2021 -0.3612 0.0193 0.0290 -0.2015 0.9789
1305031466.7956 -0.7608 0.2059 -0.3764 0.0235 0.0287 -0.2056 0.9779
1305031466.8279 -0.7441 0.2084 -0.3882 0.0206 0.0250 -0.2068 0.9779
1305031466.8597 -0.7421 0.2039 -0.3876 0.0179 0.0236 -0.2069 0.9779
1305031466.8957 -0.7288 0.1969 -0.3953 0.0160 0.0125 -0.2059 0.9784
1305031466.9278 -0.7100 0.1967 -0.4021 0.0146 -0.0028 -0.2099 0.9776
1305031466.9597 -0.7015 0.1919 -0.4109 0.0133 -0.0099 -0.2117 0.9772
1305031466.9957 -0.6940 0.1882 -0.4178 0.0123 -0.0121 -0.2145 0.9766
1305031467.0278 -0.6903 0.1874 -0.4258 0.0120 -0.0127 -0.2180 0.9758
1305031467.0597 -0.6716 0.1822 -0.4355 0.0112 -0.0162 -0.2194 0.9754
1305031467.0957 -0.6600 0.1801 -0.4346 0.0099 -0.0171 -0.2228 0.9747
1305031467.1290 -0.6609 0.1864 -0.4280 0.0113 -0.0154 -0.2289 0.9733
1305031467.1597 -0.6542 0.1792 -0.4327 0.0098 -0.0181 -0.2334 0.9722
1305031467.1957 -0.6444 0.1835 -0.4368 0.0119 -0.0214 -0.2355 0.9716
1305031467.2277 -0.6367 0.1763 -0.4426 0.0097 -0.0257 -0.2398 0.9704
1305031467.2597 -0.6297 0.1745 -0.4437 0.0101 -0.0292 -0.2438 0.9693
1305031467.2958 -0.6252 0.1769 -0.4463 0.0112 -0.0314 -0.2477 0.9683
1305031467.3280 -0.6189 0.1787 -0.4496 0.0119 -0.0345 -0.2506 0.9674
1305031467.3597 -0.6052 0.1849 -0.4551 0.0108 -0.0392 -0.2510 0.9671
1305031467.3958 -0.5940 0.1880 -0.4636 0.0072 -0.0438 -0.2547 0.9660
1305031467.4278 -0.5879 0.1842 -0.4711 0.0056 -0.0471 -0.2574 0.9651
1305031467.4597 -0.5802 0.1846 -0.4781 0.0051 -0.0509 -0.2572 0.9650
1305031467.4961 -0.5633 0.1986 -0.4869 0.0047 -0.0564 -0.2614 0.9636
1305031467.5277 -0.5512 0.1995 -0.4900 0.0033 -0.0586 -0.2654 0.9624
1305031467.5598 -0.5419 0.1946 -0.4884 0.0030 -0.0599 -0.2649 0.9624
1305031467.5960 -0.5373 0.1906 -0.4942 0.0024 -0.0602 -0.2644 0.9625
1305031467.6275 -0.5255 0.1939 -0.4829 0.0055 -0.0662 -0.2621 0.9628
1305031467.6596 -0.5212 0.1801 -0.4729 0.0073 -0.0712 -0.2607 0.9628
1305031467.6959 -0.5159 0.1757 -0.4732 0.0098 -0.0737 -0.2635 0.9618
1305031467.7275 -0.5128 0.1700 -0.4719 0.0121 -0.0743 -0.2681 0.9605
1305031467.7599 -0.5089 0.1648 -0.4620 0.0157 -0.0766 -0.2706 0.9595
1305031467.7961 -0.5027 0.1678 -0.4589 0.0217 -0.0780 -0.2757 0.9578
1305031467.8278 -0.5080 0.1560 -0.4443 0.0236 -0.0783 -0.2767 0.9575
1305031467.8597 -0.5042 0.1606 -0.4431 0.0352 -0.0819 -0.2770 0.9567
1305031467.8959 -0.5085 0.1545 -0.4235 0.0384 -0.0858 -0.2794 0.9556
1305031467.9278 -0.5084 0.1542 -0.4021 0.0426 -0.0905 -0.2824 0.9541
1305031467.9598 -0.5042 0.1422 -0.3837 0.0475 -0.0961 -0.2851 0.9525
1305031467.9958 -0.5024 0.1450 -0.3793 0.0511 -0.0962 -0.2867 0.9518
1305031468.0281 -0.5015 0.1361 -0.3594 0.0503 -0.0960 -0.2893 0.9511
1305031468.0598 -0.5016 0.1201 -0.3408 0.0523 -0.0988 -0.2935 0.9494
1305031468.0959 -0.4993 0.1156 -0.3388 0.0536 -0.1002 -0.2927 0.9494
1305031468.1278 -0.4980 0.1060 -0.3215 0.0527 -0.1015 -0.2931 0.9492
1305031468.1599 -0.4927 0.0989 -0.3059 0.0543 -0.1040 -0.2946 0.9484
1305031468.1960 -0.4877 0.0943 -0.2936 0.0554 -0.1038 -0.2972 0.9475
1305031468.2282 -0.4837 0.0808 -0.2778 0.0541 -0.1036 -0.2968 0.9478
1305031468.2598 -0.4746 0.0667 -0.2607 0.0544 -0.1032 -0.2962 0.9480
1305031468.2958 -0.4633 0.0502 -0.2463 0.0539 -0.1037 -0.2965 0.9479
1305031468.3278 -0.4557 0.0269 -0.2193 0.0541 -0.1054 -0.2940 0.9484
1305031468.3598 -0.4446 0.0103 -0.2165 0.0578 -0.1048 -0.2904 0.9494
1305031468.3959 -0.4413 0.0085 -0.2075 0.0588 -0.1036 -0.2906 0.9494
1305031468.4280 -0.4399 -0.0123 -0.1919 0.0553 -0.1038 -0.2891 0.9501
1305031468.4598 -0.4386 -0.0331 -0.1853 0.0535 -0.1043 -0.2859 0.9511
1305031468.4958 -0.4345 -0.0432 -0.1782 0.0525 -0.1042 -0.2859 0.9511
1305031468.5278 -0.4379 -0.0689 -0.1563 0.0500 -0.1045 -0.2902 0.9499
1305031468.5597 -0.4537 -0.0858 -0.1590 0.0544 -0.1017 -0.3025 0.9461
1305031468.5958 -0.4516 -0.0842 -0.1588 0.0589 -0.1026 -0.3054 0.9449
1305031468.6276 -0.4602 -0.0961 -0.1567 0.0537 -0.1019 -0.3062 0.9450
1305031468.6596 -0.4767 -0.1166 -0.1396 0.0524 -0.1043 -0.3080 0.9442
1305031468.6958 -0.4976 -0.1436 -0.1382 0.0504 -0.1071 -0.3131 0.9423
1305031468.7278 -0.5091 -0.1414 -0.1341 0.0594 -0.1100 -0.3193 0.9394
1305031468.7596 -0.5170 -0.1490 -0.1262 0.0602 -0.1127 -0.3189 0.9391
1305031468.7958 -0.5276 -0.1704 -0.1261 0.0623 -0.1156 -0.3248 0.9366
1305031468.8292 -0.5444 -0.1817 -0.1282 0.0683 -0.1153 -0.3321 0.9337
1305031468.8597 -0.5432 -0.1814 -0.1298 0.0726 -0.1151 -0.3372 0.9315
1305031468.8959 -0.5372 -0.1931 -0.1183 0.0714 -0.1124 -0.3390 0.9313
1305031468.9281 -0.5398 -0.2021 -0.1226 0.0685 -0.1065 -0.3352 0.9336
1305031468.9596 -0.5551 -0.2065 -0.1175 0.0631 -0.0979 -0.3319 0.9361
1305031468.9957 -0.5546 -0.1916 -0.1100 0.0549 -0.0921 -0.3365 0.9356
1305031469.0277 -0.5562 -0.2112 -0.1002 0.0314 -0.0886 -0.3379 0.9365
1305031469.0598 -0.5692 -0.2176 -0.0956 0.0171 -0.0826 -0.3435 0.9354
1305031469.0957 -0.5640 -0.2210 -0.0833 0.0071 -0.0826 -0.3520 0.9323
1305031469.1277 -0.5647 -0.2354 -0.0787 -0.0084 -0.0760 -0.3600 0.9298
1305031469.1597 -0.5584 -0.2501 -0.0628 -0.0207 -0.0693 -0.3647 0.9283
1305031469.1955 -0.5607 -0.2507 -0.0602 -0.0248 -0.0590 -0.3670 0.9280
1305031469.2278 -0.5655 -0.2516 -0.0454 -0.0272 -0.0528 -0.3678 0.9280
1305031469.2596 -0.5709 -0.2571 -0.0294 -0.0355 -0.0471 -0.3717 0.9265
1305031469.2968 -0.5734 -0.2613 -0.0181 -0.0398 -0.0430 -0.3741 0.9256
1305031469.3276 -0.5746 -0.2541 -0.0066 -0.0409 -0.0390 -0.3754 0.9251
1305031469.3596 -0.5645 -0.2679 0.0120 -0.0511 -0.0378 -0.3816 0.9221
1305031469.3957 -0.5534 -0.2705 0.0290 -0.0491 -0.0297 -0.3853 0.9210
1305031469.4277 -0.5560 -0.2628 0.0433 -0.0456 -0.0161 -0.3899 0.9196
1305031469.4597 -0.5567 -0.2605 0.0593 -0.0459 -0.0065 -0.3987 0.9159
1305031469.4957 -0.5622 -0.2452 0.0748 -0.0431 0.0010 -0.4014 0.9149
1305031469.5276 -0.5600 -0.2355 0.0867 -0.0444 0.0016 -0.4006 0.9152
1305031469.5596 -0.5546 -0.2271 0.1000 -0.0484 0.0016 -0.4000 0.9152
1305031469.5958 -0.5506 -0.2148 0.1150 -0.0535 0.0037 -0.3974 0.9161
1305031469.6278 -0.5486 -0.2166 0.1269 -0.0654 0.0053 -0.3985 0.9148
1305031469.6596 -0.5426 -0.1989 0.1481 -0.0674 0.0097 -0.3959 0.9157
1305031469.6956 -0.5465 -0.2014 0.1600 -0.0762 0.0142 -0.3944 0.9157
1305031469.7277 -0.5384 -0.1830 0.1726 -0.0763 0.0193 -0.3921 0.9166
1305031469.7596 -0.5408 -0.1625 0.1900 -0.0785 0.0281 -0.3887 0.9176
1305031469.7956 -0.5336 -0.1372 0.2075 -0.0783 0.0306 -0.3845 0.9193
1305031469.8275 -0.5350 -0.1310 0.2152 -0.0857 0.0288 -0.3815 0.9199
1305031469.8596 -0.5386 -0.1094 0.2379 -0.0904 0.0319 -0.3789 0.9205
1305031469.8958 -0.5333 -0.0978 0.2470 -0.0946 0.0274 -0.3762 0.9213
1305031469.9279 -0.5441 -0.0816 0.2617 -0.0999 0.0309 -0.3729 0.9220
1305031469.9598 -0.5471 -0.0657 0.2749 -0.1006 0.0279 -0.3715 0.9226
1305031469.9956 -0.5490 -0.0473 0.2852 -0.1021 0.0262 -0.3678 0.9239
1305031470.0277 -0.5574 -0.0310 0.2927 -0.1049 0.0267 -0.3669 0.9240
1305031470.0596 -0.5635 -0.0218 0.3010 -0.1108 0.0247 -0.3683 0.9227
1305031470.0959 -0.5738 -0.0039 0.3087 -0.1127 0.0278 -0.3657 0.9234
1305031470.1276 -0.5815 0.0152 0.3105 -0.1140 0.0298 -0.3625 0.9245
1305031470.1596 -0.5888 0.0322 0.3189 -0.1178 0.0302 -0.3590 0.9254
1305031470.1961 -0.5987 0.0426 0.3191 -0.1225 0.0290 -0.3570 0.9256
1305031470.2276 -0.6063 0.0520 0.3262 -0.1295 0.0277 -0.3531 0.9262
1305031470.2600 -0.6151 0.0741 0.3254 -0.1299 0.0310 -0.3482 0.9278
1305031470.2957 -0.6251 0.0898 0.3275 -0.1333 0.0342 -0.3455 0.9283
1305031470.3276 -0.6305 0.0999 0.3305 -0.1425 0.0322 -0.3413 0.9285
1305031470.3596 -0.6407 0.1152 0.3331 -0.1458 0.0318 -0.3350 0.9303
1305031470.3958 -0.6509 0.1338 0.3372 -0.1472 0.0332 -0.3318 0.9312
1305031470.4276 -0.6633 0.1456 0.3414 -0.1511 0.0324 -0.3346 0.9296
1305031470.4597 -0.6744 0.1553 0.3430 -0.1523 0.0301 -0.3348 0.9294
1305031470.4957 -0.6814 0.1658 0.3447 -0.1509 0.0270 -0.3323 0.9306
1305031470.5277 -0.6904 0.1740 0.3443 -0.1513 0.0252 -0.3327 0.9305
1305031470.5597 -0.7013 0.1900 0.3478 -0.1488 0.0283 -0.3315 0.9312
1305031470.5958 -0.7091 0.2040 0.3473 -0.1444 0.0297 -0.3287 0.9329
1305031470.6277 -0.7191 0.2140 0.3507 -0.1450 0.0318 -0.3248 0.9341
1305031470.6597 -0.7210 0.2200 0.3523 -0.1455 0.0264 -0.3210 0.9355
1305031470.6956 -0.7339 0.2353 0.3568 -0.1446 0.0317 -0.3163 0.9370
1305031470.7277 -0.7429 0.2445 0.3584 -0.1420 0.0316 -0.3145 0.9380
1305031470.7597 -0.7461 0.2469 0.3588 -0.1426 0.0316 -0.3107 0.9392
1305031470.7956 -0.7586 0.2591 0.3645 -0.1406 0.0425 -0.3065 0.9405
1305031470.8278 -0.7661 0.2710 0.3689 -0.1328 0.0437 -0.3020 0.9430
1305031470.8596 -0.7722 0.2757 0.3716 -0.1268 0.0426 -0.2955 0.9459
1305031470.8957 -0.7822 0.2908 0.3737 -0.1158 0.0452 -0.2905 0.9488
1305031470.9277 -0.7875 0.3043 0.3807 -0.1035 0.0426 -0.2844 0.9522
1305031470.9596 -0.7987 0.3100 0.3812 -0.0910 0.0388 -0.2860 0.9531
1305031470.9960 -0.8051 0.3114 0.3792 -0.0813 0.0372 -0.2833 0.9549
1305031471.0276 -0.8089 0.3162 0.3790 -0.0668 0.0358 -0.2827 0.9562
1305031471.0596 -0.8158 0.3148 0.3796 -0.0574 0.0356 -0.2800 0.9576
1305031471.0958 -0.8214 0.3173 0.3781 -0.0468 0.0338 -0.2722 0.9605
1305031471.1277 -0.8261 0.3194 0.3774 -0.0386 0.0311 -0.2658 0.9627
1305031471.1596 -0.8266 0.3214 0.3730 -0.0306 0.0279 -0.2602 0.9647
1305031471.1957 -0.8286 0.3222 0.3729 -0.0281 0.0278 -0.2554 0.9660
1305031471.2276 -0.8301 0.3252 0.3736 -0.0255 0.0282 -0.2525 0.9669
1305031471.2597 -0.8339 0.3255 0.3749 -0.0256 0.0285 -0.2498 0.9675
1305031471.2961 -0.8347 0.3262 0.3759 -0.0233 0.0281 -0.2467 0.9684
1305031471.3276 -0.8368 0.3264 0.3744 -0.0200 0.0300 -0.2434 0.9693
1305031471.3596 -0.8394 0.3303 0.3746 -0.0164 0.0358 -0.2420 0.9695
1305031471.3957 -0.8426 0.3309 0.3754 -0.0136 0.0393 -0.2370 0.9706
1305031471.4277 -0.8422 0.3292 0.3746 -0.0115 0.0370 -0.2314 0.9721
1305031471.4596 -0.8477 0.3286 0.3737 -0.0127 0.0378 -0.2284 0.9728
1305031471.4965 -0.8540 0.3320 0.3720 -0.0115 0.0394 -0.2235 0.9738
1305031471.5276 -0.8592 0.3297 0.3707 -0.0138 0.0412 -0.2197 0.9746
1305031471.5597 -0.8594 0.3310 0.3699 -0.0130 0.0410 -0.2174 0.9751
1305031471.5957 -0.8580 0.3337 0.3692 -0.0107 0.0418 -0.2163 0.9754
1305031471.6276 -0.8610 0.3346 0.3662 -0.0097 0.0453 -0.2154 0.9754
1305031471.6596 -0.8654 0.3349 0.3616 -0.0085 0.0508 -0.2125 0.9758
1305031471.6956 -0.8672 0.3389 0.3596 -0.0046 0.0540 -0.2096 0.9763
1305031471.7275 -0.8684 0.3400 0.3553 -0.0050 0.0564 -0.2078 0.9765
1305031471.7597 -0.8721 0.3313 0.3509 -0.0103 0.0621 -0.1981 0.9782
1305031471.7958 -0.8730 0.3365 0.3457 -0.0055 0.0681 -0.1923 0.9790
1305031471.8276 -0.8743 0.3400 0.3433 -0.0067 0.0711 -0.1898 0.9792
1305031471.8597 -0.8768 0.3438 0.3434 -0.0079 0.0753 -0.1795 0.9808
1305031471.8956 -0.8724 0.3467 0.3420 -0.0095 0.0745 -0.1737 0.9819
1305031471.9277 -0.8712 0.3545 0.3426 -0.0092 0.0797 -0.1686 0.9824
1305031471.9596 -0.8739 0.3570 0.3486 -0.0090 0.0873 -0.1641 0.9825
1305031471.9956 -0.8799 0.3611 0.3410 -0.0078 0.0965 -0.1638 0.9817
1305031472.0276 -0.8792 0.3740 0.3388 -0.0043 0.1000 -0.1641 0.9814
1305031472.0597 -0.8813 0.3801 0.3408 -0.0025 0.1046 -0.1617 0.9813
1305031472.0956 -0.8855 0.3817 0.3419 -0.0039 0.1098 -0.1549 0.9818
1305031472.1276 -0.8843 0.3905 0.3413 -0.0017 0.1097 -0.1511 0.9824
1305031472.1596 -0.8936 0.3966 0.3539 0.0009 0.1169 -0.1555 0.9809
1305031472.1957 -0.8944 0.4081 0.3678 0.0106 0.1182 -0.1515 0.9813
1305031472.2276 -0.8972 0.4419 0.3814 0.0373 0.1244 -0.1632 0.9780
1305031472.2638 -0.8961 0.4425 0.3825 0.0405 0.1238 -0.1641 0.9778
1305031472.2957 -0.9000 0.4422 0.3818 0.0498 0.1252 -0.1621 0.9775
1305031472.3277 -0.9029 0.4429 0.3797 0.0540 0.1264 -0.1614 0.9773
1305031472.3636 -0.9032 0.4426 0.3818 0.0535 0.1262 -0.1599 0.9776
1305031472.3956 -0.9006 0.4468 0.3835 0.0581 0.1222 -0.1591 0.9779
1305031472.4277 -0.8996 0.4478 0.3853 0.0608 0.1198 -0.1603 0.9779
1305031472.4636 -0.8995 0.4484 0.3836 0.0642 0.1185 -0.1611 0.9777
1305031472.4956 -0.9020 0.4432 0.3819 0.0617 0.1212 -0.1612 0.9775
1305031472.5276 -0.9036 0.4388 0.3843 0.0631 0.1223 -0.1619 0.9772
1305031472.5636 -0.9030 0.4381 0.3820 0.0687 0.1198 -0.1609 0.9773
1305031472.5957 -0.9022 0.4353 0.3811 0.0709 0.1181 -0.1588 0.9777
1305031472.6277 -0.9017 0.4337 0.3823 0.0712 0.1177 -0.1577 0.9779
1305031472.6636 -0.9019 0.4295 0.3823 0.0713 0.1167 -0.1550 0.9784
1305031472.6958 -0.9033 0.4234 0.3796 0.0713 0.1159 -0.1542 0.9786
1305031472.7276 -0.9024 0.4208 0.3780 0.0747 0.1144 -0.1559 0.9783
1305031472.7636 -0.9001 0.4208 0.3777 0.0781 0.1132 -0.1580 0.9778
1305031472.7956 -0.9017 0.4149 0.3793 0.0769 0.1150 -0.1576 0.9778
1305031472.8276 -0.9000 0.4077 0.3790 0.0765 0.1138 -0.1562 0.9782
1305031472.8636 -0.8997 0.4091 0.3803 0.0794 0.1136 -0.1554 0.9781
1305031472.8957 -0.9007 0.4073 0.3805 0.0786 0.1133 -0.1540 0.9784
1305031472.9277 -0.9001 0.4057 0.3808 0.0786 0.1120 -0.1530 0.9787
1305031472.9638 -0.8983 0.4046 0.3808 0.0792 0.1107 -0.1512 0.9791
1305031472.9957 -0.8979 0.4044 0.3826 0.0789 0.1101 -0.1508 0.9792
1305031473.0276 -0.8967 0.4069 0.3846 0.0808 0.1086 -0.1506 0.9793
1305031473.0637 -0.8966 0.4041 0.3850 0.0788 0.1083 -0.1520 0.9793
1305031473.0957 -0.8971 0.4019 0.3849 0.0778 0.1095 -0.1527 0.9791
1305031473.1277 -0.8996 0.4005 0.3856 0.0771 0.1118 -0.1534 0.9788
1305031473.1671 -0.8980 0.3997 0.3858 0.0781 0.1097 -0.1533 0.9790
1305031473.1961 -0.8984 0.3968 0.3838 0.0783 0.1085 -0.1541 0.9789
