1305031453.4237 0.0055 0.0025 -0.0086 0.0012 0.0037 0.0094 0.9999
1305031453.4597 0.0108 0.0077 -0.0186 0.0053 0.0093 0.0183 0.9998
1305031453.4917 0.0131 0.0116 -0.0296 0.0091 0.0160 0.0286 0.9994
1305031453.5237 0.0132 0.0165 -0.0426 0.0157 0.0213 0.0376 0.9989
1305031453.5598 0.0148 0.0216 -0.0561 0.0227 0.0236 0.0444 0.9985
1305031453.5916 0.0145 0.0298 -0.0706 0.0307 0.0265 0.0487 0.9980
1305031453.6277 0.0070 0.0347 -0.0841 0.0373 0.0290 0.0532 0.9975
1305031453.6596 0.0012 0.0434 -0.0989 0.0455 0.0258 0.0514 0.9973
1305031453.6917 -0.0024 0.0542 -0.1145 0.0528 0.0202 0.0468 0.9973
1305031453.7277 -0.0119 0.0631 -0.1288 0.0572 0.0161 0.0419 0.9974
1305031453.7597 -0.0229 0.0689 -0.1418 0.0613 0.0085 0.0341 0.9975
1305031453.7917 -0.0260 0.0798 -0.1555 0.0665 -0.0018 0.0260 0.9974
1305031453.8278 -0.0389 0.0864 -0.1670 0.0689 -0.0078 0.0198 0.9974
1305031453.8597 -0.0542 0.0946 -0.1758 0.0711 -0.0192 0.0126 0.9972
1305031453.8917 -0.0679 0.1027 -0.1856 0.0709 -0.0346 0.0056 0.9969
1305031453.9277 -0.0813 0.1078 -0.1915 0.0683 -0.0524 0.0014 0.9963
1305031453.9596 -0.0875 0.1121 -0.2008 0.0658 -0.0691 -0.0086 0.9954
1305031453.9916 -0.0992 0.1136 -0.2007 0.0646 -0.0806 -0.0200 0.9945
1305031454.0277 -0.1108 0.1170 -0.2044 0.0672 -0.0927 -0.0296 0.9930
1305031454.0597 -0.1220 0.1218 -0.2094 0.0684 -0.1039 -0.0418 0.9913
1305031454.0917 -0.1378 0.1225 -0.2036 0.0696 -0.1151 -0.0563 0.9893
1305031454.1277 -0.1486 0.1238 -0.2000 0.0733 -0.1299 -0.0701 0.9863
1305031454.1597 -0.1554 0.1253 -0.2024 0.0729 -0.1466 -0.0825 0.9831
1305031454.1917 -0.1675 0.1285 -0.2013 0.0716 -0.1626 -0.0970 0.9793
1305031454.2277 -0.1806 0.1279 -0.1964 0.0749 -0.1790 -0.1160 0.9741
1305031454.2596 -0.1835 0.1312 -0.1927 0.0816 -0.1939 -0.1318 0.9687
1305031454.2916 -0.1906 0.1373 -0.1919 0.0812 -0.2015 -0.1430 0.9656
1305031454.3277 -0.2078 0.1386 -0.1952 0.0826 -0.2085 -0.1600 0.9613
1305031454.3596 -0.2140 0.1437 -0.1934 0.0903 -0.2201 -0.1748 0.9554
1305031454.3917 -0.2208 0.1502 -0.1944 0.0926 -0.2273 -0.1863 0.9513
1305031454.4275 -0.2357 0.1576 -0.1944 0.0958 -0.2372 -0.2019 0.9454
1305031454.4599 -0.2375 0.1629 -0.1929 0.0999 -0.2473 -0.2179 0.9388
1305031454.4916 -0.2442 0.1684 -0.1934 0.1023 -0.2512 -0.2340 0.9336
1305031454.5277 -0.2485 0.1761 -0.1947 0.1028 -0.2564 -0.2501 0.9280
1305031454.5596 -0.2568 0.1826 -0.1929 0.1004 -0.2610 -0.2634 0.9233
1305031454.5916 -0.2681 0.1886 -0.1917 0.0979 -0.2691 -0.2813 0.9159
1305031454.6276 -0.2722 0.1933 -0.1913 0.0959 -0.2811 -0.2951 0.9081
1305031454.6595 -0.2745 0.2029 -0.1878 0.0915 -0.2927 -0.3024 0.9025
1305031454.6919 -0.2862 0.2083 -0.1826 0.0840 -0.3036 -0.3107 0.8968
1305031454.7277 -0.2898 0.2077 -0.1770 0.0780 -0.3160 -0.3174 0.8907
1305031454.7597 -0.2876 0.2106 -0.1720 0.0716 -0.3229 -0.3154 0.8895
1305031454.7916 -0.2849 0.2177 -0.1700 0.0668 -0.3257 -0.3085 0.8912
1305031454.8276 -0.2799 0.2266 -0.1676 0.0629 -0.3271 -0.3028 0.8929
1305031454.8596 -0.2780 0.2325 -0.1652 0.0569 -0.3241 -0.2966 0.8965
1305031454.8918 -0.2751 0.2407 -0.1659 0.0534 -0.3190 -0.2897 0.9008
1305031454.9276 -0.2725 0.2491 -0.1676 0.0494 -0.3131 -0.2833 0.9052
1305031454.9596 -0.2731 0.2570 -0.1712 0.0455 -0.3071 -0.2770 0.9093
1305031454.9919 -0.2768 0.2653 -0.1772 0.0423 -0.3029 -0.2714 0.9126
1305031455.0278 -0.2766 0.2778 -0.1794 0.0427 -0.3024 -0.2683 0.9136
1305031455.0596 -0.2802 0.2845 -0.1813 0.0409 -0.2995 -0.2665 0.9152
1305031455.0917 -0.2851 0.2949 -0.1860 0.0440 -0.2955 -0.2660 0.9165
1305031455.1277 -0.2894 0.3062 -0.1907 0.0453 -0.2908 -0.2641 0.9185
1305031455.1597 -0.2980 0.3162 -0.1970 0.0439 -0.2854 -0.2597 0.9215
1305031455.1917 -0.3071 0.3243 -0.2011 0.0399 -0.2816 -0.2542 0.9244
1305031455.2276 -0.3162 0.3310 -0.2056 0.0389 -0.2783 -0.2488 0.9269
1305031455.2596 -0.3211 0.3453 -0.2098 0.0375 -0.2739 -0.2421 0.9300
1305031455.2918 -0.3343 0.3489 -0.2148 0.0276 -0.2676 -0.2329 0.9345
1305031455.3278 -0.3454 0.3599 -0.2222 0.0223 -0.2643 -0.2224 0.9382
1305031455.3596 -0.3504 0.3710 -0.2236 0.0152 -0.2632 -0.2165 0.9400
1305031455.3917 -0.3608 0.3715 -0.2262 0.0035 -0.2564 -0.2088 0.9438
1305031455.4276 -0.3753 0.3762 -0.2348 -0.0044 -0.2481 -0.1989 0.9481
1305031455.4596 -0.3894 0.3765 -0.2424 -0.0106 -0.2438 -0.1905 0.9509
1305031455.4916 -0.4005 0.3821 -0.2504 -0.0153 -0.2402 -0.1793 0.9539
1305031455.5276 -0.4183 0.3796 -0.2594 -0.0227 -0.2359 -0.1662 0.9572
1305031455.5597 -0.4350 0.3815 -0.2711 -0.0259 -0.2355 -0.1528 0.9594
1305031455.5916 -0.4464 0.3882 -0.2822 -0.0281 -0.2366 -0.1384 0.9613
1305031455.6276 -0.4612 0.3823 -0.2866 -0.0357 -0.2358 -0.1259 0.9629
1305031455.6596 -0.4770 0.3802 -0.2975 -0.0336 -0.2336 -0.1204 0.9643
1305031455.6916 -0.4908 0.3836 -0.3101 -0.0288 -0.2316 -0.1211 0.9648
1305031455.7276 -0.5040 0.3820 -0.3210 -0.0266 -0.2284 -0.1255 0.9651
1305031455.7597 -0.5173 0.3807 -0.3329 -0.0252 -0.2229 -0.1282 0.9661
1305031455.7917 -0.5324 0.3721 -0.3453 -0.0252 -0.2175 -0.1269 0.9674
1305031455.8276 -0.5458 0.3727 -0.3616 -0.0215 -0.2137 -0.1263 0.9685
1305031455.8595 -0.5570 0.3686 -0.3736 -0.0215 -0.2121 -0.1272 0.9687
1305031455.8917 -0.5667 0.3661 -0.3854 -0.0211 -0.2095 -0.1272 0.9693
1305031455.9280 -0.5775 0.3616 -0.3956 -0.0219 -0.2059 -0.1279 0.9699
1305031455.9597 -0.5865 0.3626 -0.4079 -0.0200 -0.2021 -0.1299 0.9705
1305031455.9917 -0.5943 0.3627 -0.4167 -0.0207 -0.1977 -0.1322 0.9711
1305031456.0278 -0.6022 0.3709 -0.4283 -0.0220 -0.1907 -0.1365 0.9719
1305031456.0597 -0.6156 0.3623 -0.4348 -0.0321 -0.1846 -0.1447 0.9716
1305031456.0917 -0.6270 0.3519 -0.4389 -0.0389 -0.1804 -0.1497 0.9714
1305031456.1276 -0.6366 0.3464 -0.4441 -0.0402 -0.1763 -0.1509 0.9719
1305031456.1597 -0.6451 0.3349 -0.4452 -0.0427 -0.1717 -0.1512 0.9725
1305031456.1917 -0.6531 0.3277 -0.4483 -0.0379 -0.1646 -0.1483 0.9744
1305031456.2277 -0.6591 0.3344 -0.4536 -0.0321 -0.1550 -0.1443 0.9768
1305031456.2917 -0.6841 0.3165 -0.4527 -0.0332 -0.1325 -0.1367 0.9811
1305031456.3277 -0.6942 0.3103 -0.4514 -0.0296 -0.1226 -0.1297 0.9835
1305031456.3916 -0.7162 0.3047 -0.4457 -0.0250 -0.0984 -0.1197 0.9876
1305031456.4277 -0.7341 0.3103 -0.4436 -0.0165 -0.0862 -0.1124 0.9898
1305031456.4917 -0.7726 0.3289 -0.4358 -0.0189 -0.0758 -0.1008 0.9918
1305031456.5276 -0.7842 0.3286 -0.4264 -0.0254 -0.0778 -0.0953 0.9921
1305031456.5917 -0.8035 0.3342 -0.4112 -0.0271 -0.0740 -0.0830 0.9934
1305031456.6276 -0.8146 0.3471 -0.4033 -0.0370 -0.0679 -0.0771 0.9940
1305031456.6916 -0.8509 0.3315 -0.3820 -0.0521 -0.0557 -0.0619 0.9952
1305031456.7277 -0.8673 0.3481 -0.3754 -0.0536 -0.0531 -0.0520 0.9958
1305031456.7916 -0.9029 0.3382 -0.3565 -0.0596 -0.0607 -0.0385 0.9956
1305031456.8276 -0.9085 0.3545 -0.3488 -0.0581 -0.0654 -0.0299 0.9957
1305031456.8917 -0.9292 0.3450 -0.3266 -0.0713 -0.0620 -0.0197 0.9953
1305031456.9277 -0.9410 0.3535 -0.3207 -0.0648 -0.0561 -0.0129 0.9962
1305031456.9597 -0.9546 0.3695 -0.3171 -0.0634 -0.0492 -0.0074 0.9967
1305031456.9917 -0.9693 0.3655 -0.3102 -0.0730 -0.0433 -0.0057 0.9964
1305031457.0276 -0.9822 0.3665 -0.3067 -0.0747 -0.0385 -0.0020 0.9965
1305031457.0917 -1.0054 0.3726 -0.3049 -0.0867 -0.0272 0.0069 0.9958
1305031457.1276 -1.0162 0.3639 -0.3046 -0.0920 -0.0210 0.0112 0.9955
1305031457.1917 -1.0426 0.3681 -0.3163 -0.0887 -0.0047 0.0239 0.9958
1305031457.2275 -1.0560 0.3635 -0.3211 -0.0937 0.0026 0.0297 0.9952
1305031457.2917 -1.0795 0.3533 -0.3363 -0.0857 0.0175 0.0421 0.9953
1305031457.3275 -1.0934 0.3566 -0.3472 -0.0820 0.0282 0.0470 0.9951
1305031457.3917 -1.1232 0.3415 -0.3651 -0.0799 0.0521 0.0606 0.9936
1305031457.4276 -1.1442 0.3423 -0.3767 -0.0758 0.0626 0.0679 0.9928
1305031457.4917 -1.1728 0.3264 -0.3964 -0.0766 0.0686 0.0766 0.9917
1305031457.5276 -1.1845 0.3196 -0.4074 -0.0732 0.0718 0.0797 0.9915
1305031457.5597 -1.1977 0.3149 -0.4185 -0.0697 0.0769 0.0837 0.9911
1305031457.5917 -1.2153 0.3140 -0.4288 -0.0659 0.0826 0.0875 0.9905
1305031457.6275 -1.2292 0.3023 -0.4357 -0.0673 0.0852 0.0903 0.9900
1305031457.6596 -1.2438 0.3073 -0.4469 -0.0616 0.0872 0.0950 0.9897
1305031457.6916 -1.2579 0.2992 -0.4535 -0.0678 0.0880 0.0971 0.9891
1305031457.7277 -1.2687 0.2816 -0.4582 -0.0715 0.0889 0.0960 0.9888
1305031457.7596 -1.2802 0.2699 -0.4647 -0.0695 0.0908 0.0947 0.9889
1305031457.7916 -1.2878 0.2526 -0.4705 -0.0642 0.0944 0.0937 0.9890
1305031457.8277 -1.2999 0.2546 -0.4808 -0.0527 0.1018 0.0948 0.9889
1305031457.8596 -1.3120 0.2447 -0.4860 -0.0509 0.1098 0.0957 0.9880
1305031457.8916 -1.3253 0.2214 -0.4875 -0.0470 0.1175 0.0971 0.9872
1305031457.9276 -1.3416 0.2204 -0.4933 -0.0326 0.1220 0.1024 0.9867
1305031457.9916 -1.3620 0.2043 -0.4966 -0.0217 0.1225 0.1090 0.9862
1305031458.0278 -1.3709 0.1937 -0.4950 -0.0137 0.1253 0.1101 0.9859
1305031458.0597 -1.3858 0.2017 -0.4942 -0.0024 0.1304 0.1130 0.9850
1305031458.0917 -1.3992 0.2015 -0.4899 -0.0018 0.1346 0.1155 0.9841
1305031458.1276 -1.4107 0.1911 -0.4810 -0.0041 0.1379 0.1170 0.9835
1305031458.1596 -1.4226 0.1827 -0.4721 -0.0030 0.1395 0.1205 0.9829
1305031458.1916 -1.4321 0.1841 -0.4644 -0.0023 0.1367 0.1270 0.9824
1305031458.2276 -1.4406 0.1752 -0.4528 -0.0108 0.1323 0.1290 0.9827
1305031458.2599 -1.4521 0.1532 -0.4312 -0.0148 0.1303 0.1255 0.9834
1305031458.2917 -1.4621 0.1504 -0.4229 -0.0056 0.1240 0.1273 0.9841
1305031458.3276 -1.4701 0.1442 -0.4109 -0.0044 0.1166 0.1301 0.9846
1305031458.3596 -1.4774 0.1295 -0.3910 0.0018 0.1123 0.1309 0.9850
1305031458.3916 -1.4856 0.1331 -0.3795 0.0154 0.1084 0.1344 0.9849
1305031458.4276 -1.4892 0.1328 -0.3652 0.0237 0.1067 0.1428 0.9837
1305031458.4596 -1.4853 0.1229 -0.3497 0.0328 0.1088 0.1500 0.9821
1305031458.4917 -1.4893 0.1187 -0.3329 0.0533 0.1188 0.1494 0.9802
1305031458.5277 -1.5049 0.1356 -0.3150 0.0748 0.1308 0.1459 0.9778
1305031458.5596 -1.5135 0.1401 -0.2947 0.0831 0.1405 0.1439 0.9760
1305031458.5916 -1.5245 0.1409 -0.2732 0.0929 0.1476 0.1387 0.9749
1305031458.6277 -1.5346 0.1625 -0.2522 0.0987 0.1475 0.1350 0.9748
1305031458.6596 -1.5440 0.1605 -0.2315 0.0916 0.1434 0.1361 0.9760
1305031458.6917 -1.5466 0.1586 -0.2086 0.0851 0.1277 0.1298 0.9796
1305031458.7276 -1.5337 0.1485 -0.1858 0.0806 0.1094 0.1212 0.9833
1305031458.7599 -1.5408 0.1506 -0.1697 0.0867 0.0954 0.1108 0.9855
1305031458.7916 -1.5400 0.1602 -0.1560 0.0871 0.0788 0.1017 0.9879
1305031458.8276 -1.5351 0.1557 -0.1409 0.0795 0.0692 0.0995 0.9894
1305031458.8917 -1.5337 0.1503 -0.1193 0.0865 0.0660 0.0882 0.9901
1305031458.9276 -1.5451 0.1538 -0.1122 0.0852 0.0741 0.0942 0.9891
1305031458.9596 -1.5503 0.1465 -0.1060 0.0766 0.0794 0.1079 0.9880
1305031458.9916 -1.5574 0.1242 -0.0984 0.0748 0.0830 0.1134 0.9873
1305031459.0277 -1.5758 0.1200 -0.0930 0.0856 0.0815 0.1140 0.9864
1305031459.0596 -1.5944 0.1107 -0.0845 0.0931 0.0752 0.1248 0.9849
1305031459.1276 -1.7363 0.3332 0.0437 0.2041 0.1314 0.0913 0.9658
1305031459.1596 -1.7396 0.3266 0.0530 0.2116 0.1037 0.0916 0.9675
1305031459.1917 -1.7430 0.3243 0.0641 0.2173 0.0825 0.0975 0.9677
1305031459.2276 -1.7454 0.3229 0.0777 0.2199 0.0673 0.1070 0.9673
1305031459.2598 -1.7418 0.3274 0.0944 0.2213 0.0616 0.1149 0.9665
1305031459.3276 -1.7451 0.3304 0.1181 0.2190 0.0871 0.1456 0.9609
1305031459.3597 -1.7522 0.3377 0.1330 0.2255 0.1084 0.1671 0.9537
1305031459.3917 -1.7633 0.3579 0.1496 0.2273 0.1313 0.1946 0.9451
1305031459.4276 -1.7579 0.3617 0.1624 0.2171 0.1572 0.2339 0.9346
1305031459.4597 -1.7752 0.3592 0.1725 0.2160 0.1910 0.2761 0.9168
1305031459.5276 -1.8080 0.4016 0.3390 0.2475 0.2400 0.2536 0.9038
1305031459.5596 -1.8252 0.3946 0.3411 0.2426 0.2524 0.2838 0.8927
1305031459.5917 -1.8426 0.3962 0.3494 0.2421 0.2572 0.3030 0.8851
1305031459.6276 -1.8511 0.3914 0.3516 0.2376 0.2563 0.3149 0.8824
1305031459.6596 -1.8627 0.3946 0.3596 0.2388 0.2629 0.3156 0.8799
1305031459.6916 -1.8796 0.3910 0.3663 0.2339 0.2743 0.3228 0.8751
1305031459.7276 -1.8945 0.3762 0.3661 0.2268 0.2821 0.3292 0.8721
1305031459.7917 -1.9341 0.3514 0.3738 0.2268 0.2950 0.3249 0.8694
1305031459.8277 -1.9511 0.3416 0.3796 0.2259 0.2965 0.3229 0.8699
1305031459.8597 -1.9699 0.3302 0.3862 0.2217 0.2970 0.3222 0.8711
1305031459.8916 -1.9811 0.3158 0.3904 0.2164 0.2927 0.3257 0.8726
1305031459.9276 -1.9916 0.3026 0.3944 0.2156 0.2897 0.3287 0.8727
1305031459.9917 -2.0140 0.2789 0.4049 0.2111 0.2867 0.3362 0.8719
1305031460.0276 -2.0204 0.2635 0.4073 0.2094 0.2856 0.3401 0.8712
1305031460.0597 -2.0331 0.2486 0.4117 0.2098 0.2866 0.3421 0.8700
1305031460.0917 -2.0458 0.2307 0.4147 0.2110 0.2818 0.3491 0.8684
1305031460.1277 -2.0495 0.2161 0.4180 0.2159 0.2707 0.3571 0.8675
1305031460.1597 -2.0576 0.2073 0.4249 0.2227 0.2624 0.3623 0.8662
1305031460.1916 -2.0577 0.1993 0.4325 0.2231 0.2542 0.3680 0.8661
1305031460.2278 -2.0491 0.1883 0.4347 0.2229 0.2508 0.3720 0.8655
1305031460.2917 -2.0530 0.1662 0.4404 0.2251 0.2661 0.3735 0.8596
1305031460.3275 -2.0563 0.1541 0.4426 0.2262 0.2743 0.3763 0.8556
1305031460.3916 -2.0582 0.1328 0.4499 0.2223 0.2917 0.3858 0.8465
1305031460.4275 -2.0591 0.1212 0.4521 0.2214 0.3008 0.3920 0.8407
1305031460.4596 -2.0584 0.1148 0.4558 0.2203 0.3119 0.3972 0.8345
1305031460.4915 -2.0631 0.1069 0.4620 0.2157 0.3255 0.4058 0.8263
1305031460.5276 -2.0641 0.0935 0.4633 0.2089 0.3344 0.4181 0.8183
1305031460.5596 -2.0629 0.0801 0.4634 0.2022 0.3426 0.4245 0.8134
1305031460.5919 -2.0660 0.0692 0.4669 0.1988 0.3517 0.4270 0.8090
1305031460.6276 -2.0665 0.0570 0.4685 0.1957 0.3591 0.4309 0.8044
1305031460.6598 -2.0716 0.0452 0.4740 0.1942 0.3679 0.4315 0.8005
1305031460.6917 -2.0774 0.0340 0.4810 0.1916 0.3731 0.4336 0.7976
1305031460.7277 -2.0777 0.0235 0.4847 0.1865 0.3752 0.4346 0.7972
1305031460.7597 -2.0776 0.0107 0.4879 0.1830 0.3803 0.4344 0.7957
1305031460.7917 -2.0819 -0.0022 0.4951 0.1802 0.3855 0.4344 0.7938
1305031460.8277 -2.0822 -0.0114 0.5015 0.1756 0.3876 0.4324 0.7950
1305031460.8597 -2.0811 -0.0207 0.5066 0.1693 0.3916 0.4310 0.7952
1305031460.8918 -2.0800 -0.0347 0.5121 0.1618 0.3970 0.4303 0.7944
1305031460.9276 -2.0797 -0.0479 0.5187 0.1564 0.3994 0.4312 0.7938
1305031460.9917 -2.0681 -0.0774 0.5212 0.1515 0.4017 0.4354 0.7913
1305031461.0276 -2.0642 -0.0917 0.5242 0.1521 0.4031 0.4372 0.7895
1305031461.0917 -2.0612 -0.1092 0.5374 0.1549 0.4027 0.4358 0.7899
1305031461.1276 -2.0529 -0.1217 0.5373 0.1517 0.4021 0.4348 0.7914
1305031461.1597 -2.0473 -0.1359 0.5393 0.1524 0.4035 0.4335 0.7912
1305031461.1920 -2.0448 -0.1408 0.5444 0.1555 0.4048 0.4284 0.7928
1305031461.2276 -2.0411 -0.1489 0.5478 0.1554 0.4063 0.4265 0.7930
1305031461.2596 -2.0364 -0.1581 0.5500 0.1559 0.4067 0.4231 0.7946
1305031461.2917 -2.0321 -0.1628 0.5540 0.1576 0.4080 0.4167 0.7969
1305031461.3278 -2.0265 -0.1645 0.5585 0.1588 0.4109 0.4117 0.7978
1305031461.3597 -2.0262 -0.1635 0.5686 0.1564 0.4163 0.4082 0.7973
1305031461.3917 -2.0147 -0.1761 0.5693 0.1471 0.4153 0.4114 0.7979
1305031461.4276 -2.0071 -0.1805 0.5707 0.1461 0.4159 0.4098 0.7986
1305031461.4598 -2.0054 -0.1783 0.5757 0.1440 0.4163 0.4111 0.7981
1305031461.4917 -1.9908 -0.1925 0.5685 0.1371 0.4145 0.4149 0.7983
1305031461.5277 -1.9895 -0.1901 0.5704 0.1432 0.4169 0.4114 0.7978
1305031461.5597 -1.9839 -0.1842 0.5661 0.1427 0.4180 0.4079 0.7991
1305031461.5917 -1.9811 -0.1810 0.5640 0.1428 0.4258 0.4045 0.7967
1305031461.6275 -1.9783 -0.1761 0.5641 0.1409 0.4315 0.4051 0.7936
1305031461.6596 -1.9741 -0.1724 0.5637 0.1390 0.4360 0.4058 0.7911
1305031461.6916 -1.9728 -0.1635 0.5651 0.1397 0.4378 0.4113 0.7872
1305031461.7276 -1.9654 -0.1600 0.5606 0.1368 0.4366 0.4181 0.7847
1305031461.7597 -1.9654 -0.1490 0.5584 0.1379 0.4380 0.4205 0.7825
1305031461.7916 -1.9629 -0.1379 0.5552 0.1351 0.4388 0.4252 0.7800
1305031461.8276 -1.9590 -0.1294 0.5517 0.1332 0.4418 0.4307 0.7756
1305031461.8598 -1.9615 -0.1122 0.5546 0.1355 0.4454 0.4369 0.7697
1305031461.8917 -1.9628 -0.0986 0.5600 0.1338 0.4465 0.4486 0.7626
1305031461.9278 -1.9573 -0.0925 0.5581 0.1259 0.4431 0.4599 0.7591
1305031461.9597 -1.9539 -0.0768 0.5499 0.1211 0.4440 0.4636 0.7571
1305031461.9916 -1.9625 -0.0614 0.5605 0.1166 0.4526 0.4703 0.7486
1305031462.0277 -1.9620 -0.0599 0.5654 0.1065 0.4517 0.4836 0.7422
1305031462.0598 -1.9627 -0.0545 0.5686 0.1034 0.4458 0.4959 0.7380
1305031462.0918 -1.9631 -0.0454 0.5669 0.1017 0.4376 0.5069 0.7357
1305031462.1277 -1.9651 -0.0361 0.5655 0.0991 0.4322 0.5160 0.7329
1305031462.1596 -1.9660 -0.0328 0.5657 0.0941 0.4297 0.5232 0.7299
1305031462.1916 -1.9711 -0.0232 0.5679 0.0911 0.4295 0.5226 0.7308
1305031462.2276 -1.9769 -0.0156 0.5711 0.0852 0.4303 0.5238 0.7302
1305031462.2598 -1.9813 -0.0121 0.5756 0.0774 0.4305 0.5233 0.7313
1305031462.2916 -1.9872 -0.0058 0.5804 0.0704 0.4295 0.5198 0.7351
1305031462.3275 -1.9922 0.0030 0.5834 0.0629 0.4281 0.5152 0.7398
1305031462.3597 -2.0030 0.0148 0.5927 0.0576 0.4302 0.5078 0.7442
1305031462.3917 -2.0111 0.0228 0.6025 0.0492 0.4286 0.5031 0.7488
1305031462.4276 -2.0125 0.0185 0.6093 0.0457 0.4312 0.5023 0.7481
1305031462.4599 -2.0121 0.0171 0.6136 0.0445 0.4327 0.5018 0.7476
1305031462.4920 -2.0115 0.0177 0.6182 0.0445 0.4342 0.5010 0.7473
1305031462.5277 -2.0104 0.0213 0.6304 0.0446 0.4383 0.4977 0.7471
1305031462.5599 -2.0030 0.0426 0.6578 0.0464 0.4396 0.4909 0.7507
1305031462.5919 -2.0121 0.1128 0.6920 0.0766 0.4378 0.4715 0.7617
1305031462.6279 -2.0145 0.1137 0.6898 0.0737 0.4371 0.4686 0.7642
1305031462.6597 -2.0149 0.1119 0.6884 0.0710 0.4370 0.4675 0.7651
1305031462.6925 -2.0137 0.1081 0.6852 0.0674 0.4360 0.4680 0.7657
1305031462.7277 -2.0123 0.1005 0.6807 0.0614 0.4353 0.4693 0.7658
1305031462.7598 -2.0116 0.0967 0.6782 0.0584 0.4348 0.4698 0.7660
1305031462.7919 -2.0089 0.0962 0.6718 0.0560 0.4312 0.4711 0.7675
1305031462.8278 -2.0077 0.0964 0.6705 0.0558 0.4299 0.4718 0.7678
1305031462.8598 -2.0078 0.0955 0.6728 0.0558 0.4309 0.4719 0.7672
1305031462.8918 -2.0083 0.0943 0.6766 0.0560 0.4325 0.4719 0.7663
1305031462.9276 -2.0113 0.0937 0.6841 0.0575 0.4365 0.4707 0.7646
1305031462.9597 -2.0139 0.0952 0.6917 0.0603 0.4400 0.4697 0.7630
1305031462.9955 -2.0160 0.0996 0.6987 0.0642 0.4427 0.4679 0.7622
1305031463.0277 -2.0165 0.1059 0.7037 0.0682 0.4434 0.4662 0.7625
1305031463.0598 -2.0173 0.1142 0.7095 0.0734 0.4443 0.4638 0.7629
1305031463.0958 -2.0227 0.1635 0.7706 0.1073 0.4656 0.4392 0.7607
1305031463.1275 -2.0266 0.1702 0.7685 0.1089 0.4670 0.4339 0.7627
1305031463.1598 -2.0295 0.1739 0.7669 0.1094 0.4681 0.4297 0.7644
1305031463.1957 -2.0319 0.1702 0.7628 0.1065 0.4690 0.4286 0.7649
1305031463.2278 -2.0331 0.1694 0.7604 0.1053 0.4695 0.4278 0.7652
1305031463.2600 -2.0330 0.1722 0.7623 0.1061 0.4704 0.4265 0.7652
1305031463.2957 -2.0328 0.1714 0.7612 0.1053 0.4707 0.4268 0.7650
1305031463.3277 -2.0321 0.1698 0.7602 0.1038 0.4709 0.4273 0.7648
1305031463.3598 -2.0313 0.1747 0.7612 0.1053 0.4708 0.4263 0.7652
1305031463.3956 -1.9909 0.2477 0.7450 0.1163 0.4494 0.4029 0.7888
1305031463.4277 -1.9890 0.2636 0.7371 0.1174 0.4478 0.3976 0.7922
1305031463.4598 -1.9862 0.2801 0.7263 0.1183 0.4476 0.3936 0.7942
1305031463.4956 -1.9828 0.2959 0.7148 0.1175 0.4485 0.3912 0.7950
1305031463.5277 -1.9774 0.3095 0.7053 0.1189 0.4536 0.3885 0.7932
1305031463.5598 -1.9772 0.3213 0.6960 0.1223 0.4576 0.3867 0.7912
1305031463.5956 -1.9746 0.3338 0.6858 0.1235 0.4562 0.3858 0.7923
1305031463.6276 -1.9660 0.3428 0.6721 0.1241 0.4561 0.3822 0.7941
1305031463.6598 -1.9651 0.3502 0.6528 0.1300 0.4581 0.3780 0.7940
1305031463.6956 -1.9689 0.3656 0.6438 0.1352 0.4614 0.3707 0.7946
1305031463.7276 -1.9585 0.3711 0.6173 0.1319 0.4577 0.3698 0.7977
1305031463.7597 -1.9531 0.3735 0.5941 0.1334 0.4615 0.3637 0.7981
1305031463.7956 -1.9548 0.3822 0.5765 0.1363 0.4667 0.3522 0.7997
1305031463.8278 -1.9501 0.3865 0.5524 0.1327 0.4678 0.3434 0.8035
1305031463.8599 -1.9458 0.3865 0.5270 0.1304 0.4704 0.3345 0.8061
1305031463.8956 -1.9467 0.3915 0.5072 0.1318 0.4739 0.3247 0.8078
1305031463.9277 -1.9455 0.3924 0.4881 0.1309 0.4739 0.3192 0.8102
1305031463.9597 -1.9424 0.3903 0.4649 0.1301 0.4708 0.3134 0.8144
1305031463.9958 -1.9424 0.3914 0.4426 0.1323 0.4692 0.3054 0.8180
1305031464.0277 -1.9442 0.3955 0.4234 0.1324 0.4683 0.2964 0.8218
1305031464.0597 -1.9413 0.3923 0.3984 0.1293 0.4681 0.2883 0.8253
1305031464.0956 -1.9443 0.3919 0.3811 0.1307 0.4719 0.2786 0.8262
1305031464.1277 -1.9497 0.3901 0.3684 0.1325 0.4735 0.2728 0.8269
1305031464.1598 -1.9511 0.3807 0.3526 0.1356 0.4711 0.2699 0.8288
1305031464.1956 -1.9539 0.3756 0.3392 0.1440 0.4672 0.2621 0.8321
1305031464.2276 -1.9611 0.3805 0.3310 0.1556 0.4609 0.2531 0.8362
1305031464.2596 -1.9664 0.3857 0.3217 0.1635 0.4493 0.2468 0.8429
1305031464.2957 -1.9653 0.3920 0.3086 0.1672 0.4351 0.2379 0.8521
1305031464.3279 -1.9619 0.3969 0.2908 0.1688 0.4237 0.2289 0.8600
1305031464.3597 -1.9574 0.3971 0.2721 0.1713 0.4160 0.2210 0.8653
1305031464.3956 -1.9532 0.4069 0.2524 0.1750 0.4116 0.2095 0.8695
1305031464.4276 -1.9517 0.4128 0.2362 0.1741 0.4128 0.1989 0.8716
1305031464.4597 -1.9514 0.4115 0.2190 0.1734 0.4125 0.1902 0.8739
1305031464.4956 -1.9469 0.4178 0.1957 0.1742 0.4099 0.1831 0.8764
1305031464.5276 -1.9487 0.4242 0.1797 0.1739 0.4119 0.1745 0.8773
1305031464.5597 -1.9452 0.4246 0.1544 0.1673 0.4106 0.1639 0.8812
1305031464.5957 -1.9376 0.4146 0.1174 0.1638 0.4137 0.1543 0.8822
1305031464.6277 -1.9362 0.4154 0.0932 0.1695 0.4251 0.1444 0.8773
1305031464.6597 -1.9356 0.4111 0.0717 0.1720 0.4375 0.1312 0.8728
1305031464.6957 -1.9342 0.3910 0.0507 0.1746 0.4500 0.1148 0.8682
1305031464.7277 -1.9391 0.3911 0.0479 0.1864 0.4601 0.0941 0.8630
1305031464.7597 -1.9389 0.4028 0.0429 0.1941 0.4624 0.0714 0.8622
1305031464.7960 -1.9372 0.3935 0.0416 0.1945 0.4614 0.0523 0.8640
1305031464.8278 -1.9329 0.3937 0.0434 0.2018 0.4528 0.0340 0.8678
1305031464.8597 -1.9238 0.4058 0.0405 0.2051 0.4391 0.0134 0.8746
1305031464.8958 -1.9103 0.4086 0.0329 0.1972 0.4264 -0.0087 0.8827
1305031464.9278 -1.8946 0.3884 0.0190 0.1850 0.4171 -0.0291 0.8894
1305031464.9598 -1.8775 0.3732 0.0075 0.1803 0.4128 -0.0478 0.8915
1305031464.9957 -1.8590 0.3734 0.0020 0.1800 0.4121 -0.0682 0.8906
1305031465.0278 -1.8430 0.3704 0.0097 0.1765 0.4145 -0.0897 0.8882
1305031465.0597 -1.8260 0.3870 0.0344 0.1793 0.4127 -0.1120 0.8860
1305031465.0957 -1.7979 0.4239 0.0496 0.1749 0.4026 -0.1306 0.8890
1305031465.1277 -1.7718 0.4322 0.0570 0.1542 0.3923 -0.1420 0.8956
1305031465.1598 -1.7490 0.4306 0.0682 0.1353 0.3836 -0.1466 0.9017
1305031465.1956 -1.7243 0.4308 0.0754 0.1210 0.3745 -0.1513 0.9068
1305031465.2279 -1.6985 0.4422 0.0825 0.1095 0.3667 -0.1550 0.9108
1305031465.2598 -1.6779 0.4378 0.0940 0.0970 0.3601 -0.1527 0.9152
1305031465.2956 -1.6563 0.4484 0.1017 0.0966 0.3511 -0.1441 0.9201
1305031465.3277 -1.6357 0.4597 0.1090 0.0948 0.3392 -0.1322 0.9265
1305031465.3599 -1.6184 0.4594 0.1142 0.0932 0.3246 -0.1214 0.9334
1305031465.3956 -1.5960 0.4622 0.1055 0.0960 0.3060 -0.1142 0.9403
1305031465.4277 -1.5706 0.4703 0.0943 0.1013 0.2903 -0.1069 0.9455
1305031465.4601 -1.5501 0.4863 0.0863 0.1089 0.2779 -0.0971 0.9495
1305031465.4957 -1.5291 0.5027 0.0766 0.1104 0.2665 -0.0896 0.9533
1305031465.5276 -1.5123 0.4994 0.0673 0.1067 0.2572 -0.0864 0.9566
1305031465.5598 -1.4924 0.5095 0.0529 0.1136 0.2470 -0.0839 0.9587
1305031465.5956 -1.4714 0.5262 0.0388 0.1219 0.2403 -0.0783 0.9598
1305031465.6277 -1.4606 0.5423 0.0302 0.1292 0.2363 -0.0710 0.9604
1305031465.6601 -1.4472 0.5545 0.0187 0.1345 0.2264 -0.0652 0.9625
1305031465.6957 -1.4218 0.5697 0.0028 0.1417 0.2160 -0.0618 0.9641
1305031465.7277 -1.4045 0.5870 -0.0091 0.1513 0.2112 -0.0557 0.9640
1305031465.7598 -1.3857 0.6083 -0.0205 0.1611 0.2050 -0.0503 0.9641
1305031465.7959 -1.3643 0.6250 -0.0318 0.1677 0.2001 -0.0465 0.9642
1305031465.8280 -1.3452 0.6376 -0.0438 0.1765 0.1954 -0.0438 0.9637
1305031465.8599 -1.3225 0.6669 -0.0537 0.1900 0.1917 -0.0440 0.9619
1305031465.8955 -1.2967 0.6898 -0.0626 0.1948 0.1940 -0.0427 0.9605
1305031465.9275 -1.2781 0.7002 -0.0739 0.1993 0.2005 -0.0416 0.9583
1305031465.9597 -1.2605 0.7220 -0.0840 0.2101 0.2073 -0.0448 0.9544
1305031465.9958 -1.2513 0.7451 -0.0911 0.2168 0.2152 -0.0491 0.9509
1305031466.0276 -1.2386 0.7693 -0.0979 0.2227 0.2177 -0.0520 0.9489
1305031466.0598 -1.2259 0.7956 -0.1033 0.2228 0.2196 -0.0508 0.9484
1305031466.0958 -1.2181 0.8134 -0.1114 0.2180 0.2193 -0.0487 0.9497
1305031466.1276 -1.2074 0.8310 -0.1210 0.2123 0.2151 -0.0477 0.9520
1305031466.1604 -1.2024 0.8491 -0.1321 0.2075 0.2111 -0.0451 0.9541
1305031466.1958 -1.1973 0.8698 -0.1429 0.2006 0.2040 -0.0439 0.9572
1305031466.2280 -1.1865 0.8810 -0.1579 0.1881 0.1961 -0.0470 0.9612
1305031466.2598 -1.1720 0.8836 -0.1779 0.1814 0.1931 -0.0539 0.9628
1305031466.2957 -1.1593 0.8981 -0.1959 0.1814 0.1982 -0.0658 0.9610
1305031466.3277 -1.1522 0.9140 -0.2127 0.1803 0.2092 -0.0737 0.9583
1305031466.3598 -1.1492 0.9240 -0.2295 0.1736 0.2196 -0.0762 0.9570
1305031466.3958 -1.1493 0.9206 -0.2477 0.1695 0.2247 -0.0784 0.9564
1305031466.4278 -1.1459 0.9367 -0.2618 0.1755 0.2237 -0.0846 0.9550
1305031466.4598 -1.1357 0.9520 -0.2766 0.1746 0.2191 -0.0895 0.9558
1305031466.4958 -1.1192 0.9601 -0.2931 0.1701 0.2142 -0.0898 0.9577
1305031466.5275 -1.1000 0.9635 -0.3098 0.1674 0.2141 -0.0892 0.9582
1305031466.5604 -1.0881 0.9784 -0.3212 0.1668 0.2188 -0.0904 0.9572
1305031466.5959 -1.0724 0.9893 -0.3329 0.1588 0.2197 -0.0913 0.9582
1305031466.6275 -1.0541 0.9798 -0.3496 0.1490 0.2209 -0.0919 0.9595
1305031466.6597 -1.0398 0.9862 -0.3611 0.1542 0.2243 -0.0982 0.9572
1305031466.6958 -1.0267 1.0054 -0.3680 0.1557 0.2255 -0.1072 0.9557
1305031466.7281 -1.0091 1.0075 -0.3799 0.1465 0.2238 -0.1144 0.9567
1305031466.7596 -0.9922 1.0010 -0.3923 0.1446 0.2238 -0.1218 0.9561
1305031466.7956 -0.9795 1.0150 -0.4006 0.1514 0.2232 -0.1300 0.9541
1305031466.8279 -0.9657 1.0227 -0.4102 0.1484 0.2194 -0.1331 0.9551
1305031466.8597 -0.9558 1.0192 -0.4179 0.1454 0.2139 -0.1317 0.9569
1305031466.8957 -0.9474 1.0231 -0.4286 0.1476 0.2029 -0.1350 0.9586
1305031466.9278 -0.9373 1.0229 -0.4436 0.1448 0.1894 -0.1397 0.9611
1305031466.9597 -0.9256 1.0187 -0.4568 0.1424 0.1804 -0.1433 0.9626
1305031466.9957 -0.9132 1.0192 -0.4713 0.1412 0.1756 -0.1475 0.9631
1305031467.0278 -0.9015 1.0201 -0.4829 0.1399 0.1719 -0.1522 0.9632
1305031467.0597 -0.8895 1.0215 -0.4949 0.1385 0.1699 -0.1567 0.9630
1305031467.0957 -0.8773 1.0237 -0.5055 0.1351 0.1691 -0.1611 0.9629
1305031467.1290 -0.8661 1.0242 -0.5127 0.1328 0.1673 -0.1717 0.9617
1305031467.1597 -0.8552 1.0254 -0.5224 0.1321 0.1647 -0.1797 0.9608
1305031467.1957 -0.8460 1.0268 -0.5317 0.1314 0.1602 -0.1845 0.9607
1305031467.2277 -0.8361 1.0278 -0.5403 0.1301 0.1542 -0.1909 0.9606
1305031467.2597 -0.8260 1.0286 -0.5486 0.1298 0.1495 -0.1972 0.9602
1305031467.2958 -0.8166 1.0306 -0.5584 0.1296 0.1449 -0.2046 0.9594
1305031467.3280 -0.8064 1.0330 -0.5684 0.1287 0.1394 -0.2101 0.9591
1305031467.3597 -0.7957 1.0376 -0.5789 0.1251 0.1331 -0.2118 0.9601
1305031467.3958 -0.7865 1.0394 -0.5887 0.1180 0.1273 -0.2162 0.9608
1305031467.4278 -0.7763 1.0396 -0.5985 0.1153 0.1219 -0.2203 0.9609
1305031467.4597 -0.7667 1.0425 -0.6101 0.1144 0.1152 -0.2223 0.9614
1305031467.4961 -0.7564 1.0460 -0.6230 0.1081 0.1093 -0.2273 0.9616
1305031467.5277 -0.7436 1.0476 -0.6308 0.1025 0.1069 -0.2334 0.9610
1305031467.5598 -0.7315 1.0449 -0.6392 0.1020 0.1053 -0.2359 0.9607
1305031467.5960 -0.7211 1.0436 -0.6484 0.1018 0.1030 -0.2339 0.9614
1305031467.6275 -0.7129 1.0349 -0.6539 0.1028 0.0976 -0.2318 0.9624
1305031467.6596 -0.7038 1.0285 -0.6601 0.1083 0.0917 -0.2312 0.9625
1305031467.6959 -0.6961 1.0237 -0.6657 0.1092 0.0892 -0.2353 0.9616
1305031467.7275 -0.6870 1.0141 -0.6641 0.1116 0.0878 -0.2421 0.9598
1305031467.7599 -0.6783 1.0061 -0.6646 0.1163 0.0857 -0.2460 0.9584
1305031467.7961 -0.6675 0.9985 -0.6628 0.1190 0.0828 -0.2504 0.9572
1305031467.8278 -0.6565 0.9855 -0.6560 0.1234 0.0794 -0.2529 0.9563
1305031467.8597 -0.6469 0.9743 -0.6504 0.1306 0.0739 -0.2521 0.9560
1305031467.8959 -0.6384 0.9667 -0.6456 0.1350 0.0665 -0.2541 0.9554
1305031467.9278 -0.6268 0.9520 -0.6366 0.1362 0.0587 -0.2592 0.9544
1305031467.9598 -0.6161 0.9349 -0.6285 0.1409 0.0527 -0.2630 0.9530
1305031467.9958 -0.6008 0.9309 -0.6197 0.1451 0.0498 -0.2672 0.9514
1305031468.0281 -0.5913 0.9110 -0.6077 0.1417 0.0495 -0.2701 0.9511
1305031468.0598 -0.5842 0.8935 -0.5973 0.1454 0.0473 -0.2738 0.9496
1305031468.0959 -0.5717 0.8852 -0.5884 0.1481 0.0434 -0.2770 0.9484
1305031468.1278 -0.5614 0.8652 -0.5769 0.1458 0.0407 -0.2782 0.9485
1305031468.1599 -0.5517 0.8498 -0.5673 0.1472 0.0387 -0.2823 0.9472
1305031468.1960 -0.5401 0.8340 -0.5586 0.1463 0.0378 -0.2862 0.9462
1305031468.2282 -0.5311 0.8121 -0.5504 0.1443 0.0381 -0.2859 0.9466
1305031468.2598 -0.5209 0.7931 -0.5436 0.1448 0.0389 -0.2847 0.9468
1305031468.2958 -0.5140 0.7738 -0.5382 0.1441 0.0414 -0.2849 0.9468
1305031468.3278 -0.5080 0.7474 -0.5341 0.1450 0.0427 -0.2832 0.9471
1305031468.3598 -0.5003 0.7348 -0.5316 0.1509 0.0446 -0.2800 0.9470
1305031468.3959 -0.4956 0.7239 -0.5296 0.1500 0.0467 -0.2791 0.9473
1305031468.4280 -0.4954 0.6957 -0.5300 0.1435 0.0471 -0.2779 0.9487
1305031468.4598 -0.4902 0.6784 -0.5292 0.1438 0.0457 -0.2754 0.9494
1305031468.4958 -0.4864 0.6622 -0.5275 0.1419 0.0473 -0.2753 0.9497
1305031468.5278 -0.4923 0.6378 -0.5275 0.1390 0.0505 -0.2800 0.9486
1305031468.5597 -0.4975 0.6183 -0.5285 0.1421 0.0510 -0.2890 0.9454
1305031468.5958 -0.4988 0.6093 -0.5300 0.1436 0.0506 -0.2947 0.9434
1305031468.6276 -0.5031 0.5927 -0.5275 0.1375 0.0501 -0.2947 0.9443
1305031468.6596 -0.5177 0.5661 -0.5289 0.1322 0.0483 -0.2954 0.9449
1305031468.6958 -0.5251 0.5488 -0.5279 0.1344 0.0421 -0.3002 0.9434
1305031468.7278 -0.5286 0.5371 -0.5260 0.1382 0.0354 -0.3030 0.9422
1305031468.7596 -0.5326 0.5226 -0.5237 0.1387 0.0307 -0.3044 0.9419
1305031468.7958 -0.5410 0.5017 -0.5223 0.1397 0.0286 -0.3102 0.9399
1305031468.8292 -0.5459 0.4894 -0.5203 0.1456 0.0263 -0.3177 0.9366
1305031468.8597 -0.5412 0.4836 -0.5158 0.1483 0.0255 -0.3222 0.9346
1305031468.8959 -0.5445 0.4687 -0.5125 0.1449 0.0306 -0.3227 0.9349
1305031468.9281 -0.5475 0.4593 -0.5091 0.1427 0.0365 -0.3183 0.9365
1305031468.9596 -0.5502 0.4597 -0.5058 0.1395 0.0433 -0.3130 0.9384
1305031468.9957 -0.5490 0.4689 -0.4994 0.1290 0.0488 -0.3129 0.9397
1305031469.0277 -0.5544 0.4541 -0.4928 0.1080 0.0544 -0.3139 0.9417
1305031469.0598 -0.5622 0.4422 -0.4866 0.0926 0.0584 -0.3164 0.9423
1305031469.0957 -0.5542 0.4362 -0.4791 0.0802 0.0594 -0.3236 0.9409
1305031469.1277 -0.5505 0.4218 -0.4706 0.0651 0.0668 -0.3293 0.9396
1305031469.1597 -0.5495 0.4113 -0.4617 0.0539 0.0767 -0.3327 0.9383
1305031469.1955 -0.5535 0.3989 -0.4511 0.0446 0.0878 -0.3344 0.9373
1305031469.2278 -0.5601 0.3946 -0.4403 0.0398 0.0964 -0.3350 0.9364
1305031469.2596 -0.5559 0.3912 -0.4296 0.0350 0.0991 -0.3373 0.9355
1305031469.2968 -0.5530 0.3865 -0.4178 0.0304 0.1041 -0.3376 0.9350
1305031469.3276 -0.5497 0.3881 -0.4063 0.0265 0.1081 -0.3373 0.9348
1305031469.3596 -0.5390 0.3793 -0.3958 0.0184 0.1116 -0.3397 0.9337
1305031469.3957 -0.5347 0.3714 -0.3843 0.0155 0.1228 -0.3432 0.9311
1305031469.4277 -0.5307 0.3762 -0.3717 0.0173 0.1355 -0.3476 0.9276
1305031469.4597 -0.5296 0.3793 -0.3561 0.0161 0.1468 -0.3529 0.9239
1305031469.4957 -0.5319 0.3854 -0.3382 0.0158 0.1548 -0.3550 0.9218
1305031469.5276 -0.5260 0.3932 -0.3244 0.0139 0.1550 -0.3541 0.9222
1305031469.5596 -0.5179 0.3974 -0.3111 0.0082 0.1543 -0.3530 0.9228
1305031469.5958 -0.5089 0.4054 -0.2974 0.0026 0.1543 -0.3504 0.9238
1305031469.6278 -0.5018 0.4055 -0.2842 -0.0079 0.1556 -0.3473 0.9247
1305031469.6596 -0.4993 0.4068 -0.2681 -0.0145 0.1605 -0.3451 0.9246
1305031469.6956 -0.4927 0.4137 -0.2550 -0.0177 0.1641 -0.3426 0.9249
1305031469.7277 -0.4887 0.4208 -0.2398 -0.0219 0.1696 -0.3393 0.9250
1305031469.7596 -0.4845 0.4330 -0.2247 -0.0247 0.1745 -0.3343 0.9258
1305031469.7956 -0.4862 0.4433 -0.2058 -0.0305 0.1787 -0.3302 0.9263
1305031469.8275 -0.4842 0.4545 -0.1914 -0.0347 0.1780 -0.3265 0.9276
1305031469.8596 -0.4839 0.4665 -0.1757 -0.0405 0.1776 -0.3226 0.9288
1305031469.8958 -0.4856 0.4755 -0.1614 -0.0465 0.1775 -0.3188 0.9299
1305031469.9279 -0.4906 0.4871 -0.1452 -0.0506 0.1784 -0.3150 0.9308
1305031469.9598 -0.4927 0.5011 -0.1307 -0.0515 0.1759 -0.3125 0.9321
1305031469.9956 -0.4960 0.5151 -0.1179 -0.0526 0.1745 -0.3101 0.9331
1305031470.0277 -0.5005 0.5280 -0.1063 -0.0556 0.1727 -0.3090 0.9336
1305031470.0596 -0.5054 0.5420 -0.0947 -0.0574 0.1724 -0.3079 0.9339
1305031470.0959 -0.5110 0.5571 -0.0848 -0.0575 0.1727 -0.3053 0.9347
1305031470.1276 -0.5177 0.5716 -0.0762 -0.0605 0.1730 -0.3017 0.9356
1305031470.1596 -0.5258 0.5867 -0.0639 -0.0624 0.1737 -0.2979 0.9366
1305031470.1961 -0.5342 0.6007 -0.0559 -0.0634 0.1726 -0.2946 0.9378
1305031470.2276 -0.5422 0.6145 -0.0486 -0.0658 0.1726 -0.2903 0.9389
1305031470.2600 -0.5504 0.6287 -0.0402 -0.0683 0.1734 -0.2860 0.9399
1305031470.2957 -0.5579 0.6441 -0.0317 -0.0711 0.1743 -0.2820 0.9408
1305031470.3276 -0.5676 0.6568 -0.0227 -0.0766 0.1755 -0.2773 0.9415
1305031470.3596 -0.5789 0.6686 -0.0144 -0.0812 0.1757 -0.2716 0.9428
1305031470.3958 -0.5898 0.6801 -0.0067 -0.0846 0.1751 -0.2671 0.9438
1305031470.4276 -0.6002 0.6889 0.0009 -0.0879 0.1733 -0.2675 0.9438
1305031470.4597 -0.6113 0.6982 0.0075 -0.0882 0.1721 -0.2678 0.9439
1305031470.4957 -0.6213 0.7072 0.0144 -0.0872 0.1697 -0.2672 0.9446
1305031470.5277 -0.6298 0.7174 0.0197 -0.0856 0.1682 -0.2677 0.9448
1305031470.5597 -0.6378 0.7290 0.0260 -0.0836 0.1687 -0.2667 0.9452
1305031470.5958 -0.6441 0.7398 0.0319 -0.0802 0.1676 -0.2635 0.9466
1305031470.6277 -0.6487 0.7511 0.0385 -0.0773 0.1661 -0.2587 0.9484
1305031470.6597 -0.6571 0.7582 0.0442 -0.0772 0.1661 -0.2542 0.9496
1305031470.6956 -0.6659 0.7643 0.0507 -0.0792 0.1658 -0.2507 0.9505
1305031470.7277 -0.6736 0.7671 0.0568 -0.0799 0.1646 -0.2486 0.9512
1305031470.7597 -0.6757 0.7737 0.0586 -0.0765 0.1638 -0.2450 0.9525
1305031470.7956 -0.6888 0.7750 0.0657 -0.0808 0.1725 -0.2392 0.9521
1305031470.8278 -0.6978 0.7772 0.0718 -0.0776 0.1732 -0.2353 0.9532
1305031470.8596 -0.7061 0.7804 0.0755 -0.0716 0.1722 -0.2322 0.9546
1305031470.8957 -0.7146 0.7864 0.0789 -0.0643 0.1710 -0.2286 0.9562
1305031470.9277 -0.7222 0.7898 0.0842 -0.0579 0.1675 -0.2261 0.9578
1305031470.9596 -0.7289 0.7915 0.0868 -0.0470 0.1616 -0.2262 0.9594
1305031470.9960 -0.7342 0.7949 0.0878 -0.0362 0.1583 -0.2265 0.9604
1305031471.0276 -0.7410 0.7949 0.0899 -0.0267 0.1579 -0.2263 0.9608
1305031471.0596 -0.7495 0.7972 0.0916 -0.0144 0.1597 -0.2243 0.9612
1305031471.0958 -0.7572 0.8024 0.0935 -0.0017 0.1599 -0.2200 0.9623
1305031471.1277 -0.7643 0.8029 0.0951 0.0062 0.1580 -0.2152 0.9637
1305031471.1596 -0.7700 0.8047 0.0950 0.0142 0.1571 -0.2109 0.9647
1305031471.1957 -0.7748 0.8075 0.0960 0.0200 0.1585 -0.2056 0.9655
1305031471.2276 -0.7821 0.8090 0.0986 0.0222 0.1618 -0.2003 0.9660
1305031471.2597 -0.7890 0.8071 0.1012 0.0215 0.1636 -0.1964 0.9665
1305031471.2961 -0.7947 0.8043 0.1028 0.0227 0.1649 -0.1920 0.9672
1305031471.3276 -0.7975 0.8046 0.1016 0.0277 0.1669 -0.1895 0.9672
1305031471.3596 -0.8011 0.8069 0.1014 0.0308 0.1739 -0.1864 0.9665
1305031471.3957 -0.8110 0.8016 0.1038 0.0302 0.1825 -0.1798 0.9662
1305031471.4277 -0.8193 0.8034 0.1046 0.0364 0.1854 -0.1731 0.9666
1305031471.4596 -0.8237 0.8065 0.1043 0.0396 0.1843 -0.1685 0.9675
1305031471.4965 -0.8288 0.8061 0.1045 0.0392 0.1847 -0.1639 0.9682
1305031471.5276 -0.8338 0.8071 0.1043 0.0404 0.1850 -0.1595 0.9689
1305031471.5597 -0.8367 0.8085 0.1027 0.0410 0.1860 -0.1577 0.9689
1305031471.5957 -0.8407 0.8088 0.1014 0.0416 0.1902 -0.1550 0.9685
1305031471.6276 -0.8451 0.8091 0.0994 0.0424 0.1948 -0.1527 0.9679
1305031471.6596 -0.8498 0.8085 0.0975 0.0444 0.1993 -0.1481 0.9677
1305031471.6956 -0.8538 0.8077 0.0943 0.0461 0.2021 -0.1419 0.9679
1305031471.7275 -0.8576 0.8077 0.0926 0.0455 0.2055 -0.1372 0.9679
1305031471.7597 -0.8585 0.8083 0.0934 0.0470 0.2089 -0.1305 0.9680
1305031471.7958 -0.8613 0.8116 0.0915 0.0507 0.2146 -0.1240 0.9675
1305031471.8276 -0.8638 0.8144 0.0897 0.0497 0.2176 -0.1184 0.9676
1305031471.8597 -0.8655 0.8160 0.0916 0.0480 0.2211 -0.1087 0.9680
1305031471.8956 -0.8678 0.8192 0.0914 0.0469 0.2244 -0.1025 0.9679
1305031471.9277 -0.8697 0.8209 0.0939 0.0425 0.2301 -0.0959 0.9675
1305031471.9596 -0.8707 0.8192 0.0972 0.0402 0.2364 -0.0918 0.9665
1305031471.9956 -0.8734 0.8243 0.0964 0.0419 0.2424 -0.0870 0.9653
1305031472.0276 -0.8754 0.8288 0.0971 0.0399 0.2460 -0.0832 0.9649
1305031472.0597 -0.8778 0.8292 0.1038 0.0376 0.2513 -0.0778 0.9640
1305031472.0956 -0.8805 0.8309 0.1047 0.0378 0.2547 -0.0720 0.9636
1305031472.1276 -0.8840 0.8346 0.1084 0.0347 0.2579 -0.0651 0.9634
1305031472.1596 -0.8863 0.8342 0.1147 0.0324 0.2591 -0.0618 0.9633
1305031472.1957 -0.8913 0.8309 0.1159 0.0340 0.2611 -0.0575 0.9630
1305031472.2276 -0.8961 0.8305 0.1169 0.0352 0.2636 -0.0565 0.9623
1305031472.2638 -0.9008 0.8283 0.1220 0.0370 0.2687 -0.0588 0.9607
1305031472.2957 -0.9049 0.8303 0.1232 0.0462 0.2724 -0.0601 0.9592
1305031472.3277 -0.9064 0.8329 0.1212 0.0529 0.2723 -0.0584 0.9590
1305031472.3636 -0.9089 0.8396 0.1232 0.0590 0.2739 -0.0589 0.9581
1305031472.3956 -0.9099 0.8360 0.1246 0.0581 0.2719 -0.0572 0.9589
1305031472.4277 -0.9104 0.8328 0.1236 0.0590 0.2686 -0.0578 0.9597
1305031472.4636 -0.9103 0.8303 0.1214 0.0596 0.2670 -0.0596 0.9600
1305031472.4956 -0.9101 0.8292 0.1202 0.0596 0.2685 -0.0602 0.9595
1305031472.5276 -0.9109 0.8221 0.1201 0.0579 0.2704 -0.0584 0.9592
1305031472.5636 -0.9116 0.8178 0.1187 0.0623 0.2693 -0.0579 0.9593
1305031472.5957 -0.9114 0.8199 0.1165 0.0688 0.2675 -0.0572 0.9594
1305031472.6277 -0.9100 0.8166 0.1151 0.0686 0.2660 -0.0555 0.9599
1305031472.6636 -0.9087 0.8116 0.1141 0.0683 0.2649 -0.0543 0.9603
1305031472.6958 -0.9074 0.8078 0.1130 0.0699 0.2635 -0.0535 0.9606
1305031472.7276 -0.9063 0.8037 0.1118 0.0714 0.2625 -0.0543 0.9607
1305031472.7636 -0.9048 0.8012 0.1103 0.0728 0.2624 -0.0562 0.9606
1305031472.7956 -0.9039 0.7974 0.1103 0.0737 0.2636 -0.0580 0.9601
1305031472.8276 -0.9032 0.7953 0.1104 0.0764 0.2642 -0.0585 0.9597
1305031472.8636 -0.9031 0.7953 0.1116 0.0798 0.2642 -0.0580 0.9594
1305031472.8957 -0.9026 0.7946 0.1120 0.0807 0.2626 -0.0561 0.9599
1305031472.9277 -0.9010 0.7913 0.1118 0.0796 0.2609 -0.0546 0.9605
1305031472.9638 -0.9002 0.7916 0.1123 0.0813 0.2608 -0.0536 0.9605
1305031472.9957 -0.9003 0.7910 0.1139 0.0808 0.2604 -0.0525 0.9607
1305031473.0276 -0.8999 0.7907 0.1144 0.0804 0.2591 -0.0527 0.9611
1305031473.0637 -0.8988 0.7878 0.1141 0.0781 0.2584 -0.0536 0.9614
1305031473.0957 -0.8986 0.7875 0.1138 0.0784 0.2595 -0.0557 0.9610
1305031473.1277 -0.8994 0.7866 0.1152 0.0779 0.2614 -0.0567 0.9604
1305031473.1671 -0.9003 0.7848 0.1155 0.0780 0.2611 -0.0569 0.9605
1305031473.1961 -0.8998 0.7841 0.1143 0.0787 0.2599 -0.0573 0.9607
