1305031453.3917 0.0000 0.0000 0.0000 0.0000 0.0000 0.0000 1.0000
1305031453.5237 0.0056 0.0196 -0.0362 0.0180 0.0242 0.0353 0.9989
1305031453.6277 -0.0012 0.0395 -0.0729 0.0399 0.0319 0.0503 0.9974
1305031453.7277 -0.0162 0.0608 -0.1127 0.0570 0.0183 0.0412 0.9974
1305031453.8597 -0.0478 0.0848 -0.1463 0.0690 -0.0203 0.0153 0.9973
1305031453.9277 -0.0618 0.0983 -0.1665 0.0665 -0.0568 0.0074 0.9961
1305031453.9596 -0.0755 0.0996 -0.1670 0.0642 -0.0705 -0.0006 0.9954
1305031453.9916 -0.0894 0.1022 -0.1656 0.0640 -0.0806 -0.0115 0.9946
1305031454.0277 -0.1054 0.1023 -0.1587 0.0656 -0.0915 -0.0172 0.9935
1305031454.0597 -0.1090 0.1003 -0.1592 0.0654 -0.1048 -0.0254 0.9920
1305031454.0917 -0.1240 0.1129 -0.1412 0.0707 -0.1155 -0.0372 0.9901
1305031454.1277 -0.1424 0.1205 -0.1331 0.0764 -0.1275 -0.0486 0.9877
1305031454.1597 -0.1594 0.1186 -0.1300 0.0760 -0.1397 -0.0599 0.9855
1305031454.1917 -0.1740 0.1241 -0.1319 0.0759 -0.1543 -0.0722 0.9824
1305031454.2277 -0.1836 0.1269 -0.1203 0.0803 -0.1719 -0.0888 0.9778
1305031454.2596 -0.2076 0.1246 -0.1315 0.0837 -0.1777 -0.1060 0.9748
1305031454.2916 -0.2116 0.1351 -0.1233 0.0863 -0.1872 -0.1144 0.9718
1305031454.3277 -0.2203 0.1326 -0.1252 0.0850 -0.1984 -0.1256 0.9683
1305031454.3596 -0.2366 0.1394 -0.1307 0.0918 -0.2053 -0.1383 0.9645
1305031454.3917 -0.2484 0.1393 -0.1358 0.0917 -0.2119 -0.1502 0.9613
1305031454.4275 -0.2619 0.1455 -0.1361 0.0935 -0.2221 -0.1612 0.9571
1305031454.4599 -0.2651 0.1441 -0.1327 0.0946 -0.2340 -0.1755 0.9516
1305031454.4916 -0.2768 0.1490 -0.1283 0.0962 -0.2378 -0.1915 0.9474
1305031454.5277 -0.2814 0.1636 -0.1280 0.1006 -0.2450 -0.2032 0.9426
1305031454.5596 -0.2853 0.1727 -0.1170 0.0998 -0.2536 -0.2152 0.9378
1305031454.5916 -0.2900 0.1868 -0.1143 0.1015 -0.2643 -0.2303 0.9310
1305031454.6276 -0.2982 0.1910 -0.1172 0.0998 -0.2750 -0.2411 0.9254
1305031454.6595 -0.2955 0.2060 -0.1089 0.0984 -0.2897 -0.2444 0.9201
1305031454.6919 -0.2993 0.2179 -0.0986 0.0972 -0.3043 -0.2529 0.9132
1305031454.7277 -0.2990 0.2230 -0.0998 0.0952 -0.3160 -0.2583 0.9079
1305031454.7597 -0.3013 0.2321 -0.0977 0.0912 -0.3210 -0.2541 0.9078
1305031454.7916 -0.2987 0.2307 -0.0917 0.0841 -0.3253 -0.2479 0.9086
1305031454.8276 -0.2960 0.2379 -0.0882 0.0817 -0.3269 -0.2429 0.9097
1305031454.8596 -0.2940 0.2420 -0.0873 0.0752 -0.3249 -0.2370 0.9125
1305031454.8918 -0.2928 0.2503 -0.0863 0.0721 -0.3213 -0.2301 0.9158
1305031454.9276 -0.2896 0.2520 -0.0819 0.0653 -0.3203 -0.2212 0.9188
1305031454.9596 -0.2882 0.2562 -0.0833 0.0603 -0.3173 -0.2130 0.9221
1305031454.9919 -0.2915 0.2651 -0.0883 0.0592 -0.3147 -0.2090 0.9240
1305031455.0278 -0.2944 0.2740 -0.0898 0.0592 -0.3137 -0.2063 0.9250
1305031455.0596 -0.2963 0.2803 -0.0896 0.0591 -0.3123 -0.2046 0.9258
1305031455.0917 -0.2995 0.2854 -0.0926 0.0604 -0.3101 -0.2042 0.9265
1305031455.1277 -0.3058 0.2896 -0.1000 0.0601 -0.3054 -0.2044 0.9281
1305031455.1597 -0.3110 0.2932 -0.1010 0.0571 -0.3035 -0.2005 0.9297
1305031455.1917 -0.3157 0.2983 -0.1027 0.0542 -0.3020 -0.1957 0.9315
1305031455.2276 -0.3232 0.3040 -0.1080 0.0539 -0.2990 -0.1923 0.9331
1305031455.2596 -0.3273 0.3147 -0.1107 0.0521 -0.2963 -0.1851 0.9356
1305031455.2918 -0.3370 0.3181 -0.1104 0.0435 -0.2931 -0.1755 0.9388
1305031455.3278 -0.3507 0.3272 -0.1198 0.0378 -0.2901 -0.1654 0.9418
1305031455.3596 -0.3562 0.3443 -0.1162 0.0336 -0.2891 -0.1565 0.9438
1305031455.3917 -0.3605 0.3454 -0.1156 0.0225 -0.2862 -0.1468 0.9466
1305031455.4276 -0.3715 0.3534 -0.1198 0.0164 -0.2809 -0.1363 0.9499
1305031455.4596 -0.3826 0.3557 -0.1300 0.0132 -0.2768 -0.1293 0.9521
1305031455.4916 -0.3938 0.3614 -0.1372 0.0100 -0.2739 -0.1202 0.9542
1305031455.5276 -0.4082 0.3646 -0.1515 0.0070 -0.2702 -0.1095 0.9565
1305031455.5597 -0.4241 0.3658 -0.1624 0.0037 -0.2707 -0.0952 0.9579
1305031455.5916 -0.4374 0.3670 -0.1787 -0.0001 -0.2712 -0.0831 0.9589
1305031455.6276 -0.4556 0.3640 -0.1885 -0.0055 -0.2681 -0.0721 0.9607
1305031455.6596 -0.4682 0.3618 -0.2008 -0.0040 -0.2661 -0.0661 0.9617
1305031455.6916 -0.4790 0.3599 -0.2143 -0.0018 -0.2636 -0.0664 0.9623
1305031455.7276 -0.4873 0.3594 -0.2233 0.0001 -0.2615 -0.0699 0.9627
1305031455.7597 -0.4944 0.3579 -0.2299 0.0008 -0.2585 -0.0715 0.9633
1305031455.7917 -0.5010 0.3514 -0.2422 0.0015 -0.2555 -0.0710 0.9642
1305031455.8276 -0.5056 0.3412 -0.2520 -0.0007 -0.2549 -0.0693 0.9645
1305031455.8595 -0.5147 0.3403 -0.2610 0.0004 -0.2530 -0.0712 0.9649
1305031455.8917 -0.5187 0.3374 -0.2735 0.0002 -0.2510 -0.0701 0.9654
1305031455.9280 -0.5230 0.3341 -0.2788 -0.0004 -0.2496 -0.0704 0.9658
1305031455.9597 -0.5271 0.3338 -0.2878 0.0005 -0.2472 -0.0716 0.9663
1305031455.9917 -0.5312 0.3272 -0.2948 -0.0030 -0.2446 -0.0726 0.9669
1305031456.0278 -0.5342 0.3264 -0.2997 -0.0068 -0.2423 -0.0771 0.9671
1305031456.0597 -0.5436 0.3058 -0.3099 -0.0198 -0.2378 -0.0855 0.9673
1305031456.0917 -0.5476 0.2991 -0.3130 -0.0237 -0.2358 -0.0880 0.9675
1305031456.1276 -0.5517 0.2974 -0.3160 -0.0235 -0.2339 -0.0883 0.9680
1305031456.1597 -0.5539 0.2891 -0.3151 -0.0258 -0.2321 -0.0878 0.9684
1305031456.1917 -0.5582 0.2761 -0.3176 -0.0241 -0.2266 -0.0844 0.9700
1305031456.2277 -0.5629 0.2745 -0.3231 -0.0231 -0.2182 -0.0811 0.9723
1305031456.2917 -0.5826 0.2624 -0.3236 -0.0236 -0.1963 -0.0740 0.9775
1305031456.3277 -0.5922 0.2550 -0.3196 -0.0211 -0.1878 -0.0665 0.9797
1305031456.3916 -0.5945 0.2404 -0.3106 -0.0219 -0.1712 -0.0538 0.9835
1305031456.4277 -0.5994 0.2287 -0.3127 -0.0211 -0.1656 -0.0463 0.9849
1305031456.4917 -0.6396 0.2457 -0.3110 -0.0237 -0.1560 -0.0331 0.9869
1305031456.5276 -0.6516 0.2506 -0.2962 -0.0278 -0.1586 -0.0261 0.9866
1305031456.5917 -0.6726 0.2559 -0.2856 -0.0290 -0.1550 -0.0171 0.9873
1305031456.6276 -0.6784 0.2625 -0.2802 -0.0422 -0.1525 -0.0120 0.9873
1305031456.6916 -0.7203 0.2489 -0.2653 -0.0561 -0.1393 -0.0003 0.9887
1305031456.7916 -0.7753 0.2516 -0.2462 -0.0642 -0.1448 0.0229 0.9871
1305031457.0276 -0.8569 0.2790 -0.2024 -0.0795 -0.1291 0.0583 0.9867
1305031457.1917 -0.9067 0.2783 -0.2185 -0.0945 -0.1005 0.0847 0.9868
1305031457.2917 -0.9408 0.2541 -0.2452 -0.0963 -0.0756 0.1024 0.9872
1305031457.3917 -0.9763 0.2365 -0.2783 -0.0946 -0.0404 0.1217 0.9872
1305031457.4917 -1.0150 0.2070 -0.3164 -0.0976 -0.0249 0.1354 0.9857
1305031457.5597 -1.0289 0.2075 -0.3392 -0.0860 -0.0186 0.1444 0.9856
1305031457.6275 -1.0554 0.1877 -0.3612 -0.0868 -0.0095 0.1505 0.9847
1305031457.6916 -1.0844 0.1736 -0.3836 -0.0895 -0.0035 0.1558 0.9837
1305031457.7596 -1.1014 0.1423 -0.3912 -0.0925 0.0011 0.1540 0.9837
1305031457.8277 -1.1123 0.1280 -0.4058 -0.0769 0.0109 0.1541 0.9850
1305031457.8916 -1.1405 0.1026 -0.4115 -0.0673 0.0293 0.1522 0.9856
1305031457.9276 -1.1578 0.0996 -0.4165 -0.0521 0.0368 0.1554 0.9858
1305031457.9916 -1.1758 0.0830 -0.4259 -0.0405 0.0373 0.1634 0.9850
1305031458.0278 -1.1710 0.0744 -0.4282 -0.0314 0.0379 0.1690 0.9844
1305031458.0597 -1.1800 0.0719 -0.4356 -0.0263 0.0420 0.1699 0.9842
1305031458.1276 -1.2076 0.0672 -0.4209 -0.0252 0.0491 0.1703 0.9838
1305031458.1596 -1.2154 0.0570 -0.4185 -0.0251 0.0504 0.1719 0.9835
1305031458.1916 -1.2336 0.0617 -0.4002 -0.0221 0.0515 0.1756 0.9829
1305031458.2276 -1.2489 0.0485 -0.3811 -0.0304 0.0499 0.1751 0.9828
1305031458.2599 -1.2709 0.0310 -0.3465 -0.0310 0.0504 0.1713 0.9834
1305031458.2917 -1.2948 0.0233 -0.3424 -0.0225 0.0478 0.1743 0.9833
1305031458.3276 -1.3148 0.0194 -0.3237 -0.0198 0.0440 0.1760 0.9832
1305031458.3596 -1.3109 -0.0244 -0.3078 -0.0248 0.0348 0.1762 0.9834
1305031458.3916 -1.3350 -0.0233 -0.2902 -0.0111 0.0364 0.1845 0.9821
1305031458.4276 -1.3448 -0.0179 -0.2630 -0.0026 0.0363 0.1962 0.9799
1305031458.4596 -1.3406 -0.0226 -0.2528 0.0097 0.0384 0.2027 0.9784
1305031458.4917 -1.3422 -0.0410 -0.2460 0.0239 0.0470 0.2034 0.9777
1305031458.5277 -1.3488 -0.0410 -0.2422 0.0377 0.0551 0.2041 0.9767
1305031458.5596 -1.3497 -0.0328 -0.2280 0.0450 0.0589 0.2060 0.9757
1305031458.5916 -1.3542 -0.0407 -0.2178 0.0516 0.0635 0.1974 0.9769
1305031458.6277 -1.3764 -0.0305 -0.2014 0.0565 0.0674 0.1932 0.9772
1305031458.6596 -1.3835 -0.0190 -0.1707 0.0552 0.0603 0.1982 0.9768
1305031458.6917 -1.3972 -0.0035 -0.1401 0.0576 0.0458 0.1888 0.9793
1305031458.7276 -1.3881 -0.0073 -0.1201 0.0577 0.0281 0.1848 0.9807
1305031458.7599 -1.4012 -0.0056 -0.0951 0.0659 0.0156 0.1751 0.9822
1305031458.7916 -1.4116 0.0121 -0.0674 0.0720 0.0029 0.1653 0.9836
1305031458.8276 -1.4138 0.0027 -0.0395 0.0650 -0.0048 0.1616 0.9847
1305031458.8917 -1.4069 0.0014 -0.0160 0.0738 -0.0112 0.1525 0.9855
1305031458.9276 -1.4203 0.0088 -0.0070 0.0757 -0.0044 0.1528 0.9853
1305031458.9596 -1.4239 0.0064 0.0002 0.0678 -0.0013 0.1629 0.9843
1305031458.9916 -1.4408 -0.0214 0.0109 0.0652 0.0072 0.1636 0.9844
1305031459.0277 -1.4649 -0.0237 0.0171 0.0780 0.0075 0.1652 0.9831
1305031459.0596 -1.4872 -0.0412 0.0230 0.0830 0.0038 0.1734 0.9813
1305031459.1276 -1.4942 0.0564 0.1406 0.1382 0.0108 0.1668 0.9762
1305031459.1596 -1.4992 0.0563 0.1500 0.1494 -0.0172 0.1686 0.9741
1305031459.1917 -1.5119 0.0591 0.1741 0.1583 -0.0341 0.1715 0.9718
1305031459.2276 -1.5163 0.0555 0.1882 0.1602 -0.0497 0.1821 0.9689
1305031459.2598 -1.5208 0.0549 0.2118 0.1608 -0.0531 0.1879 0.9675
1305031459.3276 -1.5426 0.0608 0.2312 0.1545 -0.0208 0.2130 0.9645
1305031459.3597 -1.5454 0.0669 0.2418 0.1569 -0.0009 0.2356 0.9591
1305031459.3917 -1.5715 0.0828 0.2478 0.1525 0.0273 0.2624 0.9524
1305031459.4276 -1.5652 0.0838 0.2603 0.1352 0.0548 0.2962 0.9439
1305031459.4597 -1.5750 0.0851 0.2640 0.1291 0.0870 0.3307 0.9308
1305031459.5276 -1.6277 0.1627 0.4480 0.1735 0.1226 0.3282 0.9204
1305031459.5596 -1.6415 0.1585 0.4541 0.1666 0.1375 0.3530 0.9104
1305031459.5917 -1.6562 0.1553 0.4540 0.1615 0.1419 0.3730 0.9026
1305031459.6276 -1.6645 0.1565 0.4660 0.1607 0.1417 0.3840 0.8981
1305031459.6596 -1.6717 0.1579 0.4683 0.1611 0.1457 0.3862 0.8965
1305031459.6916 -1.6913 0.1517 0.4722 0.1558 0.1586 0.3930 0.8923
1305031459.7276 -1.7013 0.1390 0.4677 0.1492 0.1644 0.3952 0.8913
1305031459.7917 -1.7270 0.1140 0.4644 0.1484 0.1703 0.3928 0.8914
1305031459.8277 -1.7415 0.0985 0.4649 0.1468 0.1714 0.3924 0.8917
1305031459.8597 -1.7629 0.0794 0.4622 0.1411 0.1735 0.3912 0.8927
1305031459.8916 -1.7720 0.0565 0.4610 0.1341 0.1699 0.3956 0.8925
1305031459.9276 -1.7828 0.0374 0.4599 0.1313 0.1679 0.3988 0.8919
1305031459.9917 -1.7982 0.0151 0.4701 0.1278 0.1627 0.4068 0.8898
1305031460.0276 -1.8066 -0.0013 0.4720 0.1261 0.1636 0.4094 0.8887
1305031460.0597 -1.8176 -0.0210 0.4719 0.1244 0.1640 0.4130 0.8872
1305031460.0917 -1.8299 -0.0433 0.4676 0.1231 0.1601 0.4195 0.8850
1305031460.1277 -1.8327 -0.0554 0.4732 0.1280 0.1499 0.4250 0.8835
1305031460.1597 -1.8440 -0.0651 0.4782 0.1340 0.1429 0.4288 0.8819
1305031460.1916 -1.8410 -0.0764 0.4845 0.1326 0.1341 0.4363 0.8798
1305031460.2278 -1.8363 -0.0793 0.4925 0.1340 0.1326 0.4377 0.8791
1305031460.2917 -1.8423 -0.0999 0.4916 0.1365 0.1481 0.4394 0.8754
1305031460.3275 -1.8419 -0.1023 0.4981 0.1390 0.1530 0.4403 0.8737
1305031460.3916 -1.8461 -0.1186 0.5042 0.1351 0.1708 0.4497 0.8662
1305031460.4275 -1.8444 -0.1300 0.5086 0.1321 0.1796 0.4572 0.8610
1305031460.4596 -1.8445 -0.1334 0.5149 0.1295 0.1924 0.4623 0.8559
1305031460.4915 -1.8462 -0.1401 0.5142 0.1220 0.2040 0.4691 0.8505
1305031460.5276 -1.8520 -0.1560 0.5126 0.1131 0.2165 0.4770 0.8443
1305031460.5596 -1.8492 -0.1638 0.5229 0.1077 0.2245 0.4811 0.8406
1305031460.5919 -1.8483 -0.1723 0.5279 0.1043 0.2309 0.4826 0.8384
1305031460.6276 -1.8480 -0.1807 0.5336 0.1013 0.2377 0.4833 0.8365
1305031460.6598 -1.8471 -0.1872 0.5345 0.0990 0.2415 0.4840 0.8352
1305031460.6917 -1.8497 -0.1955 0.5361 0.0966 0.2432 0.4860 0.8339
1305031460.7277 -1.8504 -0.1994 0.5408 0.0950 0.2445 0.4853 0.8340
1305031460.7597 -1.8482 -0.2054 0.5408 0.0929 0.2464 0.4853 0.8337
1305031460.7917 -1.8497 -0.2114 0.5467 0.0918 0.2483 0.4858 0.8330
1305031460.8277 -1.8508 -0.2197 0.5489 0.0883 0.2498 0.4850 0.8334
1305031460.8597 -1.8507 -0.2239 0.5543 0.0853 0.2520 0.4836 0.8339
1305031460.8918 -1.8502 -0.2338 0.5584 0.0800 0.2555 0.4824 0.8340
1305031460.9276 -1.8503 -0.2427 0.5632 0.0764 0.2569 0.4825 0.8339
1305031460.9917 -1.8362 -0.2661 0.5671 0.0717 0.2578 0.4878 0.8309
1305031461.0276 -1.8344 -0.2804 0.5725 0.0715 0.2610 0.4878 0.8299
1305031461.0917 -1.8399 -0.2984 0.5956 0.0736 0.2645 0.4832 0.8313
1305031461.1276 -1.8370 -0.3039 0.6018 0.0739 0.2655 0.4820 0.8317
1305031461.1597 -1.8328 -0.3155 0.6068 0.0751 0.2687 0.4779 0.8329
1305031461.1920 -1.8351 -0.3281 0.6145 0.0761 0.2730 0.4751 0.8330
1305031461.2276 -1.8293 -0.3330 0.6171 0.0749 0.2731 0.4730 0.8343
1305031461.2596 -1.8245 -0.3419 0.6202 0.0747 0.2741 0.4718 0.8347
1305031461.2917 -1.8280 -0.3414 0.6282 0.0804 0.2772 0.4646 0.8372
1305031461.3278 -1.8298 -0.3406 0.6383 0.0838 0.2819 0.4598 0.8379
1305031461.3597 -1.8270 -0.3411 0.6427 0.0810 0.2837 0.4588 0.8381
1305031461.3917 -1.8239 -0.3462 0.6495 0.0769 0.2849 0.4581 0.8385
1305031461.4276 -1.8183 -0.3464 0.6520 0.0770 0.2842 0.4571 0.8393
1305031461.4598 -1.8220 -0.3474 0.6593 0.0758 0.2875 0.4565 0.8386
1305031461.4917 -1.8121 -0.3523 0.6585 0.0729 0.2856 0.4580 0.8387
1305031461.5277 -1.8056 -0.3551 0.6574 0.0751 0.2871 0.4563 0.8389
1305031461.5597 -1.8000 -0.3499 0.6579 0.0754 0.2872 0.4530 0.8406
1305031461.5917 -1.7926 -0.3379 0.6485 0.0764 0.2903 0.4517 0.8402
1305031461.6275 -1.7926 -0.3335 0.6460 0.0742 0.2970 0.4531 0.8373
1305031461.6596 -1.7912 -0.3273 0.6519 0.0741 0.3018 0.4514 0.8364
1305031461.6916 -1.7936 -0.3218 0.6547 0.0734 0.3065 0.4547 0.8330
1305031461.7276 -1.7911 -0.3202 0.6619 0.0708 0.3099 0.4589 0.8296
1305031461.7597 -1.7866 -0.3077 0.6534 0.0721 0.3073 0.4611 0.8293
1305031461.7916 -1.7814 -0.2981 0.6486 0.0678 0.3086 0.4662 0.8264
1305031461.8276 -1.7732 -0.2893 0.6451 0.0637 0.3105 0.4692 0.8243
1305031461.8598 -1.7827 -0.2700 0.6551 0.0678 0.3194 0.4734 0.8181
1305031461.8917 -1.7854 -0.2599 0.6543 0.0621 0.3201 0.4864 0.8106
1305031461.9278 -1.7798 -0.2580 0.6556 0.0502 0.3177 0.4943 0.8076
1305031461.9597 -1.7723 -0.2390 0.6457 0.0464 0.3183 0.4977 0.8055
1305031461.9916 -1.7836 -0.2328 0.6539 0.0368 0.3289 0.5062 0.7964
1305031462.0277 -1.7812 -0.2268 0.6635 0.0256 0.3261 0.5160 0.7917
1305031462.0598 -1.7823 -0.2181 0.6642 0.0224 0.3182 0.5279 0.7871
1305031462.0918 -1.7801 -0.2008 0.6636 0.0228 0.3080 0.5396 0.7832
1305031462.1277 -1.7809 -0.1846 0.6670 0.0237 0.3018 0.5499 0.7784
1305031462.1596 -1.7844 -0.1768 0.6677 0.0209 0.2989 0.5552 0.7759
1305031462.1916 -1.7826 -0.1654 0.6627 0.0185 0.2924 0.5568 0.7773
1305031462.2276 -1.7825 -0.1636 0.6650 0.0088 0.2920 0.5586 0.7763
1305031462.2598 -1.7881 -0.1635 0.6681 0.0004 0.2913 0.5558 0.7786
1305031462.2916 -1.7863 -0.1742 0.6682 -0.0143 0.2892 0.5546 0.7801
1305031462.3597 -1.8047 -0.1758 0.6794 -0.0316 0.2916 0.5455 0.7851
1305031462.4599 -1.8870 -0.2269 0.8548 -0.0535 0.3625 0.5285 0.7658
1305031462.7277 -1.9163 -0.2212 0.8949 -0.1037 0.3362 0.4522 0.8196
1305031462.9276 -1.9216 -0.1993 0.8622 -0.1295 0.3143 0.4189 0.8420
1305031463.0277 -1.9226 -0.1738 0.8342 -0.1169 0.3059 0.4046 0.8538
1305031463.0958 -1.9220 -0.1608 0.8100 -0.1136 0.2971 0.3848 0.8665
1305031463.1598 -1.9205 -0.1590 0.7892 -0.1114 0.2971 0.3680 0.8740
1305031463.2600 -1.9153 -0.1242 0.7609 -0.1009 0.2949 0.3479 0.8842
1305031463.3598 -1.9085 -0.0985 0.7344 -0.0889 0.2909 0.3336 0.8923
1305031463.4598 -1.8939 -0.0529 0.7352 -0.0752 0.2923 0.3178 0.8988
1305031463.5277 -1.8762 -0.0034 0.7301 -0.0630 0.3010 0.3032 0.9019
1305031463.6276 -1.8452 0.0076 0.6967 -0.0615 0.3011 0.3058 0.9011
1305031463.6956 -1.8267 0.0150 0.6604 -0.0510 0.3012 0.3018 0.9031
1305031463.7597 -1.8014 0.0166 0.6337 -0.0475 0.3069 0.2881 0.9058
1305031463.7956 -1.7932 0.0235 0.6121 -0.0407 0.3081 0.2759 0.9096
1305031463.8599 -1.7628 0.0069 0.5706 -0.0462 0.3069 0.2560 0.9155
1305031463.8956 -1.7547 0.0131 0.5491 -0.0392 0.3073 0.2460 0.9184
1305031463.9597 -1.7344 0.0040 0.5152 -0.0381 0.3014 0.2333 0.9237
1305031463.9958 -1.7331 0.0007 0.5051 -0.0331 0.3023 0.2242 0.9259
1305031464.0597 -1.7065 -0.0158 0.4627 -0.0356 0.2938 0.2086 0.9322
1305031464.0956 -1.7077 -0.0066 0.4492 -0.0264 0.2963 0.1963 0.9343
1305031464.1277 -1.7177 -0.0110 0.4505 -0.0231 0.3026 0.1881 0.9341
1305031464.1598 -1.7123 -0.0242 0.4407 -0.0206 0.2995 0.1862 0.9355
1305031464.1956 -1.7169 -0.0275 0.4241 -0.0076 0.2958 0.1796 0.9382
1305031464.2276 -1.7195 -0.0075 0.4144 0.0105 0.2871 0.1720 0.9423
1305031464.2596 -1.7237 -0.0031 0.4106 0.0183 0.2739 0.1689 0.9466
1305031464.2957 -1.7193 -0.0040 0.4059 0.0199 0.2585 0.1643 0.9517
1305031464.3279 -1.7041 0.0102 0.3975 0.0265 0.2434 0.1554 0.9570
1305031464.3597 -1.6982 -0.0033 0.3899 0.0259 0.2371 0.1475 0.9599
1305031464.3956 -1.6975 0.0105 0.3774 0.0342 0.2341 0.1383 0.9617
1305031464.4276 -1.6841 0.0061 0.3680 0.0336 0.2319 0.1317 0.9632
1305031464.4597 -1.6849 0.0002 0.3552 0.0337 0.2323 0.1225 0.9643
1305031464.4956 -1.6788 0.0029 0.3446 0.0364 0.2312 0.1152 0.9654
1305031464.5276 -1.6679 -0.0024 0.3254 0.0349 0.2292 0.1097 0.9666
1305031464.5597 -1.6557 -0.0032 0.3115 0.0323 0.2272 0.0997 0.9682
1305031464.5957 -1.6153 -0.0313 0.2885 0.0300 0.2236 0.0939 0.9697
1305031464.6277 -1.6026 -0.0293 0.2710 0.0421 0.2341 0.0856 0.9675
1305031464.6597 -1.5926 -0.0349 0.2532 0.0500 0.2452 0.0724 0.9655
1305031464.6957 -1.5860 -0.0554 0.2379 0.0584 0.2567 0.0558 0.9631
1305031464.7277 -1.5915 -0.0623 0.2246 0.0727 0.2642 0.0367 0.9610
1305031464.7597 -1.5985 -0.0524 0.2225 0.0863 0.2664 0.0174 0.9598
1305031464.7960 -1.6035 -0.0557 0.2303 0.0921 0.2654 -0.0032 0.9597
1305031464.8278 -1.5976 -0.0558 0.2345 0.1027 0.2532 -0.0200 0.9618
1305031464.8597 -1.5944 -0.0355 0.2467 0.1124 0.2384 -0.0386 0.9639
1305031464.8958 -1.5777 -0.0289 0.2568 0.1100 0.2227 -0.0584 0.9669
1305031464.9278 -1.5562 -0.0477 0.2607 0.1039 0.2109 -0.0786 0.9688
1305031464.9598 -1.5478 -0.0582 0.2689 0.1038 0.2076 -0.0977 0.9678
1305031464.9957 -1.5417 -0.0545 0.2825 0.1088 0.2089 -0.1191 0.9645
1305031465.0278 -1.5377 -0.0546 0.2962 0.1101 0.2112 -0.1389 0.9612
1305031465.0597 -1.5435 -0.0399 0.3093 0.1147 0.2101 -0.1608 0.9575
1305031465.0957 -1.5162 -0.0137 0.3483 0.1125 0.1991 -0.1765 0.9574
1305031465.1277 -1.4888 -0.0182 0.3591 0.0913 0.1859 -0.1879 0.9601
1305031465.1598 -1.4674 -0.0242 0.3820 0.0727 0.1751 -0.1926 0.9628
1305031465.1956 -1.4447 -0.0427 0.3849 0.0530 0.1636 -0.1995 0.9647
1305031465.2279 -1.4187 -0.0384 0.3967 0.0404 0.1542 -0.2056 0.9656
1305031465.2598 -1.4027 -0.0347 0.4230 0.0283 0.1486 -0.2052 0.9670
1305031465.3277 -1.3750 -0.0173 0.4531 0.0181 0.1308 -0.1863 0.9736
1305031465.3956 -1.3274 -0.0089 0.4701 0.0165 0.0968 -0.1647 0.9815
1305031465.4277 -1.3067 -0.0103 0.4706 0.0172 0.0850 -0.1574 0.9837
1305031465.4601 -1.2988 0.0043 0.4703 0.0217 0.0799 -0.1487 0.9854
1305031465.4957 -1.2843 0.0058 0.4617 0.0185 0.0728 -0.1423 0.9870
1305031465.5276 -1.2725 -0.0018 0.4570 0.0142 0.0667 -0.1394 0.9879
1305031465.5598 -1.2551 0.0011 0.4499 0.0183 0.0593 -0.1360 0.9888
1305031465.5956 -1.2363 0.0066 0.4442 0.0225 0.0543 -0.1292 0.9899
1305031465.6277 -1.2260 0.0142 0.4395 0.0264 0.0517 -0.1235 0.9907
1305031465.6601 -1.2125 0.0217 0.4329 0.0294 0.0449 -0.1186 0.9915
1305031465.6957 -1.1916 0.0228 0.4259 0.0320 0.0372 -0.1143 0.9922
1305031465.7277 -1.1793 0.0347 0.4196 0.0390 0.0350 -0.1090 0.9927
1305031465.7598 -1.1609 0.0426 0.4136 0.0439 0.0299 -0.1025 0.9933
1305031465.7959 -1.1417 0.0445 0.4023 0.0463 0.0267 -0.0975 0.9938
1305031465.8280 -1.1240 0.0519 0.4038 0.0526 0.0227 -0.0946 0.9939
1305031465.8599 -1.0944 0.0687 0.3907 0.0638 0.0189 -0.0916 0.9936
1305031465.8955 -1.0734 0.0740 0.3837 0.0652 0.0250 -0.0895 0.9935
1305031465.9275 -1.0527 0.0764 0.3780 0.0690 0.0320 -0.0895 0.9931
1305031465.9597 -1.0302 0.0927 0.3676 0.0807 0.0383 -0.0923 0.9917
1305031465.9958 -1.0039 0.0986 0.3624 0.0847 0.0408 -0.0943 0.9911
1305031466.0276 -0.9881 0.1069 0.3433 0.0870 0.0411 -0.0956 0.9908
1305031466.0598 -0.9683 0.1242 0.3315 0.0864 0.0426 -0.0928 0.9910
1305031466.0958 -0.9606 0.1466 0.3230 0.0853 0.0433 -0.0948 0.9909
1305031466.1276 -0.9469 0.1609 0.3180 0.0790 0.0404 -0.0941 0.9916
1305031466.1604 -0.9416 0.1868 0.3108 0.0789 0.0393 -0.0935 0.9917
1305031466.1958 -0.9302 0.2007 0.3024 0.0709 0.0336 -0.0888 0.9930
1305031466.2280 -0.9101 0.2001 0.2994 0.0560 0.0249 -0.0908 0.9940
1305031466.2598 -0.8958 0.1909 0.2912 0.0497 0.0218 -0.0962 0.9939
1305031466.2957 -0.8754 0.1952 0.2761 0.0517 0.0247 -0.1085 0.9924
1305031466.3277 -0.8588 0.1943 0.2571 0.0493 0.0329 -0.1157 0.9915
1305031466.3598 -0.8460 0.1943 0.2355 0.0432 0.0404 -0.1208 0.9909
1305031466.3958 -0.8371 0.1856 0.2164 0.0411 0.0419 -0.1235 0.9906
1305031466.4278 -0.8318 0.1908 0.2028 0.0452 0.0409 -0.1279 0.9899
1305031466.4598 -0.8188 0.1988 0.1917 0.0451 0.0367 -0.1303 0.9898
1305031466.4958 -0.8064 0.1990 0.1822 0.0413 0.0341 -0.1320 0.9898
1305031466.5275 -0.7779 0.1868 0.1659 0.0365 0.0322 -0.1299 0.9903
1305031466.5604 -0.7626 0.1926 0.1490 0.0365 0.0357 -0.1308 0.9901
1305031466.5959 -0.7388 0.1946 0.1351 0.0267 0.0345 -0.1341 0.9900
1305031466.6275 -0.7225 0.1729 0.1260 0.0169 0.0373 -0.1392 0.9894
1305031466.6597 -0.7020 0.1711 0.1157 0.0214 0.0384 -0.1454 0.9884
1305031466.6958 -0.6751 0.1806 0.1016 0.0237 0.0338 -0.1500 0.9878
1305031466.7281 -0.6585 0.1760 0.0962 0.0143 0.0322 -0.1609 0.9863
1305031466.7596 -0.6380 0.1634 0.0909 0.0138 0.0301 -0.1679 0.9852
1305031466.7956 -0.6218 0.1662 0.0799 0.0181 0.0276 -0.1710 0.9847
1305031466.8279 -0.6093 0.1621 0.0647 0.0133 0.0242 -0.1725 0.9846
1305031466.8597 -0.6044 0.1586 0.0654 0.0115 0.0216 -0.1710 0.9850
1305031466.8957 -0.5820 0.1536 0.0624 0.0120 0.0071 -0.1698 0.9854
1305031466.9278 -0.5750 0.1490 0.0548 0.0094 -0.0053 -0.1713 0.9852
1305031466.9597 -0.5667 0.1445 0.0509 0.0084 -0.0112 -0.1735 0.9847
1305031466.9957 -0.5592 0.1389 0.0420 0.0072 -0.0130 -0.1762 0.9842
1305031467.0278 -0.5532 0.1326 0.0393 0.0046 -0.0151 -0.1793 0.9837
1305031467.0597 -0.5430 0.1273 0.0305 0.0038 -0.0165 -0.1813 0.9833
1305031467.0957 -0.5313 0.1234 0.0229 0.0015 -0.0177 -0.1848 0.9826
1305031467.1290 -0.5306 0.1169 0.0172 -0.0016 -0.0175 -0.1948 0.9807
1305031467.1597 -0.5257 0.1149 0.0159 -0.0022 -0.0187 -0.1992 0.9798
1305031467.1957 -0.5216 0.1133 0.0146 -0.0026 -0.0210 -0.2021 0.9791
1305031467.2277 -0.5123 0.1125 0.0093 -0.0015 -0.0256 -0.2063 0.9782
1305031467.2597 -0.5072 0.1118 0.0076 -0.0013 -0.0283 -0.2098 0.9773
1305031467.2958 -0.5025 0.1117 -0.0009 -0.0001 -0.0308 -0.2165 0.9758
1305031467.3280 -0.4939 0.1078 -0.0057 -0.0011 -0.0352 -0.2211 0.9746
1305031467.3597 -0.4858 0.1157 -0.0134 -0.0015 -0.0384 -0.2233 0.9740
1305031467.3958 -0.4683 0.1175 -0.0106 -0.0056 -0.0465 -0.2270 0.9728
1305031467.4278 -0.4603 0.1166 -0.0165 -0.0067 -0.0504 -0.2298 0.9719
1305031467.4597 -0.4437 0.1087 -0.0251 -0.0085 -0.0580 -0.2300 0.9714
1305031467.4961 -0.4326 0.1106 -0.0310 -0.0127 -0.0627 -0.2374 0.9693
1305031467.5277 -0.4203 0.1091 -0.0414 -0.0154 -0.0654 -0.2406 0.9683
1305031467.5598 -0.4122 0.1033 -0.0452 -0.0162 -0.0665 -0.2416 0.9679
1305031467.5960 -0.4049 0.1001 -0.0467 -0.0168 -0.0680 -0.2388 0.9685
1305031467.6275 -0.3959 0.0957 -0.0446 -0.0151 -0.0717 -0.2364 0.9689
1305031467.6596 -0.3863 0.0919 -0.0400 -0.0091 -0.0768 -0.2358 0.9687
1305031467.6959 -0.3832 0.0888 -0.0375 -0.0083 -0.0786 -0.2388 0.9678
1305031467.7275 -0.3788 0.0862 -0.0286 -0.0039 -0.0802 -0.2445 0.9663
1305031467.7599 -0.3801 0.0808 -0.0198 0.0000 -0.0806 -0.2468 0.9657
1305031467.7961 -0.3745 0.0828 -0.0128 0.0047 -0.0821 -0.2520 0.9642
1305031467.8278 -0.3767 0.0868 -0.0031 0.0117 -0.0816 -0.2549 0.9634
1305031467.8597 -0.3733 0.0810 0.0041 0.0195 -0.0857 -0.2533 0.9634
1305031467.8959 -0.3667 0.0771 0.0140 0.0231 -0.0923 -0.2546 0.9623
1305031467.9278 -0.3637 0.0662 0.0294 0.0246 -0.0982 -0.2594 0.9605
1305031467.9598 -0.3649 0.0505 0.0404 0.0283 -0.1016 -0.2617 0.9594
1305031467.9958 -0.3566 0.0478 0.0429 0.0307 -0.1034 -0.2621 0.9590
1305031468.0281 -0.3519 0.0439 0.0607 0.0310 -0.1037 -0.2656 0.9580
1305031468.0598 -0.3506 0.0350 0.0785 0.0360 -0.1067 -0.2683 0.9567
1305031468.0959 -0.3477 0.0321 0.0925 0.0381 -0.1086 -0.2707 0.9558
1305031468.1278 -0.3427 0.0243 0.1056 0.0373 -0.1103 -0.2703 0.9557
1305031468.1599 -0.3401 0.0145 0.1298 0.0386 -0.1126 -0.2719 0.9549
1305031468.1960 -0.3317 0.0130 0.1469 0.0411 -0.1137 -0.2753 0.9537
1305031468.2282 -0.3181 0.0009 0.1682 0.0409 -0.1158 -0.2758 0.9533
1305031468.2598 -0.3069 -0.0138 0.1859 0.0415 -0.1162 -0.2748 0.9536
1305031468.2958 -0.2969 -0.0181 0.2063 0.0443 -0.1154 -0.2754 0.9533
1305031468.3278 -0.2882 -0.0417 0.2294 0.0446 -0.1163 -0.2735 0.9538
1305031468.3598 -0.2771 -0.0418 0.2515 0.0529 -0.1164 -0.2669 0.9552
1305031468.4598 -0.2648 -0.0903 0.2774 0.0471 -0.1161 -0.2630 0.9566
1305031468.5278 -0.2608 -0.1237 0.2954 0.0456 -0.1150 -0.2695 0.9550
1305031468.5597 -0.2747 -0.1452 0.2953 0.0486 -0.1137 -0.2792 0.9522
1305031468.6596 -0.3033 -0.1807 0.3044 0.0448 -0.1136 -0.2873 0.9500
1305031468.6958 -0.3121 -0.1968 0.3152 0.0480 -0.1197 -0.2918 0.9478
1305031468.7278 -0.3221 -0.2070 0.3163 0.0518 -0.1237 -0.2941 0.9463
1305031468.7958 -0.3369 -0.2356 0.3315 0.0561 -0.1310 -0.2972 0.9441
1305031468.8292 -0.3519 -0.2436 0.3235 0.0638 -0.1301 -0.3063 0.9408
1305031468.9596 -0.3646 -0.2577 0.3369 0.0609 -0.1112 -0.3076 0.9430
1305031469.0277 -0.3652 -0.2635 0.3473 0.0275 -0.1020 -0.3126 0.9440
1305031469.1277 -0.3699 -0.2905 0.3808 -0.0115 -0.0915 -0.3366 0.9371
1305031469.1955 -0.3777 -0.2969 0.4007 -0.0269 -0.0698 -0.3451 0.9356
1305031469.2596 -0.3764 -0.3222 0.4231 -0.0408 -0.0659 -0.3514 0.9330
1305031469.2968 -0.3750 -0.3201 0.4350 -0.0426 -0.0617 -0.3518 0.9331
1305031469.3276 -0.3782 -0.3141 0.4469 -0.0454 -0.0578 -0.3530 0.9327
1305031469.3596 -0.3619 -0.3284 0.4628 -0.0541 -0.0604 -0.3585 0.9300
1305031469.3957 -0.3534 -0.3261 0.4783 -0.0510 -0.0506 -0.3632 0.9289
1305031469.4277 -0.3484 -0.3259 0.4904 -0.0491 -0.0412 -0.3678 0.9277
1305031469.4597 -0.3463 -0.3370 0.5009 -0.0538 -0.0350 -0.3750 0.9248
1305031469.4957 -0.3499 -0.3245 0.5088 -0.0511 -0.0295 -0.3753 0.9250
1305031469.5276 -0.3465 -0.3133 0.5189 -0.0512 -0.0300 -0.3740 0.9255
1305031469.5596 -0.3374 -0.3036 0.5320 -0.0555 -0.0316 -0.3714 0.9263
1305031469.6596 -0.3299 -0.2796 0.5756 -0.0769 -0.0252 -0.3687 0.9260
1305031469.7596 -0.3288 -0.2359 0.6085 -0.0860 -0.0071 -0.3583 0.9296
1305031469.9279 -0.3460 -0.1522 0.6714 -0.1077 -0.0046 -0.3423 0.9334
1305031470.0959 -0.3791 -0.0647 0.7112 -0.1132 -0.0083 -0.3314 0.9366
1305031470.2600 -0.4277 0.0123 0.7241 -0.1296 -0.0066 -0.3138 0.9406
1305031470.4276 -0.4813 0.0868 0.7402 -0.1471 -0.0053 -0.2959 0.9438
1305031470.5958 -0.5352 0.1358 0.7437 -0.1454 -0.0080 -0.2900 0.9459
1305031470.7956 -0.5908 0.1822 0.7550 -0.1469 0.0038 -0.2673 0.9523
1305031470.8278 -0.6017 0.1917 0.7575 -0.1400 0.0073 -0.2607 0.9552
1305031470.8596 -0.6111 0.1992 0.7572 -0.1325 0.0086 -0.2542 0.9580
1305031470.8957 -0.6212 0.2082 0.7560 -0.1248 0.0094 -0.2488 0.9604
1305031470.9277 -0.6264 0.2094 0.7575 -0.1204 0.0031 -0.2419 0.9628
1305031470.9596 -0.6401 0.2169 0.7595 -0.1065 0.0028 -0.2419 0.9644
1305031470.9960 -0.6472 0.2157 0.7568 -0.0994 0.0008 -0.2388 0.9660
1305031471.0276 -0.6505 0.2162 0.7558 -0.0887 -0.0018 -0.2374 0.9673
1305031471.0596 -0.6581 0.2135 0.7546 -0.0795 -0.0014 -0.2328 0.9693
1305031471.0958 -0.6684 0.2242 0.7523 -0.0634 0.0022 -0.2273 0.9718
1305031471.1277 -0.6767 0.2255 0.7517 -0.0562 0.0021 -0.2194 0.9740
1305031471.1596 -0.6799 0.2231 0.7515 -0.0523 0.0005 -0.2127 0.9757
1305031471.1957 -0.6819 0.2276 0.7515 -0.0468 0.0010 -0.2090 0.9768
1305031471.2276 -0.6864 0.2294 0.7510 -0.0455 0.0032 -0.2056 0.9776
1305031471.2597 -0.6920 0.2305 0.7515 -0.0450 0.0055 -0.2041 0.9779
1305031471.2961 -0.6949 0.2284 0.7526 -0.0446 0.0058 -0.2009 0.9786
1305031471.3276 -0.6949 0.2284 0.7524 -0.0412 0.0064 -0.1986 0.9792
1305031471.3596 -0.6978 0.2299 0.7508 -0.0390 0.0123 -0.1949 0.9800
1305031471.3957 -0.6986 0.2274 0.7518 -0.0386 0.0135 -0.1911 0.9807
1305031471.4277 -0.7054 0.2252 0.7495 -0.0376 0.0163 -0.1864 0.9816
1305031471.4965 -0.7197 0.2289 0.7480 -0.0366 0.0207 -0.1781 0.9831
1305031471.5276 -0.7224 0.2308 0.7471 -0.0357 0.0211 -0.1757 0.9836
1305031471.5597 -0.7227 0.2314 0.7466 -0.0355 0.0212 -0.1738 0.9839
1305031471.5957 -0.7237 0.2334 0.7466 -0.0337 0.0238 -0.1720 0.9842
1305031471.6276 -0.7241 0.2363 0.7465 -0.0311 0.0259 -0.1697 0.9847
1305031471.6596 -0.7255 0.2373 0.7441 -0.0282 0.0279 -0.1681 0.9850
1305031471.7958 -0.7312 0.2400 0.7320 -0.0254 0.0436 -0.1437 0.9883
1305031472.0276 -0.7369 0.2544 0.7334 -0.0475 0.0739 -0.0953 0.9916
1305031472.5636 -0.7521 0.2077 0.7458 -0.0574 0.0731 -0.0711 0.9931
1305031472.7956 -0.7460 0.1846 0.7462 -0.0476 0.0686 -0.0672 0.9942
