1305031453.3917 0.0000 0.0000 0.0000 0.0000 0.0000 0.0000 1.0000
1305031453.5237 0.0099 0.0217 -0.0377 0.0188 0.0219 0.0355 0.9990
1305031453.6277 0.0081 0.0415 -0.0802 0.0403 0.0276 0.0500 0.9976
1305031453.7277 0.0004 0.0600 -0.1234 0.0564 0.0115 0.0416 0.9975
1305031453.8597 -0.0234 0.0848 -0.1668 0.0683 -0.0297 0.0152 0.9971
1305031453.9277 -0.0304 0.0923 -0.1826 0.0643 -0.0682 0.0053 0.9956
1305031453.9596 -0.0310 0.0895 -0.1842 0.0610 -0.0862 -0.0013 0.9944
1305031453.9916 -0.0385 0.0902 -0.1842 0.0608 -0.0987 -0.0099 0.9932
1305031454.0277 -0.0570 0.0958 -0.1835 0.0634 -0.1090 -0.0148 0.9919
1305031454.0597 -0.0703 0.1033 -0.1865 0.0663 -0.1184 -0.0217 0.9905
1305031454.0917 -0.0883 0.1130 -0.1747 0.0703 -0.1275 -0.0301 0.9889
1305031454.1277 -0.1087 0.1230 -0.1693 0.0771 -0.1381 -0.0403 0.9866
1305031454.1597 -0.1286 0.1325 -0.1707 0.0801 -0.1482 -0.0498 0.9844
1305031454.1917 -0.1408 0.1349 -0.1658 0.0800 -0.1639 -0.0597 0.9814
1305031454.2277 -0.1605 0.1430 -0.1586 0.0858 -0.1773 -0.0758 0.9775
1305031454.2596 -0.1718 0.1406 -0.1681 0.0879 -0.1878 -0.0887 0.9742
1305031454.2916 -0.1800 0.1449 -0.1689 0.0881 -0.1956 -0.0982 0.9718
1305031454.3277 -0.1910 0.1451 -0.1692 0.0878 -0.2057 -0.1072 0.9688
1305031454.3596 -0.2016 0.1497 -0.1782 0.0937 -0.2137 -0.1208 0.9649
1305031454.3917 -0.2088 0.1540 -0.1798 0.0954 -0.2226 -0.1300 0.9615
1305031454.4275 -0.2221 0.1561 -0.1855 0.0952 -0.2321 -0.1393 0.9580
1305031454.4599 -0.2328 0.1603 -0.1842 0.0984 -0.2409 -0.1525 0.9534
1305031454.4916 -0.2368 0.1663 -0.1777 0.1017 -0.2475 -0.1664 0.9491
1305031454.5277 -0.2420 0.1729 -0.1779 0.1030 -0.2539 -0.1807 0.9446
1305031454.5596 -0.2438 0.1771 -0.1718 0.1014 -0.2628 -0.1924 0.9400
1305031454.5916 -0.2565 0.1827 -0.1742 0.0998 -0.2706 -0.2061 0.9351
1305031454.6276 -0.2661 0.1853 -0.1775 0.0972 -0.2812 -0.2159 0.9300
1305031454.6595 -0.2730 0.2032 -0.1758 0.0978 -0.2913 -0.2220 0.9254
1305031454.6919 -0.2850 0.2094 -0.1723 0.0928 -0.3029 -0.2268 0.9210
1305031454.7277 -0.2868 0.2182 -0.1747 0.0921 -0.3150 -0.2317 0.9158
1305031454.7597 -0.2894 0.2225 -0.1701 0.0890 -0.3199 -0.2292 0.9150
1305031454.7916 -0.2892 0.2259 -0.1583 0.0838 -0.3247 -0.2219 0.9156
1305031454.8276 -0.2857 0.2323 -0.1559 0.0810 -0.3263 -0.2171 0.9164
1305031454.8596 -0.2838 0.2251 -0.1523 0.0716 -0.3267 -0.2142 0.9178
1305031454.8918 -0.2833 0.2287 -0.1532 0.0673 -0.3231 -0.2081 0.9208
1305031454.9276 -0.2817 0.2380 -0.1491 0.0646 -0.3215 -0.2014 0.9230
1305031454.9596 -0.2805 0.2429 -0.1499 0.0619 -0.3189 -0.1970 0.9250
1305031454.9919 -0.2830 0.2459 -0.1514 0.0587 -0.3175 -0.1927 0.9266
1305031455.0278 -0.2847 0.2512 -0.1516 0.0583 -0.3169 -0.1905 0.9273
1305031455.0596 -0.2857 0.2533 -0.1521 0.0566 -0.3160 -0.1889 0.9280
1305031455.0917 -0.2886 0.2570 -0.1561 0.0577 -0.3136 -0.1891 0.9287
1305031455.1277 -0.2922 0.2651 -0.1598 0.0597 -0.3105 -0.1887 0.9297
1305031455.1597 -0.2981 0.2697 -0.1639 0.0583 -0.3074 -0.1859 0.9314
1305031455.1917 -0.3018 0.2718 -0.1612 0.0544 -0.3076 -0.1812 0.9325
1305031455.2276 -0.3067 0.2738 -0.1664 0.0530 -0.3055 -0.1780 0.9339
1305031455.2596 -0.3118 0.2830 -0.1670 0.0513 -0.3031 -0.1720 0.9359
1305031455.2918 -0.3167 0.2738 -0.1643 0.0373 -0.3028 -0.1632 0.9382
1305031455.3278 -0.3291 0.2818 -0.1732 0.0327 -0.2992 -0.1551 0.9409
1305031455.3596 -0.3349 0.2894 -0.1668 0.0253 -0.3001 -0.1459 0.9424
1305031455.3917 -0.3403 0.2870 -0.1662 0.0118 -0.2971 -0.1367 0.9449
1305031455.4276 -0.3473 0.2892 -0.1698 0.0050 -0.2939 -0.1285 0.9472
1305031455.4596 -0.3624 0.2909 -0.1833 0.0020 -0.2870 -0.1238 0.9499
1305031455.4916 -0.3744 0.2950 -0.1908 -0.0017 -0.2834 -0.1159 0.9520
1305031455.5276 -0.3889 0.2951 -0.2038 -0.0055 -0.2792 -0.1072 0.9542
1305031455.5597 -0.4095 0.3011 -0.2209 -0.0062 -0.2765 -0.0969 0.9561
1305031455.5916 -0.4228 0.3036 -0.2374 -0.0094 -0.2767 -0.0859 0.9571
1305031455.6276 -0.4438 0.3019 -0.2512 -0.0138 -0.2711 -0.0776 0.9593
1305031455.6596 -0.4536 0.2997 -0.2662 -0.0122 -0.2686 -0.0737 0.9603
1305031455.6916 -0.4661 0.3010 -0.2811 -0.0093 -0.2651 -0.0748 0.9613
1305031455.7276 -0.4748 0.2992 -0.2901 -0.0084 -0.2628 -0.0772 0.9617
1305031455.7597 -0.4799 0.2964 -0.2955 -0.0083 -0.2605 -0.0785 0.9622
1305031455.7917 -0.4862 0.2912 -0.3044 -0.0077 -0.2576 -0.0775 0.9631
1305031455.8276 -0.4937 0.2881 -0.3187 -0.0071 -0.2550 -0.0770 0.9638
1305031455.8595 -0.5015 0.2863 -0.3276 -0.0066 -0.2531 -0.0780 0.9643
1305031455.8917 -0.5053 0.2839 -0.3386 -0.0064 -0.2511 -0.0785 0.9648
1305031455.9280 -0.5102 0.2801 -0.3468 -0.0075 -0.2490 -0.0788 0.9653
1305031455.9597 -0.5158 0.2797 -0.3548 -0.0066 -0.2463 -0.0805 0.9658
1305031455.9917 -0.5182 0.2768 -0.3596 -0.0083 -0.2446 -0.0810 0.9662
1305031456.0278 -0.5239 0.2816 -0.3660 -0.0097 -0.2404 -0.0843 0.9670
1305031456.0597 -0.5326 0.2682 -0.3710 -0.0195 -0.2365 -0.0914 0.9671
1305031456.0917 -0.5385 0.2622 -0.3740 -0.0227 -0.2341 -0.0941 0.9674
1305031456.1276 -0.5430 0.2613 -0.3782 -0.0224 -0.2317 -0.0948 0.9679
1305031456.1597 -0.5498 0.2621 -0.3801 -0.0211 -0.2277 -0.0949 0.9689
1305031456.1917 -0.5603 0.2396 -0.3897 -0.0230 -0.2198 -0.0942 0.9707
1305031456.2277 -0.5656 0.2426 -0.3960 -0.0206 -0.2126 -0.0917 0.9726
1305031456.2917 -0.5796 0.2212 -0.3982 -0.0248 -0.1933 -0.0857 0.9771
1305031456.3277 -0.5885 0.2135 -0.4022 -0.0234 -0.1839 -0.0789 0.9795
1305031456.3916 -0.5948 0.1960 -0.3939 -0.0251 -0.1663 -0.0674 0.9834
1305031456.4277 -0.6023 0.1931 -0.3924 -0.0220 -0.1595 -0.0582 0.9852
1305031456.4917 -0.6421 0.2096 -0.3907 -0.0238 -0.1499 -0.0454 0.9874
1305031456.5276 -0.6615 0.2162 -0.3848 -0.0254 -0.1484 -0.0409 0.9878
1305031456.5917 -0.6855 0.2295 -0.3733 -0.0230 -0.1435 -0.0326 0.9888
1305031456.6276 -0.6881 0.2437 -0.3668 -0.0335 -0.1422 -0.0279 0.9889
1305031456.6916 -0.7321 0.2278 -0.3517 -0.0481 -0.1285 -0.0162 0.9904
1305031456.7916 -0.7877 0.2273 -0.3333 -0.0579 -0.1341 0.0051 0.9893
1305031457.0276 -0.8675 0.2527 -0.2879 -0.0745 -0.1170 0.0409 0.9895
1305031457.1917 -0.9244 0.2543 -0.3015 -0.0894 -0.0853 0.0681 0.9900
1305031457.2917 -0.9532 0.2445 -0.3216 -0.0860 -0.0652 0.0872 0.9903
1305031457.3917 -0.9917 0.2341 -0.3569 -0.0809 -0.0297 0.1058 0.9906
1305031457.4917 -1.0297 0.2269 -0.3876 -0.0752 -0.0162 0.1218 0.9896
1305031457.5597 -1.0563 0.2209 -0.4134 -0.0663 -0.0038 0.1315 0.9891
1305031457.6275 -1.0875 0.1945 -0.4335 -0.0717 0.0070 0.1353 0.9882
1305031457.6916 -1.1173 0.1807 -0.4525 -0.0752 0.0119 0.1399 0.9872
1305031457.7596 -1.1382 0.1464 -0.4672 -0.0795 0.0177 0.1389 0.9870
1305031457.7916 -1.1414 0.1288 -0.4701 -0.0737 0.0212 0.1384 0.9874
1305031457.8277 -1.1430 0.1351 -0.4872 -0.0605 0.0247 0.1421 0.9877
1305031457.8916 -1.1700 0.1188 -0.4947 -0.0480 0.0415 0.1423 0.9878
1305031457.9276 -1.1868 0.1112 -0.5062 -0.0351 0.0480 0.1454 0.9876
1305031457.9916 -1.2209 0.0985 -0.5054 -0.0211 0.0545 0.1501 0.9869
1305031458.0278 -1.2257 0.0937 -0.5072 -0.0105 0.0577 0.1529 0.9865
1305031458.0597 -1.2432 0.0996 -0.5133 -0.0005 0.0639 0.1541 0.9860
1305031458.1276 -1.2637 0.0883 -0.5081 -0.0033 0.0700 0.1551 0.9854
1305031458.1596 -1.2762 0.0823 -0.5070 -0.0027 0.0730 0.1561 0.9850
1305031458.1916 -1.2989 0.0784 -0.4930 -0.0025 0.0759 0.1589 0.9844
1305031458.2276 -1.3204 0.0653 -0.4740 -0.0099 0.0766 0.1591 0.9842
1305031458.2599 -1.3475 0.0398 -0.4638 -0.0140 0.0783 0.1540 0.9849
1305031458.2917 -1.3742 0.0267 -0.4599 -0.0085 0.0770 0.1579 0.9844
1305031458.3276 -1.3942 0.0212 -0.4468 -0.0069 0.0728 0.1592 0.9845
1305031458.3596 -1.4075 -0.0173 -0.4293 -0.0084 0.0717 0.1618 0.9842
1305031458.3916 -1.4335 -0.0101 -0.4143 0.0066 0.0734 0.1691 0.9828
1305031458.4276 -1.4408 -0.0005 -0.3935 0.0172 0.0732 0.1786 0.9810
1305031458.4596 -1.4358 -0.0090 -0.3859 0.0277 0.0747 0.1860 0.9793
1305031458.4917 -1.4278 -0.0252 -0.3803 0.0410 0.0797 0.1861 0.9784
1305031458.5277 -1.4389 -0.0174 -0.3819 0.0585 0.0876 0.1866 0.9768
1305031458.5596 -1.4499 -0.0164 -0.3752 0.0628 0.0948 0.1832 0.9765
1305031458.5916 -1.4691 -0.0183 -0.3644 0.0709 0.1031 0.1742 0.9767
1305031458.6277 -1.4820 -0.0021 -0.3480 0.0767 0.1050 0.1714 0.9766
1305031458.6596 -1.5063 -0.0116 -0.3365 0.0693 0.1041 0.1730 0.9770
1305031458.6917 -1.5246 -0.0132 -0.3131 0.0646 0.0932 0.1621 0.9802
1305031458.7276 -1.5218 -0.0131 -0.2945 0.0663 0.0776 0.1576 0.9822
1305031458.7599 -1.5302 -0.0156 -0.2851 0.0700 0.0639 0.1493 0.9842
1305031458.7916 -1.5309 -0.0076 -0.2623 0.0725 0.0487 0.1413 0.9861
1305031458.8276 -1.5236 -0.0127 -0.2377 0.0664 0.0383 0.1402 0.9871
1305031458.8917 -1.5292 -0.0163 -0.2173 0.0731 0.0373 0.1271 0.9885
1305031458.9276 -1.5365 -0.0141 -0.2167 0.0728 0.0424 0.1288 0.9881
1305031458.9596 -1.5366 -0.0216 -0.2078 0.0638 0.0447 0.1380 0.9874
1305031458.9916 -1.5455 -0.0406 -0.2082 0.0612 0.0495 0.1404 0.9870
1305031459.0277 -1.5819 -0.0412 -0.2036 0.0737 0.0556 0.1366 0.9863
1305031459.0596 -1.6000 -0.0514 -0.1992 0.0788 0.0489 0.1466 0.9848
1305031459.1276 -1.6187 -0.0428 -0.1850 0.0779 0.0609 0.1413 0.9850
1305031459.1596 -1.6271 -0.0377 -0.1768 0.0877 0.0335 0.1410 0.9855
1305031459.1917 -1.6418 -0.0333 -0.1625 0.0952 0.0174 0.1441 0.9848
1305031459.2276 -1.6475 -0.0319 -0.1516 0.0981 0.0042 0.1519 0.9835
1305031459.2598 -1.6530 -0.0265 -0.1357 0.0992 0.0025 0.1578 0.9825
1305031459.3276 -1.6617 -0.0192 -0.1093 0.0947 0.0319 0.1837 0.9779
1305031459.3597 -1.6685 -0.0158 -0.1022 0.0966 0.0542 0.2022 0.9731
1305031459.3917 -1.6845 0.0034 -0.0964 0.0950 0.0818 0.2253 0.9662
1305031459.4276 -1.6716 0.0091 -0.0862 0.0803 0.1084 0.2583 0.9566
1305031459.4597 -1.6856 0.0127 -0.0897 0.0775 0.1435 0.2954 0.9414
1305031459.5276 -1.6494 0.1266 -0.0526 0.1050 0.1299 0.2927 0.9415
1305031459.5596 -1.6669 0.1159 -0.0535 0.0948 0.1468 0.3169 0.9322
1305031459.5917 -1.6778 0.1149 -0.0521 0.0905 0.1512 0.3387 0.9242
1305031459.6276 -1.6789 0.1133 -0.0487 0.0862 0.1493 0.3508 0.9205
1305031459.6596 -1.6865 0.1145 -0.0448 0.0865 0.1542 0.3509 0.9196
1305031459.6916 -1.7007 0.1077 -0.0449 0.0816 0.1649 0.3557 0.9163
1305031459.7276 -1.7074 0.0946 -0.0460 0.0746 0.1700 0.3577 0.9152
1305031459.7917 -1.7407 0.0659 -0.0491 0.0726 0.1793 0.3538 0.9151
1305031459.8277 -1.7565 0.0477 -0.0487 0.0690 0.1817 0.3549 0.9145
1305031459.8597 -1.7790 0.0320 -0.0463 0.0650 0.1837 0.3535 0.9149
1305031459.8916 -1.7871 0.0084 -0.0443 0.0574 0.1798 0.3591 0.9140
1305031459.9276 -1.8000 -0.0081 -0.0390 0.0555 0.1796 0.3609 0.9135
1305031459.9917 -1.8243 -0.0347 -0.0269 0.0508 0.1793 0.3680 0.9109
1305031460.0276 -1.8337 -0.0471 -0.0184 0.0500 0.1812 0.3700 0.9098
1305031460.0597 -1.8455 -0.0697 -0.0189 0.0461 0.1831 0.3748 0.9077
1305031460.0917 -1.8602 -0.0916 -0.0179 0.0450 0.1802 0.3809 0.9058
1305031460.1277 -1.8673 -0.0983 -0.0095 0.0513 0.1710 0.3846 0.9056
1305031460.1597 -1.8797 -0.1085 -0.0056 0.0563 0.1644 0.3880 0.9051
1305031460.1916 -1.8834 -0.1187 0.0055 0.0558 0.1593 0.3938 0.9036
1305031460.2278 -1.8839 -0.1203 0.0140 0.0578 0.1600 0.3947 0.9029
1305031460.2917 -1.8914 -0.1350 0.0193 0.0636 0.1747 0.3962 0.8991
1305031460.3275 -1.8967 -0.1374 0.0223 0.0672 0.1811 0.3956 0.8979
1305031460.3916 -1.9039 -0.1460 0.0354 0.0660 0.2003 0.4016 0.8912
1305031460.4275 -1.9040 -0.1506 0.0380 0.0655 0.2070 0.4064 0.8875
1305031460.4596 -1.8996 -0.1495 0.0410 0.0636 0.2162 0.4095 0.8841
1305031460.4915 -1.9050 -0.1583 0.0393 0.0565 0.2301 0.4147 0.8786
1305031460.5276 -1.9122 -0.1749 0.0402 0.0473 0.2442 0.4217 0.8720
1305031460.5596 -1.9131 -0.1797 0.0459 0.0434 0.2523 0.4241 0.8686
1305031460.5919 -1.9163 -0.1852 0.0507 0.0414 0.2594 0.4246 0.8664
1305031460.6276 -1.9185 -0.1878 0.0536 0.0413 0.2648 0.4267 0.8638
1305031460.6598 -1.9231 -0.1924 0.0556 0.0410 0.2695 0.4256 0.8629
1305031460.6917 -1.9262 -0.1983 0.0576 0.0391 0.2719 0.4269 0.8616
1305031460.7277 -1.9273 -0.2010 0.0618 0.0376 0.2729 0.4266 0.8615
1305031460.7597 -1.9291 -0.2060 0.0647 0.0364 0.2758 0.4250 0.8614
1305031460.7917 -1.9331 -0.2127 0.0680 0.0349 0.2787 0.4246 0.8607
1305031460.8277 -1.9352 -0.2203 0.0740 0.0314 0.2807 0.4239 0.8606
1305031460.8597 -1.9355 -0.2230 0.0774 0.0292 0.2824 0.4225 0.8608
1305031460.8918 -1.9358 -0.2289 0.0807 0.0257 0.2847 0.4212 0.8608
1305031460.9276 -1.9388 -0.2352 0.0868 0.0235 0.2867 0.4208 0.8603
1305031460.9917 -1.9297 -0.2580 0.0960 0.0191 0.2895 0.4249 0.8575
1305031461.0276 -1.9325 -0.2675 0.1029 0.0197 0.2930 0.4248 0.8563
1305031461.0917 -1.9411 -0.2781 0.1230 0.0240 0.2946 0.4226 0.8567
1305031461.1276 -1.9373 -0.2849 0.1278 0.0220 0.2954 0.4211 0.8573
1305031461.1597 -1.9385 -0.2943 0.1376 0.0236 0.2998 0.4197 0.8564
1305031461.1920 -1.9389 -0.3010 0.1407 0.0240 0.3012 0.4168 0.8573
1305031461.2276 -1.9360 -0.3028 0.1446 0.0246 0.3012 0.4156 0.8579
1305031461.2596 -1.9375 -0.3067 0.1519 0.0266 0.3037 0.4133 0.8580
1305031461.2917 -1.9348 -0.3119 0.1552 0.0270 0.3046 0.4100 0.8593
1305031461.3278 -1.9343 -0.3115 0.1588 0.0292 0.3065 0.4057 0.8606
1305031461.3597 -1.9353 -0.3089 0.1641 0.0283 0.3093 0.4033 0.8607
1305031461.3917 -1.9288 -0.3144 0.1680 0.0232 0.3084 0.4038 0.8610
1305031461.4276 -1.9249 -0.3141 0.1699 0.0238 0.3081 0.4026 0.8616
1305031461.4598 -1.9249 -0.3149 0.1720 0.0218 0.3083 0.4029 0.8614
1305031461.4917 -1.9175 -0.3159 0.1726 0.0210 0.3071 0.4042 0.8613
1305031461.5277 -1.9199 -0.3109 0.1733 0.0277 0.3094 0.4010 0.8618
1305031461.5597 -1.9123 -0.3056 0.1707 0.0277 0.3081 0.3987 0.8633
1305031461.5917 -1.9030 -0.2990 0.1516 0.0267 0.3090 0.3968 0.8639
1305031461.6275 -1.8981 -0.2874 0.1475 0.0275 0.3115 0.3964 0.8632
1305031461.6596 -1.8976 -0.2836 0.1476 0.0262 0.3166 0.3945 0.8622
1305031461.6916 -1.8975 -0.2760 0.1529 0.0267 0.3206 0.3985 0.8589
1305031461.7276 -1.8947 -0.2698 0.1567 0.0266 0.3223 0.4004 0.8574
1305031461.7597 -1.8918 -0.2583 0.1521 0.0283 0.3223 0.4014 0.8568
1305031461.7916 -1.8848 -0.2532 0.1476 0.0233 0.3244 0.4068 0.8537
1305031461.8276 -1.8831 -0.2427 0.1448 0.0225 0.3306 0.4088 0.8503
1305031461.8598 -1.8844 -0.2300 0.1434 0.0226 0.3360 0.4138 0.8458
1305031461.8917 -1.8846 -0.2155 0.1524 0.0196 0.3398 0.4274 0.8375
1305031461.9278 -1.8743 -0.2105 0.1567 0.0106 0.3379 0.4376 0.8332
1305031461.9597 -1.8701 -0.1932 0.1499 0.0081 0.3421 0.4384 0.8311
1305031461.9916 -1.8797 -0.1775 0.1529 0.0019 0.3512 0.4451 0.8237
1305031462.0277 -1.8805 -0.1785 0.1614 -0.0116 0.3526 0.4559 0.8171
1305031462.0598 -1.8785 -0.1716 0.1619 -0.0175 0.3453 0.4684 0.8131
1305031462.0918 -1.8714 -0.1609 0.1572 -0.0206 0.3347 0.4823 0.8093
1305031462.1277 -1.8665 -0.1490 0.1569 -0.0227 0.3282 0.4938 0.8050
1305031462.1596 -1.8660 -0.1287 0.1508 -0.0206 0.3199 0.5007 0.8041
1305031462.1916 -1.8685 -0.1188 0.1537 -0.0223 0.3196 0.4982 0.8057
1305031462.2276 -1.8750 -0.1029 0.1523 -0.0234 0.3172 0.4960 0.8080
1305031462.2598 -1.8819 -0.1091 0.1584 -0.0355 0.3212 0.4909 0.8090
1305031462.2916 -1.8884 -0.0992 0.1614 -0.0399 0.3191 0.4847 0.8134
1305031462.3917 -1.9192 -0.0533 0.1781 -0.0483 0.3158 0.4631 0.8267
1305031462.4920 -1.9571 -0.0318 0.2212 -0.0690 0.3148 0.4487 0.8335
1305031462.6925 -1.9859 -0.0158 0.2109 -0.0929 0.2939 0.3978 0.8641
1305031462.8278 -1.9903 -0.0014 0.1967 -0.1093 0.2689 0.3650 0.8846
1305031462.9597 -1.9776 0.0033 0.1709 -0.1259 0.2620 0.3424 0.8935
1305031463.0598 -1.9741 0.0211 0.1306 -0.1128 0.2514 0.3218 0.9058
1305031463.1598 -1.9647 0.0562 0.0972 -0.0969 0.2426 0.2917 0.9201
1305031463.2600 -1.9470 0.0821 0.0676 -0.0889 0.2394 0.2755 0.9267
1305031463.3598 -1.9281 0.1091 0.0376 -0.0764 0.2305 0.2625 0.9339
1305031463.4598 -1.8990 0.1379 0.0118 -0.0683 0.2241 0.2559 0.9379
1305031463.5277 -1.8751 0.1595 -0.0037 -0.0659 0.2316 0.2491 0.9381
1305031463.6276 -1.8395 0.1844 -0.0370 -0.0558 0.2297 0.2401 0.9415
1305031463.6598 -1.8311 0.1955 -0.0552 -0.0420 0.2314 0.2336 0.9435
1305031463.7276 -1.8128 0.1951 -0.0860 -0.0412 0.2349 0.2234 0.9451
1305031463.7597 -1.7968 0.1927 -0.1062 -0.0350 0.2362 0.2135 0.9473
1305031463.7956 -1.7781 0.1849 -0.1354 -0.0345 0.2327 0.2040 0.9503
1305031463.8599 -1.7479 0.1721 -0.1697 -0.0344 0.2342 0.1841 0.9540
1305031463.8956 -1.7363 0.1716 -0.1952 -0.0293 0.2326 0.1729 0.9566
1305031463.9597 -1.7105 0.1540 -0.2298 -0.0302 0.2250 0.1603 0.9606
1305031463.9958 -1.7091 0.1553 -0.2423 -0.0207 0.2253 0.1519 0.9622
1305031464.0597 -1.6831 0.1400 -0.2737 -0.0213 0.2196 0.1326 0.9663
1305031464.0956 -1.6822 0.1293 -0.2931 -0.0176 0.2217 0.1205 0.9675
1305031464.1277 -1.6849 0.1249 -0.3004 -0.0150 0.2232 0.1157 0.9678
1305031464.1598 -1.6769 0.1114 -0.3090 -0.0117 0.2194 0.1144 0.9688
1305031464.1956 -1.6731 0.1024 -0.3202 -0.0017 0.2144 0.1100 0.9705
1305031464.2276 -1.6749 0.1197 -0.3325 0.0154 0.2053 0.0988 0.9736
1305031464.2596 -1.6800 0.1183 -0.3367 0.0196 0.1928 0.0979 0.9762
1305031464.2957 -1.6773 0.1238 -0.3367 0.0234 0.1780 0.0916 0.9795
1305031464.3279 -1.6529 0.1265 -0.3459 0.0254 0.1597 0.0859 0.9831
1305031464.3597 -1.6472 0.1234 -0.3588 0.0282 0.1525 0.0806 0.9846
1305031464.3956 -1.6424 0.1296 -0.3676 0.0341 0.1496 0.0681 0.9858
1305031464.4276 -1.6364 0.1299 -0.3843 0.0352 0.1492 0.0611 0.9863
1305031464.4597 -1.6377 0.1244 -0.3974 0.0366 0.1497 0.0529 0.9866
1305031464.4956 -1.6316 0.1227 -0.4069 0.0378 0.1487 0.0466 0.9871
1305031464.5276 -1.6309 0.1182 -0.4315 0.0374 0.1501 0.0394 0.9872
1305031464.5597 -1.6158 0.1202 -0.4391 0.0372 0.1471 0.0322 0.9879
1305031464.5957 -1.6034 0.1005 -0.4692 0.0374 0.1504 0.0181 0.9878
1305031464.6277 -1.5884 0.0903 -0.4924 0.0486 0.1595 0.0130 0.9859
1305031464.6597 -1.5813 0.0795 -0.5128 0.0578 0.1709 0.0019 0.9836
1305031464.6957 -1.5542 0.0606 -0.5413 0.0689 0.1738 -0.0101 0.9823
1305031464.7277 -1.5481 0.0562 -0.5502 0.0863 0.1775 -0.0276 0.9799
1305031464.7597 -1.5574 0.0584 -0.5519 0.0989 0.1801 -0.0451 0.9776
1305031464.7960 -1.5557 0.0536 -0.5605 0.1047 0.1746 -0.0653 0.9769
1305031464.8278 -1.5518 0.0604 -0.5527 0.1180 0.1614 -0.0799 0.9765
1305031464.8597 -1.5481 0.0848 -0.5468 0.1280 0.1462 -0.0984 0.9760
1305031464.8958 -1.5412 0.0790 -0.5325 0.1240 0.1322 -0.1162 0.9765
1305031464.9278 -1.5162 0.0538 -0.5436 0.1165 0.1173 -0.1366 0.9767
1305031464.9598 -1.5059 0.0411 -0.5408 0.1181 0.1118 -0.1549 0.9745
1305031464.9957 -1.5068 0.0489 -0.5290 0.1255 0.1138 -0.1736 0.9701
1305031465.0278 -1.5073 0.0543 -0.5184 0.1299 0.1163 -0.1927 0.9656
1305031465.0597 -1.5094 0.0679 -0.4983 0.1363 0.1150 -0.2104 0.9612
1305031465.0957 -1.4760 0.0957 -0.4865 0.1348 0.1008 -0.2248 0.9597
1305031465.1277 -1.4581 0.1013 -0.4559 0.1173 0.0913 -0.2393 0.9595
1305031465.1598 -1.4440 0.0974 -0.4295 0.0993 0.0819 -0.2470 0.9604
1305031465.1956 -1.4194 0.0805 -0.4111 0.0818 0.0702 -0.2557 0.9607
1305031465.2279 -1.4041 0.0822 -0.3873 0.0688 0.0647 -0.2626 0.9603
1305031465.2598 -1.3868 0.0737 -0.3618 0.0543 0.0569 -0.2628 0.9616
1305031465.3277 -1.3625 0.0936 -0.3267 0.0425 0.0404 -0.2433 0.9682
1305031465.3956 -1.3199 0.0922 -0.2986 0.0357 0.0052 -0.2223 0.9743
1305031465.4277 -1.2948 0.0871 -0.3021 0.0350 -0.0081 -0.2122 0.9766
1305031465.4601 -1.2759 0.0953 -0.3013 0.0378 -0.0173 -0.2035 0.9782
1305031465.4957 -1.2567 0.1030 -0.2971 0.0356 -0.0253 -0.1929 0.9802
1305031465.5276 -1.2422 0.0970 -0.2977 0.0323 -0.0325 -0.1905 0.9806
1305031465.5598 -1.2207 0.1019 -0.2998 0.0372 -0.0406 -0.1855 0.9811
1305031465.5956 -1.2038 0.1041 -0.3050 0.0397 -0.0449 -0.1804 0.9818
1305031465.6277 -1.1932 0.1105 -0.3036 0.0427 -0.0479 -0.1757 0.9823
1305031465.6601 -1.1838 0.1156 -0.3012 0.0446 -0.0534 -0.1712 0.9828
1305031465.6957 -1.1628 0.1187 -0.3016 0.0477 -0.0608 -0.1668 0.9830
1305031465.7277 -1.1469 0.1257 -0.3035 0.0528 -0.0642 -0.1606 0.9835
1305031465.7598 -1.1302 0.1374 -0.3047 0.0590 -0.0685 -0.1544 0.9839
1305031465.7959 -1.1157 0.1415 -0.3031 0.0612 -0.0712 -0.1515 0.9840
1305031465.8280 -1.0982 0.1457 -0.3055 0.0665 -0.0751 -0.1478 0.9839
1305031465.8599 -1.0713 0.1593 -0.3184 0.0767 -0.0782 -0.1447 0.9834
1305031465.8955 -1.0465 0.1651 -0.3265 0.0796 -0.0728 -0.1434 0.9838
1305031465.9275 -1.0221 0.1640 -0.3235 0.0831 -0.0676 -0.1419 0.9841
1305031465.9597 -0.9950 0.1768 -0.3277 0.0943 -0.0626 -0.1424 0.9833
1305031465.9958 -0.9712 0.1797 -0.3347 0.0991 -0.0586 -0.1433 0.9830
1305031466.0276 -0.9451 0.1842 -0.3436 0.1011 -0.0601 -0.1437 0.9826
1305031466.0598 -0.9171 0.2037 -0.3422 0.1021 -0.0607 -0.1406 0.9829
1305031466.0958 -0.9060 0.2206 -0.3471 0.0988 -0.0599 -0.1412 0.9832
1305031466.1276 -0.8937 0.2418 -0.3476 0.0958 -0.0614 -0.1424 0.9832
1305031466.1604 -0.8846 0.2661 -0.3506 0.0946 -0.0624 -0.1428 0.9832
1305031466.1958 -0.8733 0.2848 -0.3529 0.0886 -0.0658 -0.1420 0.9837
1305031466.2280 -0.8572 0.2813 -0.3558 0.0720 -0.0726 -0.1461 0.9840
1305031466.2598 -0.8388 0.2768 -0.3614 0.0692 -0.0763 -0.1522 0.9830
1305031466.2957 -0.8116 0.2781 -0.3677 0.0724 -0.0754 -0.1611 0.9814
1305031466.3277 -0.7941 0.2786 -0.3805 0.0727 -0.0668 -0.1688 0.9807
1305031466.3598 -0.7839 0.2905 -0.3905 0.0727 -0.0547 -0.1762 0.9801
1305031466.3958 -0.7712 0.2790 -0.4081 0.0699 -0.0534 -0.1781 0.9801
1305031466.4278 -0.7603 0.2835 -0.4164 0.0740 -0.0558 -0.1812 0.9791
1305031466.4598 -0.7487 0.2920 -0.4230 0.0754 -0.0585 -0.1835 0.9784
1305031466.4958 -0.7351 0.2969 -0.4275 0.0733 -0.0603 -0.1844 0.9783
1305031466.5275 -0.7087 0.2850 -0.4420 0.0696 -0.0618 -0.1847 0.9784
1305031466.5604 -0.6901 0.2969 -0.4547 0.0730 -0.0555 -0.1850 0.9785
1305031466.5959 -0.6700 0.3035 -0.4611 0.0651 -0.0542 -0.1890 0.9783
1305031466.6275 -0.6502 0.2819 -0.4733 0.0570 -0.0519 -0.1933 0.9781
1305031466.6597 -0.6268 0.2765 -0.4800 0.0608 -0.0513 -0.1975 0.9771
1305031466.6958 -0.6092 0.2861 -0.4867 0.0635 -0.0514 -0.2025 0.9759
1305031466.7281 -0.6017 0.2929 -0.4877 0.0601 -0.0485 -0.2160 0.9733
1305031466.7596 -0.5779 0.2771 -0.4954 0.0590 -0.0515 -0.2220 0.9719
1305031466.7956 -0.5661 0.2777 -0.5052 0.0623 -0.0524 -0.2248 0.9710
1305031466.8279 -0.5526 0.2848 -0.5105 0.0624 -0.0547 -0.2272 0.9703
1305031466.8597 -0.5497 0.2831 -0.5108 0.0613 -0.0564 -0.2276 0.9702
1305031466.8957 -0.5343 0.2795 -0.5140 0.0613 -0.0677 -0.2268 0.9696
1305031466.9278 -0.5189 0.2730 -0.5229 0.0579 -0.0818 -0.2307 0.9678
1305031466.9597 -0.5084 0.2666 -0.5245 0.0563 -0.0883 -0.2340 0.9666
1305031466.9957 -0.4981 0.2616 -0.5318 0.0555 -0.0908 -0.2363 0.9658
1305031467.0278 -0.4878 0.2570 -0.5367 0.0548 -0.0936 -0.2389 0.9650
1305031467.0597 -0.4742 0.2549 -0.5441 0.0549 -0.0960 -0.2401 0.9644
1305031467.0957 -0.4621 0.2621 -0.5418 0.0563 -0.0965 -0.2433 0.9635
1305031467.1290 -0.4566 0.2580 -0.5410 0.0553 -0.0973 -0.2505 0.9616
1305031467.1597 -0.4498 0.2560 -0.5430 0.0558 -0.0986 -0.2552 0.9602
1305031467.1957 -0.4434 0.2555 -0.5469 0.0562 -0.1008 -0.2591 0.9589
1305031467.2277 -0.4332 0.2550 -0.5472 0.0570 -0.1054 -0.2624 0.9575
1305031467.2597 -0.4263 0.2565 -0.5476 0.0582 -0.1082 -0.2652 0.9563
1305031467.2958 -0.4211 0.2561 -0.5519 0.0588 -0.1103 -0.2702 0.9547
1305031467.3280 -0.4101 0.2549 -0.5561 0.0592 -0.1142 -0.2738 0.9531
1305031467.3597 -0.3989 0.2624 -0.5631 0.0594 -0.1176 -0.2760 0.9521
1305031467.3958 -0.3839 0.2628 -0.5610 0.0554 -0.1236 -0.2802 0.9503
1305031467.4278 -0.3777 0.2606 -0.5629 0.0544 -0.1263 -0.2832 0.9492
1305031467.4597 -0.3654 0.2552 -0.5698 0.0527 -0.1313 -0.2835 0.9485
1305031467.4961 -0.3440 0.2763 -0.5770 0.0554 -0.1362 -0.2898 0.9457
1305031467.5277 -0.3325 0.2691 -0.5812 0.0517 -0.1383 -0.2944 0.9442
1305031467.5598 -0.3246 0.2648 -0.5801 0.0514 -0.1392 -0.2953 0.9438
1305031467.5960 -0.3181 0.2624 -0.5845 0.0508 -0.1401 -0.2935 0.9443
1305031467.6275 -0.3086 0.2640 -0.5774 0.0533 -0.1439 -0.2917 0.9441
1305031467.6596 -0.3052 0.2593 -0.5764 0.0567 -0.1473 -0.2900 0.9439
1305031467.6959 -0.3039 0.2515 -0.5839 0.0564 -0.1478 -0.2926 0.9431
1305031467.7275 -0.3006 0.2493 -0.5788 0.0605 -0.1484 -0.2983 0.9409
1305031467.7599 -0.2995 0.2516 -0.5729 0.0668 -0.1490 -0.3013 0.9394
1305031467.7961 -0.2997 0.2516 -0.5759 0.0700 -0.1486 -0.3040 0.9384
1305031467.8278 -0.3029 0.2501 -0.5693 0.0745 -0.1480 -0.3050 0.9378
1305031467.8597 -0.2946 0.2522 -0.5598 0.0846 -0.1536 -0.3011 0.9373
1305031467.8959 -0.2928 0.2481 -0.5577 0.0877 -0.1578 -0.3020 0.9361
1305031467.9278 -0.2907 0.2362 -0.5410 0.0887 -0.1635 -0.3046 0.9342
1305031467.9598 -0.2889 0.2217 -0.5390 0.0925 -0.1676 -0.3064 0.9324
1305031467.9958 -0.2820 0.2167 -0.5368 0.0939 -0.1692 -0.3079 0.9315
1305031468.0281 -0.2793 0.2107 -0.5237 0.0941 -0.1697 -0.3104 0.9306
1305031468.0598 -0.2856 0.1945 -0.5133 0.0961 -0.1703 -0.3138 0.9291
1305031468.0959 -0.2844 0.1921 -0.5075 0.0981 -0.1717 -0.3162 0.9279
1305031468.1278 -0.2821 0.1854 -0.4973 0.0977 -0.1733 -0.3164 0.9275
1305031468.1599 -0.2820 0.1763 -0.4854 0.0989 -0.1746 -0.3180 0.9266
1305031468.1960 -0.2743 0.1669 -0.4705 0.0999 -0.1759 -0.3215 0.9250
1305031468.2282 -0.2708 0.1577 -0.4537 0.0999 -0.1759 -0.3215 0.9250
1305031468.2598 -0.2576 0.1364 -0.4339 0.0992 -0.1788 -0.3212 0.9247
1305031468.2958 -0.2537 0.1249 -0.4171 0.1003 -0.1776 -0.3221 0.9245
1305031468.3278 -0.2460 0.0918 -0.4021 0.0978 -0.1796 -0.3202 0.9250
1305031468.3598 -0.2374 0.0769 -0.3840 0.1019 -0.1813 -0.3170 0.9253
1305031468.4598 -0.2368 0.0196 -0.3611 0.0937 -0.1814 -0.3121 0.9278
1305031468.5278 -0.2401 -0.0116 -0.3357 0.0933 -0.1807 -0.3180 0.9260
1305031468.5597 -0.2552 -0.0263 -0.3452 0.0984 -0.1778 -0.3284 0.9224
1305031468.6596 -0.2842 -0.0643 -0.3471 0.0931 -0.1782 -0.3343 0.9208
1305031468.6958 -0.3045 -0.0847 -0.3475 0.0941 -0.1809 -0.3401 0.9180
1305031468.7278 -0.3130 -0.0915 -0.3421 0.0987 -0.1859 -0.3401 0.9165
1305031468.7958 -0.3313 -0.1154 -0.3362 0.1041 -0.1918 -0.3453 0.9128
1305031468.8292 -0.3470 -0.1298 -0.3511 0.1093 -0.1911 -0.3522 0.9097
1305031468.9596 -0.3573 -0.1528 -0.3464 0.1049 -0.1742 -0.3522 0.9136
1305031469.0277 -0.3628 -0.1546 -0.3344 0.0747 -0.1625 -0.3610 0.9153
1305031469.1277 -0.3690 -0.1797 -0.3022 0.0393 -0.1502 -0.3858 0.9094
1305031469.1955 -0.3751 -0.1973 -0.2836 0.0230 -0.1306 -0.3930 0.9099
1305031469.2596 -0.3853 -0.2015 -0.2530 0.0149 -0.1213 -0.3994 0.9086
1305031469.2968 -0.3890 -0.2109 -0.2393 0.0085 -0.1182 -0.4017 0.9081
1305031469.3276 -0.3870 -0.2097 -0.2287 0.0065 -0.1167 -0.4028 0.9078
1305031469.3596 -0.3849 -0.2181 -0.2106 -0.0006 -0.1139 -0.4083 0.9057
1305031469.3957 -0.3880 -0.2160 -0.1969 0.0026 -0.1001 -0.4132 0.9051
1305031469.4277 -0.3804 -0.2186 -0.1843 0.0060 -0.0919 -0.4177 0.9039
1305031469.4597 -0.3757 -0.2337 -0.1728 0.0023 -0.0874 -0.4232 0.9018
1305031469.4957 -0.3767 -0.2259 -0.1628 0.0040 -0.0837 -0.4248 0.9014
1305031469.5276 -0.3661 -0.2191 -0.1489 0.0041 -0.0875 -0.4215 0.9026
1305031469.5596 -0.3665 -0.2188 -0.1355 -0.0035 -0.0875 -0.4212 0.9027
1305031469.6596 -0.3610 -0.2022 -0.0908 -0.0260 -0.0813 -0.4208 0.9032
1305031469.7596 -0.3551 -0.1633 -0.0539 -0.0351 -0.0668 -0.4103 0.9088
1305031469.9279 -0.3735 -0.0855 0.0064 -0.0582 -0.0640 -0.3978 0.9134
1305031470.0959 -0.4073 0.0104 0.0439 -0.0622 -0.0644 -0.3853 0.9184
1305031470.2600 -0.4443 0.0957 0.0588 -0.0757 -0.0646 -0.3701 0.9237
1305031470.3958 -0.4817 0.1666 0.0717 -0.0884 -0.0613 -0.3521 0.9298
1305031470.5597 -0.5323 0.2233 0.0741 -0.0886 -0.0658 -0.3493 0.9305
1305031470.7597 -0.5800 0.2819 0.0799 -0.0850 -0.0638 -0.3268 0.9391
1305031470.7956 -0.5845 0.2883 0.0817 -0.0836 -0.0615 -0.3243 0.9402
1305031470.8278 -0.5927 0.2964 0.0821 -0.0789 -0.0605 -0.3199 0.9422
1305031470.8596 -0.6014 0.2977 0.0799 -0.0773 -0.0609 -0.3148 0.9441
1305031470.8957 -0.6092 0.3078 0.0783 -0.0705 -0.0617 -0.3093 0.9463
1305031470.9277 -0.6167 0.3152 0.0785 -0.0634 -0.0664 -0.3043 0.9481
1305031470.9596 -0.6281 0.3219 0.0775 -0.0510 -0.0690 -0.3024 0.9493
1305031470.9960 -0.6330 0.3181 0.0717 -0.0460 -0.0720 -0.3009 0.9498
1305031471.0276 -0.6357 0.3196 0.0696 -0.0346 -0.0749 -0.2983 0.9509
1305031471.0596 -0.6426 0.3173 0.0672 -0.0264 -0.0753 -0.2937 0.9526
1305031471.0958 -0.6509 0.3302 0.0626 -0.0093 -0.0726 -0.2885 0.9547
1305031471.1277 -0.6572 0.3323 0.0600 -0.0024 -0.0743 -0.2784 0.9576
1305031471.1596 -0.6578 0.3401 0.0585 0.0083 -0.0764 -0.2708 0.9596
1305031471.1957 -0.6602 0.3387 0.0570 0.0085 -0.0764 -0.2675 0.9605
1305031471.2276 -0.6634 0.3388 0.0556 0.0083 -0.0753 -0.2647 0.9613
1305031471.2597 -0.6691 0.3400 0.0546 0.0081 -0.0728 -0.2624 0.9622
1305031471.2961 -0.6730 0.3392 0.0548 0.0084 -0.0719 -0.2598 0.9630
1305031471.3276 -0.6715 0.3404 0.0545 0.0125 -0.0727 -0.2565 0.9637
1305031471.3596 -0.6729 0.3423 0.0529 0.0144 -0.0680 -0.2537 0.9648
1305031471.3957 -0.6783 0.3402 0.0521 0.0137 -0.0637 -0.2504 0.9660
1305031471.4277 -0.6823 0.3402 0.0473 0.0156 -0.0621 -0.2463 0.9671
1305031471.4965 -0.6982 0.3405 0.0409 0.0117 -0.0563 -0.2395 0.9692
1305031471.5276 -0.7004 0.3411 0.0391 0.0115 -0.0557 -0.2367 0.9699
1305031471.5597 -0.7016 0.3423 0.0377 0.0117 -0.0547 -0.2357 0.9702
1305031471.5957 -0.7040 0.3422 0.0373 0.0111 -0.0517 -0.2340 0.9708
1305031471.6276 -0.7061 0.3458 0.0350 0.0138 -0.0481 -0.2336 0.9711
1305031471.6596 -0.7077 0.3486 0.0312 0.0162 -0.0456 -0.2320 0.9715
1305031471.7958 -0.7123 0.3515 0.0141 0.0165 -0.0293 -0.2121 0.9767
1305031471.9956 -0.7189 0.3744 0.0099 0.0086 -0.0004 -0.1832 0.9830
1305031472.3277 -0.7339 0.4196 0.0154 0.0381 0.0145 -0.1450 0.9886
1305031472.5957 -0.7348 0.3976 0.0073 0.0448 0.0052 -0.1376 0.9895
1305031472.8276 -0.7362 0.3724 0.0127 0.0515 0.0054 -0.1375 0.9892
