1305031453.3917 0.0000 0.0000 0.0000 0.0000 0.0000 0.0000 1.0000
1305031453.5237 0.0121 0.0209 -0.0368 0.0180 0.0214 0.0368 0.9989
1305031453.6277 0.0099 0.0410 -0.0798 0.0402 0.0277 0.0515 0.9975
1305031453.7277 -0.0048 0.0685 -0.1283 0.0593 0.0131 0.0402 0.9973
1305031453.8278 -0.0279 0.0908 -0.1676 0.0706 -0.0121 0.0179 0.9973
1305031453.9277 -0.0619 0.1112 -0.1999 0.0687 -0.0589 -0.0008 0.9959
1305031453.9596 -0.0667 0.1153 -0.2060 0.0662 -0.0760 -0.0098 0.9949
1305031453.9916 -0.0774 0.1154 -0.2047 0.0644 -0.0873 -0.0211 0.9939
1305031454.0277 -0.0858 0.1168 -0.2081 0.0662 -0.1001 -0.0312 0.9923
1305031454.0597 -0.0937 0.1208 -0.2096 0.0672 -0.1118 -0.0422 0.9906
1305031454.0917 -0.1041 0.1189 -0.2037 0.0672 -0.1238 -0.0556 0.9885
1305031454.1277 -0.1138 0.1193 -0.2026 0.0704 -0.1383 -0.0690 0.9855
1305031454.1597 -0.1232 0.1272 -0.2058 0.0722 -0.1538 -0.0814 0.9821
1305031454.1917 -0.1337 0.1256 -0.2054 0.0691 -0.1700 -0.0959 0.9783
1305031454.2277 -0.1512 0.1266 -0.2001 0.0727 -0.1848 -0.1152 0.9733
1305031454.2596 -0.1465 0.1264 -0.2016 0.0775 -0.2012 -0.1300 0.9678
1305031454.2916 -0.1497 0.1270 -0.2038 0.0751 -0.2097 -0.1414 0.9646
1305031454.3277 -0.1692 0.1296 -0.2041 0.0769 -0.2163 -0.1569 0.9606
1305031454.3596 -0.1736 0.1330 -0.2029 0.0843 -0.2285 -0.1718 0.9546
1305031454.3917 -0.1774 0.1348 -0.2088 0.0849 -0.2360 -0.1834 0.9505
1305031454.4275 -0.1892 0.1404 -0.2095 0.0875 -0.2468 -0.1985 0.9445
1305031454.4599 -0.1854 0.1385 -0.2114 0.0890 -0.2585 -0.2131 0.9380
1305031454.4916 -0.1901 0.1411 -0.2144 0.0906 -0.2630 -0.2293 0.9328
1305031454.5277 -0.1898 0.1442 -0.2167 0.0899 -0.2697 -0.2447 0.9270
1305031454.5596 -0.1950 0.1474 -0.2197 0.0865 -0.2748 -0.2581 0.9221
1305031454.5916 -0.2043 0.1525 -0.2207 0.0841 -0.2835 -0.2747 0.9149
1305031454.6276 -0.2093 0.1535 -0.2198 0.0812 -0.2958 -0.2881 0.9072
1305031454.6595 -0.2105 0.1609 -0.2212 0.0761 -0.3071 -0.2957 0.9014
1305031454.6919 -0.2167 0.1632 -0.2190 0.0686 -0.3200 -0.3043 0.8946
1305031454.7277 -0.2154 0.1677 -0.2131 0.0646 -0.3337 -0.3089 0.8883
1305031454.7597 -0.2092 0.1666 -0.2123 0.0568 -0.3405 -0.3059 0.8873
1305031454.7916 -0.2048 0.1699 -0.2099 0.0511 -0.3441 -0.2995 0.8884
1305031454.8276 -0.1969 0.1752 -0.2081 0.0459 -0.3463 -0.2936 0.8898
1305031454.8596 -0.1933 0.1795 -0.2059 0.0393 -0.3439 -0.2875 0.8930
1305031454.8918 -0.1901 0.1859 -0.2054 0.0351 -0.3393 -0.2810 0.8970
1305031454.9276 -0.1881 0.1935 -0.2068 0.0308 -0.3335 -0.2754 0.9011
1305031454.9596 -0.1885 0.2016 -0.2106 0.0271 -0.3276 -0.2697 0.9051
1305031454.9919 -0.1926 0.2082 -0.2153 0.0235 -0.3238 -0.2645 0.9081
1305031455.0278 -0.1914 0.2169 -0.2195 0.0224 -0.3234 -0.2617 0.9091
1305031455.0596 -0.1954 0.2226 -0.2225 0.0202 -0.3202 -0.2603 0.9107
1305031455.0917 -0.1998 0.2300 -0.2278 0.0221 -0.3164 -0.2599 0.9120
1305031455.1277 -0.2045 0.2422 -0.2350 0.0240 -0.3108 -0.2583 0.9144
1305031455.1597 -0.2134 0.2528 -0.2420 0.0229 -0.3051 -0.2543 0.9175
1305031455.1917 -0.2225 0.2614 -0.2462 0.0192 -0.3011 -0.2489 0.9204
1305031455.2276 -0.2310 0.2673 -0.2514 0.0178 -0.2978 -0.2437 0.9229
1305031455.2596 -0.2358 0.2805 -0.2588 0.0160 -0.2927 -0.2375 0.9261
1305031455.2918 -0.2495 0.2862 -0.2637 0.0071 -0.2857 -0.2288 0.9306
1305031455.3278 -0.2590 0.2954 -0.2718 0.0009 -0.2827 -0.2187 0.9339
1305031455.3596 -0.2634 0.3043 -0.2753 -0.0073 -0.2813 -0.2126 0.9357
1305031455.3917 -0.2742 0.3056 -0.2778 -0.0187 -0.2741 -0.2055 0.9393
1305031455.4276 -0.2881 0.3115 -0.2851 -0.0261 -0.2660 -0.1959 0.9435
1305031455.4596 -0.3015 0.3126 -0.2919 -0.0319 -0.2619 -0.1879 0.9461
1305031455.4916 -0.3127 0.3183 -0.3011 -0.0364 -0.2576 -0.1773 0.9491
1305031455.5276 -0.3303 0.3186 -0.3093 -0.0423 -0.2529 -0.1649 0.9524
1305031455.5597 -0.3466 0.3211 -0.3216 -0.0452 -0.2522 -0.1518 0.9546
1305031455.5916 -0.3577 0.3262 -0.3344 -0.0480 -0.2527 -0.1379 0.9565
1305031455.6596 -0.3872 0.3194 -0.3476 -0.0533 -0.2498 -0.1196 0.9594
1305031455.6916 -0.4003 0.3218 -0.3611 -0.0486 -0.2479 -0.1205 0.9600
1305031455.7276 -0.4130 0.3200 -0.3725 -0.0462 -0.2449 -0.1251 0.9603
1305031455.7597 -0.4259 0.3187 -0.3849 -0.0445 -0.2395 -0.1282 0.9614
1305031455.7917 -0.4401 0.3117 -0.3969 -0.0436 -0.2343 -0.1274 0.9628
1305031455.8276 -0.4521 0.3094 -0.4143 -0.0408 -0.2309 -0.1271 0.9638
1305031455.8595 -0.4625 0.3057 -0.4256 -0.0404 -0.2296 -0.1282 0.9639
1305031455.8917 -0.4710 0.3030 -0.4379 -0.0399 -0.2273 -0.1285 0.9645
1305031455.9280 -0.4805 0.2985 -0.4466 -0.0406 -0.2245 -0.1293 0.9650
1305031455.9597 -0.4882 0.2982 -0.4597 -0.0390 -0.2211 -0.1316 0.9656
1305031455.9917 -0.4957 0.2965 -0.4692 -0.0404 -0.2168 -0.1338 0.9662
1305031456.0278 -0.5040 0.3027 -0.4832 -0.0421 -0.2095 -0.1388 0.9670
1305031456.0597 -0.5159 0.2976 -0.4860 -0.0506 -0.2043 -0.1467 0.9665
1305031456.0917 -0.5278 0.2908 -0.4883 -0.0558 -0.2001 -0.1520 0.9663
1305031456.1276 -0.5376 0.2863 -0.4936 -0.0567 -0.1959 -0.1534 0.9669
1305031456.1597 -0.5466 0.2783 -0.4916 -0.0582 -0.1915 -0.1536 0.9676
1305031456.1917 -0.5547 0.2708 -0.4950 -0.0535 -0.1844 -0.1510 0.9697
1305031456.2277 -0.5609 0.2758 -0.5023 -0.0482 -0.1745 -0.1473 0.9724
1305031456.2917 -0.5859 0.2609 -0.5002 -0.0485 -0.1521 -0.1404 0.9771
1305031456.3277 -0.5963 0.2550 -0.4984 -0.0449 -0.1422 -0.1335 0.9798
1305031456.3916 -0.6189 0.2513 -0.4927 -0.0399 -0.1179 -0.1243 0.9844
1305031456.4277 -0.6379 0.2546 -0.4936 -0.0325 -0.1049 -0.1175 0.9870
1305031456.4917 -0.6756 0.2737 -0.4903 -0.0348 -0.0942 -0.1062 0.9893
1305031456.5276 -0.6897 0.2751 -0.4813 -0.0410 -0.0950 -0.1012 0.9895
1305031456.5917 -0.7115 0.2798 -0.4687 -0.0437 -0.0900 -0.0894 0.9910
1305031456.6276 -0.7240 0.2926 -0.4611 -0.0538 -0.0833 -0.0842 0.9915
1305031456.6916 -0.7618 0.2774 -0.4406 -0.0695 -0.0702 -0.0700 0.9926
1305031456.8276 -0.8202 0.2999 -0.4126 -0.0773 -0.0787 -0.0381 0.9932
1305031457.0917 -0.9132 0.3224 -0.3693 -0.1058 -0.0414 -0.0020 0.9935
1305031457.2917 -0.9820 0.3025 -0.4008 -0.1055 0.0011 0.0328 0.9939
1305031457.3917 -1.0242 0.2896 -0.4303 -0.1001 0.0359 0.0503 0.9931
1305031457.4917 -1.0702 0.2751 -0.4623 -0.0965 0.0514 0.0658 0.9918
1305031457.5597 -1.0950 0.2625 -0.4846 -0.0899 0.0602 0.0730 0.9914
1305031457.6596 -1.1419 0.2538 -0.5160 -0.0821 0.0714 0.0834 0.9906
1305031457.7596 -1.1768 0.2186 -0.5289 -0.0895 0.0748 0.0828 0.9897
1305031457.7916 -1.1842 0.2011 -0.5312 -0.0847 0.0786 0.0821 0.9899
1305031457.8277 -1.1958 0.2027 -0.5445 -0.0727 0.0858 0.0835 0.9902
1305031457.8916 -1.2242 0.1746 -0.5473 -0.0654 0.1025 0.0836 0.9891
1305031457.9276 -1.2431 0.1731 -0.5537 -0.0511 0.1079 0.0880 0.9889
1305031457.9916 -1.2654 0.1596 -0.5572 -0.0398 0.1088 0.0937 0.9888
1305031458.0278 -1.2756 0.1459 -0.5555 -0.0331 0.1119 0.0947 0.9886
1305031458.0597 -1.2913 0.1539 -0.5579 -0.0217 0.1172 0.0977 0.9880
1305031458.0917 -1.3063 0.1560 -0.5530 -0.0205 0.1219 0.0997 0.9873
1305031458.1276 -1.3199 0.1475 -0.5444 -0.0226 0.1258 0.0998 0.9868
1305031458.1596 -1.3357 0.1380 -0.5357 -0.0222 0.1285 0.1019 0.9862
1305031458.1916 -1.3511 0.1439 -0.5296 -0.0205 0.1277 0.1073 0.9858
1305031458.2276 -1.3631 0.1371 -0.5155 -0.0286 0.1248 0.1082 0.9859
1305031458.2599 -1.3747 0.1155 -0.4920 -0.0338 0.1225 0.1038 0.9864
1305031458.2917 -1.3936 0.1120 -0.4849 -0.0248 0.1190 0.1045 0.9871
1305031458.3276 -1.4031 0.1093 -0.4720 -0.0230 0.1121 0.1073 0.9876
1305031458.3596 -1.4098 0.0954 -0.4495 -0.0178 0.1072 0.1085 0.9881
1305031458.3916 -1.4235 0.0966 -0.4407 -0.0048 0.1051 0.1133 0.9880
1305031458.4276 -1.4302 0.0955 -0.4276 0.0025 0.1045 0.1222 0.9870
1305031458.4596 -1.4248 0.0855 -0.4093 0.0110 0.1058 0.1315 0.9856
1305031458.4917 -1.4266 0.0792 -0.3914 0.0303 0.1146 0.1311 0.9843
1305031458.5277 -1.4458 0.1049 -0.3772 0.0568 0.1280 0.1294 0.9817
1305031458.5596 -1.4541 0.1111 -0.3584 0.0653 0.1373 0.1273 0.9801
1305031458.5916 -1.4666 0.1118 -0.3383 0.0745 0.1447 0.1212 0.9792
1305031458.6277 -1.4829 0.1363 -0.3221 0.0813 0.1464 0.1165 0.9790
1305031458.6596 -1.4970 0.1369 -0.3006 0.0747 0.1440 0.1167 0.9798
1305031458.6917 -1.4999 0.1377 -0.2765 0.0686 0.1287 0.1104 0.9831
1305031458.7276 -1.4886 0.1309 -0.2545 0.0652 0.1109 0.1025 0.9864
1305031458.7599 -1.5003 0.1335 -0.2399 0.0711 0.0982 0.0925 0.9883
1305031458.7916 -1.5027 0.1441 -0.2290 0.0711 0.0823 0.0841 0.9905
1305031458.8276 -1.4961 0.1397 -0.2134 0.0636 0.0725 0.0831 0.9919
1305031458.8917 -1.4931 0.1362 -0.1898 0.0708 0.0685 0.0730 0.9925
1305031458.9276 -1.5023 0.1412 -0.1847 0.0693 0.0752 0.0795 0.9916
1305031458.9596 -1.5062 0.1326 -0.1769 0.0601 0.0803 0.0916 0.9907
1305031458.9916 -1.5106 0.1142 -0.1669 0.0591 0.0828 0.0955 0.9902
1305031459.0277 -1.5362 0.1082 -0.1619 0.0699 0.0841 0.0945 0.9895
1305031459.0596 -1.5611 0.0970 -0.1516 0.0767 0.0803 0.1039 0.9884
1305031459.1276 -1.5071 0.1644 -0.1291 0.0981 0.0560 0.0916 0.9894
1305031459.1596 -1.5162 0.1621 -0.1241 0.1060 0.0296 0.0943 0.9894
1305031459.1917 -1.5265 0.1632 -0.1182 0.1113 0.0110 0.1015 0.9885
1305031459.2276 -1.5333 0.1636 -0.1098 0.1126 -0.0022 0.1132 0.9872
1305031459.2598 -1.5306 0.1704 -0.0960 0.1129 -0.0071 0.1238 0.9858
1305031459.3276 -1.5395 0.1759 -0.0695 0.1088 0.0229 0.1533 0.9819
1305031459.3597 -1.5505 0.1851 -0.0596 0.1138 0.0479 0.1737 0.9770
1305031459.3917 -1.5640 0.2091 -0.0510 0.1138 0.0751 0.2004 0.9702
1305031459.4276 -1.5622 0.2147 -0.0390 0.1015 0.1067 0.2362 0.9605
1305031459.4597 -1.5806 0.2143 -0.0368 0.0986 0.1443 0.2731 0.9460
1305031459.5276 -1.6054 0.2126 -0.0273 0.0954 0.1601 0.2706 0.9445
1305031459.5596 -1.6246 0.2065 -0.0301 0.0885 0.1773 0.2949 0.9348
1305031459.5917 -1.6449 0.2088 -0.0288 0.0863 0.1854 0.3117 0.9279
1305031459.6276 -1.6548 0.2060 -0.0251 0.0814 0.1873 0.3207 0.9249
1305031459.6596 -1.6681 0.2098 -0.0211 0.0825 0.1945 0.3211 0.9232
1305031459.6916 -1.6859 0.2067 -0.0174 0.0770 0.2075 0.3255 0.9193
1305031459.7276 -1.7002 0.1923 -0.0168 0.0697 0.2161 0.3289 0.9167
1305031459.7917 -1.7408 0.1678 -0.0122 0.0698 0.2290 0.3221 0.9159
1305031459.8277 -1.7591 0.1584 -0.0086 0.0689 0.2302 0.3195 0.9166
1305031459.8597 -1.7778 0.1478 -0.0038 0.0643 0.2299 0.3181 0.9175
1305031459.8916 -1.7889 0.1345 0.0021 0.0586 0.2260 0.3214 0.9177
1305031459.9276 -1.7999 0.1221 0.0078 0.0574 0.2238 0.3246 0.9172
1305031459.9917 -1.8233 0.1010 0.0197 0.0524 0.2219 0.3320 0.9153
1305031460.0276 -1.8312 0.0875 0.0259 0.0508 0.2223 0.3349 0.9143
1305031460.0597 -1.8440 0.0732 0.0304 0.0508 0.2233 0.3372 0.9132
1305031460.0917 -1.8573 0.0577 0.0367 0.0517 0.2197 0.3440 0.9114
1305031460.1277 -1.8625 0.0443 0.0437 0.0559 0.2107 0.3538 0.9096
1305031460.1597 -1.8720 0.0368 0.0488 0.0621 0.2029 0.3614 0.9080
1305031460.1916 -1.8726 0.0321 0.0588 0.0622 0.1953 0.3681 0.9069
1305031460.2278 -1.8658 0.0240 0.0700 0.0626 0.1936 0.3719 0.9057
1305031460.2917 -1.8706 0.0049 0.0813 0.0655 0.2099 0.3716 0.9020
1305031460.3275 -1.8743 -0.0064 0.0869 0.0668 0.2188 0.3735 0.8990
1305031460.3916 -1.8770 -0.0248 0.0996 0.0628 0.2381 0.3802 0.8915
1305031460.4275 -1.8794 -0.0360 0.1056 0.0619 0.2492 0.3850 0.8865
1305031460.4596 -1.8794 -0.0413 0.1099 0.0608 0.2613 0.3891 0.8813
1305031460.4915 -1.8872 -0.0497 0.1156 0.0555 0.2773 0.3949 0.8741
1305031460.5276 -1.8887 -0.0612 0.1199 0.0485 0.2884 0.4050 0.8663
1305031460.5596 -1.8873 -0.0717 0.1242 0.0424 0.2974 0.4090 0.8616
1305031460.5919 -1.8920 -0.0830 0.1289 0.0388 0.3075 0.4098 0.8579
1305031460.6276 -1.8925 -0.0934 0.1339 0.0361 0.3157 0.4122 0.8539
1305031460.6598 -1.8987 -0.1059 0.1380 0.0337 0.3245 0.4114 0.8511
1305031460.6917 -1.9070 -0.1155 0.1451 0.0312 0.3302 0.4121 0.8487
1305031460.7277 -1.9064 -0.1239 0.1519 0.0262 0.3319 0.4125 0.8480
1305031460.7597 -1.9067 -0.1350 0.1586 0.0230 0.3370 0.4112 0.8467
1305031460.7917 -1.9137 -0.1456 0.1665 0.0205 0.3422 0.4098 0.8453
1305031460.8277 -1.9151 -0.1522 0.1753 0.0164 0.3438 0.4071 0.8460
1305031460.8597 -1.9149 -0.1595 0.1833 0.0106 0.3475 0.4048 0.8458
1305031460.8918 -1.9164 -0.1718 0.1932 0.0033 0.3534 0.4022 0.8446
1305031460.9276 -1.9186 -0.1839 0.2047 -0.0024 0.3569 0.4016 0.8434
1305031460.9917 -1.9068 -0.2079 0.2195 -0.0065 0.3602 0.4047 0.8405
1305031461.0276 -1.9045 -0.2184 0.2284 -0.0053 0.3624 0.4053 0.8393
1305031461.0917 -1.9059 -0.2309 0.2449 -0.0018 0.3616 0.4042 0.8402
1305031461.1276 -1.8979 -0.2407 0.2519 -0.0042 0.3612 0.4026 0.8411
1305031461.1597 -1.8926 -0.2522 0.2600 -0.0029 0.3627 0.4010 0.8412
1305031461.1920 -1.8909 -0.2558 0.2652 0.0006 0.3626 0.3967 0.8433
1305031461.2276 -1.8887 -0.2615 0.2720 0.0011 0.3640 0.3942 0.8439
1305031461.2596 -1.8830 -0.2669 0.2791 0.0027 0.3639 0.3907 0.8456
1305031461.2917 -1.8799 -0.2700 0.2849 0.0052 0.3642 0.3848 0.8481
1305031461.3278 -1.8747 -0.2701 0.2898 0.0072 0.3658 0.3806 0.8493
1305031461.3597 -1.8774 -0.2721 0.2952 0.0032 0.3702 0.3769 0.8491
1305031461.3917 -1.8678 -0.2797 0.3054 -0.0050 0.3706 0.3777 0.8485
1305031461.4276 -1.8615 -0.2843 0.3091 -0.0059 0.3712 0.3762 0.8489
1305031461.4598 -1.8602 -0.2825 0.3127 -0.0089 0.3714 0.3781 0.8480
1305031461.4917 -1.8450 -0.2899 0.3154 -0.0134 0.3700 0.3795 0.8479
1305031461.5277 -1.8445 -0.2893 0.3138 -0.0072 0.3716 0.3775 0.8481
1305031461.5597 -1.8364 -0.2832 0.3093 -0.0070 0.3713 0.3745 0.8496
1305031461.5917 -1.8335 -0.2822 0.3054 -0.0069 0.3787 0.3710 0.8479
1305031461.6275 -1.8304 -0.2792 0.3025 -0.0093 0.3839 0.3709 0.8456
1305031461.6596 -1.8271 -0.2767 0.3004 -0.0114 0.3885 0.3710 0.8434
1305031461.6916 -1.8273 -0.2733 0.2969 -0.0129 0.3913 0.3767 0.8395
1305031461.7276 -1.8189 -0.2687 0.2942 -0.0159 0.3909 0.3822 0.8372
1305031461.7597 -1.8187 -0.2621 0.2873 -0.0161 0.3925 0.3852 0.8351
1305031461.7916 -1.8149 -0.2535 0.2824 -0.0200 0.3942 0.3896 0.8321
1305031461.8276 -1.8106 -0.2464 0.2778 -0.0221 0.3984 0.3943 0.8278
1305031461.8598 -1.8144 -0.2341 0.2722 -0.0220 0.4028 0.4006 0.8227
1305031461.8917 -1.8182 -0.2253 0.2684 -0.0265 0.4051 0.4121 0.8157
1305031461.9278 -1.8118 -0.2184 0.2665 -0.0352 0.4032 0.4216 0.8114
1305031461.9597 -1.8065 -0.2041 0.2581 -0.0396 0.4055 0.4244 0.8086
1305031461.9916 -1.8182 -0.1924 0.2580 -0.0464 0.4148 0.4294 0.8009
1305031462.0277 -1.8195 -0.1921 0.2623 -0.0585 0.4165 0.4407 0.7930
1305031462.0598 -1.8216 -0.1885 0.2643 -0.0637 0.4133 0.4529 0.7874
1305031462.0918 -1.8213 -0.1775 0.2595 -0.0650 0.4064 0.4647 0.7840
1305031462.1277 -1.8226 -0.1675 0.2557 -0.0674 0.4028 0.4741 0.7801
1305031462.1596 -1.8233 -0.1619 0.2526 -0.0719 0.4003 0.4803 0.7771
1305031462.1916 -1.8292 -0.1517 0.2502 -0.0741 0.3996 0.4796 0.7777
1305031462.2276 -1.8353 -0.1427 0.2487 -0.0793 0.3998 0.4800 0.7768
1305031462.2598 -1.8414 -0.1354 0.2468 -0.0850 0.3978 0.4790 0.7779
1305031462.2916 -1.8482 -0.1268 0.2464 -0.0906 0.3946 0.4754 0.7810
1305031462.3597 -1.8635 -0.1053 0.2477 -0.1031 0.3911 0.4639 0.7882
1305031462.4920 -1.8775 -0.0839 0.2923 -0.1472 0.3748 0.4467 0.7990
1305031462.6597 -1.9097 -0.0654 0.2859 -0.1687 0.3546 0.4040 0.8262
1305031462.7277 -1.9210 -0.0718 0.2794 -0.1744 0.3511 0.3915 0.8325
1305031462.7919 -1.9275 -0.0654 0.2646 -0.1813 0.3375 0.3746 0.8443
1305031462.8918 -1.9294 -0.0479 0.2382 -0.1919 0.3255 0.3617 0.8523
1305031462.9597 -1.9268 -0.0409 0.2169 -0.1930 0.3205 0.3566 0.8561
1305031463.0277 -1.9238 -0.0268 0.1873 -0.1823 0.3116 0.3464 0.8658
1305031463.0598 -1.9239 -0.0320 0.1685 -0.1829 0.3060 0.3398 0.8703
1305031463.1598 -1.9159 -0.0179 0.1275 -0.1763 0.2952 0.3139 0.8850
1305031463.2600 -1.8997 0.0028 0.0901 -0.1702 0.2877 0.2978 0.8942
1305031463.3598 -1.8830 0.0113 0.0517 -0.1653 0.2782 0.2884 0.9011
1305031463.4598 -1.8627 0.0278 0.0122 -0.1615 0.2711 0.2789 0.9070
1305031463.5277 -1.8295 0.0560 -0.0040 -0.1558 0.2738 0.2724 0.9091
1305031463.6276 -1.7934 0.0716 -0.0349 -0.1501 0.2731 0.2691 0.9113
1305031463.6956 -1.7760 0.0796 -0.0651 -0.1364 0.2754 0.2617 0.9149
1305031463.7597 -1.7306 0.0677 -0.0990 -0.1378 0.2696 0.2544 0.9185
1305031463.8278 -1.7037 0.0643 -0.1331 -0.1323 0.2692 0.2338 0.9249
1305031463.8599 -1.6849 0.0538 -0.1489 -0.1326 0.2685 0.2246 0.9273
1305031463.8956 -1.6753 0.0496 -0.1659 -0.1286 0.2697 0.2153 0.9297
1305031463.9597 -1.6505 0.0325 -0.1954 -0.1278 0.2624 0.2045 0.9343
1305031463.9958 -1.6382 0.0242 -0.2129 -0.1243 0.2578 0.1982 0.9374
1305031464.0277 -1.6295 0.0196 -0.2306 -0.1221 0.2541 0.1901 0.9404
1305031464.0597 -1.6134 0.0073 -0.2442 -0.1235 0.2511 0.1817 0.9427
1305031464.0956 -1.6058 -0.0019 -0.2594 -0.1197 0.2518 0.1725 0.9447
1305031464.1277 -1.6059 -0.0086 -0.2707 -0.1163 0.2526 0.1665 0.9460
1305031464.1598 -1.6010 -0.0213 -0.2777 -0.1126 0.2496 0.1648 0.9476
1305031464.1956 -1.5967 -0.0321 -0.2884 -0.1033 0.2428 0.1612 0.9510
1305031464.2276 -1.5982 -0.0323 -0.3011 -0.0912 0.2335 0.1569 0.9553
1305031464.2596 -1.5964 -0.0308 -0.3155 -0.0829 0.2185 0.1558 0.9597
1305031464.2957 -1.5867 -0.0314 -0.3281 -0.0794 0.2000 0.1521 0.9647
1305031464.3279 -1.5725 -0.0338 -0.3407 -0.0770 0.1848 0.1475 0.9686
1305031464.3597 -1.5585 -0.0404 -0.3507 -0.0736 0.1744 0.1429 0.9715
1305031464.3956 -1.5412 -0.0388 -0.3666 -0.0675 0.1661 0.1352 0.9745
1305031464.4276 -1.5300 -0.0387 -0.3797 -0.0651 0.1642 0.1253 0.9763
1305031464.4597 -1.5219 -0.0488 -0.3926 -0.0642 0.1617 0.1169 0.9778
1305031464.4956 -1.5052 -0.0495 -0.4079 -0.0611 0.1573 0.1108 0.9794
1305031464.5276 -1.4960 -0.0525 -0.4256 -0.0595 0.1566 0.1027 0.9805
1305031464.5597 -1.4804 -0.0589 -0.4403 -0.0623 0.1525 0.0916 0.9821
1305031464.5957 -1.4569 -0.0823 -0.4570 -0.0633 0.1535 0.0812 0.9828
1305031464.6277 -1.4418 -0.0914 -0.4743 -0.0538 0.1628 0.0716 0.9826
1305031464.6597 -1.4298 -0.0977 -0.4865 -0.0443 0.1730 0.0577 0.9822
1305031464.6957 -1.4212 -0.1214 -0.4920 -0.0354 0.1826 0.0395 0.9817
1305031464.7277 -1.4230 -0.1248 -0.4985 -0.0173 0.1888 0.0215 0.9816
1305031464.7597 -1.4170 -0.1166 -0.5078 -0.0030 0.1860 0.0021 0.9826
1305031464.7960 -1.4166 -0.1257 -0.5039 0.0026 0.1808 -0.0163 0.9834
1305031464.8278 -1.4183 -0.1281 -0.4995 0.0127 0.1687 -0.0306 0.9851
1305031464.8597 -1.4063 -0.1187 -0.5024 0.0199 0.1493 -0.0455 0.9875
1305031464.8958 -1.3883 -0.1178 -0.5039 0.0174 0.1300 -0.0646 0.9892
1305031464.9278 -1.3691 -0.1389 -0.4972 0.0109 0.1149 -0.0845 0.9897
1305031464.9598 -1.3496 -0.1534 -0.4889 0.0121 0.1063 -0.1019 0.9890
1305031464.9957 -1.3290 -0.1544 -0.4826 0.0181 0.1012 -0.1199 0.9875
1305031465.0278 -1.3224 -0.1530 -0.4678 0.0217 0.1004 -0.1416 0.9846
1305031465.0597 -1.3227 -0.1322 -0.4504 0.0300 0.0955 -0.1610 0.9819
1305031465.0957 -1.3036 -0.0860 -0.4385 0.0314 0.0825 -0.1759 0.9804
1305031465.1277 -1.2872 -0.0748 -0.4226 0.0135 0.0698 -0.1905 0.9791
1305031465.1598 -1.2774 -0.0720 -0.4010 -0.0048 0.0601 -0.1990 0.9781
1305031465.1956 -1.2610 -0.0681 -0.3820 -0.0182 0.0497 -0.2056 0.9772
1305031465.2279 -1.2451 -0.0523 -0.3665 -0.0289 0.0420 -0.2110 0.9762
1305031465.2956 -1.2244 -0.0359 -0.3320 -0.0464 0.0291 -0.2018 0.9779
1305031465.3277 -1.2125 -0.0215 -0.3184 -0.0534 0.0196 -0.1898 0.9802
1305031465.3956 -1.1800 -0.0206 -0.3007 -0.0622 -0.0106 -0.1664 0.9840
1305031465.4277 -1.1531 -0.0162 -0.2993 -0.0609 -0.0246 -0.1544 0.9858
1305031465.4601 -1.1302 -0.0043 -0.3014 -0.0581 -0.0352 -0.1402 0.9878
1305031465.4957 -1.1039 0.0077 -0.3032 -0.0602 -0.0458 -0.1303 0.9886
1305031465.5276 -1.0854 0.0031 -0.2991 -0.0651 -0.0545 -0.1261 0.9884
1305031465.5598 -1.0629 0.0069 -0.3037 -0.0606 -0.0631 -0.1197 0.9890
1305031465.5956 -1.0363 0.0172 -0.3096 -0.0551 -0.0684 -0.1106 0.9900
1305031465.6277 -1.0205 0.0280 -0.3171 -0.0509 -0.0710 -0.1013 0.9910
1305031465.6601 -1.0011 0.0362 -0.3226 -0.0479 -0.0798 -0.0924 0.9914
1305031465.6957 -0.9700 0.0438 -0.3268 -0.0432 -0.0892 -0.0845 0.9915
1305031465.7277 -0.9468 0.0550 -0.3331 -0.0365 -0.0927 -0.0751 0.9922
1305031465.7598 -0.9217 0.0701 -0.3406 -0.0294 -0.0976 -0.0657 0.9926
1305031465.7959 -0.8946 0.0820 -0.3428 -0.0245 -0.1019 -0.0589 0.9927
1305031465.8280 -0.8716 0.0886 -0.3466 -0.0177 -0.1054 -0.0530 0.9929
1305031465.8599 -0.8427 0.1117 -0.3543 -0.0051 -0.1086 -0.0478 0.9929
1305031465.8955 -0.8133 0.1301 -0.3557 -0.0011 -0.1058 -0.0451 0.9934
1305031465.9275 -0.7897 0.1368 -0.3566 0.0036 -0.0998 -0.0443 0.9940
1305031465.9597 -0.7669 0.1525 -0.3637 0.0151 -0.0929 -0.0457 0.9945
1305031465.9958 -0.7525 0.1713 -0.3732 0.0236 -0.0854 -0.0502 0.9948
1305031466.0276 -0.7364 0.1916 -0.3833 0.0306 -0.0825 -0.0521 0.9948
1305031466.0598 -0.7212 0.2122 -0.3930 0.0297 -0.0793 -0.0518 0.9951
1305031466.0958 -0.7079 0.2253 -0.4028 0.0244 -0.0796 -0.0519 0.9952
1305031466.1276 -0.6927 0.2381 -0.4109 0.0183 -0.0832 -0.0518 0.9950
1305031466.1604 -0.6800 0.2500 -0.4241 0.0126 -0.0868 -0.0500 0.9949
1305031466.1958 -0.6668 0.2645 -0.4369 0.0049 -0.0940 -0.0496 0.9943
1305031466.2280 -0.6476 0.2692 -0.4444 -0.0071 -0.1032 -0.0537 0.9932
1305031466.2598 -0.6240 0.2646 -0.4508 -0.0119 -0.1081 -0.0603 0.9922
1305031466.2957 -0.6025 0.2717 -0.4629 -0.0081 -0.1048 -0.0721 0.9918
1305031466.3277 -0.5864 0.2785 -0.4794 -0.0065 -0.0950 -0.0825 0.9920
1305031466.3598 -0.5729 0.2813 -0.4926 -0.0114 -0.0859 -0.0891 0.9922
1305031466.3958 -0.5627 0.2699 -0.5033 -0.0148 -0.0824 -0.0930 0.9921
1305031466.4278 -0.5503 0.2775 -0.5208 -0.0075 -0.0841 -0.0976 0.9916
1305031466.4598 -0.5319 0.2859 -0.5325 -0.0073 -0.0896 -0.1013 0.9908
1305031466.4958 -0.5096 0.2888 -0.5376 -0.0116 -0.0941 -0.1017 0.9903
1305031466.5275 -0.4850 0.2869 -0.5397 -0.0144 -0.0942 -0.1020 0.9902
1305031466.5604 -0.4664 0.2954 -0.5500 -0.0148 -0.0899 -0.1043 0.9904
1305031466.5959 -0.4454 0.3006 -0.5549 -0.0226 -0.0894 -0.1076 0.9899
1305031466.6275 -0.4236 0.2892 -0.5478 -0.0307 -0.0892 -0.1121 0.9892
1305031466.6597 -0.4027 0.2887 -0.5533 -0.0245 -0.0875 -0.1173 0.9889
1305031466.6958 -0.3828 0.3011 -0.5641 -0.0214 -0.0886 -0.1249 0.9880
1305031466.7281 -0.3625 0.3018 -0.5607 -0.0273 -0.0918 -0.1337 0.9864
1305031466.7596 -0.3437 0.2950 -0.5550 -0.0259 -0.0935 -0.1416 0.9852
1305031466.7956 -0.3256 0.3013 -0.5662 -0.0182 -0.0954 -0.1469 0.9844
1305031466.8279 -0.3072 0.3040 -0.5716 -0.0213 -0.0999 -0.1493 0.9835
1305031466.8597 -0.2971 0.3012 -0.5673 -0.0237 -0.1049 -0.1494 0.9829
1305031466.8957 -0.2827 0.3023 -0.5714 -0.0209 -0.1169 -0.1505 0.9815
1305031466.9278 -0.2651 0.3017 -0.5758 -0.0215 -0.1315 -0.1517 0.9794
1305031466.9597 -0.2479 0.2993 -0.5773 -0.0215 -0.1414 -0.1521 0.9780
1305031466.9957 -0.2294 0.2970 -0.5812 -0.0209 -0.1470 -0.1543 0.9768
1305031467.0278 -0.2134 0.2950 -0.5824 -0.0207 -0.1516 -0.1580 0.9755
1305031467.0597 -0.1945 0.2921 -0.5874 -0.0209 -0.1547 -0.1607 0.9746
1305031467.0957 -0.1784 0.2914 -0.5883 -0.0225 -0.1565 -0.1665 0.9733
1305031467.1290 -0.1664 0.2906 -0.5854 -0.0212 -0.1599 -0.1766 0.9710
1305031467.1597 -0.1529 0.2889 -0.5881 -0.0192 -0.1634 -0.1837 0.9691
1305031467.1957 -0.1405 0.2883 -0.5897 -0.0180 -0.1684 -0.1879 0.9675
1305031467.2277 -0.1275 0.2871 -0.5912 -0.0174 -0.1753 -0.1926 0.9653
1305031467.2597 -0.1144 0.2859 -0.5923 -0.0155 -0.1808 -0.1969 0.9635
1305031467.2958 -0.1005 0.2852 -0.5949 -0.0131 -0.1867 -0.2028 0.9612
1305031467.3280 -0.0863 0.2841 -0.6008 -0.0122 -0.1923 -0.2065 0.9593
1305031467.3597 -0.0705 0.2837 -0.6054 -0.0158 -0.1990 -0.2083 0.9575
1305031467.3958 -0.0582 0.2843 -0.6065 -0.0207 -0.2052 -0.2128 0.9551
1305031467.4278 -0.0465 0.2824 -0.6051 -0.0220 -0.2109 -0.2161 0.9531
1305031467.4597 -0.0310 0.2808 -0.6121 -0.0223 -0.2176 -0.2177 0.9512
1305031467.4961 -0.0147 0.2792 -0.6198 -0.0271 -0.2239 -0.2227 0.9485
1305031467.5277 -0.0014 0.2791 -0.6157 -0.0307 -0.2268 -0.2283 0.9463
1305031467.5598 0.0102 0.2762 -0.6131 -0.0300 -0.2279 -0.2302 0.9456
1305031467.5960 0.0236 0.2725 -0.6139 -0.0305 -0.2300 -0.2290 0.9454
1305031467.6275 0.0288 0.2658 -0.6036 -0.0301 -0.2350 -0.2263 0.9448
1305031467.6596 0.0407 0.2579 -0.6004 -0.0252 -0.2411 -0.2224 0.9443
1305031467.6959 0.0537 0.2515 -0.6007 -0.0223 -0.2451 -0.2252 0.9427
1305031467.7275 0.0582 0.2457 -0.5857 -0.0180 -0.2479 -0.2296 0.9410
1305031467.7599 0.0662 0.2380 -0.5775 -0.0123 -0.2513 -0.2315 0.9397
1305031467.7961 0.0739 0.2305 -0.5715 -0.0084 -0.2543 -0.2339 0.9384
1305031467.8278 0.0704 0.2230 -0.5516 -0.0044 -0.2566 -0.2341 0.9377
1305031467.8597 0.0714 0.2147 -0.5400 0.0019 -0.2610 -0.2309 0.9373
1305031467.8959 0.0782 0.2085 -0.5329 0.0065 -0.2686 -0.2296 0.9355
1305031467.9278 0.0798 0.2012 -0.5133 0.0094 -0.2764 -0.2313 0.9327
1305031467.9598 0.0806 0.1913 -0.4941 0.0154 -0.2822 -0.2314 0.9309
1305031467.9958 0.0922 0.1880 -0.4836 0.0198 -0.2856 -0.2331 0.9294
1305031468.0281 0.0874 0.1785 -0.4560 0.0182 -0.2863 -0.2360 0.9284
1305031468.0598 0.0838 0.1656 -0.4368 0.0226 -0.2888 -0.2384 0.9270
1305031468.0959 0.0896 0.1593 -0.4249 0.0253 -0.2926 -0.2398 0.9253
1305031468.1278 0.0864 0.1495 -0.4020 0.0239 -0.2945 -0.2406 0.9246
1305031468.1599 0.0872 0.1381 -0.3849 0.0259 -0.2967 -0.2434 0.9231
1305031468.1960 0.0899 0.1273 -0.3678 0.0258 -0.2977 -0.2465 0.9219
1305031468.2282 0.0883 0.1131 -0.3482 0.0239 -0.2968 -0.2463 0.9223
1305031468.2598 0.0911 0.0973 -0.3317 0.0230 -0.2958 -0.2448 0.9231
1305031468.2958 0.0896 0.0836 -0.3154 0.0224 -0.2932 -0.2451 0.9238
1305031468.3278 0.0870 0.0627 -0.2982 0.0225 -0.2914 -0.2433 0.9249
1305031468.3598 0.0898 0.0515 -0.2884 0.0263 -0.2887 -0.2385 0.9269
1305031468.4280 0.0876 0.0200 -0.2671 0.0192 -0.2866 -0.2390 0.9275
1305031468.4598 0.0887 0.0034 -0.2580 0.0179 -0.2874 -0.2365 0.9280
1305031468.5278 0.0815 -0.0323 -0.2398 0.0148 -0.2843 -0.2427 0.9274
1305031468.5597 0.0744 -0.0488 -0.2337 0.0214 -0.2850 -0.2503 0.9250
1305031468.6596 0.0498 -0.0925 -0.2239 0.0159 -0.2884 -0.2586 0.9218
1305031468.6958 0.0412 -0.1069 -0.2203 0.0200 -0.2949 -0.2612 0.9189
1305031468.7278 0.0346 -0.1164 -0.2183 0.0245 -0.3008 -0.2615 0.9168
1305031468.7596 0.0282 -0.1272 -0.2122 0.0259 -0.3056 -0.2616 0.9151
1305031468.7958 0.0175 -0.1449 -0.2032 0.0289 -0.3089 -0.2656 0.9128
1305031468.8292 0.0100 -0.1557 -0.2014 0.0377 -0.3113 -0.2709 0.9101
1305031468.9281 0.0013 -0.1786 -0.1854 0.0357 -0.3020 -0.2743 0.9123
1305031468.9957 -0.0032 -0.1690 -0.1871 0.0208 -0.2899 -0.2774 0.9158
1305031469.0598 -0.0229 -0.1859 -0.1737 -0.0112 -0.2821 -0.2930 0.9135
1305031469.1597 -0.0300 -0.2028 -0.1352 -0.0417 -0.2670 -0.3225 0.9072
1305031469.2278 -0.0497 -0.2079 -0.1170 -0.0525 -0.2491 -0.3322 0.9082
1305031469.2968 -0.0600 -0.2076 -0.0935 -0.0611 -0.2413 -0.3394 0.9071
1305031469.3276 -0.0646 -0.2021 -0.0836 -0.0648 -0.2373 -0.3419 0.9070
1305031469.3596 -0.0628 -0.2028 -0.0641 -0.0711 -0.2344 -0.3464 0.9055
1305031469.3957 -0.0666 -0.2034 -0.0485 -0.0719 -0.2240 -0.3523 0.9058
1305031469.4277 -0.0688 -0.1928 -0.0388 -0.0676 -0.2122 -0.3587 0.9065
1305031469.4597 -0.0746 -0.1811 -0.0266 -0.0651 -0.2020 -0.3662 0.9060
1305031469.4957 -0.0840 -0.1663 -0.0161 -0.0628 -0.1948 -0.3699 0.9063
1305031469.5276 -0.0852 -0.1528 -0.0054 -0.0641 -0.1946 -0.3702 0.9061
1305031469.5596 -0.0843 -0.1426 0.0074 -0.0695 -0.1954 -0.3705 0.9054
1305031469.6596 -0.0901 -0.1118 0.0474 -0.0915 -0.1882 -0.3704 0.9050
1305031469.7596 -0.0975 -0.0709 0.0779 -0.1041 -0.1732 -0.3663 0.9083
1305031469.9279 -0.1253 0.0177 0.1197 -0.1284 -0.1727 -0.3527 0.9107
1305031470.0959 -0.1686 0.1039 0.1271 -0.1379 -0.1754 -0.3454 0.9115
1305031470.2600 -0.2172 0.1810 0.1121 -0.1562 -0.1717 -0.3316 0.9144
1305031470.4276 -0.2720 0.2512 0.0948 -0.1782 -0.1683 -0.3187 0.9156
1305031470.5958 -0.3260 0.2959 0.0724 -0.1810 -0.1681 -0.3141 0.9167
1305031470.7956 -0.3831 0.3354 0.0595 -0.1921 -0.1544 -0.2942 0.9234
1305031470.8278 -0.3928 0.3425 0.0594 -0.1878 -0.1535 -0.2898 0.9259
1305031470.8596 -0.4021 0.3463 0.0568 -0.1835 -0.1535 -0.2850 0.9282
1305031470.8957 -0.4115 0.3502 0.0530 -0.1800 -0.1539 -0.2801 0.9303
1305031470.9277 -0.4208 0.3552 0.0522 -0.1751 -0.1566 -0.2752 0.9323
1305031470.9596 -0.4305 0.3540 0.0508 -0.1685 -0.1613 -0.2719 0.9336
1305031470.9960 -0.4367 0.3548 0.0461 -0.1605 -0.1633 -0.2687 0.9356
1305031471.0276 -0.4449 0.3535 0.0446 -0.1532 -0.1632 -0.2659 0.9376
1305031471.0596 -0.4538 0.3532 0.0406 -0.1443 -0.1610 -0.2613 0.9407
1305031471.0958 -0.4617 0.3565 0.0353 -0.1350 -0.1597 -0.2546 0.9442
1305031471.1277 -0.4695 0.3559 0.0325 -0.1303 -0.1602 -0.2476 0.9466
1305031471.1596 -0.4739 0.3555 0.0280 -0.1251 -0.1608 -0.2411 0.9489
1305031471.1957 -0.4787 0.3572 0.0243 -0.1219 -0.1582 -0.2352 0.9512
1305031471.2276 -0.4851 0.3596 0.0222 -0.1207 -0.1546 -0.2302 0.9532
1305031471.2597 -0.4920 0.3596 0.0215 -0.1216 -0.1525 -0.2270 0.9542
1305031471.2961 -0.4977 0.3573 0.0213 -0.1219 -0.1509 -0.2227 0.9554
1305031471.3276 -0.4998 0.3556 0.0186 -0.1188 -0.1484 -0.2193 0.9570
1305031471.3596 -0.5022 0.3565 0.0157 -0.1170 -0.1413 -0.2172 0.9587
1305031471.3957 -0.5118 0.3538 0.0151 -0.1179 -0.1322 -0.2131 0.9608
1305031471.4277 -0.5188 0.3559 0.0101 -0.1130 -0.1281 -0.2063 0.9635
1305031471.4596 -0.5217 0.3575 0.0059 -0.1118 -0.1286 -0.2012 0.9646
1305031471.5597 -0.5302 0.3558 -0.0019 -0.1153 -0.1266 -0.1901 0.9667
1305031471.5957 -0.5317 0.3547 -0.0042 -0.1157 -0.1231 -0.1881 0.9675
1305031471.6276 -0.5343 0.3547 -0.0069 -0.1153 -0.1185 -0.1865 0.9685
1305031471.6596 -0.5356 0.3561 -0.0095 -0.1124 -0.1141 -0.1835 0.9699
1305031471.7958 -0.5396 0.3613 -0.0252 -0.1097 -0.0938 -0.1617 0.9762
1305031471.9956 -0.5504 0.3808 -0.0344 -0.1222 -0.0579 -0.1358 0.9815
1305031472.4636 -0.5203 0.3556 -0.0452 -0.1267 -0.0965 -0.0939 0.9828
1305031472.6958 -0.5157 0.3323 -0.0402 -0.1196 -0.0989 -0.0840 0.9843
1305031472.8636 -0.5133 0.3206 -0.0341 -0.1089 -0.0988 -0.0848 0.9855
