1305031453.4237 0.0060 0.0031 -0.0033 0.0014 0.0022 0.0067 1.0000
1305031453.4597 0.0119 0.0050 -0.0106 0.0042 0.0093 0.0155 0.9998
1305031453.4917 0.0126 0.0096 -0.0233 0.0088 0.0155 0.0247 0.9995
1305031453.5237 0.0050 0.0219 -0.0323 0.0182 0.0241 0.0361 0.9989
1305031453.5598 0.0135 0.0274 -0.0475 0.0239 0.0228 0.0408 0.9986
1305031453.5916 0.0102 0.0405 -0.0665 0.0351 0.0278 0.0478 0.9979
1305031453.6277 0.0086 0.0495 -0.0803 0.0421 0.0278 0.0521 0.9974
1305031453.6596 0.0016 0.0591 -0.0957 0.0515 0.0265 0.0526 0.9969
1305031453.6917 -0.0049 0.0606 -0.1118 0.0560 0.0213 0.0463 0.9971
1305031453.7277 -0.0076 0.0662 -0.1255 0.0585 0.0158 0.0435 0.9972
1305031453.7597 -0.0155 0.0707 -0.1313 0.0629 0.0068 0.0381 0.9973
1305031453.7917 -0.0308 0.0792 -0.1371 0.0682 0.0005 0.0271 0.9973
1305031453.8278 -0.0326 0.0882 -0.1531 0.0719 -0.0088 0.0228 0.9971
1305031453.8597 -0.0413 0.0887 -0.1566 0.0720 -0.0221 0.0191 0.9970
1305031453.8917 -0.0488 0.0923 -0.1697 0.0709 -0.0393 0.0128 0.9966
1305031453.9277 -0.0595 0.0930 -0.1627 0.0676 -0.0576 0.0039 0.9960
1305031453.9596 -0.0651 0.0932 -0.1593 0.0653 -0.0726 -0.0025 0.9952
1305031453.9916 -0.0716 0.0992 -0.1608 0.0652 -0.0867 -0.0149 0.9940
1305031454.0277 -0.0893 0.0976 -0.1632 0.0661 -0.0965 -0.0219 0.9929
1305031454.0597 -0.1054 0.1059 -0.1646 0.0690 -0.1055 -0.0305 0.9916
1305031454.0917 -0.1240 0.1118 -0.1507 0.0719 -0.1146 -0.0394 0.9900
1305031454.1277 -0.1453 0.1160 -0.1434 0.0763 -0.1254 -0.0481 0.9880
1305031454.1597 -0.1691 0.1294 -0.1352 0.0805 -0.1348 -0.0546 0.9861
1305031454.1917 -0.1899 0.1407 -0.1251 0.0831 -0.1478 -0.0637 0.9835
1305031454.2277 -0.2249 0.1550 -0.1147 0.0921 -0.1561 -0.0808 0.9801
1305031454.2596 -0.2398 0.1646 -0.1091 0.0979 -0.1663 -0.0899 0.9771
1305031454.2916 -0.2442 0.1741 -0.1053 0.0997 -0.1771 -0.0977 0.9742
1305031454.3277 -0.2615 0.1742 -0.1004 0.1005 -0.1862 -0.1096 0.9712
1305031454.3596 -0.2737 0.1873 -0.1036 0.1102 -0.1942 -0.1219 0.9671
1305031454.3917 -0.2842 0.1927 -0.0975 0.1117 -0.2010 -0.1287 0.9646
1305031454.4275 -0.3010 0.1999 -0.0993 0.1129 -0.2103 -0.1373 0.9614
1305031454.4599 -0.3090 0.2197 -0.0920 0.1219 -0.2198 -0.1476 0.9566
1305031454.4916 -0.3066 0.2206 -0.0887 0.1228 -0.2280 -0.1586 0.9528
1305031454.5277 -0.3158 0.2323 -0.0841 0.1255 -0.2337 -0.1716 0.9488
1305031454.5596 -0.3196 0.2395 -0.0781 0.1251 -0.2411 -0.1848 0.9445
1305031454.5916 -0.3424 0.2439 -0.0782 0.1227 -0.2464 -0.1954 0.9413
1305031454.6276 -0.3486 0.2560 -0.0740 0.1245 -0.2585 -0.2031 0.9362
1305031454.6595 -0.3580 0.2734 -0.0697 0.1245 -0.2679 -0.2106 0.9319
1305031454.6919 -0.3660 0.2822 -0.0585 0.1222 -0.2824 -0.2142 0.9271
1305031454.7277 -0.3672 0.2883 -0.0579 0.1202 -0.2951 -0.2190 0.9222
1305031454.7597 -0.3637 0.2785 -0.0475 0.1114 -0.3035 -0.2168 0.9211
1305031454.7916 -0.3633 0.2751 -0.0454 0.1051 -0.3065 -0.2119 0.9220
1305031454.8276 -0.3589 0.2763 -0.0355 0.1017 -0.3108 -0.2075 0.9220
1305031454.8596 -0.3561 0.2720 -0.0235 0.0930 -0.3130 -0.2011 0.9235
1305031454.8918 -0.3583 0.2826 -0.0183 0.0898 -0.3094 -0.1911 0.9272
1305031454.9276 -0.3567 0.2881 -0.0037 0.0829 -0.3104 -0.1804 0.9296
1305031454.9596 -0.3571 0.2949 -0.0028 0.0807 -0.3076 -0.1753 0.9317
1305031454.9919 -0.3615 0.2974 -0.0016 0.0769 -0.3067 -0.1705 0.9332
1305031455.0278 -0.3628 0.3019 -0.0017 0.0765 -0.3063 -0.1686 0.9337
1305031455.0596 -0.3631 0.3027 -0.0054 0.0754 -0.3047 -0.1693 0.9343
1305031455.0917 -0.3652 0.3044 -0.0070 0.0755 -0.3032 -0.1691 0.9348
1305031455.1277 -0.3664 0.3131 -0.0094 0.0778 -0.3010 -0.1680 0.9355
1305031455.1597 -0.3693 0.3126 -0.0156 0.0743 -0.2985 -0.1652 0.9371
1305031455.1917 -0.3748 0.3171 -0.0151 0.0724 -0.2975 -0.1619 0.9381
1305031455.2276 -0.3788 0.3150 -0.0179 0.0698 -0.2963 -0.1590 0.9392
1305031455.2596 -0.3825 0.3241 -0.0274 0.0694 -0.2918 -0.1549 0.9413
1305031455.2918 -0.3898 0.3212 -0.0245 0.0588 -0.2910 -0.1462 0.9437
1305031455.3278 -0.4058 0.3304 -0.0383 0.0555 -0.2849 -0.1386 0.9469
1305031455.3596 -0.4035 0.3398 -0.0305 0.0482 -0.2888 -0.1274 0.9476
1305031455.3917 -0.4083 0.3310 -0.0193 0.0314 -0.2897 -0.1159 0.9495
1305031455.4276 -0.4183 0.3285 -0.0281 0.0217 -0.2845 -0.1074 0.9524
1305031455.4596 -0.4300 0.3220 -0.0384 0.0148 -0.2803 -0.1025 0.9543
1305031455.4916 -0.4457 0.3248 -0.0583 0.0113 -0.2726 -0.0963 0.9572
1305031455.5276 -0.4590 0.3150 -0.0691 0.0017 -0.2702 -0.0847 0.9591
1305031455.5597 -0.4814 0.3123 -0.0885 -0.0023 -0.2662 -0.0755 0.9609
1305031455.5916 -0.4975 0.3129 -0.1048 -0.0060 -0.2658 -0.0636 0.9619
1305031455.6276 -0.5165 0.3085 -0.1037 -0.0125 -0.2644 -0.0511 0.9630
1305031455.6596 -0.5331 0.3069 -0.1177 -0.0099 -0.2600 -0.0480 0.9644
1305031455.6916 -0.5425 0.3076 -0.1208 -0.0072 -0.2603 -0.0487 0.9643
1305031455.7276 -0.5485 0.3021 -0.1264 -0.0078 -0.2592 -0.0503 0.9645
1305031455.7597 -0.5529 0.2974 -0.1321 -0.0086 -0.2571 -0.0511 0.9650
1305031455.7917 -0.5591 0.2943 -0.1381 -0.0066 -0.2549 -0.0506 0.9656
1305031455.8276 -0.5654 0.2884 -0.1492 -0.0077 -0.2530 -0.0498 0.9661
1305031455.8595 -0.5697 0.2857 -0.1565 -0.0077 -0.2519 -0.0494 0.9665
1305031455.8917 -0.5718 0.2829 -0.1635 -0.0079 -0.2512 -0.0493 0.9666
1305031455.9280 -0.5753 0.2806 -0.1691 -0.0084 -0.2497 -0.0495 0.9670
1305031455.9597 -0.5789 0.2812 -0.1761 -0.0070 -0.2475 -0.0505 0.9675
1305031455.9917 -0.5823 0.2781 -0.1806 -0.0085 -0.2454 -0.0513 0.9680
1305031456.0278 -0.5825 0.2834 -0.1935 -0.0091 -0.2422 -0.0531 0.9687
1305031456.0597 -0.5925 0.2687 -0.1915 -0.0198 -0.2394 -0.0616 0.9688
1305031456.0917 -0.5991 0.2646 -0.1941 -0.0222 -0.2369 -0.0644 0.9691
1305031456.1276 -0.6020 0.2625 -0.1963 -0.0222 -0.2355 -0.0650 0.9694
1305031456.1597 -0.6106 0.2607 -0.1987 -0.0212 -0.2310 -0.0665 0.9705
1305031456.1917 -0.6188 0.2448 -0.1970 -0.0216 -0.2257 -0.0629 0.9719
1305031456.2277 -0.6193 0.2411 -0.1988 -0.0221 -0.2203 -0.0574 0.9735
1305031456.2917 -0.6360 0.2221 -0.1927 -0.0257 -0.2006 -0.0501 0.9781
1305031456.3277 -0.6483 0.2164 -0.1920 -0.0238 -0.1902 -0.0416 0.9806
1305031456.3916 -0.6567 0.1990 -0.1831 -0.0267 -0.1709 -0.0290 0.9845
1305031456.4277 -0.6627 0.2014 -0.1818 -0.0211 -0.1646 -0.0198 0.9859
1305031456.4917 -0.7053 0.2117 -0.1821 -0.0253 -0.1542 -0.0060 0.9877
1305031456.5276 -0.7226 0.2186 -0.1708 -0.0271 -0.1546 -0.0005 0.9876
1305031456.5917 -0.7520 0.2246 -0.1650 -0.0273 -0.1476 0.0081 0.9886
1305031456.6276 -0.7595 0.2299 -0.1602 -0.0412 -0.1447 0.0105 0.9886
1305031456.6916 -0.7969 0.2132 -0.1358 -0.0573 -0.1346 0.0240 0.9890
1305031456.7277 -0.8099 0.2226 -0.1261 -0.0615 -0.1356 0.0364 0.9882
1305031456.7916 -0.8545 0.2148 -0.1188 -0.0643 -0.1388 0.0466 0.9871
1305031456.8276 -0.8720 0.2282 -0.1076 -0.0638 -0.1399 0.0551 0.9866
1305031456.8917 -0.8808 0.2174 -0.0824 -0.0779 -0.1441 0.0652 0.9843
1305031456.9277 -0.8925 0.2235 -0.0789 -0.0731 -0.1387 0.0721 0.9850
1305031456.9597 -0.9066 0.2367 -0.0822 -0.0721 -0.1324 0.0786 0.9854
1305031456.9917 -0.9223 0.2328 -0.0736 -0.0818 -0.1270 0.0781 0.9854
1305031457.0276 -0.9374 0.2251 -0.0732 -0.0875 -0.1213 0.0798 0.9855
1305031457.0917 -0.9514 0.2263 -0.0771 -0.1015 -0.1156 0.0907 0.9839
1305031457.1276 -0.9521 0.2208 -0.0736 -0.1054 -0.1151 0.0930 0.9834
1305031457.1917 -0.9832 0.2139 -0.0902 -0.1081 -0.0945 0.1048 0.9841
1305031457.2275 -0.9887 0.2051 -0.0935 -0.1158 -0.0910 0.1108 0.9829
1305031457.2917 -1.0046 0.1904 -0.1085 -0.1114 -0.0768 0.1243 0.9830
1305031457.3275 -1.0138 0.1846 -0.1158 -0.1134 -0.0688 0.1264 0.9831
1305031457.3917 -1.0288 0.1657 -0.1408 -0.1140 -0.0458 0.1436 0.9820
1305031457.4276 -1.0403 0.1621 -0.1497 -0.1135 -0.0392 0.1472 0.9818
1305031457.4917 -1.0619 0.1475 -0.1706 -0.1127 -0.0328 0.1594 0.9802
1305031457.5276 -1.0622 0.1448 -0.1777 -0.1103 -0.0322 0.1633 0.9799
1305031457.5597 -1.0711 0.1314 -0.1978 -0.1078 -0.0261 0.1714 0.9789
1305031457.5917 -1.0788 0.1245 -0.2046 -0.1087 -0.0228 0.1730 0.9786
1305031457.6275 -1.0967 0.1055 -0.2142 -0.1123 -0.0165 0.1750 0.9780
1305031457.6596 -1.1175 0.1184 -0.2313 -0.0999 -0.0111 0.1794 0.9786
1305031457.6916 -1.1257 0.0982 -0.2382 -0.1094 -0.0095 0.1818 0.9772
1305031457.7277 -1.1408 0.0769 -0.2439 -0.1133 -0.0062 0.1788 0.9773
1305031457.7596 -1.1397 0.0631 -0.2517 -0.1141 -0.0063 0.1802 0.9770
1305031457.7916 -1.1498 0.0421 -0.2589 -0.1073 0.0006 0.1787 0.9780
1305031457.8277 -1.1558 0.0531 -0.2741 -0.0915 0.0065 0.1831 0.9788
1305031457.8596 -1.1650 0.0455 -0.2751 -0.0904 0.0123 0.1821 0.9790
1305031457.8916 -1.1782 0.0255 -0.2790 -0.0829 0.0231 0.1835 0.9792
1305031457.9276 -1.1902 0.0199 -0.2935 -0.0694 0.0287 0.1884 0.9792
1305031457.9916 -1.2204 -0.0023 -0.2938 -0.0587 0.0356 0.1944 0.9785
1305031458.0278 -1.2217 -0.0124 -0.2936 -0.0496 0.0387 0.1987 0.9780
1305031458.0597 -1.2249 0.0018 -0.3033 -0.0377 0.0393 0.2018 0.9779
1305031458.0917 -1.2309 -0.0007 -0.2997 -0.0383 0.0409 0.2036 0.9774
1305031458.1276 -1.2401 -0.0085 -0.2955 -0.0398 0.0433 0.2038 0.9773
1305031458.1596 -1.2512 -0.0223 -0.2943 -0.0416 0.0463 0.2049 0.9768
1305031458.1916 -1.2719 -0.0251 -0.2809 -0.0406 0.0493 0.2081 0.9760
1305031458.2276 -1.3083 -0.0434 -0.2617 -0.0470 0.0544 0.2065 0.9758
1305031458.2599 -1.3177 -0.0770 -0.2521 -0.0537 0.0523 0.2032 0.9763
1305031458.2917 -1.3476 -0.0693 -0.2361 -0.0419 0.0542 0.2040 0.9766
1305031458.3276 -1.3683 -0.0812 -0.2200 -0.0418 0.0524 0.2069 0.9761
1305031458.3596 -1.3792 -0.1157 -0.1943 -0.0418 0.0509 0.2062 0.9763
1305031458.3916 -1.4029 -0.1084 -0.1759 -0.0258 0.0536 0.2141 0.9750
1305031458.4276 -1.4050 -0.0957 -0.1514 -0.0153 0.0525 0.2248 0.9729
1305031458.4596 -1.4065 -0.1012 -0.1428 -0.0044 0.0570 0.2301 0.9715
1305031458.4917 -1.4018 -0.1076 -0.1349 0.0121 0.0634 0.2315 0.9707
1305031458.5277 -1.4191 -0.0950 -0.1294 0.0308 0.0727 0.2308 0.9698
1305031458.5596 -1.4298 -0.0935 -0.1194 0.0360 0.0799 0.2280 0.9697
1305031458.5916 -1.4281 -0.1016 -0.1031 0.0414 0.0821 0.2267 0.9696
1305031458.6277 -1.4478 -0.0875 -0.0884 0.0470 0.0855 0.2213 0.9703
1305031458.6596 -1.4620 -0.0937 -0.0533 0.0408 0.0844 0.2209 0.9708
1305031458.6917 -1.4735 -0.0846 -0.0217 0.0407 0.0711 0.2149 0.9732
1305031458.7276 -1.4721 -0.0887 0.0041 0.0419 0.0566 0.2107 0.9750
1305031458.7599 -1.4826 -0.0858 0.0224 0.0491 0.0439 0.2006 0.9775
1305031458.7916 -1.4827 -0.0676 0.0442 0.0558 0.0268 0.1924 0.9794
1305031458.8276 -1.4842 -0.0534 0.0757 0.0584 0.0190 0.1904 0.9798
1305031458.8917 -1.4818 -0.0571 0.0969 0.0647 0.0149 0.1808 0.9813
1305031458.9276 -1.4891 -0.0553 0.0971 0.0640 0.0198 0.1827 0.9809
1305031458.9596 -1.4936 -0.0548 0.1070 0.0583 0.0234 0.1930 0.9792
1305031458.9916 -1.4917 -0.0706 0.1120 0.0564 0.0249 0.1948 0.9789
1305031459.0277 -1.5192 -0.0697 0.1307 0.0726 0.0290 0.1935 0.9780
1305031459.0596 -1.5436 -0.0744 0.1399 0.0820 0.0254 0.2041 0.9752
1305031459.1276 -1.5398 0.0069 0.2010 0.1162 0.0210 0.1972 0.9732
1305031459.1596 -1.5583 -0.0036 0.2068 0.1230 -0.0003 0.1974 0.9726
1305031459.1917 -1.5698 -0.0006 0.2259 0.1322 -0.0180 0.2015 0.9704
1305031459.2276 -1.5654 -0.0063 0.2375 0.1322 -0.0354 0.2109 0.9679
1305031459.2598 -1.5704 -0.0016 0.2645 0.1349 -0.0387 0.2152 0.9664
1305031459.3276 -1.5409 0.0694 0.3850 0.1615 -0.0438 0.2130 0.9626
1305031459.3597 -1.5485 0.0710 0.3954 0.1615 -0.0217 0.2348 0.9583
1305031459.3917 -1.5673 0.0896 0.4028 0.1571 0.0051 0.2580 0.9533
1305031459.4276 -1.5078 0.2508 0.8577 0.2608 -0.0045 0.1916 0.9462
1305031459.4597 -1.5193 0.2526 0.8629 0.2554 0.0239 0.2340 0.9378
1305031459.5276 -1.4941 0.3095 1.0711 0.3036 0.0267 0.2038 0.9304
1305031459.5596 -1.5143 0.3035 1.0809 0.2957 0.0417 0.2303 0.9262
1305031459.5917 -1.5204 0.3039 1.0793 0.2880 0.0404 0.2517 0.9231
1305031459.6276 -1.5217 0.3020 1.0909 0.2836 0.0373 0.2630 0.9214
1305031459.6596 -1.5304 0.3080 1.0978 0.2871 0.0420 0.2649 0.9196
1305031459.6916 -1.5515 0.3068 1.0992 0.2837 0.0555 0.2714 0.9180
1305031459.7276 -1.5636 0.3013 1.0957 0.2797 0.0619 0.2738 0.9181
1305031459.7917 -1.6045 0.2867 1.0804 0.2791 0.0738 0.2718 0.9180
1305031459.8277 -1.6225 0.2776 1.0792 0.2786 0.0748 0.2720 0.9180
1305031459.8597 -1.6481 0.2658 1.0708 0.2740 0.0776 0.2725 0.9190
1305031459.8916 -1.6644 0.2541 1.0711 0.2706 0.0748 0.2734 0.9200
1305031459.9276 -1.6802 0.2419 1.0698 0.2691 0.0732 0.2745 0.9203
1305031459.9917 -1.6990 0.2244 1.0651 0.2628 0.0659 0.2830 0.9200
1305031460.0276 -1.7123 0.2117 1.0677 0.2617 0.0680 0.2850 0.9196
1305031460.0597 -1.7306 0.1981 1.0621 0.2598 0.0703 0.2882 0.9190
1305031460.0917 -1.7448 0.1842 1.0546 0.2581 0.0641 0.2931 0.9183
1305031460.1277 -1.7546 0.1744 1.0587 0.2620 0.0541 0.2956 0.9171
1305031460.1597 -1.7671 0.1668 1.0588 0.2656 0.0459 0.2976 0.9159
1305031460.1916 -1.7796 0.1525 1.0616 0.2637 0.0414 0.3026 0.9150
1305031460.2278 -1.7800 0.1484 1.0695 0.2659 0.0410 0.3045 0.9137
1305031460.2917 -1.7919 0.1302 1.0693 0.2715 0.0561 0.3088 0.9098
1305031460.3275 -1.7902 0.1263 1.0710 0.2737 0.0585 0.3114 0.9081
1305031460.3916 -1.7965 0.1083 1.0751 0.2703 0.0748 0.3241 0.9035
1305031460.4275 -1.7960 0.1017 1.0873 0.2720 0.0807 0.3299 0.9004
1305031460.4596 -1.7976 0.0934 1.0897 0.2687 0.0927 0.3376 0.8973
1305031460.4915 -1.7978 0.0916 1.0919 0.2642 0.1045 0.3455 0.8944
1305031460.5276 -1.8042 0.0795 1.0879 0.2558 0.1160 0.3567 0.8910
1305031460.5596 -1.8090 0.0698 1.0907 0.2515 0.1255 0.3624 0.8886
1305031460.5919 -1.8116 0.0619 1.0916 0.2486 0.1321 0.3647 0.8875
1305031460.6276 -1.8136 0.0568 1.0952 0.2483 0.1373 0.3679 0.8855
1305031460.6598 -1.8171 0.0505 1.0933 0.2469 0.1412 0.3695 0.8846
1305031460.6917 -1.8194 0.0464 1.0916 0.2448 0.1423 0.3707 0.8845
1305031460.7277 -1.8227 0.0403 1.0930 0.2426 0.1445 0.3705 0.8849
1305031460.7597 -1.8221 0.0364 1.0948 0.2421 0.1459 0.3705 0.8847
1305031460.7917 -1.8264 0.0315 1.0944 0.2410 0.1480 0.3706 0.8847
1305031460.8277 -1.8292 0.0274 1.0962 0.2395 0.1493 0.3696 0.8853
1305031460.8597 -1.8302 0.0218 1.0985 0.2368 0.1521 0.3682 0.8861
1305031460.8918 -1.8333 0.0145 1.0995 0.2336 0.1558 0.3678 0.8865
1305031460.9276 -1.8380 0.0076 1.1012 0.2314 0.1581 0.3681 0.8865
1305031460.9917 -1.8378 -0.0215 1.1052 0.2270 0.1626 0.3721 0.8852
1305031461.0276 -1.8404 -0.0333 1.1052 0.2260 0.1648 0.3746 0.8840
1305031461.0917 -1.8504 -0.0537 1.1107 0.2273 0.1640 0.3741 0.8840
1305031461.1276 -1.8516 -0.0622 1.1155 0.2272 0.1664 0.3727 0.8842
1305031461.1597 -1.8526 -0.0731 1.1163 0.2288 0.1677 0.3736 0.8832
1305031461.1920 -1.8563 -0.0816 1.1179 0.2300 0.1709 0.3716 0.8831
1305031461.2276 -1.8555 -0.0879 1.1186 0.2297 0.1721 0.3712 0.8831
1305031461.2596 -1.8572 -0.0961 1.1169 0.2298 0.1734 0.3699 0.8834
1305031461.2917 -1.8567 -0.1012 1.1217 0.2319 0.1752 0.3660 0.8841
1305031461.3278 -1.8590 -0.1062 1.1245 0.2332 0.1794 0.3638 0.8838
1305031461.3597 -1.8618 -0.1077 1.1289 0.2317 0.1833 0.3608 0.8846
1305031461.3917 -1.8592 -0.1151 1.1318 0.2276 0.1839 0.3613 0.8853
1305031461.4276 -1.8568 -0.1193 1.1320 0.2269 0.1847 0.3602 0.8858
1305031461.4598 -1.8571 -0.1208 1.1362 0.2256 0.1857 0.3604 0.8858
1305031461.4917 -1.8530 -0.1248 1.1384 0.2244 0.1862 0.3610 0.8858
1305031461.5277 -1.8517 -0.1224 1.1412 0.2303 0.1876 0.3596 0.8846
1305031461.5597 -1.8454 -0.1162 1.1500 0.2334 0.1890 0.3569 0.8846
1305031461.5917 -1.8359 -0.1108 1.1482 0.2346 0.1937 0.3561 0.8835
1305031461.6275 -1.8372 -0.1116 1.1540 0.2317 0.2048 0.3567 0.8816
1305031461.6596 -1.8315 -0.1069 1.1541 0.2310 0.2070 0.3576 0.8809
1305031461.6916 -1.8279 -0.1001 1.1616 0.2318 0.2081 0.3612 0.8789
1305031461.7276 -1.8245 -0.0947 1.1660 0.2324 0.2087 0.3651 0.8770
1305031461.7597 -1.8163 -0.0801 1.1663 0.2349 0.2064 0.3652 0.8768
1305031461.7916 -1.8066 -0.0689 1.1653 0.2320 0.2068 0.3708 0.8752
1305031461.8276 -1.7985 -0.0542 1.1711 0.2334 0.2103 0.3738 0.8727
1305031461.8598 -1.8018 -0.0424 1.1638 0.2311 0.2145 0.3818 0.8688
1305031461.8917 -1.8039 -0.0222 1.1721 0.2300 0.2140 0.3956 0.8630
1305031461.9278 -1.7880 -0.0091 1.1779 0.2234 0.2064 0.4037 0.8629
1305031461.9597 -1.7807 0.0055 1.1794 0.2201 0.2114 0.4065 0.8612
1305031461.9916 -1.7878 0.0350 1.1857 0.2199 0.2147 0.4155 0.8561
1305031462.0277 -1.7801 0.0393 1.1897 0.2062 0.2086 0.4248 0.8564
1305031462.0598 -1.7753 0.0435 1.1936 0.1979 0.1989 0.4373 0.8545
1305031462.0918 -1.7711 0.0484 1.1969 0.1897 0.1897 0.4459 0.8540
1305031462.1277 -1.7666 0.0726 1.2064 0.1948 0.1788 0.4541 0.8508
1305031462.1596 -1.7617 0.0802 1.2105 0.1898 0.1718 0.4599 0.8503
1305031462.1916 -1.7640 0.0917 1.2152 0.1904 0.1706 0.4575 0.8517
1305031462.2276 -1.7688 0.0937 1.2253 0.1843 0.1739 0.4568 0.8527
1305031462.2598 -1.7787 0.0825 1.2271 0.1722 0.1814 0.4531 0.8557
1305031462.2916 -1.7797 0.0786 1.2284 0.1605 0.1806 0.4494 0.8601
1305031462.3275 -1.7872 0.0652 1.2372 0.1457 0.1900 0.4423 0.8643
1305031462.3597 -1.7891 0.1070 1.2597 0.1595 0.1861 0.4295 0.8692
1305031462.3917 -1.7875 0.1108 1.2647 0.1482 0.1797 0.4280 0.8732
1305031462.4276 -1.7865 0.1275 1.2861 0.1489 0.1759 0.4172 0.8791
1305031462.4599 -1.8004 0.1517 1.3289 0.1617 0.1790 0.4062 0.8814
1305031462.4920 -1.7981 0.1437 1.3312 0.1438 0.1730 0.4053 0.8861
1305031462.5277 -1.7989 0.1278 1.3322 0.1259 0.1715 0.3968 0.8929
1305031462.5599 -1.7983 0.1593 1.3412 0.1370 0.1600 0.3804 0.9005
1305031462.5919 -1.8016 0.1505 1.3459 0.1302 0.1637 0.3756 0.9029
1305031462.6279 -1.8012 0.1360 1.3456 0.1180 0.1665 0.3686 0.9069
1305031462.6597 -1.7958 0.1581 1.3596 0.1314 0.1609 0.3543 0.9118
1305031462.6925 -1.7972 0.1689 1.3617 0.1379 0.1595 0.3395 0.9167
1305031462.7277 -1.7950 0.2130 1.3847 0.1618 0.1489 0.3176 0.9224
1305031462.7598 -1.7991 0.2128 1.3846 0.1584 0.1492 0.3056 0.9270
1305031462.7919 -1.7977 0.2172 1.3839 0.1554 0.1471 0.2952 0.9312
1305031462.8278 -1.7925 0.2211 1.3860 0.1497 0.1415 0.2896 0.9347
1305031462.8598 -1.7857 0.2227 1.3892 0.1446 0.1389 0.2824 0.9381
1305031462.8918 -1.7825 0.2247 1.3752 0.1364 0.1411 0.2799 0.9398
1305031462.9276 -1.7736 0.2390 1.3656 0.1364 0.1377 0.2808 0.9400
1305031462.9597 -1.7696 0.2393 1.3614 0.1341 0.1366 0.2778 0.9414
1305031462.9955 -1.7614 0.2542 1.3634 0.1410 0.1323 0.2735 0.9422
1305031463.0277 -1.7546 0.2660 1.3555 0.1468 0.1297 0.2661 0.9438
1305031463.0598 -1.7477 0.2782 1.3526 0.1523 0.1251 0.2582 0.9458
1305031463.0958 -1.7366 0.2965 1.3523 0.1589 0.1207 0.2456 0.9486
1305031463.1275 -1.7287 0.3103 1.3532 0.1656 0.1181 0.2389 0.9495
1305031463.1598 -1.7239 0.3189 1.3381 0.1694 0.1193 0.2269 0.9516
1305031463.1957 -1.7193 0.3228 1.3378 0.1692 0.1207 0.2219 0.9527
1305031463.2278 -1.7081 0.3374 1.3420 0.1746 0.1196 0.2149 0.9534
1305031463.2600 -1.7003 0.3516 1.3309 0.1809 0.1214 0.2089 0.9533
1305031463.2957 -1.6898 0.3538 1.3235 0.1792 0.1193 0.2063 0.9545
1305031463.3277 -1.6741 0.3647 1.3250 0.1823 0.1133 0.2019 0.9556
1305031463.3598 -1.6758 0.3675 1.3174 0.1849 0.1164 0.1983 0.9555
1305031463.3956 -1.6652 0.3813 1.3201 0.1929 0.1133 0.1902 0.9559
1305031463.4277 -1.6524 0.3952 1.3270 0.1988 0.1115 0.1853 0.9559
1305031463.4598 -1.6503 0.4087 1.3295 0.2039 0.1197 0.1825 0.9543
1305031463.4956 -1.6410 0.4109 1.3276 0.2015 0.1259 0.1787 0.9548
1305031463.5277 -1.6224 0.4096 1.3228 0.1993 0.1287 0.1824 0.9542
1305031463.5598 -1.6005 0.4274 1.3264 0.2119 0.1254 0.1801 0.9523
1305031463.5956 -1.5865 0.4325 1.3219 0.2115 0.1226 0.1794 0.9529
1305031463.6276 -1.5793 0.4386 1.3248 0.2158 0.1283 0.1763 0.9518
1305031463.6598 -1.5486 0.4464 1.3028 0.2237 0.1191 0.1748 0.9514
1305031463.6956 -1.5300 0.4639 1.2997 0.2308 0.1158 0.1681 0.9513
1305031463.7276 -1.5272 0.4554 1.2811 0.2256 0.1268 0.1631 0.9521
1305031463.7597 -1.5064 0.4602 1.2644 0.2344 0.1291 0.1577 0.9505
1305031463.7956 -1.4951 0.4674 1.2437 0.2390 0.1346 0.1445 0.9507
1305031463.8278 -1.4710 0.4725 1.2263 0.2396 0.1333 0.1313 0.9527
1305031463.8599 -1.4567 0.4696 1.2057 0.2424 0.1363 0.1285 0.9519
1305031463.8956 -1.4402 0.4736 1.1829 0.2449 0.1370 0.1166 0.9527
1305031463.9277 -1.4339 0.4776 1.1712 0.2470 0.1382 0.1096 0.9528
1305031463.9597 -1.4097 0.4784 1.1491 0.2499 0.1300 0.1029 0.9540
1305031463.9958 -1.4092 0.4782 1.1359 0.2556 0.1334 0.0924 0.9531
1305031464.0277 -1.4037 0.4795 1.1211 0.2558 0.1340 0.0840 0.9537
1305031464.0597 -1.3756 0.4788 1.0995 0.2585 0.1291 0.0748 0.9544
1305031464.0956 -1.3796 0.4750 1.0791 0.2619 0.1356 0.0643 0.9534
1305031464.1277 -1.3823 0.4738 1.0728 0.2642 0.1380 0.0619 0.9525
1305031464.1598 -1.3753 0.4746 1.0669 0.2713 0.1348 0.0554 0.9514
1305031464.1956 -1.3660 0.4740 1.0510 0.2814 0.1271 0.0495 0.9498
1305031464.2276 -1.3591 0.4829 1.0343 0.2919 0.1161 0.0399 0.9485
1305031464.2596 -1.3708 0.4867 1.0325 0.2961 0.1082 0.0346 0.9484
1305031464.2957 -1.3649 0.4876 1.0338 0.2984 0.0936 0.0254 0.9495
1305031464.3279 -1.3448 0.4864 1.0280 0.2989 0.0784 0.0143 0.9510
1305031464.3597 -1.3315 0.4838 1.0137 0.3004 0.0706 0.0082 0.9512
1305031464.3956 -1.3270 0.4992 1.0116 0.3103 0.0715 -0.0056 0.9479
1305031464.4276 -1.3176 0.4985 1.0050 0.3118 0.0735 -0.0142 0.9472
1305031464.4597 -1.3150 0.5013 0.9955 0.3150 0.0753 -0.0222 0.9458
1305031464.4956 -1.2995 0.5011 0.9888 0.3170 0.0729 -0.0282 0.9452
1305031464.5276 -1.2890 0.5020 0.9745 0.3173 0.0738 -0.0342 0.9448
1305031464.5597 -1.2752 0.5008 0.9625 0.3159 0.0741 -0.0422 0.9450
1305031464.5957 -1.2454 0.4827 0.9371 0.3167 0.0760 -0.0525 0.9440
1305031464.6277 -1.2339 0.4772 0.9174 0.3271 0.0874 -0.0557 0.9393
1305031464.6597 -1.2253 0.4780 0.9045 0.3402 0.0998 -0.0606 0.9331
1305031464.6957 -1.2145 0.4616 0.8840 0.3515 0.1111 -0.0728 0.9267
1305031464.7277 -1.1967 0.4706 0.8813 0.3727 0.1156 -0.0884 0.9165
1305031464.7597 -1.2049 0.4740 0.8834 0.3861 0.1209 -0.1029 0.9087
1305031464.7960 -1.2122 0.4769 0.8890 0.3934 0.1244 -0.1209 0.9029
1305031464.8278 -1.2191 0.4702 0.9000 0.4025 0.1176 -0.1386 0.8972
1305031464.8597 -1.2128 0.4778 0.9212 0.4110 0.1071 -0.1605 0.8910
1305031464.8958 -1.1973 0.4695 0.9181 0.4071 0.0953 -0.1815 0.8901
1305031464.9278 -1.1733 0.4433 0.9088 0.4012 0.0868 -0.2055 0.8884
1305031464.9598 -1.1760 0.4291 0.9030 0.4014 0.0899 -0.2236 0.8837
1305031464.9957 -1.1725 0.4255 0.9132 0.4080 0.0945 -0.2416 0.8754
1305031465.0278 -1.1809 0.4182 0.9299 0.4121 0.1036 -0.2592 0.8673
1305031465.0597 -1.1800 0.4215 0.9364 0.4158 0.1051 -0.2786 0.8593
1305031465.0957 -1.1483 0.4408 0.9686 0.4148 0.0973 -0.2975 0.8544
1305031465.1277 -1.1329 0.4166 0.9920 0.3966 0.0926 -0.3142 0.8576
1305031465.1598 -1.1197 0.3865 1.0026 0.3765 0.0864 -0.3264 0.8627
1305031465.1956 -1.1021 0.3586 1.0278 0.3618 0.0800 -0.3385 0.8649
1305031465.2279 -1.0843 0.3453 1.0556 0.3505 0.0764 -0.3477 0.8663
1305031465.2598 -1.0761 0.3269 1.0779 0.3372 0.0738 -0.3510 0.8704
1305031465.2956 -1.0654 0.3166 1.1064 0.3346 0.0646 -0.3440 0.8749
1305031465.3277 -1.0531 0.3140 1.1173 0.3235 0.0532 -0.3404 0.8813
1305031465.3599 -1.0551 0.2999 1.1232 0.3127 0.0393 -0.3335 0.8885
1305031465.3956 -1.0276 0.2838 1.1330 0.3092 0.0178 -0.3308 0.8914
1305031465.4277 -0.9998 0.2725 1.1454 0.3096 0.0007 -0.3262 0.8932
1305031465.4601 -0.9845 0.2692 1.1537 0.3100 -0.0094 -0.3202 0.8951
1305031465.4957 -0.9669 0.2734 1.1671 0.3099 -0.0166 -0.3153 0.8968
1305031465.5276 -0.9513 0.2625 1.1658 0.3057 -0.0247 -0.3144 0.8984
1305031465.5598 -0.9349 0.2613 1.1668 0.3083 -0.0324 -0.3125 0.8979
1305031465.5956 -0.9212 0.2600 1.1671 0.3099 -0.0367 -0.3096 0.8982
1305031465.6277 -0.9092 0.2605 1.1669 0.3111 -0.0414 -0.3052 0.8991
1305031465.6601 -0.8907 0.2630 1.1735 0.3141 -0.0512 -0.3010 0.8990
1305031465.6957 -0.8744 0.2601 1.1762 0.3156 -0.0576 -0.2994 0.8986
1305031465.7277 -0.8578 0.2607 1.1799 0.3198 -0.0638 -0.2942 0.8984
1305031465.7598 -0.8389 0.2666 1.1882 0.3251 -0.0706 -0.2892 0.8976
1305031465.7959 -0.8206 0.2616 1.1901 0.3262 -0.0759 -0.2868 0.8975
1305031465.8280 -0.8025 0.2566 1.1901 0.3291 -0.0824 -0.2828 0.8972
1305031465.8599 -0.7730 0.2634 1.1905 0.3383 -0.0878 -0.2815 0.8937
1305031465.8955 -0.7466 0.2626 1.1927 0.3426 -0.0850 -0.2769 0.8937
1305031465.9275 -0.7221 0.2561 1.1968 0.3479 -0.0811 -0.2738 0.8930
1305031465.9597 -0.6945 0.2585 1.2045 0.3591 -0.0778 -0.2709 0.8897
1305031465.9958 -0.6743 0.2566 1.2029 0.3637 -0.0728 -0.2684 0.8891
1305031466.0276 -0.6499 0.2567 1.1992 0.3656 -0.0740 -0.2682 0.8882
1305031466.0598 -0.6212 0.2758 1.1912 0.3655 -0.0742 -0.2637 0.8896
1305031466.0958 -0.6047 0.2725 1.2059 0.3607 -0.0767 -0.2639 0.8913
1305031466.1276 -0.5905 0.2838 1.2133 0.3560 -0.0764 -0.2662 0.8925
1305031466.1604 -0.5780 0.2958 1.2178 0.3512 -0.0776 -0.2652 0.8946
1305031466.1958 -0.5581 0.3045 1.2226 0.3432 -0.0835 -0.2654 0.8971
1305031466.2280 -0.5428 0.2958 1.2204 0.3270 -0.0872 -0.2707 0.9012
1305031466.2598 -0.5220 0.2853 1.2002 0.3196 -0.0890 -0.2769 0.9018
1305031466.2957 -0.4967 0.2872 1.1900 0.3232 -0.0837 -0.2857 0.8983
1305031466.3277 -0.4820 0.2914 1.1851 0.3267 -0.0712 -0.2907 0.8965
1305031466.3598 -0.4651 0.3010 1.1819 0.3271 -0.0591 -0.2940 0.8961
1305031466.3958 -0.4496 0.2888 1.1631 0.3222 -0.0602 -0.2949 0.8976
1305031466.4278 -0.4407 0.2984 1.1582 0.3268 -0.0601 -0.2984 0.8947
1305031466.4598 -0.4277 0.3059 1.1492 0.3259 -0.0617 -0.3011 0.8940
1305031466.4958 -0.4144 0.3059 1.1387 0.3217 -0.0614 -0.3032 0.8949
1305031466.5275 -0.3914 0.2936 1.1160 0.3158 -0.0618 -0.3042 0.8966
1305031466.5604 -0.3671 0.3003 1.1134 0.3188 -0.0578 -0.3052 0.8955
1305031466.5959 -0.3452 0.3001 1.1117 0.3106 -0.0556 -0.3090 0.8972
1305031466.6275 -0.3295 0.2750 1.1048 0.3023 -0.0528 -0.3142 0.8984
1305031466.6597 -0.3094 0.2628 1.0939 0.3041 -0.0505 -0.3194 0.8961
1305031466.6958 -0.2937 0.2727 1.0928 0.3071 -0.0487 -0.3242 0.8934
1305031466.7281 -0.2900 0.2630 1.0937 0.2995 -0.0416 -0.3369 0.8917
1305031466.7596 -0.2766 0.2462 1.0895 0.2988 -0.0414 -0.3427 0.8897
1305031466.7956 -0.2622 0.2408 1.0852 0.3001 -0.0442 -0.3454 0.8881
1305031466.8279 -0.2466 0.2454 1.0771 0.2988 -0.0452 -0.3484 0.8873
1305031466.8597 -0.2468 0.2414 1.0728 0.2961 -0.0458 -0.3489 0.8880
1305031466.8957 -0.2341 0.2356 1.0723 0.2949 -0.0577 -0.3517 0.8866
1305031466.9278 -0.2257 0.2309 1.0642 0.2898 -0.0680 -0.3579 0.8850
1305031466.9597 -0.2134 0.2194 1.0590 0.2862 -0.0757 -0.3632 0.8834
1305031466.9957 -0.2039 0.2156 1.0541 0.2854 -0.0775 -0.3661 0.8823
1305031467.0278 -0.1987 0.2110 1.0480 0.2838 -0.0787 -0.3691 0.8815
1305031467.0597 -0.1857 0.2061 1.0454 0.2832 -0.0812 -0.3706 0.8808
1305031467.0957 -0.1767 0.2034 1.0437 0.2825 -0.0817 -0.3724 0.8803
1305031467.1290 -0.1709 0.1976 1.0462 0.2824 -0.0816 -0.3798 0.8771
1305031467.1597 -0.1641 0.1951 1.0420 0.2822 -0.0824 -0.3831 0.8757
1305031467.1957 -0.1583 0.1938 1.0390 0.2820 -0.0840 -0.3857 0.8744
1305031467.2277 -0.1487 0.1903 1.0354 0.2811 -0.0875 -0.3897 0.8726
1305031467.2597 -0.1417 0.1898 1.0362 0.2820 -0.0896 -0.3924 0.8709
1305031467.2958 -0.1335 0.1861 1.0342 0.2820 -0.0923 -0.3973 0.8684
1305031467.3280 -0.1248 0.1847 1.0332 0.2820 -0.0947 -0.4014 0.8663
1305031467.3597 -0.1098 0.1818 1.0277 0.2791 -0.0992 -0.4051 0.8649
1305031467.3958 -0.0985 0.1790 1.0250 0.2738 -0.1018 -0.4109 0.8636
1305031467.4278 -0.0936 0.1758 1.0247 0.2723 -0.1035 -0.4137 0.8625
1305031467.4597 -0.0857 0.1740 1.0223 0.2711 -0.1069 -0.4151 0.8618
1305031467.4961 -0.0603 0.1829 1.0188 0.2709 -0.1122 -0.4192 0.8593
1305031467.5277 -0.0569 0.1739 1.0264 0.2664 -0.1121 -0.4249 0.8579
1305031467.5598 -0.0524 0.1656 1.0245 0.2651 -0.1128 -0.4260 0.8576
1305031467.5960 -0.0450 0.1619 1.0192 0.2644 -0.1140 -0.4250 0.8582
1305031467.6275 -0.0376 0.1543 1.0202 0.2645 -0.1185 -0.4244 0.8579
1305031467.6596 -0.0413 0.1456 1.0115 0.2645 -0.1208 -0.4237 0.8579
1305031467.6959 -0.0395 0.1371 1.0099 0.2635 -0.1223 -0.4251 0.8572
1305031467.7275 -0.0444 0.1314 1.0139 0.2662 -0.1211 -0.4301 0.8541
1305031467.7599 -0.0411 0.1224 1.0213 0.2707 -0.1238 -0.4317 0.8515
1305031467.7961 -0.0463 0.1108 1.0192 0.2698 -0.1241 -0.4334 0.8509
1305031467.8278 -0.0474 0.1032 1.0303 0.2746 -0.1262 -0.4345 0.8484
1305031467.8597 -0.0548 0.0898 1.0264 0.2779 -0.1305 -0.4312 0.8484
1305031467.8959 -0.0698 0.0841 1.0207 0.2784 -0.1306 -0.4333 0.8472
1305031467.9278 -0.0744 0.0697 1.0307 0.2792 -0.1344 -0.4382 0.8438
1305031467.9598 -0.0896 0.0505 1.0255 0.2801 -0.1363 -0.4396 0.8425
1305031467.9958 -0.0889 0.0422 1.0272 0.2803 -0.1374 -0.4412 0.8413
1305031468.0281 -0.0884 0.0295 1.0347 0.2799 -0.1380 -0.4425 0.8407
1305031468.0598 -0.1031 0.0090 1.0386 0.2807 -0.1391 -0.4442 0.8394
1305031468.0959 -0.1059 0.0039 1.0449 0.2817 -0.1403 -0.4435 0.8392
1305031468.1278 -0.1077 -0.0133 1.0565 0.2801 -0.1433 -0.4434 0.8393
1305031468.1599 -0.1088 -0.0259 1.0581 0.2806 -0.1441 -0.4450 0.8382
1305031468.1960 -0.1055 -0.0384 1.0708 0.2817 -0.1454 -0.4469 0.8365
1305031468.2282 -0.1056 -0.0568 1.0803 0.2813 -0.1463 -0.4468 0.8366
1305031468.2598 -0.1003 -0.0820 1.0931 0.2818 -0.1488 -0.4465 0.8361
1305031468.2958 -0.0979 -0.1025 1.1102 0.2836 -0.1500 -0.4466 0.8352
1305031468.3278 -0.1034 -0.1369 1.1188 0.2834 -0.1523 -0.4446 0.8359
1305031468.3598 -0.1027 -0.1557 1.1244 0.2864 -0.1529 -0.4407 0.8369
1305031468.3959 -0.1084 -0.1634 1.1232 0.2868 -0.1479 -0.4387 0.8387
1305031468.4280 -0.1155 -0.1800 1.1270 0.2845 -0.1484 -0.4385 0.8395
1305031468.4598 -0.1210 -0.2103 1.1291 0.2820 -0.1514 -0.4369 0.8407
1305031468.4958 -0.1168 -0.2201 1.1333 0.2822 -0.1527 -0.4366 0.8405
1305031468.5278 -0.1247 -0.2494 1.1398 0.2816 -0.1521 -0.4399 0.8391
1305031468.5597 -0.1470 -0.2577 1.1248 0.2858 -0.1462 -0.4485 0.8341
1305031468.5958 -0.1560 -0.2513 1.1250 0.2909 -0.1429 -0.4534 0.8303
1305031468.6276 -0.1619 -0.2608 1.1271 0.2871 -0.1438 -0.4532 0.8316
1305031468.6596 -0.1812 -0.2805 1.1178 0.2845 -0.1452 -0.4557 0.8308
1305031468.6958 -0.1961 -0.2893 1.1087 0.2871 -0.1483 -0.4584 0.8279
1305031468.7278 -0.2179 -0.2930 1.1022 0.2891 -0.1487 -0.4612 0.8256
1305031468.7596 -0.2273 -0.2974 1.1043 0.2903 -0.1511 -0.4618 0.8244
1305031468.7958 -0.2400 -0.3092 1.0973 0.2945 -0.1536 -0.4653 0.8205
1305031468.8292 -0.2605 -0.3090 1.0840 0.3005 -0.1508 -0.4717 0.8152
1305031468.8597 -0.2603 -0.3070 1.0850 0.3031 -0.1502 -0.4734 0.8133
1305031468.8959 -0.2538 -0.3307 1.1027 0.3040 -0.1517 -0.4747 0.8119
1305031468.9281 -0.2672 -0.3249 1.0958 0.3051 -0.1410 -0.4705 0.8159
1305031468.9596 -0.2594 -0.3356 1.0919 0.3011 -0.1405 -0.4657 0.8202
1305031468.9957 -0.2513 -0.3357 1.1022 0.2911 -0.1362 -0.4667 0.8240
1305031469.0277 -0.2599 -0.3421 1.1060 0.2749 -0.1268 -0.4720 0.8280
1305031469.0598 -0.2765 -0.3545 1.1061 0.2605 -0.1187 -0.4784 0.8302
1305031469.0957 -0.2797 -0.3636 1.1161 0.2508 -0.1139 -0.4854 0.8297
1305031469.1277 -0.2816 -0.3877 1.1367 0.2391 -0.1075 -0.4925 0.8299
1305031469.1597 -0.2912 -0.4094 1.1486 0.2278 -0.0979 -0.4986 0.8306
1305031469.1955 -0.2993 -0.4133 1.1439 0.2234 -0.0845 -0.4981 0.8336
1305031469.2278 -0.3081 -0.4114 1.1569 0.2238 -0.0771 -0.4991 0.8336
1305031469.2596 -0.3195 -0.4171 1.1727 0.2196 -0.0691 -0.5005 0.8345
1305031469.2968 -0.3268 -0.4216 1.1846 0.2171 -0.0640 -0.5024 0.8345
1305031469.3276 -0.3191 -0.4333 1.1899 0.2135 -0.0653 -0.5028 0.8351
1305031469.3596 -0.3279 -0.4593 1.2032 0.2020 -0.0605 -0.5070 0.8357
1305031469.3957 -0.3337 -0.4671 1.2161 0.2049 -0.0476 -0.5091 0.8346
1305031469.4277 -0.3363 -0.4652 1.2286 0.2110 -0.0331 -0.5104 0.8330
1305031469.4597 -0.3485 -0.4737 1.2452 0.2100 -0.0197 -0.5163 0.8300
1305031469.4957 -0.3548 -0.4641 1.2619 0.2138 -0.0128 -0.5151 0.8299
1305031469.5276 -0.3463 -0.4628 1.2752 0.2147 -0.0149 -0.5155 0.8294
1305031469.5596 -0.3386 -0.4645 1.2881 0.2116 -0.0169 -0.5138 0.8312
1305031469.5958 -0.3348 -0.4580 1.3124 0.2077 -0.0153 -0.5106 0.8342
1305031469.6278 -0.3383 -0.4794 1.3175 0.1913 -0.0156 -0.5135 0.8364
1305031469.6596 -0.3566 -0.4665 1.3473 0.1887 -0.0014 -0.5099 0.8393
1305031469.6956 -0.3499 -0.4607 1.3635 0.1891 0.0004 -0.5063 0.8413
1305031469.7277 -0.3537 -0.4541 1.3802 0.1857 0.0090 -0.5039 0.8435
1305031469.7596 -0.3548 -0.4503 1.4021 0.1820 0.0135 -0.4978 0.8479
1305031469.7956 -0.3633 -0.4308 1.4322 0.1826 0.0216 -0.4939 0.8498
1305031469.8275 -0.3612 -0.4269 1.4479 0.1774 0.0192 -0.4925 0.8518
1305031469.8596 -0.3748 -0.4132 1.4690 0.1701 0.0252 -0.4895 0.8549
1305031469.8958 -0.3728 -0.4120 1.4809 0.1632 0.0221 -0.4879 0.8573
1305031469.9279 -0.3799 -0.4073 1.5032 0.1586 0.0209 -0.4856 0.8594
1305031469.9598 -0.3832 -0.3888 1.5222 0.1586 0.0200 -0.4831 0.8609
1305031469.9956 -0.3859 -0.3806 1.5318 0.1553 0.0178 -0.4824 0.8619
1305031470.0277 -0.3935 -0.3716 1.5412 0.1488 0.0173 -0.4824 0.8631
1305031470.0596 -0.4014 -0.3490 1.5628 0.1520 0.0224 -0.4807 0.8634
1305031470.0959 -0.4089 -0.3335 1.5766 0.1530 0.0252 -0.4797 0.8636
1305031470.1276 -0.4023 -0.3258 1.5807 0.1451 0.0190 -0.4779 0.8662
1305031470.1596 -0.4192 -0.3088 1.5857 0.1407 0.0246 -0.4767 0.8674
1305031470.1961 -0.4230 -0.3015 1.6004 0.1362 0.0197 -0.4735 0.8700
1305031470.2276 -0.4311 -0.2741 1.6130 0.1395 0.0250 -0.4683 0.8721
1305031470.2600 -0.4429 -0.2544 1.6291 0.1396 0.0312 -0.4659 0.8732
1305031470.2957 -0.4429 -0.2445 1.6338 0.1321 0.0285 -0.4621 0.8765
1305031470.3276 -0.4559 -0.2263 1.6471 0.1282 0.0340 -0.4581 0.8789
1305031470.3596 -0.4641 -0.2144 1.6506 0.1200 0.0329 -0.4547 0.8819
1305031470.3958 -0.4748 -0.2027 1.6610 0.1151 0.0343 -0.4550 0.8824
1305031470.4276 -0.4839 -0.1880 1.6682 0.1151 0.0338 -0.4574 0.8812
1305031470.4597 -0.4877 -0.1790 1.6745 0.1149 0.0293 -0.4554 0.8824
1305031470.4957 -0.4992 -0.1636 1.6784 0.1160 0.0311 -0.4550 0.8823
1305031470.5277 -0.5042 -0.1579 1.6811 0.1125 0.0266 -0.4566 0.8821
1305031470.5597 -0.5116 -0.1398 1.6903 0.1174 0.0301 -0.4537 0.8829
1305031470.5958 -0.5223 -0.1259 1.6944 0.1189 0.0337 -0.4489 0.8850
1305031470.6277 -0.5212 -0.1230 1.6997 0.1160 0.0260 -0.4466 0.8868
1305031470.6597 -0.5338 -0.1110 1.7064 0.1151 0.0303 -0.4401 0.8900
1305031470.6956 -0.5360 -0.1009 1.7142 0.1157 0.0260 -0.4357 0.8923
1305031470.7277 -0.5464 -0.0966 1.7229 0.1150 0.0272 -0.4355 0.8924
1305031470.7597 -0.5512 -0.0913 1.7237 0.1158 0.0301 -0.4322 0.8938
1305031470.7956 -0.5547 -0.0847 1.7281 0.1179 0.0322 -0.4281 0.8954
1305031470.8278 -0.5627 -0.0722 1.7361 0.1260 0.0328 -0.4215 0.8974
1305031470.8596 -0.5720 -0.0621 1.7411 0.1339 0.0327 -0.4134 0.9001
1305031470.8957 -0.5779 -0.0491 1.7461 0.1429 0.0315 -0.4056 0.9023
1305031470.9277 -0.5867 -0.0321 1.7571 0.1570 0.0304 -0.3989 0.9029
1305031470.9596 -0.6008 -0.0211 1.7585 0.1695 0.0296 -0.3971 0.9015
1305031470.9960 -0.6096 -0.0098 1.7606 0.1841 0.0306 -0.3941 0.8999
1305031471.0276 -0.6145 -0.0024 1.7630 0.1989 0.0286 -0.3896 0.8988
1305031471.0596 -0.6200 0.0038 1.7634 0.2134 0.0273 -0.3870 0.8966
1305031471.0958 -0.6267 0.0103 1.7616 0.2232 0.0248 -0.3791 0.8977
1305031471.1277 -0.6341 0.0158 1.7628 0.2313 0.0219 -0.3696 0.8997
1305031471.1596 -0.6384 0.0220 1.7624 0.2392 0.0197 -0.3619 0.9008
1305031471.1957 -0.6414 0.0223 1.7609 0.2401 0.0188 -0.3575 0.9024
1305031471.2276 -0.6460 0.0239 1.7622 0.2407 0.0204 -0.3546 0.9033
1305031471.2597 -0.6525 0.0261 1.7626 0.2407 0.0227 -0.3519 0.9043
1305031471.2961 -0.6572 0.0266 1.7626 0.2415 0.0235 -0.3482 0.9055
1305031471.3276 -0.6601 0.0269 1.7610 0.2434 0.0243 -0.3444 0.9064
1305031471.3596 -0.6627 0.0292 1.7609 0.2460 0.0283 -0.3411 0.9068
1305031471.3957 -0.6690 0.0297 1.7623 0.2475 0.0326 -0.3349 0.9086
1305031471.4277 -0.6746 0.0295 1.7585 0.2473 0.0322 -0.3297 0.9106
1305031471.4596 -0.6813 0.0305 1.7557 0.2455 0.0340 -0.3263 0.9122
1305031471.4965 -0.6923 0.0351 1.7551 0.2448 0.0376 -0.3194 0.9147
1305031471.5276 -0.6948 0.0363 1.7547 0.2450 0.0378 -0.3177 0.9152
1305031471.5597 -0.6958 0.0388 1.7540 0.2456 0.0384 -0.3168 0.9153
1305031471.5957 -0.6990 0.0398 1.7538 0.2460 0.0416 -0.3149 0.9158
1305031471.6276 -0.7021 0.0430 1.7533 0.2477 0.0447 -0.3131 0.9158
1305031471.6596 -0.7022 0.0467 1.7530 0.2514 0.0464 -0.3120 0.9150
1305031471.6956 -0.7023 0.0493 1.7503 0.2528 0.0471 -0.3102 0.9152
1305031471.7275 -0.7052 0.0509 1.7476 0.2517 0.0503 -0.3055 0.9169
1305031471.7597 -0.7062 0.0511 1.7484 0.2532 0.0527 -0.2982 0.9188
1305031471.7958 -0.7047 0.0580 1.7456 0.2578 0.0553 -0.2890 0.9203
1305031471.8276 -0.7068 0.0589 1.7437 0.2542 0.0586 -0.2858 0.9221
1305031471.8597 -0.7040 0.0636 1.7462 0.2547 0.0578 -0.2777 0.9245
1305031471.8956 -0.7023 0.0675 1.7444 0.2524 0.0592 -0.2709 0.9270
1305031471.9277 -0.7005 0.0706 1.7503 0.2521 0.0608 -0.2624 0.9295
1305031471.9596 -0.7083 0.0733 1.7589 0.2539 0.0716 -0.2569 0.9297
1305031471.9956 -0.7129 0.0813 1.7565 0.2553 0.0806 -0.2505 0.9303
1305031472.0276 -0.7069 0.0896 1.7594 0.2575 0.0801 -0.2468 0.9308
1305031472.0597 -0.7089 0.0909 1.7656 0.2567 0.0830 -0.2412 0.9322
1305031472.0956 -0.7089 0.0948 1.7631 0.2569 0.0839 -0.2351 0.9336
1305031472.1276 -0.7060 0.0997 1.7673 0.2570 0.0831 -0.2325 0.9343
1305031472.1596 -0.7117 0.0964 1.7780 0.2550 0.0849 -0.2277 0.9359
1305031472.1957 -0.7173 0.1025 1.7854 0.2631 0.0861 -0.2221 0.9349
1305031472.2276 -0.7185 0.0974 1.7913 0.2625 0.0844 -0.2192 0.9359
1305031472.2638 -0.7223 0.0933 1.7911 0.2628 0.0849 -0.2185 0.9359
1305031472.2957 -0.7177 0.0855 1.7953 0.2641 0.0800 -0.2171 0.9363
1305031472.3277 -0.7159 0.0817 1.7931 0.2657 0.0766 -0.2159 0.9364
1305031472.3636 -0.7171 0.0848 1.7946 0.2693 0.0767 -0.2137 0.9359
1305031472.3956 -0.7199 0.0858 1.7975 0.2706 0.0753 -0.2103 0.9364
1305031472.4277 -0.7212 0.0840 1.8009 0.2722 0.0739 -0.2123 0.9356
1305031472.4636 -0.7205 0.0820 1.7985 0.2738 0.0709 -0.2113 0.9356
1305031472.4956 -0.7117 0.0824 1.7995 0.2785 0.0632 -0.2091 0.9353
1305031472.5276 -0.7027 0.0786 1.8001 0.2812 0.0545 -0.2060 0.9357
1305031472.5636 -0.6994 0.0638 1.7970 0.2748 0.0479 -0.2032 0.9386
1305031472.5957 -0.6999 0.0633 1.7957 0.2770 0.0469 -0.2019 0.9382
1305031472.6277 -0.7005 0.0612 1.7934 0.2770 0.0460 -0.1998 0.9387
1305031472.6636 -0.7007 0.0571 1.7903 0.2785 0.0438 -0.1966 0.9391
1305031472.6958 -0.7017 0.0574 1.7915 0.2831 0.0442 -0.1990 0.9372
1305031472.7276 -0.7013 0.0574 1.7923 0.2859 0.0437 -0.2000 0.9362
1305031472.7636 -0.7013 0.0538 1.7921 0.2866 0.0432 -0.1996 0.9360
1305031472.7956 -0.6991 0.0499 1.7901 0.2888 0.0407 -0.1970 0.9360
1305031472.8276 -0.6974 0.0482 1.7916 0.2908 0.0396 -0.1965 0.9356
1305031472.8636 -0.6989 0.0450 1.7905 0.2910 0.0391 -0.1959 0.9356
1305031472.8957 -0.7013 0.0409 1.7873 0.2889 0.0386 -0.1939 0.9367
1305031472.9277 -0.7026 0.0347 1.7850 0.2861 0.0375 -0.1930 0.9378
1305031472.9638 -0.7015 0.0342 1.7847 0.2873 0.0362 -0.1915 0.9378
1305031472.9957 -0.6995 0.0345 1.7866 0.2881 0.0342 -0.1916 0.9376
1305031473.0276 -0.6995 0.0343 1.7884 0.2880 0.0334 -0.1921 0.9376
1305031473.0637 -0.7004 0.0324 1.7885 0.2866 0.0341 -0.1926 0.9379
1305031473.0957 -0.7037 0.0314 1.7866 0.2861 0.0378 -0.1951 0.9374
1305031473.1277 -0.7042 0.0324 1.7861 0.2872 0.0389 -0.1956 0.9369
1305031473.1671 -0.7036 0.0319 1.7862 0.2886 0.0378 -0.1961 0.9364
1305031473.1961 -0.7019 0.0347 1.7847 0.2915 0.0363 -0.1961 0.9356
