1305031453.3917 0.0000 0.0000 0.0000 0.0000 0.0000 0.0000 1.0000
1305031453.5237 0.0073 0.0235 -0.0437 0.0188 0.0236 0.0369 0.9989
1305031453.6277 0.0030 0.0389 -0.0875 0.0388 0.0302 0.0516 0.9975
1305031453.7277 -0.0070 0.0591 -0.1285 0.0553 0.0151 0.0423 0.9975
1305031453.8597 -0.0382 0.0744 -0.1721 0.0642 -0.0229 0.0146 0.9976
1305031453.9277 -0.0479 0.0767 -0.1805 0.0596 -0.0602 0.0033 0.9964
1305031453.9596 -0.0466 0.0761 -0.1845 0.0572 -0.0783 -0.0025 0.9953
1305031453.9916 -0.0590 0.0786 -0.1797 0.0572 -0.0894 -0.0108 0.9943
1305031454.0277 -0.0702 0.0826 -0.1788 0.0598 -0.1018 -0.0163 0.9929
1305031454.0597 -0.0822 0.0897 -0.1780 0.0627 -0.1114 -0.0239 0.9915
1305031454.0917 -0.1048 0.0981 -0.1691 0.0658 -0.1196 -0.0306 0.9902
1305031454.1277 -0.1257 0.1084 -0.1634 0.0723 -0.1298 -0.0395 0.9881
1305031454.1597 -0.1400 0.1150 -0.1632 0.0742 -0.1425 -0.0467 0.9859
1305031454.1917 -0.1547 0.1181 -0.1570 0.0745 -0.1577 -0.0565 0.9831
1305031454.2277 -0.1792 0.1243 -0.1519 0.0791 -0.1692 -0.0699 0.9799
1305031454.2596 -0.1839 0.1196 -0.1604 0.0794 -0.1830 -0.0817 0.9765
1305031454.2916 -0.1906 0.1222 -0.1603 0.0788 -0.1919 -0.0909 0.9740
1305031454.3277 -0.2001 0.1239 -0.1593 0.0798 -0.2019 -0.0999 0.9710
1305031454.3596 -0.2083 0.1265 -0.1694 0.0840 -0.2118 -0.1120 0.9672
1305031454.3917 -0.2159 0.1310 -0.1687 0.0853 -0.2200 -0.1199 0.9643
1305031454.4275 -0.2270 0.1332 -0.1752 0.0856 -0.2300 -0.1284 0.9609
1305031454.4599 -0.2376 0.1368 -0.1763 0.0870 -0.2388 -0.1382 0.9572
1305031454.4916 -0.2433 0.1404 -0.1765 0.0893 -0.2435 -0.1509 0.9539
1305031454.5277 -0.2444 0.1465 -0.1683 0.0905 -0.2533 -0.1633 0.9492
1305031454.5596 -0.2538 0.1519 -0.1608 0.0890 -0.2604 -0.1710 0.9461
1305031454.5916 -0.2652 0.1579 -0.1604 0.0879 -0.2693 -0.1816 0.9417
1305031454.6276 -0.2740 0.1611 -0.1570 0.0860 -0.2815 -0.1907 0.9365
1305031454.6595 -0.2876 0.1790 -0.1478 0.0873 -0.2909 -0.1950 0.9326
1305031454.6919 -0.3053 0.1876 -0.1454 0.0829 -0.3011 -0.1986 0.9290
1305031454.7277 -0.3097 0.1924 -0.1450 0.0807 -0.3135 -0.2034 0.9240
1305031454.7597 -0.3121 0.1962 -0.1394 0.0773 -0.3195 -0.2009 0.9228
1305031454.7916 -0.3124 0.1953 -0.1330 0.0711 -0.3235 -0.1953 0.9231
1305031454.8276 -0.3121 0.2004 -0.1308 0.0671 -0.3246 -0.1897 0.9242
1305031454.8596 -0.3133 0.1969 -0.1193 0.0583 -0.3256 -0.1850 0.9254
1305031454.8918 -0.3177 0.1975 -0.1192 0.0532 -0.3213 -0.1810 0.9280
1305031454.9276 -0.3219 0.2043 -0.1084 0.0490 -0.3196 -0.1737 0.9302
1305031454.9596 -0.3233 0.2090 -0.1062 0.0453 -0.3173 -0.1685 0.9321
1305031454.9919 -0.3270 0.2117 -0.1080 0.0420 -0.3150 -0.1643 0.9338
1305031455.0278 -0.3290 0.2185 -0.1089 0.0419 -0.3146 -0.1618 0.9344
1305031455.0596 -0.3331 0.2225 -0.1105 0.0405 -0.3121 -0.1600 0.9356
1305031455.0917 -0.3365 0.2250 -0.1153 0.0408 -0.3093 -0.1598 0.9365
1305031455.1277 -0.3406 0.2333 -0.1201 0.0430 -0.3056 -0.1599 0.9377
1305031455.1597 -0.3483 0.2381 -0.1258 0.0423 -0.3013 -0.1578 0.9394
1305031455.1917 -0.3556 0.2425 -0.1262 0.0392 -0.2995 -0.1527 0.9410
1305031455.2276 -0.3613 0.2437 -0.1286 0.0378 -0.2978 -0.1492 0.9421
1305031455.2596 -0.3665 0.2534 -0.1298 0.0366 -0.2951 -0.1438 0.9439
1305031455.2918 -0.3738 0.2514 -0.1281 0.0254 -0.2929 -0.1333 0.9465
1305031455.3278 -0.3869 0.2593 -0.1426 0.0209 -0.2877 -0.1242 0.9494
1305031455.3596 -0.3921 0.2692 -0.1336 0.0137 -0.2894 -0.1138 0.9503
1305031455.3917 -0.3977 0.2666 -0.1279 0.0001 -0.2877 -0.1038 0.9521
1305031455.4276 -0.4134 0.2719 -0.1390 -0.0047 -0.2791 -0.0960 0.9554
1305031455.4596 -0.4264 0.2719 -0.1460 -0.0087 -0.2753 -0.0901 0.9571
1305031455.4916 -0.4366 0.2724 -0.1545 -0.0133 -0.2721 -0.0823 0.9586
1305031455.5276 -0.4525 0.2690 -0.1672 -0.0186 -0.2678 -0.0729 0.9605
1305031455.5597 -0.4722 0.2724 -0.1816 -0.0196 -0.2662 -0.0631 0.9616
1305031455.5916 -0.4845 0.2695 -0.1966 -0.0242 -0.2665 -0.0524 0.9621
1305031455.6276 -0.5035 0.2672 -0.2074 -0.0280 -0.2631 -0.0442 0.9634
1305031455.6596 -0.5148 0.2670 -0.2147 -0.0260 -0.2618 -0.0386 0.9640
1305031455.6916 -0.5293 0.2673 -0.2306 -0.0225 -0.2584 -0.0401 0.9649
1305031455.7276 -0.5380 0.2657 -0.2374 -0.0211 -0.2565 -0.0430 0.9653
1305031455.7597 -0.5448 0.2640 -0.2455 -0.0203 -0.2533 -0.0444 0.9662
1305031455.7917 -0.5511 0.2579 -0.2531 -0.0201 -0.2508 -0.0436 0.9669
1305031455.8276 -0.5575 0.2564 -0.2653 -0.0179 -0.2488 -0.0433 0.9674
1305031455.8595 -0.5648 0.2533 -0.2736 -0.0181 -0.2477 -0.0432 0.9677
1305031455.8917 -0.5682 0.2514 -0.2813 -0.0177 -0.2467 -0.0436 0.9680
1305031455.9280 -0.5733 0.2469 -0.2891 -0.0188 -0.2448 -0.0438 0.9684
1305031455.9597 -0.5777 0.2450 -0.2967 -0.0182 -0.2426 -0.0451 0.9689
1305031455.9917 -0.5827 0.2425 -0.3009 -0.0197 -0.2400 -0.0462 0.9695
1305031456.0278 -0.5894 0.2457 -0.3076 -0.0217 -0.2354 -0.0506 0.9703
1305031456.0597 -0.6017 0.2316 -0.3131 -0.0317 -0.2307 -0.0590 0.9707
1305031456.0917 -0.6097 0.2257 -0.3159 -0.0351 -0.2276 -0.0624 0.9711
1305031456.1276 -0.6140 0.2225 -0.3199 -0.0358 -0.2252 -0.0627 0.9716
1305031456.1597 -0.6150 0.2182 -0.3185 -0.0362 -0.2238 -0.0632 0.9719
1305031456.1917 -0.6208 0.2074 -0.3220 -0.0337 -0.2180 -0.0625 0.9734
1305031456.2277 -0.6297 0.2071 -0.3317 -0.0322 -0.2078 -0.0597 0.9758
1305031456.2917 -0.6386 0.1892 -0.3259 -0.0355 -0.1905 -0.0525 0.9796
1305031456.3277 -0.6450 0.1794 -0.3257 -0.0350 -0.1815 -0.0451 0.9817
1305031456.3916 -0.6483 0.1620 -0.3167 -0.0373 -0.1647 -0.0350 0.9850
1305031456.4277 -0.6523 0.1567 -0.3158 -0.0346 -0.1581 -0.0258 0.9865
1305031456.4917 -0.6969 0.1739 -0.3119 -0.0356 -0.1473 -0.0132 0.9884
1305031456.5276 -0.7179 0.1780 -0.3064 -0.0379 -0.1457 -0.0095 0.9885
1305031456.5917 -0.7404 0.1892 -0.2963 -0.0365 -0.1414 -0.0003 0.9893
1305031456.6276 -0.7477 0.2001 -0.2880 -0.0481 -0.1389 0.0043 0.9891
1305031456.6916 -0.7808 0.1853 -0.2704 -0.0609 -0.1298 0.0158 0.9895
1305031456.7916 -0.8420 0.1849 -0.2504 -0.0690 -0.1331 0.0371 0.9880
1305031457.0276 -0.9271 0.2078 -0.2071 -0.0847 -0.1137 0.0716 0.9873
1305031457.1917 -0.9823 0.2029 -0.2194 -0.1019 -0.0829 0.0972 0.9866
1305031457.2917 -1.0046 0.1862 -0.2406 -0.1010 -0.0648 0.1165 0.9859
1305031457.3917 -1.0385 0.1707 -0.2721 -0.0978 -0.0312 0.1348 0.9855
1305031457.4917 -1.0763 0.1500 -0.3074 -0.0966 -0.0155 0.1516 0.9836
1305031457.5597 -1.0911 0.1403 -0.3343 -0.0887 -0.0081 0.1610 0.9829
1305031457.6596 -1.1300 0.1271 -0.3707 -0.0815 0.0036 0.1735 0.9814
1305031457.7277 -1.1529 0.0930 -0.3820 -0.0927 0.0074 0.1726 0.9806
1305031457.7916 -1.1616 0.0667 -0.3944 -0.0843 0.0127 0.1720 0.9814
1305031457.8277 -1.1728 0.0765 -0.4097 -0.0692 0.0201 0.1735 0.9822
1305031457.8916 -1.1974 0.0493 -0.4177 -0.0610 0.0376 0.1733 0.9823
1305031457.9276 -1.2121 0.0419 -0.4275 -0.0483 0.0439 0.1777 0.9819
1305031457.9916 -1.2360 0.0236 -0.4356 -0.0369 0.0480 0.1837 0.9811
1305031458.0278 -1.2393 0.0123 -0.4387 -0.0280 0.0512 0.1853 0.9810
1305031458.0597 -1.2542 0.0177 -0.4458 -0.0184 0.0566 0.1884 0.9803
1305031458.1276 -1.2700 0.0024 -0.4437 -0.0221 0.0615 0.1901 0.9796
1305031458.1596 -1.2799 -0.0102 -0.4452 -0.0234 0.0636 0.1907 0.9793
1305031458.1916 -1.2979 -0.0123 -0.4384 -0.0226 0.0652 0.1945 0.9785
1305031458.2276 -1.3124 -0.0235 -0.4174 -0.0299 0.0638 0.1953 0.9782
1305031458.2599 -1.3252 -0.0432 -0.4071 -0.0327 0.0618 0.1932 0.9787
1305031458.2917 -1.3457 -0.0494 -0.3961 -0.0238 0.0595 0.1933 0.9791
1305031458.3276 -1.3618 -0.0556 -0.3826 -0.0222 0.0536 0.1945 0.9792
1305031458.3596 -1.3704 -0.0754 -0.3645 -0.0172 0.0514 0.1990 0.9785
1305031458.3916 -1.3872 -0.0677 -0.3503 -0.0023 0.0498 0.2033 0.9779
1305031458.4276 -1.3946 -0.0582 -0.3310 0.0078 0.0493 0.2140 0.9756
1305031458.4596 -1.3947 -0.0596 -0.3225 0.0202 0.0522 0.2192 0.9741
1305031458.4917 -1.3893 -0.0708 -0.3103 0.0354 0.0597 0.2210 0.9728
1305031458.5277 -1.3953 -0.0694 -0.3089 0.0497 0.0668 0.2204 0.9718
1305031458.5596 -1.4030 -0.0699 -0.3019 0.0535 0.0733 0.2181 0.9717
1305031458.5916 -1.4219 -0.0743 -0.2934 0.0610 0.0811 0.2091 0.9726
1305031458.6277 -1.4374 -0.0594 -0.2725 0.0666 0.0832 0.2065 0.9726
1305031458.6596 -1.4515 -0.0638 -0.2499 0.0612 0.0802 0.2072 0.9731
1305031458.6917 -1.4574 -0.0645 -0.2262 0.0578 0.0654 0.1989 0.9761
1305031458.7276 -1.4586 -0.0646 -0.2055 0.0595 0.0512 0.1932 0.9780
1305031458.7599 -1.4698 -0.0670 -0.1913 0.0650 0.0390 0.1848 0.9799
1305031458.7916 -1.4651 -0.0573 -0.1757 0.0682 0.0202 0.1781 0.9814
1305031458.8276 -1.4580 -0.0598 -0.1464 0.0636 0.0091 0.1775 0.9820
1305031458.8917 -1.4595 -0.0614 -0.1253 0.0713 0.0057 0.1636 0.9839
1305031458.9276 -1.4685 -0.0586 -0.1246 0.0711 0.0116 0.1658 0.9835
1305031458.9596 -1.4682 -0.0673 -0.1149 0.0612 0.0137 0.1759 0.9824
1305031458.9916 -1.4702 -0.0803 -0.1138 0.0600 0.0152 0.1791 0.9819
1305031459.0277 -1.4963 -0.0728 -0.1080 0.0754 0.0160 0.1748 0.9816
1305031459.0596 -1.5154 -0.0797 -0.1051 0.0827 0.0097 0.1833 0.9795
1305031459.1276 -1.5118 -0.0627 -0.0769 0.0871 0.0123 0.1767 0.9803
1305031459.1596 -1.5261 -0.0618 -0.0707 0.0972 -0.0132 0.1768 0.9793
1305031459.1917 -1.5347 -0.0624 -0.0661 0.1033 -0.0319 0.1802 0.9777
1305031459.2276 -1.5391 -0.0608 -0.0550 0.1065 -0.0468 0.1884 0.9752
1305031459.2598 -1.5422 -0.0586 -0.0389 0.1063 -0.0499 0.1957 0.9736
1305031459.3276 -1.5534 -0.0514 -0.0094 0.1001 -0.0217 0.2194 0.9702
1305031459.3597 -1.5617 -0.0430 -0.0053 0.1016 0.0006 0.2384 0.9658
1305031459.3917 -1.5758 -0.0289 -0.0022 0.0958 0.0268 0.2617 0.9600
1305031459.4276 -1.5646 -0.0215 0.0135 0.0795 0.0538 0.2951 0.9506
1305031459.4597 -1.5738 -0.0224 0.0208 0.0719 0.0887 0.3340 0.9356
1305031459.5276 -1.5943 -0.0006 0.0396 0.0521 0.1288 0.3935 0.9088
1305031459.5596 -1.6010 -0.0143 0.0324 0.0394 0.1420 0.4167 0.8970
1305031459.5917 -1.6098 -0.0182 0.0328 0.0338 0.1464 0.4360 0.8873
1305031459.6276 -1.6150 -0.0211 0.0363 0.0293 0.1460 0.4473 0.8819
1305031459.6596 -1.6220 -0.0207 0.0385 0.0295 0.1501 0.4473 0.8812
1305031459.6916 -1.6350 -0.0276 0.0406 0.0238 0.1607 0.4520 0.8771
1305031459.7276 -1.6385 -0.0428 0.0406 0.0158 0.1656 0.4546 0.8750
1305031459.7917 -1.6612 -0.0767 0.0378 0.0126 0.1728 0.4520 0.8750
1305031459.8277 -1.6746 -0.0942 0.0414 0.0106 0.1753 0.4512 0.8749
1305031459.8597 -1.6928 -0.1127 0.0456 0.0074 0.1776 0.4503 0.8750
1305031459.8916 -1.6961 -0.1309 0.0536 0.0022 0.1729 0.4544 0.8739
1305031459.9276 -1.7035 -0.1510 0.0572 -0.0005 0.1717 0.4570 0.8728
1305031459.9917 -1.7159 -0.1815 0.0695 -0.0063 0.1683 0.4660 0.8686
1305031460.0276 -1.7222 -0.1952 0.0759 -0.0076 0.1698 0.4681 0.8672
1305031460.0597 -1.7301 -0.2176 0.0793 -0.0101 0.1718 0.4710 0.8652
1305031460.0917 -1.7389 -0.2398 0.0814 -0.0102 0.1687 0.4765 0.8628
1305031460.1277 -1.7430 -0.2510 0.0869 -0.0047 0.1605 0.4830 0.8608
1305031460.1597 -1.7529 -0.2612 0.0930 0.0019 0.1547 0.4877 0.8592
1305031460.1916 -1.7524 -0.2706 0.1069 0.0017 0.1486 0.4947 0.8563
1305031460.2278 -1.7528 -0.2695 0.1153 0.0044 0.1486 0.4951 0.8560
1305031460.2917 -1.7557 -0.2901 0.1215 0.0061 0.1648 0.4961 0.8524
1305031460.3275 -1.7578 -0.2960 0.1249 0.0076 0.1715 0.4958 0.8513
1305031460.3916 -1.7612 -0.2995 0.1377 0.0052 0.1892 0.4999 0.8451
1305031460.4275 -1.7612 -0.3005 0.1448 0.0057 0.1966 0.5031 0.8416
1305031460.4596 -1.7627 -0.3022 0.1507 0.0029 0.2091 0.5060 0.8368
1305031460.4915 -1.7659 -0.3087 0.1531 -0.0047 0.2226 0.5089 0.8315
1305031460.5276 -1.7650 -0.3231 0.1563 -0.0150 0.2341 0.5153 0.8242
1305031460.5596 -1.7631 -0.3304 0.1596 -0.0211 0.2418 0.5177 0.8204
1305031460.5919 -1.7677 -0.3362 0.1658 -0.0236 0.2498 0.5168 0.8185
1305031460.6276 -1.7673 -0.3425 0.1701 -0.0263 0.2560 0.5183 0.8156
1305031460.6598 -1.7703 -0.3469 0.1739 -0.0269 0.2610 0.5169 0.8148
1305031460.6917 -1.7735 -0.3537 0.1769 -0.0291 0.2639 0.5175 0.8134
1305031460.7277 -1.7728 -0.3586 0.1802 -0.0318 0.2645 0.5179 0.8129
1305031460.7597 -1.7717 -0.3639 0.1832 -0.0338 0.2665 0.5160 0.8134
1305031460.7917 -1.7739 -0.3709 0.1861 -0.0356 0.2689 0.5154 0.8129
1305031460.8277 -1.7753 -0.3764 0.1920 -0.0382 0.2701 0.5137 0.8135
1305031460.8597 -1.7747 -0.3815 0.1966 -0.0420 0.2719 0.5123 0.8136
1305031460.8918 -1.7725 -0.3881 0.2004 -0.0464 0.2734 0.5109 0.8137
1305031460.9276 -1.7736 -0.3978 0.2080 -0.0505 0.2759 0.5105 0.8129
1305031460.9917 -1.7645 -0.4146 0.2193 -0.0531 0.2787 0.5125 0.8105
1305031461.0276 -1.7631 -0.4241 0.2272 -0.0531 0.2813 0.5142 0.8085
1305031461.0917 -1.7655 -0.4353 0.2443 -0.0495 0.2806 0.5129 0.8098
1305031461.1276 -1.7605 -0.4399 0.2511 -0.0505 0.2802 0.5118 0.8105
1305031461.1597 -1.7598 -0.4478 0.2590 -0.0480 0.2831 0.5104 0.8106
1305031461.1920 -1.7598 -0.4512 0.2645 -0.0462 0.2846 0.5069 0.8124
1305031461.2276 -1.7574 -0.4552 0.2699 -0.0465 0.2854 0.5060 0.8126
1305031461.2596 -1.7571 -0.4590 0.2758 -0.0446 0.2868 0.5023 0.8146
1305031461.2917 -1.7553 -0.4665 0.2823 -0.0451 0.2891 0.4976 0.8165
1305031461.3278 -1.7533 -0.4628 0.2852 -0.0424 0.2898 0.4945 0.8184
1305031461.3597 -1.7557 -0.4621 0.2921 -0.0446 0.2931 0.4912 0.8190
1305031461.3917 -1.7486 -0.4689 0.2986 -0.0512 0.2928 0.4915 0.8186
1305031461.4276 -1.7437 -0.4677 0.3010 -0.0507 0.2921 0.4908 0.8193
1305031461.4598 -1.7452 -0.4688 0.3042 -0.0529 0.2932 0.4909 0.8187
1305031461.4917 -1.7353 -0.4726 0.3064 -0.0561 0.2922 0.4922 0.8181
1305031461.5277 -1.7356 -0.4676 0.3054 -0.0502 0.2931 0.4906 0.8191
1305031461.5597 -1.7291 -0.4603 0.3000 -0.0501 0.2912 0.4884 0.8211
1305031461.5917 -1.7228 -0.4550 0.2901 -0.0517 0.2944 0.4856 0.8215
1305031461.6275 -1.7234 -0.4463 0.2916 -0.0522 0.3004 0.4841 0.8202
1305031461.6596 -1.7227 -0.4426 0.2918 -0.0544 0.3050 0.4825 0.8193
1305031461.6916 -1.7251 -0.4393 0.2947 -0.0558 0.3097 0.4859 0.8154
1305031461.7276 -1.7183 -0.4335 0.2949 -0.0580 0.3094 0.4905 0.8126
1305031461.7597 -1.7185 -0.4253 0.2918 -0.0582 0.3115 0.4909 0.8115
1305031461.7916 -1.7141 -0.4148 0.2891 -0.0617 0.3131 0.4943 0.8086
1305031461.8276 -1.7102 -0.4027 0.2826 -0.0632 0.3162 0.4974 0.8053
1305031461.8598 -1.7126 -0.3941 0.2789 -0.0649 0.3216 0.5023 0.8000
1305031461.8917 -1.7139 -0.3843 0.2796 -0.0710 0.3238 0.5152 0.7904
1305031461.9278 -1.7056 -0.3650 0.2789 -0.0752 0.3176 0.5264 0.7851
1305031461.9597 -1.7010 -0.3478 0.2694 -0.0796 0.3185 0.5266 0.7842
1305031461.9916 -1.7092 -0.3381 0.2656 -0.0897 0.3241 0.5327 0.7767
1305031462.0277 -1.7109 -0.3371 0.2762 -0.1029 0.3263 0.5417 0.7678
1305031462.0598 -1.7113 -0.3256 0.2733 -0.1056 0.3177 0.5542 0.7620
1305031462.0918 -1.7075 -0.3177 0.2724 -0.1099 0.3101 0.5670 0.7552
1305031462.1277 -1.7075 -0.3090 0.2729 -0.1135 0.3061 0.5765 0.7490
1305031462.1596 -1.7092 -0.2936 0.2685 -0.1136 0.2993 0.5839 0.7460
1305031462.1916 -1.7142 -0.2854 0.2716 -0.1159 0.2996 0.5820 0.7471
1305031462.2276 -1.7209 -0.2730 0.2693 -0.1191 0.2965 0.5817 0.7480
1305031462.2598 -1.7214 -0.2838 0.2780 -0.1352 0.2983 0.5772 0.7481
1305031462.2916 -1.7241 -0.2822 0.2797 -0.1447 0.2940 0.5733 0.7509
1305031462.3597 -1.7382 -0.2506 0.2821 -0.1500 0.2846 0.5607 0.7630
1305031462.4599 -1.8043 -0.2484 0.3553 -0.1700 0.3028 0.5399 0.7668
1305031462.6925 -1.8483 -0.2102 0.3639 -0.1833 0.2703 0.4824 0.8128
1305031462.8598 -1.8450 -0.2086 0.3459 -0.2121 0.2365 0.4450 0.8373
1305031463.0277 -1.8271 -0.1837 0.3000 -0.2081 0.2212 0.4296 0.8504
1305031463.0958 -1.8224 -0.1707 0.2747 -0.2017 0.2101 0.4128 0.8630
1305031463.1598 -1.8189 -0.1613 0.2463 -0.1936 0.2067 0.3975 0.8728
1305031463.2600 -1.8061 -0.1346 0.2167 -0.1853 0.2031 0.3836 0.8816
1305031463.3598 -1.7903 -0.1122 0.1874 -0.1749 0.1945 0.3764 0.8888
1305031463.4598 -1.7670 -0.0825 0.1571 -0.1666 0.1888 0.3696 0.8944
1305031463.5277 -1.7427 -0.0579 0.1348 -0.1649 0.1909 0.3666 0.8956
1305031463.6276 -1.6976 -0.0371 0.1000 -0.1616 0.1836 0.3642 0.8986
1305031463.6598 -1.6887 -0.0382 0.0803 -0.1549 0.1873 0.3612 0.9002
1305031463.7276 -1.6619 -0.0353 0.0524 -0.1556 0.1869 0.3514 0.9041
1305031463.7597 -1.6332 -0.0404 0.0311 -0.1541 0.1834 0.3451 0.9075
1305031463.7956 -1.6109 -0.0456 0.0067 -0.1528 0.1804 0.3371 0.9113
1305031463.8599 -1.5723 -0.0533 -0.0232 -0.1532 0.1789 0.3163 0.9189
1305031463.8956 -1.5550 -0.0580 -0.0487 -0.1489 0.1765 0.3074 0.9231
1305031463.9597 -1.5225 -0.0683 -0.0770 -0.1470 0.1679 0.2957 0.9288
1305031463.9958 -1.5129 -0.0774 -0.0908 -0.1435 0.1667 0.2882 0.9320
1305031464.0277 -1.5064 -0.0860 -0.1047 -0.1437 0.1653 0.2788 0.9350
1305031464.0597 -1.4906 -0.0960 -0.1159 -0.1453 0.1630 0.2669 0.9386
1305031464.0956 -1.4835 -0.1078 -0.1327 -0.1414 0.1651 0.2564 0.9418
1305031464.1277 -1.4855 -0.1145 -0.1425 -0.1388 0.1669 0.2503 0.9435
1305031464.1598 -1.4748 -0.1283 -0.1473 -0.1357 0.1644 0.2476 0.9451
1305031464.1956 -1.4628 -0.1400 -0.1636 -0.1257 0.1574 0.2455 0.9482
1305031464.2276 -1.4625 -0.1365 -0.1805 -0.1103 0.1486 0.2417 0.9525
1305031464.2596 -1.4691 -0.1368 -0.1867 -0.1032 0.1381 0.2414 0.9550
1305031464.2957 -1.4671 -0.1375 -0.1903 -0.0989 0.1233 0.2379 0.9584
1305031464.3279 -1.4430 -0.1347 -0.1995 -0.0958 0.1050 0.2346 0.9616
1305031464.3597 -1.4363 -0.1406 -0.2082 -0.0924 0.0986 0.2297 0.9638
1305031464.3956 -1.4274 -0.1447 -0.2144 -0.0887 0.0950 0.2204 0.9667
1305031464.4276 -1.4223 -0.1418 -0.2278 -0.0858 0.0948 0.2113 0.9690
1305031464.4597 -1.4171 -0.1493 -0.2399 -0.0841 0.0939 0.2035 0.9709
1305031464.4956 -1.4083 -0.1525 -0.2501 -0.0828 0.0923 0.1980 0.9723
1305031464.5276 -1.4040 -0.1558 -0.2706 -0.0812 0.0932 0.1895 0.9741
1305031464.5597 -1.3866 -0.1601 -0.2817 -0.0834 0.0895 0.1822 0.9756
1305031464.5957 -1.3648 -0.1664 -0.2967 -0.0805 0.0911 0.1670 0.9784
1305031464.6277 -1.3515 -0.1699 -0.3094 -0.0695 0.1038 0.1600 0.9792
1305031464.6597 -1.3391 -0.1839 -0.3237 -0.0623 0.1159 0.1488 0.9801
1305031464.6957 -1.3173 -0.1998 -0.3286 -0.0517 0.1245 0.1328 0.9819
1305031464.7277 -1.3142 -0.1975 -0.3322 -0.0319 0.1307 0.1155 0.9842
1305031464.7597 -1.3167 -0.1976 -0.3380 -0.0187 0.1317 0.0983 0.9862
1305031464.7960 -1.3162 -0.2020 -0.3414 -0.0111 0.1271 0.0793 0.9887
1305031464.8278 -1.3190 -0.1990 -0.3366 0.0034 0.1158 0.0677 0.9910
1305031464.8597 -1.3261 -0.1785 -0.3206 0.0154 0.1020 0.0503 0.9934
1305031464.8958 -1.3072 -0.1767 -0.3107 0.0155 0.0834 0.0345 0.9958
1305031464.9278 -1.2796 -0.2026 -0.3126 0.0097 0.0672 0.0153 0.9976
1305031464.9598 -1.2704 -0.2163 -0.3100 0.0116 0.0620 -0.0013 0.9980
1305031464.9957 -1.2627 -0.2033 -0.2995 0.0207 0.0608 -0.0200 0.9977
1305031465.0278 -1.2652 -0.2023 -0.2920 0.0245 0.0620 -0.0399 0.9970
1305031465.0597 -1.2758 -0.1807 -0.2736 0.0341 0.0599 -0.0600 0.9958
1305031465.0957 -1.2561 -0.1431 -0.2603 0.0357 0.0456 -0.0753 0.9955
1305031465.1277 -1.2383 -0.1304 -0.2322 0.0201 0.0303 -0.0878 0.9955
1305031465.1598 -1.2290 -0.1269 -0.2067 0.0032 0.0176 -0.0951 0.9953
1305031465.1956 -1.2104 -0.1284 -0.1813 -0.0109 0.0047 -0.1037 0.9945
1305031465.2279 -1.1995 -0.1164 -0.1541 -0.0224 -0.0034 -0.1093 0.9938
1305031465.2598 -1.1897 -0.1187 -0.1275 -0.0373 -0.0119 -0.1101 0.9932
1305031465.3277 -1.1769 -0.0892 -0.0998 -0.0485 -0.0287 -0.0910 0.9943
1305031465.3956 -1.1423 -0.0788 -0.0712 -0.0534 -0.0616 -0.0661 0.9945
1305031465.4277 -1.1183 -0.0734 -0.0674 -0.0517 -0.0742 -0.0573 0.9943
1305031465.4601 -1.1081 -0.0629 -0.0669 -0.0494 -0.0806 -0.0475 0.9944
1305031465.4957 -1.0944 -0.0497 -0.0674 -0.0510 -0.0868 -0.0382 0.9942
1305031465.5276 -1.0797 -0.0484 -0.0628 -0.0527 -0.0939 -0.0354 0.9936
1305031465.5598 -1.0638 -0.0408 -0.0646 -0.0480 -0.0999 -0.0305 0.9934
1305031465.5956 -1.0462 -0.0322 -0.0660 -0.0448 -0.1038 -0.0243 0.9933
1305031465.6277 -1.0357 -0.0215 -0.0670 -0.0413 -0.1063 -0.0177 0.9933
1305031465.6601 -1.0243 -0.0148 -0.0679 -0.0390 -0.1118 -0.0116 0.9929
1305031465.6957 -1.0035 -0.0039 -0.0666 -0.0346 -0.1189 -0.0061 0.9923
1305031465.7277 -0.9916 0.0087 -0.0698 -0.0290 -0.1201 0.0003 0.9923
1305031465.7598 -0.9734 0.0203 -0.0740 -0.0242 -0.1240 0.0075 0.9920
1305031465.7959 -0.9578 0.0297 -0.0778 -0.0212 -0.1256 0.0113 0.9918
1305031465.8280 -0.9410 0.0352 -0.0798 -0.0169 -0.1284 0.0155 0.9915
1305031465.8599 -0.9197 0.0569 -0.0896 -0.0057 -0.1301 0.0197 0.9913
1305031465.8955 -0.8964 0.0715 -0.0934 -0.0030 -0.1247 0.0203 0.9920
1305031465.9275 -0.8750 0.0775 -0.0903 -0.0008 -0.1181 0.0218 0.9928
1305031465.9597 -0.8519 0.0937 -0.0959 0.0084 -0.1116 0.0213 0.9935
1305031465.9958 -0.8329 0.1058 -0.0982 0.0133 -0.1064 0.0199 0.9940
1305031466.0276 -0.8154 0.1175 -0.1050 0.0168 -0.1057 0.0183 0.9941
1305031466.0598 -0.7937 0.1478 -0.1017 0.0186 -0.1064 0.0204 0.9939
1305031466.0958 -0.7873 0.1665 -0.1140 0.0154 -0.1053 0.0199 0.9941
1305031466.1276 -0.7754 0.1870 -0.1160 0.0112 -0.1093 0.0203 0.9937
1305031466.1604 -0.7690 0.2088 -0.1201 0.0089 -0.1120 0.0229 0.9934
1305031466.1958 -0.7564 0.2240 -0.1278 0.0012 -0.1198 0.0253 0.9925
1305031466.2280 -0.7399 0.2261 -0.1302 -0.0133 -0.1291 0.0224 0.9913
1305031466.2598 -0.7203 0.2248 -0.1350 -0.0160 -0.1334 0.0164 0.9908
1305031466.2957 -0.6966 0.2330 -0.1420 -0.0127 -0.1322 0.0066 0.9911
1305031466.3277 -0.6757 0.2395 -0.1509 -0.0125 -0.1257 -0.0007 0.9920
1305031466.3598 -0.6680 0.2517 -0.1625 -0.0138 -0.1151 -0.0107 0.9932
1305031466.3958 -0.6529 0.2429 -0.1705 -0.0164 -0.1136 -0.0135 0.9933
1305031466.4278 -0.6425 0.2499 -0.1820 -0.0110 -0.1153 -0.0166 0.9931
1305031466.4598 -0.6316 0.2549 -0.1942 -0.0112 -0.1182 -0.0188 0.9927
1305031466.4958 -0.6157 0.2647 -0.2006 -0.0132 -0.1211 -0.0190 0.9924
1305031466.5275 -0.5881 0.2615 -0.2066 -0.0161 -0.1223 -0.0193 0.9922
1305031466.5604 -0.5723 0.2749 -0.2154 -0.0143 -0.1175 -0.0208 0.9927
1305031466.5959 -0.5478 0.2817 -0.2188 -0.0237 -0.1197 -0.0243 0.9922
1305031466.6275 -0.5230 0.2700 -0.2169 -0.0307 -0.1194 -0.0304 0.9919
1305031466.6597 -0.5000 0.2688 -0.2213 -0.0274 -0.1182 -0.0341 0.9920
1305031466.6958 -0.4845 0.2803 -0.2295 -0.0251 -0.1186 -0.0416 0.9918
1305031466.7281 -0.4717 0.2835 -0.2271 -0.0297 -0.1198 -0.0543 0.9909
1305031466.7596 -0.4461 0.2771 -0.2232 -0.0291 -0.1227 -0.0589 0.9903
1305031466.7956 -0.4338 0.2792 -0.2318 -0.0253 -0.1234 -0.0630 0.9900
1305031466.8279 -0.4204 0.2884 -0.2343 -0.0252 -0.1264 -0.0643 0.9896
1305031466.8597 -0.4147 0.2848 -0.2329 -0.0276 -0.1292 -0.0643 0.9892
1305031466.8957 -0.3987 0.2819 -0.2374 -0.0269 -0.1402 -0.0634 0.9877
1305031466.9278 -0.3800 0.2793 -0.2380 -0.0275 -0.1550 -0.0651 0.9854
1305031466.9597 -0.3670 0.2749 -0.2387 -0.0284 -0.1621 -0.0671 0.9841
1305031466.9957 -0.3573 0.2737 -0.2425 -0.0283 -0.1647 -0.0685 0.9835
1305031467.0278 -0.3462 0.2723 -0.2436 -0.0283 -0.1674 -0.0708 0.9829
1305031467.0597 -0.3316 0.2731 -0.2460 -0.0276 -0.1701 -0.0717 0.9824
1305031467.0957 -0.3194 0.2816 -0.2432 -0.0265 -0.1716 -0.0740 0.9820
1305031467.1290 -0.3113 0.2834 -0.2398 -0.0257 -0.1740 -0.0802 0.9811
1305031467.1597 -0.3006 0.2827 -0.2394 -0.0244 -0.1768 -0.0853 0.9802
1305031467.1957 -0.2948 0.2825 -0.2420 -0.0239 -0.1792 -0.0887 0.9795
1305031467.2277 -0.2865 0.2840 -0.2422 -0.0226 -0.1836 -0.0923 0.9784
1305031467.2597 -0.2778 0.2857 -0.2414 -0.0210 -0.1874 -0.0949 0.9775
1305031467.2958 -0.2696 0.2884 -0.2413 -0.0191 -0.1911 -0.0985 0.9764
1305031467.3280 -0.2593 0.2894 -0.2454 -0.0179 -0.1946 -0.1015 0.9755
1305031467.3597 -0.2467 0.2958 -0.2472 -0.0177 -0.2001 -0.1028 0.9742
1305031467.3958 -0.2367 0.3043 -0.2465 -0.0191 -0.2052 -0.1065 0.9727
1305031467.4278 -0.2281 0.3033 -0.2495 -0.0196 -0.2085 -0.1093 0.9717
1305031467.4597 -0.2186 0.3039 -0.2508 -0.0195 -0.2126 -0.1096 0.9708
1305031467.4961 -0.2050 0.3215 -0.2563 -0.0172 -0.2182 -0.1132 0.9692
1305031467.5277 -0.1899 0.3253 -0.2520 -0.0181 -0.2221 -0.1180 0.9677
1305031467.5598 -0.1820 0.3248 -0.2485 -0.0181 -0.2231 -0.1192 0.9673
1305031467.5960 -0.1736 0.3223 -0.2522 -0.0189 -0.2239 -0.1182 0.9672
1305031467.6275 -0.1680 0.3257 -0.2454 -0.0166 -0.2267 -0.1144 0.9671
1305031467.6596 -0.1636 0.3205 -0.2427 -0.0132 -0.2292 -0.1141 0.9666
1305031467.6959 -0.1585 0.3145 -0.2451 -0.0128 -0.2302 -0.1161 0.9661
1305031467.7275 -0.1528 0.3101 -0.2377 -0.0095 -0.2317 -0.1209 0.9652
1305031467.7599 -0.1482 0.3065 -0.2357 -0.0048 -0.2328 -0.1230 0.9647
1305031467.7961 -0.1468 0.3065 -0.2369 -0.0012 -0.2326 -0.1251 0.9645
1305031467.8278 -0.1462 0.2983 -0.2279 0.0010 -0.2337 -0.1256 0.9642
1305031467.8597 -0.1406 0.2979 -0.2259 0.0100 -0.2362 -0.1212 0.9641
1305031467.8959 -0.1361 0.2899 -0.2275 0.0127 -0.2391 -0.1213 0.9633
1305031467.9278 -0.1392 0.2867 -0.2088 0.0161 -0.2438 -0.1243 0.9617
1305031467.9598 -0.1323 0.2780 -0.2026 0.0221 -0.2477 -0.1266 0.9603
1305031467.9958 -0.1259 0.2775 -0.1968 0.0245 -0.2492 -0.1281 0.9596
1305031468.0281 -0.1253 0.2757 -0.1801 0.0248 -0.2494 -0.1303 0.9593
1305031468.0598 -0.1237 0.2537 -0.1734 0.0259 -0.2508 -0.1346 0.9583
1305031468.0959 -0.1197 0.2506 -0.1667 0.0275 -0.2531 -0.1360 0.9575
1305031468.1278 -0.1174 0.2462 -0.1535 0.0270 -0.2546 -0.1364 0.9570
1305031468.1599 -0.1126 0.2393 -0.1428 0.0278 -0.2565 -0.1375 0.9563
1305031468.1960 -0.1082 0.2368 -0.1278 0.0291 -0.2572 -0.1406 0.9556
1305031468.2282 -0.1004 0.2298 -0.1103 0.0283 -0.2578 -0.1407 0.9555
1305031468.2598 -0.0905 0.2229 -0.0867 0.0286 -0.2592 -0.1392 0.9553
1305031468.2958 -0.0828 0.2131 -0.0718 0.0287 -0.2576 -0.1404 0.9556
1305031468.3278 -0.0708 0.1893 -0.0532 0.0273 -0.2587 -0.1395 0.9554
1305031468.3598 -0.0606 0.1768 -0.0351 0.0291 -0.2584 -0.1352 0.9561
1305031468.4598 -0.0484 0.1314 0.0021 0.0210 -0.2594 -0.1305 0.9567
1305031468.5278 -0.0481 0.1074 0.0341 0.0203 -0.2585 -0.1348 0.9563
1305031468.5597 -0.0551 0.0848 0.0341 0.0249 -0.2571 -0.1445 0.9552
1305031468.6596 -0.0705 0.0457 0.0421 0.0228 -0.2593 -0.1532 0.9533
1305031468.6958 -0.0831 0.0262 0.0420 0.0267 -0.2615 -0.1593 0.9516
1305031468.7278 -0.0855 0.0155 0.0431 0.0320 -0.2661 -0.1591 0.9502
1305031468.7958 -0.0967 -0.0083 0.0521 0.0395 -0.2709 -0.1627 0.9479
1305031468.8292 -0.1064 -0.0303 0.0453 0.0455 -0.2703 -0.1697 0.9466
1305031468.9596 -0.1133 -0.0500 0.0607 0.0392 -0.2545 -0.1718 0.9509
1305031469.0277 -0.1209 -0.0511 0.0717 0.0081 -0.2483 -0.1833 0.9511
1305031469.1277 -0.1272 -0.0679 0.1099 -0.0267 -0.2447 -0.2112 0.9459
1305031469.1955 -0.1265 -0.0837 0.1326 -0.0455 -0.2304 -0.2210 0.9466
1305031469.2596 -0.1430 -0.0878 0.1612 -0.0564 -0.2216 -0.2272 0.9466
1305031469.2968 -0.1490 -0.0931 0.1731 -0.0623 -0.2180 -0.2301 0.9464
1305031469.3276 -0.1508 -0.0877 0.1860 -0.0646 -0.2163 -0.2308 0.9465
1305031469.3596 -0.1445 -0.0921 0.2081 -0.0719 -0.2167 -0.2369 0.9443
1305031469.3957 -0.1452 -0.0930 0.2274 -0.0728 -0.2067 -0.2422 0.9452
1305031469.4277 -0.1490 -0.0903 0.2374 -0.0717 -0.1947 -0.2487 0.9461
1305031469.4597 -0.1495 -0.0954 0.2547 -0.0749 -0.1884 -0.2566 0.9450
1305031469.4957 -0.1565 -0.0844 0.2647 -0.0735 -0.1837 -0.2586 0.9455
1305031469.5276 -0.1520 -0.0815 0.2777 -0.0769 -0.1875 -0.2579 0.9447
1305031469.5596 -0.1555 -0.0657 0.2903 -0.0789 -0.1872 -0.2570 0.9448
1305031469.6596 -0.1678 -0.0267 0.3290 -0.0982 -0.1812 -0.2563 0.9444
1305031469.7596 -0.1852 0.0169 0.3541 -0.1119 -0.1648 -0.2494 0.9477
1305031469.9279 -0.2355 0.1073 0.4000 -0.1325 -0.1648 -0.2352 0.9487
1305031470.0959 -0.2993 0.1843 0.4122 -0.1409 -0.1672 -0.2247 0.9496
1305031470.2600 -0.3633 0.2503 0.3985 -0.1565 -0.1662 -0.2105 0.9506
1305031470.4276 -0.4286 0.3145 0.3884 -0.1712 -0.1704 -0.1943 0.9507
1305031470.5958 -0.4884 0.3471 0.3693 -0.1702 -0.1738 -0.1873 0.9517
1305031470.7956 -0.5492 0.3810 0.3610 -0.1738 -0.1659 -0.1626 0.9570
1305031470.8278 -0.5602 0.3864 0.3582 -0.1691 -0.1631 -0.1569 0.9593
1305031470.8596 -0.5682 0.3833 0.3569 -0.1681 -0.1647 -0.1527 0.9599
1305031470.8957 -0.5780 0.3873 0.3524 -0.1639 -0.1634 -0.1448 0.9620
1305031470.9277 -0.5882 0.3927 0.3511 -0.1570 -0.1658 -0.1395 0.9635
1305031470.9596 -0.5971 0.3929 0.3472 -0.1450 -0.1688 -0.1380 0.9651
1305031470.9960 -0.6029 0.3929 0.3415 -0.1348 -0.1683 -0.1359 0.9670
1305031471.0276 -0.6083 0.3937 0.3376 -0.1227 -0.1669 -0.1329 0.9692
1305031471.0596 -0.6139 0.3916 0.3344 -0.1120 -0.1655 -0.1302 0.9711
1305031471.0958 -0.6201 0.3946 0.3267 -0.1004 -0.1636 -0.1220 0.9738
1305031471.1277 -0.6279 0.3942 0.3221 -0.0940 -0.1622 -0.1139 0.9756
1305031471.1596 -0.6261 0.3983 0.3197 -0.0855 -0.1653 -0.1053 0.9769
1305031471.1957 -0.6283 0.3978 0.3180 -0.0842 -0.1645 -0.1015 0.9775
1305031471.2276 -0.6323 0.3982 0.3168 -0.0837 -0.1627 -0.0980 0.9782
1305031471.2597 -0.6346 0.3971 0.3165 -0.0842 -0.1629 -0.0961 0.9783
1305031471.2961 -0.6373 0.3946 0.3166 -0.0848 -0.1623 -0.0932 0.9787
1305031471.3276 -0.6386 0.3974 0.3152 -0.0799 -0.1595 -0.0892 0.9799
1305031471.3596 -0.6392 0.3980 0.3137 -0.0792 -0.1552 -0.0872 0.9808
1305031471.3957 -0.6443 0.3932 0.3133 -0.0812 -0.1501 -0.0840 0.9817
1305031471.4277 -0.6477 0.3927 0.3091 -0.0787 -0.1482 -0.0779 0.9827
1305031471.4965 -0.6572 0.3884 0.3018 -0.0823 -0.1461 -0.0714 0.9832
1305031471.5276 -0.6589 0.3882 0.3005 -0.0825 -0.1460 -0.0688 0.9834
1305031471.5597 -0.6592 0.3902 0.2991 -0.0813 -0.1456 -0.0676 0.9837
1305031471.5957 -0.6604 0.3887 0.2979 -0.0823 -0.1431 -0.0665 0.9840
1305031471.6276 -0.6634 0.3902 0.2943 -0.0804 -0.1386 -0.0665 0.9848
1305031471.6596 -0.6636 0.3897 0.2910 -0.0794 -0.1365 -0.0654 0.9853
1305031471.7958 -0.6688 0.3826 0.2736 -0.0862 -0.1164 -0.0495 0.9882
1305031471.9956 -0.6801 0.4022 0.2655 -0.0991 -0.0858 -0.0226 0.9911
1305031472.5276 -0.7249 0.4245 0.2621 -0.0762 -0.0601 0.0002 0.9953
1305031472.7276 -0.7158 0.4011 0.2643 -0.0684 -0.0655 0.0090 0.9955
1305031473.1961 -0.7146 0.3870 0.2752 -0.0593 -0.0660 0.0092 0.9960
