1305031453.4237 -0.0004 0.0070 -0.0062 0.0029 0.0047 0.0072 1.0000
1305031453.4597 0.0035 0.0097 -0.0108 0.0063 0.0119 0.0167 0.9998
1305031453.4917 0.0043 0.0144 -0.0235 0.0111 0.0195 0.0275 0.9994
1305031453.5237 0.0042 0.0185 -0.0362 0.0170 0.0242 0.0352 0.9989
1305031453.5598 0.0099 0.0209 -0.0550 0.0217 0.0246 0.0407 0.9986
1305031453.5916 0.0029 0.0298 -0.0737 0.0311 0.0309 0.0471 0.9979
1305031453.6277 0.0018 0.0352 -0.0829 0.0374 0.0311 0.0494 0.9976
1305031453.6596 0.0010 0.0443 -0.1070 0.0440 0.0264 0.0490 0.9975
1305031453.6917 -0.0042 0.0499 -0.1278 0.0505 0.0212 0.0447 0.9975
1305031453.7277 -0.0162 0.0493 -0.1398 0.0512 0.0188 0.0414 0.9977
1305031453.7597 -0.0268 0.0521 -0.1472 0.0545 0.0108 0.0342 0.9979
1305031453.7917 -0.0265 0.0644 -0.1614 0.0604 -0.0011 0.0255 0.9978
1305031453.8278 -0.0296 0.0688 -0.1783 0.0621 -0.0105 0.0195 0.9978
1305031453.8597 -0.0428 0.0715 -0.1831 0.0634 -0.0220 0.0151 0.9976
1305031453.8917 -0.0445 0.0776 -0.1995 0.0627 -0.0405 0.0083 0.9972
1305031453.9277 -0.0635 0.0887 -0.2063 0.0622 -0.0564 0.0025 0.9965
1305031453.9596 -0.0622 0.0921 -0.2118 0.0603 -0.0756 -0.0032 0.9953
1305031453.9916 -0.0679 0.0911 -0.2139 0.0587 -0.0896 -0.0132 0.9942
1305031454.0277 -0.0779 0.0926 -0.2164 0.0600 -0.1028 -0.0200 0.9927
1305031454.0597 -0.0830 0.1051 -0.2183 0.0645 -0.1153 -0.0257 0.9909
1305031454.0917 -0.0933 0.1145 -0.2035 0.0692 -0.1276 -0.0342 0.9888
1305031454.1277 -0.1053 0.1176 -0.1948 0.0729 -0.1414 -0.0452 0.9862
1305031454.1597 -0.1243 0.1251 -0.1957 0.0752 -0.1524 -0.0548 0.9839
1305031454.1917 -0.1378 0.1291 -0.1950 0.0750 -0.1674 -0.0648 0.9809
1305031454.2277 -0.1567 0.1424 -0.1821 0.0827 -0.1826 -0.0808 0.9764
1305031454.2596 -0.1584 0.1389 -0.1815 0.0849 -0.1977 -0.0936 0.9721
1305031454.2916 -0.1700 0.1450 -0.1809 0.0855 -0.2051 -0.1029 0.9695
1305031454.3277 -0.1832 0.1464 -0.1801 0.0870 -0.2136 -0.1163 0.9661
1305031454.3596 -0.1966 0.1498 -0.1880 0.0929 -0.2213 -0.1301 0.9620
1305031454.3917 -0.2059 0.1576 -0.1931 0.0959 -0.2285 -0.1411 0.9585
1305031454.4275 -0.2164 0.1659 -0.1943 0.0993 -0.2388 -0.1515 0.9540
1305031454.4599 -0.2239 0.1679 -0.1995 0.1004 -0.2486 -0.1615 0.9498
1305031454.4916 -0.2318 0.1728 -0.1938 0.1039 -0.2536 -0.1772 0.9453
1305031454.5277 -0.2344 0.1847 -0.1966 0.1066 -0.2606 -0.1913 0.9403
1305031454.5596 -0.2350 0.1857 -0.1947 0.1036 -0.2694 -0.2044 0.9353
1305031454.5916 -0.2392 0.1970 -0.1961 0.1047 -0.2791 -0.2171 0.9295
1305031454.6276 -0.2432 0.2047 -0.1981 0.1042 -0.2911 -0.2257 0.9238
1305031454.6595 -0.2463 0.2162 -0.1971 0.1018 -0.3029 -0.2327 0.9186
1305031454.6919 -0.2498 0.2228 -0.1893 0.0972 -0.3184 -0.2365 0.9128
1305031454.7277 -0.2508 0.2313 -0.1925 0.0953 -0.3306 -0.2399 0.9078
1305031454.7597 -0.2525 0.2383 -0.1833 0.0910 -0.3380 -0.2350 0.9068
1305031454.7916 -0.2522 0.2462 -0.1733 0.0875 -0.3421 -0.2272 0.9076
1305031454.8276 -0.2458 0.2546 -0.1694 0.0838 -0.3452 -0.2193 0.9087
1305031454.8596 -0.2470 0.2661 -0.1679 0.0804 -0.3423 -0.2126 0.9117
1305031454.8918 -0.2427 0.2740 -0.1692 0.0760 -0.3387 -0.2037 0.9154
1305031454.9276 -0.2380 0.2801 -0.1653 0.0702 -0.3374 -0.1945 0.9184
1305031454.9596 -0.2413 0.2875 -0.1668 0.0675 -0.3336 -0.1893 0.9211
1305031454.9919 -0.2427 0.2919 -0.1665 0.0641 -0.3327 -0.1841 0.9227
1305031455.0278 -0.2439 0.2980 -0.1700 0.0641 -0.3314 -0.1821 0.9235
1305031455.0596 -0.2470 0.3012 -0.1717 0.0621 -0.3293 -0.1799 0.9248
1305031455.0917 -0.2497 0.3043 -0.1754 0.0629 -0.3270 -0.1797 0.9257
1305031455.1277 -0.2542 0.3114 -0.1807 0.0643 -0.3228 -0.1790 0.9272
1305031455.1597 -0.2637 0.3178 -0.1855 0.0633 -0.3183 -0.1759 0.9294
1305031455.1917 -0.2694 0.3211 -0.1837 0.0590 -0.3179 -0.1701 0.9309
1305031455.2276 -0.2736 0.3229 -0.1881 0.0578 -0.3160 -0.1672 0.9321
1305031455.2596 -0.2775 0.3344 -0.1939 0.0583 -0.3124 -0.1631 0.9340
1305031455.2918 -0.2871 0.3380 -0.1974 0.0494 -0.3084 -0.1522 0.9377
1305031455.3278 -0.2970 0.3445 -0.2094 0.0446 -0.3044 -0.1434 0.9406
1305031455.3596 -0.3023 0.3601 -0.2050 0.0397 -0.3044 -0.1339 0.9423
1305031455.3917 -0.3078 0.3530 -0.2015 0.0249 -0.3027 -0.1254 0.9445
1305031455.4276 -0.3233 0.3621 -0.2121 0.0213 -0.2944 -0.1174 0.9482
1305031455.4596 -0.3377 0.3618 -0.2238 0.0170 -0.2887 -0.1121 0.9507
1305031455.4916 -0.3497 0.3627 -0.2375 0.0128 -0.2836 -0.1056 0.9530
1305031455.5276 -0.3659 0.3642 -0.2461 0.0094 -0.2796 -0.0973 0.9551
1305031455.5597 -0.3841 0.3714 -0.2577 0.0094 -0.2787 -0.0855 0.9565
1305031455.5916 -0.3985 0.3773 -0.2723 0.0073 -0.2787 -0.0730 0.9576
1305031455.6276 -0.4161 0.3748 -0.2847 0.0025 -0.2750 -0.0645 0.9593
1305031455.6596 -0.4264 0.3734 -0.2932 0.0038 -0.2741 -0.0584 0.9599
1305031455.6916 -0.4401 0.3758 -0.3071 0.0072 -0.2706 -0.0598 0.9608
1305031455.7276 -0.4486 0.3730 -0.3149 0.0080 -0.2684 -0.0623 0.9613
1305031455.7597 -0.4554 0.3714 -0.3219 0.0088 -0.2655 -0.0643 0.9619
1305031455.7917 -0.4617 0.3642 -0.3329 0.0085 -0.2622 -0.0643 0.9628
1305031455.8276 -0.4693 0.3630 -0.3464 0.0102 -0.2597 -0.0650 0.9635
1305031455.8595 -0.4765 0.3597 -0.3548 0.0099 -0.2588 -0.0651 0.9637
1305031455.8917 -0.4808 0.3575 -0.3656 0.0102 -0.2569 -0.0658 0.9641
1305031455.9280 -0.4864 0.3528 -0.3741 0.0089 -0.2546 -0.0664 0.9647
1305031455.9597 -0.4907 0.3537 -0.3818 0.0105 -0.2526 -0.0683 0.9651
1305031455.9917 -0.4961 0.3546 -0.3877 0.0102 -0.2495 -0.0693 0.9658
1305031456.0278 -0.4989 0.3644 -0.3938 0.0097 -0.2459 -0.0720 0.9666
1305031456.0597 -0.5113 0.3482 -0.3999 -0.0009 -0.2407 -0.0808 0.9672
1305031456.0917 -0.5185 0.3418 -0.4040 -0.0046 -0.2375 -0.0844 0.9677
1305031456.1276 -0.5225 0.3386 -0.4076 -0.0052 -0.2354 -0.0853 0.9681
1305031456.1597 -0.5263 0.3330 -0.4073 -0.0064 -0.2329 -0.0851 0.9687
1305031456.1917 -0.5289 0.3111 -0.4149 -0.0088 -0.2282 -0.0821 0.9701
1305031456.2277 -0.5302 0.3157 -0.4200 -0.0050 -0.2223 -0.0802 0.9717
1305031456.2917 -0.5379 0.2984 -0.4187 -0.0083 -0.2056 -0.0726 0.9759
1305031456.3277 -0.5468 0.2897 -0.4214 -0.0082 -0.1956 -0.0645 0.9785
1305031456.3916 -0.5558 0.2727 -0.4151 -0.0103 -0.1772 -0.0538 0.9826
1305031456.4277 -0.5633 0.2691 -0.4124 -0.0078 -0.1700 -0.0428 0.9845
1305031456.4917 -0.6012 0.2835 -0.4109 -0.0108 -0.1613 -0.0301 0.9864
1305031456.5276 -0.6229 0.2951 -0.4042 -0.0108 -0.1591 -0.0245 0.9869
1305031456.5917 -0.6468 0.3044 -0.3957 -0.0097 -0.1539 -0.0158 0.9879
1305031456.6276 -0.6537 0.3140 -0.3880 -0.0224 -0.1517 -0.0113 0.9881
1305031456.6916 -0.6899 0.2949 -0.3707 -0.0390 -0.1413 0.0016 0.9892
1305031456.7277 -0.7159 0.3146 -0.3700 -0.0381 -0.1356 0.0117 0.9900
1305031456.7916 -0.7501 0.2995 -0.3565 -0.0455 -0.1446 0.0238 0.9882
1305031456.8276 -0.7624 0.3249 -0.3435 -0.0388 -0.1476 0.0313 0.9878
1305031456.8917 -0.7796 0.3145 -0.3198 -0.0540 -0.1488 0.0420 0.9865
1305031456.9277 -0.7906 0.3286 -0.3161 -0.0446 -0.1438 0.0493 0.9874
1305031456.9597 -0.8037 0.3328 -0.3165 -0.0489 -0.1374 0.0552 0.9878
1305031456.9917 -0.8198 0.3302 -0.3095 -0.0583 -0.1327 0.0571 0.9878
1305031457.0276 -0.8280 0.3280 -0.3070 -0.0614 -0.1304 0.0598 0.9877
1305031457.0917 -0.8435 0.3330 -0.3031 -0.0751 -0.1249 0.0657 0.9871
1305031457.1276 -0.8572 0.3245 -0.3033 -0.0797 -0.1176 0.0683 0.9875
1305031457.1917 -0.8823 0.3253 -0.3182 -0.0786 -0.1010 0.0847 0.9882
1305031457.2275 -0.8934 0.3223 -0.3218 -0.0814 -0.0952 0.0870 0.9883
1305031457.2917 -0.9111 0.3132 -0.3417 -0.0761 -0.0801 0.1049 0.9883
1305031457.3275 -0.9195 0.3206 -0.3508 -0.0713 -0.0732 0.1089 0.9888
1305031457.3917 -0.9472 0.3057 -0.3771 -0.0703 -0.0458 0.1247 0.9886
1305031457.4276 -0.9546 0.3114 -0.3855 -0.0657 -0.0415 0.1297 0.9885
1305031457.4917 -0.9806 0.2924 -0.4113 -0.0675 -0.0328 0.1416 0.9871
1305031457.5276 -0.9868 0.2897 -0.4221 -0.0645 -0.0302 0.1449 0.9869
1305031457.5597 -0.9958 0.2878 -0.4380 -0.0586 -0.0252 0.1528 0.9862
1305031457.5917 -1.0056 0.2847 -0.4471 -0.0576 -0.0214 0.1549 0.9860
1305031457.6275 -1.0203 0.2727 -0.4597 -0.0589 -0.0170 0.1583 0.9855
1305031457.6596 -1.0277 0.2769 -0.4728 -0.0525 -0.0164 0.1663 0.9845
1305031457.6916 -1.0412 0.2666 -0.4830 -0.0576 -0.0143 0.1675 0.9841
1305031457.7277 -1.0552 0.2458 -0.4888 -0.0624 -0.0114 0.1658 0.9841
1305031457.7596 -1.0570 0.2442 -0.4946 -0.0585 -0.0114 0.1662 0.9843
1305031457.7916 -1.0661 0.2246 -0.4984 -0.0519 -0.0055 0.1646 0.9850
1305031457.8277 -1.0719 0.2305 -0.5118 -0.0391 0.0000 0.1677 0.9851
1305031457.8596 -1.0810 0.2273 -0.5184 -0.0361 0.0063 0.1673 0.9852
1305031457.8916 -1.0966 0.2052 -0.5256 -0.0304 0.0178 0.1676 0.9852
1305031457.9276 -1.1063 0.1985 -0.5328 -0.0181 0.0225 0.1734 0.9844
1305031457.9916 -1.1370 0.1844 -0.5363 -0.0049 0.0284 0.1782 0.9836
1305031458.0278 -1.1431 0.1790 -0.5398 0.0052 0.0320 0.1816 0.9828
1305031458.0597 -1.1526 0.1844 -0.5473 0.0147 0.0356 0.1856 0.9819
1305031458.0917 -1.1605 0.1838 -0.5463 0.0150 0.0379 0.1869 0.9815
1305031458.1276 -1.1661 0.1762 -0.5450 0.0132 0.0398 0.1871 0.9814
1305031458.1596 -1.1763 0.1643 -0.5471 0.0119 0.0418 0.1895 0.9809
1305031458.1916 -1.1955 0.1581 -0.5416 0.0117 0.0439 0.1937 0.9800
1305031458.2276 -1.2124 0.1397 -0.5282 0.0016 0.0440 0.1924 0.9803
1305031458.2599 -1.2318 0.1098 -0.5181 -0.0039 0.0436 0.1909 0.9806
1305031458.2917 -1.2528 0.1000 -0.5251 0.0038 0.0407 0.1925 0.9804
1305031458.3276 -1.2664 0.0991 -0.5130 0.0076 0.0341 0.1929 0.9806
1305031458.3596 -1.2723 0.0679 -0.5024 0.0070 0.0285 0.1923 0.9809
1305031458.3916 -1.2907 0.0694 -0.4940 0.0210 0.0276 0.2004 0.9791
1305031458.4276 -1.2960 0.0710 -0.4830 0.0279 0.0261 0.2096 0.9770
1305031458.4596 -1.2897 0.0654 -0.4707 0.0397 0.0284 0.2148 0.9754
1305031458.4917 -1.2777 0.0542 -0.4608 0.0539 0.0320 0.2161 0.9744
1305031458.5277 -1.2949 0.0650 -0.4573 0.0738 0.0430 0.2165 0.9725
1305031458.5596 -1.3068 0.0658 -0.4450 0.0790 0.0506 0.2143 0.9722
1305031458.5916 -1.3248 0.0616 -0.4326 0.0868 0.0595 0.2044 0.9732
1305031458.6277 -1.3369 0.0817 -0.4070 0.0946 0.0600 0.2015 0.9731
1305031458.6596 -1.3526 0.0728 -0.4034 0.0861 0.0566 0.2005 0.9743
1305031458.6917 -1.3688 0.0667 -0.3905 0.0815 0.0447 0.1911 0.9772
1305031458.7276 -1.3712 0.0653 -0.3744 0.0828 0.0306 0.1831 0.9791
1305031458.7599 -1.3826 0.0622 -0.3664 0.0877 0.0174 0.1756 0.9804
1305031458.7916 -1.3839 0.0639 -0.3567 0.0885 0.0006 0.1692 0.9816
1305031458.8276 -1.3829 0.0600 -0.3362 0.0833 -0.0083 0.1663 0.9825
1305031458.8917 -1.3863 0.0540 -0.3098 0.0904 -0.0111 0.1565 0.9835
1305031458.9276 -1.3965 0.0592 -0.3063 0.0905 -0.0050 0.1580 0.9833
1305031458.9596 -1.3981 0.0520 -0.2942 0.0816 -0.0025 0.1683 0.9824
1305031458.9916 -1.4018 0.0347 -0.2962 0.0792 0.0001 0.1722 0.9819
1305031459.0277 -1.4250 0.0305 -0.2867 0.0916 0.0020 0.1728 0.9807
1305031459.0596 -1.4402 0.0212 -0.2835 0.0984 -0.0054 0.1834 0.9781
1305031459.1276 -1.3553 0.1273 -0.2250 0.1384 -0.0578 0.1909 0.9701
1305031459.1596 -1.3658 0.1238 -0.2145 0.1474 -0.0836 0.1906 0.9669
1305031459.1917 -1.3776 0.1224 -0.2040 0.1536 -0.1021 0.1944 0.9634
1305031459.2276 -1.3820 0.1201 -0.1980 0.1551 -0.1170 0.2016 0.9600
1305031459.2598 -1.3845 0.1194 -0.1892 0.1531 -0.1202 0.2092 0.9583
1305031459.3276 -1.4024 0.1229 -0.1595 0.1456 -0.0918 0.2349 0.9566
1305031459.3597 -1.4165 0.1296 -0.1444 0.1476 -0.0686 0.2560 0.9529
1305031459.3917 -1.4344 0.1453 -0.1455 0.1408 -0.0420 0.2811 0.9484
1305031459.4276 -1.4296 0.1501 -0.1390 0.1203 -0.0161 0.3146 0.9414
1305031459.4597 -1.4372 0.1497 -0.1459 0.1086 0.0159 0.3550 0.9284
1305031459.5276 -1.5668 0.1434 0.0657 0.1213 0.1008 0.3552 0.9214
1305031459.5596 -1.5732 0.1303 0.0660 0.1081 0.1125 0.3811 0.9113
1305031459.5917 -1.5831 0.1290 0.0661 0.1022 0.1151 0.4004 0.9033
1305031459.6276 -1.5876 0.1291 0.0691 0.0978 0.1126 0.4129 0.8985
1305031459.6596 -1.5954 0.1292 0.0728 0.0985 0.1177 0.4137 0.8974
1305031459.6916 -1.6163 0.1258 0.0716 0.0950 0.1303 0.4173 0.8944
1305031459.7276 -1.6229 0.1142 0.0704 0.0890 0.1353 0.4208 0.8926
1305031459.7917 -1.6548 0.0840 0.0667 0.0877 0.1466 0.4154 0.8935
1305031459.8277 -1.6713 0.0707 0.0720 0.0876 0.1495 0.4136 0.8938
1305031459.8597 -1.6899 0.0507 0.0704 0.0829 0.1509 0.4125 0.8945
1305031459.8916 -1.7039 0.0310 0.0728 0.0777 0.1493 0.4140 0.8946
1305031459.9276 -1.7149 0.0135 0.0728 0.0758 0.1478 0.4165 0.8939
1305031459.9917 -1.7354 -0.0118 0.0818 0.0714 0.1448 0.4246 0.8909
1305031460.0276 -1.7442 -0.0252 0.0874 0.0704 0.1464 0.4254 0.8903
1305031460.0597 -1.7547 -0.0411 0.0913 0.0699 0.1484 0.4272 0.8891
1305031460.0917 -1.7680 -0.0664 0.0904 0.0679 0.1469 0.4327 0.8869
1305031460.1277 -1.7734 -0.0756 0.0949 0.0732 0.1373 0.4366 0.8861
1305031460.1597 -1.7841 -0.0869 0.1025 0.0786 0.1309 0.4406 0.8846
1305031460.1916 -1.7921 -0.0934 0.1123 0.0800 0.1260 0.4446 0.8832
1305031460.2278 -1.7925 -0.0951 0.1206 0.0818 0.1258 0.4454 0.8827
1305031460.2917 -1.7986 -0.1087 0.1314 0.0885 0.1428 0.4456 0.8793
1305031460.3275 -1.7986 -0.1144 0.1336 0.0887 0.1477 0.4462 0.8782
1305031460.3916 -1.8014 -0.1237 0.1444 0.0864 0.1658 0.4521 0.8722
1305031460.4275 -1.8077 -0.1302 0.1488 0.0855 0.1763 0.4548 0.8688
1305031460.4596 -1.8059 -0.1244 0.1563 0.0855 0.1866 0.4568 0.8656
1305031460.4915 -1.8101 -0.1312 0.1593 0.0785 0.2010 0.4618 0.8603
1305031460.5276 -1.8151 -0.1469 0.1582 0.0682 0.2142 0.4691 0.8541
1305031460.5596 -1.8101 -0.1521 0.1606 0.0628 0.2195 0.4730 0.8510
1305031460.5919 -1.8115 -0.1577 0.1623 0.0598 0.2256 0.4737 0.8492
1305031460.6276 -1.8158 -0.1604 0.1719 0.0599 0.2334 0.4748 0.8465
1305031460.6598 -1.8207 -0.1663 0.1747 0.0591 0.2389 0.4749 0.8449
1305031460.6917 -1.8232 -0.1732 0.1760 0.0565 0.2414 0.4750 0.8443
1305031460.7277 -1.8238 -0.1782 0.1778 0.0539 0.2422 0.4747 0.8444
1305031460.7597 -1.8241 -0.1847 0.1813 0.0517 0.2452 0.4737 0.8443
1305031460.7917 -1.8283 -0.1946 0.1841 0.0492 0.2489 0.4734 0.8435
1305031460.8277 -1.8336 -0.1987 0.1932 0.0487 0.2518 0.4716 0.8437
1305031460.8597 -1.8343 -0.2015 0.1969 0.0465 0.2538 0.4699 0.8442
1305031460.8918 -1.8342 -0.2065 0.1990 0.0436 0.2558 0.4687 0.8444
1305031460.9276 -1.8372 -0.2178 0.2026 0.0396 0.2582 0.4691 0.8436
1305031460.9917 -1.8308 -0.2309 0.2189 0.0380 0.2614 0.4696 0.8424
1305031461.0276 -1.8304 -0.2417 0.2264 0.0375 0.2640 0.4699 0.8414
1305031461.0917 -1.8354 -0.2568 0.2389 0.0410 0.2637 0.4678 0.8426
1305031461.1276 -1.8309 -0.2576 0.2446 0.0421 0.2628 0.4671 0.8432
1305031461.1597 -1.8310 -0.2638 0.2567 0.0441 0.2664 0.4633 0.8440
1305031461.1920 -1.8336 -0.2683 0.2624 0.0467 0.2692 0.4586 0.8456
1305031461.2276 -1.8336 -0.2742 0.2653 0.0468 0.2703 0.4586 0.8452
1305031461.2596 -1.8328 -0.2792 0.2741 0.0483 0.2723 0.4543 0.8469
1305031461.2917 -1.8281 -0.2825 0.2800 0.0496 0.2730 0.4489 0.8494
1305031461.3278 -1.8246 -0.2775 0.2864 0.0533 0.2737 0.4454 0.8508
1305031461.3597 -1.8265 -0.2794 0.2928 0.0507 0.2778 0.4431 0.8508
1305031461.3917 -1.8230 -0.2847 0.3011 0.0463 0.2790 0.4424 0.8510
1305031461.4276 -1.8175 -0.2828 0.3032 0.0475 0.2780 0.4422 0.8514
1305031461.4598 -1.8206 -0.2842 0.3088 0.0456 0.2801 0.4415 0.8512
1305031461.4917 -1.8121 -0.2841 0.3098 0.0444 0.2788 0.4414 0.8517
1305031461.5277 -1.8132 -0.2793 0.3134 0.0517 0.2810 0.4409 0.8509
1305031461.5597 -1.8072 -0.2689 0.3144 0.0540 0.2806 0.4380 0.8524
1305031461.5917 -1.8031 -0.2612 0.3039 0.0541 0.2858 0.4331 0.8531
1305031461.6275 -1.8007 -0.2553 0.3056 0.0522 0.2917 0.4325 0.8515
1305031461.6596 -1.7989 -0.2459 0.3070 0.0528 0.2959 0.4319 0.8504
1305031461.6916 -1.8027 -0.2452 0.3114 0.0506 0.3017 0.4351 0.8468
1305031461.7276 -1.7970 -0.2349 0.3141 0.0513 0.3011 0.4395 0.8447
1305031461.7597 -1.7970 -0.2290 0.3077 0.0501 0.3031 0.4406 0.8435
1305031461.7916 -1.7940 -0.2262 0.3068 0.0443 0.3067 0.4443 0.8406
1305031461.8276 -1.7893 -0.2155 0.2986 0.0427 0.3096 0.4478 0.8377
1305031461.8598 -1.7954 -0.2012 0.2999 0.0445 0.3153 0.4539 0.8322
1305031461.8917 -1.7973 -0.1931 0.3033 0.0384 0.3183 0.4680 0.8235
1305031461.9278 -1.7926 -0.1854 0.3167 0.0300 0.3188 0.4783 0.8177
1305031461.9597 -1.7817 -0.1703 0.3038 0.0241 0.3177 0.4809 0.8168
1305031461.9916 -1.7890 -0.1576 0.3081 0.0147 0.3254 0.4884 0.8096
1305031462.0277 -1.7924 -0.1717 0.3213 -0.0049 0.3315 0.4989 0.8008
1305031462.0598 -1.7910 -0.1614 0.3240 -0.0086 0.3241 0.5110 0.7961
1305031462.0918 -1.7907 -0.1494 0.3211 -0.0112 0.3144 0.5220 0.7928
1305031462.1277 -1.7855 -0.1434 0.3205 -0.0171 0.3085 0.5330 0.7877
1305031462.1596 -1.7943 -0.1165 0.3205 -0.0084 0.3035 0.5379 0.7864
1305031462.1916 -1.7967 -0.1077 0.3265 -0.0119 0.3033 0.5356 0.7880
1305031462.2276 -1.8060 -0.0905 0.3254 -0.0130 0.3013 0.5331 0.7905
1305031462.2598 -1.8090 -0.0926 0.3281 -0.0245 0.3012 0.5296 0.7926
1305031462.2916 -1.8119 -0.0918 0.3323 -0.0347 0.2995 0.5249 0.7960
1305031462.3275 -1.8167 -0.0864 0.3335 -0.0432 0.2974 0.5179 0.8009
1305031462.3597 -1.8233 -0.0605 0.3335 -0.0397 0.2907 0.5122 0.8072
1305031462.3917 -1.8271 -0.0484 0.3352 -0.0467 0.2819 0.5121 0.8100
1305031462.4276 -1.8474 -0.0552 0.3463 -0.0596 0.2894 0.5002 0.8140
1305031462.4599 -1.8997 0.0147 0.4034 -0.0244 0.3053 0.4785 0.8230
1305031462.4920 -1.8992 0.0245 0.4080 -0.0332 0.2941 0.4768 0.8277
1305031462.5277 -1.9116 0.0152 0.4209 -0.0431 0.2957 0.4679 0.8317
1305031462.5599 -1.9095 -0.0084 0.4275 -0.0665 0.2943 0.4599 0.8351
1305031462.5919 -1.9159 0.0105 0.4287 -0.0612 0.2877 0.4497 0.8434
1305031462.6279 -1.9243 -0.0045 0.4354 -0.0736 0.2946 0.4424 0.8439
1305031462.6597 -1.9192 0.0273 0.4167 -0.0627 0.2786 0.4320 0.8555
1305031462.6925 -1.9288 0.0240 0.4064 -0.0668 0.2806 0.4237 0.8586
1305031462.7277 -1.9388 0.0348 0.4099 -0.0637 0.2781 0.4090 0.8668
1305031462.7598 -1.9403 0.0320 0.4055 -0.0698 0.2719 0.4001 0.8724
1305031462.7919 -1.9420 0.0369 0.3982 -0.0731 0.2675 0.3928 0.8768
1305031462.8278 -1.9475 0.0544 0.3985 -0.0714 0.2628 0.3865 0.8812
1305031462.8598 -1.9440 0.0457 0.3915 -0.0846 0.2604 0.3847 0.8815
1305031462.8918 -1.9457 0.0578 0.3840 -0.0836 0.2618 0.3789 0.8837
1305031462.9276 -1.9404 0.0647 0.3746 -0.0848 0.2591 0.3761 0.8856
1305031462.9597 -1.9363 0.0648 0.3635 -0.0891 0.2559 0.3719 0.8878
1305031462.9955 -1.9303 0.0779 0.3600 -0.0843 0.2511 0.3729 0.8893
1305031463.0277 -1.9277 0.0847 0.3425 -0.0788 0.2475 0.3689 0.8924
1305031463.0598 -1.9309 0.0731 0.3308 -0.0828 0.2484 0.3622 0.8946
1305031463.0958 -1.9268 0.0951 0.3177 -0.0748 0.2411 0.3499 0.9021
1305031463.1275 -1.9252 0.1043 0.3124 -0.0713 0.2403 0.3442 0.9048
1305031463.1598 -1.9266 0.1027 0.2925 -0.0691 0.2413 0.3318 0.9093
1305031463.1957 -1.9233 0.0990 0.2794 -0.0745 0.2413 0.3256 0.9112
1305031463.2278 -1.9139 0.1156 0.2759 -0.0705 0.2378 0.3209 0.9140
1305031463.2600 -1.9124 0.1292 0.2621 -0.0633 0.2399 0.3134 0.9166
1305031463.2957 -1.9103 0.1282 0.2494 -0.0644 0.2403 0.3105 0.9175
1305031463.3277 -1.9020 0.1459 0.2461 -0.0588 0.2355 0.3071 0.9202
1305031463.3598 -1.9003 0.1471 0.2306 -0.0556 0.2346 0.3033 0.9219
1305031463.3956 -1.8980 0.1516 0.2224 -0.0536 0.2333 0.3016 0.9229
1305031463.4277 -1.8957 0.1710 0.2144 -0.0472 0.2336 0.2949 0.9253
1305031463.4598 -1.8851 0.1843 0.2119 -0.0447 0.2337 0.2950 0.9254
1305031463.4956 -1.8720 0.1974 0.2048 -0.0443 0.2358 0.2930 0.9255
1305031463.5277 -1.8612 0.2103 0.2033 -0.0423 0.2424 0.2884 0.9253
1305031463.5598 -1.8511 0.2149 0.1897 -0.0415 0.2426 0.2900 0.9248
1305031463.5956 -1.8498 0.2177 0.1896 -0.0427 0.2478 0.2888 0.9238
1305031463.6276 -1.8326 0.2315 0.1757 -0.0376 0.2442 0.2807 0.9274
1305031463.6598 -1.8200 0.2362 0.1543 -0.0290 0.2441 0.2767 0.9290
1305031463.6956 -1.8147 0.2498 0.1410 -0.0227 0.2446 0.2708 0.9308
1305031463.7276 -1.8004 0.2397 0.1256 -0.0293 0.2468 0.2658 0.9315
1305031463.7597 -1.7846 0.2433 0.1079 -0.0207 0.2490 0.2582 0.9332
1305031463.7956 -1.7694 0.2425 0.0826 -0.0183 0.2482 0.2446 0.9371
1305031463.8278 -1.7489 0.2367 0.0592 -0.0225 0.2442 0.2336 0.9409
1305031463.8599 -1.7365 0.2388 0.0471 -0.0160 0.2476 0.2274 0.9417
1305031463.8956 -1.7257 0.2370 0.0206 -0.0132 0.2467 0.2146 0.9449
1305031463.9277 -1.7207 0.2426 0.0113 -0.0090 0.2465 0.2066 0.9468
1305031463.9597 -1.7007 0.2304 -0.0121 -0.0099 0.2395 0.2014 0.9497
1305031463.9958 -1.6970 0.2290 -0.0296 -0.0033 0.2383 0.1924 0.9519
1305031464.0277 -1.7022 0.2336 -0.0384 0.0014 0.2411 0.1807 0.9535
1305031464.0597 -1.6934 0.2130 -0.0566 -0.0052 0.2416 0.1680 0.9557
1305031464.0956 -1.6916 0.2065 -0.0722 -0.0019 0.2449 0.1553 0.9570
1305031464.1277 -1.6983 0.2063 -0.0793 0.0019 0.2479 0.1477 0.9575
1305031464.1598 -1.6938 0.1938 -0.0877 0.0047 0.2457 0.1453 0.9584
1305031464.1956 -1.6928 0.1801 -0.0997 0.0132 0.2413 0.1392 0.9603
1305031464.2276 -1.6900 0.1791 -0.1191 0.0229 0.2298 0.1319 0.9640
1305031464.2596 -1.6963 0.1970 -0.1218 0.0358 0.2177 0.1283 0.9669
1305031464.2957 -1.6982 0.1939 -0.1250 0.0370 0.2041 0.1234 0.9704
1305031464.3279 -1.6795 0.1976 -0.1381 0.0383 0.1870 0.1166 0.9747
1305031464.3597 -1.6715 0.1945 -0.1412 0.0416 0.1805 0.1087 0.9767
1305031464.3956 -1.6607 0.2029 -0.1505 0.0476 0.1759 0.0959 0.9786
1305031464.4276 -1.6549 0.1987 -0.1655 0.0473 0.1755 0.0890 0.9793
1305031464.4597 -1.6609 0.1912 -0.1802 0.0475 0.1774 0.0788 0.9798
1305031464.4956 -1.6539 0.1898 -0.1914 0.0481 0.1760 0.0723 0.9806
1305031464.5276 -1.6490 0.1912 -0.2078 0.0493 0.1759 0.0661 0.9810
1305031464.5597 -1.6380 0.1867 -0.2205 0.0470 0.1739 0.0569 0.9820
1305031464.5957 -1.6192 0.1648 -0.2526 0.0446 0.1752 0.0426 0.9826
1305031464.6277 -1.6058 0.1649 -0.2743 0.0580 0.1851 0.0366 0.9803
1305031464.6597 -1.5927 0.1527 -0.2882 0.0663 0.1959 0.0262 0.9780
1305031464.6957 -1.5812 0.1451 -0.3070 0.0799 0.2046 0.0084 0.9755
1305031464.7277 -1.5799 0.1518 -0.3064 0.1004 0.2105 -0.0101 0.9724
1305031464.7597 -1.5759 0.1576 -0.3135 0.1131 0.2097 -0.0269 0.9708
1305031464.7960 -1.5760 0.1507 -0.3233 0.1179 0.2055 -0.0458 0.9704
1305031464.8278 -1.5810 0.1567 -0.3067 0.1293 0.1959 -0.0648 0.9699
1305031464.8597 -1.5783 0.1818 -0.3030 0.1394 0.1805 -0.0839 0.9700
1305031464.8958 -1.5601 0.1763 -0.3130 0.1347 0.1627 -0.1027 0.9720
1305031464.9278 -1.5318 0.1540 -0.3181 0.1281 0.1471 -0.1209 0.9733
1305031464.9598 -1.5216 0.1377 -0.3196 0.1272 0.1425 -0.1385 0.9718
1305031464.9957 -1.5144 0.1428 -0.3056 0.1340 0.1432 -0.1588 0.9676
1305031465.0278 -1.5075 0.1498 -0.2911 0.1384 0.1452 -0.1778 0.9634
1305031465.0597 -1.5088 0.1665 -0.2706 0.1456 0.1438 -0.1977 0.9587
1305031465.0957 -1.4769 0.2011 -0.2665 0.1450 0.1296 -0.2140 0.9573
1305031465.1277 -1.4546 0.2028 -0.2397 0.1272 0.1190 -0.2270 0.9582
1305031465.1598 -1.4394 0.1959 -0.2169 0.1079 0.1096 -0.2342 0.9599
1305031465.1956 -1.4186 0.1840 -0.1965 0.0909 0.0988 -0.2412 0.9612
1305031465.2279 -1.4015 0.1847 -0.1761 0.0774 0.0931 -0.2470 0.9614
1305031465.2598 -1.3792 0.1680 -0.1515 0.0600 0.0830 -0.2488 0.9631
1305031465.2956 -1.3659 0.1804 -0.1242 0.0597 0.0774 -0.2371 0.9665
1305031465.3277 -1.3551 0.1872 -0.1183 0.0493 0.0666 -0.2299 0.9697
1305031465.3599 -1.3446 0.1870 -0.1027 0.0446 0.0524 -0.2202 0.9730
1305031465.3956 -1.3154 0.1843 -0.0924 0.0426 0.0328 -0.2087 0.9765
1305031465.4277 -1.2960 0.1812 -0.0933 0.0421 0.0213 -0.2013 0.9784
1305031465.4601 -1.2820 0.1849 -0.0965 0.0432 0.0133 -0.1919 0.9804
1305031465.4957 -1.2564 0.1916 -0.0921 0.0410 0.0028 -0.1803 0.9828
1305031465.5276 -1.2453 0.1868 -0.0934 0.0376 -0.0029 -0.1773 0.9834
1305031465.5598 -1.2275 0.1898 -0.0960 0.0414 -0.0102 -0.1742 0.9838
1305031465.5956 -1.2088 0.1911 -0.1027 0.0435 -0.0152 -0.1687 0.9846
1305031465.6277 -1.1986 0.1968 -0.1036 0.0462 -0.0177 -0.1624 0.9855
1305031465.6601 -1.1867 0.2030 -0.1053 0.0488 -0.0235 -0.1572 0.9861
1305031465.6957 -1.1633 0.2042 -0.1084 0.0514 -0.0318 -0.1525 0.9864
1305031465.7277 -1.1472 0.2101 -0.1134 0.0559 -0.0350 -0.1465 0.9870
1305031465.7598 -1.1325 0.2242 -0.1132 0.0631 -0.0386 -0.1408 0.9873
1305031465.7959 -1.1116 0.2288 -0.1158 0.0655 -0.0424 -0.1360 0.9876
1305031465.8280 -1.0897 0.2313 -0.1177 0.0704 -0.0481 -0.1322 0.9875
1305031465.8599 -1.0620 0.2454 -0.1275 0.0806 -0.0522 -0.1286 0.9870
1305031465.8955 -1.0341 0.2560 -0.1347 0.0844 -0.0484 -0.1270 0.9871
1305031465.9275 -1.0104 0.2541 -0.1340 0.0875 -0.0428 -0.1253 0.9873
1305031465.9597 -0.9837 0.2642 -0.1417 0.0971 -0.0379 -0.1253 0.9866
1305031465.9958 -0.9628 0.2740 -0.1531 0.1032 -0.0329 -0.1268 0.9860
1305031466.0276 -0.9408 0.2807 -0.1637 0.1065 -0.0329 -0.1293 0.9853
1305031466.0598 -0.9168 0.3053 -0.1718 0.1092 -0.0318 -0.1287 0.9851
1305031466.0958 -0.8994 0.3211 -0.1752 0.1049 -0.0337 -0.1280 0.9856
1305031466.1276 -0.8832 0.3381 -0.1797 0.1001 -0.0368 -0.1288 0.9859
1305031466.1604 -0.8686 0.3559 -0.1841 0.0965 -0.0409 -0.1259 0.9865
1305031466.1958 -0.8540 0.3746 -0.1845 0.0906 -0.0465 -0.1243 0.9870
1305031466.2280 -0.8386 0.3789 -0.1853 0.0772 -0.0531 -0.1281 0.9873
1305031466.2598 -0.8260 0.3707 -0.1946 0.0717 -0.0548 -0.1354 0.9867
1305031466.2957 -0.8015 0.3748 -0.2035 0.0751 -0.0536 -0.1446 0.9852
1305031466.3277 -0.7799 0.3800 -0.2194 0.0765 -0.0464 -0.1521 0.9843
1305031466.3598 -0.7636 0.3886 -0.2336 0.0752 -0.0377 -0.1578 0.9839
1305031466.3958 -0.7533 0.3764 -0.2485 0.0716 -0.0353 -0.1605 0.9838
1305031466.4278 -0.7403 0.3787 -0.2602 0.0745 -0.0385 -0.1629 0.9831
1305031466.4598 -0.7262 0.3849 -0.2749 0.0744 -0.0422 -0.1652 0.9825
1305031466.4958 -0.7148 0.3976 -0.2806 0.0744 -0.0428 -0.1668 0.9823
1305031466.5275 -0.6902 0.3930 -0.2864 0.0730 -0.0438 -0.1678 0.9821
1305031466.5604 -0.6724 0.4047 -0.2984 0.0749 -0.0381 -0.1692 0.9820
1305031466.5959 -0.6421 0.4090 -0.3011 0.0664 -0.0404 -0.1718 0.9821
1305031466.6275 -0.6295 0.3808 -0.3115 0.0541 -0.0364 -0.1756 0.9823
1305031466.6597 -0.6058 0.3735 -0.3206 0.0567 -0.0363 -0.1800 0.9814
1305031466.6958 -0.5850 0.3839 -0.3290 0.0592 -0.0374 -0.1854 0.9802
1305031466.7281 -0.5731 0.3787 -0.3365 0.0510 -0.0361 -0.1996 0.9779
1305031466.7596 -0.5516 0.3653 -0.3355 0.0504 -0.0381 -0.2052 0.9767
1305031466.7956 -0.5404 0.3646 -0.3501 0.0530 -0.0389 -0.2098 0.9755
1305031466.8279 -0.5234 0.3674 -0.3544 0.0515 -0.0431 -0.2107 0.9752
1305031466.8597 -0.5177 0.3651 -0.3554 0.0500 -0.0457 -0.2109 0.9752
1305031466.8957 -0.5086 0.3690 -0.3500 0.0516 -0.0539 -0.2123 0.9744
1305031466.9278 -0.4904 0.3621 -0.3555 0.0485 -0.0688 -0.2158 0.9728
1305031466.9597 -0.4755 0.3524 -0.3637 0.0460 -0.0770 -0.2186 0.9717
1305031466.9957 -0.4665 0.3481 -0.3706 0.0452 -0.0798 -0.2203 0.9711
1305031467.0278 -0.4530 0.3470 -0.3718 0.0457 -0.0834 -0.2226 0.9703
1305031467.0597 -0.4364 0.3419 -0.3783 0.0453 -0.0870 -0.2245 0.9695
1305031467.0957 -0.4277 0.3470 -0.3760 0.0458 -0.0865 -0.2278 0.9688
1305031467.1290 -0.4207 0.3471 -0.3723 0.0458 -0.0878 -0.2339 0.9672
1305031467.1597 -0.4131 0.3446 -0.3761 0.0461 -0.0893 -0.2377 0.9661
1305031467.1957 -0.4033 0.3438 -0.3810 0.0467 -0.0930 -0.2410 0.9649
1305031467.2277 -0.3921 0.3416 -0.3819 0.0465 -0.0984 -0.2444 0.9636
1305031467.2597 -0.3863 0.3407 -0.3800 0.0470 -0.1016 -0.2476 0.9624
1305031467.2958 -0.3777 0.3408 -0.3812 0.0478 -0.1051 -0.2512 0.9610
1305031467.3280 -0.3658 0.3406 -0.3914 0.0488 -0.1094 -0.2560 0.9592
1305031467.3597 -0.3554 0.3478 -0.3960 0.0481 -0.1131 -0.2587 0.9581
1305031467.3958 -0.3433 0.3463 -0.3946 0.0437 -0.1182 -0.2616 0.9569
1305031467.4278 -0.3327 0.3421 -0.3978 0.0421 -0.1226 -0.2635 0.9559
1305031467.4597 -0.3220 0.3404 -0.4017 0.0416 -0.1273 -0.2650 0.9549
1305031467.4961 -0.3031 0.3495 -0.4046 0.0403 -0.1339 -0.2695 0.9528
1305031467.5277 -0.2966 0.3470 -0.4084 0.0364 -0.1345 -0.2736 0.9517
1305031467.5598 -0.2882 0.3445 -0.4045 0.0367 -0.1359 -0.2750 0.9511
1305031467.5960 -0.2823 0.3427 -0.4071 0.0366 -0.1361 -0.2741 0.9513
1305031467.6275 -0.2734 0.3435 -0.4014 0.0383 -0.1400 -0.2722 0.9512
1305031467.6596 -0.2701 0.3351 -0.3974 0.0408 -0.1443 -0.2694 0.9513
1305031467.6959 -0.2666 0.3327 -0.4006 0.0424 -0.1454 -0.2708 0.9506
1305031467.7275 -0.2585 0.3280 -0.3907 0.0457 -0.1479 -0.2768 0.9484
1305031467.7599 -0.2577 0.3295 -0.3898 0.0523 -0.1478 -0.2815 0.9467
1305031467.7961 -0.2607 0.3265 -0.3862 0.0541 -0.1482 -0.2828 0.9461
1305031467.8278 -0.2633 0.3230 -0.3759 0.0582 -0.1489 -0.2848 0.9452
1305031467.8597 -0.2578 0.3309 -0.3621 0.0684 -0.1534 -0.2792 0.9454
1305031467.8959 -0.2555 0.3281 -0.3589 0.0724 -0.1584 -0.2795 0.9442
1305031467.9278 -0.2521 0.3216 -0.3429 0.0754 -0.1642 -0.2835 0.9418
1305031467.9598 -0.2497 0.3145 -0.3257 0.0808 -0.1690 -0.2837 0.9404
1305031467.9958 -0.2415 0.3155 -0.3225 0.0838 -0.1711 -0.2849 0.9394
1305031468.0281 -0.2400 0.3066 -0.3082 0.0824 -0.1716 -0.2867 0.9389
1305031468.0598 -0.2452 0.2919 -0.2934 0.0859 -0.1726 -0.2914 0.9370
1305031468.0959 -0.2425 0.2902 -0.2874 0.0875 -0.1746 -0.2915 0.9364
1305031468.1278 -0.2400 0.2843 -0.2761 0.0873 -0.1758 -0.2925 0.9359
1305031468.1599 -0.2413 0.2792 -0.2654 0.0885 -0.1764 -0.2936 0.9353
1305031468.1960 -0.2339 0.2701 -0.2537 0.0884 -0.1780 -0.2960 0.9343
1305031468.2282 -0.2311 0.2615 -0.2360 0.0887 -0.1779 -0.2963 0.9342
1305031468.2598 -0.2209 0.2472 -0.2188 0.0889 -0.1796 -0.2960 0.9339
1305031468.2958 -0.2153 0.2346 -0.2070 0.0895 -0.1781 -0.2970 0.9338
1305031468.3278 -0.2096 0.2064 -0.1889 0.0886 -0.1799 -0.2963 0.9338
1305031468.3598 -0.2003 0.1887 -0.1754 0.0904 -0.1810 -0.2929 0.9345
1305031468.3959 -0.1976 0.1843 -0.1713 0.0901 -0.1801 -0.2928 0.9347
1305031468.4280 -0.1992 0.1706 -0.1548 0.0886 -0.1793 -0.2916 0.9354
1305031468.4598 -0.2038 0.1454 -0.1444 0.0855 -0.1792 -0.2866 0.9373
1305031468.4958 -0.2004 0.1360 -0.1369 0.0846 -0.1790 -0.2868 0.9373
1305031468.5278 -0.2137 0.1224 -0.1157 0.0863 -0.1758 -0.2911 0.9364
1305031468.5597 -0.2221 0.1071 -0.1197 0.0920 -0.1748 -0.3035 0.9321
1305031468.5958 -0.2267 0.1068 -0.1280 0.0961 -0.1732 -0.3091 0.9302
1305031468.6276 -0.2311 0.0984 -0.1235 0.0925 -0.1735 -0.3092 0.9305
1305031468.6596 -0.2469 0.0735 -0.1206 0.0896 -0.1754 -0.3122 0.9294
1305031468.6958 -0.2607 0.0535 -0.1207 0.0913 -0.1793 -0.3182 0.9264
1305031468.7278 -0.2744 0.0434 -0.1111 0.0960 -0.1845 -0.3212 0.9239
1305031468.7596 -0.2790 0.0384 -0.1084 0.0972 -0.1876 -0.3215 0.9231
1305031468.7958 -0.2954 0.0208 -0.1060 0.1010 -0.1886 -0.3265 0.9206
1305031468.8292 -0.3126 0.0059 -0.1185 0.1067 -0.1879 -0.3353 0.9170
1305031468.8597 -0.3133 0.0037 -0.1181 0.1085 -0.1879 -0.3379 0.9158
1305031468.8959 -0.3069 -0.0082 -0.1049 0.1088 -0.1861 -0.3382 0.9160
1305031468.9281 -0.3103 -0.0069 -0.1073 0.1094 -0.1784 -0.3361 0.9183
1305031468.9596 -0.3220 -0.0120 -0.1116 0.1041 -0.1708 -0.3352 0.9207
1305031468.9957 -0.3165 -0.0031 -0.1067 0.0942 -0.1667 -0.3380 0.9215
1305031469.0277 -0.3229 -0.0101 -0.0984 0.0755 -0.1608 -0.3435 0.9222
1305031469.0598 -0.3328 -0.0230 -0.0864 0.0592 -0.1574 -0.3488 0.9220
1305031469.0957 -0.3345 -0.0230 -0.0818 0.0506 -0.1538 -0.3589 0.9192
1305031469.1277 -0.3287 -0.0373 -0.0661 0.0372 -0.1497 -0.3656 0.9179
1305031469.1597 -0.3281 -0.0477 -0.0431 0.0274 -0.1428 -0.3744 0.9158
1305031469.1955 -0.3467 -0.0459 -0.0381 0.0216 -0.1259 -0.3763 0.9177
1305031469.2278 -0.3490 -0.0427 -0.0279 0.0214 -0.1219 -0.3773 0.9178
1305031469.2596 -0.3624 -0.0485 -0.0102 0.0128 -0.1141 -0.3823 0.9169
1305031469.2968 -0.3580 -0.0510 0.0064 0.0102 -0.1131 -0.3840 0.9163
1305031469.3276 -0.3642 -0.0467 0.0178 0.0075 -0.1087 -0.3858 0.9161
1305031469.3596 -0.3560 -0.0571 0.0418 0.0009 -0.1088 -0.3912 0.9138
1305031469.3957 -0.3608 -0.0642 0.0556 -0.0001 -0.0958 -0.3962 0.9131
1305031469.4277 -0.3562 -0.0537 0.0726 0.0062 -0.0851 -0.4028 0.9113
1305031469.4597 -0.3608 -0.0566 0.0872 0.0046 -0.0759 -0.4106 0.9086
1305031469.4957 -0.3641 -0.0508 0.0972 0.0049 -0.0719 -0.4125 0.9081
1305031469.5276 -0.3588 -0.0475 0.1114 0.0028 -0.0738 -0.4127 0.9079
1305031469.5596 -0.3557 -0.0504 0.1248 -0.0056 -0.0754 -0.4117 0.9082
1305031469.5958 -0.3544 -0.0290 0.1379 -0.0082 -0.0711 -0.4083 0.9100
1305031469.6278 -0.3478 -0.0338 0.1591 -0.0194 -0.0737 -0.4100 0.9089
1305031469.6596 -0.3581 -0.0233 0.1743 -0.0261 -0.0644 -0.4091 0.9098
1305031469.6956 -0.3598 -0.0162 0.1853 -0.0314 -0.0597 -0.4082 0.9104
1305031469.7277 -0.3583 -0.0081 0.1944 -0.0362 -0.0543 -0.4066 0.9113
1305031469.7596 -0.3624 0.0197 0.2164 -0.0353 -0.0445 -0.4009 0.9143
1305031469.7956 -0.3739 0.0430 0.2361 -0.0388 -0.0364 -0.3969 0.9163
1305031469.8275 -0.3652 0.0443 0.2453 -0.0460 -0.0434 -0.3954 0.9163
1305031469.8596 -0.3788 0.0738 0.2636 -0.0486 -0.0365 -0.3925 0.9177
1305031469.8958 -0.3794 0.0840 0.2737 -0.0543 -0.0383 -0.3897 0.9185
1305031469.9279 -0.3905 0.0936 0.2898 -0.0629 -0.0377 -0.3889 0.9183
1305031469.9598 -0.3983 0.1095 0.3020 -0.0644 -0.0394 -0.3881 0.9185
1305031469.9956 -0.4037 0.1349 0.3155 -0.0637 -0.0387 -0.3825 0.9209
1305031470.0277 -0.4069 0.1469 0.3134 -0.0673 -0.0419 -0.3825 0.9206
1305031470.0596 -0.4137 0.1624 0.3194 -0.0690 -0.0408 -0.3804 0.9214
1305031470.0959 -0.4277 0.1831 0.3340 -0.0711 -0.0380 -0.3803 0.9213
1305031470.1276 -0.4392 0.2061 0.3370 -0.0709 -0.0327 -0.3763 0.9232
1305031470.1596 -0.4438 0.2243 0.3427 -0.0739 -0.0344 -0.3736 0.9240
1305031470.1961 -0.4518 0.2368 0.3398 -0.0764 -0.0364 -0.3721 0.9243
1305031470.2276 -0.4618 0.2531 0.3517 -0.0809 -0.0357 -0.3652 0.9267
1305031470.2600 -0.4654 0.2688 0.3559 -0.0848 -0.0379 -0.3639 0.9268
1305031470.2957 -0.4764 0.2933 0.3595 -0.0845 -0.0332 -0.3587 0.9290
1305031470.3276 -0.4808 0.3019 0.3624 -0.0942 -0.0365 -0.3559 0.9291
1305031470.3596 -0.4890 0.3233 0.3693 -0.0941 -0.0373 -0.3487 0.9318
1305031470.3958 -0.5009 0.3426 0.3735 -0.0948 -0.0361 -0.3448 0.9332
1305031470.4276 -0.5122 0.3553 0.3760 -0.0956 -0.0378 -0.3456 0.9328
1305031470.4597 -0.5202 0.3637 0.3775 -0.0968 -0.0414 -0.3441 0.9330
1305031470.4957 -0.5269 0.3727 0.3771 -0.0961 -0.0453 -0.3416 0.9338
1305031470.5277 -0.5334 0.3791 0.3784 -0.0979 -0.0503 -0.3422 0.9332
1305031470.5597 -0.5472 0.3970 0.3823 -0.0956 -0.0456 -0.3426 0.9335
1305031470.5958 -0.5534 0.4068 0.3832 -0.0946 -0.0469 -0.3374 0.9354
1305031470.6277 -0.5592 0.4163 0.3853 -0.0961 -0.0491 -0.3326 0.9369
1305031470.6597 -0.5714 0.4338 0.3868 -0.0912 -0.0442 -0.3271 0.9395
1305031470.6956 -0.5754 0.4426 0.3877 -0.0921 -0.0487 -0.3226 0.9408
1305031470.7277 -0.5838 0.4468 0.3913 -0.0930 -0.0501 -0.3226 0.9406
1305031470.7597 -0.5889 0.4546 0.3893 -0.0914 -0.0483 -0.3174 0.9426
1305031470.7956 -0.5953 0.4590 0.3922 -0.0919 -0.0454 -0.3161 0.9432
1305031470.8278 -0.6016 0.4687 0.3935 -0.0855 -0.0446 -0.3105 0.9457
1305031470.8596 -0.6099 0.4684 0.3938 -0.0840 -0.0471 -0.3074 0.9467
1305031470.8957 -0.6182 0.4786 0.3917 -0.0770 -0.0474 -0.3003 0.9495
1305031470.9277 -0.6266 0.4866 0.3912 -0.0703 -0.0498 -0.2954 0.9515
1305031470.9596 -0.6408 0.4911 0.3895 -0.0601 -0.0515 -0.2934 0.9527
1305031470.9960 -0.6464 0.4878 0.3856 -0.0541 -0.0549 -0.2927 0.9531
1305031471.0276 -0.6495 0.4908 0.3838 -0.0419 -0.0576 -0.2897 0.9545
1305031471.0596 -0.6553 0.4866 0.3811 -0.0341 -0.0592 -0.2866 0.9556
1305031471.0958 -0.6597 0.4916 0.3766 -0.0222 -0.0608 -0.2800 0.9578
1305031471.1277 -0.6650 0.4914 0.3740 -0.0162 -0.0638 -0.2715 0.9602
1305031471.1596 -0.6663 0.4936 0.3714 -0.0095 -0.0670 -0.2637 0.9622
1305031471.1957 -0.6685 0.4924 0.3703 -0.0091 -0.0671 -0.2596 0.9633
1305031471.2276 -0.6709 0.4932 0.3702 -0.0086 -0.0665 -0.2566 0.9642
1305031471.2597 -0.6747 0.4948 0.3713 -0.0082 -0.0656 -0.2542 0.9649
1305031471.2961 -0.6797 0.4952 0.3711 -0.0074 -0.0635 -0.2517 0.9657
1305031471.3276 -0.6780 0.4973 0.3702 -0.0022 -0.0643 -0.2475 0.9667
1305031471.3596 -0.6776 0.4998 0.3685 0.0008 -0.0610 -0.2452 0.9675
1305031471.3957 -0.6873 0.4939 0.3678 -0.0032 -0.0534 -0.2410 0.9690
1305031471.4277 -0.6897 0.4932 0.3653 -0.0013 -0.0533 -0.2366 0.9701
1305031471.4596 -0.6890 0.4949 0.3643 -0.0002 -0.0563 -0.2328 0.9709
1305031471.4965 -0.6983 0.4947 0.3611 -0.0027 -0.0526 -0.2288 0.9720
1305031471.5276 -0.7014 0.4955 0.3585 -0.0028 -0.0516 -0.2266 0.9726
1305031471.5597 -0.7029 0.4958 0.3565 -0.0033 -0.0506 -0.2253 0.9730
1305031471.5957 -0.7037 0.4963 0.3549 -0.0028 -0.0486 -0.2234 0.9735
1305031471.6276 -0.7050 0.5005 0.3532 0.0005 -0.0455 -0.2237 0.9736
1305031471.6596 -0.7067 0.5007 0.3493 0.0016 -0.0416 -0.2205 0.9745
1305031471.6956 -0.7079 0.4993 0.3458 0.0010 -0.0395 -0.2167 0.9754
1305031471.7275 -0.7157 0.4974 0.3398 -0.0021 -0.0319 -0.2145 0.9762
1305031471.7597 -0.7174 0.4985 0.3373 -0.0014 -0.0267 -0.2076 0.9779
1305031471.7958 -0.7232 0.4926 0.3305 -0.0062 -0.0175 -0.2014 0.9793
1305031471.8276 -0.7228 0.4947 0.3286 -0.0080 -0.0153 -0.1974 0.9802
1305031471.8597 -0.7202 0.5024 0.3293 -0.0076 -0.0135 -0.1883 0.9820
1305031471.8956 -0.7223 0.5006 0.3289 -0.0140 -0.0096 -0.1844 0.9827
1305031471.9277 -0.7248 0.5001 0.3284 -0.0207 -0.0038 -0.1754 0.9843
1305031471.9596 -0.7299 0.5025 0.3337 -0.0208 0.0052 -0.1723 0.9848
1305031471.9956 -0.7274 0.5104 0.3260 -0.0161 0.0090 -0.1730 0.9848
1305031472.0276 -0.7246 0.5185 0.3225 -0.0172 0.0109 -0.1665 0.9858
1305031472.0597 -0.7248 0.5225 0.3327 -0.0200 0.0137 -0.1608 0.9867
1305031472.0956 -0.7253 0.5217 0.3322 -0.0218 0.0156 -0.1567 0.9873
1305031472.1276 -0.7239 0.5268 0.3277 -0.0217 0.0146 -0.1531 0.9879
1305031472.1596 -0.7291 0.5326 0.3391 -0.0230 0.0173 -0.1477 0.9886
1305031472.1957 -0.7323 0.5376 0.3422 -0.0174 0.0177 -0.1437 0.9893
1305031472.2276 -0.7323 0.5514 0.3469 -0.0074 0.0193 -0.1355 0.9906
1305031472.2638 -0.7337 0.5532 0.3491 -0.0023 0.0200 -0.1334 0.9909
1305031472.2957 -0.7355 0.5553 0.3479 0.0050 0.0209 -0.1300 0.9913
1305031472.3277 -0.7336 0.5579 0.3476 0.0098 0.0203 -0.1252 0.9919
1305031472.3636 -0.7328 0.5640 0.3488 0.0140 0.0200 -0.1220 0.9922
1305031472.3956 -0.7320 0.5704 0.3518 0.0187 0.0181 -0.1211 0.9923
1305031472.4277 -0.7328 0.5708 0.3522 0.0208 0.0162 -0.1212 0.9923
1305031472.4636 -0.7332 0.5689 0.3507 0.0223 0.0157 -0.1213 0.9922
1305031472.4956 -0.7325 0.5635 0.3484 0.0204 0.0161 -0.1218 0.9922
1305031472.5276 -0.7325 0.5552 0.3491 0.0186 0.0158 -0.1214 0.9923
1305031472.5636 -0.7338 0.5595 0.3503 0.0279 0.0164 -0.1206 0.9922
1305031472.5957 -0.7330 0.5601 0.3485 0.0322 0.0149 -0.1188 0.9923
1305031472.6277 -0.7318 0.5593 0.3481 0.0326 0.0140 -0.1179 0.9924
1305031472.6636 -0.7309 0.5580 0.3480 0.0339 0.0131 -0.1158 0.9926
1305031472.6958 -0.7306 0.5498 0.3470 0.0330 0.0118 -0.1140 0.9929
1305031472.7276 -0.7303 0.5429 0.3469 0.0340 0.0106 -0.1155 0.9927
1305031472.7636 -0.7317 0.5464 0.3485 0.0396 0.0127 -0.1170 0.9923
1305031472.7956 -0.7293 0.5423 0.3495 0.0396 0.0122 -0.1180 0.9921
1305031472.8276 -0.7297 0.5309 0.3509 0.0364 0.0124 -0.1187 0.9922
1305031472.8636 -0.7298 0.5321 0.3520 0.0387 0.0125 -0.1179 0.9922
1305031472.8957 -0.7293 0.5313 0.3531 0.0388 0.0110 -0.1164 0.9924
1305031472.9277 -0.7290 0.5302 0.3546 0.0390 0.0104 -0.1155 0.9925
1305031472.9638 -0.7285 0.5271 0.3545 0.0379 0.0097 -0.1139 0.9927
1305031472.9957 -0.7299 0.5289 0.3565 0.0387 0.0101 -0.1128 0.9928
1305031473.0276 -0.7294 0.5307 0.3588 0.0399 0.0088 -0.1124 0.9928
1305031473.0637 -0.7276 0.5275 0.3599 0.0379 0.0072 -0.1136 0.9928
1305031473.0957 -0.7290 0.5235 0.3580 0.0361 0.0090 -0.1162 0.9925
1305031473.1277 -0.7296 0.5217 0.3577 0.0351 0.0097 -0.1174 0.9924
1305031473.1671 -0.7283 0.5173 0.3592 0.0341 0.0078 -0.1170 0.9925
1305031473.1961 -0.7286 0.5116 0.3586 0.0321 0.0069 -0.1167 0.9926
