1305031453.3917 0.0000 0.0000 0.0000 0.0000 0.0000 0.0000 1.0000
1305031453.5237 0.0112 0.0178 -0.0411 0.0167 0.0223 0.0364 0.9990
1305031453.6277 0.0124 0.0363 -0.0856 0.0379 0.0273 0.0512 0.9976
1305031453.7277 -0.0007 0.0632 -0.1338 0.0571 0.0122 0.0406 0.9975
1305031453.8278 -0.0236 0.0852 -0.1735 0.0685 -0.0128 0.0187 0.9974
1305031453.9277 -0.0486 0.1028 -0.2084 0.0660 -0.0611 -0.0003 0.9959
1305031453.9596 -0.0563 0.1073 -0.2157 0.0634 -0.0780 -0.0088 0.9949
1305031453.9916 -0.0692 0.1088 -0.2146 0.0621 -0.0894 -0.0203 0.9939
1305031454.0277 -0.0771 0.1099 -0.2209 0.0636 -0.1023 -0.0303 0.9923
1305031454.0597 -0.0834 0.1137 -0.2271 0.0644 -0.1149 -0.0419 0.9904
1305031454.0917 -0.0961 0.1129 -0.2254 0.0643 -0.1261 -0.0558 0.9884
1305031454.1277 -0.1052 0.1129 -0.2275 0.0672 -0.1406 -0.0697 0.9853
1305031454.1597 -0.1111 0.1173 -0.2322 0.0680 -0.1572 -0.0821 0.9818
1305031454.1917 -0.1220 0.1174 -0.2330 0.0654 -0.1736 -0.0966 0.9779
1305031454.2277 -0.1387 0.1159 -0.2304 0.0677 -0.1889 -0.1150 0.9729
1305031454.2596 -0.1413 0.1197 -0.2300 0.0743 -0.2038 -0.1300 0.9675
1305031454.2916 -0.1480 0.1234 -0.2325 0.0730 -0.2114 -0.1420 0.9643
1305031454.3277 -0.1668 0.1220 -0.2356 0.0735 -0.2181 -0.1582 0.9602
1305031454.3596 -0.1741 0.1265 -0.2357 0.0810 -0.2296 -0.1728 0.9544
1305031454.3917 -0.1794 0.1316 -0.2391 0.0829 -0.2373 -0.1846 0.9501
1305031454.4275 -0.1904 0.1346 -0.2443 0.0844 -0.2476 -0.1993 0.9444
1305031454.4599 -0.1923 0.1372 -0.2418 0.0875 -0.2594 -0.2147 0.9375
1305031454.4916 -0.1978 0.1401 -0.2458 0.0892 -0.2635 -0.2316 0.9322
1305031454.5277 -0.2009 0.1475 -0.2482 0.0899 -0.2693 -0.2471 0.9265
1305031454.5596 -0.2047 0.1515 -0.2524 0.0866 -0.2746 -0.2607 0.9215
1305031454.5916 -0.2140 0.1586 -0.2560 0.0846 -0.2826 -0.2779 0.9142
1305031454.6276 -0.2168 0.1629 -0.2561 0.0828 -0.2954 -0.2914 0.9061
1305031454.6595 -0.2165 0.1724 -0.2581 0.0783 -0.3071 -0.2989 0.9001
1305031454.6919 -0.2205 0.1760 -0.2582 0.0709 -0.3198 -0.3067 0.8937
1305031454.7277 -0.2176 0.1801 -0.2506 0.0667 -0.3346 -0.3105 0.8872
1305031454.7597 -0.2116 0.1807 -0.2457 0.0590 -0.3429 -0.3068 0.8859
1305031454.7916 -0.2072 0.1857 -0.2437 0.0533 -0.3464 -0.2994 0.8874
1305031454.8276 -0.2003 0.1927 -0.2414 0.0479 -0.3484 -0.2927 0.8892
1305031454.8596 -0.1972 0.1981 -0.2399 0.0417 -0.3456 -0.2863 0.8927
1305031454.8918 -0.1940 0.2052 -0.2403 0.0375 -0.3408 -0.2793 0.8969
1305031454.9276 -0.1924 0.2136 -0.2425 0.0333 -0.3346 -0.2734 0.9012
1305031454.9596 -0.1936 0.2213 -0.2469 0.0294 -0.3285 -0.2680 0.9052
1305031454.9919 -0.1976 0.2298 -0.2529 0.0265 -0.3243 -0.2629 0.9083
1305031455.0278 -0.1970 0.2403 -0.2570 0.0261 -0.3236 -0.2598 0.9095
1305031455.0596 -0.2008 0.2468 -0.2598 0.0241 -0.3204 -0.2584 0.9110
1305031455.0917 -0.2058 0.2552 -0.2655 0.0264 -0.3164 -0.2580 0.9125
1305031455.1277 -0.2096 0.2674 -0.2712 0.0283 -0.3115 -0.2562 0.9146
1305031455.1597 -0.2178 0.2780 -0.2779 0.0274 -0.3061 -0.2519 0.9177
1305031455.1917 -0.2272 0.2868 -0.2822 0.0236 -0.3020 -0.2465 0.9206
1305031455.2276 -0.2363 0.2934 -0.2881 0.0226 -0.2982 -0.2416 0.9231
1305031455.2596 -0.2413 0.3068 -0.2937 0.0209 -0.2936 -0.2351 0.9263
1305031455.2918 -0.2547 0.3120 -0.2992 0.0118 -0.2867 -0.2268 0.9307
1305031455.3278 -0.2652 0.3218 -0.3084 0.0061 -0.2829 -0.2166 0.9343
1305031455.3596 -0.2707 0.3318 -0.3114 -0.0017 -0.2814 -0.2104 0.9362
1305031455.3917 -0.2813 0.3331 -0.3144 -0.0132 -0.2742 -0.2035 0.9398
1305031455.4276 -0.2953 0.3380 -0.3232 -0.0209 -0.2659 -0.1942 0.9440
1305031455.4596 -0.3082 0.3386 -0.3309 -0.0268 -0.2618 -0.1863 0.9466
1305031455.4916 -0.3181 0.3425 -0.3395 -0.0321 -0.2584 -0.1755 0.9494
1305031455.5276 -0.3337 0.3394 -0.3490 -0.0396 -0.2544 -0.1629 0.9525
1305031455.5597 -0.3484 0.3394 -0.3620 -0.0434 -0.2543 -0.1499 0.9545
1305031455.5916 -0.3583 0.3428 -0.3738 -0.0471 -0.2555 -0.1354 0.9561
1305031455.6596 -0.3879 0.3345 -0.3902 -0.0529 -0.2522 -0.1176 0.9590
1305031455.6916 -0.3999 0.3346 -0.4036 -0.0494 -0.2509 -0.1180 0.9595
1305031455.7276 -0.4122 0.3322 -0.4147 -0.0472 -0.2481 -0.1226 0.9598
1305031455.7597 -0.4244 0.3291 -0.4270 -0.0462 -0.2431 -0.1256 0.9607
1305031455.7917 -0.4387 0.3208 -0.4403 -0.0458 -0.2378 -0.1247 0.9622
1305031455.8276 -0.4503 0.3179 -0.4575 -0.0433 -0.2345 -0.1240 0.9632
1305031455.8595 -0.4608 0.3126 -0.4702 -0.0435 -0.2330 -0.1252 0.9634
1305031455.8917 -0.4696 0.3094 -0.4823 -0.0431 -0.2307 -0.1253 0.9640
1305031455.9280 -0.4792 0.3040 -0.4923 -0.0442 -0.2275 -0.1261 0.9646
1305031455.9597 -0.4867 0.3021 -0.5052 -0.0433 -0.2242 -0.1280 0.9651
1305031455.9917 -0.4939 0.2992 -0.5144 -0.0451 -0.2202 -0.1302 0.9657
1305031456.0278 -0.5007 0.3011 -0.5277 -0.0485 -0.2138 -0.1339 0.9664
1305031456.0597 -0.5122 0.2929 -0.5330 -0.0582 -0.2087 -0.1424 0.9658
1305031456.0917 -0.5237 0.2844 -0.5366 -0.0639 -0.2046 -0.1482 0.9654
1305031456.1276 -0.5333 0.2787 -0.5423 -0.0652 -0.2004 -0.1497 0.9660
1305031456.1597 -0.5429 0.2706 -0.5406 -0.0665 -0.1958 -0.1506 0.9667
1305031456.1917 -0.5521 0.2633 -0.5444 -0.0618 -0.1881 -0.1480 0.9690
1305031456.2277 -0.5566 0.2672 -0.5503 -0.0571 -0.1791 -0.1439 0.9716
1305031456.2917 -0.5836 0.2536 -0.5489 -0.0569 -0.1556 -0.1376 0.9765
1305031456.3277 -0.5948 0.2494 -0.5464 -0.0527 -0.1452 -0.1308 0.9793
1305031456.3916 -0.6173 0.2445 -0.5411 -0.0483 -0.1209 -0.1220 0.9840
1305031456.4277 -0.6348 0.2470 -0.5432 -0.0411 -0.1085 -0.1151 0.9865
1305031456.4917 -0.6713 0.2625 -0.5408 -0.0449 -0.0984 -0.1041 0.9887
1305031456.5276 -0.6854 0.2644 -0.5319 -0.0510 -0.0992 -0.0991 0.9888
1305031456.5917 -0.7075 0.2697 -0.5183 -0.0534 -0.0941 -0.0874 0.9903
1305031456.6276 -0.7183 0.2823 -0.5122 -0.0637 -0.0880 -0.0817 0.9907
1305031456.6916 -0.7563 0.2689 -0.4902 -0.0791 -0.0748 -0.0681 0.9917
1305031456.8276 -0.8146 0.2922 -0.4634 -0.0867 -0.0831 -0.0360 0.9921
1305031457.0917 -0.9087 0.3143 -0.4216 -0.1160 -0.0453 -0.0002 0.9922
1305031457.2275 -0.9580 0.3054 -0.4374 -0.1231 -0.0156 0.0211 0.9920
1305031457.3275 -0.9946 0.2970 -0.4648 -0.1118 0.0104 0.0385 0.9929
1305031457.3917 -1.0252 0.2820 -0.4828 -0.1092 0.0351 0.0507 0.9921
1305031457.4917 -1.0711 0.2647 -0.5148 -0.1066 0.0507 0.0659 0.9908
1305031457.5597 -1.0958 0.2515 -0.5372 -0.1000 0.0596 0.0730 0.9905
1305031457.6275 -1.1261 0.2385 -0.5544 -0.0976 0.0679 0.0791 0.9898
1305031457.6916 -1.1523 0.2362 -0.5740 -0.0975 0.0701 0.0860 0.9890
1305031457.7596 -1.1751 0.2062 -0.5825 -0.0995 0.0732 0.0831 0.9889
1305031457.7916 -1.1823 0.1882 -0.5865 -0.0944 0.0768 0.0824 0.9891
1305031457.8277 -1.1940 0.1908 -0.5990 -0.0822 0.0839 0.0837 0.9895
1305031457.8916 -1.2219 0.1602 -0.6033 -0.0754 0.1005 0.0835 0.9885
1305031457.9276 -1.2384 0.1598 -0.6105 -0.0610 0.1050 0.0886 0.9886
1305031457.9916 -1.2592 0.1460 -0.6136 -0.0498 0.1056 0.0942 0.9887
1305031458.0278 -1.2688 0.1344 -0.6112 -0.0422 0.1086 0.0953 0.9886
1305031458.0597 -1.2838 0.1421 -0.6135 -0.0311 0.1137 0.0984 0.9881
1305031458.0917 -1.2983 0.1434 -0.6092 -0.0303 0.1183 0.1004 0.9874
1305031458.1276 -1.3112 0.1350 -0.6009 -0.0324 0.1219 0.1003 0.9869
1305031458.1596 -1.3250 0.1265 -0.5934 -0.0315 0.1240 0.1027 0.9865
1305031458.1916 -1.3378 0.1341 -0.5873 -0.0293 0.1225 0.1077 0.9862
1305031458.2276 -1.3487 0.1290 -0.5736 -0.0370 0.1189 0.1088 0.9862
1305031458.2599 -1.3626 0.1017 -0.5514 -0.0439 0.1174 0.1047 0.9866
1305031458.2917 -1.3792 0.0984 -0.5460 -0.0348 0.1127 0.1058 0.9874
1305031458.3276 -1.3868 0.0979 -0.5323 -0.0324 0.1051 0.1081 0.9880
1305031458.3596 -1.3952 0.0834 -0.5112 -0.0274 0.1007 0.1090 0.9886
1305031458.3916 -1.4066 0.0885 -0.5006 -0.0133 0.0975 0.1134 0.9887
1305031458.4276 -1.4108 0.0900 -0.4854 -0.0052 0.0961 0.1223 0.9878
1305031458.4596 -1.4053 0.0812 -0.4675 0.0038 0.0977 0.1306 0.9866
1305031458.4917 -1.4082 0.0751 -0.4504 0.0232 0.1068 0.1304 0.9854
1305031458.5277 -1.4229 0.1027 -0.4349 0.0499 0.1180 0.1294 0.9833
1305031458.5596 -1.4316 0.1098 -0.4152 0.0589 0.1274 0.1273 0.9819
1305031458.5916 -1.4448 0.1110 -0.3967 0.0684 0.1345 0.1211 0.9811
1305031458.6277 -1.4578 0.1387 -0.3793 0.0760 0.1350 0.1174 0.9809
1305031458.6596 -1.4694 0.1388 -0.3595 0.0690 0.1315 0.1175 0.9819
1305031458.6917 -1.4731 0.1419 -0.3382 0.0637 0.1157 0.1111 0.9850
1305031458.7276 -1.4619 0.1338 -0.3154 0.0596 0.0975 0.1026 0.9881
1305031458.7599 -1.4741 0.1390 -0.3008 0.0666 0.0845 0.0919 0.9899
1305031458.7916 -1.4731 0.1501 -0.2900 0.0670 0.0670 0.0841 0.9919
1305031458.8276 -1.4668 0.1474 -0.2732 0.0598 0.0566 0.0817 0.9932
1305031458.8917 -1.4635 0.1441 -0.2501 0.0672 0.0519 0.0715 0.9938
1305031458.9276 -1.4741 0.1489 -0.2445 0.0657 0.0599 0.0779 0.9930
1305031458.9596 -1.4806 0.1408 -0.2360 0.0567 0.0658 0.0900 0.9921
1305031458.9916 -1.4899 0.1151 -0.2312 0.0536 0.0699 0.0943 0.9916
1305031459.0277 -1.5128 0.1093 -0.2262 0.0639 0.0700 0.0940 0.9910
1305031459.0596 -1.5366 0.0980 -0.2182 0.0704 0.0655 0.1038 0.9899
1305031459.1276 -1.5192 0.1183 -0.1982 0.0729 0.0624 0.1020 0.9901
1305031459.1596 -1.5288 0.1169 -0.1912 0.0813 0.0362 0.1050 0.9905
1305031459.1917 -1.5397 0.1168 -0.1870 0.0864 0.0176 0.1124 0.9897
1305031459.2276 -1.5454 0.1176 -0.1785 0.0879 0.0042 0.1246 0.9883
1305031459.2598 -1.5435 0.1267 -0.1603 0.0890 -0.0009 0.1347 0.9869
1305031459.3276 -1.5130 0.1453 -0.1666 0.0848 0.0024 0.1536 0.9845
1305031459.3597 -1.5249 0.1549 -0.1575 0.0894 0.0282 0.1735 0.9804
1305031459.3917 -1.5377 0.1825 -0.1452 0.0902 0.0559 0.1981 0.9744
1305031459.4276 -1.5385 0.1875 -0.1352 0.0769 0.0891 0.2325 0.9654
1305031459.4597 -1.5547 0.1852 -0.1390 0.0725 0.1259 0.2693 0.9520
1305031459.5276 -1.5300 0.2756 -0.0786 0.0938 0.1321 0.2610 0.9516
1305031459.5596 -1.5469 0.2679 -0.0888 0.0853 0.1477 0.2879 0.9423
1305031459.5917 -1.5642 0.2693 -0.0934 0.0819 0.1541 0.3069 0.9356
1305031459.6276 -1.5752 0.2671 -0.0924 0.0770 0.1557 0.3172 0.9323
1305031459.6596 -1.5880 0.2718 -0.0882 0.0785 0.1628 0.3174 0.9309
1305031459.6916 -1.6055 0.2690 -0.0866 0.0731 0.1753 0.3224 0.9273
1305031459.7276 -1.6209 0.2552 -0.0879 0.0658 0.1843 0.3257 0.9250
1305031459.7917 -1.6618 0.2315 -0.0871 0.0664 0.1969 0.3192 0.9246
1305031459.8277 -1.6803 0.2230 -0.0848 0.0659 0.1980 0.3166 0.9253
1305031459.8597 -1.6993 0.2145 -0.0805 0.0624 0.1980 0.3148 0.9262
1305031459.8916 -1.7107 0.2006 -0.0769 0.0561 0.1935 0.3179 0.9265
1305031459.9276 -1.7209 0.1875 -0.0731 0.0544 0.1903 0.3215 0.9260
1305031459.9917 -1.7454 0.1662 -0.0649 0.0489 0.1879 0.3289 0.9242
1305031460.0276 -1.7539 0.1529 -0.0602 0.0473 0.1879 0.3316 0.9233
1305031460.0597 -1.7669 0.1399 -0.0564 0.0474 0.1891 0.3335 0.9224
1305031460.0917 -1.7791 0.1240 -0.0531 0.0476 0.1852 0.3405 0.9206
1305031460.1277 -1.7858 0.1106 -0.0479 0.0515 0.1758 0.3503 0.9186
1305031460.1597 -1.7944 0.1030 -0.0432 0.0572 0.1678 0.3582 0.9166
1305031460.1916 -1.7986 0.0958 -0.0342 0.0566 0.1606 0.3652 0.9152
1305031460.2278 -1.7919 0.0866 -0.0235 0.0563 0.1585 0.3693 0.9140
1305031460.2917 -1.7969 0.0666 -0.0138 0.0587 0.1743 0.3694 0.9109
1305031460.3275 -1.8001 0.0543 -0.0115 0.0593 0.1826 0.3722 0.9081
1305031460.3916 -1.8037 0.0368 0.0011 0.0553 0.2021 0.3786 0.9015
1305031460.4275 -1.8061 0.0259 0.0060 0.0543 0.2129 0.3837 0.8969
1305031460.4596 -1.8076 0.0207 0.0113 0.0534 0.2259 0.3875 0.8922
1305031460.4915 -1.8139 0.0126 0.0122 0.0477 0.2401 0.3941 0.8859
1305031460.5276 -1.8146 -0.0010 0.0146 0.0394 0.2509 0.4045 0.8786
1305031460.5596 -1.8139 -0.0114 0.0191 0.0333 0.2603 0.4082 0.8743
1305031460.5919 -1.8188 -0.0231 0.0217 0.0294 0.2700 0.4093 0.8710
1305031460.6276 -1.8192 -0.0350 0.0254 0.0259 0.2781 0.4120 0.8673
1305031460.6598 -1.8249 -0.0475 0.0271 0.0237 0.2860 0.4119 0.8649
1305031460.6917 -1.8325 -0.0579 0.0313 0.0208 0.2909 0.4131 0.8627
1305031460.7277 -1.8335 -0.0670 0.0379 0.0157 0.2930 0.4130 0.8622
1305031460.7597 -1.8343 -0.0790 0.0438 0.0122 0.2981 0.4116 0.8611
1305031460.7917 -1.8410 -0.0901 0.0500 0.0095 0.3027 0.4108 0.8600
1305031460.8277 -1.8432 -0.0975 0.0577 0.0054 0.3041 0.4081 0.8608
1305031460.8597 -1.8438 -0.1050 0.0653 -0.0004 0.3078 0.4055 0.8607
1305031460.8918 -1.8452 -0.1179 0.0725 -0.0079 0.3128 0.4029 0.8601
1305031460.9276 -1.8476 -0.1305 0.0817 -0.0138 0.3155 0.4024 0.8593
1305031460.9917 -1.8380 -0.1562 0.0981 -0.0186 0.3195 0.4048 0.8565
1305031461.0276 -1.8373 -0.1677 0.1079 -0.0175 0.3223 0.4055 0.8552
1305031461.0917 -1.8392 -0.1814 0.1224 -0.0145 0.3209 0.4050 0.8560
1305031461.1276 -1.8314 -0.1924 0.1293 -0.0172 0.3202 0.4035 0.8569
1305031461.1597 -1.8276 -0.2042 0.1379 -0.0159 0.3219 0.4015 0.8573
1305031461.1920 -1.8267 -0.2069 0.1445 -0.0119 0.3221 0.3971 0.8593
1305031461.2276 -1.8256 -0.2135 0.1515 -0.0115 0.3237 0.3946 0.8599
1305031461.2596 -1.8214 -0.2207 0.1589 -0.0102 0.3239 0.3912 0.8614
1305031461.2917 -1.8191 -0.2226 0.1651 -0.0069 0.3240 0.3852 0.8641
1305031461.3278 -1.8141 -0.2232 0.1703 -0.0051 0.3253 0.3809 0.8655
1305031461.3597 -1.8170 -0.2209 0.1767 -0.0072 0.3295 0.3768 0.8657
1305031461.3917 -1.8078 -0.2305 0.1871 -0.0162 0.3298 0.3774 0.8652
1305031461.4276 -1.8020 -0.2348 0.1912 -0.0170 0.3303 0.3758 0.8657
1305031461.4598 -1.8018 -0.2307 0.1959 -0.0191 0.3308 0.3768 0.8650
1305031461.4917 -1.7861 -0.2430 0.1984 -0.0256 0.3295 0.3789 0.8644
1305031461.5277 -1.7860 -0.2401 0.1978 -0.0190 0.3310 0.3764 0.8651
1305031461.5597 -1.7777 -0.2349 0.1937 -0.0192 0.3308 0.3729 0.8667
1305031461.5917 -1.7753 -0.2329 0.1905 -0.0183 0.3384 0.3694 0.8653
1305031461.6275 -1.7724 -0.2284 0.1897 -0.0201 0.3442 0.3687 0.8632
1305031461.6596 -1.7691 -0.2255 0.1891 -0.0221 0.3493 0.3687 0.8612
1305031461.6916 -1.7691 -0.2199 0.1879 -0.0230 0.3528 0.3739 0.8574
1305031461.7276 -1.7601 -0.2152 0.1863 -0.0263 0.3526 0.3796 0.8549
1305031461.7597 -1.7585 -0.2077 0.1796 -0.0263 0.3541 0.3828 0.8529
1305031461.7916 -1.7538 -0.1989 0.1749 -0.0305 0.3557 0.3872 0.8501
1305031461.8276 -1.7487 -0.1909 0.1706 -0.0325 0.3599 0.3919 0.8461
1305031461.8598 -1.7516 -0.1775 0.1663 -0.0322 0.3648 0.3979 0.8411
1305031461.8917 -1.7548 -0.1670 0.1652 -0.0367 0.3680 0.4088 0.8343
1305031461.9278 -1.7495 -0.1580 0.1637 -0.0444 0.3663 0.4187 0.8298
1305031461.9597 -1.7425 -0.1434 0.1556 -0.0488 0.3684 0.4217 0.8271
1305031461.9916 -1.7546 -0.1320 0.1568 -0.0550 0.3792 0.4267 0.8192
1305031462.0277 -1.7569 -0.1320 0.1597 -0.0677 0.3809 0.4377 0.8116
1305031462.0598 -1.7589 -0.1264 0.1604 -0.0723 0.3773 0.4500 0.8062
1305031462.0918 -1.7583 -0.1158 0.1562 -0.0742 0.3705 0.4617 0.8025
1305031462.1277 -1.7596 -0.1062 0.1522 -0.0773 0.3669 0.4708 0.7986
1305031462.1596 -1.7611 -0.1002 0.1493 -0.0816 0.3648 0.4772 0.7954
1305031462.1916 -1.7658 -0.0893 0.1463 -0.0839 0.3636 0.4762 0.7962
1305031462.2276 -1.7722 -0.0807 0.1451 -0.0891 0.3644 0.4763 0.7953
1305031462.2598 -1.7779 -0.0749 0.1447 -0.0959 0.3634 0.4748 0.7958
1305031462.2916 -1.7842 -0.0668 0.1439 -0.1016 0.3604 0.4711 0.7987
1305031462.3597 -1.8003 -0.0468 0.1427 -0.1138 0.3569 0.4588 0.8057
1305031462.4599 -1.8289 -0.0189 0.1505 -0.1376 0.3409 0.4437 0.8173
1305031462.5919 -1.8360 0.0044 0.1324 -0.1666 0.3022 0.4190 0.8398
1305031462.6925 -1.8519 0.0165 0.1136 -0.1693 0.2942 0.3898 0.8560
1305031462.7598 -1.8606 0.0271 0.0970 -0.1714 0.2787 0.3699 0.8696
1305031462.8278 -1.8658 0.0334 0.0772 -0.1786 0.2676 0.3576 0.8767
1305031462.9276 -1.8620 0.0605 0.0460 -0.1810 0.2598 0.3428 0.8844
1305031462.9955 -1.8626 0.0777 0.0195 -0.1727 0.2545 0.3370 0.8898
1305031463.0277 -1.8611 0.0788 0.0017 -0.1681 0.2512 0.3309 0.8940
1305031463.0958 -1.8547 0.0901 -0.0257 -0.1636 0.2394 0.3137 0.9041
1305031463.1598 -1.8489 0.0948 -0.0552 -0.1572 0.2352 0.2963 0.9123
1305031463.2600 -1.8305 0.1180 -0.0914 -0.1492 0.2286 0.2803 0.9203
1305031463.3598 -1.8065 0.1280 -0.1262 -0.1441 0.2177 0.2709 0.9265
1305031463.4598 -1.7725 0.1399 -0.1547 -0.1429 0.2071 0.2659 0.9306
1305031463.5277 -1.7406 0.1567 -0.1708 -0.1412 0.2102 0.2618 0.9313
1305031463.6276 -1.7058 0.1792 -0.1886 -0.1329 0.2132 0.2555 0.9336
1305031463.6956 -1.6865 0.1933 -0.2118 -0.1165 0.2168 0.2474 0.9371
1305031463.7597 -1.6369 0.1773 -0.2428 -0.1191 0.2109 0.2409 0.9398
1305031463.8278 -1.6061 0.1764 -0.2725 -0.1117 0.2108 0.2204 0.9458
1305031463.8599 -1.5871 0.1657 -0.2877 -0.1116 0.2106 0.2106 0.9481
1305031463.8956 -1.5751 0.1640 -0.3032 -0.1062 0.2115 0.2017 0.9504
1305031463.9597 -1.5464 0.1491 -0.3296 -0.1044 0.2039 0.1907 0.9545
1305031463.9958 -1.5322 0.1412 -0.3460 -0.1005 0.1994 0.1846 0.9571
1305031464.0277 -1.5214 0.1365 -0.3627 -0.0983 0.1956 0.1767 0.9596
1305031464.0597 -1.5045 0.1252 -0.3753 -0.0988 0.1930 0.1680 0.9617
1305031464.0956 -1.4962 0.1179 -0.3899 -0.0941 0.1940 0.1588 0.9635
1305031464.1277 -1.4948 0.1132 -0.4010 -0.0898 0.1947 0.1531 0.9647
1305031464.1598 -1.4884 0.1009 -0.4094 -0.0858 0.1910 0.1515 0.9660
1305031464.1956 -1.4832 0.0907 -0.4206 -0.0762 0.1840 0.1483 0.9687
1305031464.2276 -1.4829 0.0906 -0.4336 -0.0643 0.1745 0.1450 0.9718
1305031464.2596 -1.4796 0.0897 -0.4482 -0.0574 0.1596 0.1444 0.9749
1305031464.2957 -1.4687 0.0887 -0.4599 -0.0540 0.1411 0.1403 0.9785
1305031464.3279 -1.4522 0.0866 -0.4715 -0.0516 0.1253 0.1348 0.9816
1305031464.3597 -1.4379 0.0795 -0.4815 -0.0480 0.1149 0.1298 0.9837
1305031464.3956 -1.4196 0.0819 -0.4947 -0.0415 0.1071 0.1218 0.9859
1305031464.4276 -1.4078 0.0816 -0.5065 -0.0388 0.1058 0.1118 0.9873
1305031464.4597 -1.3994 0.0724 -0.5192 -0.0372 0.1037 0.1034 0.9885
1305031464.4956 -1.3817 0.0715 -0.5321 -0.0341 0.0997 0.0971 0.9897
1305031464.5276 -1.3727 0.0693 -0.5475 -0.0321 0.0998 0.0890 0.9905
1305031464.5597 -1.3559 0.0627 -0.5608 -0.0344 0.0962 0.0772 0.9918
1305031464.5957 -1.3309 0.0401 -0.5754 -0.0345 0.0977 0.0668 0.9924
1305031464.6277 -1.3152 0.0322 -0.5909 -0.0242 0.1076 0.0579 0.9922
1305031464.6597 -1.3030 0.0256 -0.6016 -0.0140 0.1182 0.0446 0.9919
1305031464.6957 -1.2939 0.0021 -0.6092 -0.0038 0.1280 0.0279 0.9914
1305031464.7277 -1.2939 -0.0010 -0.6157 0.0153 0.1341 0.0117 0.9908
1305031464.7597 -1.2869 0.0037 -0.6252 0.0291 0.1314 -0.0061 0.9909
1305031464.7960 -1.2878 -0.0072 -0.6224 0.0351 0.1267 -0.0238 0.9910
1305031464.8278 -1.2886 -0.0090 -0.6188 0.0461 0.1143 -0.0372 0.9917
1305031464.8597 -1.2751 0.0009 -0.6224 0.0542 0.0950 -0.0515 0.9927
1305031464.8958 -1.2568 0.0012 -0.6219 0.0526 0.0762 -0.0710 0.9932
1305031464.9278 -1.2401 -0.0234 -0.6150 0.0463 0.0620 -0.0926 0.9927
1305031464.9598 -1.2236 -0.0411 -0.6058 0.0478 0.0543 -0.1103 0.9913
1305031464.9957 -1.2043 -0.0426 -0.5989 0.0548 0.0499 -0.1280 0.9890
1305031465.0278 -1.1976 -0.0424 -0.5827 0.0596 0.0493 -0.1493 0.9858
1305031465.0597 -1.1982 -0.0206 -0.5633 0.0695 0.0449 -0.1677 0.9824
1305031465.0957 -1.1754 0.0256 -0.5495 0.0727 0.0318 -0.1805 0.9804
1305031465.1277 -1.1582 0.0356 -0.5303 0.0559 0.0193 -0.1954 0.9789
1305031465.1598 -1.1499 0.0363 -0.5075 0.0376 0.0096 -0.2056 0.9779
1305031465.1956 -1.1368 0.0385 -0.4861 0.0243 -0.0003 -0.2136 0.9766
1305031465.2279 -1.1209 0.0530 -0.4671 0.0140 -0.0081 -0.2193 0.9755
1305031465.2598 -1.1146 0.0540 -0.4448 0.0004 -0.0143 -0.2216 0.9750
1305031465.3277 -1.0892 0.0811 -0.4123 -0.0116 -0.0325 -0.2007 0.9790
1305031465.3956 -1.0578 0.0811 -0.3913 -0.0217 -0.0641 -0.1780 0.9817
1305031465.4277 -1.0292 0.0843 -0.3863 -0.0213 -0.0794 -0.1661 0.9827
1305031465.4601 -1.0045 0.0956 -0.3846 -0.0192 -0.0909 -0.1519 0.9840
1305031465.4957 -0.9782 0.1097 -0.3824 -0.0209 -0.1017 -0.1417 0.9845
1305031465.5276 -0.9600 0.1031 -0.3777 -0.0268 -0.1107 -0.1381 0.9838
1305031465.5598 -0.9349 0.1076 -0.3778 -0.0223 -0.1203 -0.1313 0.9838
1305031465.5956 -0.9062 0.1181 -0.3791 -0.0173 -0.1265 -0.1216 0.9843
1305031465.6277 -0.8884 0.1295 -0.3835 -0.0134 -0.1298 -0.1120 0.9851
1305031465.6601 -0.8669 0.1387 -0.3863 -0.0106 -0.1395 -0.1029 0.9848
1305031465.6957 -0.8338 0.1474 -0.3842 -0.0060 -0.1498 -0.0948 0.9841
1305031465.7277 -0.8093 0.1588 -0.3865 0.0002 -0.1538 -0.0848 0.9845
1305031465.7598 -0.7829 0.1747 -0.3884 0.0069 -0.1595 -0.0751 0.9843
1305031465.7959 -0.7557 0.1866 -0.3870 0.0114 -0.1639 -0.0681 0.9841
1305031465.8280 -0.7310 0.1939 -0.3870 0.0182 -0.1682 -0.0614 0.9837
1305031465.8599 -0.7012 0.2161 -0.3888 0.0299 -0.1717 -0.0554 0.9831
1305031465.8955 -0.6712 0.2345 -0.3843 0.0340 -0.1693 -0.0524 0.9836
1305031465.9275 -0.6479 0.2419 -0.3824 0.0391 -0.1631 -0.0513 0.9845
1305031465.9597 -0.6246 0.2589 -0.3854 0.0511 -0.1562 -0.0518 0.9850
1305031465.9958 -0.6086 0.2787 -0.3910 0.0600 -0.1492 -0.0552 0.9854
1305031466.0276 -0.5896 0.2988 -0.3943 0.0670 -0.1473 -0.0564 0.9852
1305031466.0598 -0.5720 0.3216 -0.3981 0.0671 -0.1448 -0.0555 0.9856
1305031466.0958 -0.5575 0.3355 -0.4048 0.0620 -0.1450 -0.0559 0.9859
1305031466.1276 -0.5406 0.3493 -0.4102 0.0561 -0.1488 -0.0566 0.9856
1305031466.1604 -0.5260 0.3621 -0.4204 0.0504 -0.1525 -0.0553 0.9855
1305031466.1958 -0.5114 0.3779 -0.4300 0.0431 -0.1594 -0.0552 0.9847
1305031466.2280 -0.4915 0.3831 -0.4355 0.0312 -0.1683 -0.0607 0.9834
1305031466.2598 -0.4662 0.3776 -0.4390 0.0263 -0.1733 -0.0682 0.9821
1305031466.2957 -0.4423 0.3852 -0.4466 0.0309 -0.1702 -0.0795 0.9817
1305031466.3277 -0.4244 0.3936 -0.4611 0.0334 -0.1600 -0.0890 0.9825
1305031466.3598 -0.4095 0.3976 -0.4725 0.0292 -0.1506 -0.0957 0.9835
1305031466.3958 -0.3973 0.3867 -0.4824 0.0262 -0.1470 -0.1002 0.9837
1305031466.4278 -0.3830 0.3953 -0.4970 0.0335 -0.1485 -0.1039 0.9829
1305031466.4598 -0.3629 0.4046 -0.5053 0.0341 -0.1539 -0.1077 0.9816
1305031466.4958 -0.3394 0.4075 -0.5076 0.0298 -0.1587 -0.1086 0.9809
1305031466.5275 -0.3146 0.4050 -0.5068 0.0268 -0.1587 -0.1090 0.9809
1305031466.5604 -0.2948 0.4136 -0.5138 0.0266 -0.1544 -0.1109 0.9814
1305031466.5959 -0.2732 0.4203 -0.5152 0.0196 -0.1538 -0.1144 0.9813
1305031466.6275 -0.2513 0.4070 -0.5058 0.0111 -0.1536 -0.1196 0.9808
1305031466.6597 -0.2309 0.4066 -0.5106 0.0178 -0.1511 -0.1244 0.9805
1305031466.6958 -0.2104 0.4188 -0.5174 0.0211 -0.1516 -0.1310 0.9795
1305031466.7281 -0.1893 0.4185 -0.5116 0.0155 -0.1547 -0.1408 0.9778
1305031466.7596 -0.1716 0.4107 -0.5039 0.0175 -0.1558 -0.1490 0.9763
1305031466.7956 -0.1523 0.4169 -0.5134 0.0251 -0.1570 -0.1534 0.9753
1305031466.8279 -0.1332 0.4206 -0.5155 0.0227 -0.1613 -0.1561 0.9742
1305031466.8597 -0.1231 0.4158 -0.5115 0.0195 -0.1663 -0.1564 0.9734
1305031466.8957 -0.1071 0.4180 -0.5145 0.0226 -0.1778 -0.1565 0.9713
1305031466.9278 -0.0895 0.4170 -0.5154 0.0219 -0.1921 -0.1581 0.9683
1305031466.9597 -0.0723 0.4133 -0.5118 0.0214 -0.2023 -0.1596 0.9660
1305031466.9957 -0.0542 0.4109 -0.5125 0.0220 -0.2075 -0.1621 0.9645
1305031467.0278 -0.0387 0.4087 -0.5137 0.0223 -0.2115 -0.1659 0.9629
1305031467.0597 -0.0197 0.4070 -0.5139 0.0226 -0.2147 -0.1687 0.9617
1305031467.0957 -0.0034 0.4061 -0.5144 0.0213 -0.2159 -0.1742 0.9605
1305031467.1290 0.0077 0.4047 -0.5110 0.0231 -0.2187 -0.1845 0.9579
1305031467.1597 0.0211 0.4029 -0.5117 0.0256 -0.2218 -0.1917 0.9557
1305031467.1957 0.0336 0.4015 -0.5141 0.0266 -0.2261 -0.1957 0.9539
1305031467.2277 0.0466 0.3998 -0.5140 0.0274 -0.2327 -0.2008 0.9512
1305031467.2597 0.0590 0.3980 -0.5129 0.0293 -0.2380 -0.2055 0.9488
1305031467.2958 0.0726 0.3973 -0.5150 0.0319 -0.2431 -0.2114 0.9461
1305031467.3280 0.0882 0.3957 -0.5183 0.0330 -0.2489 -0.2156 0.9437
1305031467.3597 0.1047 0.3964 -0.5209 0.0295 -0.2553 -0.2164 0.9419
1305031467.3958 0.1179 0.3959 -0.5222 0.0247 -0.2613 -0.2219 0.9391
1305031467.4278 0.1294 0.3939 -0.5198 0.0235 -0.2668 -0.2260 0.9366
1305031467.4597 0.1448 0.3920 -0.5244 0.0228 -0.2732 -0.2271 0.9345
1305031467.4961 0.1622 0.3921 -0.5278 0.0185 -0.2794 -0.2318 0.9316
1305031467.5277 0.1756 0.3910 -0.5232 0.0154 -0.2822 -0.2392 0.9289
1305031467.5598 0.1866 0.3870 -0.5190 0.0159 -0.2834 -0.2412 0.9280
1305031467.5960 0.1987 0.3829 -0.5201 0.0150 -0.2848 -0.2398 0.9280
1305031467.6275 0.2037 0.3758 -0.5110 0.0155 -0.2897 -0.2378 0.9270
1305031467.6596 0.2133 0.3679 -0.5065 0.0201 -0.2956 -0.2336 0.9261
1305031467.6959 0.2249 0.3621 -0.5061 0.0233 -0.2990 -0.2356 0.9244
1305031467.7275 0.2272 0.3554 -0.4909 0.0279 -0.3013 -0.2401 0.9224
1305031467.7599 0.2322 0.3460 -0.4822 0.0335 -0.3040 -0.2416 0.9209
1305031467.7961 0.2368 0.3389 -0.4764 0.0377 -0.3063 -0.2441 0.9193
1305031467.8278 0.2318 0.3286 -0.4561 0.0417 -0.3091 -0.2444 0.9181
1305031467.8597 0.2318 0.3203 -0.4452 0.0480 -0.3134 -0.2406 0.9174
1305031467.8959 0.2346 0.3150 -0.4363 0.0526 -0.3204 -0.2390 0.9151
1305031467.9278 0.2340 0.3072 -0.4163 0.0558 -0.3284 -0.2410 0.9116
1305031467.9598 0.2319 0.2976 -0.3977 0.0622 -0.3339 -0.2412 0.9091
1305031467.9958 0.2368 0.2979 -0.3833 0.0679 -0.3363 -0.2427 0.9074
1305031468.0281 0.2288 0.2868 -0.3596 0.0668 -0.3364 -0.2467 0.9064
1305031468.0598 0.2218 0.2756 -0.3426 0.0722 -0.3382 -0.2490 0.9046
1305031468.0959 0.2234 0.2724 -0.3288 0.0760 -0.3412 -0.2502 0.9029
1305031468.1278 0.2181 0.2602 -0.3066 0.0748 -0.3433 -0.2516 0.9018
1305031468.1599 0.2149 0.2497 -0.2899 0.0776 -0.3448 -0.2547 0.9001
1305031468.1960 0.2135 0.2404 -0.2709 0.0788 -0.3454 -0.2581 0.8988
1305031468.2282 0.2090 0.2255 -0.2528 0.0775 -0.3443 -0.2586 0.8992
1305031468.2598 0.2073 0.2104 -0.2358 0.0774 -0.3430 -0.2576 0.9000
1305031468.2958 0.2029 0.1972 -0.2199 0.0776 -0.3402 -0.2582 0.9009
1305031468.3278 0.1970 0.1762 -0.2049 0.0785 -0.3381 -0.2569 0.9020
1305031468.3598 0.1972 0.1665 -0.1953 0.0827 -0.3354 -0.2519 0.9040
1305031468.4598 0.1922 0.1132 -0.1714 0.0732 -0.3340 -0.2506 0.9057
1305031468.5278 0.1824 0.0730 -0.1601 0.0697 -0.3298 -0.2572 0.9057
1305031468.5597 0.1751 0.0552 -0.1580 0.0764 -0.3299 -0.2645 0.9030
1305031468.6596 0.1488 0.0081 -0.1556 0.0700 -0.3328 -0.2733 0.8998
1305031468.6958 0.1392 -0.0084 -0.1546 0.0736 -0.3390 -0.2760 0.8964
1305031468.7278 0.1336 -0.0204 -0.1519 0.0772 -0.3456 -0.2760 0.8936
1305031468.7596 0.1265 -0.0331 -0.1479 0.0779 -0.3503 -0.2761 0.8916
1305031468.7958 0.1150 -0.0533 -0.1443 0.0806 -0.3529 -0.2805 0.8890
1305031468.8292 0.1073 -0.0628 -0.1433 0.0897 -0.3551 -0.2850 0.8858
1305031468.9281 0.0957 -0.0865 -0.1279 0.0878 -0.3461 -0.2877 0.8887
1305031468.9957 0.0896 -0.0745 -0.1269 0.0739 -0.3340 -0.2899 0.8938
1305031469.0598 0.0672 -0.0935 -0.1176 0.0422 -0.3251 -0.3074 0.8933
1305031469.1597 0.0564 -0.1148 -0.0817 0.0130 -0.3087 -0.3381 0.8890
1305031469.2278 0.0334 -0.1226 -0.0683 0.0023 -0.2899 -0.3483 0.8914
1305031469.2968 0.0214 -0.1240 -0.0463 -0.0058 -0.2818 -0.3556 0.8911
1305031469.3276 0.0154 -0.1191 -0.0368 -0.0096 -0.2776 -0.3578 0.8915
1305031469.3596 0.0158 -0.1241 -0.0177 -0.0163 -0.2748 -0.3629 0.8903
1305031469.3957 0.0103 -0.1281 -0.0034 -0.0174 -0.2642 -0.3688 0.8910
1305031469.4277 0.0066 -0.1191 0.0064 -0.0131 -0.2521 -0.3744 0.8923
1305031469.4597 0.0009 -0.1098 0.0178 -0.0106 -0.2419 -0.3810 0.8923
1305031469.4957 -0.0116 -0.0959 0.0270 -0.0086 -0.2337 -0.3847 0.8929
1305031469.5276 -0.0135 -0.0845 0.0378 -0.0106 -0.2337 -0.3847 0.8929
1305031469.5596 -0.0143 -0.0764 0.0514 -0.0165 -0.2344 -0.3854 0.8923
1305031469.6596 -0.0251 -0.0512 0.0922 -0.0398 -0.2270 -0.3870 0.8928
1305031469.7596 -0.0356 -0.0138 0.1239 -0.0532 -0.2125 -0.3833 0.8973
1305031469.9279 -0.0696 0.0699 0.1646 -0.0798 -0.2106 -0.3722 0.9004
1305031470.1276 -0.1192 0.1699 0.1703 -0.0951 -0.2136 -0.3638 0.9017
1305031470.2957 -0.1656 0.2451 0.1519 -0.1166 -0.2095 -0.3517 0.9049
1305031470.4597 -0.2187 0.3169 0.1294 -0.1314 -0.2091 -0.3424 0.9065
1305031470.6597 -0.2771 0.3687 0.1022 -0.1404 -0.2060 -0.3308 0.9102
1305031470.6956 -0.2865 0.3778 0.0996 -0.1428 -0.2057 -0.3275 0.9110
1305031470.7277 -0.2973 0.3851 0.0988 -0.1430 -0.2053 -0.3258 0.9117
1305031470.7597 -0.3044 0.3870 0.0943 -0.1461 -0.2017 -0.3232 0.9130
1305031470.7956 -0.3125 0.3958 0.0935 -0.1462 -0.1967 -0.3190 0.9155
1305031470.8278 -0.3213 0.4015 0.0918 -0.1427 -0.1971 -0.3148 0.9174
1305031470.8596 -0.3298 0.4051 0.0881 -0.1389 -0.1978 -0.3100 0.9195
1305031470.8957 -0.3385 0.4088 0.0830 -0.1360 -0.1985 -0.3047 0.9216
1305031470.9277 -0.3480 0.4122 0.0808 -0.1325 -0.2018 -0.3006 0.9227
1305031470.9596 -0.3579 0.4121 0.0771 -0.1253 -0.2060 -0.2976 0.9237
1305031470.9960 -0.3631 0.4139 0.0729 -0.1172 -0.2089 -0.2937 0.9254
1305031471.0276 -0.3715 0.4127 0.0696 -0.1100 -0.2087 -0.2912 0.9271
1305031471.0596 -0.3807 0.4125 0.0641 -0.1017 -0.2062 -0.2860 0.9302
1305031471.0958 -0.3880 0.4151 0.0580 -0.0937 -0.2055 -0.2785 0.9335
1305031471.1277 -0.3953 0.4144 0.0542 -0.0896 -0.2067 -0.2716 0.9357
1305031471.1596 -0.3988 0.4142 0.0496 -0.0850 -0.2081 -0.2644 0.9379
1305031471.1957 -0.4030 0.4154 0.0457 -0.0827 -0.2062 -0.2582 0.9402
1305031471.2276 -0.4095 0.4163 0.0423 -0.0832 -0.2027 -0.2532 0.9423
1305031471.2597 -0.4162 0.4156 0.0411 -0.0848 -0.2010 -0.2498 0.9434
1305031471.2961 -0.4222 0.4143 0.0400 -0.0846 -0.1993 -0.2458 0.9448
1305031471.3276 -0.4240 0.4145 0.0375 -0.0804 -0.1969 -0.2421 0.9466
1305031471.3596 -0.4262 0.4159 0.0347 -0.0786 -0.1900 -0.2396 0.9489
1305031471.3957 -0.4360 0.4124 0.0319 -0.0801 -0.1809 -0.2355 0.9515
1305031471.4277 -0.4424 0.4142 0.0258 -0.0762 -0.1772 -0.2283 0.9543
1305031471.4965 -0.4497 0.4154 0.0190 -0.0777 -0.1764 -0.2191 0.9565
1305031471.5276 -0.4532 0.4155 0.0158 -0.0786 -0.1756 -0.2145 0.9576
1305031471.5597 -0.4547 0.4166 0.0130 -0.0783 -0.1743 -0.2126 0.9583
1305031471.5957 -0.4571 0.4165 0.0101 -0.0784 -0.1697 -0.2105 0.9596
1305031471.6276 -0.4591 0.4166 0.0072 -0.0777 -0.1651 -0.2092 0.9607
1305031471.6596 -0.4608 0.4166 0.0041 -0.0760 -0.1604 -0.2056 0.9624
1305031471.7958 -0.4639 0.4186 -0.0112 -0.0770 -0.1406 -0.1831 0.9699
1305031471.9956 -0.4755 0.4350 -0.0220 -0.0931 -0.1039 -0.1575 0.9776
1305031472.4956 -0.4048 0.3462 0.0589 -0.1897 -0.1713 -0.0538 0.9653
1305031472.6958 -0.4011 0.3259 0.0679 -0.1834 -0.1736 -0.0428 0.9666
1305031472.8636 -0.3987 0.3158 0.0759 -0.1727 -0.1731 -0.0426 0.9687
