1341847980.7547 0.0000 0.0000 0.0000 0.0000 0.0000 0.0000 1.0000
1341847982.5308 -0.1783 0.0087 -0.0441 0.0085 0.0224 0.0107 0.9997
1341847983.3709 -0.3809 -0.0107 -0.0367 -0.0088 0.0514 0.0243 0.9983
1341847983.8707 -0.5525 -0.0127 -0.0727 0.0078 0.0638 0.0328 0.9974
1341847984.2748 -0.7005 0.0164 -0.0695 -0.0101 0.0729 0.0293 0.9969
1341847984.8788 -0.8738 -0.0253 0.1032 -0.0082 0.0769 0.0403 0.9962
1341847985.4146 -0.9479 -0.1077 0.2729 -0.0163 0.1060 0.0560 0.9927
1341847985.7470 -0.9988 -0.1552 0.3864 -0.0019 0.1274 0.0714 0.9893
1341847986.0826 -1.0528 -0.2070 0.4771 0.0123 0.1516 0.0916 0.9841
1341847986.3592 -1.0756 -0.2564 0.5591 0.0167 0.1775 0.1002 0.9789
1341847986.6619 -1.0959 -0.3055 0.6694 0.0165 0.2031 0.1115 0.9727
1341847987.0912 -1.1232 -0.3686 0.8155 -0.0017 0.2206 0.1468 0.9642
1341847987.3907 -1.1472 -0.4054 0.9132 -0.0061 0.2647 0.1401 0.9541
1341847987.8978 -1.2277 -0.4013 1.0641 0.0209 0.3009 0.1745 0.9373
1341847988.5697 -1.3090 -0.4176 1.2128 0.0332 0.3148 0.1822 0.9309
1341847989.0667 -1.4031 -0.4510 1.2556 0.0119 0.3362 0.1983 0.9206
1341847989.4028 -1.5023 -0.5005 1.2715 0.0155 0.3301 0.1793 0.9266
1341847989.8388 -1.6117 -0.5414 1.2775 0.0077 0.3479 0.1716 0.9217
1341847990.1392 -1.7171 -0.5633 1.2796 0.0141 0.3561 0.1753 0.9178
1341847990.4746 -1.8285 -0.5819 1.2875 0.0172 0.3498 0.1816 0.9189
1341847990.9427 -1.9390 -0.6051 1.3127 0.0128 0.3655 0.2050 0.9079
1341847991.4147 -2.0366 -0.6501 1.3792 0.0207 0.3848 0.2295 0.8938
1341847991.7468 -2.0852 -0.6858 1.4171 0.0196 0.4139 0.2558 0.8734
1341847992.1148 -2.1314 -0.7388 1.4633 0.0130 0.4459 0.2581 0.8570
1341847992.4189 -2.1974 -0.7767 1.5162 0.0172 0.4688 0.2690 0.8411
1341847992.6868 -2.2721 -0.8148 1.5674 0.0166 0.4825 0.2819 0.8291
1341847992.9546 -2.3265 -0.8450 1.6157 0.0117 0.4925 0.2858 0.8220
1341847993.1908 -2.3542 -0.8708 1.6655 0.0062 0.5037 0.2885 0.8143
1341847993.4227 -2.3805 -0.9060 1.7211 0.0140 0.5178 0.2962 0.8025
1341847993.6589 -2.4128 -0.9376 1.7861 0.0137 0.5238 0.3139 0.7918
1341847993.9658 -2.4253 -0.9896 1.8622 -0.0035 0.5352 0.3154 0.7836
1341847994.2336 -2.4369 -1.0354 1.9123 0.0070 0.5537 0.3189 0.7692
1341847994.4697 -2.4764 -1.0844 1.9654 0.0205 0.5680 0.3222 0.7571
1341847994.6017 -2.5036 -1.1081 2.0019 0.0236 0.5731 0.3286 0.7503
1341847994.7698 -2.5212 -1.1372 2.0490 0.0195 0.5808 0.3348 0.7417
1341847994.8668 -2.5414 -1.1465 2.0805 0.0127 0.5853 0.3431 0.7345
1341847995.0987 -2.5538 -1.1743 2.1299 0.0107 0.5998 0.3531 0.7180
1341847995.2988 -2.5627 -1.2028 2.1702 0.0164 0.6146 0.3581 0.7027
1341847995.5348 -2.5744 -1.2356 2.2253 0.0177 0.6228 0.3616 0.6936
1341847995.8028 -2.5657 -1.2592 2.2831 0.0159 0.6219 0.3830 0.6829
1341847996.1067 -2.5689 -1.2851 2.3188 0.0147 0.6366 0.3831 0.6691
1341847996.3389 -2.5799 -1.3012 2.3420 0.0171 0.6508 0.3846 0.6544
1341847996.5748 -2.5962 -1.3237 2.3763 0.0208 0.6620 0.3912 0.6390
1341847996.8068 -2.6097 -1.3382 2.4273 0.0077 0.6729 0.4002 0.6221
1341847997.1430 -2.6416 -1.3936 2.5194 0.0174 0.6789 0.4039 0.6129
1341847997.5787 -2.6443 -1.4645 2.6209 0.0131 0.6970 0.3970 0.5970
1341847997.8826 -2.6148 -1.5289 2.7065 0.0213 0.7132 0.3925 0.5803
1341847998.3188 -2.5579 -1.6102 2.8273 0.0251 0.7090 0.4031 0.5782
1341847998.6869 -2.5253 -1.6675 2.9495 0.0031 0.7032 0.3982 0.5890
1341847999.0188 -2.5165 -1.7170 3.0713 0.0023 0.7026 0.4106 0.5812
1341847999.4549 -2.4815 -1.7672 3.1601 0.0158 0.7224 0.4208 0.5485
1341847999.7227 -2.4386 -1.7907 3.2081 0.0271 0.7443 0.4321 0.5085
1341847999.9908 -2.3729 -1.7967 3.2402 0.0343 0.7558 0.4559 0.4688
1341848000.2271 -2.3166 -1.7930 3.2557 0.0228 0.7604 0.4783 0.4387
1341848000.6954 -2.2030 -1.7821 3.2741 0.0197 0.7738 0.4911 0.3997
1341848001.0307 -2.1079 -1.8010 3.2958 0.0338 0.7872 0.4938 0.3679
1341848001.3993 -1.9998 -1.7930 3.3173 0.0209 0.8028 0.4934 0.3341
1341848001.6347 -1.9432 -1.7710 3.3110 0.0111 0.8189 0.4952 0.2900
1341848001.9027 -1.8724 -1.7639 3.2975 0.0100 0.8315 0.4960 0.2499
1341848002.2387 -1.7801 -1.7469 3.2746 0.0204 0.8365 0.5063 0.2088
1341848002.6394 -1.6867 -1.6987 3.2634 0.0029 0.8356 0.5216 0.1726
1341848003.2429 -1.5333 -1.6589 3.2813 -0.0083 0.8364 0.5161 0.1846
1341848003.5469 -1.4617 -1.6350 3.2888 -0.0191 0.8321 0.5051 0.2282
1341848003.8179 -1.4134 -1.6094 3.2795 -0.0154 0.8235 0.4926 0.2809
1341848004.1217 -1.3401 -1.5687 3.2482 -0.0153 0.8133 0.4897 0.3140
1341848004.3898 -1.2696 -1.5338 3.2341 -0.0215 0.7989 0.4862 0.3535
1341848004.6258 -1.2149 -1.5039 3.2334 -0.0335 0.7801 0.4893 0.3885
1341848004.9578 -1.1684 -1.4765 3.2432 -0.0423 0.7586 0.4954 0.4212
1341848005.4257 -1.1315 -1.4668 3.2717 -0.0436 0.7398 0.4823 0.4672
1341848005.8299 -1.0925 -1.4769 3.2931 -0.0421 0.7219 0.4699 0.5063
1341848006.1337 -1.0660 -1.4924 3.3106 -0.0334 0.7137 0.4504 0.5354
1341848006.4337 -1.0418 -1.5027 3.3354 -0.0146 0.7047 0.4340 0.5611
1341848006.9018 -0.9996 -1.5453 3.3859 -0.0034 0.7028 0.4324 0.5649
1341848007.2057 -0.9889 -1.5906 3.4321 0.0051 0.7193 0.4429 0.5351
1341848007.5667 -0.9769 -1.6580 3.4982 0.0129 0.7296 0.4484 0.5161
1341848007.9028 -0.9456 -1.7032 3.5450 0.0149 0.7463 0.4677 0.4733
1341848008.1388 -0.9131 -1.7414 3.5799 0.0202 0.7551 0.4844 0.4412
1341848008.5707 -0.8436 -1.7997 3.6486 0.0267 0.7659 0.5123 0.3875
1341848009.1427 -0.7650 -1.8580 3.7095 0.0195 0.7848 0.5230 0.3320
1341848009.4429 -0.7194 -1.8674 3.7440 0.0179 0.7928 0.5437 0.2748
1341848010.1468 -0.5549 -1.8405 3.7630 0.0105 0.7966 0.5440 0.2635
1341848010.5506 -0.4693 -1.7930 3.6728 0.0139 0.7930 0.5621 0.2344
1341848010.8867 -0.4378 -1.7680 3.6269 0.0144 0.8012 0.5629 0.2022
1341848011.4227 -0.4002 -1.7397 3.5950 0.0132 0.8112 0.5641 0.1537
1341848011.8907 -0.3799 -1.6966 3.5628 0.0146 0.8114 0.5756 0.1005
1341848012.3588 -0.3634 -1.6217 3.4857 -0.0056 0.8024 0.5878 0.1034
1341848012.7627 -0.3239 -1.5597 3.4149 -0.0380 0.7922 0.5926 0.1405
1341848013.1308 -0.2994 -1.5189 3.4003 -0.0623 0.7907 0.5706 0.2130
1341848013.4670 -0.2749 -1.5038 3.4145 -0.0615 0.7674 0.5725 0.2819
1341848013.7668 -0.2412 -1.4981 3.4381 -0.0735 0.7601 0.5425 0.3499
1341848014.1027 -0.2041 -1.4902 3.4582 -0.0822 0.7419 0.5212 0.4138
1341848014.3706 -0.1431 -1.4872 3.4910 -0.0941 0.7198 0.5022 0.4698
1341848014.5708 -0.0990 -1.4923 3.5147 -0.0986 0.7016 0.4724 0.5242
1341848014.7747 -0.0576 -1.5069 3.5436 -0.0880 0.6894 0.4498 0.5610
1341848014.9747 -0.0264 -1.5080 3.5594 -0.0684 0.6668 0.4421 0.5960
1341848015.2748 0.0139 -1.4884 3.5748 -0.0982 0.6254 0.4347 0.6405
1341848015.4750 0.0343 -1.4801 3.5766 -0.0897 0.5862 0.4225 0.6854
1341848015.6858 0.0492 -1.4806 3.5836 -0.0927 0.5471 0.3960 0.7316
1341848015.8179 0.0554 -1.4866 3.5870 -0.0857 0.5275 0.3761 0.7569
1341848015.9540 0.0575 -1.4927 3.5901 -0.0829 0.5144 0.3518 0.7777
1341848016.0539 0.0571 -1.4968 3.5919 -0.0759 0.5053 0.3377 0.7905
1341848016.1858 0.0509 -1.4981 3.5907 -0.0756 0.4979 0.3238 0.8009
1341848016.2217 0.0498 -1.4981 3.5897 -0.0763 0.4962 0.3235 0.8021
1341848016.2537 0.0510 -1.4987 3.5911 -0.0765 0.4956 0.3230 0.8026
1341848016.2900 0.0477 -1.4994 3.5889 -0.0767 0.4961 0.3214 0.8030
1341848016.3898 0.0438 -1.5020 3.5901 -0.0722 0.5010 0.3309 0.7964
1341848016.4901 0.0408 -1.5065 3.5923 -0.0635 0.5040 0.3395 0.7917
1341848016.5898 0.0312 -1.5112 3.5968 -0.0524 0.5089 0.3408 0.7888
1341848016.6899 0.0202 -1.5191 3.6028 -0.0422 0.5073 0.3483 0.7871
1341848016.8508 0.0020 -1.5337 3.6200 -0.0393 0.5084 0.3463 0.7875
1341848017.0187 -0.0258 -1.5486 3.6382 -0.0396 0.5104 0.3491 0.7849
1341848017.1869 -0.0536 -1.5611 3.6372 -0.0366 0.5162 0.3557 0.7783
1341848017.3547 -0.0875 -1.5809 3.6364 -0.0187 0.5351 0.3579 0.7650
1341848017.5548 -0.1308 -1.5950 3.6240 -0.0047 0.5487 0.3663 0.7515
1341848017.8228 -0.1683 -1.6173 3.6245 0.0169 0.5709 0.3698 0.7328
1341848018.2267 -0.2063 -1.6411 3.6466 0.0158 0.5938 0.3828 0.7075
1341848018.5345 -0.2313 -1.6766 3.6883 0.0242 0.6116 0.4076 0.6777
1341848018.7339 -0.2483 -1.7075 3.7327 0.0212 0.6260 0.4189 0.6575
1341848019.0023 -0.2727 -1.7623 3.7849 0.0260 0.6378 0.4225 0.6434
1341848019.2987 -0.3056 -1.8150 3.8325 0.0214 0.6583 0.4309 0.6169
1341848019.4988 -0.3278 -1.8573 3.8809 0.0160 0.6772 0.4363 0.5922
1341848019.7667 -0.3586 -1.9158 3.9571 0.0204 0.6909 0.4475 0.5674
1341848020.0347 -0.3715 -1.9544 4.0053 0.0257 0.7088 0.4608 0.5334
1341848020.3028 -0.3637 -1.9923 4.0520 0.0230 0.7305 0.4687 0.4961
1341848020.5387 -0.3437 -2.0293 4.0947 0.0301 0.7543 0.4715 0.4559
1341848020.9066 -0.3037 -2.0873 4.1621 0.0354 0.7655 0.4941 0.4107
1341848021.2749 -0.2467 -2.1348 4.2150 0.0310 0.7820 0.5009 0.3696
1341848021.4879 -0.2083 -2.1739 4.2440 0.0430 0.8015 0.4965 0.3304
1341848021.7428 -0.1535 -2.2179 4.2938 0.0362 0.8134 0.4980 0.2985
1341848022.0108 -0.0814 -2.2393 4.3215 0.0272 0.8243 0.4976 0.2686
1341848022.2468 -0.0120 -2.2578 4.3197 0.0242 0.8353 0.4951 0.2378
1341848022.4178 0.0356 -2.2715 4.3148 0.0383 0.8429 0.4957 0.2057
1341848022.4542 0.0442 -2.2748 4.3117 0.0389 0.8449 0.4937 0.2022
1341848022.6218 0.0893 -2.2919 4.3009 0.0403 0.8521 0.4909 0.1772
1341848022.8508 0.1442 -2.3037 4.2887 0.0390 0.8541 0.5006 0.1357
1341848023.0188 0.1761 -2.3073 4.2796 0.0142 0.8529 0.5129 0.0969
1341848023.2868 0.2547 -2.3020 4.2714 0.0210 0.8445 0.5342 0.0329
1341848023.4871 0.3161 -2.2867 4.2663 0.0070 0.8358 0.5489 0.0013
1341848023.7869 0.3813 -2.2601 4.2288 0.0036 0.8368 0.5460 -0.0403
1341848024.1228 0.4458 -2.2213 4.1610 0.0159 0.8336 0.5443 -0.0927
1341848024.5268 0.5047 -2.1725 4.0948 0.0123 0.8197 0.5548 -0.1421
1341848024.9627 0.6095 -2.1244 4.0570 0.0165 0.8078 0.5562 -0.1945
1341848025.3988 0.7217 -2.1011 4.0371 0.0234 0.7965 0.5569 -0.2342
1341848025.8987 0.8061 -2.0678 3.9980 0.0212 0.7849 0.5564 -0.2718
1341848026.3029 0.8802 -2.0312 3.9637 0.0431 0.7683 0.5575 -0.3116
1341848026.8067 0.9742 -1.9989 3.9218 0.0422 0.7633 0.5486 -0.3386
1341848027.1067 1.0655 -1.9864 3.9089 0.0401 0.7596 0.5532 -0.3396
1341848027.3428 1.1413 -1.9942 3.9056 0.0418 0.7613 0.5442 -0.3501
1341848027.6107 1.2243 -2.0038 3.8977 0.0412 0.7756 0.5311 -0.3387
1341848027.9788 1.3016 -1.9879 3.8657 0.0355 0.7814 0.5362 -0.3173
1341848028.3149 1.3563 -1.9620 3.8189 0.0381 0.7905 0.5244 -0.3141
1341848028.7218 1.4422 -1.9212 3.7457 0.0456 0.7901 0.5179 -0.3246
1341848029.1188 1.5240 -1.8845 3.6743 0.0461 0.7873 0.5219 -0.3249
1341848029.4188 1.5830 -1.8616 3.6426 0.0369 0.7805 0.5261 -0.3358
1341848029.6553 1.6455 -1.8535 3.6217 0.0389 0.7767 0.5177 -0.3567
1341848029.8880 1.7117 -1.8471 3.6093 0.0415 0.7691 0.5129 -0.3791
1341848030.1549 1.7760 -1.8319 3.5979 0.0409 0.7585 0.5126 -0.4003
1341848030.3908 1.8180 -1.8175 3.5797 0.0370 0.7451 0.5148 -0.4225
1341848030.7588 1.8768 -1.7818 3.5390 0.0410 0.7312 0.5059 -0.4558
1341848030.9947 1.9275 -1.7666 3.4999 0.0500 0.7250 0.4871 -0.4843
1341848031.2947 1.9957 -1.7470 3.4442 0.0688 0.7214 0.4753 -0.4990
1341848031.6628 2.0503 -1.7345 3.4015 0.0595 0.7108 0.4698 -0.5202
1341848031.9308 2.1025 -1.7304 3.3804 0.0533 0.7008 0.4543 -0.5474
1341848032.2030 2.1638 -1.7217 3.3542 0.0500 0.6928 0.4480 -0.5628
1341848032.2347 2.1695 -1.7224 3.3511 0.0498 0.6926 0.4482 -0.5630
1341848032.2667 2.1778 -1.7186 3.3495 0.0493 0.6911 0.4483 -0.5648
1341848032.4347 2.2072 -1.7134 3.3358 0.0464 0.6877 0.4448 -0.5719
1341848032.6347 2.2435 -1.7075 3.3108 0.0441 0.6886 0.4374 -0.5766
1341848032.8707 2.2901 -1.6908 3.2769 0.0417 0.6916 0.4317 -0.5776
1341848033.2069 2.3246 -1.6581 3.2203 0.0433 0.6832 0.4232 -0.5935
1341848033.5429 2.3547 -1.6261 3.1656 0.0443 0.6705 0.4186 -0.6109
1341848033.9112 2.3862 -1.6062 3.1162 0.0498 0.6603 0.4084 -0.6283
1341848034.0427 2.4013 -1.6015 3.1019 0.0369 0.6503 0.3979 -0.6461
1341848034.2467 2.4282 -1.6030 3.0851 -0.0343 -0.6367 -0.3782 0.6711
1341848034.5217 2.4781 -1.5944 3.0524 -0.0340 -0.6273 -0.3646 0.6873
1341848034.6538 2.5118 -1.5792 3.0324 -0.0354 -0.6243 -0.3678 0.6883
1341848034.8147 2.5452 -1.5535 3.0100 -0.0393 -0.6204 -0.3684 0.6912
1341848035.2843 2.5911 -1.4995 2.9567 -0.0419 -0.6056 -0.3722 0.7021
1341848035.8547 2.6160 -1.4442 2.8590 -0.0581 -0.5892 -0.3413 0.7301
1341848036.4588 2.6364 -1.3761 2.7435 -0.0612 -0.5694 -0.3297 0.7505
1341848036.7589 2.6550 -1.3365 2.6688 -0.0529 -0.5635 -0.3108 0.7636
1341848037.0268 2.6813 -1.3030 2.5930 -0.0454 -0.5538 -0.2943 0.7776
1341848037.2270 2.7026 -1.2735 2.5318 -0.0258 -0.5629 -0.2793 0.7775
1341848037.6987 2.7159 -1.2034 2.4031 -0.0030 -0.5634 -0.2827 0.7763
1341848037.9669 2.7029 -1.1563 2.3459 -0.0130 -0.5426 -0.2757 0.7934
1341848038.3065 2.6801 -1.0975 2.2773 -0.0224 -0.5150 -0.2751 0.8115
1341848038.8711 2.6740 -1.0332 2.1407 -0.0063 -0.5027 -0.2686 0.8216
1341848039.3067 2.7098 -0.9676 2.0425 -0.0112 -0.4809 -0.2498 0.8404
1341848040.0428 2.6862 -0.8653 1.9069 -0.0015 -0.4525 -0.2432 0.8580
1341848040.5789 2.6313 -0.8019 1.7949 -0.0168 -0.4199 -0.2167 0.8812
1341848040.8469 2.6022 -0.7895 1.7516 0.0010 -0.3860 -0.2058 0.8993
1341848041.2831 2.5684 -0.7367 1.6939 -0.0196 -0.3397 -0.1682 0.9252
1341848041.5868 2.5174 -0.7027 1.6758 -0.0241 -0.3082 -0.1627 0.9370
1341848042.2907 2.3315 -0.6732 1.6084 -0.0268 -0.2673 -0.1217 0.9555
1341848042.7298 2.2221 -0.6309 1.5867 -0.0345 -0.2186 -0.0830 0.9717
1341848043.1658 2.1471 -0.5957 1.5532 -0.0412 -0.1693 -0.0533 0.9833
1341848043.8697 1.9347 -0.5933 1.5525 -0.0459 -0.1263 -0.0236 0.9907
1341848044.7060 1.7296 -0.5912 1.6049 -0.0543 -0.0641 0.0225 0.9962
1341848045.4747 1.5379 -0.5973 1.6536 -0.0617 -0.0330 0.0442 0.9966
1341848045.9428 1.4200 -0.6033 1.7405 -0.0602 -0.0569 0.0289 0.9961
1341848046.3823 1.3295 -0.5784 1.7687 -0.0596 -0.0934 -0.0126 0.9938
1341848046.8147 1.2553 -0.5297 1.7225 -0.0557 -0.1184 -0.0325 0.9909
1341848047.2149 1.1981 -0.4762 1.6492 -0.0602 -0.1251 -0.0398 0.9895
1341848047.5187 1.1447 -0.4452 1.5836 -0.0598 -0.1466 -0.0494 0.9861
1341848047.9547 1.0683 -0.4178 1.5176 -0.0566 -0.1584 -0.0592 0.9840
1341848048.4549 0.9640 -0.3981 1.4481 -0.0417 -0.1374 -0.0538 0.9882
1341848048.8910 0.8929 -0.3867 1.3878 -0.0112 -0.1354 -0.0449 0.9897
1341848049.3268 0.8247 -0.3622 1.3093 0.0230 -0.1460 -0.0580 0.9873
1341848049.6951 0.7636 -0.3209 1.2263 0.0273 -0.1409 -0.0442 0.9887
1341848050.0308 0.7025 -0.2780 1.1535 0.0198 -0.1623 -0.0571 0.9849
1341848050.3987 0.6425 -0.2346 1.1047 0.0189 -0.1906 -0.0866 0.9777
1341848050.7669 0.5761 -0.2145 1.0619 0.0197 -0.2274 -0.1125 0.9671
1341848051.1387 0.5141 -0.1892 1.0217 0.0291 -0.2650 -0.1357 0.9542
1341848051.4709 0.4855 -0.1829 0.9955 0.0469 -0.2956 -0.1470 0.9428
1341848051.7067 0.4770 -0.1692 0.9811 0.0674 -0.3280 -0.1793 0.9250
1341848052.0749 0.5158 -0.1437 0.9590 0.0832 -0.3477 -0.2328 0.9044
1341848052.3111 0.5573 -0.1386 0.9562 0.0840 -0.3312 -0.2558 0.9043
1341848052.5433 0.6067 -0.1363 0.9452 0.0924 -0.3186 -0.2655 0.9052
1341848052.6787 0.6431 -0.1323 0.9389 0.0994 -0.3108 -0.2815 0.9024
1341848052.8788 0.6977 -0.1342 0.9251 0.0985 -0.2979 -0.2852 0.9057
1341848053.0827 0.7500 -0.1364 0.9129 0.0986 -0.2750 -0.2776 0.9152
1341848053.2898 0.7933 -0.1437 0.9053 0.0999 -0.2479 -0.2636 0.9268
1341848053.5217 0.8445 -0.1461 0.8885 0.0933 -0.2219 -0.2371 0.9412
1341848053.7217 0.8788 -0.1416 0.8773 0.0746 -0.1872 -0.2093 0.9568
1341848053.9868 0.8981 -0.1428 0.8527 0.0695 -0.1433 -0.1610 0.9740
1341848054.4869 0.8996 -0.1264 0.7426 0.0443 -0.1318 -0.1151 0.9836
1341848054.9228 0.9424 -0.1326 0.6596 0.0507 -0.1108 -0.0812 0.9892
1341848055.2589 0.9588 -0.0963 0.5646 0.0660 -0.0950 -0.0539 0.9918
1341848055.5626 0.9576 -0.0476 0.4633 0.0687 -0.0792 -0.0489 0.9933
1341848055.8628 0.9440 -0.0081 0.3919 0.0671 -0.0505 -0.0294 0.9960
1341848056.2639 0.8393 0.0432 0.3269 0.0698 -0.0406 -0.0118 0.9967
1341848056.4989 0.7460 0.0807 0.2881 0.0510 -0.0537 0.0024 0.9973
1341848056.8029 0.6401 0.1100 0.2460 0.0328 -0.0720 -0.0011 0.9969
1341848057.2708 0.5055 0.1455 0.2087 0.0183 -0.0554 -0.0157 0.9982
1341848057.5711 0.4045 0.1895 0.1693 0.0016 -0.0370 -0.0052 0.9993
1341848057.9753 0.2645 0.2358 0.1152 -0.0080 -0.0114 0.0296 0.9995
1341848058.3107 0.1407 0.2529 0.0978 0.0086 -0.0335 0.0160 0.9993
1341848058.9468 -0.0233 0.2600 0.1090 0.0176 -0.0106 0.0472 0.9987
1341848059.3147 -0.0478 0.2555 0.1171 0.0334 0.0219 0.0548 0.9977
1341848060.0507 -0.0643 0.2595 0.0966 0.0647 0.0489 0.0609 0.9948
1341848060.9231 -0.0100 0.2709 0.1043 0.0985 0.0455 0.0306 0.9936
1341848061.2594 0.0411 0.2330 0.1231 0.1172 0.0345 0.0312 0.9920
1341848062.9350 0.1853 0.1718 0.2095 0.1074 -0.0076 0.0160 0.9941
1341848063.7099 0.3365 0.1445 0.2723 0.0858 -0.0315 -0.0130 0.9957
1341848064.1818 0.3984 0.0686 0.3848 0.0871 -0.0492 -0.0222 0.9947
1341848064.4818 0.4808 0.0095 0.4719 0.0885 -0.0458 -0.0303 0.9946
1341848065.1788 0.6349 -0.0492 0.5563 0.0891 -0.0695 -0.0166 0.9935
1341848066.1187 0.8080 -0.0686 0.6069 0.0829 -0.1322 -0.0722 0.9851
1341848066.8621 0.9266 -0.1517 0.7227 0.1002 -0.1656 -0.1142 0.9744
1341848067.7587 1.0489 -0.1929 0.7702 0.1064 -0.1597 -0.1003 0.9763
