1305031453.3917 0.0000 0.0000 0.0000 0.0000 0.0000 0.0000 1.0000
1305031453.5237 0.0105 0.0218 -0.0351 0.0186 0.0229 0.0362 0.9989
1305031453.6277 0.0107 0.0350 -0.0698 0.0379 0.0275 0.0495 0.9977
1305031453.7277 -0.0060 0.0571 -0.1055 0.0551 0.0151 0.0405 0.9975
1305031453.8597 -0.0444 0.0763 -0.1464 0.0652 -0.0204 0.0129 0.9976
1305031453.9277 -0.0471 0.0912 -0.1681 0.0628 -0.0599 0.0028 0.9962
1305031453.9596 -0.0544 0.0998 -0.1731 0.0626 -0.0751 -0.0056 0.9952
1305031453.9916 -0.0674 0.1089 -0.1701 0.0640 -0.0863 -0.0147 0.9941
1305031454.0277 -0.0731 0.1152 -0.1700 0.0677 -0.1000 -0.0221 0.9924
1305031454.0597 -0.0803 0.1216 -0.1680 0.0704 -0.1121 -0.0284 0.9908
1305031454.0917 -0.0944 0.1296 -0.1640 0.0733 -0.1232 -0.0385 0.9889
1305031454.1277 -0.1042 0.1341 -0.1547 0.0776 -0.1378 -0.0485 0.9862
1305031454.1597 -0.1052 0.1367 -0.1570 0.0775 -0.1550 -0.0586 0.9831
1305031454.1917 -0.1180 0.1406 -0.1581 0.0771 -0.1713 -0.0708 0.9796
1305031454.2277 -0.1422 0.1420 -0.1529 0.0804 -0.1832 -0.0858 0.9760
1305031454.2596 -0.1480 0.1421 -0.1570 0.0837 -0.1967 -0.0986 0.9719
1305031454.2916 -0.1553 0.1432 -0.1605 0.0817 -0.2053 -0.1075 0.9693
1305031454.3277 -0.1593 0.1472 -0.1578 0.0839 -0.2187 -0.1168 0.9651
1305031454.3596 -0.1692 0.1417 -0.1625 0.0845 -0.2295 -0.1285 0.9611
1305031454.3917 -0.1750 0.1421 -0.1638 0.0847 -0.2378 -0.1394 0.9575
1305031454.4275 -0.1800 0.1449 -0.1663 0.0863 -0.2508 -0.1493 0.9525
1305031454.4599 -0.1842 0.1452 -0.1690 0.0865 -0.2612 -0.1624 0.9476
1305031454.4916 -0.1834 0.1398 -0.1673 0.0858 -0.2693 -0.1761 0.9429
1305031454.5277 -0.1835 0.1563 -0.1578 0.0903 -0.2800 -0.1868 0.9373
1305031454.5596 -0.1880 0.1643 -0.1467 0.0887 -0.2896 -0.1959 0.9327
1305031454.5916 -0.1935 0.1714 -0.1446 0.0887 -0.3009 -0.2093 0.9262
1305031454.6276 -0.2005 0.1784 -0.1421 0.0885 -0.3133 -0.2191 0.9198
1305031454.6595 -0.1988 0.1914 -0.1374 0.0877 -0.3265 -0.2254 0.9137
1305031454.6919 -0.2110 0.2075 -0.1351 0.0866 -0.3376 -0.2308 0.9084
1305031454.7277 -0.2157 0.2090 -0.1424 0.0827 -0.3474 -0.2400 0.9027
1305031454.7597 -0.2200 0.2168 -0.1476 0.0768 -0.3491 -0.2375 0.9032
1305031454.7916 -0.2226 0.2145 -0.1476 0.0693 -0.3503 -0.2333 0.9045
1305031454.8276 -0.2226 0.2232 -0.1465 0.0651 -0.3503 -0.2270 0.9064
1305031454.8596 -0.2225 0.2192 -0.1422 0.0528 -0.3490 -0.2216 0.9090
1305031454.8918 -0.2283 0.2221 -0.1415 0.0468 -0.3436 -0.2166 0.9126
1305031454.9276 -0.2318 0.2217 -0.1363 0.0375 -0.3409 -0.2085 0.9159
1305031454.9596 -0.2312 0.2241 -0.1340 0.0319 -0.3391 -0.2021 0.9182
1305031454.9919 -0.2348 0.2278 -0.1393 0.0280 -0.3362 -0.1978 0.9203
1305031455.0278 -0.2365 0.2371 -0.1386 0.0282 -0.3360 -0.1945 0.9211
1305031455.0596 -0.2395 0.2418 -0.1393 0.0272 -0.3340 -0.1931 0.9222
1305031455.0917 -0.2412 0.2429 -0.1422 0.0268 -0.3327 -0.1928 0.9227
1305031455.1277 -0.2448 0.2460 -0.1487 0.0265 -0.3289 -0.1933 0.9240
1305031455.1597 -0.2514 0.2557 -0.1511 0.0263 -0.3257 -0.1895 0.9259
1305031455.1917 -0.2595 0.2568 -0.1565 0.0212 -0.3225 -0.1854 0.9280
1305031455.2276 -0.2658 0.2600 -0.1623 0.0202 -0.3199 -0.1822 0.9296
1305031455.2596 -0.2686 0.2720 -0.1613 0.0197 -0.3183 -0.1760 0.9313
1305031455.2918 -0.2741 0.2715 -0.1592 0.0079 -0.3167 -0.1644 0.9341
1305031455.3278 -0.2883 0.2825 -0.1824 0.0048 -0.3087 -0.1562 0.9382
1305031455.3596 -0.2908 0.2995 -0.1769 -0.0002 -0.3093 -0.1458 0.9397
1305031455.3917 -0.2981 0.2924 -0.1740 -0.0163 -0.3063 -0.1369 0.9419
1305031455.4276 -0.3078 0.2970 -0.1812 -0.0240 -0.3001 -0.1273 0.9451
1305031455.4596 -0.3189 0.2977 -0.1902 -0.0282 -0.2960 -0.1210 0.9471
1305031455.4916 -0.3279 0.3058 -0.1979 -0.0301 -0.2929 -0.1122 0.9491
1305031455.5276 -0.3423 0.3050 -0.2102 -0.0351 -0.2895 -0.1004 0.9512
1305031455.5597 -0.3587 0.3085 -0.2248 -0.0372 -0.2881 -0.0874 0.9529
1305031455.5916 -0.3719 0.3086 -0.2418 -0.0415 -0.2874 -0.0753 0.9539
1305031455.6276 -0.3885 0.3066 -0.2509 -0.0461 -0.2848 -0.0643 0.9553
1305031455.6596 -0.4020 0.3110 -0.2620 -0.0418 -0.2820 -0.0586 0.9567
1305031455.6916 -0.4145 0.3063 -0.2770 -0.0400 -0.2791 -0.0582 0.9577
1305031455.7276 -0.4218 0.3046 -0.2861 -0.0384 -0.2767 -0.0610 0.9582
1305031455.7597 -0.4296 0.3032 -0.2940 -0.0373 -0.2733 -0.0627 0.9592
1305031455.7917 -0.4374 0.2971 -0.3054 -0.0363 -0.2698 -0.0623 0.9602
1305031455.8276 -0.4436 0.2862 -0.3155 -0.0384 -0.2684 -0.0615 0.9606
1305031455.8595 -0.4482 0.2832 -0.3230 -0.0384 -0.2685 -0.0612 0.9606
1305031455.8917 -0.4506 0.2801 -0.3311 -0.0386 -0.2675 -0.0605 0.9609
1305031455.9280 -0.4568 0.2770 -0.3404 -0.0387 -0.2648 -0.0605 0.9616
1305031455.9597 -0.4606 0.2763 -0.3481 -0.0377 -0.2628 -0.0617 0.9621
1305031455.9917 -0.4641 0.2688 -0.3528 -0.0411 -0.2608 -0.0629 0.9625
1305031456.0278 -0.4672 0.2689 -0.3624 -0.0439 -0.2575 -0.0673 0.9629
1305031456.0597 -0.4814 0.2524 -0.3715 -0.0551 -0.2510 -0.0768 0.9634
1305031456.0917 -0.4887 0.2472 -0.3757 -0.0579 -0.2478 -0.0806 0.9637
1305031456.1276 -0.4925 0.2444 -0.3775 -0.0585 -0.2460 -0.0802 0.9642
1305031456.1597 -0.4969 0.2323 -0.3770 -0.0619 -0.2432 -0.0810 0.9646
1305031456.1917 -0.5043 0.2236 -0.3783 -0.0583 -0.2371 -0.0809 0.9663
1305031456.2277 -0.5102 0.2217 -0.3817 -0.0575 -0.2287 -0.0770 0.9687
1305031456.2917 -0.5298 0.2065 -0.3830 -0.0593 -0.2066 -0.0706 0.9741
1305031456.3277 -0.5336 0.2015 -0.3794 -0.0566 -0.1993 -0.0618 0.9763
1305031456.3916 -0.5348 0.1876 -0.3719 -0.0569 -0.1831 -0.0528 0.9800
1305031456.4277 -0.5377 0.1835 -0.3719 -0.0537 -0.1773 -0.0436 0.9817
1305031456.4917 -0.5836 0.1972 -0.3726 -0.0568 -0.1656 -0.0325 0.9840
1305031456.5276 -0.5965 0.2030 -0.3632 -0.0604 -0.1670 -0.0254 0.9838
1305031456.5917 -0.6185 0.2059 -0.3550 -0.0635 -0.1629 -0.0159 0.9845
1305031456.6276 -0.6215 0.2188 -0.3488 -0.0739 -0.1616 -0.0112 0.9840
1305031456.6916 -0.6591 0.2115 -0.3341 -0.0856 -0.1492 0.0026 0.9851
1305031456.7916 -0.7177 0.2129 -0.3180 -0.0948 -0.1522 0.0256 0.9835
1305031457.0276 -0.8036 0.2428 -0.2755 -0.1110 -0.1331 0.0582 0.9831
1305031457.1917 -0.8582 0.2468 -0.2864 -0.1243 -0.1025 0.0831 0.9834
1305031457.2917 -0.8849 0.2222 -0.3133 -0.1263 -0.0803 0.1009 0.9836
1305031457.3917 -0.9214 0.1953 -0.3459 -0.1277 -0.0436 0.1168 0.9839
1305031457.4917 -0.9628 0.1670 -0.3862 -0.1287 -0.0256 0.1316 0.9826
1305031457.5597 -0.9716 0.1570 -0.4098 -0.1212 -0.0208 0.1412 0.9823
1305031457.6275 -0.9978 0.1370 -0.4330 -0.1209 -0.0113 0.1481 0.9815
1305031457.6916 -1.0288 0.1173 -0.4514 -0.1264 -0.0044 0.1507 0.9805
1305031457.7596 -1.0370 0.0745 -0.4595 -0.1336 -0.0029 0.1517 0.9794
1305031457.7916 -1.0431 0.0588 -0.4612 -0.1267 0.0025 0.1514 0.9803
1305031457.8277 -1.0509 0.0689 -0.4751 -0.1116 0.0089 0.1536 0.9818
1305031457.8916 -1.0751 0.0321 -0.4762 -0.1073 0.0258 0.1516 0.9823
1305031457.9276 -1.0887 0.0257 -0.4836 -0.0946 0.0328 0.1574 0.9824
1305031457.9916 -1.1161 0.0069 -0.4928 -0.0829 0.0376 0.1618 0.9826
1305031458.0278 -1.1199 0.0038 -0.4974 -0.0718 0.0408 0.1653 0.9828
1305031458.0597 -1.1320 0.0041 -0.5051 -0.0653 0.0462 0.1677 0.9826
1305031458.1276 -1.1546 -0.0044 -0.4984 -0.0665 0.0525 0.1685 0.9821
1305031458.1596 -1.1677 -0.0161 -0.4918 -0.0674 0.0554 0.1683 0.9819
1305031458.1916 -1.1844 -0.0171 -0.4882 -0.0675 0.0570 0.1712 0.9813
1305031458.2276 -1.2005 -0.0380 -0.4748 -0.0781 0.0558 0.1704 0.9807
1305031458.2599 -1.2233 -0.0622 -0.4568 -0.0817 0.0563 0.1672 0.9809
1305031458.2917 -1.2448 -0.0672 -0.4543 -0.0723 0.0541 0.1687 0.9815
1305031458.3276 -1.2627 -0.0696 -0.4375 -0.0702 0.0487 0.1692 0.9819
1305031458.3596 -1.2622 -0.1066 -0.4182 -0.0736 0.0421 0.1731 0.9812
1305031458.3916 -1.2933 -0.0992 -0.4086 -0.0580 0.0466 0.1759 0.9816
1305031458.4276 -1.2990 -0.0894 -0.3865 -0.0495 0.0464 0.1879 0.9798
1305031458.4596 -1.3024 -0.0878 -0.3748 -0.0348 0.0513 0.1893 0.9800
1305031458.4917 -1.3059 -0.0984 -0.3607 -0.0187 0.0607 0.1882 0.9801
1305031458.5277 -1.3137 -0.0941 -0.3531 -0.0047 0.0685 0.1893 0.9795
1305031458.5596 -1.3173 -0.0983 -0.3341 -0.0019 0.0746 0.1880 0.9793
1305031458.5916 -1.3326 -0.1091 -0.3244 0.0033 0.0810 0.1782 0.9806
1305031458.6277 -1.3467 -0.0921 -0.3097 0.0081 0.0832 0.1770 0.9806
1305031458.6596 -1.3550 -0.0840 -0.2879 0.0032 0.0762 0.1748 0.9816
1305031458.6917 -1.3645 -0.0720 -0.2671 0.0033 0.0609 0.1680 0.9839
1305031458.7276 -1.3611 -0.0776 -0.2590 0.0012 0.0432 0.1623 0.9858
1305031458.7599 -1.3729 -0.0759 -0.2401 0.0076 0.0311 0.1534 0.9876
1305031458.7916 -1.3822 -0.0577 -0.2268 0.0111 0.0166 0.1460 0.9891
1305031458.8276 -1.3819 -0.0559 -0.1989 0.0073 0.0077 0.1451 0.9894
1305031458.8917 -1.3775 -0.0579 -0.1748 0.0137 0.0012 0.1342 0.9909
1305031458.9276 -1.3927 -0.0533 -0.1723 0.0141 0.0095 0.1342 0.9908
1305031458.9596 -1.4034 -0.0504 -0.1607 0.0084 0.0166 0.1439 0.9894
1305031458.9916 -1.4110 -0.0716 -0.1441 0.0055 0.0214 0.1451 0.9892
1305031459.0277 -1.4283 -0.0694 -0.1270 0.0190 0.0198 0.1453 0.9890
1305031459.0596 -1.4468 -0.0727 -0.1195 0.0267 0.0130 0.1509 0.9881
1305031459.1276 -1.5544 0.0061 -0.1509 0.0697 0.0553 0.1261 0.9880
1305031459.1596 -1.5669 0.0022 -0.1348 0.0768 0.0305 0.1256 0.9886
1305031459.1917 -1.5666 0.0095 -0.1066 0.0849 0.0105 0.1297 0.9879
1305031459.2276 -1.5668 0.0147 -0.0917 0.0887 -0.0051 0.1394 0.9862
1305031459.2598 -1.5717 0.0217 -0.0682 0.0906 -0.0075 0.1462 0.9851
1305031459.3276 -1.5903 0.0310 -0.0357 0.0870 0.0265 0.1710 0.9811
1305031459.3597 -1.5966 0.0456 -0.0210 0.0928 0.0483 0.1894 0.9763
1305031459.3917 -1.6122 0.0619 -0.0269 0.0892 0.0753 0.2118 0.9703
1305031459.4276 -1.6077 0.0700 -0.0134 0.0779 0.1072 0.2440 0.9607
1305031459.4597 -1.6195 0.0739 -0.0026 0.0754 0.1439 0.2812 0.9458
1305031459.5276 -1.6940 0.0876 0.0346 0.0889 0.1772 0.2651 0.9436
1305031459.5596 -1.6917 0.0808 0.0240 0.0801 0.1847 0.2937 0.9345
1305031459.5917 -1.7057 0.0793 0.0243 0.0773 0.1916 0.3150 0.9263
1305031459.6276 -1.7091 0.0785 0.0323 0.0740 0.1905 0.3300 0.9216
1305031459.6596 -1.7196 0.0801 0.0337 0.0747 0.1958 0.3297 0.9205
1305031459.6916 -1.7407 0.0785 0.0436 0.0715 0.2118 0.3321 0.9164
1305031459.7276 -1.7458 0.0688 0.0429 0.0664 0.2151 0.3383 0.9137
1305031459.7917 -1.7771 0.0496 0.0475 0.0672 0.2228 0.3317 0.9142
1305031459.8277 -1.7967 0.0378 0.0520 0.0668 0.2258 0.3310 0.9138
1305031459.8597 -1.8161 0.0229 0.0592 0.0633 0.2275 0.3305 0.9138
1305031459.8916 -1.8269 0.0035 0.0674 0.0559 0.2257 0.3330 0.9138
1305031459.9276 -1.8409 -0.0130 0.0704 0.0541 0.2245 0.3362 0.9130
1305031459.9917 -1.8606 -0.0300 0.0880 0.0529 0.2223 0.3442 0.9107
1305031460.0276 -1.8681 -0.0409 0.0956 0.0520 0.2227 0.3472 0.9095
1305031460.0597 -1.8832 -0.0610 0.0984 0.0503 0.2251 0.3506 0.9077
1305031460.0917 -1.8990 -0.0780 0.1032 0.0512 0.2230 0.3555 0.9062
1305031460.1277 -1.9057 -0.0871 0.1094 0.0559 0.2140 0.3605 0.9061
1305031460.1597 -1.9182 -0.0927 0.1197 0.0633 0.2081 0.3658 0.9049
1305031460.1916 -1.9187 -0.1057 0.1285 0.0612 0.2020 0.3744 0.9029
1305031460.2278 -1.9126 -0.1079 0.1393 0.0624 0.2004 0.3767 0.9022
1305031460.2917 -1.9173 -0.1174 0.1450 0.0691 0.2125 0.3761 0.8992
1305031460.3275 -1.9138 -0.1278 0.1494 0.0689 0.2174 0.3792 0.8968
1305031460.3916 -1.9212 -0.1367 0.1518 0.0676 0.2352 0.3840 0.8903
1305031460.4275 -1.9174 -0.1420 0.1637 0.0677 0.2436 0.3896 0.8856
1305031460.4596 -1.9192 -0.1410 0.1699 0.0679 0.2558 0.3933 0.8805
1305031460.4915 -1.9201 -0.1456 0.1687 0.0622 0.2677 0.3982 0.8752
1305031460.5276 -1.9256 -0.1601 0.1698 0.0544 0.2801 0.4067 0.8678
1305031460.5596 -1.9196 -0.1694 0.1764 0.0485 0.2884 0.4115 0.8632
1305031460.5919 -1.9232 -0.1761 0.1839 0.0460 0.2962 0.4121 0.8604
1305031460.6276 -1.9209 -0.1780 0.1874 0.0451 0.3004 0.4131 0.8585
1305031460.6598 -1.9208 -0.1802 0.1887 0.0451 0.3032 0.4135 0.8574
1305031460.6917 -1.9257 -0.1866 0.1935 0.0433 0.3064 0.4152 0.8555
1305031460.7277 -1.9263 -0.1916 0.1961 0.0407 0.3073 0.4154 0.8552
1305031460.7597 -1.9260 -0.2015 0.1971 0.0368 0.3098 0.4143 0.8550
1305031460.7917 -1.9282 -0.2041 0.2027 0.0368 0.3118 0.4132 0.8548
1305031460.8277 -1.9338 -0.2091 0.2092 0.0352 0.3149 0.4112 0.8547
1305031460.8597 -1.9353 -0.2136 0.2161 0.0316 0.3180 0.4092 0.8547
1305031460.8918 -1.9340 -0.2218 0.2207 0.0269 0.3206 0.4080 0.8544
1305031460.9276 -1.9366 -0.2293 0.2275 0.0241 0.3228 0.4084 0.8535
1305031460.9917 -1.9351 -0.2469 0.2448 0.0224 0.3292 0.4061 0.8522
1305031461.0276 -1.9354 -0.2618 0.2502 0.0218 0.3318 0.4099 0.8494
1305031461.0917 -1.9396 -0.2710 0.2733 0.0248 0.3327 0.4047 0.8514
1305031461.1276 -1.9383 -0.2755 0.2789 0.0253 0.3336 0.4033 0.8517
1305031461.1597 -1.9411 -0.2782 0.2928 0.0312 0.3372 0.3996 0.8518
1305031461.1920 -1.9379 -0.2806 0.2932 0.0327 0.3359 0.3960 0.8540
1305031461.2276 -1.9387 -0.2895 0.3001 0.0311 0.3388 0.3943 0.8537
1305031461.2596 -1.9358 -0.2953 0.3071 0.0321 0.3403 0.3897 0.8551
1305031461.2917 -1.9410 -0.2921 0.3186 0.0371 0.3439 0.3822 0.8569
1305031461.3278 -1.9377 -0.2901 0.3233 0.0397 0.3451 0.3790 0.8577
1305031461.3597 -1.9391 -0.2923 0.3298 0.0362 0.3486 0.3757 0.8579
1305031461.3917 -1.9330 -0.2989 0.3357 0.0305 0.3491 0.3767 0.8575
1305031461.4276 -1.9274 -0.3022 0.3372 0.0297 0.3488 0.3762 0.8579
1305031461.4598 -1.9318 -0.3023 0.3434 0.0286 0.3524 0.3758 0.8566
1305031461.4917 -1.9240 -0.3111 0.3464 0.0245 0.3531 0.3769 0.8560
1305031461.5277 -1.9221 -0.3057 0.3449 0.0313 0.3530 0.3752 0.8565
1305031461.5597 -1.9172 -0.3000 0.3374 0.0306 0.3519 0.3715 0.8586
1305031461.5917 -1.9069 -0.2920 0.3283 0.0304 0.3538 0.3701 0.8584
1305031461.6275 -1.9069 -0.2865 0.3322 0.0303 0.3621 0.3708 0.8547
1305031461.6596 -1.9020 -0.2811 0.3336 0.0292 0.3659 0.3695 0.8537
1305031461.6916 -1.9057 -0.2751 0.3421 0.0306 0.3730 0.3727 0.8491
1305031461.7276 -1.8993 -0.2719 0.3412 0.0290 0.3731 0.3785 0.8466
1305031461.7597 -1.8961 -0.2629 0.3359 0.0297 0.3742 0.3807 0.8451
1305031461.7916 -1.8921 -0.2495 0.3348 0.0274 0.3764 0.3816 0.8437
1305031461.8276 -1.8893 -0.2432 0.3363 0.0249 0.3839 0.3847 0.8390
1305031461.8598 -1.8978 -0.2297 0.3407 0.0278 0.3930 0.3889 0.8328
1305031461.8917 -1.9006 -0.2266 0.3377 0.0213 0.3967 0.4040 0.8240
1305031461.9278 -1.8882 -0.2148 0.3391 0.0140 0.3930 0.4151 0.8204
1305031461.9597 -1.8834 -0.1987 0.3321 0.0105 0.3956 0.4176 0.8179
1305031461.9916 -1.8917 -0.1932 0.3358 -0.0013 0.4060 0.4224 0.8104
1305031462.0277 -1.8868 -0.1869 0.3365 -0.0098 0.4038 0.4379 0.8032
1305031462.0598 -1.8849 -0.1756 0.3308 -0.0115 0.3950 0.4523 0.7995
1305031462.0918 -1.8777 -0.1712 0.3304 -0.0180 0.3876 0.4658 0.7953
1305031462.1277 -1.8780 -0.1609 0.3333 -0.0195 0.3846 0.4748 0.7914
1305031462.1596 -1.8746 -0.1524 0.3306 -0.0224 0.3794 0.4849 0.7877
1305031462.1916 -1.8743 -0.1430 0.3269 -0.0253 0.3761 0.4866 0.7881
1305031462.2276 -1.8719 -0.1328 0.3234 -0.0323 0.3713 0.4894 0.7884
1305031462.2598 -1.8793 -0.1350 0.3311 -0.0417 0.3749 0.4855 0.7887
1305031462.2916 -1.8774 -0.1443 0.3319 -0.0587 0.3719 0.4844 0.7897
1305031462.3597 -1.8998 -0.1030 0.3384 -0.0594 0.3706 0.4644 0.8022
1305031462.4599 -1.9934 -0.0715 0.4662 -0.0608 0.4254 0.4217 0.7985
1305031462.6279 -2.0323 -0.0143 0.4856 -0.0752 0.4085 0.3804 0.8263
1305031462.7277 -2.0484 -0.0297 0.4856 -0.0972 0.4063 0.3533 0.8370
1305031462.8918 -2.0438 -0.0305 0.4570 -0.1382 0.3840 0.3269 0.8524
1305031463.0277 -2.0386 -0.0146 0.4234 -0.1352 0.3730 0.3123 0.8632
1305031463.1275 -2.0373 -0.0041 0.3922 -0.1326 0.3625 0.2855 0.8772
1305031463.1957 -2.0373 -0.0060 0.3654 -0.1372 0.3599 0.2695 0.8826
1305031463.2600 -2.0320 0.0206 0.3397 -0.1253 0.3577 0.2548 0.8896
1305031463.3956 -2.0148 0.0532 0.3050 -0.1122 0.3464 0.2366 0.9008
1305031463.4956 -1.9870 0.1027 0.2697 -0.0993 0.3411 0.2231 0.9077
1305031463.5598 -1.9605 0.1260 0.2389 -0.0868 0.3420 0.2198 0.9095
1305031463.6598 -1.9274 0.1281 0.1894 -0.0790 0.3370 0.2168 0.9128
1305031463.7276 -1.9091 0.1191 0.1536 -0.0842 0.3363 0.2055 0.9152
1305031463.7597 -1.8984 0.1147 0.1313 -0.0777 0.3382 0.1993 0.9164
1305031463.8278 -1.8823 0.1058 0.0953 -0.0765 0.3406 0.1765 0.9203
1305031463.8599 -1.8636 0.0865 0.0697 -0.0823 0.3365 0.1670 0.9231
1305031463.8956 -1.8533 0.0810 0.0401 -0.0767 0.3330 0.1581 0.9264
1305031463.9597 -1.8407 0.0647 0.0073 -0.0780 0.3270 0.1412 0.9312
1305031463.9958 -1.8422 0.0462 0.0007 -0.0806 0.3284 0.1316 0.9318
1305031464.0277 -1.8405 0.0396 -0.0218 -0.0805 0.3243 0.1225 0.9345
1305031464.0597 -1.8325 0.0149 -0.0383 -0.0876 0.3227 0.1108 0.9359
1305031464.0956 -1.8377 0.0132 -0.0524 -0.0829 0.3257 0.0954 0.9370
1305031464.1277 -1.8409 0.0088 -0.0585 -0.0793 0.3262 0.0901 0.9377
1305031464.1598 -1.8389 -0.0034 -0.0611 -0.0768 0.3244 0.0860 0.9389
1305031464.1956 -1.8343 -0.0346 -0.0833 -0.0748 0.3140 0.0835 0.9428
1305031464.2276 -1.8428 -0.0296 -0.0966 -0.0620 0.3050 0.0789 0.9470
1305031464.2596 -1.8505 -0.0292 -0.0992 -0.0584 0.2943 0.0764 0.9509
1305031464.2957 -1.8538 -0.0365 -0.1026 -0.0602 0.2808 0.0718 0.9552
1305031464.3279 -1.8341 -0.0364 -0.1135 -0.0589 0.2641 0.0657 0.9605
1305031464.3597 -1.8300 -0.0520 -0.1171 -0.0597 0.2579 0.0585 0.9626
1305031464.3956 -1.8276 -0.0445 -0.1269 -0.0529 0.2545 0.0489 0.9644
1305031464.4276 -1.8240 -0.0434 -0.1374 -0.0512 0.2536 0.0382 0.9652
1305031464.4597 -1.8208 -0.0578 -0.1477 -0.0532 0.2517 0.0303 0.9659
1305031464.4956 -1.8251 -0.0540 -0.1591 -0.0491 0.2517 0.0225 0.9663
1305031464.5276 -1.8162 -0.0599 -0.1752 -0.0498 0.2497 0.0155 0.9669
1305031464.5597 -1.8065 -0.0710 -0.1889 -0.0540 0.2471 0.0077 0.9675
1305031464.5957 -1.7802 -0.0876 -0.2049 -0.0532 0.2458 -0.0048 0.9679
1305031464.6277 -1.7679 -0.0916 -0.2221 -0.0401 0.2547 -0.0140 0.9661
1305031464.6597 -1.7603 -0.1063 -0.2408 -0.0322 0.2627 -0.0280 0.9639
1305031464.6957 -1.7569 -0.1332 -0.2405 -0.0246 0.2723 -0.0478 0.9607
1305031464.7277 -1.7430 -0.1264 -0.2380 -0.0051 0.2730 -0.0681 0.9596
1305031464.7597 -1.7423 -0.1261 -0.2459 0.0061 0.2699 -0.0860 0.9590
1305031464.7960 -1.7410 -0.1291 -0.2298 0.0105 0.2655 -0.1056 0.9583
1305031464.8278 -1.7410 -0.1266 -0.2212 0.0203 0.2518 -0.1194 0.9602
1305031464.8597 -1.7329 -0.1138 -0.1971 0.0257 0.2366 -0.1381 0.9614
1305031464.8958 -1.7144 -0.1117 -0.1924 0.0211 0.2187 -0.1536 0.9634
1305031464.9278 -1.7145 -0.1475 -0.1972 0.0100 0.2074 -0.1730 0.9628
1305031464.9598 -1.7113 -0.1518 -0.1942 0.0106 0.2028 -0.1906 0.9604
1305031464.9957 -1.6966 -0.1517 -0.1935 0.0148 0.1985 -0.2123 0.9567
1305031465.0278 -1.6926 -0.1528 -0.1762 0.0159 0.1993 -0.2304 0.9523
1305031465.0597 -1.6941 -0.1261 -0.1520 0.0223 0.1964 -0.2518 0.9474
1305031465.0957 -1.6555 -0.0914 -0.1444 0.0215 0.1824 -0.2679 0.9458
1305031465.1277 -1.6390 -0.0911 -0.1262 -0.0011 0.1723 -0.2797 0.9445
1305031465.1598 -1.6155 -0.0895 -0.0910 -0.0190 0.1638 -0.2849 0.9443
1305031465.1956 -1.5982 -0.1080 -0.0819 -0.0389 0.1537 -0.2900 0.9438
1305031465.2279 -1.5696 -0.0996 -0.0637 -0.0513 0.1455 -0.2931 0.9436
1305031465.2598 -1.5578 -0.1113 -0.0491 -0.0691 0.1410 -0.2936 0.9430
1305031465.3277 -1.5291 -0.0901 -0.0291 -0.0807 0.1282 -0.2722 0.9502
1305031465.3956 -1.4914 -0.0867 -0.0140 -0.0864 0.1001 -0.2477 0.9598
1305031465.4277 -1.4687 -0.0911 -0.0129 -0.0861 0.0886 -0.2389 0.9631
1305031465.4601 -1.4631 -0.0770 -0.0142 -0.0817 0.0861 -0.2326 0.9653
1305031465.4957 -1.4468 -0.0676 -0.0214 -0.0825 0.0807 -0.2263 0.9672
1305031465.5276 -1.4328 -0.0765 -0.0231 -0.0872 0.0741 -0.2226 0.9682
1305031465.5598 -1.4141 -0.0787 -0.0308 -0.0839 0.0662 -0.2182 0.9700
1305031465.5956 -1.4005 -0.0788 -0.0377 -0.0812 0.0633 -0.2132 0.9716
1305031465.6277 -1.3884 -0.0727 -0.0481 -0.0767 0.0607 -0.2075 0.9733
1305031465.6601 -1.3743 -0.0633 -0.0544 -0.0722 0.0549 -0.2019 0.9752
1305031465.6957 -1.3538 -0.0649 -0.0626 -0.0697 0.0478 -0.1965 0.9768
1305031465.7277 -1.3424 -0.0568 -0.0746 -0.0629 0.0464 -0.1926 0.9782
1305031465.7598 -1.3203 -0.0488 -0.0810 -0.0570 0.0411 -0.1854 0.9801
1305031465.7959 -1.3015 -0.0501 -0.0914 -0.0543 0.0382 -0.1810 0.9812
1305031465.8280 -1.2853 -0.0419 -0.0952 -0.0465 0.0349 -0.1792 0.9821
1305031465.8599 -1.2583 -0.0276 -0.1178 -0.0332 0.0307 -0.1783 0.9829
1305031465.8955 -1.2292 -0.0240 -0.1270 -0.0304 0.0339 -0.1791 0.9828
1305031465.9275 -1.2101 -0.0216 -0.1323 -0.0247 0.0425 -0.1786 0.9827
1305031465.9597 -1.1854 -0.0149 -0.1462 -0.0141 0.0464 -0.1809 0.9823
1305031465.9958 -1.1645 -0.0136 -0.1549 -0.0095 0.0509 -0.1826 0.9818
1305031466.0276 -1.1466 -0.0155 -0.1680 -0.0080 0.0504 -0.1839 0.9816
1305031466.0598 -1.1263 0.0064 -0.1843 -0.0048 0.0520 -0.1842 0.9815
1305031466.0958 -1.1194 0.0222 -0.1904 -0.0074 0.0541 -0.1854 0.9811
1305031466.1276 -1.1025 0.0356 -0.1981 -0.0130 0.0518 -0.1846 0.9814
1305031466.1604 -1.0937 0.0579 -0.2054 -0.0139 0.0518 -0.1839 0.9815
1305031466.1958 -1.0808 0.0662 -0.2182 -0.0230 0.0463 -0.1806 0.9822
1305031466.2280 -1.0675 0.0667 -0.2271 -0.0365 0.0412 -0.1810 0.9819
1305031466.2598 -1.0507 0.0530 -0.2425 -0.0436 0.0369 -0.1868 0.9807
1305031466.2957 -1.0311 0.0536 -0.2586 -0.0411 0.0377 -0.1986 0.9785
1305031466.3277 -1.0150 0.0493 -0.2727 -0.0413 0.0452 -0.2057 0.9767
1305031466.3598 -1.0043 0.0504 -0.2913 -0.0447 0.0542 -0.2112 0.9749
1305031466.3958 -0.9971 0.0378 -0.3017 -0.0472 0.0567 -0.2162 0.9736
1305031466.4278 -0.9908 0.0462 -0.3153 -0.0406 0.0549 -0.2216 0.9727
1305031466.4598 -0.9795 0.0475 -0.3293 -0.0417 0.0507 -0.2239 0.9724
1305031466.4958 -0.9648 0.0488 -0.3428 -0.0452 0.0476 -0.2252 0.9721
1305031466.5275 -0.9407 0.0318 -0.3569 -0.0492 0.0468 -0.2243 0.9722
1305031466.5604 -0.9189 0.0395 -0.3689 -0.0457 0.0489 -0.2245 0.9722
1305031466.5959 -0.8977 0.0359 -0.3838 -0.0557 0.0488 -0.2254 0.9714
1305031466.6275 -0.8777 0.0144 -0.3899 -0.0640 0.0503 -0.2334 0.9690
1305031466.6597 -0.8622 0.0054 -0.4036 -0.0605 0.0511 -0.2380 0.9680
1305031466.6958 -0.8431 0.0166 -0.4122 -0.0575 0.0492 -0.2463 0.9662
1305031466.7281 -0.8244 0.0091 -0.4156 -0.0659 0.0468 -0.2554 0.9634
1305031466.7596 -0.8061 -0.0041 -0.4137 -0.0656 0.0450 -0.2628 0.9616
1305031466.7956 -0.7948 -0.0037 -0.4322 -0.0604 0.0430 -0.2672 0.9608
1305031466.8279 -0.7814 -0.0045 -0.4417 -0.0631 0.0396 -0.2691 0.9602
1305031466.8597 -0.7756 -0.0093 -0.4421 -0.0655 0.0368 -0.2676 0.9606
1305031466.8957 -0.7547 -0.0156 -0.4522 -0.0645 0.0232 -0.2644 0.9620
1305031466.9278 -0.7356 -0.0236 -0.4625 -0.0670 0.0076 -0.2641 0.9621
1305031466.9597 -0.7248 -0.0348 -0.4739 -0.0695 -0.0001 -0.2644 0.9619
1305031466.9957 -0.7144 -0.0348 -0.4782 -0.0684 -0.0032 -0.2653 0.9617
1305031467.0278 -0.7061 -0.0390 -0.4825 -0.0693 -0.0061 -0.2675 0.9610
1305031467.0597 -0.6964 -0.0407 -0.4888 -0.0689 -0.0081 -0.2701 0.9603
1305031467.0957 -0.6809 -0.0504 -0.4932 -0.0716 -0.0112 -0.2723 0.9595
1305031467.1290 -0.6744 -0.0522 -0.4953 -0.0725 -0.0130 -0.2793 0.9574
1305031467.1597 -0.6635 -0.0551 -0.4962 -0.0722 -0.0166 -0.2848 0.9557
1305031467.1957 -0.6625 -0.0567 -0.4999 -0.0733 -0.0179 -0.2885 0.9545
1305031467.2277 -0.6515 -0.0572 -0.5025 -0.0724 -0.0241 -0.2914 0.9536
1305031467.2597 -0.6449 -0.0623 -0.5061 -0.0729 -0.0278 -0.2953 0.9522
1305031467.2958 -0.6336 -0.0608 -0.5108 -0.0707 -0.0331 -0.2994 0.9509
1305031467.3280 -0.6203 -0.0654 -0.5198 -0.0715 -0.0396 -0.3033 0.9494
1305031467.3597 -0.6072 -0.0617 -0.5248 -0.0722 -0.0449 -0.3055 0.9484
1305031467.3958 -0.5951 -0.0599 -0.5255 -0.0769 -0.0500 -0.3072 0.9472
1305031467.4278 -0.5847 -0.0679 -0.5272 -0.0797 -0.0554 -0.3087 0.9462
1305031467.4597 -0.5717 -0.0752 -0.5348 -0.0809 -0.0620 -0.3087 0.9457
1305031467.4961 -0.5533 -0.0803 -0.5465 -0.0849 -0.0699 -0.3130 0.9434
1305031467.5277 -0.5378 -0.0737 -0.5499 -0.0862 -0.0719 -0.3154 0.9423
1305031467.5598 -0.5299 -0.0822 -0.5512 -0.0880 -0.0737 -0.3161 0.9418
1305031467.5960 -0.5274 -0.0866 -0.5532 -0.0888 -0.0737 -0.3153 0.9419
1305031467.6275 -0.5183 -0.0892 -0.5532 -0.0871 -0.0772 -0.3113 0.9432
1305031467.6596 -0.5152 -0.1002 -0.5462 -0.0846 -0.0823 -0.3111 0.9430
1305031467.6959 -0.5103 -0.1058 -0.5426 -0.0848 -0.0852 -0.3135 0.9419
1305031467.7275 -0.5088 -0.1088 -0.5338 -0.0814 -0.0866 -0.3190 0.9403
1305031467.7599 -0.5064 -0.1206 -0.5258 -0.0796 -0.0894 -0.3206 0.9396
1305031467.7961 -0.5019 -0.1227 -0.5265 -0.0759 -0.0916 -0.3242 0.9385
1305031467.8278 -0.5091 -0.1346 -0.5103 -0.0755 -0.0926 -0.3262 0.9377
1305031467.8597 -0.5112 -0.1457 -0.5099 -0.0694 -0.0961 -0.3247 0.9383
1305031467.8959 -0.5065 -0.1546 -0.5084 -0.0674 -0.1021 -0.3251 0.9377
1305031467.9278 -0.5052 -0.1606 -0.4879 -0.0666 -0.1089 -0.3300 0.9353
1305031467.9598 -0.5073 -0.1655 -0.4774 -0.0595 -0.1124 -0.3341 0.9339
1305031467.9958 -0.5016 -0.1751 -0.4751 -0.0594 -0.1141 -0.3344 0.9336
1305031468.0281 -0.5004 -0.1738 -0.4564 -0.0591 -0.1133 -0.3374 0.9327
1305031468.0598 -0.5024 -0.1861 -0.4432 -0.0565 -0.1160 -0.3403 0.9314
1305031468.0959 -0.4988 -0.1907 -0.4367 -0.0555 -0.1182 -0.3421 0.9306
1305031468.1278 -0.4953 -0.1934 -0.4224 -0.0553 -0.1193 -0.3428 0.9302
1305031468.1599 -0.4906 -0.2036 -0.4057 -0.0551 -0.1219 -0.3438 0.9295
1305031468.1960 -0.4858 -0.2063 -0.3914 -0.0541 -0.1223 -0.3467 0.9284
1305031468.2282 -0.4782 -0.2123 -0.3724 -0.0533 -0.1227 -0.3475 0.9281
1305031468.2598 -0.4696 -0.2234 -0.3499 -0.0527 -0.1220 -0.3464 0.9286
1305031468.2958 -0.4605 -0.2372 -0.3318 -0.0526 -0.1219 -0.3468 0.9285
1305031468.3278 -0.4563 -0.2588 -0.3065 -0.0522 -0.1224 -0.3443 0.9294
1305031468.3598 -0.4546 -0.2747 -0.2918 -0.0508 -0.1202 -0.3401 0.9313
1305031468.4598 -0.4511 -0.3183 -0.2600 -0.0565 -0.1188 -0.3354 0.9328
1305031468.5278 -0.4557 -0.3416 -0.2319 -0.0555 -0.1157 -0.3419 0.9309
1305031468.5597 -0.4729 -0.3613 -0.2254 -0.0534 -0.1156 -0.3506 0.9278
1305031468.6596 -0.5057 -0.3927 -0.2073 -0.0589 -0.1175 -0.3579 0.9244
1305031468.6958 -0.5179 -0.4051 -0.2023 -0.0551 -0.1232 -0.3634 0.9218
1305031468.7278 -0.5281 -0.4214 -0.2056 -0.0539 -0.1281 -0.3655 0.9204
1305031468.7596 -0.5339 -0.4303 -0.1947 -0.0535 -0.1317 -0.3632 0.9208
1305031468.7958 -0.5530 -0.4448 -0.1865 -0.0528 -0.1326 -0.3684 0.9187
1305031468.8292 -0.5745 -0.4573 -0.1880 -0.0472 -0.1330 -0.3761 0.9158
1305031468.9596 -0.5860 -0.4632 -0.1685 -0.0481 -0.1142 -0.3791 0.9170
1305031468.9957 -0.5746 -0.4604 -0.1670 -0.0597 -0.1109 -0.3787 0.9169
1305031469.0598 -0.5944 -0.4767 -0.1467 -0.0941 -0.0997 -0.3884 0.9112
1305031469.1597 -0.5879 -0.4939 -0.1029 -0.1282 -0.0838 -0.4107 0.8988
1305031469.2278 -0.5957 -0.5028 -0.0838 -0.1402 -0.0656 -0.4161 0.8961
1305031469.2968 -0.5916 -0.5137 -0.0534 -0.1536 -0.0605 -0.4204 0.8922
1305031469.3276 -0.5886 -0.4997 -0.0426 -0.1527 -0.0573 -0.4218 0.8919
1305031469.3596 -0.5643 -0.5101 -0.0233 -0.1601 -0.0619 -0.4271 0.8878
1305031469.3957 -0.5567 -0.5138 -0.0067 -0.1595 -0.0537 -0.4332 0.8854
1305031469.4277 -0.5586 -0.5074 0.0046 -0.1567 -0.0411 -0.4401 0.8832
1305031469.4597 -0.5571 -0.5145 0.0157 -0.1601 -0.0351 -0.4488 0.8785
1305031469.4957 -0.5608 -0.4989 0.0286 -0.1583 -0.0281 -0.4508 0.8780
1305031469.5276 -0.5596 -0.4959 0.0355 -0.1622 -0.0277 -0.4504 0.8775
1305031469.5596 -0.5422 -0.4826 0.0449 -0.1636 -0.0303 -0.4472 0.8788
1305031469.6596 -0.5273 -0.4543 0.0813 -0.1851 -0.0218 -0.4454 0.8757
1305031469.7956 -0.5101 -0.3982 0.1138 -0.1996 -0.0020 -0.4350 0.8780
1305031469.9598 -0.5110 -0.3055 0.1625 -0.2209 -0.0022 -0.4211 0.8797
1305031470.1276 -0.5305 -0.2093 0.1774 -0.2291 0.0000 -0.4122 0.8818
1305031470.2957 -0.5632 -0.1234 0.1782 -0.2460 0.0063 -0.3945 0.8853
1305031470.4597 -0.6000 -0.0388 0.1806 -0.2551 0.0072 -0.3803 0.8889
1305031470.6277 -0.6411 0.0222 0.1762 -0.2517 0.0086 -0.3691 0.8946
1305031470.8278 -0.6846 0.0754 0.1813 -0.2465 0.0212 -0.3445 0.9056
1305031470.8596 -0.6912 0.0854 0.1813 -0.2387 0.0222 -0.3372 0.9104
1305031470.8957 -0.7015 0.0938 0.1803 -0.2334 0.0243 -0.3309 0.9140
1305031470.9277 -0.7068 0.1046 0.1805 -0.2249 0.0213 -0.3261 0.9179
1305031470.9596 -0.7169 0.1087 0.1801 -0.2150 0.0169 -0.3270 0.9201
1305031470.9960 -0.7267 0.1102 0.1795 -0.2076 0.0169 -0.3252 0.9224
1305031471.0276 -0.7292 0.1134 0.1767 -0.1948 0.0140 -0.3245 0.9255
1305031471.0596 -0.7390 0.1103 0.1765 -0.1873 0.0147 -0.3236 0.9273
1305031471.0958 -0.7451 0.1155 0.1727 -0.1753 0.0148 -0.3155 0.9325
1305031471.1277 -0.7534 0.1170 0.1701 -0.1699 0.0152 -0.3110 0.9350
1305031471.1596 -0.7564 0.1154 0.1695 -0.1651 0.0136 -0.3035 0.9383
1305031471.1957 -0.7582 0.1158 0.1674 -0.1625 0.0138 -0.3000 0.9399
1305031471.2276 -0.7634 0.1188 0.1681 -0.1614 0.0168 -0.2965 0.9411
1305031471.2597 -0.7667 0.1184 0.1686 -0.1622 0.0176 -0.2956 0.9413
1305031471.2961 -0.7718 0.1168 0.1692 -0.1624 0.0196 -0.2920 0.9423
1305031471.3276 -0.7703 0.1201 0.1684 -0.1558 0.0202 -0.2894 0.9442
1305031471.3596 -0.7717 0.1199 0.1673 -0.1540 0.0255 -0.2864 0.9453
1305031471.3957 -0.7770 0.1187 0.1677 -0.1534 0.0303 -0.2836 0.9461
1305031471.4277 -0.7849 0.1166 0.1668 -0.1532 0.0337 -0.2794 0.9473
1305031471.4965 -0.7983 0.1144 0.1625 -0.1570 0.0376 -0.2696 0.9493
1305031471.5276 -0.7992 0.1157 0.1617 -0.1561 0.0374 -0.2667 0.9503
1305031471.5597 -0.7989 0.1188 0.1603 -0.1540 0.0374 -0.2655 0.9510
1305031471.5957 -0.8034 0.1165 0.1602 -0.1553 0.0422 -0.2633 0.9512
1305031471.6276 -0.8047 0.1193 0.1576 -0.1522 0.0454 -0.2621 0.9519
1305031471.6596 -0.8033 0.1225 0.1482 -0.1443 0.0461 -0.2601 0.9536
1305031471.7958 -0.8080 0.1199 0.1337 -0.1418 0.0638 -0.2402 0.9582
1305031471.9956 -0.8083 0.1421 0.1321 -0.1459 0.0959 -0.2079 0.9625
1305031472.5276 -0.8263 0.1499 0.1614 -0.1335 0.1161 -0.1659 0.9701
1305031472.7276 -0.8211 0.1256 0.1641 -0.1247 0.1072 -0.1553 0.9741
