1305031453.3917 0.0000 0.0000 0.0000 0.0000 0.0000 0.0000 1.0000
1305031453.5237 0.0027 0.0107 -0.0401 0.0142 0.0263 0.0345 0.9990
1305031453.6277 -0.0011 0.0236 -0.0840 0.0332 0.0332 0.0482 0.9977
1305031453.7277 -0.0190 0.0356 -0.1237 0.0464 0.0213 0.0397 0.9979
1305031453.8597 -0.0426 0.0500 -0.1524 0.0552 -0.0213 0.0138 0.9982
1305031453.9277 -0.0630 0.0632 -0.1568 0.0546 -0.0550 0.0045 0.9970
1305031453.9596 -0.0748 0.0708 -0.1615 0.0548 -0.0691 -0.0029 0.9961
1305031453.9916 -0.0831 0.0778 -0.1524 0.0563 -0.0812 -0.0111 0.9950
1305031454.0277 -0.0973 0.0755 -0.1461 0.0573 -0.0926 -0.0176 0.9939
1305031454.0597 -0.1031 0.0804 -0.1436 0.0594 -0.1049 -0.0238 0.9924
1305031454.0917 -0.1149 0.0843 -0.1385 0.0617 -0.1168 -0.0326 0.9907
1305031454.1277 -0.1351 0.0909 -0.1249 0.0670 -0.1280 -0.0418 0.9886
1305031454.1597 -0.1505 0.0965 -0.1220 0.0682 -0.1418 -0.0518 0.9862
1305031454.1917 -0.1694 0.0997 -0.1277 0.0672 -0.1558 -0.0642 0.9834
1305031454.2277 -0.1977 0.1063 -0.1085 0.0731 -0.1674 -0.0784 0.9800
1305031454.2596 -0.2092 0.1090 -0.1083 0.0775 -0.1795 -0.0912 0.9765
1305031454.2916 -0.2176 0.1104 -0.1090 0.0756 -0.1880 -0.1012 0.9740
1305031454.3277 -0.2225 0.1145 -0.1006 0.0780 -0.2011 -0.1089 0.9704
1305031454.3596 -0.2348 0.1102 -0.1019 0.0788 -0.2109 -0.1197 0.9669
1305031454.3917 -0.2447 0.1168 -0.0975 0.0815 -0.2179 -0.1297 0.9639
1305031454.4275 -0.2518 0.1197 -0.0997 0.0822 -0.2301 -0.1380 0.9598
1305031454.4599 -0.2527 0.1196 -0.0952 0.0828 -0.2430 -0.1492 0.9549
1305031454.4916 -0.2563 0.1167 -0.0913 0.0827 -0.2496 -0.1621 0.9511
1305031454.5277 -0.2595 0.1335 -0.0807 0.0868 -0.2603 -0.1714 0.9462
1305031454.5596 -0.2641 0.1419 -0.0730 0.0851 -0.2686 -0.1792 0.9426
1305031454.5916 -0.2701 0.1539 -0.0719 0.0869 -0.2787 -0.1915 0.9371
1305031454.6276 -0.2770 0.1625 -0.0689 0.0877 -0.2911 -0.2018 0.9310
1305031454.6595 -0.2811 0.1818 -0.0662 0.0897 -0.3017 -0.2082 0.9261
1305031454.6919 -0.2955 0.1991 -0.0588 0.0882 -0.3130 -0.2120 0.9216
1305031454.7277 -0.3028 0.2008 -0.0648 0.0849 -0.3215 -0.2226 0.9164
1305031454.7597 -0.3050 0.2017 -0.0713 0.0772 -0.3243 -0.2194 0.9169
1305031454.7916 -0.3102 0.2056 -0.0691 0.0721 -0.3249 -0.2141 0.9184
1305031454.8276 -0.3057 0.2153 -0.0676 0.0686 -0.3260 -0.2066 0.9199
1305031454.8596 -0.3098 0.2138 -0.0604 0.0583 -0.3242 -0.2021 0.9223
1305031454.8918 -0.3131 0.2159 -0.0611 0.0526 -0.3196 -0.1961 0.9256
1305031454.9276 -0.3155 0.2160 -0.0570 0.0439 -0.3163 -0.1881 0.9288
1305031454.9596 -0.3174 0.2206 -0.0547 0.0392 -0.3139 -0.1815 0.9311
1305031454.9919 -0.3241 0.2208 -0.0620 0.0333 -0.3095 -0.1765 0.9338
1305031455.0278 -0.3271 0.2298 -0.0623 0.0333 -0.3089 -0.1728 0.9347
1305031455.0596 -0.3316 0.2389 -0.0647 0.0339 -0.3056 -0.1709 0.9361
1305031455.0917 -0.3334 0.2400 -0.0663 0.0337 -0.3046 -0.1704 0.9365
1305031455.1277 -0.3360 0.2443 -0.0712 0.0338 -0.3017 -0.1706 0.9374
1305031455.1597 -0.3423 0.2501 -0.0713 0.0324 -0.2994 -0.1665 0.9389
1305031455.1917 -0.3503 0.2558 -0.0742 0.0295 -0.2965 -0.1621 0.9407
1305031455.2276 -0.3598 0.2604 -0.0792 0.0291 -0.2929 -0.1590 0.9424
1305031455.2596 -0.3625 0.2666 -0.0796 0.0255 -0.2913 -0.1521 0.9441
1305031455.2918 -0.3693 0.2723 -0.0808 0.0189 -0.2883 -0.1422 0.9467
1305031455.3278 -0.3827 0.2800 -0.0980 0.0134 -0.2829 -0.1314 0.9500
1305031455.3596 -0.3874 0.2954 -0.0923 0.0084 -0.2833 -0.1224 0.9511
1305031455.3917 -0.3913 0.2920 -0.0924 -0.0046 -0.2805 -0.1134 0.9531
1305031455.4276 -0.4027 0.2975 -0.0975 -0.0108 -0.2745 -0.1045 0.9558
1305031455.4596 -0.4152 0.2965 -0.1082 -0.0160 -0.2697 -0.0977 0.9578
1305031455.4916 -0.4256 0.2999 -0.1167 -0.0196 -0.2661 -0.0889 0.9596
1305031455.5276 -0.4402 0.2974 -0.1289 -0.0247 -0.2622 -0.0775 0.9616
1305031455.5597 -0.4567 0.2997 -0.1431 -0.0265 -0.2608 -0.0647 0.9629
1305031455.5916 -0.4707 0.3011 -0.1585 -0.0292 -0.2603 -0.0531 0.9636
1305031455.6276 -0.4904 0.2995 -0.1643 -0.0334 -0.2574 -0.0426 0.9648
1305031455.6596 -0.5020 0.2983 -0.1724 -0.0316 -0.2563 -0.0366 0.9654
1305031455.6916 -0.5134 0.2936 -0.1879 -0.0296 -0.2537 -0.0377 0.9661
1305031455.7276 -0.5224 0.2906 -0.1965 -0.0284 -0.2517 -0.0416 0.9665
1305031455.7597 -0.5269 0.2885 -0.2037 -0.0278 -0.2495 -0.0426 0.9670
1305031455.7917 -0.5357 0.2789 -0.2143 -0.0282 -0.2457 -0.0425 0.9680
1305031455.8276 -0.5389 0.2739 -0.2230 -0.0277 -0.2457 -0.0415 0.9681
1305031455.8595 -0.5463 0.2671 -0.2338 -0.0285 -0.2440 -0.0421 0.9684
1305031455.8917 -0.5496 0.2646 -0.2438 -0.0284 -0.2428 -0.0422 0.9687
1305031455.9280 -0.5523 0.2592 -0.2482 -0.0301 -0.2420 -0.0409 0.9689
1305031455.9597 -0.5561 0.2575 -0.2551 -0.0297 -0.2403 -0.0419 0.9693
1305031455.9917 -0.5615 0.2536 -0.2602 -0.0318 -0.2376 -0.0424 0.9699
1305031456.0278 -0.5672 0.2577 -0.2693 -0.0327 -0.2337 -0.0484 0.9706
1305031456.0597 -0.5780 0.2389 -0.2778 -0.0451 -0.2288 -0.0570 0.9708
1305031456.0917 -0.5837 0.2311 -0.2791 -0.0497 -0.2266 -0.0604 0.9709
1305031456.1276 -0.5889 0.2251 -0.2816 -0.0515 -0.2243 -0.0609 0.9712
1305031456.1597 -0.5878 0.2121 -0.2801 -0.0552 -0.2236 -0.0606 0.9712
1305031456.1917 -0.5916 0.2046 -0.2776 -0.0518 -0.2194 -0.0590 0.9725
1305031456.2277 -0.5972 0.2026 -0.2808 -0.0510 -0.2107 -0.0542 0.9747
1305031456.2917 -0.6061 0.1821 -0.2747 -0.0547 -0.1931 -0.0471 0.9785
1305031456.3277 -0.6094 0.1762 -0.2692 -0.0521 -0.1863 -0.0388 0.9803
1305031456.3916 -0.6101 0.1534 -0.2557 -0.0569 -0.1705 -0.0279 0.9833
1305031456.4277 -0.6104 0.1521 -0.2598 -0.0524 -0.1648 -0.0182 0.9848
1305031456.4917 -0.6562 0.1668 -0.2600 -0.0545 -0.1527 -0.0056 0.9867
1305031456.5276 -0.6707 0.1692 -0.2491 -0.0592 -0.1540 -0.0011 0.9863
1305031456.5917 -0.6902 0.1766 -0.2412 -0.0592 -0.1502 0.0084 0.9868
1305031456.6276 -0.6934 0.1921 -0.2363 -0.0679 -0.1494 0.0146 0.9863
1305031456.6916 -0.7231 0.1730 -0.2192 -0.0853 -0.1408 0.0297 0.9859
1305031456.7916 -0.7817 0.1807 -0.2018 -0.0897 -0.1440 0.0519 0.9841
1305031457.0276 -0.8631 0.2059 -0.1577 -0.1053 -0.1270 0.0862 0.9825
1305031457.1917 -0.9159 0.2005 -0.1716 -0.1226 -0.0960 0.1121 0.9814
1305031457.2917 -0.9412 0.1794 -0.1956 -0.1228 -0.0752 0.1311 0.9809
1305031457.3917 -0.9772 0.1619 -0.2261 -0.1203 -0.0387 0.1503 0.9805
1305031457.4917 -1.0132 0.1361 -0.2573 -0.1211 -0.0232 0.1645 0.9786
1305031457.5597 -1.0243 0.1277 -0.2827 -0.1126 -0.0170 0.1738 0.9782
1305031457.6596 -1.0618 0.1237 -0.3124 -0.1016 -0.0063 0.1856 0.9773
1305031457.7596 -1.0923 0.0883 -0.3262 -0.1072 -0.0009 0.1831 0.9772
1305031457.8277 -1.1079 0.0702 -0.3409 -0.0924 0.0121 0.1831 0.9787
1305031457.8916 -1.1308 0.0310 -0.3436 -0.0891 0.0295 0.1816 0.9789
1305031457.9276 -1.1429 0.0240 -0.3512 -0.0766 0.0361 0.1859 0.9789
1305031457.9916 -1.1686 0.0013 -0.3623 -0.0662 0.0415 0.1914 0.9784
1305031458.0278 -1.1708 0.0000 -0.3656 -0.0545 0.0442 0.1954 0.9782
1305031458.0597 -1.1811 0.0105 -0.3738 -0.0435 0.0486 0.1986 0.9779
1305031458.0917 -1.1928 0.0034 -0.3713 -0.0449 0.0529 0.1994 0.9775
1305031458.1276 -1.2007 -0.0071 -0.3732 -0.0469 0.0553 0.1982 0.9775
1305031458.1596 -1.2100 -0.0210 -0.3712 -0.0488 0.0576 0.1970 0.9775
1305031458.1916 -1.2211 -0.0228 -0.3688 -0.0487 0.0576 0.1992 0.9770
1305031458.2276 -1.2308 -0.0339 -0.3511 -0.0567 0.0544 0.1992 0.9768
1305031458.2599 -1.2532 -0.0414 -0.3244 -0.0553 0.0554 0.1988 0.9769
1305031458.2917 -1.2686 -0.0592 -0.3189 -0.0495 0.0522 0.1945 0.9783
1305031458.3276 -1.2890 -0.0524 -0.2977 -0.0432 0.0478 0.1957 0.9785
1305031458.3596 -1.2879 -0.0839 -0.2771 -0.0444 0.0418 0.1994 0.9780
1305031458.3916 -1.3078 -0.0773 -0.2592 -0.0293 0.0415 0.2053 0.9774
1305031458.4276 -1.3203 -0.0687 -0.2389 -0.0198 0.0435 0.2157 0.9753
1305031458.4596 -1.3255 -0.0663 -0.2298 -0.0059 0.0484 0.2182 0.9747
1305031458.4917 -1.3285 -0.0841 -0.2214 0.0080 0.0589 0.2178 0.9742
1305031458.5277 -1.3273 -0.0894 -0.2110 0.0183 0.0652 0.2204 0.9730
1305031458.5596 -1.3258 -0.0909 -0.1978 0.0217 0.0694 0.2192 0.9730
1305031458.5916 -1.3353 -0.0975 -0.1894 0.0285 0.0744 0.2122 0.9740
1305031458.6277 -1.3521 -0.0857 -0.1715 0.0324 0.0768 0.2081 0.9745
1305031458.6596 -1.3566 -0.0761 -0.1481 0.0292 0.0678 0.2094 0.9750
1305031458.6917 -1.3636 -0.0602 -0.1224 0.0317 0.0514 0.2019 0.9776
1305031458.7276 -1.3577 -0.0632 -0.1116 0.0310 0.0333 0.1962 0.9795
1305031458.7599 -1.3701 -0.0643 -0.0890 0.0374 0.0214 0.1893 0.9810
1305031458.7916 -1.3808 -0.0425 -0.0685 0.0443 0.0069 0.1808 0.9825
1305031458.8276 -1.3833 -0.0407 -0.0372 0.0415 -0.0006 0.1785 0.9831
1305031458.8917 -1.3753 -0.0488 -0.0060 0.0456 -0.0073 0.1715 0.9841
1305031458.9276 -1.3928 -0.0415 -0.0029 0.0475 0.0015 0.1722 0.9839
1305031458.9596 -1.3974 -0.0455 0.0060 0.0400 0.0051 0.1803 0.9828
1305031458.9916 -1.4059 -0.0648 0.0186 0.0385 0.0104 0.1831 0.9823
1305031459.0277 -1.4275 -0.0766 0.0243 0.0473 0.0107 0.1800 0.9825
1305031459.0596 -1.4452 -0.0852 0.0369 0.0542 0.0048 0.1881 0.9806
1305031459.1276 -1.4614 -0.0377 0.0634 0.0813 0.0128 0.1856 0.9792
1305031459.1596 -1.4732 -0.0465 0.0800 0.0903 -0.0119 0.1886 0.9778
1305031459.1917 -1.4769 -0.0392 0.0972 0.0994 -0.0322 0.1944 0.9754
1305031459.2276 -1.4840 -0.0387 0.1054 0.1024 -0.0459 0.2017 0.9730
1305031459.2598 -1.4892 -0.0368 0.1249 0.1032 -0.0481 0.2078 0.9715
1305031459.3276 -1.5120 -0.0289 0.1552 0.0973 -0.0152 0.2284 0.9686
1305031459.3597 -1.5209 -0.0130 0.1653 0.1011 0.0073 0.2467 0.9638
1305031459.3917 -1.5482 0.0089 0.1704 0.0991 0.0378 0.2681 0.9575
1305031459.4276 -1.5422 0.0131 0.1832 0.0832 0.0674 0.3010 0.9476
1305031459.4597 -1.5530 0.0147 0.1940 0.0770 0.1023 0.3367 0.9329
1305031459.5276 -1.6407 0.0279 0.2636 0.0955 0.1414 0.3267 0.9296
1305031459.5596 -1.6529 0.0249 0.2697 0.0891 0.1579 0.3481 0.9198
1305031459.5917 -1.6633 0.0213 0.2695 0.0845 0.1625 0.3697 0.9109
1305031459.6276 -1.6729 0.0247 0.2738 0.0832 0.1634 0.3791 0.9070
1305031459.6596 -1.6813 0.0269 0.2767 0.0845 0.1678 0.3796 0.9059
1305031459.6916 -1.6965 0.0256 0.2863 0.0804 0.1799 0.3843 0.9019
1305031459.7276 -1.7054 0.0122 0.2831 0.0740 0.1853 0.3874 0.9001
1305031459.7917 -1.7413 -0.0120 0.2867 0.0753 0.1971 0.3801 0.9005
1305031459.8277 -1.7559 -0.0256 0.2902 0.0741 0.1984 0.3793 0.9007
1305031459.8597 -1.7779 -0.0463 0.2885 0.0684 0.2002 0.3799 0.9005
1305031459.8916 -1.7881 -0.0634 0.2981 0.0635 0.1986 0.3830 0.8999
1305031459.9276 -1.8012 -0.0814 0.3003 0.0616 0.1977 0.3847 0.8995
1305031459.9917 -1.8159 -0.1054 0.3163 0.0570 0.1942 0.3943 0.8964
1305031460.0276 -1.8238 -0.1180 0.3220 0.0560 0.1951 0.3967 0.8952
1305031460.0597 -1.8375 -0.1386 0.3242 0.0543 0.1976 0.3997 0.8934
1305031460.0917 -1.8479 -0.1590 0.3283 0.0537 0.1939 0.4053 0.8918
1305031460.1277 -1.8550 -0.1715 0.3339 0.0585 0.1859 0.4121 0.8901
1305031460.1597 -1.8681 -0.1789 0.3414 0.0659 0.1800 0.4155 0.8892
1305031460.1916 -1.8657 -0.1830 0.3587 0.0674 0.1719 0.4216 0.8878
1305031460.2278 -1.8592 -0.1857 0.3674 0.0686 0.1700 0.4242 0.8868
1305031460.2917 -1.8675 -0.2037 0.3730 0.0724 0.1864 0.4240 0.8833
1305031460.3275 -1.8652 -0.2104 0.3774 0.0732 0.1912 0.4252 0.8816
1305031460.3916 -1.8716 -0.2201 0.3821 0.0717 0.2099 0.4313 0.8745
1305031460.4275 -1.8709 -0.2237 0.3932 0.0724 0.2185 0.4359 0.8701
1305031460.4596 -1.8735 -0.2235 0.4016 0.0715 0.2323 0.4388 0.8651
1305031460.4915 -1.8778 -0.2330 0.4058 0.0640 0.2470 0.4437 0.8591
1305031460.5276 -1.8831 -0.2477 0.4074 0.0555 0.2599 0.4522 0.8514
1305031460.5596 -1.8788 -0.2538 0.4143 0.0508 0.2670 0.4561 0.8474
1305031460.5919 -1.8800 -0.2611 0.4206 0.0479 0.2742 0.4576 0.8445
1305031460.6276 -1.8815 -0.2676 0.4252 0.0458 0.2816 0.4592 0.8413
1305031460.6598 -1.8796 -0.2702 0.4265 0.0453 0.2840 0.4593 0.8405
1305031460.6917 -1.8846 -0.2808 0.4316 0.0420 0.2881 0.4613 0.8381
1305031460.7277 -1.8862 -0.2855 0.4345 0.0401 0.2894 0.4614 0.8377
1305031460.7597 -1.8825 -0.2954 0.4340 0.0358 0.2908 0.4611 0.8376
1305031460.7917 -1.8854 -0.2989 0.4401 0.0359 0.2933 0.4606 0.8370
1305031460.8277 -1.8871 -0.3035 0.4435 0.0338 0.2939 0.4591 0.8377
1305031460.8597 -1.8880 -0.3072 0.4481 0.0308 0.2961 0.4574 0.8380
1305031460.8918 -1.8865 -0.3146 0.4528 0.0262 0.2985 0.4559 0.8380
1305031460.9276 -1.8877 -0.3250 0.4583 0.0221 0.3007 0.4564 0.8371
1305031460.9917 -1.8792 -0.3443 0.4708 0.0191 0.3045 0.4586 0.8346
1305031461.0276 -1.8767 -0.3547 0.4794 0.0196 0.3066 0.4607 0.8327
1305031461.0917 -1.8753 -0.3699 0.4991 0.0202 0.3064 0.4584 0.8340
1305031461.1276 -1.8728 -0.3750 0.5054 0.0204 0.3073 0.4567 0.8346
1305031461.1597 -1.8721 -0.3850 0.5141 0.0220 0.3106 0.4537 0.8350
1305031461.1920 -1.8726 -0.3892 0.5219 0.0243 0.3129 0.4509 0.8356
1305031461.2276 -1.8693 -0.3987 0.5276 0.0220 0.3147 0.4498 0.8356
1305031461.2596 -1.8701 -0.4042 0.5361 0.0231 0.3173 0.4442 0.8375
1305031461.2917 -1.8691 -0.4061 0.5426 0.0253 0.3186 0.4384 0.8401
1305031461.3278 -1.8687 -0.4057 0.5477 0.0274 0.3211 0.4338 0.8414
1305031461.3597 -1.8672 -0.4062 0.5546 0.0239 0.3235 0.4311 0.8420
1305031461.3917 -1.8607 -0.4118 0.5593 0.0183 0.3231 0.4316 0.8421
1305031461.4276 -1.8545 -0.4130 0.5622 0.0183 0.3224 0.4312 0.8425
1305031461.4598 -1.8578 -0.4132 0.5631 0.0170 0.3238 0.4311 0.8420
1305031461.4917 -1.8479 -0.4198 0.5658 0.0132 0.3232 0.4312 0.8423
1305031461.5277 -1.8483 -0.4135 0.5663 0.0197 0.3245 0.4297 0.8424
1305031461.5597 -1.8422 -0.4088 0.5631 0.0187 0.3239 0.4269 0.8441
1305031461.5917 -1.8373 -0.4054 0.5512 0.0168 0.3277 0.4253 0.8435
1305031461.6275 -1.8381 -0.4028 0.5570 0.0151 0.3368 0.4259 0.8396
1305031461.6596 -1.8330 -0.3958 0.5544 0.0139 0.3389 0.4249 0.8393
1305031461.6916 -1.8363 -0.3916 0.5582 0.0138 0.3442 0.4274 0.8358
1305031461.7276 -1.8334 -0.3893 0.5597 0.0118 0.3459 0.4316 0.8330
1305031461.7597 -1.8291 -0.3791 0.5551 0.0121 0.3458 0.4331 0.8323
1305031461.7916 -1.8225 -0.3656 0.5466 0.0093 0.3444 0.4363 0.8313
1305031461.8276 -1.8175 -0.3560 0.5430 0.0065 0.3483 0.4393 0.8281
1305031461.8598 -1.8247 -0.3394 0.5434 0.0110 0.3547 0.4444 0.8225
1305031461.8917 -1.8270 -0.3295 0.5383 0.0062 0.3556 0.4575 0.8150
1305031461.9278 -1.8192 -0.3207 0.5328 -0.0015 0.3505 0.4703 0.8099
1305031461.9597 -1.8105 -0.3058 0.5210 -0.0088 0.3499 0.4714 0.8095
1305031461.9916 -1.8218 -0.3011 0.5253 -0.0191 0.3612 0.4773 0.8008
1305031462.0277 -1.8203 -0.3026 0.5307 -0.0325 0.3614 0.4896 0.7929
1305031462.0598 -1.8211 -0.2882 0.5271 -0.0325 0.3529 0.5029 0.7883
1305031462.0918 -1.8192 -0.2797 0.5276 -0.0370 0.3458 0.5142 0.7840
1305031462.1277 -1.8213 -0.2679 0.5286 -0.0376 0.3416 0.5236 0.7796
1305031462.1596 -1.8209 -0.2571 0.5289 -0.0389 0.3378 0.5317 0.7757
1305031462.1916 -1.8222 -0.2504 0.5306 -0.0435 0.3365 0.5315 0.7761
1305031462.2276 -1.8237 -0.2495 0.5304 -0.0536 0.3355 0.5328 0.7750
1305031462.2598 -1.8273 -0.2540 0.5361 -0.0651 0.3365 0.5305 0.7753
1305031462.2916 -1.8260 -0.2600 0.5391 -0.0789 0.3343 0.5282 0.7766
1305031462.3597 -1.8426 -0.2372 0.5479 -0.0890 0.3319 0.5143 0.7858
1305031462.4599 -1.9670 -0.2339 0.7654 -0.0863 0.4328 0.4705 0.7641
1305031462.6925 -2.0058 -0.2114 0.7889 -0.1252 0.4135 0.4195 0.7983
1305031462.8598 -2.0188 -0.2015 0.7697 -0.1591 0.3887 0.3787 0.8248
1305031462.9597 -2.0175 -0.1940 0.7357 -0.1654 0.3821 0.3734 0.8290
1305031463.0598 -2.0223 -0.1910 0.6990 -0.1604 0.3735 0.3563 0.8413
1305031463.1598 -2.0211 -0.1757 0.6605 -0.1546 0.3640 0.3314 0.8566
1305031463.2600 -2.0161 -0.1533 0.6262 -0.1492 0.3613 0.3124 0.8658
1305031463.3956 -1.9986 -0.1223 0.5917 -0.1385 0.3502 0.2955 0.8780
1305031463.4956 -1.9843 -0.0616 0.5750 -0.1224 0.3515 0.2807 0.8847
1305031463.5598 -1.9648 -0.0360 0.5423 -0.1113 0.3527 0.2776 0.8867
1305031463.6598 -1.9288 -0.0396 0.4907 -0.1082 0.3462 0.2773 0.8897
1305031463.7276 -1.9079 -0.0464 0.4550 -0.1129 0.3440 0.2681 0.8928
1305031463.7597 -1.8920 -0.0557 0.4311 -0.1110 0.3434 0.2611 0.8953
1305031463.8278 -1.8739 -0.0665 0.3971 -0.1111 0.3453 0.2415 0.9001
1305031463.8599 -1.8596 -0.0761 0.3727 -0.1127 0.3430 0.2294 0.9039
1305031463.8956 -1.8467 -0.0868 0.3488 -0.1120 0.3405 0.2213 0.9069
1305031463.9597 -1.8321 -0.1111 0.3192 -0.1165 0.3360 0.2077 0.9113
1305031463.9958 -1.8281 -0.1209 0.3079 -0.1140 0.3347 0.1997 0.9138
1305031464.0277 -1.8246 -0.1257 0.2895 -0.1131 0.3312 0.1929 0.9167
1305031464.0597 -1.8139 -0.1483 0.2765 -0.1198 0.3295 0.1817 0.9187
1305031464.0956 -1.8164 -0.1464 0.2632 -0.1134 0.3318 0.1675 0.9214
1305031464.1277 -1.8266 -0.1514 0.2627 -0.1107 0.3365 0.1599 0.9214
1305031464.1598 -1.8240 -0.1720 0.2599 -0.1111 0.3346 0.1556 0.9228
1305031464.1956 -1.8246 -0.1877 0.2442 -0.1031 0.3289 0.1511 0.9265
1305031464.2276 -1.8282 -0.1788 0.2323 -0.0885 0.3197 0.1459 0.9320
1305031464.2596 -1.8324 -0.1780 0.2204 -0.0818 0.3058 0.1452 0.9374
1305031464.2957 -1.8331 -0.1868 0.2181 -0.0828 0.2919 0.1415 0.9423
1305031464.3279 -1.8199 -0.1835 0.2106 -0.0810 0.2774 0.1348 0.9478
1305031464.3597 -1.8162 -0.1975 0.2067 -0.0819 0.2713 0.1278 0.9505
1305031464.3956 -1.8094 -0.2060 0.1954 -0.0806 0.2668 0.1219 0.9526
1305031464.4276 -1.8063 -0.2057 0.1884 -0.0805 0.2663 0.1112 0.9541
1305031464.4597 -1.8056 -0.2108 0.1804 -0.0794 0.2653 0.1015 0.9555
1305031464.4956 -1.7999 -0.2077 0.1707 -0.0767 0.2634 0.0938 0.9571
1305031464.5276 -1.7998 -0.2197 0.1527 -0.0787 0.2634 0.0864 0.9576
1305031464.5597 -1.7909 -0.2262 0.1373 -0.0824 0.2608 0.0768 0.9588
1305031464.5957 -1.7713 -0.2536 0.1211 -0.0859 0.2612 0.0649 0.9593
1305031464.6277 -1.7598 -0.2546 0.1115 -0.0738 0.2720 0.0545 0.9579
1305031464.6597 -1.7531 -0.2709 0.0957 -0.0669 0.2817 0.0431 0.9562
1305031464.6957 -1.7377 -0.2949 0.0912 -0.0594 0.2894 0.0243 0.9551
1305031464.7277 -1.7315 -0.2951 0.0847 -0.0423 0.2921 0.0048 0.9555
1305031464.7597 -1.7344 -0.2907 0.0828 -0.0304 0.2914 -0.0133 0.9560
1305031464.7960 -1.7355 -0.2998 0.0889 -0.0285 0.2863 -0.0347 0.9571
1305031464.8278 -1.7386 -0.3100 0.0986 -0.0216 0.2745 -0.0495 0.9601
1305031464.8597 -1.7374 -0.3003 0.1117 -0.0166 0.2593 -0.0661 0.9634
1305031464.8958 -1.7212 -0.2932 0.1178 -0.0196 0.2416 -0.0821 0.9667
1305031464.9278 -1.7115 -0.3171 0.1333 -0.0290 0.2299 -0.1014 0.9675
1305031464.9598 -1.7077 -0.3305 0.1451 -0.0308 0.2255 -0.1191 0.9664
1305031464.9957 -1.6970 -0.3240 0.1505 -0.0262 0.2219 -0.1410 0.9645
1305031465.0278 -1.6958 -0.3182 0.1670 -0.0257 0.2223 -0.1618 0.9611
1305031465.0597 -1.7080 -0.2972 0.1798 -0.0214 0.2206 -0.1837 0.9577
1305031465.0957 -1.6655 -0.2514 0.1916 -0.0206 0.2044 -0.1986 0.9583
1305031465.1277 -1.6481 -0.2441 0.2055 -0.0413 0.1920 -0.2092 0.9579
1305031465.1598 -1.6225 -0.2422 0.2202 -0.0595 0.1797 -0.2129 0.9585
1305031465.1956 -1.5937 -0.2448 0.2322 -0.0753 0.1673 -0.2160 0.9590
1305031465.2279 -1.5671 -0.2366 0.2458 -0.0880 0.1581 -0.2201 0.9586
1305031465.2956 -1.5492 -0.2148 0.2694 -0.1032 0.1485 -0.2106 0.9607
1305031465.3599 -1.5160 -0.2059 0.2891 -0.1165 0.1271 -0.1852 0.9675
1305031465.4277 -1.4742 -0.2037 0.2909 -0.1153 0.1002 -0.1647 0.9744
1305031465.4601 -1.4700 -0.1908 0.2856 -0.1111 0.0976 -0.1563 0.9766
1305031465.4957 -1.4556 -0.1802 0.2812 -0.1119 0.0927 -0.1473 0.9784
1305031465.5276 -1.4404 -0.1893 0.2816 -0.1169 0.0862 -0.1425 0.9791
1305031465.5598 -1.4212 -0.1876 0.2719 -0.1122 0.0784 -0.1377 0.9810
1305031465.5956 -1.4052 -0.1859 0.2629 -0.1090 0.0748 -0.1321 0.9824
1305031465.6277 -1.3941 -0.1770 0.2550 -0.1041 0.0726 -0.1258 0.9839
1305031465.6601 -1.3830 -0.1713 0.2459 -0.1012 0.0679 -0.1185 0.9854
1305031465.6957 -1.3665 -0.1698 0.2373 -0.0982 0.0623 -0.1147 0.9866
1305031465.7277 -1.3529 -0.1604 0.2291 -0.0913 0.0603 -0.1097 0.9879
1305031465.7598 -1.3348 -0.1531 0.2168 -0.0855 0.0563 -0.1023 0.9895
1305031465.7959 -1.3151 -0.1483 0.2092 -0.0820 0.0533 -0.0972 0.9904
1305031465.8280 -1.3033 -0.1473 0.1989 -0.0776 0.0514 -0.0947 0.9911
1305031465.8599 -1.2771 -0.1312 0.1859 -0.0658 0.0478 -0.0917 0.9925
1305031465.8955 -1.2503 -0.1238 0.1735 -0.0632 0.0513 -0.0905 0.9926
1305031465.9275 -1.2318 -0.1203 0.1644 -0.0592 0.0594 -0.0909 0.9923
1305031465.9597 -1.2072 -0.1101 0.1530 -0.0489 0.0637 -0.0937 0.9924
1305031465.9958 -1.1866 -0.1024 0.1432 -0.0436 0.0670 -0.0969 0.9921
1305031466.0276 -1.1680 -0.1010 0.1294 -0.0423 0.0664 -0.0968 0.9922
1305031466.0598 -1.1476 -0.0842 0.1111 -0.0415 0.0668 -0.0952 0.9923
1305031466.0958 -1.1426 -0.0659 0.0999 -0.0433 0.0678 -0.0977 0.9920
1305031466.1276 -1.1315 -0.0459 0.0931 -0.0464 0.0658 -0.0999 0.9917
1305031466.1604 -1.1224 -0.0273 0.0811 -0.0484 0.0633 -0.0958 0.9922
1305031466.1958 -1.1134 -0.0141 0.0696 -0.0559 0.0579 -0.0937 0.9923
1305031466.2280 -1.0976 -0.0165 0.0605 -0.0708 0.0505 -0.0928 0.9919
1305031466.2598 -1.0829 -0.0266 0.0474 -0.0773 0.0465 -0.0963 0.9913
1305031466.2957 -1.0626 -0.0240 0.0323 -0.0754 0.0475 -0.1071 0.9903
1305031466.3277 -1.0418 -0.0303 0.0111 -0.0770 0.0516 -0.1148 0.9890
1305031466.3598 -1.0362 -0.0232 -0.0099 -0.0791 0.0612 -0.1237 0.9873
1305031466.3958 -1.0281 -0.0406 -0.0259 -0.0830 0.0626 -0.1257 0.9866
1305031466.4278 -1.0234 -0.0389 -0.0422 -0.0790 0.0613 -0.1296 0.9865
1305031466.4598 -1.0146 -0.0340 -0.0553 -0.0792 0.0574 -0.1330 0.9863
1305031466.4958 -1.0025 -0.0305 -0.0694 -0.0813 0.0556 -0.1345 0.9860
1305031466.5275 -0.9769 -0.0432 -0.0834 -0.0850 0.0536 -0.1359 0.9856
1305031466.5604 -0.9588 -0.0325 -0.1006 -0.0819 0.0569 -0.1360 0.9857
1305031466.5959 -0.9380 -0.0388 -0.1175 -0.0934 0.0559 -0.1379 0.9844
1305031466.6275 -0.9171 -0.0577 -0.1208 -0.1031 0.0558 -0.1449 0.9825
1305031466.6597 -0.8949 -0.0657 -0.1352 -0.0997 0.0551 -0.1489 0.9823
1305031466.6958 -0.8765 -0.0650 -0.1535 -0.1005 0.0527 -0.1559 0.9812
1305031466.7281 -0.8643 -0.0754 -0.1610 -0.1105 0.0509 -0.1657 0.9786
1305031466.7596 -0.8448 -0.0874 -0.1607 -0.1112 0.0487 -0.1724 0.9775
1305031466.7956 -0.8316 -0.0931 -0.1736 -0.1092 0.0463 -0.1758 0.9772
1305031466.8279 -0.8191 -0.0959 -0.1921 -0.1117 0.0432 -0.1767 0.9770
1305031466.8597 -0.8172 -0.1025 -0.1923 -0.1148 0.0416 -0.1753 0.9769
1305031466.8957 -0.8062 -0.1080 -0.2013 -0.1142 0.0328 -0.1747 0.9774
1305031466.9278 -0.7944 -0.1168 -0.2064 -0.1175 0.0191 -0.1756 0.9772
1305031466.9597 -0.7815 -0.1249 -0.2117 -0.1193 0.0104 -0.1757 0.9771
1305031466.9957 -0.7753 -0.1305 -0.2184 -0.1202 0.0081 -0.1776 0.9767
1305031467.0278 -0.7647 -0.1317 -0.2185 -0.1207 0.0049 -0.1796 0.9763
1305031467.0597 -0.7523 -0.1380 -0.2244 -0.1218 0.0023 -0.1817 0.9758
1305031467.0957 -0.7369 -0.1472 -0.2313 -0.1248 -0.0004 -0.1848 0.9748
1305031467.1290 -0.7311 -0.1530 -0.2352 -0.1267 -0.0032 -0.1921 0.9732
1305031467.1597 -0.7223 -0.1575 -0.2388 -0.1272 -0.0066 -0.1969 0.9721
1305031467.1957 -0.7186 -0.1577 -0.2391 -0.1273 -0.0089 -0.1994 0.9716
1305031467.2277 -0.7105 -0.1607 -0.2444 -0.1276 -0.0147 -0.2039 0.9705
1305031467.2597 -0.7027 -0.1609 -0.2473 -0.1263 -0.0189 -0.2077 0.9698
1305031467.2958 -0.6923 -0.1613 -0.2499 -0.1254 -0.0248 -0.2114 0.9690
1305031467.3280 -0.6848 -0.1656 -0.2572 -0.1260 -0.0287 -0.2147 0.9681
1305031467.3597 -0.6731 -0.1629 -0.2626 -0.1274 -0.0345 -0.2166 0.9673
1305031467.3958 -0.6552 -0.1572 -0.2604 -0.1310 -0.0428 -0.2177 0.9662
1305031467.4278 -0.6497 -0.1647 -0.2675 -0.1335 -0.0469 -0.2191 0.9654
1305031467.4597 -0.6404 -0.1673 -0.2750 -0.1334 -0.0513 -0.2198 0.9650
1305031467.4961 -0.6273 -0.1662 -0.2887 -0.1360 -0.0570 -0.2216 0.9639
1305031467.5277 -0.6100 -0.1623 -0.2914 -0.1377 -0.0619 -0.2246 0.9627
1305031467.5598 -0.6006 -0.1697 -0.2917 -0.1389 -0.0639 -0.2253 0.9622
1305031467.5960 -0.5979 -0.1712 -0.2943 -0.1392 -0.0637 -0.2244 0.9624
1305031467.6275 -0.5883 -0.1781 -0.2962 -0.1382 -0.0673 -0.2214 0.9630
1305031467.6596 -0.5866 -0.1911 -0.2853 -0.1370 -0.0709 -0.2208 0.9630
1305031467.6959 -0.5803 -0.1951 -0.2869 -0.1360 -0.0738 -0.2234 0.9624
1305031467.7275 -0.5770 -0.1991 -0.2737 -0.1336 -0.0756 -0.2281 0.9615
1305031467.7599 -0.5745 -0.2094 -0.2662 -0.1312 -0.0780 -0.2302 0.9611
1305031467.7961 -0.5698 -0.2172 -0.2586 -0.1302 -0.0805 -0.2330 0.9604
1305031467.8278 -0.5710 -0.2207 -0.2439 -0.1264 -0.0819 -0.2356 0.9601
1305031467.8597 -0.5715 -0.2266 -0.2356 -0.1199 -0.0844 -0.2332 0.9613
1305031467.8959 -0.5702 -0.2373 -0.2270 -0.1189 -0.0893 -0.2339 0.9608
1305031467.9278 -0.5696 -0.2429 -0.2104 -0.1171 -0.0953 -0.2401 0.9589
1305031467.9598 -0.5722 -0.2457 -0.2019 -0.1101 -0.0979 -0.2457 0.9581
1305031467.9958 -0.5633 -0.2510 -0.1937 -0.1096 -0.1006 -0.2459 0.9578
1305031468.0281 -0.5562 -0.2471 -0.1761 -0.1087 -0.1013 -0.2487 0.9571
1305031468.0598 -0.5566 -0.2601 -0.1586 -0.1069 -0.1039 -0.2513 0.9564
1305031468.0959 -0.5482 -0.2713 -0.1515 -0.1074 -0.1073 -0.2511 0.9560
1305031468.1278 -0.5429 -0.2752 -0.1361 -0.1085 -0.1088 -0.2502 0.9559
1305031468.1599 -0.5347 -0.2813 -0.1170 -0.1083 -0.1119 -0.2501 0.9556
1305031468.1960 -0.5254 -0.2863 -0.1053 -0.1079 -0.1134 -0.2525 0.9549
1305031468.2282 -0.5087 -0.2985 -0.0851 -0.1098 -0.1160 -0.2519 0.9545
1305031468.2598 -0.4914 -0.3097 -0.0682 -0.1097 -0.1177 -0.2493 0.9550
1305031468.2958 -0.4753 -0.3201 -0.0487 -0.1102 -0.1190 -0.2485 0.9550
1305031468.3278 -0.4612 -0.3458 -0.0299 -0.1122 -0.1206 -0.2458 0.9552
1305031468.3598 -0.4571 -0.3563 -0.0124 -0.1106 -0.1177 -0.2425 0.9566
1305031468.4598 -0.4405 -0.4009 0.0247 -0.1183 -0.1180 -0.2366 0.9571
1305031468.5278 -0.4322 -0.4299 0.0522 -0.1213 -0.1173 -0.2416 0.9556
1305031468.5597 -0.4445 -0.4479 0.0605 -0.1176 -0.1178 -0.2509 0.9536
1305031468.6596 -0.4724 -0.4860 0.0799 -0.1233 -0.1191 -0.2599 0.9503
1305031468.6958 -0.4842 -0.4962 0.0926 -0.1193 -0.1241 -0.2643 0.9490
1305031468.7278 -0.4880 -0.5120 0.0949 -0.1168 -0.1295 -0.2645 0.9485
1305031468.7958 -0.4987 -0.5328 0.1188 -0.1126 -0.1368 -0.2661 0.9475
1305031468.8292 -0.5172 -0.5464 0.1209 -0.1062 -0.1372 -0.2735 0.9461
1305031468.9596 -0.5274 -0.5559 0.1411 -0.1096 -0.1186 -0.2771 0.9472
1305031469.0277 -0.5244 -0.5586 0.1539 -0.1421 -0.1117 -0.2809 0.9426
1305031469.1277 -0.5205 -0.5622 0.1925 -0.1762 -0.1073 -0.3051 0.9297
1305031469.1955 -0.5181 -0.5714 0.2139 -0.1934 -0.0908 -0.3141 0.9250
1305031469.2596 -0.5218 -0.5707 0.2402 -0.2031 -0.0832 -0.3200 0.9216
1305031469.2968 -0.5223 -0.5677 0.2536 -0.2072 -0.0792 -0.3221 0.9204
1305031469.3276 -0.5183 -0.5594 0.2636 -0.2092 -0.0774 -0.3216 0.9202
1305031469.3596 -0.4995 -0.5608 0.2799 -0.2149 -0.0800 -0.3260 0.9171
1305031469.3957 -0.4875 -0.5614 0.3008 -0.2160 -0.0735 -0.3316 0.9154
1305031469.4277 -0.4894 -0.5518 0.3029 -0.2125 -0.0611 -0.3404 0.9139
1305031469.4597 -0.4868 -0.5510 0.3186 -0.2150 -0.0556 -0.3491 0.9104
1305031469.4957 -0.4947 -0.5338 0.3292 -0.2131 -0.0481 -0.3519 0.9102
1305031469.5276 -0.4877 -0.5265 0.3371 -0.2153 -0.0501 -0.3504 0.9101
1305031469.5596 -0.4758 -0.5142 0.3461 -0.2190 -0.0529 -0.3483 0.9099
1305031469.6596 -0.4695 -0.4701 0.3764 -0.2372 -0.0440 -0.3478 0.9060
1305031469.7596 -0.4708 -0.4239 0.3997 -0.2496 -0.0239 -0.3397 0.9065
1305031469.9279 -0.4796 -0.3202 0.4412 -0.2706 -0.0204 -0.3224 0.9069
1305031470.0959 -0.5138 -0.2260 0.4557 -0.2768 -0.0217 -0.3120 0.9086
1305031470.2600 -0.5617 -0.1478 0.4441 -0.2906 -0.0162 -0.2960 0.9098
1305031470.4276 -0.6067 -0.0750 0.4371 -0.3069 -0.0185 -0.2779 0.9101
1305031470.5958 -0.6629 -0.0342 0.4295 -0.3100 -0.0204 -0.2707 0.9112
1305031470.7956 -0.7162 0.0148 0.4312 -0.3111 -0.0058 -0.2508 0.9166
1305031470.8278 -0.7248 0.0216 0.4313 -0.3062 -0.0039 -0.2462 0.9196
1305031470.8596 -0.7343 0.0309 0.4294 -0.2975 -0.0009 -0.2396 0.9242
1305031470.8957 -0.7443 0.0355 0.4261 -0.2922 0.0004 -0.2348 0.9271
1305031470.9277 -0.7520 0.0433 0.4275 -0.2853 -0.0008 -0.2281 0.9309
1305031470.9596 -0.7648 0.0484 0.4274 -0.2728 -0.0028 -0.2305 0.9340
1305031470.9960 -0.7730 0.0489 0.4284 -0.2655 -0.0027 -0.2284 0.9367
1305031471.0276 -0.7775 0.0474 0.4272 -0.2570 -0.0043 -0.2279 0.9391
1305031471.0596 -0.7851 0.0453 0.4286 -0.2481 -0.0032 -0.2258 0.9420
1305031471.0958 -0.7901 0.0491 0.4223 -0.2350 -0.0030 -0.2175 0.9474
1305031471.1277 -0.8000 0.0531 0.4224 -0.2271 -0.0001 -0.2116 0.9506
1305031471.1596 -0.7996 0.0503 0.4219 -0.2227 -0.0032 -0.2052 0.9530
1305031471.1957 -0.8036 0.0518 0.4214 -0.2197 -0.0008 -0.2016 0.9545
1305031471.2276 -0.8080 0.0536 0.4203 -0.2181 0.0021 -0.1979 0.9557
1305031471.2597 -0.8108 0.0541 0.4214 -0.2181 0.0027 -0.1964 0.9559
1305031471.2961 -0.8126 0.0537 0.4217 -0.2164 0.0032 -0.1928 0.9571
1305031471.3276 -0.8136 0.0554 0.4204 -0.2112 0.0056 -0.1908 0.9586
1305031471.3596 -0.8162 0.0562 0.4200 -0.2096 0.0112 -0.1889 0.9593
1305031471.3957 -0.8196 0.0525 0.4206 -0.2099 0.0152 -0.1852 0.9599
1305031471.4277 -0.8251 0.0512 0.4194 -0.2080 0.0183 -0.1805 0.9611
1305031471.4965 -0.8369 0.0492 0.4168 -0.2097 0.0221 -0.1722 0.9622
1305031471.5276 -0.8394 0.0498 0.4159 -0.2095 0.0227 -0.1700 0.9626
1305031471.5597 -0.8394 0.0511 0.4146 -0.2086 0.0228 -0.1682 0.9632
1305031471.5957 -0.8403 0.0512 0.4142 -0.2076 0.0255 -0.1661 0.9637
1305031471.6276 -0.8434 0.0496 0.4129 -0.2075 0.0300 -0.1640 0.9639
1305031471.6596 -0.8427 0.0510 0.4066 -0.2017 0.0316 -0.1624 0.9654
1305031471.7958 -0.8499 0.0439 0.3923 -0.2018 0.0522 -0.1441 0.9674
1305031471.9956 -0.8572 0.0608 0.3856 -0.2101 0.0866 -0.1138 0.9672
1305031472.3636 -0.9016 0.0413 0.4233 -0.2356 0.1265 -0.0820 0.9601
1305031472.5957 -0.9040 0.0240 0.4310 -0.2266 0.1248 -0.0776 0.9628
1305031472.8276 -0.8976 -0.0007 0.4453 -0.2220 0.1231 -0.0776 0.9641
