1305031453.3917 0.0000 0.0000 0.0000 0.0000 0.0000 0.0000 1.0000
1305031453.5237 0.0044 0.0243 -0.0409 0.0194 0.0248 0.0369 0.9988
1305031453.6277 0.0018 0.0391 -0.0833 0.0393 0.0306 0.0506 0.9975
1305031453.7277 -0.0057 0.0572 -0.1269 0.0546 0.0148 0.0423 0.9975
1305031453.8597 -0.0348 0.0759 -0.1741 0.0646 -0.0242 0.0150 0.9975
1305031453.9277 -0.0463 0.0830 -0.1775 0.0619 -0.0603 0.0047 0.9962
1305031453.9596 -0.0441 0.0828 -0.1800 0.0596 -0.0788 -0.0016 0.9951
1305031453.9916 -0.0546 0.0842 -0.1767 0.0592 -0.0902 -0.0097 0.9941
1305031454.0277 -0.0634 0.0901 -0.1746 0.0626 -0.1035 -0.0157 0.9925
1305031454.0597 -0.0778 0.0978 -0.1750 0.0658 -0.1121 -0.0236 0.9912
1305031454.0917 -0.0997 0.1073 -0.1646 0.0696 -0.1208 -0.0313 0.9897
1305031454.1277 -0.1194 0.1156 -0.1592 0.0755 -0.1316 -0.0403 0.9876
1305031454.1597 -0.1333 0.1226 -0.1600 0.0774 -0.1446 -0.0482 0.9853
1305031454.1917 -0.1477 0.1260 -0.1556 0.0776 -0.1600 -0.0586 0.9823
1305031454.2277 -0.1716 0.1308 -0.1489 0.0824 -0.1722 -0.0738 0.9788
1305031454.2596 -0.1730 0.1287 -0.1543 0.0839 -0.1871 -0.0865 0.9749
1305031454.2916 -0.1801 0.1312 -0.1559 0.0830 -0.1960 -0.0961 0.9723
1305031454.3277 -0.1892 0.1322 -0.1536 0.0839 -0.2066 -0.1057 0.9691
1305031454.3596 -0.1966 0.1353 -0.1625 0.0887 -0.2166 -0.1185 0.9650
1305031454.3917 -0.2027 0.1398 -0.1623 0.0904 -0.2253 -0.1276 0.9616
1305031454.4275 -0.2114 0.1394 -0.1685 0.0898 -0.2363 -0.1366 0.9578
1305031454.4599 -0.2198 0.1443 -0.1692 0.0922 -0.2456 -0.1487 0.9534
1305031454.4916 -0.2226 0.1466 -0.1682 0.0942 -0.2512 -0.1617 0.9497
1305031454.5277 -0.2207 0.1516 -0.1630 0.0950 -0.2615 -0.1746 0.9445
1305031454.5596 -0.2273 0.1541 -0.1590 0.0925 -0.2692 -0.1843 0.9407
1305031454.5916 -0.2378 0.1592 -0.1600 0.0908 -0.2779 -0.1964 0.9359
1305031454.6276 -0.2446 0.1613 -0.1589 0.0886 -0.2904 -0.2062 0.9302
1305031454.6595 -0.2542 0.1791 -0.1527 0.0897 -0.3005 -0.2117 0.9256
1305031454.6919 -0.2677 0.1851 -0.1515 0.0838 -0.3116 -0.2155 0.9216
1305031454.7277 -0.2725 0.1920 -0.1545 0.0821 -0.3223 -0.2205 0.9169
1305031454.7597 -0.2726 0.1960 -0.1511 0.0783 -0.3282 -0.2176 0.9158
1305031454.7916 -0.2720 0.1951 -0.1465 0.0716 -0.3320 -0.2116 0.9165
1305031454.8276 -0.2705 0.2017 -0.1466 0.0676 -0.3327 -0.2057 0.9178
1305031454.8596 -0.2703 0.1995 -0.1350 0.0587 -0.3340 -0.1999 0.9192
1305031454.8918 -0.2723 0.2010 -0.1358 0.0539 -0.3300 -0.1956 0.9219
1305031454.9276 -0.2760 0.2116 -0.1286 0.0504 -0.3270 -0.1874 0.9249
1305031454.9596 -0.2781 0.2180 -0.1275 0.0480 -0.3243 -0.1832 0.9268
1305031454.9919 -0.2821 0.2209 -0.1306 0.0448 -0.3214 -0.1792 0.9288
1305031455.0278 -0.2837 0.2270 -0.1306 0.0444 -0.3213 -0.1766 0.9293
1305031455.0596 -0.2880 0.2324 -0.1327 0.0438 -0.3185 -0.1751 0.9306
1305031455.0917 -0.2911 0.2350 -0.1369 0.0443 -0.3160 -0.1751 0.9314
1305031455.1277 -0.2950 0.2435 -0.1428 0.0467 -0.3119 -0.1752 0.9327
1305031455.1597 -0.3028 0.2495 -0.1489 0.0463 -0.3073 -0.1732 0.9346
1305031455.1917 -0.3085 0.2527 -0.1478 0.0423 -0.3064 -0.1675 0.9361
1305031455.2276 -0.3134 0.2540 -0.1498 0.0405 -0.3052 -0.1639 0.9372
1305031455.2596 -0.3177 0.2633 -0.1510 0.0392 -0.3026 -0.1585 0.9390
1305031455.2918 -0.3252 0.2611 -0.1506 0.0278 -0.3000 -0.1482 0.9419
1305031455.3278 -0.3366 0.2682 -0.1639 0.0228 -0.2956 -0.1394 0.9448
1305031455.3596 -0.3432 0.2814 -0.1579 0.0171 -0.2957 -0.1293 0.9463
1305031455.3917 -0.3502 0.2762 -0.1540 0.0025 -0.2932 -0.1206 0.9484
1305031455.4276 -0.3624 0.2787 -0.1620 -0.0044 -0.2867 -0.1124 0.9514
1305031455.4596 -0.3759 0.2797 -0.1697 -0.0082 -0.2825 -0.1065 0.9533
1305031455.4916 -0.3853 0.2802 -0.1783 -0.0129 -0.2796 -0.0990 0.9549
1305031455.5276 -0.4006 0.2748 -0.1896 -0.0198 -0.2762 -0.0893 0.9567
1305031455.5597 -0.4203 0.2800 -0.2050 -0.0205 -0.2738 -0.0785 0.9584
1305031455.5916 -0.4335 0.2811 -0.2198 -0.0236 -0.2737 -0.0676 0.9591
1305031455.6596 -0.4622 0.2825 -0.2352 -0.0241 -0.2706 -0.0480 0.9612
1305031455.6916 -0.4765 0.2819 -0.2527 -0.0209 -0.2669 -0.0495 0.9622
1305031455.7276 -0.4848 0.2815 -0.2586 -0.0190 -0.2653 -0.0522 0.9626
1305031455.7597 -0.4901 0.2792 -0.2654 -0.0187 -0.2627 -0.0535 0.9632
1305031455.7917 -0.4956 0.2735 -0.2714 -0.0185 -0.2609 -0.0526 0.9638
1305031455.8276 -0.4998 0.2699 -0.2827 -0.0175 -0.2598 -0.0518 0.9641
1305031455.8595 -0.5062 0.2663 -0.2918 -0.0180 -0.2587 -0.0516 0.9644
1305031455.8917 -0.5084 0.2640 -0.2999 -0.0180 -0.2579 -0.0516 0.9646
1305031455.9280 -0.5135 0.2590 -0.3074 -0.0193 -0.2560 -0.0516 0.9651
1305031455.9597 -0.5167 0.2571 -0.3136 -0.0190 -0.2545 -0.0528 0.9654
1305031455.9917 -0.5200 0.2537 -0.3182 -0.0209 -0.2524 -0.0536 0.9659
1305031456.0278 -0.5252 0.2556 -0.3265 -0.0232 -0.2483 -0.0578 0.9667
1305031456.0597 -0.5368 0.2403 -0.3290 -0.0337 -0.2443 -0.0660 0.9669
1305031456.0917 -0.5442 0.2352 -0.3316 -0.0368 -0.2414 -0.0693 0.9672
1305031456.1276 -0.5481 0.2322 -0.3356 -0.0373 -0.2392 -0.0697 0.9677
1305031456.1597 -0.5506 0.2277 -0.3359 -0.0378 -0.2369 -0.0704 0.9682
1305031456.1917 -0.5539 0.2191 -0.3394 -0.0346 -0.2318 -0.0694 0.9697
1305031456.2277 -0.5611 0.2211 -0.3473 -0.0321 -0.2224 -0.0662 0.9722
1305031456.2917 -0.5713 0.2052 -0.3398 -0.0345 -0.2052 -0.0602 0.9762
1305031456.3277 -0.5748 0.1964 -0.3390 -0.0337 -0.1975 -0.0529 0.9783
1305031456.3916 -0.5775 0.1788 -0.3290 -0.0362 -0.1814 -0.0425 0.9818
1305031456.4277 -0.5823 0.1774 -0.3272 -0.0320 -0.1748 -0.0338 0.9835
1305031456.4917 -0.6265 0.1934 -0.3242 -0.0341 -0.1642 -0.0209 0.9856
1305031456.5276 -0.6491 0.1995 -0.3196 -0.0358 -0.1618 -0.0171 0.9860
1305031456.5917 -0.6720 0.2095 -0.3098 -0.0350 -0.1577 -0.0082 0.9868
1305031456.6276 -0.6776 0.2200 -0.3013 -0.0469 -0.1560 -0.0036 0.9866
1305031456.6916 -0.7121 0.2091 -0.2839 -0.0588 -0.1465 0.0094 0.9874
1305031456.7916 -0.7700 0.2087 -0.2654 -0.0678 -0.1516 0.0318 0.9856
1305031457.0276 -0.8554 0.2353 -0.2222 -0.0827 -0.1334 0.0660 0.9854
1305031457.1917 -0.9146 0.2338 -0.2375 -0.0984 -0.1007 0.0910 0.9858
1305031457.2917 -0.9385 0.2137 -0.2615 -0.0996 -0.0809 0.1108 0.9855
1305031457.3917 -0.9716 0.1974 -0.2949 -0.0969 -0.0471 0.1287 0.9858
1305031457.4917 -1.0062 0.1772 -0.3319 -0.0963 -0.0324 0.1454 0.9841
1305031457.5597 -1.0191 0.1662 -0.3600 -0.0893 -0.0255 0.1549 0.9836
1305031457.6596 -1.0560 0.1558 -0.3970 -0.0815 -0.0144 0.1677 0.9824
1305031457.7277 -1.0751 0.1203 -0.4111 -0.0936 -0.0119 0.1672 0.9814
1305031457.7916 -1.0813 0.0942 -0.4234 -0.0854 -0.0074 0.1666 0.9823
1305031457.8277 -1.0907 0.1020 -0.4393 -0.0709 -0.0004 0.1684 0.9832
1305031457.8916 -1.1163 0.0764 -0.4464 -0.0622 0.0172 0.1682 0.9836
1305031457.9276 -1.1288 0.0710 -0.4566 -0.0491 0.0227 0.1730 0.9834
1305031457.9916 -1.1508 0.0512 -0.4660 -0.0383 0.0262 0.1792 0.9827
1305031458.0278 -1.1540 0.0410 -0.4687 -0.0291 0.0293 0.1813 0.9826
1305031458.0597 -1.1645 0.0459 -0.4769 -0.0201 0.0333 0.1846 0.9820
1305031458.1276 -1.1785 0.0301 -0.4760 -0.0241 0.0376 0.1861 0.9815
1305031458.1596 -1.1873 0.0171 -0.4794 -0.0256 0.0393 0.1873 0.9812
1305031458.1916 -1.2048 0.0143 -0.4752 -0.0254 0.0405 0.1909 0.9804
1305031458.2276 -1.2212 0.0011 -0.4569 -0.0332 0.0392 0.1918 0.9801
1305031458.2599 -1.2358 -0.0201 -0.4434 -0.0363 0.0373 0.1905 0.9803
1305031458.2917 -1.2567 -0.0278 -0.4376 -0.0284 0.0347 0.1899 0.9808
1305031458.3276 -1.2754 -0.0335 -0.4239 -0.0265 0.0295 0.1906 0.9809
1305031458.3596 -1.2850 -0.0562 -0.4059 -0.0228 0.0274 0.1954 0.9801
1305031458.3916 -1.3069 -0.0474 -0.3928 -0.0071 0.0274 0.1996 0.9795
1305031458.4276 -1.3148 -0.0407 -0.3742 0.0022 0.0273 0.2109 0.9771
1305031458.4596 -1.3179 -0.0417 -0.3663 0.0149 0.0310 0.2160 0.9758
1305031458.4917 -1.3159 -0.0537 -0.3539 0.0301 0.0394 0.2176 0.9748
1305031458.5277 -1.3291 -0.0490 -0.3526 0.0464 0.0488 0.2167 0.9739
1305031458.5596 -1.3385 -0.0507 -0.3434 0.0502 0.0563 0.2143 0.9738
1305031458.5916 -1.3551 -0.0555 -0.3322 0.0576 0.0634 0.2072 0.9745
1305031458.6277 -1.3703 -0.0392 -0.3139 0.0635 0.0651 0.2043 0.9747
1305031458.6596 -1.3852 -0.0395 -0.2950 0.0588 0.0615 0.2044 0.9752
1305031458.6917 -1.3957 -0.0416 -0.2756 0.0550 0.0474 0.1951 0.9781
1305031458.7276 -1.3979 -0.0437 -0.2543 0.0559 0.0331 0.1890 0.9798
1305031458.7599 -1.4084 -0.0450 -0.2414 0.0613 0.0202 0.1810 0.9814
1305031458.7916 -1.4073 -0.0349 -0.2266 0.0648 0.0024 0.1726 0.9829
1305031458.8276 -1.4028 -0.0379 -0.1975 0.0597 -0.0086 0.1716 0.9833
1305031458.8917 -1.4043 -0.0399 -0.1772 0.0672 -0.0121 0.1592 0.9849
1305031458.9276 -1.4135 -0.0376 -0.1775 0.0667 -0.0057 0.1612 0.9847
1305031458.9596 -1.4142 -0.0456 -0.1685 0.0564 -0.0037 0.1716 0.9835
1305031458.9916 -1.4152 -0.0609 -0.1664 0.0547 -0.0021 0.1751 0.9830
1305031459.0277 -1.4388 -0.0565 -0.1600 0.0694 -0.0020 0.1723 0.9826
1305031459.0596 -1.4543 -0.0617 -0.1559 0.0766 -0.0099 0.1815 0.9804
1305031459.1276 -1.4771 -0.0293 -0.1590 0.0844 0.0032 0.1675 0.9822
1305031459.1596 -1.4906 -0.0278 -0.1534 0.0944 -0.0225 0.1683 0.9810
1305031459.1917 -1.5005 -0.0273 -0.1468 0.1010 -0.0411 0.1729 0.9789
1305031459.2276 -1.5055 -0.0253 -0.1377 0.1041 -0.0555 0.1817 0.9763
1305031459.2598 -1.5101 -0.0225 -0.1200 0.1043 -0.0583 0.1881 0.9748
1305031459.3276 -1.5248 -0.0143 -0.0912 0.0981 -0.0287 0.2121 0.9719
1305031459.3597 -1.5332 -0.0065 -0.0859 0.0995 -0.0061 0.2327 0.9674
1305031459.3917 -1.5483 0.0077 -0.0866 0.0935 0.0211 0.2548 0.9622
1305031459.4276 -1.5401 0.0154 -0.0723 0.0776 0.0494 0.2882 0.9531
1305031459.4597 -1.5513 0.0158 -0.0678 0.0706 0.0849 0.3277 0.9383
1305031459.5276 -1.5710 0.0414 -0.0489 0.0521 0.1243 0.3886 0.9115
1305031459.5596 -1.5776 0.0253 -0.0603 0.0381 0.1376 0.4124 0.8997
1305031459.5917 -1.5869 0.0224 -0.0599 0.0329 0.1423 0.4316 0.8902
1305031459.6276 -1.5922 0.0197 -0.0557 0.0286 0.1421 0.4425 0.8850
1305031459.6596 -1.5985 0.0204 -0.0531 0.0290 0.1458 0.4430 0.8841
1305031459.6916 -1.6128 0.0155 -0.0500 0.0242 0.1568 0.4470 0.8804
1305031459.7276 -1.6151 0.0003 -0.0511 0.0160 0.1610 0.4504 0.8780
1305031459.7917 -1.6402 -0.0330 -0.0541 0.0134 0.1694 0.4467 0.8784
1305031459.8277 -1.6535 -0.0506 -0.0512 0.0112 0.1717 0.4461 0.8783
1305031459.8597 -1.6723 -0.0690 -0.0474 0.0081 0.1737 0.4450 0.8785
1305031459.8916 -1.6742 -0.0868 -0.0406 0.0027 0.1682 0.4497 0.8772
1305031459.9276 -1.6827 -0.1045 -0.0364 0.0010 0.1667 0.4516 0.8765
1305031459.9917 -1.6960 -0.1353 -0.0229 -0.0049 0.1640 0.4606 0.8723
1305031460.0276 -1.7029 -0.1483 -0.0167 -0.0059 0.1657 0.4626 0.8709
1305031460.0597 -1.7122 -0.1708 -0.0142 -0.0084 0.1679 0.4652 0.8691
1305031460.0917 -1.7226 -0.1935 -0.0133 -0.0087 0.1652 0.4703 0.8669
1305031460.1277 -1.7266 -0.2025 -0.0071 -0.0027 0.1563 0.4760 0.8655
1305031460.1597 -1.7358 -0.2131 -0.0022 0.0036 0.1500 0.4812 0.8637
1305031460.1916 -1.7361 -0.2213 0.0111 0.0038 0.1440 0.4877 0.8611
1305031460.2278 -1.7381 -0.2207 0.0192 0.0065 0.1446 0.4880 0.8608
1305031460.2917 -1.7447 -0.2406 0.0233 0.0089 0.1614 0.4880 0.8577
1305031460.3275 -1.7478 -0.2464 0.0259 0.0108 0.1679 0.4882 0.8564
1305031460.3916 -1.7531 -0.2512 0.0363 0.0083 0.1865 0.4916 0.8506
1305031460.4275 -1.7548 -0.2541 0.0423 0.0084 0.1943 0.4951 0.8468
1305031460.4596 -1.7548 -0.2530 0.0471 0.0062 0.2053 0.4973 0.8429
1305031460.4915 -1.7566 -0.2577 0.0493 -0.0009 0.2181 0.5004 0.8379
1305031460.5276 -1.7551 -0.2743 0.0496 -0.0119 0.2289 0.5079 0.8304
1305031460.5596 -1.7526 -0.2821 0.0516 -0.0183 0.2363 0.5108 0.8264
1305031460.5919 -1.7547 -0.2874 0.0575 -0.0213 0.2432 0.5106 0.8244
1305031460.6276 -1.7569 -0.2934 0.0606 -0.0232 0.2498 0.5119 0.8216
1305031460.6598 -1.7597 -0.2982 0.0642 -0.0240 0.2547 0.5107 0.8208
1305031460.6917 -1.7618 -0.3057 0.0666 -0.0267 0.2572 0.5117 0.8193
1305031460.7277 -1.7617 -0.3099 0.0689 -0.0290 0.2576 0.5121 0.8189
1305031460.7597 -1.7614 -0.3154 0.0722 -0.0308 0.2601 0.5103 0.8192
1305031460.7917 -1.7639 -0.3221 0.0750 -0.0325 0.2624 0.5097 0.8187
1305031460.8277 -1.7663 -0.3262 0.0811 -0.0342 0.2637 0.5076 0.8195
1305031460.8597 -1.7657 -0.3316 0.0860 -0.0382 0.2657 0.5062 0.8195
1305031460.8918 -1.7645 -0.3381 0.0900 -0.0424 0.2676 0.5047 0.8197
1305031460.9276 -1.7656 -0.3475 0.0965 -0.0463 0.2698 0.5043 0.8190
1305031460.9917 -1.7593 -0.3621 0.1103 -0.0475 0.2734 0.5060 0.8167
1305031461.0276 -1.7585 -0.3716 0.1174 -0.0474 0.2759 0.5078 0.8147
1305031461.0917 -1.7626 -0.3817 0.1349 -0.0428 0.2754 0.5063 0.8161
1305031461.1276 -1.7606 -0.3851 0.1426 -0.0426 0.2761 0.5047 0.8168
1305031461.1597 -1.7579 -0.3931 0.1508 -0.0405 0.2784 0.5041 0.8165
1305031461.1920 -1.7572 -0.3949 0.1557 -0.0382 0.2790 0.5004 0.8187
1305031461.2276 -1.7559 -0.3993 0.1608 -0.0383 0.2802 0.4992 0.8190
1305031461.2596 -1.7553 -0.4057 0.1675 -0.0375 0.2822 0.4957 0.8205
1305031461.2917 -1.7528 -0.4108 0.1725 -0.0370 0.2834 0.4914 0.8227
1305031461.3278 -1.7513 -0.4091 0.1764 -0.0350 0.2848 0.4879 0.8244
1305031461.3597 -1.7529 -0.4071 0.1825 -0.0369 0.2873 0.4846 0.8254
1305031461.3917 -1.7461 -0.4134 0.1878 -0.0429 0.2868 0.4850 0.8250
1305031461.4276 -1.7411 -0.4130 0.1899 -0.0427 0.2860 0.4842 0.8258
1305031461.4598 -1.7420 -0.4135 0.1934 -0.0448 0.2869 0.4843 0.8253
1305031461.4917 -1.7330 -0.4171 0.1956 -0.0479 0.2861 0.4856 0.8247
1305031461.5277 -1.7330 -0.4120 0.1940 -0.0417 0.2864 0.4838 0.8260
1305031461.5597 -1.7283 -0.4044 0.1922 -0.0410 0.2859 0.4810 0.8277
1305031461.5917 -1.7220 -0.3982 0.1822 -0.0422 0.2893 0.4782 0.8281
1305031461.6275 -1.7231 -0.3900 0.1864 -0.0429 0.2961 0.4768 0.8265
1305031461.6596 -1.7212 -0.3851 0.1855 -0.0449 0.3003 0.4754 0.8257
1305031461.6916 -1.7250 -0.3824 0.1894 -0.0460 0.3055 0.4785 0.8219
1305031461.7276 -1.7181 -0.3757 0.1886 -0.0479 0.3046 0.4830 0.8195
1305031461.7597 -1.7181 -0.3677 0.1860 -0.0483 0.3070 0.4834 0.8184
1305031461.7916 -1.7144 -0.3567 0.1830 -0.0513 0.3088 0.4875 0.8151
1305031461.8276 -1.7111 -0.3477 0.1776 -0.0539 0.3131 0.4905 0.8115
1305031461.8598 -1.7165 -0.3364 0.1759 -0.0539 0.3195 0.4953 0.8060
1305031461.8917 -1.7178 -0.3289 0.1766 -0.0610 0.3222 0.5085 0.7962
1305031461.9278 -1.7095 -0.3124 0.1779 -0.0664 0.3170 0.5192 0.7909
1305031461.9597 -1.7048 -0.2946 0.1676 -0.0704 0.3176 0.5199 0.7899
1305031461.9916 -1.7129 -0.2858 0.1645 -0.0815 0.3236 0.5255 0.7826
1305031462.0277 -1.7147 -0.2863 0.1730 -0.0951 0.3258 0.5352 0.7735
1305031462.0598 -1.7148 -0.2762 0.1701 -0.0989 0.3174 0.5473 0.7681
1305031462.0918 -1.7119 -0.2675 0.1680 -0.1025 0.3095 0.5601 0.7616
1305031462.1277 -1.7086 -0.2623 0.1695 -0.1088 0.3053 0.5701 0.7549
1305031462.1596 -1.7133 -0.2429 0.1633 -0.1049 0.2986 0.5781 0.7521
1305031462.1916 -1.7170 -0.2351 0.1645 -0.1073 0.2979 0.5772 0.7528
1305031462.2276 -1.7277 -0.2210 0.1623 -0.1086 0.2957 0.5765 0.7539
1305031462.2598 -1.7299 -0.2301 0.1692 -0.1233 0.2973 0.5718 0.7546
1305031462.2916 -1.7348 -0.2282 0.1706 -0.1321 0.2935 0.5680 0.7575
1305031462.3597 -1.7578 -0.1985 0.1758 -0.1357 0.2890 0.5537 0.7691
1305031462.4599 -1.8441 -0.1882 0.2589 -0.1464 0.3180 0.5289 0.7731
1305031462.6597 -1.8791 -0.1712 0.2623 -0.1721 0.2890 0.4887 0.8050
1305031462.7919 -1.8876 -0.1775 0.2532 -0.1895 0.2683 0.4540 0.8282
1305031462.9276 -1.8849 -0.1616 0.2184 -0.2050 0.2539 0.4344 0.8395
1305031463.0598 -1.8783 -0.1486 0.1677 -0.1940 0.2394 0.4155 0.8558
1305031463.1598 -1.8747 -0.1171 0.1299 -0.1784 0.2297 0.3907 0.8734
1305031463.2600 -1.8619 -0.0892 0.1011 -0.1705 0.2263 0.3773 0.8817
1305031463.3598 -1.8471 -0.0648 0.0710 -0.1591 0.2171 0.3688 0.8897
1305031463.4598 -1.8246 -0.0404 0.0357 -0.1528 0.2117 0.3616 0.8950
1305031463.5277 -1.8060 -0.0176 0.0146 -0.1513 0.2170 0.3566 0.8960
1305031463.6276 -1.7696 0.0036 -0.0175 -0.1465 0.2144 0.3515 0.8995
1305031463.6598 -1.7623 0.0030 -0.0361 -0.1394 0.2183 0.3476 0.9011
1305031463.7276 -1.7366 0.0070 -0.0659 -0.1398 0.2176 0.3381 0.9049
1305031463.7597 -1.7121 0.0023 -0.0870 -0.1376 0.2159 0.3314 0.9081
1305031463.7956 -1.6925 -0.0010 -0.1114 -0.1353 0.2133 0.3223 0.9123
1305031463.8599 -1.6553 -0.0119 -0.1447 -0.1373 0.2118 0.3022 0.9192
1305031463.8956 -1.6401 -0.0142 -0.1713 -0.1318 0.2094 0.2931 0.9235
1305031463.9597 -1.6095 -0.0276 -0.1998 -0.1319 0.2010 0.2808 0.9292
1305031463.9958 -1.5996 -0.0384 -0.2139 -0.1293 0.1996 0.2737 0.9319
1305031464.0277 -1.5939 -0.0458 -0.2286 -0.1293 0.1981 0.2638 0.9351
1305031464.0597 -1.5780 -0.0557 -0.2394 -0.1314 0.1957 0.2523 0.9385
1305031464.0956 -1.5723 -0.0666 -0.2567 -0.1272 0.1978 0.2421 0.9413
1305031464.1277 -1.5738 -0.0736 -0.2666 -0.1250 0.1991 0.2360 0.9429
1305031464.1598 -1.5643 -0.0858 -0.2718 -0.1214 0.1965 0.2335 0.9445
1305031464.1956 -1.5551 -0.0987 -0.2867 -0.1119 0.1902 0.2312 0.9475
1305031464.2276 -1.5545 -0.0922 -0.3064 -0.0956 0.1800 0.2267 0.9524
1305031464.2596 -1.5595 -0.0949 -0.3139 -0.0895 0.1688 0.2268 0.9550
1305031464.2957 -1.5569 -0.0937 -0.3168 -0.0851 0.1538 0.2225 0.9590
1305031464.3279 -1.5372 -0.0918 -0.3280 -0.0824 0.1369 0.2185 0.9627
1305031464.3597 -1.5321 -0.0959 -0.3362 -0.0787 0.1307 0.2132 0.9650
1305031464.3956 -1.5262 -0.1010 -0.3426 -0.0753 0.1281 0.2030 0.9678
1305031464.4276 -1.5209 -0.0989 -0.3573 -0.0730 0.1277 0.1942 0.9699
1305031464.4597 -1.5171 -0.1081 -0.3693 -0.0721 0.1272 0.1861 0.9716
1305031464.4956 -1.5076 -0.1090 -0.3802 -0.0704 0.1251 0.1809 0.9730
1305031464.5276 -1.5043 -0.1133 -0.4009 -0.0694 0.1260 0.1728 0.9744
1305031464.5597 -1.4884 -0.1173 -0.4119 -0.0717 0.1227 0.1655 0.9759
1305031464.5957 -1.4652 -0.1225 -0.4279 -0.0690 0.1235 0.1505 0.9784
1305031464.6277 -1.4530 -0.1264 -0.4427 -0.0581 0.1357 0.1426 0.9787
1305031464.6597 -1.4430 -0.1394 -0.4571 -0.0501 0.1482 0.1322 0.9788
1305031464.6957 -1.4209 -0.1589 -0.4688 -0.0405 0.1559 0.1167 0.9800
1305031464.7277 -1.4184 -0.1544 -0.4665 -0.0205 0.1624 0.0981 0.9816
1305031464.7597 -1.4219 -0.1500 -0.4721 -0.0067 0.1633 0.0794 0.9834
1305031464.7960 -1.4207 -0.1539 -0.4764 0.0003 0.1584 0.0603 0.9855
1305031464.8278 -1.4226 -0.1497 -0.4717 0.0145 0.1466 0.0475 0.9879
1305031464.8597 -1.4240 -0.1295 -0.4529 0.0256 0.1322 0.0296 0.9905
1305031464.8958 -1.4106 -0.1286 -0.4403 0.0246 0.1156 0.0138 0.9929
1305031464.9278 -1.3870 -0.1556 -0.4445 0.0180 0.1005 -0.0050 0.9948
1305031464.9598 -1.3802 -0.1686 -0.4428 0.0192 0.0959 -0.0220 0.9950
1305031464.9957 -1.3734 -0.1589 -0.4341 0.0272 0.0948 -0.0411 0.9943
1305031465.0278 -1.3749 -0.1591 -0.4243 0.0300 0.0959 -0.0608 0.9931
1305031465.0597 -1.3819 -0.1351 -0.4030 0.0395 0.0936 -0.0814 0.9915
1305031465.0957 -1.3689 -0.1001 -0.3922 0.0389 0.0811 -0.0979 0.9911
1305031465.1277 -1.3530 -0.0857 -0.3627 0.0230 0.0676 -0.1102 0.9913
1305031465.1598 -1.3397 -0.0827 -0.3398 0.0057 0.0550 -0.1175 0.9915
1305031465.1956 -1.3196 -0.0870 -0.3170 -0.0093 0.0421 -0.1256 0.9911
1305031465.2279 -1.3068 -0.0746 -0.2892 -0.0211 0.0345 -0.1304 0.9906
1305031465.2598 -1.2941 -0.0770 -0.2680 -0.0358 0.0261 -0.1306 0.9905
1305031465.3277 -1.2771 -0.0500 -0.2431 -0.0469 0.0093 -0.1107 0.9927
1305031465.3956 -1.2424 -0.0443 -0.2190 -0.0528 -0.0231 -0.0865 0.9946
1305031465.4277 -1.2205 -0.0406 -0.2165 -0.0513 -0.0350 -0.0779 0.9950
1305031465.4601 -1.2101 -0.0294 -0.2170 -0.0486 -0.0411 -0.0681 0.9956
1305031465.4957 -1.1978 -0.0182 -0.2178 -0.0503 -0.0466 -0.0588 0.9959
1305031465.5276 -1.1820 -0.0189 -0.2141 -0.0527 -0.0541 -0.0554 0.9956
1305031465.5598 -1.1628 -0.0112 -0.2172 -0.0477 -0.0615 -0.0506 0.9957
1305031465.5956 -1.1461 -0.0050 -0.2203 -0.0449 -0.0651 -0.0450 0.9959
1305031465.6277 -1.1363 0.0043 -0.2231 -0.0417 -0.0670 -0.0388 0.9961
1305031465.6601 -1.1239 0.0089 -0.2253 -0.0398 -0.0730 -0.0325 0.9960
1305031465.6957 -1.1015 0.0189 -0.2256 -0.0355 -0.0806 -0.0272 0.9957
1305031465.7277 -1.0881 0.0285 -0.2307 -0.0306 -0.0822 -0.0207 0.9959
1305031465.7598 -1.0713 0.0408 -0.2363 -0.0252 -0.0857 -0.0136 0.9959
1305031465.7959 -1.0558 0.0505 -0.2401 -0.0218 -0.0875 -0.0103 0.9959
1305031465.8280 -1.0393 0.0567 -0.2442 -0.0166 -0.0902 -0.0060 0.9958
1305031465.8599 -1.0187 0.0772 -0.2599 -0.0053 -0.0915 -0.0024 0.9958
1305031465.8955 -0.9931 0.0929 -0.2652 -0.0023 -0.0869 -0.0012 0.9962
1305031465.9275 -0.9718 0.0979 -0.2645 0.0003 -0.0799 0.0002 0.9968
1305031465.9597 -0.9479 0.1119 -0.2726 0.0091 -0.0737 -0.0008 0.9972
1305031465.9958 -0.9275 0.1218 -0.2776 0.0137 -0.0687 -0.0024 0.9975
1305031466.0276 -0.9104 0.1328 -0.2869 0.0171 -0.0679 -0.0035 0.9975
1305031466.0598 -0.8868 0.1609 -0.2913 0.0182 -0.0687 -0.0016 0.9975
1305031466.0958 -0.8797 0.1786 -0.3037 0.0150 -0.0680 -0.0014 0.9976
1305031466.1276 -0.8672 0.1982 -0.3088 0.0105 -0.0718 -0.0005 0.9974
1305031466.1604 -0.8591 0.2176 -0.3140 0.0074 -0.0747 0.0025 0.9972
1305031466.1958 -0.8489 0.2325 -0.3250 -0.0004 -0.0814 0.0049 0.9967
1305031466.2280 -0.8314 0.2351 -0.3294 -0.0147 -0.0910 0.0020 0.9957
1305031466.2598 -0.8127 0.2332 -0.3385 -0.0175 -0.0948 -0.0040 0.9953
1305031466.2957 -0.7896 0.2426 -0.3482 -0.0139 -0.0936 -0.0144 0.9954
1305031466.3277 -0.7692 0.2474 -0.3577 -0.0142 -0.0872 -0.0221 0.9958
1305031466.3598 -0.7611 0.2579 -0.3710 -0.0162 -0.0765 -0.0310 0.9965
1305031466.3958 -0.7452 0.2473 -0.3809 -0.0191 -0.0754 -0.0331 0.9964
1305031466.4278 -0.7375 0.2542 -0.3930 -0.0138 -0.0764 -0.0364 0.9963
1305031466.4598 -0.7275 0.2606 -0.4071 -0.0134 -0.0793 -0.0386 0.9960
1305031466.4958 -0.7098 0.2723 -0.4129 -0.0146 -0.0831 -0.0391 0.9957
1305031466.5275 -0.6862 0.2698 -0.4213 -0.0169 -0.0829 -0.0397 0.9956
1305031466.5604 -0.6680 0.2827 -0.4309 -0.0150 -0.0790 -0.0411 0.9959
1305031466.5959 -0.6437 0.2892 -0.4365 -0.0243 -0.0810 -0.0441 0.9954
1305031466.6275 -0.6202 0.2795 -0.4335 -0.0304 -0.0802 -0.0493 0.9951
1305031466.6597 -0.5994 0.2801 -0.4407 -0.0261 -0.0782 -0.0540 0.9951
1305031466.6958 -0.5840 0.2936 -0.4494 -0.0231 -0.0786 -0.0608 0.9948
1305031466.7281 -0.5693 0.2982 -0.4502 -0.0276 -0.0801 -0.0736 0.9937
1305031466.7596 -0.5451 0.2909 -0.4461 -0.0274 -0.0827 -0.0781 0.9931
1305031466.7956 -0.5321 0.2916 -0.4582 -0.0240 -0.0838 -0.0819 0.9928
1305031466.8279 -0.5181 0.3004 -0.4620 -0.0241 -0.0872 -0.0830 0.9924
1305031466.8597 -0.5115 0.2964 -0.4622 -0.0264 -0.0902 -0.0829 0.9921
1305031466.8957 -0.4942 0.2940 -0.4678 -0.0255 -0.1017 -0.0804 0.9912
1305031466.9278 -0.4735 0.2895 -0.4704 -0.0267 -0.1173 -0.0823 0.9893
1305031466.9597 -0.4598 0.2829 -0.4745 -0.0282 -0.1247 -0.0844 0.9882
1305031466.9957 -0.4496 0.2812 -0.4794 -0.0282 -0.1275 -0.0857 0.9877
1305031467.0278 -0.4378 0.2800 -0.4812 -0.0281 -0.1305 -0.0877 0.9872
1305031467.0597 -0.4233 0.2807 -0.4842 -0.0276 -0.1332 -0.0890 0.9867
1305031467.0957 -0.4095 0.2857 -0.4838 -0.0275 -0.1352 -0.0915 0.9862
1305031467.1290 -0.4021 0.2862 -0.4815 -0.0272 -0.1372 -0.0978 0.9853
1305031467.1597 -0.3912 0.2851 -0.4814 -0.0263 -0.1402 -0.1024 0.9845
1305031467.1957 -0.3857 0.2853 -0.4838 -0.0258 -0.1426 -0.1060 0.9837
1305031467.2277 -0.3763 0.2844 -0.4869 -0.0254 -0.1474 -0.1096 0.9826
1305031467.2597 -0.3677 0.2862 -0.4870 -0.0237 -0.1511 -0.1127 0.9818
1305031467.2958 -0.3583 0.2886 -0.4874 -0.0217 -0.1554 -0.1170 0.9807
1305031467.3280 -0.3490 0.2895 -0.4924 -0.0208 -0.1586 -0.1200 0.9798
1305031467.3597 -0.3339 0.2943 -0.4965 -0.0212 -0.1648 -0.1215 0.9786
1305031467.3958 -0.3240 0.3029 -0.4958 -0.0230 -0.1701 -0.1248 0.9772
1305031467.4278 -0.3148 0.3006 -0.4998 -0.0239 -0.1736 -0.1275 0.9762
1305031467.4597 -0.3037 0.2998 -0.5021 -0.0241 -0.1784 -0.1282 0.9753
1305031467.4961 -0.2854 0.3129 -0.5130 -0.0233 -0.1850 -0.1318 0.9736
1305031467.5277 -0.2685 0.3140 -0.5118 -0.0254 -0.1893 -0.1369 0.9720
1305031467.5598 -0.2601 0.3125 -0.5089 -0.0256 -0.1905 -0.1382 0.9716
1305031467.5960 -0.2522 0.3092 -0.5142 -0.0265 -0.1911 -0.1369 0.9716
1305031467.6275 -0.2465 0.3128 -0.5080 -0.0242 -0.1938 -0.1339 0.9716
1305031467.6596 -0.2411 0.3078 -0.5062 -0.0202 -0.1966 -0.1337 0.9711
1305031467.6959 -0.2347 0.3004 -0.5101 -0.0199 -0.1980 -0.1358 0.9705
1305031467.7275 -0.2292 0.2957 -0.5019 -0.0169 -0.1997 -0.1406 0.9696
1305031467.7599 -0.2251 0.2964 -0.4994 -0.0103 -0.2007 -0.1438 0.9690
1305031467.7961 -0.2236 0.2957 -0.5013 -0.0071 -0.2007 -0.1456 0.9688
1305031467.8278 -0.2239 0.2902 -0.4895 -0.0040 -0.2014 -0.1458 0.9686
1305031467.8597 -0.2179 0.2915 -0.4874 0.0059 -0.2041 -0.1420 0.9686
1305031467.8959 -0.2125 0.2839 -0.4897 0.0089 -0.2074 -0.1420 0.9679
1305031467.9278 -0.2122 0.2789 -0.4692 0.0117 -0.2133 -0.1453 0.9661
1305031467.9598 -0.2079 0.2736 -0.4619 0.0190 -0.2167 -0.1478 0.9648
1305031467.9958 -0.2021 0.2728 -0.4581 0.0210 -0.2180 -0.1491 0.9643
1305031468.0281 -0.1998 0.2706 -0.4404 0.0212 -0.2185 -0.1511 0.9638
1305031468.0598 -0.1982 0.2487 -0.4325 0.0221 -0.2200 -0.1552 0.9628
1305031468.0959 -0.1927 0.2441 -0.4273 0.0232 -0.2224 -0.1562 0.9621
1305031468.1278 -0.1899 0.2399 -0.4137 0.0229 -0.2240 -0.1569 0.9616
1305031468.1599 -0.1855 0.2332 -0.4034 0.0238 -0.2257 -0.1581 0.9610
1305031468.1960 -0.1794 0.2284 -0.3895 0.0244 -0.2267 -0.1610 0.9603
1305031468.2282 -0.1721 0.2217 -0.3698 0.0238 -0.2273 -0.1612 0.9601
1305031468.2598 -0.1598 0.2133 -0.3464 0.0241 -0.2292 -0.1598 0.9599
1305031468.2958 -0.1513 0.2025 -0.3312 0.0241 -0.2279 -0.1610 0.9600
1305031468.3278 -0.1394 0.1812 -0.3123 0.0236 -0.2288 -0.1596 0.9600
1305031468.3598 -0.1271 0.1636 -0.2972 0.0246 -0.2288 -0.1557 0.9606
1305031468.4598 -0.1170 0.1217 -0.2580 0.0179 -0.2293 -0.1510 0.9614
1305031468.5278 -0.1180 0.0978 -0.2251 0.0176 -0.2276 -0.1555 0.9611
1305031468.5597 -0.1260 0.0740 -0.2262 0.0215 -0.2263 -0.1652 0.9597
1305031468.6596 -0.1409 0.0355 -0.2152 0.0194 -0.2294 -0.1736 0.9575
1305031468.6958 -0.1531 0.0158 -0.2107 0.0227 -0.2329 -0.1794 0.9555
1305031468.7278 -0.1564 0.0049 -0.2067 0.0282 -0.2380 -0.1795 0.9541
1305031468.7958 -0.1662 -0.0178 -0.1924 0.0359 -0.2444 -0.1830 0.9516
1305031468.8292 -0.1774 -0.0395 -0.1989 0.0420 -0.2438 -0.1900 0.9501
1305031468.9596 -0.1834 -0.0580 -0.1840 0.0360 -0.2279 -0.1912 0.9541
1305031469.0277 -0.1889 -0.0578 -0.1725 0.0050 -0.2213 -0.2018 0.9541
1305031469.1277 -0.1955 -0.0728 -0.1347 -0.0301 -0.2164 -0.2292 0.9485
1305031469.1955 -0.1949 -0.0896 -0.1100 -0.0494 -0.2020 -0.2385 0.9486
1305031469.2596 -0.2029 -0.0928 -0.0796 -0.0592 -0.1950 -0.2451 0.9478
1305031469.2968 -0.2075 -0.0996 -0.0665 -0.0657 -0.1918 -0.2479 0.9473
1305031469.3276 -0.2082 -0.0982 -0.0520 -0.0692 -0.1906 -0.2482 0.9473
1305031469.3596 -0.2007 -0.0989 -0.0307 -0.0757 -0.1909 -0.2540 0.9452
1305031469.3957 -0.2010 -0.1009 -0.0113 -0.0768 -0.1810 -0.2600 0.9454
1305031469.4277 -0.2007 -0.0965 0.0021 -0.0747 -0.1707 -0.2670 0.9455
1305031469.4597 -0.2002 -0.1017 0.0189 -0.0776 -0.1647 -0.2749 0.9441
1305031469.4957 -0.2057 -0.0909 0.0300 -0.0760 -0.1603 -0.2767 0.9444
1305031469.5276 -0.2007 -0.0877 0.0433 -0.0791 -0.1641 -0.2762 0.9437
1305031469.5596 -0.2020 -0.0701 0.0565 -0.0802 -0.1641 -0.2746 0.9440
1305031469.5958 -0.1977 -0.0458 0.0695 -0.0824 -0.1647 -0.2704 0.9450
1305031469.6956 -0.2117 0.0049 0.1103 -0.0923 -0.1527 -0.2669 0.9470
1305031469.7956 -0.2333 0.0670 0.1426 -0.1007 -0.1372 -0.2558 0.9516
1305031469.9598 -0.2860 0.1563 0.1856 -0.1160 -0.1401 -0.2416 0.9532
1305031470.1276 -0.3469 0.2362 0.2004 -0.1238 -0.1410 -0.2325 0.9543
1305031470.2957 -0.4109 0.3138 0.1954 -0.1333 -0.1395 -0.2138 0.9576
1305031470.4597 -0.4758 0.3783 0.1927 -0.1396 -0.1462 -0.1954 0.9597
1305031470.6597 -0.5453 0.4212 0.1795 -0.1393 -0.1466 -0.1775 0.9631
1305031470.6956 -0.5586 0.4302 0.1778 -0.1384 -0.1456 -0.1742 0.9640
1305031470.7277 -0.5708 0.4338 0.1791 -0.1387 -0.1453 -0.1723 0.9643
1305031470.7597 -0.5786 0.4373 0.1763 -0.1381 -0.1409 -0.1712 0.9653
1305031470.7956 -0.5849 0.4422 0.1774 -0.1374 -0.1390 -0.1683 0.9662
1305031470.8278 -0.5951 0.4470 0.1764 -0.1337 -0.1375 -0.1624 0.9679
1305031470.8596 -0.6045 0.4443 0.1748 -0.1327 -0.1378 -0.1577 0.9688
1305031470.8957 -0.6131 0.4457 0.1709 -0.1301 -0.1384 -0.1511 0.9701
1305031470.9277 -0.6236 0.4510 0.1713 -0.1240 -0.1410 -0.1457 0.9713
1305031470.9596 -0.6356 0.4488 0.1671 -0.1145 -0.1417 -0.1451 0.9725
1305031470.9960 -0.6411 0.4452 0.1629 -0.1077 -0.1423 -0.1428 0.9735
1305031471.0276 -0.6464 0.4424 0.1594 -0.0986 -0.1415 -0.1405 0.9750
1305031471.0596 -0.6516 0.4378 0.1569 -0.0900 -0.1408 -0.1376 0.9763
1305031471.0958 -0.6584 0.4390 0.1504 -0.0799 -0.1393 -0.1303 0.9784
1305031471.1277 -0.6658 0.4398 0.1464 -0.0729 -0.1384 -0.1217 0.9802
1305031471.1596 -0.6669 0.4438 0.1430 -0.0641 -0.1394 -0.1140 0.9816
1305031471.1957 -0.6697 0.4433 0.1411 -0.0628 -0.1382 -0.1106 0.9822
1305031471.2276 -0.6739 0.4431 0.1402 -0.0629 -0.1364 -0.1070 0.9828
1305031471.2597 -0.6763 0.4426 0.1402 -0.0629 -0.1364 -0.1050 0.9831
1305031471.2961 -0.6795 0.4394 0.1403 -0.0638 -0.1355 -0.1021 0.9834
1305031471.3276 -0.6802 0.4423 0.1392 -0.0588 -0.1333 -0.0983 0.9844
1305031471.3596 -0.6812 0.4420 0.1373 -0.0588 -0.1289 -0.0964 0.9852
1305031471.3957 -0.6857 0.4363 0.1369 -0.0615 -0.1243 -0.0934 0.9859
1305031471.4277 -0.6909 0.4386 0.1329 -0.0569 -0.1214 -0.0873 0.9871
1305031471.4965 -0.7003 0.4332 0.1256 -0.0615 -0.1194 -0.0802 0.9877
1305031471.5276 -0.7023 0.4330 0.1241 -0.0617 -0.1191 -0.0777 0.9879
1305031471.5597 -0.7031 0.4347 0.1221 -0.0607 -0.1184 -0.0765 0.9882
1305031471.5957 -0.7041 0.4331 0.1209 -0.0617 -0.1161 -0.0754 0.9885
1305031471.6276 -0.7072 0.4345 0.1175 -0.0601 -0.1117 -0.0750 0.9891
1305031471.6596 -0.7086 0.4355 0.1129 -0.0579 -0.1084 -0.0743 0.9896
1305031471.7958 -0.7120 0.4293 0.0945 -0.0640 -0.0904 -0.0564 0.9922
1305031471.9956 -0.7218 0.4457 0.0859 -0.0791 -0.0618 -0.0275 0.9946
1305031472.4636 -0.7712 0.4726 0.0766 -0.0555 -0.0359 -0.0046 0.9978
1305031472.6958 -0.7659 0.4510 0.0770 -0.0474 -0.0358 0.0058 0.9982
1305031472.9638 -0.7627 0.4391 0.0857 -0.0355 -0.0353 0.0070 0.9987
