1305031453.4237 0.0043 0.0040 -0.0080 0.0018 0.0040 0.0092 0.9999
1305031453.4597 0.0100 0.0081 -0.0185 0.0054 0.0094 0.0181 0.9998
1305031453.4917 0.0121 0.0115 -0.0279 0.0092 0.0162 0.0279 0.9994
1305031453.5237 0.0122 0.0162 -0.0411 0.0158 0.0216 0.0369 0.9990
1305031453.5598 0.0145 0.0215 -0.0546 0.0227 0.0237 0.0434 0.9985
1305031453.5916 0.0145 0.0294 -0.0697 0.0307 0.0263 0.0481 0.9980
1305031453.6277 0.0085 0.0333 -0.0831 0.0368 0.0285 0.0518 0.9976
1305031453.6596 0.0036 0.0422 -0.0982 0.0451 0.0249 0.0501 0.9974
1305031453.6917 0.0013 0.0526 -0.1144 0.0521 0.0189 0.0462 0.9974
1305031453.7277 -0.0081 0.0613 -0.1284 0.0566 0.0149 0.0411 0.9974
1305031453.7597 -0.0165 0.0668 -0.1410 0.0607 0.0065 0.0332 0.9976
1305031453.7917 -0.0211 0.0777 -0.1555 0.0658 -0.0034 0.0255 0.9975
1305031453.8278 -0.0330 0.0836 -0.1676 0.0680 -0.0095 0.0189 0.9975
1305031453.8597 -0.0444 0.0892 -0.1795 0.0691 -0.0216 0.0117 0.9973
1305031453.8917 -0.0554 0.0989 -0.1880 0.0698 -0.0376 0.0042 0.9968
1305031453.9277 -0.0648 0.1058 -0.1954 0.0678 -0.0565 -0.0013 0.9961
1305031453.9596 -0.0686 0.1125 -0.2017 0.0662 -0.0743 -0.0106 0.9950
1305031453.9916 -0.0795 0.1144 -0.1997 0.0652 -0.0861 -0.0223 0.9939
1305031454.0277 -0.0844 0.1196 -0.2022 0.0685 -0.1001 -0.0323 0.9921
1305031454.0597 -0.0894 0.1246 -0.2014 0.0701 -0.1128 -0.0431 0.9902
1305031454.0917 -0.0950 0.1272 -0.1798 0.0729 -0.1260 -0.0555 0.9878
1305031454.1277 -0.0903 0.1310 -0.1706 0.0759 -0.1321 -0.0560 0.9867
1305031454.1597 -0.0860 0.1309 -0.1699 0.0760 -0.1343 -0.0556 0.9865
1305031454.1917 -0.0833 0.1306 -0.1696 0.0760 -0.1359 -0.0554 0.9863
1305031454.2277 -0.0830 0.1321 -0.1688 0.0765 -0.1371 -0.0548 0.9861
1305031454.2596 -0.0820 0.1332 -0.1692 0.0773 -0.1382 -0.0550 0.9859
1305031454.2916 -0.0823 0.1324 -0.1685 0.0768 -0.1389 -0.0556 0.9858
1305031454.3277 -0.0837 0.1334 -0.1677 0.0771 -0.1388 -0.0558 0.9857
1305031454.3596 -0.0848 0.1346 -0.1681 0.0777 -0.1386 -0.0559 0.9857
1305031454.3917 -0.0859 0.1353 -0.1673 0.0780 -0.1386 -0.0561 0.9857
1305031454.4275 -0.0870 0.1361 -0.1663 0.0782 -0.1386 -0.0561 0.9857
1305031454.4599 -0.0881 0.1370 -0.1661 0.0786 -0.1384 -0.0562 0.9856
1305031454.4916 -0.0890 0.1376 -0.1652 0.0788 -0.1385 -0.0564 0.9856
1305031454.5277 -0.0917 0.1396 -0.1633 0.0795 -0.1383 -0.0566 0.9856
1305031454.5596 -0.0923 0.1400 -0.1619 0.0795 -0.1386 -0.0566 0.9855
1305031454.5916 -0.0927 0.1392 -0.1608 0.0789 -0.1390 -0.0567 0.9855
1305031454.6276 -0.0940 0.1404 -0.1594 0.0793 -0.1392 -0.0566 0.9855
1305031454.6595 -0.0945 0.1407 -0.1585 0.0793 -0.1393 -0.0565 0.9854
1305031454.6919 -0.0953 0.1407 -0.1575 0.0791 -0.1395 -0.0564 0.9854
1305031454.7277 -0.0961 0.1412 -0.1566 0.0793 -0.1395 -0.0562 0.9854
1305031454.7597 -0.0965 0.1408 -0.1561 0.0790 -0.1397 -0.0563 0.9854
1305031454.7916 -0.0970 0.1412 -0.1548 0.0789 -0.1404 -0.0560 0.9853
1305031454.8276 -0.0961 0.1416 -0.1528 0.0784 -0.1415 -0.0555 0.9853
1305031454.8596 -0.0962 0.1463 -0.1515 0.0721 -0.1396 -0.0479 0.9864
1305031454.8918 -0.0978 0.1541 -0.1521 0.0684 -0.1352 -0.0400 0.9876
1305031454.9276 -0.1024 0.1628 -0.1542 0.0644 -0.1291 -0.0329 0.9890
1305031454.9596 -0.1122 0.1705 -0.1566 0.0612 -0.1222 -0.0264 0.9903
1305031454.9919 -0.1226 0.1757 -0.1603 0.0585 -0.1179 -0.0203 0.9911
1305031455.0278 -0.1295 0.1862 -0.1615 0.0593 -0.1170 -0.0174 0.9912
1305031455.0596 -0.1374 0.1907 -0.1615 0.0576 -0.1141 -0.0156 0.9917
1305031455.0917 -0.1478 0.1965 -0.1627 0.0596 -0.1097 -0.0157 0.9921
1305031455.1277 -0.1576 0.2031 -0.1652 0.0596 -0.1047 -0.0136 0.9926
1305031455.1597 -0.1717 0.2077 -0.1673 0.0581 -0.0994 -0.0088 0.9933
1305031455.1917 -0.1848 0.2098 -0.1671 0.0544 -0.0961 -0.0025 0.9939
1305031455.2276 -0.1965 0.2101 -0.1681 0.0533 -0.0928 0.0035 0.9943
1305031455.2596 -0.2083 0.2188 -0.1697 0.0516 -0.0886 0.0110 0.9947
1305031455.2918 -0.2233 0.2154 -0.1698 0.0425 -0.0838 0.0219 0.9953
1305031455.3278 -0.2402 0.2192 -0.1733 0.0387 -0.0810 0.0338 0.9954
1305031455.3596 -0.2491 0.2251 -0.1723 0.0321 -0.0819 0.0416 0.9953
1305031455.3917 -0.2596 0.2206 -0.1710 0.0209 -0.0774 0.0513 0.9955
1305031455.4276 -0.2768 0.2176 -0.1736 0.0137 -0.0706 0.0626 0.9954
1305031455.4596 -0.2914 0.2112 -0.1761 0.0088 -0.0673 0.0717 0.9951
1305031455.4916 -0.3058 0.2092 -0.1800 0.0053 -0.0643 0.0837 0.9944
1305031455.5276 -0.3224 0.1979 -0.1833 -0.0000 -0.0610 0.0976 0.9934
1305031455.5597 -0.3404 0.1902 -0.1892 -0.0007 -0.0610 0.1112 0.9919
1305031455.5916 -0.3559 0.1884 -0.1957 -0.0004 -0.0623 0.1260 0.9901
1305031455.6276 -0.3683 0.1768 -0.1948 -0.0047 -0.0625 0.1387 0.9884
1305031455.6596 -0.3829 0.1665 -0.2003 -0.0022 -0.0598 0.1438 0.9878
1305031455.6916 -0.3999 0.1608 -0.2075 0.0015 -0.0566 0.1424 0.9882
1305031455.7276 -0.4130 0.1504 -0.2135 0.0013 -0.0531 0.1379 0.9890
1305031455.7597 -0.4279 0.1409 -0.2203 0.0006 -0.0471 0.1350 0.9897
1305031455.7917 -0.4389 0.1232 -0.2288 -0.0014 -0.0420 0.1366 0.9897
1305031455.8276 -0.4546 0.1143 -0.2405 0.0007 -0.0374 0.1369 0.9899
1305031455.8595 -0.4657 0.1033 -0.2484 -0.0002 -0.0358 0.1359 0.9901
1305031455.8917 -0.4759 0.0941 -0.2564 -0.0009 -0.0333 0.1361 0.9901
1305031455.9280 -0.4862 0.0837 -0.2628 -0.0027 -0.0299 0.1354 0.9903
1305031455.9597 -0.4968 0.0772 -0.2719 -0.0031 -0.0261 0.1335 0.9907
1305031455.9917 -0.5056 0.0729 -0.2763 -0.0050 -0.0225 0.1314 0.9911
1305031456.0278 -0.5181 0.0723 -0.2853 -0.0098 -0.0167 0.1284 0.9915
1305031456.0597 -0.5268 0.0590 -0.2874 -0.0219 -0.0138 0.1217 0.9922
1305031456.0917 -0.5345 0.0470 -0.2871 -0.0288 -0.0110 0.1170 0.9927
1305031456.1276 -0.5416 0.0382 -0.2899 -0.0309 -0.0073 0.1161 0.9927
1305031456.1597 -0.5456 0.0281 -0.2870 -0.0327 -0.0029 0.1152 0.9928
1305031456.1917 -0.5507 0.0190 -0.2871 -0.0288 0.0058 0.1173 0.9927
1305031456.2277 -0.5594 0.0202 -0.2903 -0.0255 0.0165 0.1211 0.9922
1305031456.2917 -0.5718 -0.0044 -0.2810 -0.0299 0.0386 0.1286 0.9905
1305031456.3277 -0.5777 -0.0139 -0.2759 -0.0275 0.0498 0.1349 0.9892
1305031456.3916 -0.5898 -0.0275 -0.2631 -0.0271 0.0741 0.1441 0.9864
1305031456.4277 -0.6061 -0.0345 -0.2563 -0.0222 0.0885 0.1501 0.9844
1305031456.4917 -0.6415 -0.0372 -0.2373 -0.0255 0.0975 0.1627 0.9815
1305031456.5276 -0.6487 -0.0416 -0.2233 -0.0301 0.0945 0.1686 0.9807
1305031456.5917 -0.6632 -0.0447 -0.2010 -0.0305 0.0986 0.1811 0.9780
1305031456.6276 -0.6733 -0.0401 -0.1901 -0.0415 0.1010 0.1890 0.9759
1305031456.6916 -0.6876 -0.0662 -0.1582 -0.0552 0.1088 0.2052 0.9711
1305031456.7277 -0.7023 -0.0610 -0.1493 -0.0568 0.1090 0.2160 0.9686
1305031456.7916 -0.7195 -0.0839 -0.1215 -0.0577 0.0999 0.2296 0.9664
1305031456.8276 -0.7282 -0.0748 -0.1133 -0.0552 0.0957 0.2388 0.9648
1305031456.8917 -0.7310 -0.0895 -0.0830 -0.0669 0.0948 0.2505 0.9612
1305031456.9277 -0.7445 -0.0888 -0.0735 -0.0616 0.1033 0.2563 0.9591
1305031456.9597 -0.7606 -0.0827 -0.0669 -0.0618 0.1097 0.2618 0.9569
1305031456.9917 -0.7672 -0.0903 -0.0552 -0.0714 0.1119 0.2642 0.9553
1305031457.0276 -0.7769 -0.0960 -0.0482 -0.0739 0.1162 0.2682 0.9535
1305031457.0917 -0.7973 -0.1016 -0.0385 -0.0867 0.1234 0.2789 0.9484
1305031457.1276 -0.8023 -0.1142 -0.0336 -0.0925 0.1282 0.2834 0.9459
1305031457.1917 -0.8275 -0.1244 -0.0366 -0.0912 0.1434 0.2952 0.9402
1305031457.2275 -0.8370 -0.1342 -0.0365 -0.0964 0.1486 0.3011 0.9370
1305031457.2917 -0.8550 -0.1559 -0.0445 -0.0903 0.1642 0.3119 0.9314
1305031457.3275 -0.8702 -0.1599 -0.0511 -0.0882 0.1746 0.3165 0.9282
1305031457.3917 -0.8928 -0.1898 -0.0589 -0.0903 0.1979 0.3277 0.9194
1305031457.4276 -0.9138 -0.2005 -0.0642 -0.0877 0.2086 0.3336 0.9152
1305031457.4917 -0.9346 -0.2310 -0.0737 -0.0891 0.2138 0.3413 0.9110
1305031457.5276 -0.9441 -0.2441 -0.0807 -0.0863 0.2177 0.3437 0.9094
1305031457.5597 -0.9554 -0.2554 -0.0874 -0.0834 0.2232 0.3469 0.9071
1305031457.5917 -0.9725 -0.2658 -0.0928 -0.0805 0.2293 0.3495 0.9049
1305031457.6275 -0.9805 -0.2839 -0.0935 -0.0824 0.2319 0.3518 0.9031
1305031457.6596 -0.9985 -0.2865 -0.1011 -0.0758 0.2348 0.3556 0.9015
1305031457.6916 -1.0074 -0.3006 -0.1032 -0.0815 0.2335 0.3583 0.9003
1305031457.7277 -1.0083 -0.3240 -0.1029 -0.0867 0.2337 0.3575 0.9000
1305031457.7596 -1.0142 -0.3397 -0.1058 -0.0853 0.2361 0.3559 0.9002
1305031457.7916 -1.0120 -0.3599 -0.1085 -0.0820 0.2407 0.3544 0.8998
1305031457.8277 -1.0273 -0.3646 -0.1154 -0.0721 0.2508 0.3537 0.8982
1305031457.8596 -1.0349 -0.3802 -0.1160 -0.0726 0.2594 0.3532 0.8960
1305031457.8916 -1.0353 -0.4076 -0.1134 -0.0707 0.2679 0.3523 0.8939
1305031457.9276 -1.0522 -0.4178 -0.1136 -0.0572 0.2766 0.3543 0.8914
1305031457.9916 -1.0642 -0.4424 -0.1094 -0.0458 0.2807 0.3573 0.8896
1305031458.0278 -1.0662 -0.4563 -0.1051 -0.0388 0.2857 0.3568 0.8886
1305031458.0597 -1.0827 -0.4556 -0.0999 -0.0286 0.2931 0.3575 0.8863
1305031458.0917 -1.0930 -0.4612 -0.0908 -0.0284 0.2974 0.3592 0.8842
1305031458.1276 -1.0956 -0.4743 -0.0783 -0.0314 0.3003 0.3593 0.8830
1305031458.1596 -1.1006 -0.4860 -0.0675 -0.0299 0.3027 0.3612 0.8815
1305031458.1916 -1.1112 -0.4886 -0.0558 -0.0272 0.3024 0.3650 0.8801
1305031458.2276 -1.1185 -0.4925 -0.0380 -0.0303 0.2997 0.3667 0.8802
1305031458.2599 -1.1048 -0.5201 -0.0175 -0.0371 0.2958 0.3651 0.8819
1305031458.2917 -1.1131 -0.5248 -0.0033 -0.0267 0.2942 0.3648 0.8830
1305031458.3276 -1.1124 -0.5294 0.0132 -0.0230 0.2883 0.3665 0.8843
1305031458.3596 -1.1024 -0.5379 0.0347 -0.0149 0.2849 0.3673 0.8853
1305031458.3916 -1.1037 -0.5385 0.0460 -0.0016 0.2833 0.3697 0.8849
1305031458.4276 -1.0987 -0.5385 0.0614 0.0081 0.2831 0.3774 0.8817
1305031458.4596 -1.0864 -0.5413 0.0757 0.0187 0.2873 0.3821 0.8781
1305031458.4917 -1.0684 -0.5500 0.0874 0.0321 0.2972 0.3800 0.8754
1305031458.5277 -1.0709 -0.5418 0.1038 0.0475 0.3090 0.3768 0.8719
1305031458.5596 -1.0695 -0.5390 0.1233 0.0519 0.3180 0.3738 0.8698
1305031458.5916 -1.0671 -0.5420 0.1453 0.0573 0.3254 0.3681 0.8691
1305031458.6277 -1.0793 -0.5290 0.1642 0.0616 0.3266 0.3646 0.8698
1305031458.6596 -1.0731 -0.5270 0.1887 0.0570 0.3213 0.3659 0.8716
1305031458.6917 -1.0747 -0.5216 0.1943 0.0587 0.3198 0.3636 0.8730
1305031458.7276 -1.0617 -0.5155 0.2194 0.0610 0.3106 0.3578 0.8785
1305031458.7599 -1.0569 -0.5158 0.2362 0.0676 0.2985 0.3502 0.8853
1305031458.7916 -1.0552 -0.5125 0.2384 0.0686 0.2964 0.3487 0.8865
1305031458.8276 -1.0429 -0.5120 0.2526 0.0638 0.2863 0.3494 0.8899
1305031458.8917 -1.0289 -0.5131 0.2714 0.0686 0.2846 0.3390 0.8941
1305031458.9276 -1.0355 -0.5131 0.2793 0.0670 0.2900 0.3439 0.8906
1305031458.9596 -1.0329 -0.5215 0.2862 0.0595 0.2923 0.3569 0.8852
1305031458.9916 -1.0223 -0.5421 0.2903 0.0582 0.2934 0.3626 0.8826
1305031459.0277 -1.0307 -0.5553 0.2988 0.0680 0.2936 0.3616 0.8823
1305031459.0596 -1.0374 -0.5727 0.3120 0.0785 0.2894 0.3692 0.8797
1305031459.1276 -1.0650 -0.6137 0.1418 0.0955 0.2464 0.3887 0.8826
1305031459.1596 -1.0650 -0.6224 0.1511 0.1109 0.2231 0.3909 0.8861
1305031459.1917 -1.0683 -0.6276 0.1604 0.1226 0.2059 0.3970 0.8860
1305031459.2276 -1.0682 -0.6292 0.1712 0.1301 0.1925 0.4075 0.8831
1305031459.2598 -1.0654 -0.6209 0.1890 0.1338 0.1876 0.4162 0.8796
1305031459.3276 -1.0673 -0.6178 0.2168 0.1251 0.2127 0.4430 0.8619
1305031459.3597 -1.0760 -0.6146 0.2332 0.1252 0.2362 0.4597 0.8469
1305031459.3917 -1.0954 -0.6017 0.2539 0.1211 0.2603 0.4808 0.8285
1305031459.4276 -1.0928 -0.5950 0.2671 0.1050 0.2840 0.5138 0.8027
1305031459.4597 -1.1029 -0.6077 0.2708 0.0953 0.3143 0.5466 0.7703
1305031459.5276 -1.1338 -0.6086 0.2939 0.0769 0.3445 0.5978 0.7198
1305031459.5596 -1.1401 -0.6288 0.2918 0.0680 0.3538 0.6205 0.6966
1305031459.5917 -1.1526 -0.6425 0.2953 0.0660 0.3574 0.6357 0.6810
1305031459.6276 -1.1550 -0.6512 0.2985 0.0629 0.3554 0.6455 0.6731
1305031459.6596 -1.1644 -0.6578 0.3062 0.0611 0.3616 0.6453 0.6702
1305031459.6916 -1.1718 -0.6734 0.3133 0.0517 0.3700 0.6495 0.6623
1305031459.7276 -1.1701 -0.6941 0.3156 0.0423 0.3746 0.6533 0.6566
1305031459.7917 -1.1763 -0.7407 0.3274 0.0360 0.3861 0.6474 0.6561
1305031459.8277 -1.1802 -0.7597 0.3343 0.0347 0.3869 0.6455 0.6576
1305031459.8597 -1.1832 -0.7795 0.3440 0.0306 0.3856 0.6450 0.6591
1305031459.8916 -1.1793 -0.7969 0.3504 0.0273 0.3797 0.6488 0.6589
1305031459.9276 -1.1756 -0.8124 0.3565 0.0280 0.3767 0.6516 0.6579
1305031459.9917 -1.1718 -0.8424 0.3702 0.0256 0.3721 0.6583 0.6538
1305031460.0276 -1.1641 -0.8569 0.3747 0.0245 0.3707 0.6614 0.6516
1305031460.0597 -1.1614 -0.8742 0.3820 0.0247 0.3721 0.6623 0.6499
1305031460.0917 -1.1561 -0.8959 0.3903 0.0275 0.3697 0.6673 0.6459
1305031460.1277 -1.1475 -0.9090 0.3956 0.0365 0.3624 0.6745 0.6421
1305031460.1597 -1.1447 -0.9211 0.4036 0.0460 0.3579 0.6796 0.6387
1305031460.1916 -1.1386 -0.9273 0.4115 0.0496 0.3509 0.6852 0.6363
1305031460.2278 -1.1223 -0.9277 0.4171 0.0503 0.3484 0.6884 0.6342
1305031460.2917 -1.1063 -0.9433 0.4253 0.0460 0.3627 0.6870 0.6279
1305031460.3275 -1.0979 -0.9539 0.4270 0.0436 0.3700 0.6881 0.6227
1305031460.3916 -1.0816 -0.9681 0.4365 0.0329 0.3843 0.6922 0.6099
1305031460.4275 -1.0715 -0.9765 0.4400 0.0283 0.3923 0.6952 0.6016
1305031460.4596 -1.0664 -0.9791 0.4446 0.0234 0.4021 0.6970 0.5932
1305031460.4915 -1.0624 -0.9896 0.4476 0.0134 0.4117 0.7016 0.5815
1305031460.5276 -1.0535 -0.9979 0.4481 0.0044 0.4167 0.7094 0.5685
1305031460.5596 -1.0441 -1.0037 0.4498 -0.0040 0.4216 0.7122 0.5612
1305031460.5919 -1.0371 -1.0139 0.4528 -0.0111 0.4281 0.7125 0.5558
1305031460.6276 -1.0281 -1.0212 0.4548 -0.0167 0.4333 0.7139 0.5498
1305031460.6598 -1.0217 -1.0335 0.4586 -0.0220 0.4397 0.7130 0.5458
1305031460.6917 -1.0169 -1.0455 0.4653 -0.0266 0.4430 0.7136 0.5422
1305031460.7277 -1.0087 -1.0506 0.4703 -0.0318 0.4426 0.7143 0.5412
1305031460.7597 -0.9986 -1.0580 0.4747 -0.0371 0.4457 0.7133 0.5396
1305031460.7917 -0.9927 -1.0689 0.4822 -0.0414 0.4490 0.7123 0.5379
1305031460.8277 -0.9858 -1.0738 0.4893 -0.0463 0.4488 0.7110 0.5394
1305031460.8597 -0.9780 -1.0775 0.4945 -0.0533 0.4493 0.7100 0.5397
1305031460.8918 -0.9672 -1.0855 0.5007 -0.0624 0.4510 0.7087 0.5390
1305031460.9276 -0.9575 -1.0927 0.5093 -0.0683 0.4512 0.7087 0.5381
1305031460.9917 -0.9298 -1.0987 0.5158 -0.0724 0.4522 0.7107 0.5340
1305031461.0276 -0.9191 -1.1033 0.5223 -0.0717 0.4548 0.7104 0.5323
1305031461.0917 -0.9067 -1.1097 0.5348 -0.0679 0.4552 0.7094 0.5338
1305031461.1276 -0.8925 -1.1093 0.5356 -0.0699 0.4533 0.7090 0.5357
1305031461.1597 -0.8810 -1.1122 0.5392 -0.0688 0.4554 0.7070 0.5367
1305031461.1920 -0.8765 -1.1125 0.5449 -0.0661 0.4579 0.7030 0.5401
1305031461.2276 -0.8697 -1.1136 0.5497 -0.0664 0.4596 0.7007 0.5417
1305031461.2596 -0.8616 -1.1147 0.5518 -0.0652 0.4603 0.6984 0.5442
1305031461.2917 -0.8552 -1.1134 0.5564 -0.0641 0.4620 0.6937 0.5489
1305031461.3278 -0.8502 -1.1086 0.5606 -0.0637 0.4647 0.6897 0.5517
1305031461.3597 -0.8508 -1.1079 0.5677 -0.0682 0.4675 0.6866 0.5526
1305031461.3917 -0.8344 -1.1068 0.5718 -0.0764 0.4639 0.6891 0.5515
1305031461.4276 -0.8263 -1.1040 0.5729 -0.0775 0.4640 0.6880 0.5527
1305031461.4598 -0.8269 -1.1005 0.5772 -0.0794 0.4634 0.6891 0.5515
1305031461.4917 -0.8077 -1.0987 0.5708 -0.0846 0.4592 0.6925 0.5500
1305031461.5277 -0.8091 -1.0957 0.5688 -0.0795 0.4626 0.6898 0.5512
1305031461.5597 -0.8093 -1.0870 0.5640 -0.0802 0.4630 0.6875 0.5537
1305031461.5917 -0.8095 -1.0837 0.5598 -0.0835 0.4693 0.6835 0.5528
1305031461.6275 -0.8107 -1.0790 0.5578 -0.0876 0.4730 0.6829 0.5498
1305031461.6596 -0.8109 -1.0742 0.5562 -0.0913 0.4761 0.6824 0.5472
1305031461.6916 -0.8158 -1.0695 0.5560 -0.0921 0.4780 0.6856 0.5412
1305031461.7276 -0.8137 -1.0615 0.5509 -0.0941 0.4757 0.6907 0.5365
1305031461.7597 -0.8204 -1.0560 0.5457 -0.0941 0.4766 0.6925 0.5333
1305031461.7916 -0.8253 -1.0476 0.5412 -0.0978 0.4758 0.6961 0.5287
1305031461.8276 -0.8287 -1.0402 0.5354 -0.1008 0.4774 0.6992 0.5226
1305031461.8598 -0.8421 -1.0329 0.5348 -0.1009 0.4809 0.7026 0.5147
1305031461.8917 -0.8535 -1.0276 0.5353 -0.1028 0.4805 0.7106 0.5036
1305031461.9278 -0.8548 -1.0195 0.5325 -0.1077 0.4745 0.7197 0.4952
1305031461.9597 -0.8634 -1.0066 0.5246 -0.1124 0.4738 0.7220 0.4915
1305031461.9916 -0.8787 -1.0071 0.5316 -0.1206 0.4791 0.7249 0.4800
1305031462.0277 -0.8789 -1.0079 0.5353 -0.1294 0.4743 0.7345 0.4678
1305031462.0598 -0.8823 -1.0063 0.5380 -0.1302 0.4681 0.7443 0.4583
1305031462.0918 -0.8888 -1.0002 0.5351 -0.1279 0.4601 0.7539 0.4511
1305031462.1277 -0.8974 -0.9949 0.5353 -0.1281 0.4554 0.7606 0.4447
1305031462.1596 -0.9028 -0.9926 0.5360 -0.1308 0.4517 0.7651 0.4398
1305031462.1916 -0.9136 -0.9894 0.5385 -0.1338 0.4505 0.7646 0.4410
1305031462.2276 -0.9242 -0.9887 0.5417 -0.1389 0.4492 0.7650 0.4401
1305031462.2598 -0.9312 -0.9891 0.5462 -0.1461 0.4462 0.7647 0.4414
1305031462.2916 -0.9421 -0.9880 0.5513 -0.1512 0.4427 0.7626 0.4467
1305031462.3275 -0.9534 -0.9838 0.5549 -0.1566 0.4390 0.7598 0.4533
1305031462.3597 -0.9660 -0.9876 0.5687 -0.1669 0.4399 0.7535 0.4593
1305031462.3917 -0.9660 -0.9897 0.5770 -0.1713 0.4418 0.7509 0.4600
1305031462.4276 -0.9642 -0.9912 0.5805 -0.1736 0.4427 0.7499 0.4599
1305031462.4599 -0.9629 -0.9924 0.5861 -0.1766 0.4446 0.7480 0.4602
1305031462.4920 -0.9641 -0.9921 0.5928 -0.1790 0.4470 0.7451 0.4614
1305031462.5277 -0.9767 -0.9851 0.6234 -0.1860 0.4594 0.7312 0.4688
1305031462.5599 -0.9839 -0.9814 0.6332 -0.1863 0.4639 0.7261 0.4721
1305031462.5919 -0.9805 -0.9837 0.6345 -0.1899 0.4631 0.7256 0.4722
1305031462.6279 -0.9804 -0.9837 0.6346 -0.1900 0.4631 0.7256 0.4722
1305031462.6597 -0.9804 -0.9837 0.6346 -0.1900 0.4631 0.7256 0.4722
1305031462.6925 -0.9804 -0.9837 0.6346 -0.1900 0.4631 0.7256 0.4722
1305031462.7277 -0.9804 -0.9837 0.6346 -0.1900 0.4631 0.7256 0.4722
1305031462.7598 -0.9804 -0.9837 0.6346 -0.1900 0.4631 0.7256 0.4722
1305031462.7919 -0.9804 -0.9837 0.6346 -0.1900 0.4631 0.7256 0.4722
1305031462.8278 -0.9804 -0.9837 0.6346 -0.1900 0.4631 0.7256 0.4722
1305031462.8598 -0.9804 -0.9837 0.6346 -0.1900 0.4631 0.7256 0.4722
1305031462.8918 -0.9804 -0.9837 0.6346 -0.1900 0.4631 0.7256 0.4722
1305031462.9276 -0.9804 -0.9837 0.6346 -0.1900 0.4631 0.7256 0.4722
1305031462.9597 -0.9804 -0.9837 0.6346 -0.1900 0.4631 0.7256 0.4722
1305031462.9955 -0.9804 -0.9837 0.6346 -0.1900 0.4631 0.7256 0.4722
1305031463.0277 -0.9804 -0.9837 0.6346 -0.1900 0.4631 0.7256 0.4722
1305031463.0598 -0.9804 -0.9837 0.6346 -0.1900 0.4631 0.7256 0.4722
1305031463.0958 -0.9804 -0.9837 0.6346 -0.1900 0.4631 0.7256 0.4722
1305031463.1275 -0.9804 -0.9837 0.6346 -0.1900 0.4631 0.7256 0.4722
1305031463.1598 -0.9804 -0.9837 0.6346 -0.1900 0.4631 0.7256 0.4722
1305031463.1957 -0.9804 -0.9837 0.6346 -0.1900 0.4631 0.7256 0.4722
1305031463.2278 -0.9804 -0.9837 0.6346 -0.1900 0.4631 0.7256 0.4722
1305031463.2600 -0.9804 -0.9837 0.6346 -0.1900 0.4631 0.7256 0.4722
1305031463.2957 -0.9804 -0.9837 0.6346 -0.1900 0.4631 0.7256 0.4722
1305031463.3277 -0.9804 -0.9837 0.6346 -0.1900 0.4631 0.7256 0.4722
1305031463.3598 -0.9804 -0.9837 0.6346 -0.1900 0.4631 0.7256 0.4722
1305031463.3956 -0.9804 -0.9837 0.6346 -0.1900 0.4631 0.7256 0.4722
1305031463.4277 -0.9804 -0.9837 0.6346 -0.1900 0.4631 0.7256 0.4722
1305031463.4598 -0.9804 -0.9837 0.6346 -0.1900 0.4631 0.7256 0.4722
1305031463.4956 -0.9804 -0.9837 0.6346 -0.1900 0.4631 0.7256 0.4722
1305031463.5277 -0.8967 -0.9996 0.6388 -0.2374 0.4488 0.7274 0.4617
1305031463.5598 -0.9079 -0.9979 0.6268 -0.2353 0.4543 0.7249 0.4612
1305031463.5956 -0.9184 -0.9909 0.6171 -0.2338 0.4550 0.7238 0.4631
1305031463.6276 -0.9201 -0.9789 0.6047 -0.2350 0.4551 0.7206 0.4673
1305031463.6598 -0.9245 -0.9755 0.5898 -0.2318 0.4619 0.7157 0.4698
1305031463.6956 -0.9372 -0.9722 0.5789 -0.2293 0.4668 0.7104 0.4742
1305031463.7276 -0.9378 -0.9640 0.5588 -0.2320 0.4650 0.7079 0.4784
1305031463.7597 -0.9338 -0.9609 0.5300 -0.2314 0.4663 0.7042 0.4828
1305031463.7956 -0.9401 -0.9608 0.5101 -0.2308 0.4708 0.6957 0.4910
1305031463.8278 -0.9390 -0.9581 0.4853 -0.2344 0.4688 0.6903 0.4988
1305031463.8599 -0.9304 -0.9586 0.4640 -0.2406 0.4694 0.6830 0.5052
1305031463.8956 -0.9331 -0.9595 0.4418 -0.2401 0.4718 0.6763 0.5122
1305031463.9277 -0.9323 -0.9612 0.4207 -0.2399 0.4704 0.6733 0.5176
1305031463.9597 -0.9265 -0.9613 0.3987 -0.2387 0.4670 0.6707 0.5244
1305031463.9958 -0.9250 -0.9634 0.3764 -0.2358 0.4662 0.6663 0.5320
1305031464.0277 -0.9262 -0.9663 0.3572 -0.2354 0.4647 0.6612 0.5398
1305031464.0597 -0.9177 -0.9669 0.3332 -0.2381 0.4616 0.6565 0.5470
1305031464.0956 -0.9155 -0.9724 0.3157 -0.2389 0.4644 0.6488 0.5534
1305031464.1277 -0.9143 -0.9796 0.3046 -0.2383 0.4665 0.6442 0.5574
1305031464.1598 -0.9044 -0.9858 0.2915 -0.2346 0.4659 0.6429 0.5609
1305031464.1956 -0.8984 -0.9926 0.2787 -0.2256 0.4663 0.6392 0.5685
1305031464.2276 -0.9049 -0.9996 0.2684 -0.2124 0.4665 0.6352 0.5777
1305031464.2596 -0.9105 -1.0056 0.2580 -0.2001 0.4607 0.6351 0.5868
1305031464.2957 -0.9130 -1.0038 0.2409 -0.1891 0.4491 0.6352 0.5992
1305031464.3279 -0.9133 -0.9991 0.2200 -0.1809 0.4387 0.6341 0.6105
1305031464.3597 -0.9079 -0.9967 0.2002 -0.1746 0.4323 0.6319 0.6191
1305031464.3956 -0.9125 -0.9893 0.1785 -0.1685 0.4295 0.6257 0.6289
1305031464.4276 -0.9148 -0.9875 0.1614 -0.1695 0.4291 0.6184 0.6362
1305031464.4597 -0.9111 -0.9908 0.1447 -0.1700 0.4277 0.6124 0.6428
1305031464.4956 -0.9127 -0.9866 0.1222 -0.1680 0.4258 0.6078 0.6489
1305031464.5276 -0.9169 -0.9888 0.1038 -0.1691 0.4262 0.6013 0.6544
1305031464.5597 -0.9131 -0.9867 0.0809 -0.1736 0.4210 0.5943 0.6629
1305031464.5957 -0.8935 -0.9860 0.0498 -0.1787 0.4210 0.5866 0.6684
1305031464.6277 -0.8905 -0.9863 0.0265 -0.1795 0.4329 0.5748 0.6709
1305031464.6597 -0.8869 -0.9876 0.0080 -0.1826 0.4443 0.5594 0.6755
1305031464.6957 -0.8655 -0.9941 -0.0091 -0.1864 0.4545 0.5421 0.6818
1305031464.7277 -0.8650 -0.9999 -0.0138 -0.1814 0.4672 0.5220 0.6902
1305031464.7597 -0.8745 -0.9977 -0.0220 -0.1756 0.4715 0.5032 0.7026
1305031464.7960 -0.8641 -1.0014 -0.0222 -0.1749 0.4690 0.4884 0.7148
1305031464.8278 -0.8614 -1.0011 -0.0189 -0.1651 0.4644 0.4761 0.7283
1305031464.8597 -0.8695 -0.9883 -0.0262 -0.1539 0.4531 0.4649 0.7449
1305031464.8958 -0.8665 -0.9740 -0.0378 -0.1523 0.4358 0.4532 0.7626
1305031464.9278 -0.8403 -0.9669 -0.0473 -0.1569 0.4195 0.4408 0.7779
1305031464.9598 -0.8179 -0.9583 -0.0555 -0.1583 0.4119 0.4270 0.7893
1305031464.9957 -0.8109 -0.9418 -0.0616 -0.1571 0.4098 0.4104 0.7993
1305031465.0278 -0.8037 -0.9271 -0.0542 -0.1605 0.4082 0.3909 0.8092
1305031465.0597 -0.8153 -0.9064 -0.0356 -0.1566 0.4065 0.3724 0.8195
1305031465.0957 -0.8446 -0.8657 -0.0291 -0.1533 0.3953 0.3610 0.8306
1305031465.1277 -0.8428 -0.8384 -0.0249 -0.1649 0.3742 0.3562 0.8402
1305031465.1598 -0.8331 -0.8180 -0.0140 -0.1766 0.3558 0.3560 0.8459
1305031465.1956 -0.8246 -0.7946 -0.0074 -0.1839 0.3399 0.3555 0.8510
1305031465.2279 -0.8256 -0.7671 -0.0031 -0.1894 0.3269 0.3555 0.8549
1305031465.2598 -0.8156 -0.7495 0.0088 -0.1970 0.3147 0.3597 0.8560
1305031465.2956 -0.8180 -0.7286 0.0149 -0.1943 0.3082 0.3698 0.8547
1305031465.3277 -0.8227 -0.7049 0.0188 -0.1898 0.2986 0.3846 0.8526
1305031465.3599 -0.8168 -0.6897 0.0230 -0.1844 0.2865 0.3980 0.8517
1305031465.3956 -0.8103 -0.6686 0.0137 -0.1724 0.2738 0.4099 0.8528
1305031465.4277 -0.8074 -0.6436 0.0007 -0.1598 0.2649 0.4207 0.8528
1305031465.4601 -0.8132 -0.6206 -0.0113 -0.1473 0.2598 0.4326 0.8507
1305031465.4957 -0.8202 -0.5954 -0.0245 -0.1397 0.2521 0.4420 0.8494
1305031465.5276 -0.8105 -0.5819 -0.0337 -0.1381 0.2430 0.4470 0.8497
1305031465.5598 -0.8105 -0.5632 -0.0488 -0.1276 0.2394 0.4517 0.8499
1305031465.5956 -0.8159 -0.5397 -0.0661 -0.1174 0.2392 0.4580 0.8481
1305031465.6277 -0.8256 -0.5245 -0.0791 -0.1092 0.2403 0.4646 0.8453
1305031465.6601 -0.8321 -0.5074 -0.0930 -0.0988 0.2360 0.4710 0.8442
1305031465.6957 -0.8336 -0.4796 -0.1115 -0.0872 0.2316 0.4764 0.8436
1305031465.7277 -0.8409 -0.4589 -0.1276 -0.0769 0.2334 0.4823 0.8409
1305031465.7598 -0.8515 -0.4352 -0.1428 -0.0656 0.2342 0.4876 0.8385
1305031465.7959 -0.8572 -0.4105 -0.1578 -0.0575 0.2341 0.4916 0.8368
1305031465.8280 -0.8600 -0.3894 -0.1729 -0.0476 0.2354 0.4944 0.8354
1305031465.8599 -0.8763 -0.3590 -0.1881 -0.0344 0.2398 0.4944 0.8348
1305031465.8955 -0.8859 -0.3264 -0.2016 -0.0313 0.2442 0.4951 0.8332
1305031465.9275 -0.8874 -0.3044 -0.2144 -0.0304 0.2518 0.4940 0.8317
1305031465.9597 -0.8995 -0.2810 -0.2283 -0.0249 0.2632 0.4889 0.8313
1305031465.9958 -0.9170 -0.2646 -0.2402 -0.0232 0.2730 0.4824 0.8320
1305031466.0276 -0.9338 -0.2440 -0.2524 -0.0189 0.2777 0.4791 0.8325
1305031466.0598 -0.9527 -0.2247 -0.2628 -0.0202 0.2798 0.4797 0.8314
1305031466.0958 -0.9660 -0.2118 -0.2743 -0.0239 0.2769 0.4813 0.8313
1305031466.1276 -0.9779 -0.1965 -0.2870 -0.0263 0.2706 0.4835 0.8321
1305031466.1604 -0.9911 -0.1860 -0.3015 -0.0279 0.2647 0.4870 0.8319
1305031466.1958 -1.0066 -0.1746 -0.3162 -0.0296 0.2548 0.4903 0.8329
1305031466.2280 -1.0105 -0.1613 -0.3328 -0.0357 0.2407 0.4907 0.8367
1305031466.2598 -1.0038 -0.1482 -0.3538 -0.0395 0.2332 0.4866 0.8410
1305031466.2957 -1.0098 -0.1322 -0.3747 -0.0416 0.2363 0.4757 0.8462
1305031466.3277 -1.0209 -0.1201 -0.3951 -0.0474 0.2439 0.4664 0.8489
1305031466.3598 -1.0270 -0.1145 -0.4128 -0.0582 0.2483 0.4623 0.8493
1305031466.3958 -1.0210 -0.1169 -0.4299 -0.0642 0.2497 0.4589 0.8502
1305031466.4278 -1.0323 -0.1103 -0.4477 -0.0588 0.2516 0.4533 0.8531
1305031466.4598 -1.0406 -0.0975 -0.4656 -0.0568 0.2469 0.4506 0.8560
1305031466.4958 -1.0398 -0.0806 -0.4836 -0.0579 0.2403 0.4517 0.8572
1305031466.5275 -1.0336 -0.0635 -0.5009 -0.0602 0.2389 0.4525 0.8570
1305031466.5604 -1.0400 -0.0528 -0.5172 -0.0645 0.2421 0.4513 0.8565
1305031466.5959 -1.0426 -0.0354 -0.5319 -0.0715 0.2381 0.4511 0.8571
1305031466.6275 -1.0236 -0.0187 -0.5462 -0.0794 0.2327 0.4498 0.8586
1305031466.6597 -1.0220 -0.0070 -0.5633 -0.0774 0.2375 0.4435 0.8608
1305031466.6958 -1.0327 0.0074 -0.5770 -0.0775 0.2385 0.4367 0.8640
1305031466.7281 -1.0264 0.0254 -0.5888 -0.0834 0.2311 0.4307 0.8684
1305031466.7596 -1.0110 0.0371 -0.5999 -0.0854 0.2291 0.4239 0.8721
1305031466.7956 -1.0179 0.0478 -0.6162 -0.0805 0.2318 0.4173 0.8750
1305031466.8279 -1.0185 0.0601 -0.6304 -0.0812 0.2266 0.4161 0.8769
1305031466.8597 -1.0100 0.0655 -0.6385 -0.0819 0.2206 0.4178 0.8775
1305031466.8957 -1.0061 0.0718 -0.6527 -0.0746 0.2116 0.4169 0.8808
1305031466.9278 -1.0024 0.0824 -0.6633 -0.0682 0.2001 0.4159 0.8845
1305031466.9597 -0.9943 0.0926 -0.6735 -0.0641 0.1919 0.4156 0.8868
1305031466.9957 -0.9893 0.1007 -0.6897 -0.0627 0.1875 0.4133 0.8888
1305031467.0278 -0.9864 0.1081 -0.7023 -0.0620 0.1843 0.4103 0.8910
1305031467.0597 -0.9844 0.1190 -0.7154 -0.0609 0.1819 0.4075 0.8928
1305031467.0957 -0.9838 0.1261 -0.7317 -0.0632 0.1796 0.4043 0.8946
1305031467.1290 -0.9804 0.1355 -0.7394 -0.0638 0.1762 0.3958 0.8990
1305031467.1597 -0.9783 0.1447 -0.7497 -0.0624 0.1736 0.3888 0.9027
1305031467.1957 -0.9781 0.1503 -0.7610 -0.0608 0.1704 0.3850 0.9050
1305031467.2277 -0.9769 0.1564 -0.7712 -0.0588 0.1654 0.3802 0.9081
1305031467.2597 -0.9755 0.1648 -0.7795 -0.0561 0.1620 0.3755 0.9108
1305031467.2958 -0.9760 0.1705 -0.7908 -0.0540 0.1589 0.3697 0.9139
1305031467.3280 -0.9756 0.1759 -0.8042 -0.0522 0.1546 0.3658 0.9163
1305031467.3597 -0.9782 0.1852 -0.8174 -0.0512 0.1487 0.3653 0.9175
1305031467.3958 -0.9789 0.1943 -0.8285 -0.0525 0.1410 0.3623 0.9199
1305031467.4278 -0.9760 0.2030 -0.8363 -0.0517 0.1354 0.3595 0.9218
1305031467.4597 -0.9755 0.2088 -0.8496 -0.0495 0.1302 0.3586 0.9230
1305031467.4961 -0.9780 0.2172 -0.8657 -0.0501 0.1231 0.3558 0.9251
1305031467.5277 -0.9769 0.2302 -0.8720 -0.0525 0.1186 0.3514 0.9272
1305031467.5598 -0.9718 0.2393 -0.8782 -0.0520 0.1175 0.3493 0.9281
1305031467.5960 -0.9692 0.2456 -0.8895 -0.0512 0.1165 0.3508 0.9278
1305031467.6275 -0.9604 0.2464 -0.8926 -0.0487 0.1138 0.3534 0.9273
1305031467.6596 -0.9565 0.2541 -0.9003 -0.0403 0.1132 0.3538 0.9276
1305031467.6959 -0.9514 0.2604 -0.9068 -0.0370 0.1120 0.3508 0.9290
1305031467.7275 -0.9414 0.2658 -0.9024 -0.0340 0.1119 0.3448 0.9314
1305031467.7599 -0.9323 0.2748 -0.9013 -0.0275 0.1130 0.3410 0.9328
1305031467.7961 -0.9241 0.2823 -0.9010 -0.0234 0.1127 0.3367 0.9345
1305031467.8278 -0.9104 0.2872 -0.8870 -0.0183 0.1133 0.3347 0.9353
1305031467.8597 -0.8981 0.2924 -0.8814 -0.0093 0.1134 0.3355 0.9352
1305031467.8959 -0.8903 0.2977 -0.8774 -0.0019 0.1104 0.3337 0.9362
1305031467.9278 -0.8748 0.3037 -0.8649 0.0036 0.1050 0.3300 0.9381
1305031467.9598 -0.8584 0.3095 -0.8539 0.0113 0.1034 0.3266 0.9394
1305031467.9958 -0.8524 0.3226 -0.8472 0.0162 0.1039 0.3225 0.9407
1305031468.0281 -0.8342 0.3264 -0.8281 0.0140 0.1026 0.3196 0.9419
1305031468.0598 -0.8174 0.3271 -0.8149 0.0178 0.1031 0.3151 0.9433
1305031468.0959 -0.8072 0.3365 -0.8071 0.0223 0.1017 0.3123 0.9443
1305031468.1278 -0.7878 0.3409 -0.7910 0.0220 0.0990 0.3115 0.9448
1305031468.1599 -0.7714 0.3460 -0.7796 0.0243 0.0982 0.3075 0.9462
1305031468.1960 -0.7550 0.3529 -0.7690 0.0243 0.0973 0.3039 0.9474
1305031468.2282 -0.7344 0.3551 -0.7566 0.0226 0.0975 0.3045 0.9473
1305031468.2598 -0.7152 0.3595 -0.7471 0.0227 0.0991 0.3057 0.9467
1305031468.2958 -0.6979 0.3603 -0.7365 0.0210 0.1017 0.3051 0.9466
1305031468.3278 -0.6739 0.3578 -0.7267 0.0213 0.1043 0.3064 0.9459
1305031468.3598 -0.6608 0.3610 -0.7232 0.0250 0.1098 0.3091 0.9443
1305031468.3959 -0.6499 0.3621 -0.7188 0.0232 0.1113 0.3095 0.9441
1305031468.4280 -0.6258 0.3544 -0.7138 0.0184 0.1086 0.3111 0.9440
1305031468.4598 -0.6089 0.3537 -0.7113 0.0195 0.1081 0.3135 0.9432
1305031468.4958 -0.5936 0.3524 -0.7069 0.0172 0.1085 0.3136 0.9432
1305031468.5278 -0.5724 0.3403 -0.7000 0.0135 0.1088 0.3089 0.9448
1305031468.5597 -0.5574 0.3301 -0.6969 0.0165 0.1105 0.2994 0.9476
1305031468.5958 -0.5517 0.3246 -0.6988 0.0182 0.1115 0.2929 0.9494
1305031468.6276 -0.5389 0.3153 -0.6906 0.0135 0.1079 0.2931 0.9499
1305031468.6596 -0.5192 0.2954 -0.6869 0.0110 0.1030 0.2934 0.9503
1305031468.6958 -0.5059 0.2828 -0.6825 0.0166 0.0988 0.2888 0.9521
1305031468.7278 -0.4958 0.2759 -0.6780 0.0237 0.0950 0.2865 0.9531
1305031468.7596 -0.4840 0.2687 -0.6715 0.0272 0.0912 0.2855 0.9537
1305031468.7958 -0.4669 0.2541 -0.6643 0.0293 0.0893 0.2795 0.9555
1305031468.8292 -0.4592 0.2447 -0.6583 0.0358 0.0908 0.2710 0.9576
1305031468.8597 -0.4524 0.2470 -0.6536 0.0385 0.0914 0.2662 0.9588
1305031468.8959 -0.4413 0.2403 -0.6468 0.0334 0.0939 0.2655 0.9590
1305031468.9281 -0.4353 0.2340 -0.6395 0.0283 0.0981 0.2690 0.9577
1305031468.9596 -0.4358 0.2322 -0.6376 0.0217 0.1020 0.2740 0.9561
1305031468.9957 -0.4450 0.2360 -0.6322 0.0095 0.1007 0.2742 0.9563
1305031469.0277 -0.4342 0.2269 -0.6224 -0.0108 0.0935 0.2740 0.9571
1305031469.0598 -0.4267 0.2169 -0.6150 -0.0256 0.0880 0.2718 0.9580
1305031469.0957 -0.4182 0.2231 -0.6069 -0.0363 0.0810 0.2654 0.9600
1305031469.1277 -0.4036 0.2244 -0.5963 -0.0523 0.0778 0.2595 0.9612
1305031469.1597 -0.3944 0.2228 -0.5859 -0.0670 0.0794 0.2553 0.9613
1305031469.1955 -0.3860 0.2172 -0.5732 -0.0805 0.0832 0.2525 0.9606
1305031469.2278 -0.3848 0.2118 -0.5619 -0.0889 0.0874 0.2508 0.9600
1305031469.2596 -0.3817 0.2133 -0.5495 -0.0953 0.0871 0.2481 0.9601
1305031469.2968 -0.3769 0.2156 -0.5382 -0.1020 0.0885 0.2473 0.9595
1305031469.3276 -0.3780 0.2203 -0.5278 -0.1075 0.0896 0.2471 0.9588
1305031469.3596 -0.3670 0.2301 -0.5155 -0.1156 0.0877 0.2446 0.9587
1305031469.3957 -0.3590 0.2327 -0.5028 -0.1244 0.0951 0.2398 0.9581
1305031469.4277 -0.3622 0.2396 -0.4915 -0.1301 0.1059 0.2332 0.9578
1305031469.4597 -0.3661 0.2433 -0.4764 -0.1374 0.1142 0.2258 0.9576
1305031469.4957 -0.3732 0.2447 -0.4602 -0.1424 0.1203 0.2222 0.9570
1305031469.5276 -0.3784 0.2540 -0.4500 -0.1442 0.1192 0.2230 0.9567
1305031469.5596 -0.3797 0.2650 -0.4382 -0.1485 0.1153 0.2245 0.9562
1305031469.5958 -0.3825 0.2778 -0.4278 -0.1532 0.1113 0.2277 0.9551
1305031469.6278 -0.3832 0.2851 -0.4139 -0.1629 0.1077 0.2306 0.9532
1305031469.6596 -0.3852 0.2909 -0.3977 -0.1707 0.1083 0.2316 0.9516
1305031469.6956 -0.3900 0.3024 -0.3863 -0.1747 0.1095 0.2337 0.9502
1305031469.7277 -0.3952 0.3130 -0.3740 -0.1799 0.1110 0.2365 0.9483
1305031469.7596 -0.4070 0.3212 -0.3611 -0.1857 0.1145 0.2403 0.9459
1305031469.7956 -0.4191 0.3252 -0.3426 -0.1931 0.1153 0.2434 0.9435
1305031469.8275 -0.4279 0.3326 -0.3309 -0.1962 0.1119 0.2472 0.9423
1305031469.8596 -0.4404 0.3366 -0.3161 -0.2020 0.1090 0.2508 0.9404
1305031469.8958 -0.4520 0.3406 -0.3021 -0.2065 0.1065 0.2545 0.9388
1305031469.9279 -0.4646 0.3417 -0.2868 -0.2107 0.1046 0.2579 0.9371
1305031469.9598 -0.4786 0.3438 -0.2729 -0.2119 0.1023 0.2602 0.9364
1305031469.9956 -0.4930 0.3459 -0.2612 -0.2130 0.1006 0.2627 0.9357
1305031470.0277 -0.5070 0.3439 -0.2506 -0.2166 0.0979 0.2635 0.9349
1305031470.0596 -0.5214 0.3476 -0.2411 -0.2169 0.0956 0.2649 0.9347
1305031470.0959 -0.5369 0.3477 -0.2323 -0.2182 0.0955 0.2673 0.9337
1305031470.1276 -0.5529 0.3478 -0.2252 -0.2209 0.0939 0.2709 0.9322
1305031470.1596 -0.5687 0.3437 -0.2137 -0.2254 0.0927 0.2736 0.9305
1305031470.1961 -0.5850 0.3427 -0.2073 -0.2251 0.0912 0.2777 0.9295
1305031470.2276 -0.5981 0.3381 -0.1997 -0.2300 0.0888 0.2817 0.9273
1305031470.2600 -0.6150 0.3356 -0.1929 -0.2330 0.0883 0.2855 0.9254
1305031470.2957 -0.6266 0.3323 -0.1861 -0.2390 0.0844 0.2898 0.9229
1305031470.3276 -0.6394 0.3231 -0.1779 -0.2488 0.0817 0.2933 0.9195
1305031470.3596 -0.6548 0.3188 -0.1700 -0.2521 0.0793 0.2986 0.9171
1305031470.3958 -0.6705 0.3145 -0.1626 -0.2542 0.0775 0.3023 0.9154
1305031470.4276 -0.6829 0.3080 -0.1549 -0.2566 0.0740 0.3015 0.9153
1305031470.4597 -0.6957 0.3004 -0.1479 -0.2576 0.0727 0.3006 0.9154
1305031470.4957 -0.7078 0.2923 -0.1414 -0.2579 0.0719 0.3017 0.9151
1305031470.5277 -0.7197 0.2887 -0.1369 -0.2560 0.0706 0.3020 0.9156
1305031470.5597 -0.7319 0.2848 -0.1316 -0.2562 0.0710 0.3026 0.9153
1305031470.5958 -0.7424 0.2793 -0.1262 -0.2567 0.0715 0.3056 0.9141
1305031470.6277 -0.7531 0.2752 -0.1207 -0.2574 0.0718 0.3102 0.9123
1305031470.6597 -0.7625 0.2700 -0.1148 -0.2584 0.0720 0.3139 0.9108
1305031470.6956 -0.7724 0.2662 -0.1088 -0.2588 0.0708 0.3173 0.9096
1305031470.7277 -0.7791 0.2632 -0.1015 -0.2573 0.0694 0.3192 0.9094
1305031470.7597 -0.7846 0.2597 -0.0996 -0.2580 0.0711 0.3230 0.9078
1305031470.7956 -0.7929 0.2557 -0.0927 -0.2607 0.0756 0.3263 0.9054
1305031470.8278 -0.7998 0.2504 -0.0867 -0.2572 0.0786 0.3296 0.9050
1305031470.8596 -0.8058 0.2448 -0.0827 -0.2516 0.0810 0.3330 0.9051
1305031470.8957 -0.8130 0.2387 -0.0801 -0.2459 0.0832 0.3374 0.9049
1305031470.9277 -0.8177 0.2330 -0.0746 -0.2396 0.0827 0.3406 0.9054
1305031470.9596 -0.8212 0.2263 -0.0711 -0.2290 0.0837 0.3416 0.9077
1305031470.9960 -0.8255 0.2224 -0.0704 -0.2188 0.0865 0.3425 0.9096
1305031471.0276 -0.8275 0.2158 -0.0669 -0.2116 0.0913 0.3427 0.9107
1305031471.0596 -0.8321 0.2078 -0.0643 -0.2038 0.0996 0.3446 0.9109
1305031471.0958 -0.8385 0.2019 -0.0629 -0.1944 0.1065 0.3491 0.9105
1305031471.1277 -0.8417 0.1955 -0.0604 -0.1872 0.1099 0.3538 0.9098
1305031471.1596 -0.8451 0.1913 -0.0607 -0.1801 0.1137 0.3584 0.9090
1305031471.1957 -0.8490 0.1870 -0.0596 -0.1770 0.1186 0.3631 0.9071
1305031471.2276 -0.8530 0.1812 -0.0571 -0.1771 0.1228 0.3676 0.9047
1305031471.2597 -0.8541 0.1746 -0.0532 -0.1788 0.1245 0.3707 0.9028
1305031471.2961 -0.8539 0.1692 -0.0501 -0.1784 0.1265 0.3745 0.9011
1305031471.3276 -0.8549 0.1664 -0.0508 -0.1756 0.1314 0.3766 0.9000
1305031471.3596 -0.8580 0.1643 -0.0511 -0.1767 0.1388 0.3781 0.8981
1305031471.3957 -0.8575 0.1545 -0.0464 -0.1815 0.1463 0.3820 0.8943
1305031471.4277 -0.8623 0.1468 -0.0459 -0.1785 0.1530 0.3873 0.8915
1305031471.4596 -0.8657 0.1428 -0.0469 -0.1761 0.1539 0.3921 0.8897
1305031471.4965 -0.8668 0.1373 -0.0457 -0.1774 0.1544 0.3963 0.8875
1305031471.5276 -0.8691 0.1333 -0.0462 -0.1763 0.1555 0.4003 0.8857
1305031471.5597 -0.8715 0.1306 -0.0469 -0.1768 0.1573 0.4018 0.8846
1305031471.5957 -0.8725 0.1259 -0.0483 -0.1791 0.1611 0.4035 0.8827
1305031471.6276 -0.8710 0.1180 -0.0507 -0.1839 0.1642 0.4054 0.8802
1305031471.6596 -0.8695 0.1108 -0.0530 -0.1872 0.1671 0.4068 0.8784
1305031471.6956 -0.8693 0.1094 -0.0546 -0.1873 0.1680 0.4082 0.8775
1305031471.7275 -0.8701 0.1075 -0.0550 -0.1881 0.1694 0.4089 0.8768
1305031471.7597 -0.8706 0.1070 -0.0560 -0.1880 0.1704 0.4101 0.8760
1305031471.7958 -0.8710 0.1073 -0.0571 -0.1875 0.1708 0.4105 0.8759
1305031471.8276 -0.8718 0.1073 -0.0573 -0.1874 0.1714 0.4102 0.8759
1305031471.8597 -0.8720 0.1076 -0.0575 -0.1871 0.1715 0.4103 0.8759
1305031471.8956 -0.8723 0.1076 -0.0574 -0.1871 0.1717 0.4102 0.8759
1305031471.9277 -0.8723 0.1075 -0.0575 -0.1873 0.1717 0.4100 0.8760
1305031471.9596 -0.8711 0.1060 -0.0575 -0.1889 0.1714 0.4096 0.8759
1305031471.9956 -0.8694 0.1052 -0.0580 -0.1900 0.1705 0.4099 0.8757
1305031472.0276 -0.8672 0.1037 -0.0589 -0.1915 0.1693 0.4102 0.8754
1305031472.0597 -0.8659 0.1020 -0.0598 -0.1926 0.1689 0.4106 0.8751
1305031472.0956 -0.8651 0.1010 -0.0608 -0.1933 0.1686 0.4109 0.8749
1305031472.1276 -0.8641 0.0998 -0.0615 -0.1944 0.1682 0.4107 0.8748
1305031472.1596 -0.8641 0.0981 -0.0622 -0.1955 0.1684 0.4105 0.8746
1305031472.1957 -0.8751 0.0889 -0.0674 -0.1984 0.1762 0.4063 0.8744
1305031472.2276 -0.8794 0.0875 -0.0655 -0.1969 0.1798 0.4068 0.8738
1305031472.2638 -0.8830 0.0882 -0.0605 -0.1931 0.1846 0.4048 0.8745
1305031472.2957 -0.8826 0.0854 -0.0614 -0.1878 0.1888 0.4059 0.8743
1305031472.3277 -0.8820 0.0814 -0.0650 -0.1859 0.1905 0.4071 0.8737
1305031472.3636 -0.8809 0.0777 -0.0654 -0.1875 0.1899 0.4093 0.8725
1305031472.3956 -0.8778 0.0762 -0.0628 -0.1876 0.1871 0.4113 0.8721
1305031472.4277 -0.8746 0.0725 -0.0616 -0.1869 0.1848 0.4119 0.8725
1305031472.4636 -0.8735 0.0710 -0.0615 -0.1856 0.1849 0.4100 0.8736
1305031472.4956 -0.8723 0.0705 -0.0622 -0.1864 0.1866 0.4094 0.8734
1305031472.5276 -0.8671 0.0680 -0.0606 -0.1877 0.1872 0.4096 0.8729
1305031472.5636 -0.8632 0.0648 -0.0603 -0.1840 0.1886 0.4104 0.8730
1305031472.5957 -0.8644 0.0646 -0.0630 -0.1782 0.1907 0.4120 0.8730
1305031472.6277 -0.8609 0.0647 -0.0635 -0.1774 0.1895 0.4139 0.8725
1305031472.6636 -0.8561 0.0635 -0.0624 -0.1771 0.1888 0.4148 0.8723
1305031472.6958 -0.8525 0.0630 -0.0627 -0.1748 0.1887 0.4157 0.8724
1305031472.7276 -0.8482 0.0622 -0.0627 -0.1728 0.1884 0.4154 0.8730
1305031472.7636 -0.8450 0.0621 -0.0635 -0.1714 0.1889 0.4140 0.8738
1305031472.7956 -0.8406 0.0605 -0.0621 -0.1719 0.1901 0.4124 0.8742
1305031472.8276 -0.8392 0.0602 -0.0611 -0.1696 0.1924 0.4116 0.8745
1305031472.8636 -0.8391 0.0600 -0.0611 -0.1667 0.1938 0.4124 0.8744
1305031472.8957 -0.8389 0.0601 -0.0599 -0.1654 0.1936 0.4144 0.8737
1305031472.9277 -0.8357 0.0608 -0.0590 -0.1651 0.1919 0.4161 0.8734
1305031472.9638 -0.8357 0.0613 -0.0588 -0.1639 0.1928 0.4171 0.8729
1305031472.9957 -0.8352 0.0613 -0.0577 -0.1640 0.1919 0.4184 0.8725
1305031473.0276 -0.8342 0.0617 -0.0573 -0.1639 0.1900 0.4187 0.8727
1305031473.0637 -0.8317 0.0616 -0.0565 -0.1651 0.1884 0.4178 0.8733
1305031473.0957 -0.8312 0.0621 -0.0562 -0.1652 0.1893 0.4157 0.8741
1305031473.1277 -0.8309 0.0607 -0.0550 -0.1666 0.1905 0.4144 0.8742
1305031473.1671 -0.8301 0.0598 -0.0547 -0.1658 0.1901 0.4142 0.8746
1305031473.1961 -0.8295 0.0597 -0.0548 -0.1646 0.1899 0.4139 0.8749
