1305031453.3917 0.0000 0.0000 0.0000 0.0000 0.0000 0.0000 1.0000
1305031453.5237 0.0104 0.0157 -0.0485 0.0154 0.0233 0.0360 0.9990
1305031453.6277 0.0110 0.0247 -0.0918 0.0330 0.0286 0.0502 0.9978
1305031453.7277 -0.0079 0.0406 -0.1376 0.0474 0.0164 0.0409 0.9979
1305031453.8597 -0.0420 0.0586 -0.1841 0.0575 -0.0213 0.0144 0.9980
1305031453.9277 -0.0673 0.0703 -0.1910 0.0561 -0.0542 0.0030 0.9969
1305031453.9596 -0.0718 0.0771 -0.1958 0.0560 -0.0704 -0.0038 0.9959
1305031453.9916 -0.0830 0.0837 -0.1895 0.0570 -0.0822 -0.0127 0.9949
1305031454.0277 -0.0900 0.0875 -0.1876 0.0595 -0.0960 -0.0192 0.9934
1305031454.0597 -0.0986 0.0978 -0.1865 0.0633 -0.1067 -0.0251 0.9920
1305031454.0917 -0.1108 0.1066 -0.1818 0.0667 -0.1182 -0.0311 0.9903
1305031454.1277 -0.1234 0.1107 -0.1723 0.0714 -0.1314 -0.0396 0.9880
1305031454.1597 -0.1373 0.1197 -0.1711 0.0735 -0.1446 -0.0481 0.9856
1305031454.1917 -0.1529 0.1235 -0.1731 0.0731 -0.1594 -0.0591 0.9827
1305031454.2277 -0.1805 0.1300 -0.1610 0.0801 -0.1709 -0.0746 0.9792
1305031454.2596 -0.1789 0.1245 -0.1635 0.0808 -0.1870 -0.0866 0.9752
1305031454.2916 -0.1821 0.1258 -0.1662 0.0790 -0.1970 -0.0958 0.9725
1305031454.3277 -0.1891 0.1299 -0.1587 0.0826 -0.2088 -0.1067 0.9686
1305031454.3596 -0.1946 0.1228 -0.1634 0.0825 -0.2207 -0.1169 0.9648
1305031454.3917 -0.2019 0.1257 -0.1613 0.0836 -0.2286 -0.1264 0.9616
1305031454.4275 -0.2074 0.1282 -0.1666 0.0851 -0.2405 -0.1354 0.9574
1305031454.4599 -0.2062 0.1253 -0.1666 0.0845 -0.2540 -0.1461 0.9524
1305031454.4916 -0.2095 0.1248 -0.1632 0.0855 -0.2603 -0.1581 0.9487
1305031454.5277 -0.2097 0.1372 -0.1578 0.0884 -0.2706 -0.1694 0.9435
1305031454.5596 -0.2102 0.1454 -0.1544 0.0876 -0.2794 -0.1789 0.9393
1305031454.5916 -0.2134 0.1538 -0.1574 0.0882 -0.2895 -0.1911 0.9338
1305031454.6276 -0.2180 0.1592 -0.1544 0.0883 -0.3025 -0.2019 0.9273
1305031454.6595 -0.2199 0.1764 -0.1544 0.0892 -0.3137 -0.2091 0.9219
1305031454.6919 -0.2339 0.1931 -0.1509 0.0879 -0.3245 -0.2131 0.9174
1305031454.7277 -0.2389 0.1939 -0.1595 0.0840 -0.3335 -0.2216 0.9125
1305031454.7597 -0.2411 0.1959 -0.1608 0.0768 -0.3375 -0.2178 0.9126
1305031454.7916 -0.2440 0.1985 -0.1590 0.0710 -0.3387 -0.2120 0.9139
1305031454.8276 -0.2413 0.2076 -0.1593 0.0669 -0.3393 -0.2043 0.9158
1305031454.8596 -0.2455 0.2093 -0.1526 0.0581 -0.3376 -0.1985 0.9183
1305031454.8918 -0.2471 0.2095 -0.1524 0.0513 -0.3339 -0.1924 0.9214
1305031454.9276 -0.2522 0.2151 -0.1491 0.0449 -0.3294 -0.1850 0.9248
1305031454.9596 -0.2555 0.2200 -0.1486 0.0400 -0.3261 -0.1791 0.9273
1305031454.9919 -0.2605 0.2200 -0.1550 0.0341 -0.3220 -0.1742 0.9299
1305031455.0278 -0.2619 0.2280 -0.1545 0.0344 -0.3219 -0.1710 0.9306
1305031455.0596 -0.2656 0.2339 -0.1578 0.0332 -0.3189 -0.1686 0.9321
1305031455.0917 -0.2681 0.2352 -0.1609 0.0329 -0.3171 -0.1682 0.9328
1305031455.1277 -0.2706 0.2435 -0.1664 0.0350 -0.3136 -0.1683 0.9339
1305031455.1597 -0.2789 0.2490 -0.1709 0.0336 -0.3093 -0.1653 0.9359
1305031455.1917 -0.2873 0.2534 -0.1752 0.0302 -0.3062 -0.1605 0.9378
1305031455.2276 -0.2947 0.2551 -0.1779 0.0284 -0.3041 -0.1568 0.9392
1305031455.2596 -0.2977 0.2668 -0.1778 0.0282 -0.3024 -0.1511 0.9407
1305031455.2918 -0.3053 0.2679 -0.1803 0.0188 -0.2990 -0.1415 0.9435
1305031455.3278 -0.3187 0.2779 -0.1974 0.0153 -0.2925 -0.1315 0.9470
1305031455.3596 -0.3246 0.2950 -0.1900 0.0112 -0.2934 -0.1224 0.9481
1305031455.3917 -0.3305 0.2905 -0.1867 -0.0026 -0.2910 -0.1135 0.9500
1305031455.4276 -0.3434 0.2927 -0.1948 -0.0096 -0.2840 -0.1056 0.9530
1305031455.4596 -0.3547 0.2898 -0.2020 -0.0158 -0.2807 -0.0994 0.9545
1305031455.4916 -0.3671 0.2933 -0.2129 -0.0185 -0.2760 -0.0926 0.9565
1305031455.5276 -0.3825 0.2890 -0.2215 -0.0252 -0.2726 -0.0819 0.9583
1305031455.5597 -0.4003 0.2945 -0.2362 -0.0255 -0.2708 -0.0695 0.9598
1305031455.5916 -0.4142 0.2951 -0.2506 -0.0290 -0.2705 -0.0585 0.9605
1305031455.6596 -0.4412 0.2981 -0.2634 -0.0288 -0.2685 -0.0381 0.9621
1305031455.6916 -0.4557 0.2944 -0.2796 -0.0269 -0.2653 -0.0395 0.9630
1305031455.7276 -0.4626 0.2901 -0.2869 -0.0266 -0.2638 -0.0422 0.9633
1305031455.7597 -0.4671 0.2881 -0.2924 -0.0261 -0.2619 -0.0434 0.9638
1305031455.7917 -0.4739 0.2794 -0.3002 -0.0265 -0.2592 -0.0428 0.9645
1305031455.8276 -0.4792 0.2747 -0.3116 -0.0259 -0.2581 -0.0425 0.9648
1305031455.8595 -0.4845 0.2676 -0.3207 -0.0272 -0.2574 -0.0425 0.9650
1305031455.8917 -0.4855 0.2644 -0.3271 -0.0277 -0.2576 -0.0423 0.9649
1305031455.9280 -0.4907 0.2591 -0.3339 -0.0292 -0.2558 -0.0420 0.9654
1305031455.9597 -0.4935 0.2572 -0.3399 -0.0288 -0.2546 -0.0427 0.9657
1305031455.9917 -0.4980 0.2556 -0.3438 -0.0299 -0.2523 -0.0435 0.9662
1305031456.0278 -0.5023 0.2641 -0.3545 -0.0292 -0.2481 -0.0478 0.9671
1305031456.0597 -0.5149 0.2461 -0.3594 -0.0415 -0.2432 -0.0567 0.9674
1305031456.0917 -0.5234 0.2390 -0.3624 -0.0455 -0.2398 -0.0610 0.9678
1305031456.1276 -0.5290 0.2332 -0.3664 -0.0474 -0.2370 -0.0611 0.9684
1305031456.1597 -0.5288 0.2233 -0.3641 -0.0496 -0.2360 -0.0617 0.9685
1305031456.1917 -0.5328 0.2172 -0.3645 -0.0458 -0.2311 -0.0599 0.9700
1305031456.2277 -0.5387 0.2177 -0.3681 -0.0441 -0.2227 -0.0560 0.9723
1305031456.2917 -0.5465 0.1955 -0.3615 -0.0492 -0.2060 -0.0487 0.9761
1305031456.3277 -0.5504 0.1890 -0.3594 -0.0477 -0.1979 -0.0398 0.9783
1305031456.3916 -0.5572 0.1712 -0.3496 -0.0508 -0.1800 -0.0311 0.9819
1305031456.4277 -0.5564 0.1655 -0.3473 -0.0487 -0.1752 -0.0213 0.9831
1305031456.4917 -0.6067 0.1809 -0.3492 -0.0503 -0.1616 -0.0100 0.9855
1305031456.5276 -0.6248 0.1853 -0.3434 -0.0535 -0.1606 -0.0052 0.9855
1305031456.5917 -0.6483 0.1947 -0.3375 -0.0528 -0.1552 0.0041 0.9865
1305031456.6276 -0.6547 0.2089 -0.3308 -0.0624 -0.1532 0.0088 0.9862
1305031456.6916 -0.6856 0.1922 -0.3108 -0.0784 -0.1450 0.0229 0.9861
1305031456.7916 -0.7457 0.1996 -0.2955 -0.0830 -0.1477 0.0443 0.9846
1305031457.0276 -0.8279 0.2241 -0.2518 -0.0996 -0.1296 0.0782 0.9834
1305031457.1917 -0.8819 0.2203 -0.2637 -0.1166 -0.0991 0.1029 0.9829
1305031457.2917 -0.9077 0.2040 -0.2886 -0.1149 -0.0780 0.1224 0.9827
1305031457.3917 -0.9408 0.1886 -0.3207 -0.1118 -0.0437 0.1413 0.9827
1305031457.4917 -0.9811 0.1655 -0.3559 -0.1112 -0.0260 0.1552 0.9813
1305031457.5597 -0.9900 0.1490 -0.3822 -0.1065 -0.0201 0.1655 0.9802
1305031457.6596 -1.0288 0.1433 -0.4153 -0.0959 -0.0084 0.1771 0.9795
1305031457.7277 -1.0473 0.1099 -0.4297 -0.1068 -0.0061 0.1771 0.9784
1305031457.7916 -1.0567 0.0819 -0.4391 -0.0990 0.0002 0.1763 0.9793
1305031457.8277 -1.0680 0.0871 -0.4501 -0.0857 0.0082 0.1779 0.9803
1305031457.8916 -1.0899 0.0511 -0.4568 -0.0809 0.0247 0.1762 0.9807
1305031457.9276 -1.1020 0.0487 -0.4656 -0.0670 0.0308 0.1819 0.9805
1305031457.9916 -1.1284 0.0270 -0.4734 -0.0566 0.0363 0.1865 0.9802
1305031458.0278 -1.1298 0.0209 -0.4763 -0.0465 0.0387 0.1899 0.9799
1305031458.0597 -1.1422 0.0292 -0.4833 -0.0360 0.0436 0.1933 0.9795
1305031458.1276 -1.1596 0.0159 -0.4805 -0.0388 0.0495 0.1946 0.9789
1305031458.1596 -1.1699 0.0058 -0.4794 -0.0397 0.0518 0.1951 0.9786
1305031458.1916 -1.1814 -0.0004 -0.4771 -0.0406 0.0521 0.1988 0.9778
1305031458.2276 -1.1943 -0.0103 -0.4615 -0.0482 0.0500 0.1981 0.9777
1305031458.2599 -1.2082 -0.0330 -0.4468 -0.0513 0.0487 0.1970 0.9779
1305031458.2917 -1.2260 -0.0419 -0.4420 -0.0429 0.0458 0.1946 0.9789
1305031458.3276 -1.2430 -0.0425 -0.4252 -0.0393 0.0403 0.1956 0.9791
1305031458.3596 -1.2438 -0.0657 -0.4111 -0.0374 0.0343 0.1989 0.9787
1305031458.3916 -1.2629 -0.0530 -0.3980 -0.0204 0.0342 0.2029 0.9784
1305031458.4276 -1.2705 -0.0456 -0.3802 -0.0114 0.0349 0.2148 0.9760
1305031458.4596 -1.2723 -0.0471 -0.3702 0.0010 0.0390 0.2168 0.9754
1305031458.4917 -1.2704 -0.0568 -0.3595 0.0166 0.0468 0.2166 0.9750
1305031458.5277 -1.2758 -0.0599 -0.3491 0.0291 0.0551 0.2199 0.9735
1305031458.5596 -1.2823 -0.0603 -0.3360 0.0339 0.0614 0.2172 0.9736
1305031458.5916 -1.2934 -0.0700 -0.3266 0.0392 0.0671 0.2102 0.9746
1305031458.6277 -1.3048 -0.0556 -0.3082 0.0439 0.0682 0.2090 0.9746
1305031458.6596 -1.3220 -0.0508 -0.2910 0.0400 0.0639 0.2061 0.9756
1305031458.6917 -1.3292 -0.0452 -0.2706 0.0392 0.0487 0.1982 0.9782
1305031458.7276 -1.3276 -0.0490 -0.2598 0.0387 0.0320 0.1919 0.9801
1305031458.7599 -1.3363 -0.0491 -0.2401 0.0449 0.0186 0.1849 0.9816
1305031458.7916 -1.3433 -0.0342 -0.2264 0.0495 0.0031 0.1776 0.9828
1305031458.8276 -1.3413 -0.0338 -0.2004 0.0456 -0.0057 0.1773 0.9831
1305031458.8917 -1.3379 -0.0435 -0.1700 0.0500 -0.0110 0.1691 0.9843
1305031458.9276 -1.3516 -0.0385 -0.1656 0.0509 -0.0033 0.1699 0.9841
1305031458.9596 -1.3543 -0.0441 -0.1571 0.0421 -0.0004 0.1798 0.9828
1305031458.9916 -1.3584 -0.0624 -0.1488 0.0395 0.0026 0.1834 0.9822
1305031459.0277 -1.3781 -0.0668 -0.1376 0.0512 0.0022 0.1829 0.9818
1305031459.0596 -1.3933 -0.0730 -0.1233 0.0590 -0.0052 0.1928 0.9795
1305031459.1276 -1.4128 -0.0425 -0.1080 0.0751 0.0028 0.1886 0.9792
1305031459.1596 -1.4249 -0.0480 -0.0922 0.0841 -0.0217 0.1903 0.9779
1305031459.1917 -1.4267 -0.0437 -0.0756 0.0915 -0.0424 0.1970 0.9752
1305031459.2276 -1.4326 -0.0417 -0.0689 0.0952 -0.0558 0.2037 0.9728
1305031459.2598 -1.4336 -0.0426 -0.0569 0.0939 -0.0587 0.2112 0.9711
1305031459.3276 -1.4558 -0.0311 -0.0258 0.0887 -0.0270 0.2331 0.9680
1305031459.3597 -1.4681 -0.0206 -0.0173 0.0906 -0.0030 0.2516 0.9636
1305031459.3917 -1.4871 -0.0038 -0.0142 0.0864 0.0245 0.2719 0.9581
1305031459.4276 -1.4830 0.0039 0.0010 0.0703 0.0543 0.3053 0.9481
1305031459.4597 -1.4930 0.0027 0.0093 0.0615 0.0906 0.3435 0.9327
1305031459.5276 -1.5195 -0.0175 0.0155 0.0560 0.1067 0.3448 0.9309
1305031459.5596 -1.5223 -0.0317 0.0103 0.0420 0.1201 0.3698 0.9204
1305031459.5917 -1.5313 -0.0346 0.0092 0.0363 0.1251 0.3899 0.9116
1305031459.6276 -1.5397 -0.0374 0.0102 0.0316 0.1261 0.4008 0.9069
1305031459.6596 -1.5487 -0.0345 0.0140 0.0333 0.1311 0.4008 0.9061
1305031459.6916 -1.5644 -0.0380 0.0170 0.0284 0.1426 0.4045 0.9029
1305031459.7276 -1.5691 -0.0505 0.0153 0.0218 0.1470 0.4085 0.9006
1305031459.7917 -1.6034 -0.0778 0.0158 0.0221 0.1592 0.4022 0.9014
1305031459.8277 -1.6177 -0.0914 0.0178 0.0212 0.1596 0.4012 0.9017
1305031459.8597 -1.6365 -0.1078 0.0195 0.0182 0.1607 0.4009 0.9017
1305031459.8916 -1.6460 -0.1239 0.0278 0.0135 0.1581 0.4044 0.9007
1305031459.9276 -1.6564 -0.1428 0.0300 0.0107 0.1566 0.4065 0.9001
1305031459.9917 -1.6720 -0.1696 0.0436 0.0047 0.1535 0.4159 0.8963
1305031460.0276 -1.6795 -0.1816 0.0497 0.0037 0.1543 0.4181 0.8952
1305031460.0597 -1.6922 -0.2005 0.0522 0.0025 0.1569 0.4202 0.8938
1305031460.0917 -1.7060 -0.2199 0.0555 0.0033 0.1553 0.4252 0.8917
1305031460.1277 -1.7147 -0.2327 0.0608 0.0078 0.1484 0.4312 0.8899
1305031460.1597 -1.7273 -0.2385 0.0686 0.0157 0.1423 0.4363 0.8883
1305031460.1916 -1.7291 -0.2466 0.0808 0.0153 0.1359 0.4436 0.8857
1305031460.2278 -1.7275 -0.2480 0.0888 0.0171 0.1352 0.4449 0.8852
1305031460.2917 -1.7319 -0.2620 0.0960 0.0213 0.1499 0.4448 0.8827
1305031460.3275 -1.7282 -0.2718 0.0975 0.0205 0.1545 0.4466 0.8811
1305031460.3916 -1.7314 -0.2771 0.1049 0.0182 0.1718 0.4508 0.8757
1305031460.4275 -1.7336 -0.2802 0.1148 0.0185 0.1809 0.4543 0.8721
1305031460.4596 -1.7358 -0.2769 0.1209 0.0180 0.1931 0.4567 0.8682
1305031460.4915 -1.7378 -0.2848 0.1224 0.0102 0.2069 0.4607 0.8631
1305031460.5276 -1.7387 -0.2976 0.1230 0.0010 0.2183 0.4689 0.8559
1305031460.5596 -1.7370 -0.3068 0.1271 -0.0052 0.2269 0.4720 0.8519
1305031460.5919 -1.7419 -0.3185 0.1341 -0.0098 0.2364 0.4721 0.8492
1305031460.6276 -1.7431 -0.3218 0.1383 -0.0112 0.2427 0.4728 0.8470
1305031460.6598 -1.7456 -0.3261 0.1410 -0.0117 0.2475 0.4721 0.8460
1305031460.6917 -1.7515 -0.3354 0.1461 -0.0145 0.2521 0.4726 0.8443
1305031460.7277 -1.7524 -0.3423 0.1487 -0.0180 0.2533 0.4727 0.8438
1305031460.7597 -1.7512 -0.3502 0.1513 -0.0211 0.2556 0.4714 0.8438
1305031460.7917 -1.7554 -0.3560 0.1558 -0.0220 0.2586 0.4705 0.8434
1305031460.8277 -1.7580 -0.3603 0.1607 -0.0239 0.2595 0.4686 0.8441
1305031460.8597 -1.7581 -0.3645 0.1657 -0.0273 0.2615 0.4670 0.8443
1305031460.8918 -1.7575 -0.3710 0.1708 -0.0313 0.2639 0.4653 0.8443
1305031460.9276 -1.7590 -0.3816 0.1764 -0.0358 0.2660 0.4654 0.8434
1305031460.9917 -1.7565 -0.3989 0.1945 -0.0384 0.2716 0.4646 0.8420
1305031461.0276 -1.7529 -0.4088 0.2028 -0.0388 0.2729 0.4672 0.8401
1305031461.0917 -1.7558 -0.4217 0.2202 -0.0366 0.2719 0.4645 0.8420
1305031461.1276 -1.7535 -0.4264 0.2258 -0.0368 0.2720 0.4632 0.8427
1305031461.1597 -1.7543 -0.4312 0.2365 -0.0333 0.2748 0.4604 0.8435
1305031461.1920 -1.7536 -0.4340 0.2429 -0.0316 0.2758 0.4562 0.8455
1305031461.2276 -1.7542 -0.4422 0.2490 -0.0329 0.2782 0.4547 0.8455
1305031461.2596 -1.7537 -0.4459 0.2553 -0.0310 0.2789 0.4495 0.8481
1305031461.2917 -1.7532 -0.4478 0.2628 -0.0292 0.2804 0.4436 0.8507
1305031461.3278 -1.7518 -0.4460 0.2667 -0.0268 0.2816 0.4406 0.8520
1305031461.3597 -1.7529 -0.4473 0.2731 -0.0299 0.2846 0.4374 0.8525
1305031461.3917 -1.7467 -0.4542 0.2794 -0.0365 0.2843 0.4373 0.8524
1305031461.4276 -1.7412 -0.4549 0.2826 -0.0365 0.2838 0.4363 0.8531
1305031461.4598 -1.7434 -0.4538 0.2842 -0.0376 0.2846 0.4364 0.8527
1305031461.4917 -1.7340 -0.4600 0.2870 -0.0416 0.2841 0.4366 0.8526
1305031461.5277 -1.7358 -0.4525 0.2866 -0.0339 0.2850 0.4342 0.8539
1305031461.5597 -1.7316 -0.4454 0.2845 -0.0332 0.2849 0.4308 0.8557
1305031461.5917 -1.7231 -0.4399 0.2750 -0.0343 0.2879 0.4286 0.8557
1305031461.6275 -1.7228 -0.4353 0.2801 -0.0359 0.2957 0.4286 0.8530
1305031461.6596 -1.7186 -0.4288 0.2769 -0.0372 0.2984 0.4274 0.8526
1305031461.6916 -1.7241 -0.4245 0.2820 -0.0372 0.3048 0.4304 0.8488
1305031461.7276 -1.7176 -0.4174 0.2814 -0.0383 0.3040 0.4346 0.8469
1305031461.7597 -1.7171 -0.4106 0.2781 -0.0388 0.3066 0.4355 0.8455
1305031461.7916 -1.7106 -0.3979 0.2739 -0.0415 0.3067 0.4389 0.8436
1305031461.8276 -1.7059 -0.3907 0.2687 -0.0446 0.3111 0.4423 0.8400
1305031461.8598 -1.7124 -0.3730 0.2659 -0.0405 0.3167 0.4476 0.8353
1305031461.8917 -1.7166 -0.3611 0.2620 -0.0447 0.3192 0.4597 0.8275
1305031461.9278 -1.7075 -0.3472 0.2592 -0.0504 0.3140 0.4727 0.8219
1305031461.9597 -1.7004 -0.3309 0.2507 -0.0557 0.3144 0.4733 0.8210
1305031461.9916 -1.7084 -0.3190 0.2455 -0.0642 0.3211 0.4791 0.8144
1305031462.0277 -1.7099 -0.3219 0.2511 -0.0786 0.3237 0.4901 0.8055
1305031462.0598 -1.7098 -0.3077 0.2455 -0.0798 0.3149 0.5034 0.8007
1305031462.0918 -1.7077 -0.3012 0.2462 -0.0854 0.3084 0.5149 0.7953
1305031462.1277 -1.7071 -0.2946 0.2463 -0.0898 0.3048 0.5244 0.7899
1305031462.1596 -1.7087 -0.2789 0.2440 -0.0891 0.3000 0.5320 0.7868
1305031462.1916 -1.7117 -0.2711 0.2450 -0.0919 0.2995 0.5315 0.7870
1305031462.2276 -1.7146 -0.2657 0.2418 -0.1001 0.2969 0.5315 0.7870
1305031462.2598 -1.7191 -0.2712 0.2479 -0.1120 0.2987 0.5275 0.7874
1305031462.2916 -1.7207 -0.2715 0.2499 -0.1229 0.2956 0.5240 0.7893
1305031462.3597 -1.7372 -0.2377 0.2522 -0.1264 0.2895 0.5095 0.8004
1305031462.4276 -1.7760 -0.2368 0.2802 -0.1442 0.2993 0.4927 0.8043
1305031462.5599 -1.8190 -0.1926 0.2955 -0.1569 0.2740 0.4627 0.8284
1305031462.6925 -1.8446 -0.1730 0.2796 -0.1572 0.2671 0.4241 0.8510
1305031462.7919 -1.8537 -0.1561 0.2662 -0.1614 0.2472 0.3939 0.8704
1305031462.8918 -1.8550 -0.1394 0.2457 -0.1721 0.2383 0.3792 0.8774
1305031463.0277 -1.8413 -0.1150 0.2159 -0.1643 0.2259 0.3671 0.8872
1305031463.0958 -1.8357 -0.1067 0.1929 -0.1606 0.2165 0.3497 0.8972
1305031463.1598 -1.8291 -0.1020 0.1650 -0.1546 0.2120 0.3325 0.9059
1305031463.2600 -1.8148 -0.0780 0.1376 -0.1470 0.2097 0.3150 0.9139
1305031463.3598 -1.7922 -0.0554 0.1094 -0.1376 0.1986 0.3051 0.9212
1305031463.4956 -1.7659 0.0009 0.0867 -0.1208 0.1969 0.2905 0.9285
1305031463.5598 -1.7382 0.0235 0.0615 -0.1118 0.1986 0.2894 0.9297
1305031463.6598 -1.6914 0.0271 0.0232 -0.1080 0.1931 0.2879 0.9318
1305031463.7276 -1.6634 0.0264 -0.0049 -0.1097 0.1922 0.2778 0.9348
1305031463.7597 -1.6395 0.0222 -0.0275 -0.1050 0.1903 0.2726 0.9373
1305031463.7956 -1.6263 0.0125 -0.0470 -0.1041 0.1925 0.2627 0.9397
1305031463.8599 -1.5922 0.0026 -0.0773 -0.1037 0.1919 0.2408 0.9457
1305031463.8956 -1.5740 -0.0080 -0.1001 -0.1024 0.1897 0.2320 0.9485
1305031463.9597 -1.5430 -0.0216 -0.1313 -0.1008 0.1806 0.2198 0.9534
1305031463.9958 -1.5356 -0.0315 -0.1407 -0.0982 0.1797 0.2106 0.9559
1305031464.0277 -1.5303 -0.0387 -0.1605 -0.0974 0.1776 0.2019 0.9582
1305031464.0597 -1.5146 -0.0581 -0.1751 -0.1014 0.1757 0.1908 0.9604
1305031464.0956 -1.5118 -0.0602 -0.1890 -0.0946 0.1784 0.1773 0.9632
1305031464.1277 -1.5146 -0.0701 -0.1963 -0.0932 0.1806 0.1711 0.9641
1305031464.1598 -1.5115 -0.0817 -0.2014 -0.0890 0.1791 0.1677 0.9653
1305031464.1956 -1.5004 -0.1033 -0.2181 -0.0831 0.1711 0.1657 0.9677
1305031464.2276 -1.4973 -0.1019 -0.2366 -0.0700 0.1598 0.1617 0.9713
1305031464.2596 -1.5012 -0.1012 -0.2464 -0.0635 0.1480 0.1608 0.9738
1305031464.2957 -1.5015 -0.1095 -0.2511 -0.0630 0.1342 0.1564 0.9765
1305031464.3279 -1.4828 -0.1102 -0.2591 -0.0620 0.1179 0.1510 0.9795
1305031464.3597 -1.4768 -0.1218 -0.2637 -0.0609 0.1120 0.1450 0.9812
1305031464.3956 -1.4651 -0.1315 -0.2721 -0.0593 0.1077 0.1374 0.9829
1305031464.4276 -1.4648 -0.1309 -0.2839 -0.0566 0.1086 0.1265 0.9844
1305031464.4597 -1.4592 -0.1410 -0.2951 -0.0557 0.1072 0.1184 0.9856
1305031464.4956 -1.4522 -0.1430 -0.3078 -0.0536 0.1055 0.1123 0.9866
1305031464.5276 -1.4472 -0.1480 -0.3258 -0.0528 0.1060 0.1039 0.9875
1305031464.5597 -1.4319 -0.1595 -0.3407 -0.0566 0.1029 0.0946 0.9886
1305031464.5957 -1.4112 -0.1732 -0.3580 -0.0544 0.1041 0.0799 0.9899
1305031464.6277 -1.3978 -0.1760 -0.3699 -0.0417 0.1153 0.0720 0.9898
1305031464.6597 -1.3884 -0.1869 -0.3818 -0.0324 0.1267 0.0617 0.9895
1305031464.6957 -1.3699 -0.2047 -0.3875 -0.0208 0.1341 0.0434 0.9898
1305031464.7277 -1.3594 -0.1969 -0.3862 0.0011 0.1370 0.0271 0.9902
1305031464.7597 -1.3547 -0.1958 -0.3885 0.0144 0.1355 0.0116 0.9906
1305031464.7960 -1.3552 -0.2020 -0.3843 0.0210 0.1309 -0.0077 0.9911
1305031464.8278 -1.3634 -0.2035 -0.3794 0.0326 0.1196 -0.0215 0.9921
1305031464.8597 -1.3674 -0.1941 -0.3607 0.0405 0.1060 -0.0391 0.9928
1305031464.8958 -1.3523 -0.1914 -0.3531 0.0395 0.0887 -0.0548 0.9938
1305031464.9278 -1.3402 -0.2248 -0.3488 0.0314 0.0756 -0.0748 0.9938
1305031464.9598 -1.3361 -0.2427 -0.3435 0.0319 0.0712 -0.0920 0.9927
1305031464.9957 -1.3240 -0.2356 -0.3353 0.0402 0.0684 -0.1123 0.9905
1305031465.0278 -1.3263 -0.2310 -0.3193 0.0444 0.0700 -0.1318 0.9878
1305031465.0597 -1.3330 -0.2071 -0.3001 0.0538 0.0674 -0.1523 0.9846
1305031465.0957 -1.3035 -0.1621 -0.2873 0.0573 0.0529 -0.1679 0.9827
1305031465.1277 -1.2938 -0.1540 -0.2623 0.0401 0.0415 -0.1826 0.9815
1305031465.1598 -1.2780 -0.1503 -0.2351 0.0235 0.0302 -0.1909 0.9809
1305031465.1956 -1.2622 -0.1563 -0.2138 0.0083 0.0194 -0.1989 0.9798
1305031465.2279 -1.2464 -0.1493 -0.1897 -0.0038 0.0115 -0.2051 0.9787
1305031465.2956 -1.2395 -0.1428 -0.1625 -0.0239 0.0007 -0.2000 0.9795
1305031465.3599 -1.2211 -0.1303 -0.1346 -0.0385 -0.0212 -0.1767 0.9833
1305031465.4277 -1.1801 -0.1277 -0.1178 -0.0405 -0.0508 -0.1554 0.9857
1305031465.4601 -1.1708 -0.1195 -0.1191 -0.0388 -0.0558 -0.1457 0.9870
1305031465.4957 -1.1545 -0.1031 -0.1189 -0.0391 -0.0619 -0.1362 0.9880
1305031465.5276 -1.1389 -0.1100 -0.1137 -0.0440 -0.0695 -0.1322 0.9878
1305031465.5598 -1.1188 -0.1075 -0.1156 -0.0404 -0.0772 -0.1277 0.9880
1305031465.5956 -1.1008 -0.1053 -0.1184 -0.0384 -0.0813 -0.1220 0.9885
1305031465.6277 -1.0893 -0.0973 -0.1222 -0.0354 -0.0836 -0.1150 0.9892
1305031465.6601 -1.0760 -0.0899 -0.1253 -0.0329 -0.0893 -0.1082 0.9896
1305031465.6957 -1.0538 -0.0844 -0.1271 -0.0293 -0.0964 -0.1027 0.9896
1305031465.7277 -1.0390 -0.0748 -0.1301 -0.0239 -0.0984 -0.0965 0.9902
1305031465.7598 -1.0204 -0.0646 -0.1328 -0.0188 -0.1025 -0.0894 0.9905
1305031465.7959 -0.9993 -0.0571 -0.1354 -0.0155 -0.1056 -0.0844 0.9907
1305031465.8280 -0.9835 -0.0534 -0.1404 -0.0106 -0.1082 -0.0807 0.9908
1305031465.8599 -0.9565 -0.0374 -0.1477 0.0000 -0.1120 -0.0765 0.9908
1305031465.8955 -0.9280 -0.0228 -0.1526 0.0045 -0.1086 -0.0760 0.9912
1305031465.9275 -0.9088 -0.0164 -0.1511 0.0089 -0.1002 -0.0749 0.9921
1305031465.9597 -0.8815 -0.0074 -0.1557 0.0177 -0.0959 -0.0749 0.9924
1305031465.9958 -0.8615 0.0036 -0.1586 0.0238 -0.0909 -0.0767 0.9926
1305031466.0276 -0.8404 0.0091 -0.1626 0.0263 -0.0912 -0.0775 0.9925
1305031466.0598 -0.8167 0.0307 -0.1700 0.0277 -0.0915 -0.0768 0.9925
1305031466.0958 -0.8094 0.0473 -0.1739 0.0247 -0.0902 -0.0776 0.9926
1305031466.1276 -0.7959 0.0681 -0.1756 0.0217 -0.0928 -0.0789 0.9923
1305031466.1604 -0.7838 0.0858 -0.1811 0.0179 -0.0958 -0.0754 0.9924
1305031466.1958 -0.7692 0.1009 -0.1889 0.0108 -0.1029 -0.0745 0.9918
1305031466.2280 -0.7514 0.0997 -0.1918 -0.0043 -0.1111 -0.0760 0.9909
1305031466.2598 -0.7341 0.0930 -0.2027 -0.0092 -0.1138 -0.0825 0.9900
1305031466.2957 -0.7099 0.0991 -0.2103 -0.0051 -0.1130 -0.0933 0.9892
1305031466.3277 -0.6845 0.0983 -0.2229 -0.0048 -0.1083 -0.1004 0.9890
1305031466.3598 -0.6758 0.1122 -0.2343 -0.0043 -0.0966 -0.1093 0.9893
1305031466.3958 -0.6631 0.0934 -0.2471 -0.0095 -0.0941 -0.1120 0.9892
1305031466.4278 -0.6539 0.1013 -0.2584 -0.0032 -0.0952 -0.1153 0.9887
1305031466.4598 -0.6429 0.1065 -0.2715 -0.0031 -0.0982 -0.1186 0.9881
1305031466.4958 -0.6259 0.1153 -0.2773 -0.0045 -0.1008 -0.1194 0.9877
1305031466.5275 -0.5995 0.1071 -0.2850 -0.0077 -0.1019 -0.1204 0.9875
1305031466.5604 -0.5764 0.1193 -0.2903 -0.0049 -0.0994 -0.1211 0.9876
1305031466.5959 -0.5510 0.1189 -0.2975 -0.0149 -0.1005 -0.1245 0.9870
1305031466.6275 -0.5297 0.0983 -0.2941 -0.0250 -0.0994 -0.1324 0.9859
1305031466.6597 -0.5071 0.0919 -0.3034 -0.0217 -0.0981 -0.1360 0.9856
1305031466.6958 -0.4903 0.1025 -0.3085 -0.0191 -0.0988 -0.1436 0.9845
1305031466.7281 -0.4726 0.1006 -0.3087 -0.0245 -0.1009 -0.1548 0.9825
1305031466.7596 -0.4551 0.0896 -0.3019 -0.0243 -0.1019 -0.1613 0.9813
1305031466.7956 -0.4424 0.0862 -0.3127 -0.0220 -0.1029 -0.1654 0.9806
1305031466.8279 -0.4256 0.0880 -0.3193 -0.0234 -0.1067 -0.1665 0.9800
1305031466.8597 -0.4225 0.0822 -0.3205 -0.0267 -0.1085 -0.1665 0.9797
1305031466.8957 -0.4095 0.0806 -0.3267 -0.0256 -0.1176 -0.1654 0.9789
1305031466.9278 -0.3938 0.0746 -0.3294 -0.0276 -0.1310 -0.1676 0.9767
1305031466.9597 -0.3786 0.0612 -0.3355 -0.0312 -0.1394 -0.1693 0.9752
1305031466.9957 -0.3699 0.0598 -0.3384 -0.0310 -0.1420 -0.1704 0.9746
1305031467.0278 -0.3594 0.0587 -0.3380 -0.0309 -0.1447 -0.1722 0.9739
1305031467.0597 -0.3464 0.0553 -0.3404 -0.0311 -0.1471 -0.1740 0.9732
1305031467.0957 -0.3317 0.0539 -0.3394 -0.0320 -0.1492 -0.1766 0.9724
1305031467.1290 -0.3237 0.0527 -0.3385 -0.0317 -0.1510 -0.1819 0.9711
1305031467.1597 -0.3129 0.0495 -0.3388 -0.0308 -0.1541 -0.1869 0.9697
1305031467.1957 -0.3076 0.0492 -0.3406 -0.0305 -0.1563 -0.1898 0.9688
1305031467.2277 -0.2976 0.0456 -0.3444 -0.0309 -0.1618 -0.1937 0.9671
1305031467.2597 -0.2900 0.0452 -0.3438 -0.0295 -0.1654 -0.1969 0.9659
1305031467.2958 -0.2773 0.0455 -0.3421 -0.0279 -0.1712 -0.2001 0.9643
1305031467.3280 -0.2658 0.0446 -0.3497 -0.0271 -0.1751 -0.2038 0.9629
1305031467.3597 -0.2520 0.0431 -0.3534 -0.0294 -0.1811 -0.2059 0.9612
1305031467.3958 -0.2389 0.0530 -0.3473 -0.0308 -0.1873 -0.2082 0.9595
1305031467.4278 -0.2295 0.0469 -0.3519 -0.0326 -0.1911 -0.2100 0.9583
1305031467.4597 -0.2176 0.0451 -0.3543 -0.0328 -0.1959 -0.2104 0.9572
1305031467.4961 -0.2010 0.0513 -0.3617 -0.0342 -0.2021 -0.2130 0.9553
1305031467.5277 -0.1882 0.0544 -0.3554 -0.0361 -0.2054 -0.2164 0.9538
1305031467.5598 -0.1785 0.0501 -0.3500 -0.0366 -0.2074 -0.2177 0.9530
1305031467.5960 -0.1728 0.0469 -0.3525 -0.0375 -0.2077 -0.2162 0.9533
1305031467.6275 -0.1650 0.0456 -0.3498 -0.0362 -0.2112 -0.2138 0.9531
1305031467.6596 -0.1618 0.0338 -0.3466 -0.0345 -0.2150 -0.2128 0.9525
1305031467.6959 -0.1552 0.0290 -0.3464 -0.0335 -0.2173 -0.2146 0.9516
1305031467.7275 -0.1543 0.0230 -0.3345 -0.0311 -0.2190 -0.2191 0.9503
1305031467.7599 -0.1497 0.0155 -0.3321 -0.0265 -0.2210 -0.2218 0.9494
1305031467.7961 -0.1493 0.0086 -0.3263 -0.0252 -0.2227 -0.2236 0.9486
1305031467.8278 -0.1555 -0.0028 -0.3125 -0.0233 -0.2239 -0.2255 0.9479
1305031467.8597 -0.1496 0.0033 -0.3099 -0.0119 -0.2273 -0.2225 0.9480
1305031467.8959 -0.1498 -0.0162 -0.3081 -0.0130 -0.2316 -0.2229 0.9469
1305031467.9278 -0.1528 -0.0176 -0.2912 -0.0087 -0.2369 -0.2284 0.9443
1305031467.9598 -0.1546 -0.0239 -0.2849 -0.0006 -0.2396 -0.2336 0.9424
1305031467.9958 -0.1483 -0.0267 -0.2806 0.0010 -0.2413 -0.2338 0.9419
1305031468.0281 -0.1495 -0.0274 -0.2626 0.0013 -0.2411 -0.2366 0.9412
1305031468.0598 -0.1502 -0.0437 -0.2480 0.0037 -0.2438 -0.2398 0.9397
1305031468.0959 -0.1441 -0.0526 -0.2425 0.0036 -0.2467 -0.2397 0.9390
1305031468.1278 -0.1439 -0.0567 -0.2282 0.0031 -0.2479 -0.2403 0.9385
1305031468.1599 -0.1406 -0.0677 -0.2151 0.0029 -0.2504 -0.2409 0.9377
1305031468.1960 -0.1350 -0.0751 -0.2023 0.0027 -0.2519 -0.2430 0.9368
1305031468.2282 -0.1274 -0.0859 -0.1822 0.0016 -0.2532 -0.2432 0.9363
1305031468.2598 -0.1174 -0.0963 -0.1609 0.0014 -0.2550 -0.2413 0.9364
1305031468.2958 -0.1088 -0.1133 -0.1421 0.0001 -0.2554 -0.2420 0.9360
1305031468.3278 -0.0997 -0.1366 -0.1224 -0.0007 -0.2577 -0.2406 0.9358
1305031468.3598 -0.0975 -0.1518 -0.1106 0.0005 -0.2553 -0.2371 0.9373
1305031468.4598 -0.0939 -0.1964 -0.0690 -0.0073 -0.2564 -0.2321 0.9383
1305031468.5278 -0.0981 -0.2220 -0.0415 -0.0079 -0.2545 -0.2373 0.9375
1305031468.5597 -0.1061 -0.2407 -0.0425 -0.0020 -0.2544 -0.2473 0.9350
1305031468.6596 -0.1322 -0.2745 -0.0351 -0.0042 -0.2556 -0.2564 0.9322
1305031468.6958 -0.1454 -0.2891 -0.0335 0.0002 -0.2595 -0.2612 0.9297
1305031468.7278 -0.1503 -0.3041 -0.0369 0.0037 -0.2638 -0.2624 0.9282
1305031468.7596 -0.1577 -0.3138 -0.0275 0.0039 -0.2673 -0.2603 0.9278
1305031468.7958 -0.1720 -0.3340 -0.0285 0.0053 -0.2678 -0.2668 0.9258
1305031468.8292 -0.1860 -0.3459 -0.0338 0.0138 -0.2681 -0.2730 0.9238
1305031468.9596 -0.1986 -0.3574 -0.0185 0.0111 -0.2503 -0.2752 0.9282
1305031469.0277 -0.2002 -0.3574 -0.0054 -0.0189 -0.2428 -0.2848 0.9271
1305031469.1277 -0.2106 -0.3726 0.0330 -0.0534 -0.2355 -0.3127 0.9186
1305031469.1955 -0.2175 -0.3866 0.0536 -0.0703 -0.2176 -0.3237 0.9181
1305031469.2596 -0.2319 -0.3865 0.0791 -0.0796 -0.2079 -0.3301 0.9173
1305031469.2968 -0.2389 -0.3860 0.0925 -0.0839 -0.2031 -0.3328 0.9170
1305031469.3276 -0.2391 -0.3788 0.1042 -0.0854 -0.2010 -0.3337 0.9170
1305031469.3596 -0.2276 -0.3777 0.1259 -0.0896 -0.2023 -0.3390 0.9144
1305031469.3957 -0.2268 -0.3862 0.1466 -0.0921 -0.1940 -0.3452 0.9136
1305031469.4277 -0.2317 -0.3753 0.1529 -0.0875 -0.1806 -0.3532 0.9138
1305031469.4597 -0.2313 -0.3811 0.1692 -0.0901 -0.1753 -0.3620 0.9111
1305031469.4957 -0.2409 -0.3721 0.1809 -0.0901 -0.1696 -0.3649 0.9110
1305031469.5276 -0.2409 -0.3655 0.1925 -0.0929 -0.1703 -0.3644 0.9108
1305031469.5596 -0.2381 -0.3575 0.2062 -0.0983 -0.1717 -0.3647 0.9099
1305031469.6596 -0.2478 -0.3181 0.2439 -0.1180 -0.1607 -0.3657 0.9091
1305031469.7596 -0.2569 -0.2754 0.2699 -0.1314 -0.1421 -0.3592 0.9130
1305031469.9279 -0.2835 -0.1868 0.3241 -0.1578 -0.1426 -0.3473 0.9133
1305031470.0959 -0.3276 -0.0972 0.3378 -0.1659 -0.1433 -0.3404 0.9144
1305031470.2600 -0.3714 -0.0183 0.3225 -0.1810 -0.1403 -0.3251 0.9175
1305031470.4276 -0.4152 0.0611 0.3141 -0.1951 -0.1446 -0.3106 0.9190
1305031470.6277 -0.4761 0.1201 0.2906 -0.1951 -0.1446 -0.2984 0.9230
1305031470.8278 -0.5257 0.1600 0.2822 -0.1947 -0.1370 -0.2764 0.9311
1305031470.8596 -0.5363 0.1650 0.2804 -0.1906 -0.1354 -0.2709 0.9338
1305031470.8957 -0.5445 0.1698 0.2760 -0.1870 -0.1352 -0.2621 0.9370
1305031470.9277 -0.5538 0.1794 0.2747 -0.1799 -0.1362 -0.2567 0.9398
1305031470.9596 -0.5634 0.1821 0.2706 -0.1687 -0.1401 -0.2562 0.9414
1305031470.9960 -0.5700 0.1800 0.2676 -0.1624 -0.1416 -0.2548 0.9427
1305031471.0276 -0.5730 0.1801 0.2641 -0.1520 -0.1435 -0.2526 0.9447
1305031471.0596 -0.5786 0.1788 0.2613 -0.1421 -0.1437 -0.2500 0.9469
1305031471.0958 -0.5801 0.1799 0.2563 -0.1326 -0.1467 -0.2405 0.9503
1305031471.1277 -0.5869 0.1807 0.2513 -0.1270 -0.1463 -0.2334 0.9529
1305031471.1596 -0.5853 0.1821 0.2493 -0.1202 -0.1502 -0.2267 0.9548
1305031471.1957 -0.5867 0.1825 0.2474 -0.1182 -0.1500 -0.2223 0.9561
1305031471.2276 -0.5906 0.1851 0.2460 -0.1170 -0.1479 -0.2180 0.9576
1305031471.2597 -0.5925 0.1846 0.2464 -0.1175 -0.1483 -0.2167 0.9577
1305031471.2961 -0.5944 0.1846 0.2460 -0.1164 -0.1480 -0.2128 0.9588
1305031471.3276 -0.5929 0.1900 0.2450 -0.1087 -0.1472 -0.2089 0.9607
1305031471.3596 -0.5937 0.1906 0.2440 -0.1073 -0.1429 -0.2067 0.9619
1305031471.3957 -0.5993 0.1854 0.2427 -0.1100 -0.1371 -0.2024 0.9634
1305031471.4277 -0.6021 0.1853 0.2395 -0.1079 -0.1357 -0.1973 0.9649
1305031471.4965 -0.6087 0.1821 0.2322 -0.1115 -0.1353 -0.1885 0.9663
1305031471.5276 -0.6105 0.1823 0.2301 -0.1116 -0.1349 -0.1862 0.9668
1305031471.5597 -0.6107 0.1838 0.2279 -0.1107 -0.1345 -0.1851 0.9672
1305031471.5957 -0.6121 0.1819 0.2265 -0.1117 -0.1317 -0.1833 0.9678
1305031471.6276 -0.6146 0.1816 0.2227 -0.1110 -0.1271 -0.1823 0.9687
1305031471.6596 -0.6127 0.1829 0.2186 -0.1072 -0.1251 -0.1799 0.9698
1305031471.7958 -0.6156 0.1762 0.2018 -0.1117 -0.1058 -0.1640 0.9744
1305031471.9956 -0.6187 0.1995 0.1959 -0.1206 -0.0751 -0.1331 0.9809
1305031472.6277 -0.6282 0.2050 0.2466 -0.1232 -0.0696 -0.0756 0.9870
1305031472.8276 -0.6228 0.1808 0.2561 -0.1185 -0.0719 -0.0752 0.9875
