1311868164.3990 0.0000 0.0000 0.0000 0.0000 0.0000 0.0000 1.0000
1311868164.4309 0.0019 0.0018 -0.0038 -0.0018 -0.0027 -0.0018 1.0000
1311868164.4631 0.0034 0.0042 -0.0062 -0.0036 -0.0031 -0.0046 1.0000
1311868164.4991 0.0065 0.0050 -0.0078 -0.0052 -0.0016 -0.0075 1.0000
1311868164.5310 0.0082 0.0046 -0.0106 -0.0057 0.0015 -0.0093 0.9999
1311868164.5630 0.0092 0.0042 -0.0137 -0.0055 0.0041 -0.0108 0.9999
1311868164.5991 0.0115 0.0030 -0.0179 -0.0046 0.0049 -0.0126 0.9999
1311868164.6311 0.0139 0.0028 -0.0226 -0.0030 0.0057 -0.0135 0.9999
1311868164.6631 0.0154 0.0041 -0.0260 -0.0019 0.0052 -0.0140 0.9999
1311868164.6990 0.0179 0.0045 -0.0296 -0.0019 0.0037 -0.0137 0.9999
1311868164.7310 0.0213 0.0029 -0.0307 -0.0021 0.0025 -0.0131 0.9999
1311868164.7631 0.0243 0.0016 -0.0335 -0.0004 0.0015 -0.0127 0.9999
1311868164.7991 0.0283 0.0001 -0.0349 0.0015 0.0011 -0.0131 0.9999
1311868164.8310 0.0342 -0.0013 -0.0381 0.0051 0.0011 -0.0136 0.9999
1311868164.8631 0.0417 -0.0011 -0.0409 0.0084 0.0019 -0.0147 0.9999
1311868164.8991 0.0480 -0.0027 -0.0426 0.0115 0.0035 -0.0156 0.9998
1311868164.9309 0.0543 -0.0008 -0.0471 0.0145 0.0045 -0.0175 0.9997
1311868164.9631 0.0600 0.0014 -0.0525 0.0145 0.0045 -0.0194 0.9997
1311868164.9990 0.0634 0.0001 -0.0532 0.0124 0.0034 -0.0197 0.9997
1311868165.0311 0.0701 -0.0009 -0.0552 0.0121 0.0003 -0.0193 0.9997
1311868165.0631 0.0764 -0.0009 -0.0601 0.0119 -0.0028 -0.0208 0.9997
1311868165.0992 0.0837 -0.0018 -0.0621 0.0114 -0.0053 -0.0235 0.9996
1311868165.1310 0.0894 -0.0031 -0.0648 0.0130 -0.0067 -0.0256 0.9996
1311868165.1631 0.0956 -0.0013 -0.0687 0.0154 -0.0080 -0.0285 0.9994
1311868165.1991 0.1032 0.0001 -0.0740 0.0164 -0.0093 -0.0312 0.9993
1311868165.2312 0.1105 0.0019 -0.0787 0.0160 -0.0100 -0.0328 0.9993
1311868165.2630 0.1166 0.0046 -0.0815 0.0149 -0.0117 -0.0342 0.9992
1311868165.2991 0.1232 0.0076 -0.0868 0.0125 -0.0150 -0.0355 0.9992
1311868165.3312 0.1316 0.0086 -0.0900 0.0088 -0.0192 -0.0367 0.9991
1311868165.3631 0.1382 0.0079 -0.0914 0.0070 -0.0215 -0.0374 0.9990
1311868165.3992 0.1444 0.0102 -0.0948 0.0069 -0.0225 -0.0385 0.9990
1311868165.4310 0.1527 0.0152 -0.0986 0.0058 -0.0234 -0.0390 0.9989
1311868165.4631 0.1580 0.0188 -0.1014 0.0016 -0.0238 -0.0370 0.9990
1311868165.4992 0.1623 0.0202 -0.1035 -0.0031 -0.0250 -0.0347 0.9991
1311868165.5311 0.1672 0.0211 -0.1048 -0.0077 -0.0260 -0.0332 0.9991
1311868165.5631 0.1734 0.0208 -0.1083 -0.0107 -0.0260 -0.0322 0.9991
1311868165.5992 0.1784 0.0204 -0.1109 -0.0114 -0.0257 -0.0331 0.9991
1311868165.6312 0.1843 0.0205 -0.1158 -0.0105 -0.0250 -0.0350 0.9990
1311868165.6633 0.1899 0.0212 -0.1183 -0.0097 -0.0229 -0.0362 0.9990
1311868165.6992 0.1940 0.0220 -0.1216 -0.0082 -0.0203 -0.0369 0.9991
1311868165.7312 0.1967 0.0223 -0.1273 -0.0075 -0.0182 -0.0380 0.9991
1311868165.7631 0.1991 0.0245 -0.1328 -0.0078 -0.0155 -0.0378 0.9991
1311868165.7991 0.2016 0.0263 -0.1371 -0.0094 -0.0122 -0.0363 0.9992
1311868165.8312 0.2054 0.0280 -0.1436 -0.0109 -0.0104 -0.0363 0.9992
1311868165.8632 0.2071 0.0287 -0.1481 -0.0135 -0.0076 -0.0378 0.9992
1311868165.8992 0.2062 0.0283 -0.1496 -0.0152 -0.0036 -0.0385 0.9991
1311868165.9312 0.2067 0.0283 -0.1530 -0.0152 -0.0001 -0.0380 0.9992
1311868165.9632 0.2080 0.0283 -0.1597 -0.0153 0.0028 -0.0369 0.9992
1311868165.9991 0.2096 0.0329 -0.1675 -0.0159 0.0049 -0.0361 0.9992
1311868166.0312 0.2106 0.0371 -0.1719 -0.0171 0.0077 -0.0332 0.9993
1311868166.0631 0.2106 0.0431 -0.1789 -0.0195 0.0103 -0.0293 0.9993
1311868166.0992 0.2082 0.0490 -0.1821 -0.0227 0.0122 -0.0294 0.9992
1311868166.1313 0.2069 0.0554 -0.1841 -0.0242 0.0131 -0.0302 0.9992
1311868166.1632 0.2067 0.0608 -0.1889 -0.0263 0.0137 -0.0314 0.9991
1311868166.1992 0.2051 0.0695 -0.1927 -0.0289 0.0155 -0.0320 0.9989
1311868166.2311 0.2034 0.0755 -0.1942 -0.0316 0.0176 -0.0315 0.9988
1311868166.2632 0.2037 0.0808 -0.1972 -0.0351 0.0197 -0.0306 0.9987
1311868166.3631 0.2061 0.1001 -0.2072 -0.0484 0.0242 -0.0255 0.9982
1311868166.6633 0.2347 0.1320 -0.2463 -0.0510 0.0329 -0.0291 0.9977
1311868167.0311 0.3356 0.1331 -0.2757 -0.0375 0.0071 -0.0413 0.9984
1311868167.2313 0.4087 0.1279 -0.2774 -0.0350 -0.0213 -0.0574 0.9975
1311868167.5992 0.4993 0.1230 -0.2853 -0.0325 -0.0455 -0.0697 0.9960
1311868168.1633 0.5580 0.0947 -0.2456 -0.0344 -0.0528 -0.0615 0.9961
1311868168.4312 0.5559 0.0627 -0.1952 -0.0368 -0.0591 -0.0726 0.9949
1311868168.5633 0.5490 0.0456 -0.1754 -0.0221 -0.0620 -0.0740 0.9951
1311868168.6633 0.5469 0.0367 -0.1599 -0.0201 -0.0662 -0.0737 0.9949
1311868168.6996 0.5482 0.0338 -0.1560 -0.0195 -0.0662 -0.0743 0.9948
1311868168.7633 0.5475 0.0321 -0.1466 -0.0190 -0.0667 -0.0731 0.9949
1311868168.7994 0.5478 0.0302 -0.1412 -0.0200 -0.0686 -0.0726 0.9948
1311868168.8312 0.5480 0.0278 -0.1351 -0.0208 -0.0708 -0.0720 0.9947
1311868168.8993 0.5492 0.0201 -0.1246 -0.0196 -0.0753 -0.0756 0.9941
1311868168.9312 0.5490 0.0151 -0.1182 -0.0180 -0.0767 -0.0782 0.9938
1311868168.9633 0.5496 0.0120 -0.1124 -0.0155 -0.0788 -0.0813 0.9934
1311868168.9994 0.5508 0.0083 -0.1073 -0.0130 -0.0820 -0.0840 0.9930
1311868169.0312 0.5527 0.0029 -0.1022 -0.0113 -0.0858 -0.0861 0.9925
1311868169.0634 0.5559 -0.0027 -0.0980 -0.0093 -0.0900 -0.0871 0.9921
1311868169.0993 0.5580 -0.0082 -0.0916 -0.0067 -0.0940 -0.0884 0.9916
1311868169.1312 0.5599 -0.0127 -0.0857 -0.0038 -0.0982 -0.0907 0.9910
1311868169.1995 0.5645 -0.0227 -0.0710 0.0009 -0.1094 -0.0976 0.9892
1311868169.2314 0.5666 -0.0283 -0.0640 0.0031 -0.1153 -0.1012 0.9882
1311868169.2633 0.5695 -0.0339 -0.0566 0.0049 -0.1213 -0.1041 0.9871
1311868169.2995 0.5724 -0.0394 -0.0497 0.0067 -0.1270 -0.1079 0.9860
1311868169.3313 0.5752 -0.0471 -0.0418 0.0096 -0.1330 -0.1127 0.9846
1311868169.3635 0.5784 -0.0541 -0.0342 0.0133 -0.1388 -0.1179 0.9832
1311868169.3994 0.5813 -0.0601 -0.0265 0.0173 -0.1451 -0.1230 0.9816
1311868169.4314 0.5842 -0.0669 -0.0194 0.0202 -0.1520 -0.1271 0.9800
1311868169.4632 0.5876 -0.0737 -0.0129 0.0231 -0.1588 -0.1307 0.9784
1311868169.4993 0.5926 -0.0817 -0.0078 0.0256 -0.1648 -0.1354 0.9767
1311868169.5314 0.5975 -0.0906 -0.0025 0.0283 -0.1690 -0.1402 0.9752
1311868169.5635 0.6016 -0.0989 0.0024 0.0318 -0.1717 -0.1444 0.9740
1311868169.5994 0.6049 -0.1043 0.0073 0.0366 -0.1736 -0.1482 0.9729
1311868169.6313 0.6067 -0.1074 0.0120 0.0403 -0.1769 -0.1514 0.9717
1311868169.6632 0.6092 -0.1115 0.0153 0.0430 -0.1823 -0.1542 0.9701
1311868169.6995 0.6133 -0.1153 0.0181 0.0445 -0.1883 -0.1566 0.9685
1311868169.7313 0.6212 -0.1207 0.0216 0.0456 -0.1934 -0.1586 0.9671
1311868169.7634 0.6266 -0.1265 0.0253 0.0461 -0.1954 -0.1590 0.9666
1311868169.7994 0.6297 -0.1310 0.0283 0.0480 -0.1966 -0.1579 0.9665
1311868169.8314 0.6326 -0.1337 0.0306 0.0490 -0.1982 -0.1580 0.9661
1311868169.8634 0.6366 -0.1364 0.0328 0.0491 -0.1997 -0.1586 0.9657
1311868169.8994 0.6405 -0.1399 0.0345 0.0491 -0.2010 -0.1577 0.9656
1311868169.9313 0.6468 -0.1433 0.0358 0.0484 -0.2016 -0.1570 0.9656
1311868169.9634 0.6516 -0.1488 0.0391 0.0483 -0.2011 -0.1557 0.9659
1311868169.9994 0.6559 -0.1536 0.0403 0.0501 -0.2003 -0.1514 0.9666
1311868170.0313 0.6614 -0.1534 0.0388 0.0515 -0.2008 -0.1465 0.9673
1311868170.0635 0.6641 -0.1555 0.0388 0.0507 -0.2020 -0.1445 0.9673
1311868170.0994 0.6676 -0.1612 0.0375 0.0514 -0.2044 -0.1419 0.9672
1311868170.1313 0.6740 -0.1631 0.0338 0.0537 -0.2065 -0.1397 0.9669
1311868170.1634 0.6816 -0.1643 0.0308 0.0552 -0.2073 -0.1391 0.9668
1311868170.1993 0.6879 -0.1648 0.0285 0.0555 -0.2076 -0.1374 0.9669
1311868170.2315 0.6941 -0.1652 0.0250 0.0552 -0.2078 -0.1341 0.9674
1311868170.2635 0.6997 -0.1627 0.0207 0.0542 -0.2082 -0.1321 0.9676
1311868170.2994 0.7039 -0.1639 0.0168 0.0530 -0.2084 -0.1339 0.9674
1311868170.3313 0.7107 -0.1626 0.0102 0.0531 -0.2080 -0.1359 0.9672
1311868170.3634 0.7170 -0.1595 0.0035 0.0527 -0.2073 -0.1379 0.9671
1311868170.3994 0.7212 -0.1560 -0.0020 0.0517 -0.2066 -0.1411 0.9668
1311868170.4313 0.7235 -0.1526 -0.0076 0.0509 -0.2068 -0.1441 0.9664
1311868170.4634 0.7302 -0.1492 -0.0135 0.0498 -0.2083 -0.1473 0.9656
1311868170.4995 0.7356 -0.1469 -0.0186 0.0487 -0.2087 -0.1496 0.9653
1311868170.5315 0.7404 -0.1434 -0.0232 0.0475 -0.2088 -0.1499 0.9652
1311868170.5633 0.7450 -0.1425 -0.0277 0.0467 -0.2092 -0.1496 0.9652
1311868170.5993 0.7512 -0.1383 -0.0344 0.0465 -0.2095 -0.1504 0.9651
1311868170.6315 0.7582 -0.1370 -0.0395 0.0445 -0.2095 -0.1514 0.9650
1311868170.6634 0.7652 -0.1359 -0.0451 0.0429 -0.2086 -0.1504 0.9654
1311868170.6994 0.7716 -0.1332 -0.0493 0.0407 -0.2081 -0.1492 0.9658
1311868170.7314 0.7760 -0.1315 -0.0527 0.0382 -0.2085 -0.1486 0.9659
1311868170.7635 0.7812 -0.1308 -0.0559 0.0353 -0.2095 -0.1480 0.9659
1311868170.7994 0.7858 -0.1316 -0.0585 0.0339 -0.2103 -0.1477 0.9658
1311868170.8313 0.7908 -0.1318 -0.0618 0.0332 -0.2108 -0.1480 0.9657
1311868170.8634 0.7962 -0.1314 -0.0653 0.0324 -0.2115 -0.1480 0.9656
1311868170.8994 0.8032 -0.1332 -0.0678 0.0315 -0.2117 -0.1474 0.9656
1311868170.9314 0.8104 -0.1344 -0.0696 0.0319 -0.2115 -0.1476 0.9656
1311868170.9634 0.8173 -0.1369 -0.0686 0.0338 -0.2101 -0.1504 0.9655
1311868170.9995 0.8212 -0.1340 -0.0710 0.0372 -0.2094 -0.1508 0.9654
1311868171.0315 0.8251 -0.1301 -0.0763 0.0370 -0.2115 -0.1507 0.9650
1311868171.0634 0.8319 -0.1304 -0.0776 0.0348 -0.2152 -0.1522 0.9640
1311868171.0994 0.8394 -0.1316 -0.0783 0.0333 -0.2182 -0.1528 0.9633
1311868171.1315 0.8456 -0.1322 -0.0795 0.0325 -0.2198 -0.1534 0.9629
1311868171.1634 0.8514 -0.1322 -0.0803 0.0318 -0.2204 -0.1542 0.9626
1311868171.1994 0.8561 -0.1329 -0.0800 0.0318 -0.2207 -0.1549 0.9624
1311868171.2314 0.8603 -0.1313 -0.0806 0.0322 -0.2213 -0.1559 0.9621
1311868171.2634 0.8656 -0.1302 -0.0803 0.0318 -0.2226 -0.1580 0.9615
1311868171.2994 0.8706 -0.1298 -0.0787 0.0318 -0.2245 -0.1601 0.9607
1311868171.3314 0.8778 -0.1285 -0.0783 0.0315 -0.2271 -0.1618 0.9598
1311868171.3635 0.8848 -0.1277 -0.0762 0.0313 -0.2296 -0.1652 0.9587
1311868171.3994 0.8925 -0.1273 -0.0743 0.0315 -0.2319 -0.1686 0.9575
1311868171.4635 0.9077 -0.1250 -0.0748 0.0319 -0.2361 -0.1723 0.9558
1311868171.4995 0.9149 -0.1246 -0.0733 0.0309 -0.2389 -0.1754 0.9546
1311868171.5315 0.9231 -0.1263 -0.0726 0.0305 -0.2410 -0.1787 0.9535
1311868171.5634 0.9307 -0.1266 -0.0718 0.0305 -0.2418 -0.1807 0.9529
1311868171.5995 0.9394 -0.1254 -0.0709 0.0305 -0.2426 -0.1820 0.9524
1311868171.6315 0.9457 -0.1251 -0.0688 0.0300 -0.2435 -0.1833 0.9519
1311868171.6634 0.9524 -0.1231 -0.0675 0.0296 -0.2450 -0.1855 0.9512
1311868171.6994 0.9608 -0.1220 -0.0662 0.0286 -0.2469 -0.1887 0.9501
1311868171.7315 0.9691 -0.1207 -0.0634 0.0277 -0.2481 -0.1909 0.9493
1311868171.7635 0.9765 -0.1196 -0.0615 0.0270 -0.2488 -0.1929 0.9488
1311868171.7995 0.9856 -0.1179 -0.0606 0.0258 -0.2493 -0.1955 0.9481
1311868171.8314 0.9949 -0.1169 -0.0559 0.0238 -0.2494 -0.1975 0.9477
1311868171.8996 1.0122 -0.1123 -0.0482 0.0191 -0.2500 -0.1998 0.9472
1311868171.9315 1.0177 -0.1109 -0.0437 0.0166 -0.2508 -0.2010 0.9468
1311868171.9996 1.0331 -0.1095 -0.0369 0.0132 -0.2517 -0.2040 0.9460
1311868172.0315 1.0407 -0.1082 -0.0325 0.0122 -0.2515 -0.2052 0.9458
1311868172.0634 1.0467 -0.1050 -0.0290 0.0111 -0.2518 -0.2048 0.9458
1311868172.0995 1.0531 -0.1032 -0.0270 0.0084 -0.2527 -0.2047 0.9456
1311868172.1315 1.0590 -0.1015 -0.0230 0.0059 -0.2531 -0.2048 0.9455
1311868172.1636 1.0659 -0.0997 -0.0201 0.0034 -0.2534 -0.2047 0.9455
1311868172.1998 1.0727 -0.0993 -0.0153 0.0011 -0.2531 -0.2052 0.9454
1311868172.2635 1.0828 -0.0963 -0.0088 -0.0017 -0.2518 -0.2083 0.9451
1311868172.2995 1.0868 -0.0926 -0.0070 -0.0034 -0.2509 -0.2096 0.9451
1311868172.3635 1.0951 -0.0887 -0.0020 -0.0089 -0.2500 -0.2136 0.9444
1311868172.3995 1.1012 -0.0884 0.0012 -0.0116 -0.2493 -0.2156 0.9441
1311868172.4635 1.1118 -0.0865 0.0085 -0.0165 -0.2447 -0.2193 0.9443
1311868172.4995 1.1153 -0.0846 0.0143 -0.0185 -0.2424 -0.2222 0.9442
1311868172.6636 1.1374 -0.0788 0.0400 -0.0328 -0.2344 -0.2238 0.9455
1311868172.9316 1.1578 -0.0773 0.1104 -0.0650 -0.2226 -0.2268 0.9459
1311868173.4676 1.1794 -0.1473 0.2166 -0.0628 -0.2236 -0.2371 0.9433
1311868173.9316 1.2167 -0.2016 0.2914 -0.0516 -0.2652 -0.2527 0.9290
1311868174.1679 1.2536 -0.2433 0.3219 -0.0366 -0.2951 -0.2764 0.9139
1311868174.5317 1.2998 -0.2732 0.3648 -0.0255 -0.3201 -0.2913 0.9011
1311868174.7998 1.2995 -0.2985 0.3934 -0.0169 -0.3329 -0.2818 0.8997
1311868174.8997 1.2940 -0.3127 0.4040 -0.0077 -0.3358 -0.2789 0.8997
1311868174.9677 1.2884 -0.3211 0.4129 -0.0000 -0.3342 -0.2755 0.9013
1311868175.0317 1.2794 -0.3280 0.4209 0.0072 -0.3340 -0.2748 0.9016
1311868175.0677 1.2756 -0.3321 0.4240 0.0112 -0.3340 -0.2752 0.9014
1311868175.0996 1.2715 -0.3361 0.4275 0.0145 -0.3339 -0.2752 0.9014
1311868175.1317 1.2645 -0.3422 0.4312 0.0180 -0.3345 -0.2750 0.9012
1311868175.1678 1.2561 -0.3501 0.4349 0.0239 -0.3358 -0.2757 0.9004
1311868175.1996 1.2484 -0.3605 0.4393 0.0338 -0.3373 -0.2770 0.8991
1311868175.2318 1.2439 -0.3672 0.4426 0.0464 -0.3381 -0.2760 0.8985
1311868175.2678 1.2399 -0.3706 0.4463 0.0570 -0.3392 -0.2723 0.8986
1311868175.3000 1.2367 -0.3707 0.4493 0.0640 -0.3417 -0.2666 0.8989
1311868175.3319 1.2336 -0.3704 0.4536 0.0658 -0.3459 -0.2605 0.8990
1311868175.3677 1.2295 -0.3764 0.4578 0.0647 -0.3505 -0.2562 0.8985
1311868175.4000 1.2257 -0.3825 0.4636 0.0653 -0.3543 -0.2524 0.8980
1311868175.4320 1.2219 -0.3879 0.4691 0.0674 -0.3568 -0.2491 0.8978
1311868175.4677 1.2186 -0.3957 0.4751 0.0708 -0.3585 -0.2459 0.8978
1311868175.4998 1.2173 -0.3993 0.4810 0.0764 -0.3600 -0.2424 0.8977
1311868175.5318 1.2156 -0.4014 0.4850 0.0801 -0.3614 -0.2389 0.8977
1311868175.5678 1.2124 -0.4023 0.4899 0.0817 -0.3637 -0.2350 0.8977
1311868175.5999 1.2111 -0.4060 0.4952 0.0819 -0.3677 -0.2328 0.8966
1311868175.6318 1.2106 -0.4130 0.5026 0.0831 -0.3714 -0.2329 0.8949
1311868175.6677 1.2095 -0.4185 0.5064 0.0865 -0.3728 -0.2333 0.8939
1311868175.6998 1.2091 -0.4243 0.5115 0.0903 -0.3739 -0.2325 0.8933
1311868175.7317 1.2087 -0.4267 0.5149 0.0939 -0.3749 -0.2322 0.8926
1311868175.7676 1.2078 -0.4308 0.5183 0.0965 -0.3768 -0.2328 0.8914
1311868175.7998 1.2091 -0.4353 0.5233 0.0986 -0.3801 -0.2327 0.8897
1311868175.8318 1.2112 -0.4398 0.5292 0.0996 -0.3838 -0.2331 0.8880
1311868175.8677 1.2126 -0.4471 0.5346 0.1006 -0.3876 -0.2340 0.8859
1311868175.8997 1.2152 -0.4532 0.5402 0.1020 -0.3913 -0.2350 0.8839
1311868175.9316 1.2181 -0.4578 0.5460 0.1036 -0.3948 -0.2363 0.8818
1311868175.9679 1.2199 -0.4625 0.5509 0.1044 -0.3983 -0.2382 0.8796
1311868175.9999 1.2237 -0.4667 0.5563 0.1046 -0.4028 -0.2401 0.8770
1311868176.0320 1.2271 -0.4707 0.5628 0.1045 -0.4074 -0.2433 0.8740
1311868176.0679 1.2313 -0.4762 0.5691 0.1051 -0.4115 -0.2484 0.8706
1311868176.0998 1.2368 -0.4813 0.5757 0.1058 -0.4155 -0.2534 0.8672
1311868176.1317 1.2403 -0.4869 0.5819 0.1063 -0.4188 -0.2584 0.8641
1311868176.1680 1.2465 -0.4918 0.5878 0.1071 -0.4221 -0.2626 0.8610
1311868176.1999 1.2535 -0.4966 0.5953 0.1069 -0.4252 -0.2659 0.8585
1311868176.2319 1.2607 -0.4996 0.6031 0.1055 -0.4280 -0.2684 0.8565
1311868176.2678 1.2668 -0.5043 0.6112 0.1028 -0.4304 -0.2709 0.8549
1311868176.2998 1.2716 -0.5087 0.6189 0.1009 -0.4320 -0.2742 0.8532
1311868176.3319 1.2786 -0.5121 0.6281 0.0998 -0.4331 -0.2780 0.8516
1311868176.3678 1.2845 -0.5145 0.6357 0.0984 -0.4332 -0.2809 0.8507
1311868176.3999 1.2897 -0.5154 0.6433 0.0957 -0.4333 -0.2828 0.8504
1311868176.4317 1.2939 -0.5151 0.6515 0.0921 -0.4336 -0.2845 0.8501
1311868176.4679 1.2976 -0.5173 0.6599 0.0877 -0.4335 -0.2867 0.8498
1311868176.4998 1.3011 -0.5202 0.6670 0.0840 -0.4333 -0.2878 0.8499
1311868176.5319 1.3059 -0.5213 0.6738 0.0813 -0.4331 -0.2892 0.8498
1311868176.5678 1.3088 -0.5226 0.6794 0.0798 -0.4329 -0.2922 0.8491
1311868176.6021 1.3114 -0.5232 0.6840 0.0789 -0.4328 -0.2942 0.8485
1311868176.6317 1.3149 -0.5223 0.6891 0.0767 -0.4332 -0.2946 0.8483
1311868176.6678 1.3154 -0.5250 0.6937 0.0734 -0.4336 -0.2944 0.8485
1311868176.6998 1.3180 -0.5259 0.6984 0.0709 -0.4343 -0.2938 0.8486
1311868176.7318 1.3185 -0.5290 0.7031 0.0689 -0.4344 -0.2942 0.8485
1311868176.7678 1.3185 -0.5327 0.7067 0.0690 -0.4344 -0.2950 0.8482
1311868176.7997 1.3206 -0.5335 0.7101 0.0706 -0.4347 -0.2955 0.8478
1311868176.8319 1.3222 -0.5351 0.7138 0.0707 -0.4348 -0.2958 0.8476
1311868176.8678 1.3238 -0.5356 0.7183 0.0700 -0.4351 -0.2954 0.8477
1311868176.8998 1.3243 -0.5384 0.7251 0.0687 -0.4349 -0.2954 0.8479
1311868176.9318 1.3253 -0.5417 0.7313 0.0683 -0.4336 -0.2954 0.8485
1311868176.9679 1.3250 -0.5435 0.7371 0.0690 -0.4324 -0.2963 0.8488
1311868176.9999 1.3255 -0.5439 0.7429 0.0699 -0.4321 -0.2976 0.8484
1311868177.0320 1.3250 -0.5429 0.7485 0.0699 -0.4318 -0.2984 0.8483
1311868177.0679 1.3231 -0.5397 0.7557 0.0695 -0.4318 -0.2991 0.8481
1311868177.0997 1.3221 -0.5387 0.7653 0.0696 -0.4322 -0.3003 0.8474
1311868177.1319 1.3217 -0.5427 0.7719 0.0700 -0.4313 -0.3022 0.8472
1311868177.1681 1.3188 -0.5450 0.7791 0.0717 -0.4294 -0.3036 0.8475
1311868177.1999 1.3152 -0.5477 0.7844 0.0739 -0.4269 -0.3056 0.8479
1311868177.2319 1.3142 -0.5507 0.7911 0.0754 -0.4255 -0.3066 0.8481
1311868177.2678 1.3123 -0.5522 0.7977 0.0756 -0.4247 -0.3068 0.8484
1311868177.2999 1.3086 -0.5541 0.8035 0.0738 -0.4248 -0.3071 0.8484
1311868177.3317 1.3042 -0.5564 0.8084 0.0728 -0.4252 -0.3083 0.8478
1311868177.3679 1.3008 -0.5605 0.8150 0.0724 -0.4257 -0.3091 0.8473
1311868177.4000 1.2986 -0.5672 0.8209 0.0741 -0.4253 -0.3107 0.8468
1311868177.4318 1.2979 -0.5726 0.8265 0.0766 -0.4240 -0.3118 0.8468
1311868177.4678 1.2981 -0.5767 0.8316 0.0771 -0.4224 -0.3112 0.8478
1311868177.4998 1.2981 -0.5741 0.8383 0.0759 -0.4215 -0.3088 0.8492
1311868177.5318 1.2990 -0.5707 0.8473 0.0723 -0.4219 -0.3076 0.8498
1311868177.5679 1.2960 -0.5716 0.8537 0.0673 -0.4215 -0.3100 0.8496
1311868177.5997 1.2945 -0.5727 0.8619 0.0646 -0.4211 -0.3120 0.8492
1311868177.6321 1.2927 -0.5754 0.8699 0.0638 -0.4204 -0.3154 0.8484
1311868177.6679 1.2912 -0.5756 0.8776 0.0642 -0.4191 -0.3183 0.8479
1311868177.6999 1.2911 -0.5773 0.8843 0.0642 -0.4183 -0.3195 0.8478
1311868177.7320 1.2922 -0.5744 0.8892 0.0635 -0.4186 -0.3197 0.8477
1311868177.7679 1.2919 -0.5763 0.8956 0.0605 -0.4203 -0.3200 0.8470
1311868177.7999 1.2911 -0.5772 0.9015 0.0586 -0.4233 -0.3204 0.8454
1311868177.8320 1.2939 -0.5805 0.9075 0.0572 -0.4278 -0.3224 0.8425
1311868177.8678 1.2962 -0.5858 0.9136 0.0559 -0.4318 -0.3253 0.8394
1311868177.9319 1.3023 -0.5885 0.9259 0.0557 -0.4376 -0.3299 0.8346
1311868178.0320 1.3168 -0.5938 0.9416 0.0535 -0.4496 -0.3408 0.8239
1311868178.1000 1.3259 -0.6019 0.9514 0.0479 -0.4593 -0.3507 0.8147
1311868178.2320 1.3463 -0.6256 0.9694 0.0503 -0.4671 -0.3686 0.8021
1311868178.2680 1.3533 -0.6301 0.9733 0.0532 -0.4662 -0.3711 0.8013
1311868178.2998 1.3597 -0.6312 0.9750 0.0552 -0.4656 -0.3732 0.8006
1311868178.3322 1.3647 -0.6302 0.9774 0.0553 -0.4666 -0.3746 0.7993
1311868178.3680 1.3709 -0.6287 0.9803 0.0533 -0.4693 -0.3764 0.7970
1311868178.4001 1.3746 -0.6293 0.9829 0.0488 -0.4721 -0.3782 0.7948
1311868178.5001 1.3881 -0.6334 0.9901 0.0369 -0.4814 -0.3792 0.7894
1311868178.6001 1.4037 -0.6363 0.9922 0.0318 -0.4869 -0.3780 0.7868
1311868178.6320 1.4085 -0.6365 0.9909 0.0309 -0.4877 -0.3776 0.7865
1311868178.6680 1.4156 -0.6355 0.9890 0.0301 -0.4891 -0.3774 0.7857
1311868178.6999 1.4228 -0.6359 0.9874 0.0280 -0.4907 -0.3780 0.7846
1311868178.7319 1.4291 -0.6368 0.9861 0.0265 -0.4916 -0.3783 0.7839
1311868178.7679 1.4354 -0.6363 0.9841 0.0259 -0.4919 -0.3782 0.7837
1311868178.8000 1.4425 -0.6356 0.9816 0.0259 -0.4925 -0.3781 0.7835
1311868178.8320 1.4512 -0.6345 0.9789 0.0250 -0.4929 -0.3776 0.7835
1311868178.8679 1.4602 -0.6338 0.9763 0.0228 -0.4931 -0.3766 0.7839
1311868178.9000 1.4679 -0.6341 0.9738 0.0211 -0.4931 -0.3763 0.7841
1311868178.9323 1.4758 -0.6334 0.9704 0.0208 -0.4931 -0.3765 0.7840
1311868178.9679 1.4848 -0.6337 0.9671 0.0211 -0.4932 -0.3770 0.7837
1311868179.0000 1.4950 -0.6345 0.9637 0.0215 -0.4922 -0.3771 0.7843
1311868179.0322 1.5065 -0.6334 0.9582 0.0215 -0.4903 -0.3758 0.7861
1311868179.0678 1.5174 -0.6293 0.9542 0.0200 -0.4889 -0.3748 0.7875
1311868179.1001 1.5266 -0.6263 0.9495 0.0171 -0.4886 -0.3738 0.7882
1311868179.1320 1.5366 -0.6258 0.9456 0.0140 -0.4896 -0.3748 0.7871
1311868179.2002 1.5574 -0.6291 0.9400 0.0165 -0.4905 -0.3806 0.7838
1311868179.2320 1.5717 -0.6276 0.9356 0.0188 -0.4885 -0.3828 0.7839
1311868179.2681 1.5838 -0.6256 0.9306 0.0169 -0.4846 -0.3829 0.7863
1311868179.3331 1.6016 -0.6194 0.9239 0.0063 -0.4794 -0.3790 0.7915
1311868179.4680 1.6375 -0.6255 0.9210 -0.0028 -0.4752 -0.3854 0.7910
1311868179.5322 1.6546 -0.6244 0.9151 -0.0028 -0.4677 -0.3852 0.7955
1311868179.6682 1.6856 -0.6266 0.9147 -0.0098 -0.4603 -0.3888 0.7981
1311868179.8321 1.7275 -0.6312 0.9132 -0.0113 -0.4549 -0.3915 0.7998
1311868180.0000 1.7630 -0.6435 0.9175 -0.0109 -0.4612 -0.3999 0.7920
1311868180.1681 1.7993 -0.6597 0.9283 -0.0181 -0.4676 -0.4066 0.7846
1311868180.3319 1.8346 -0.6702 0.9398 -0.0267 -0.4735 -0.4101 0.7790
1311868180.6682 1.8797 -0.6860 0.9613 -0.0429 -0.4797 -0.4218 0.7682
1311868181.3680 1.8949 -0.7397 1.0097 -0.0354 -0.4621 -0.4172 0.7818
1311868181.8322 1.8083 -0.7650 1.0623 -0.0361 -0.4555 -0.4148 0.7868
1311868182.1002 1.7265 -0.7865 1.0931 -0.0283 -0.4546 -0.4131 0.7886
1311868182.4003 1.6494 -0.8045 1.1389 -0.0287 -0.4506 -0.4049 0.7951
1311868182.5361 1.6095 -0.8164 1.1589 -0.0212 -0.4544 -0.4019 0.7947
1311868182.6363 1.5792 -0.8291 1.1737 -0.0121 -0.4640 -0.3978 0.7914
1311868182.7003 1.5578 -0.8391 1.1846 -0.0039 -0.4725 -0.3966 0.7871
1311868182.7683 1.5416 -0.8457 1.1967 0.0038 -0.4828 -0.3960 0.7811
1311868182.8362 1.5211 -0.8515 1.2126 0.0087 -0.4926 -0.3976 0.7741
1311868182.9002 1.5011 -0.8567 1.2286 0.0128 -0.5025 -0.4014 0.7656
1311868182.9681 1.4780 -0.8652 1.2415 0.0199 -0.5117 -0.4078 0.7560
1311868183.0363 1.4564 -0.8772 1.2536 0.0268 -0.5176 -0.4123 0.7492
1311868183.0683 1.4478 -0.8842 1.2573 0.0292 -0.5206 -0.4129 0.7468
1311868183.1006 1.4382 -0.8896 1.2610 0.0329 -0.5243 -0.4155 0.7426
1311868183.1682 1.4175 -0.9010 1.2674 0.0428 -0.5311 -0.4244 0.7321
1311868183.2363 1.4001 -0.9079 1.2756 0.0511 -0.5361 -0.4324 0.7232
1311868183.2684 1.3905 -0.9120 1.2799 0.0529 -0.5378 -0.4356 0.7199
1311868183.3004 1.3805 -0.9146 1.2802 0.0553 -0.5396 -0.4382 0.7168
1311868183.3363 1.3731 -0.9188 1.2838 0.0574 -0.5434 -0.4415 0.7117
1311868183.3685 1.3643 -0.9205 1.2841 0.0604 -0.5462 -0.4454 0.7069
1311868183.4362 1.3504 -0.9231 1.2865 0.0628 -0.5519 -0.4470 0.7012
1311868183.4682 1.3458 -0.9230 1.2868 0.0595 -0.5548 -0.4458 0.7000
1311868183.5003 1.3397 -0.9232 1.2851 0.0549 -0.5592 -0.4449 0.6974
1311868183.5363 1.3361 -0.9178 1.2863 0.0496 -0.5646 -0.4437 0.6942
1311868183.5684 1.3273 -0.9139 1.2887 0.0445 -0.5686 -0.4429 0.6918
1311868183.6002 1.3185 -0.9155 1.2920 0.0407 -0.5724 -0.4415 0.6897
1311868183.6362 1.3101 -0.9163 1.2967 0.0377 -0.5748 -0.4403 0.6887
1311868183.6686 1.2987 -0.9187 1.3018 0.0351 -0.5755 -0.4386 0.6894
1311868183.7002 1.2909 -0.9225 1.3060 0.0342 -0.5759 -0.4367 0.6903
1311868183.7364 1.2819 -0.9250 1.3096 0.0355 -0.5746 -0.4373 0.6909
1311868183.7682 1.2731 -0.9285 1.3106 0.0367 -0.5730 -0.4378 0.6918
1311868183.8004 1.2680 -0.9277 1.3121 0.0383 -0.5719 -0.4393 0.6917
1311868183.8362 1.2587 -0.9286 1.3118 0.0378 -0.5711 -0.4411 0.6913
1311868183.8685 1.2501 -0.9318 1.3133 0.0362 -0.5712 -0.4422 0.6906
1311868183.9002 1.2397 -0.9359 1.3152 0.0349 -0.5710 -0.4437 0.6898
1311868183.9363 1.2275 -0.9404 1.3176 0.0348 -0.5704 -0.4453 0.6893
1311868183.9685 1.2127 -0.9494 1.3208 0.0370 -0.5702 -0.4465 0.6886
1311868184.0004 1.2012 -0.9557 1.3232 0.0431 -0.5695 -0.4466 0.6887
1311868184.0363 1.1890 -0.9623 1.3239 0.0482 -0.5685 -0.4445 0.6906
1311868184.0703 1.1808 -0.9660 1.3237 0.0519 -0.5679 -0.4404 0.6934
1311868184.1007 1.1726 -0.9678 1.3238 0.0537 -0.5684 -0.4369 0.6952
1311868184.1368 1.1636 -0.9719 1.3256 0.0543 -0.5698 -0.4345 0.6954
1311868184.1690 1.1546 -0.9766 1.3280 0.0554 -0.5715 -0.4320 0.6955
1311868184.2005 1.1481 -0.9799 1.3331 0.0572 -0.5732 -0.4294 0.6955
1311868184.2364 1.1403 -0.9855 1.3394 0.0573 -0.5734 -0.4277 0.6964
1311868184.2685 1.1327 -0.9893 1.3426 0.0584 -0.5720 -0.4263 0.6983
1311868184.3006 1.1278 -0.9900 1.3452 0.0600 -0.5704 -0.4265 0.6994
1311868184.3363 1.1205 -0.9911 1.3472 0.0609 -0.5696 -0.4282 0.6989
1311868184.3682 1.1129 -0.9932 1.3483 0.0613 -0.5699 -0.4298 0.6977
1311868184.4003 1.1057 -0.9965 1.3517 0.0606 -0.5712 -0.4301 0.6964
1311868184.4363 1.0967 -1.0019 1.3540 0.0596 -0.5726 -0.4297 0.6956
1311868184.4684 1.0868 -1.0075 1.3567 0.0601 -0.5741 -0.4290 0.6948
1311868184.5004 1.0792 -1.0112 1.3594 0.0624 -0.5762 -0.4273 0.6939
1311868184.5363 1.0741 -1.0134 1.3633 0.0642 -0.5786 -0.4255 0.6929
1311868184.5684 1.0682 -1.0165 1.3668 0.0641 -0.5809 -0.4246 0.6915
1311868184.6004 1.0608 -1.0191 1.3703 0.0628 -0.5840 -0.4245 0.6891
1311868184.6363 1.0535 -1.0226 1.3730 0.0612 -0.5879 -0.4251 0.6855
1311868184.6684 1.0440 -1.0289 1.3768 0.0601 -0.5926 -0.4264 0.6807
1311868184.7007 1.0357 -1.0355 1.3813 0.0612 -0.5978 -0.4280 0.6751
1311868184.7365 1.0272 -1.0431 1.3872 0.0632 -0.6023 -0.4304 0.6693
1311868184.7685 1.0172 -1.0531 1.3905 0.0656 -0.6058 -0.4320 0.6649
1311868184.8004 1.0089 -1.0622 1.3929 0.0691 -0.6095 -0.4327 0.6607
1311868184.8363 1.0017 -1.0710 1.3955 0.0722 -0.6134 -0.4332 0.6564
1311868184.8687 0.9947 -1.0796 1.3994 0.0738 -0.6172 -0.4333 0.6525
1311868184.9004 0.9888 -1.0875 1.4029 0.0753 -0.6206 -0.4342 0.6486
1311868184.9363 0.9811 -1.0966 1.4069 0.0756 -0.6233 -0.4359 0.6449
1311868184.9684 0.9736 -1.1041 1.4102 0.0775 -0.6255 -0.4373 0.6415
1311868185.0004 0.9685 -1.1091 1.4138 0.0802 -0.6274 -0.4393 0.6380
1311868185.0364 0.9605 -1.1148 1.4170 0.0820 -0.6285 -0.4418 0.6349
1311868185.0684 0.9544 -1.1191 1.4191 0.0853 -0.6301 -0.4438 0.6315
1311868185.1009 0.9510 -1.1217 1.4235 -0.0871 0.6318 0.4460 -0.6279
1311868185.1365 0.9437 -1.1268 1.4274 -0.0857 0.6334 0.4472 -0.6257
1311868185.1686 0.9365 -1.1305 1.4295 -0.0839 0.6354 0.4461 -0.6247
1311868185.2008 0.9295 -1.1343 1.4338 -0.0829 0.6380 0.4458 -0.6224
1311868185.2364 0.9211 -1.1404 1.4368 -0.0828 0.6400 0.4463 -0.6200
1311868185.2685 0.9127 -1.1454 1.4385 -0.0842 0.6417 0.4450 -0.6190
1311868185.3005 0.9040 -1.1495 1.4397 -0.0870 0.6437 0.4424 -0.6183
1311868185.3379 0.9000 -1.1516 1.4429 -0.0902 0.6458 0.4400 -0.6174
1311868185.3685 0.8935 -1.1547 1.4476 -0.0916 0.6472 0.4381 -0.6171
1311868185.4012 0.8867 -1.1585 1.4535 -0.0915 0.6481 0.4350 -0.6183
1311868185.4364 0.8801 -1.1619 1.4573 -0.0918 0.6476 0.4321 -0.6208
1311868185.4686 0.8736 -1.1645 1.4597 -0.0941 0.6462 0.4310 -0.6228
1311868185.5004 0.8654 -1.1681 1.4613 -0.0990 0.6448 0.4302 -0.6240
1311868185.5364 0.8625 -1.1697 1.4644 -0.1045 0.6434 0.4288 -0.6255
1311868185.5685 0.8561 -1.1709 1.4634 -0.1082 0.6420 0.4272 -0.6274
1311868185.6004 0.8501 -1.1733 1.4641 -0.1122 0.6428 0.4254 -0.6271
1311868185.6364 0.8469 -1.1766 1.4671 -0.1164 0.6440 0.4248 -0.6256
1311868185.6686 0.8420 -1.1833 1.4693 -0.1187 0.6448 0.4230 -0.6255
1311868185.7020 0.8380 -1.1865 1.4711 -0.1204 0.6452 0.4188 -0.6275
1311868185.7367 0.8331 -1.1893 1.4732 -0.1210 0.6458 0.4150 -0.6294
1311868185.7686 0.8277 -1.1929 1.4747 -0.1215 0.6467 0.4114 -0.6306
1311868185.8004 0.8272 -1.1934 1.4779 -0.1213 0.6483 0.4079 -0.6314
1311868185.8368 0.8242 -1.1928 1.4801 -0.1193 0.6496 0.4057 -0.6318
1311868185.8684 0.8214 -1.1925 1.4835 -0.1162 0.6515 0.4048 -0.6310
1311868185.9004 0.8153 -1.1938 1.4890 -0.1129 0.6533 0.4065 -0.6287
1311868185.9365 0.8090 -1.1970 1.4927 -0.1110 0.6546 0.4089 -0.6261
1311868185.9684 0.8048 -1.1989 1.4963 -0.1104 0.6558 0.4107 -0.6237
1311868186.0004 0.8004 -1.2018 1.5002 -0.1098 0.6574 0.4129 -0.6208
1311868186.0365 0.7961 -1.2038 1.5047 -0.1096 0.6590 0.4150 -0.6176
1311868186.0687 0.7924 -1.2055 1.5100 -0.1092 0.6606 0.4179 -0.6141
1311868186.1032 0.7877 -1.2087 1.5147 -0.1089 0.6622 0.4212 -0.6101
1311868186.1366 0.7844 -1.2111 1.5199 -0.1082 0.6641 0.4240 -0.6062
1311868186.1685 0.7825 -1.2129 1.5247 -0.1060 0.6666 0.4259 -0.6025
1311868186.2004 0.7794 -1.2143 1.5293 -0.1024 0.6693 0.4286 -0.5983
1311868186.2377 0.7744 -1.2167 1.5352 -0.0991 0.6725 0.4329 -0.5920
1311868186.2687 0.7715 -1.2191 1.5403 -0.0972 0.6763 0.4372 -0.5849
1311868186.3004 0.7688 -1.2220 1.5462 -0.0950 0.6801 0.4406 -0.5782
1311868186.3364 0.7672 -1.2229 1.5521 -0.0932 0.6839 0.4440 -0.5714
1311868186.3684 0.7658 -1.2242 1.5590 -0.0909 0.6875 0.4482 -0.5640
1311868186.4005 0.7635 -1.2275 1.5652 -0.0885 0.6905 0.4524 -0.5574
1311868186.4365 0.7614 -1.2298 1.5722 -0.0863 0.6925 0.4557 -0.5526
1311868186.4685 0.7601 -1.2326 1.5785 -0.0838 0.6938 0.4579 -0.5495
1311868186.5005 0.7605 -1.2332 1.5827 -0.0807 0.6949 0.4594 -0.5473
1311868186.5371 0.7619 -1.2330 1.5861 -0.0769 0.6964 0.4609 -0.5447
1311868186.5685 0.7626 -1.2338 1.5903 -0.0718 0.6981 0.4624 -0.5420
1311868186.6006 0.7613 -1.2363 1.5937 -0.0683 0.6995 0.4641 -0.5391
1311868186.6365 0.7622 -1.2385 1.5991 -0.0675 0.7007 0.4657 -0.5363
1311868186.6686 0.7639 -1.2411 1.6013 -0.0677 0.7007 0.4667 -0.5354
1311868186.7025 0.7687 -1.2419 1.6027 -0.0687 0.7007 0.4671 -0.5349
1311868186.7367 0.7748 -1.2414 1.6048 -0.0696 0.7008 0.4682 -0.5337
1311868186.7685 0.7818 -1.2415 1.6060 -0.0693 0.7010 0.4697 -0.5321
1311868186.8005 0.7888 -1.2413 1.6082 -0.0675 0.7019 0.4709 -0.5302
1311868186.8367 0.7945 -1.2409 1.6112 -0.0647 0.7025 0.4725 -0.5282
1311868186.8693 0.7992 -1.2422 1.6140 -0.0612 0.7029 0.4741 -0.5266
1311868186.9005 0.8043 -1.2441 1.6152 -0.0592 0.7029 0.4750 -0.5261
1311868186.9364 0.8098 -1.2448 1.6171 -0.0592 0.7026 0.4760 -0.5256
1311868186.9686 0.8152 -1.2472 1.6193 -0.0596 0.7023 0.4762 -0.5258
1311868187.0005 0.8216 -1.2490 1.6202 -0.0601 0.7016 0.4761 -0.5267
1311868187.0367 0.8292 -1.2506 1.6214 -0.0602 0.7011 0.4753 -0.5281
1311868187.0685 0.8382 -1.2512 1.6238 -0.0589 0.7004 0.4746 -0.5298
1311868187.1017 0.8449 -1.2527 1.6259 -0.0564 0.6992 0.4749 -0.5314
1311868187.1366 0.8519 -1.2544 1.6277 -0.0550 0.6979 0.4751 -0.5331
1311868187.1690 0.8599 -1.2561 1.6291 -0.0549 0.6966 0.4757 -0.5342
1311868187.2013 0.8701 -1.2564 1.6322 -0.0554 0.6949 0.4770 -0.5352
1311868187.2364 0.8798 -1.2571 1.6353 -0.0543 0.6923 0.4795 -0.5366
1311868187.2688 0.8892 -1.2564 1.6368 -0.0524 0.6892 0.4828 -0.5377
1311868187.3005 0.8985 -1.2552 1.6369 -0.0504 0.6865 0.4872 -0.5374
1311868187.3366 0.9038 -1.2576 1.6396 -0.0480 0.6847 0.4919 -0.5356
1311868187.3684 0.9066 -1.2630 1.6433 -0.0460 0.6829 0.4946 -0.5357
1311868187.4005 0.9125 -1.2671 1.6477 -0.0468 0.6801 0.4958 -0.5380
1311868187.4367 0.9176 -1.2721 1.6511 -0.0484 0.6770 0.4965 -0.5411
1311868187.4686 0.9261 -1.2753 1.6544 -0.0501 0.6743 0.4961 -0.5447
1311868187.5005 0.9330 -1.2769 1.6563 -0.0505 0.6717 0.4965 -0.5476
1311868187.5376 0.9395 -1.2808 1.6589 -0.0502 0.6703 0.4971 -0.5487
1311868187.5685 0.9440 -1.2847 1.6630 -0.0499 0.6697 0.4980 -0.5487
1311868187.6005 0.9474 -1.2891 1.6677 -0.0500 0.6690 0.4985 -0.5490
1311868187.6365 0.9523 -1.2926 1.6709 -0.0497 0.6681 0.4983 -0.5503
1311868187.6687 0.9563 -1.2952 1.6741 -0.0489 0.6679 0.4980 -0.5510
1311868187.7006 0.9605 -1.2963 1.6772 -0.0484 0.6679 0.4980 -0.5510
1311868187.7365 0.9643 -1.2988 1.6820 -0.0463 0.6684 0.4983 -0.5503
1311868187.7687 0.9653 -1.3026 1.6859 -0.0443 0.6685 0.4988 -0.5498
1311868187.8005 0.9683 -1.3049 1.6895 -0.0440 0.6689 0.4991 -0.5491
1311868187.8375 0.9701 -1.3077 1.6928 -0.0445 0.6694 0.5003 -0.5474
1311868187.8686 0.9725 -1.3117 1.6982 -0.0462 0.6706 0.5018 -0.5443
1311868187.9005 0.9752 -1.3166 1.7050 -0.0475 0.6722 0.5033 -0.5410
1311868187.9366 0.9770 -1.3213 1.7116 -0.0481 0.6735 0.5046 -0.5381
1311868187.9685 0.9788 -1.3261 1.7176 -0.0486 0.6753 0.5057 -0.5347
1311868188.0007 0.9827 -1.3306 1.7253 -0.0489 0.6777 0.5072 -0.5302
1311868188.0367 0.9840 -1.3367 1.7352 -0.0476 0.6798 0.5089 -0.5259
1311868188.0685 0.9856 -1.3423 1.7444 -0.0458 0.6814 0.5103 -0.5226
1311868188.1004 0.9881 -1.3472 1.7542 -0.0432 0.6834 0.5114 -0.5192
1311868188.1367 0.9897 -1.3524 1.7640 -0.0396 0.6849 0.5133 -0.5157
1311868188.1698 0.9915 -1.3573 1.7738 -0.0356 0.6862 0.5155 -0.5120
1311868188.2006 0.9911 -1.3620 1.7861 -0.0319 0.6871 0.5187 -0.5078
1311868188.2365 0.9904 -1.3672 1.7985 -0.0306 0.6872 0.5223 -0.5040
1311868188.2686 0.9913 -1.3700 1.8120 -0.0314 0.6866 0.5271 -0.4998
1311868188.3009 0.9928 -1.3725 1.8238 -0.0329 0.6849 0.5329 -0.4958
1311868188.3368 0.9947 -1.3739 1.8358 -0.0337 0.6826 0.5388 -0.4926
1311868188.3685 0.9958 -1.3744 1.8455 -0.0338 0.6798 0.5442 -0.4906
1311868188.4005 0.9968 -1.3753 1.8517 -0.0328 0.6772 0.5483 -0.4896
1311868188.4371 0.9993 -1.3750 1.8567 -0.0312 0.6753 0.5512 -0.4890
1311868188.4686 1.0022 -1.3759 1.8590 -0.0271 0.6743 0.5534 -0.4882
1311868188.5025 1.0055 -1.3772 1.8615 -0.0220 0.6751 0.5544 -0.4862
1311868188.5687 1.0151 -1.3838 1.8695 -0.0124 0.6790 0.5550 -0.4804
1311868188.6014 1.0194 -1.3878 1.8743 -0.0085 0.6802 0.5550 -0.4788
1311868188.6375 1.0257 -1.3906 1.8784 -0.0064 0.6801 0.5554 -0.4785
1311868188.6687 1.0332 -1.3929 1.8814 -0.0047 0.6794 0.5562 -0.4785
1311868188.7035 1.0404 -1.3948 1.8839 -0.0028 0.6783 0.5577 -0.4784
1311868188.7366 1.0494 -1.3970 1.8871 -0.0006 0.6773 0.5591 -0.4783
1311868188.7687 1.0568 -1.3994 1.8899 0.0021 0.6757 0.5607 -0.4786
1311868188.8007 1.0663 -1.4010 1.8935 0.0033 0.6742 0.5625 -0.4786
1311868188.8365 1.0748 -1.4022 1.8961 0.0045 0.6721 0.5649 -0.4787
1311868188.8685 1.0850 -1.4036 1.8972 0.0067 0.6701 0.5661 -0.4801
1311868188.9007 1.0984 -1.4048 1.8976 0.0100 0.6690 0.5666 -0.4809
1311868188.9365 1.1098 -1.4060 1.9006 0.0159 0.6684 0.5675 -0.4805
1311868189.0006 1.1293 -1.4098 1.9045 0.0329 0.6660 0.5691 -0.4812
1311868189.1366 1.1628 -1.4178 1.9087 0.0354 0.6563 0.5757 -0.4864
1311868189.2687 1.2038 -1.4335 1.9157 0.0372 0.6442 0.5846 -0.4918
1311868189.4367 1.2437 -1.4472 1.9266 0.0367 0.6340 0.5937 -0.4941
1311868189.6687 1.2869 -1.4718 1.9534 0.0439 0.6297 0.5995 -0.4921
1311868190.0020 1.3129 -1.5262 2.0144 0.0450 0.6197 0.6004 -0.5035
1311868190.3367 1.3341 -1.6017 2.0690 0.0405 0.6166 0.5976 -0.5108
1311868190.7367 1.3495 -1.6656 2.1211 0.0355 0.6154 0.5931 -0.5179
1311868192.0706 1.3042 -1.7325 2.1792 0.0332 0.6097 0.5925 -0.5255
1311868192.5047 1.2312 -1.7196 2.1587 0.0239 0.6057 0.5886 -0.5349
1311868192.8048 1.1801 -1.6968 2.1287 0.0211 0.6139 0.5847 -0.5300
1311868193.1053 1.1435 -1.6933 2.1059 0.0158 0.6270 0.5827 -0.5167
1311868193.3709 1.1166 -1.6967 2.0966 0.0307 0.6415 0.5908 -0.4884
1311868193.6060 1.0860 -1.7140 2.0837 0.0114 0.6534 0.5984 -0.4636
1311868193.7716 1.0713 -1.7244 2.0725 0.0014 0.6627 0.5958 -0.4537
1311868193.8732 1.0614 -1.7300 2.0730 -0.0065 0.6678 0.5913 -0.4520
1311868193.9728 1.0581 -1.7392 2.0629 -0.0088 0.6711 0.5870 -0.4528
1311868194.0092 1.0569 -1.7406 2.0616 -0.0085 0.6720 0.5865 -0.4521
1311868194.0382 1.0561 -1.7432 2.0604 -0.0079 0.6725 0.5863 -0.4515
1311868194.0714 1.0548 -1.7448 2.0590 -0.0075 0.6727 0.5865 -0.4510
1311868258.1176 -0.7851 -0.0133 -0.0136 -0.0797 0.0823 0.2260 0.9674
