1305031453.4237 0.0026 0.0062 -0.0080 0.0027 0.0038 0.0081 1.0000
1305031453.4597 0.0076 0.0055 -0.0179 0.0040 0.0106 0.0164 0.9998
1305031453.4917 0.0067 0.0158 -0.0325 0.0112 0.0187 0.0278 0.9994
1305031453.5237 -0.0017 0.0232 -0.0390 0.0186 0.0272 0.0368 0.9988
1305031453.5598 0.0051 0.0249 -0.0533 0.0228 0.0268 0.0425 0.9985
1305031453.5916 -0.0048 0.0384 -0.0711 0.0346 0.0338 0.0482 0.9977
1305031453.6277 -0.0084 0.0367 -0.0794 0.0385 0.0350 0.0521 0.9973
1305031453.6596 -0.0091 0.0439 -0.0915 0.0447 0.0319 0.0524 0.9971
1305031453.6917 -0.0035 0.0522 -0.1146 0.0519 0.0218 0.0478 0.9973
1305031453.7277 -0.0049 0.0546 -0.1239 0.0547 0.0149 0.0422 0.9975
1305031453.7597 -0.0060 0.0572 -0.1298 0.0574 0.0039 0.0364 0.9977
1305031453.7917 -0.0119 0.0593 -0.1464 0.0596 -0.0038 0.0293 0.9978
1305031453.8278 -0.0155 0.0620 -0.1519 0.0613 -0.0140 0.0220 0.9978
1305031453.8597 -0.0296 0.0762 -0.1584 0.0664 -0.0254 0.0160 0.9973
1305031453.8917 -0.0364 0.0777 -0.1636 0.0654 -0.0421 0.0112 0.9969
1305031453.9277 -0.0406 0.0793 -0.1743 0.0617 -0.0631 0.0046 0.9961
1305031453.9596 -0.0470 0.0751 -0.1756 0.0575 -0.0788 -0.0031 0.9952
1305031453.9916 -0.0542 0.0777 -0.1741 0.0573 -0.0919 -0.0128 0.9940
1305031454.0277 -0.0696 0.0783 -0.1726 0.0587 -0.1022 -0.0203 0.9928
1305031454.0597 -0.0880 0.0818 -0.1728 0.0599 -0.1103 -0.0293 0.9917
1305031454.0917 -0.1130 0.0864 -0.1657 0.0617 -0.1174 -0.0370 0.9905
1305031454.1277 -0.1387 0.0876 -0.1574 0.0645 -0.1263 -0.0489 0.9887
1305031454.1597 -0.1570 0.0911 -0.1563 0.0651 -0.1385 -0.0569 0.9866
1305031454.1917 -0.1777 0.0972 -0.1539 0.0655 -0.1506 -0.0654 0.9843
1305031454.2277 -0.1902 0.0966 -0.1410 0.0681 -0.1672 -0.0811 0.9802
1305031454.2596 -0.2016 0.0975 -0.1367 0.0724 -0.1802 -0.0928 0.9766
1305031454.2916 -0.2058 0.1021 -0.1344 0.0723 -0.1909 -0.1003 0.9738
1305031454.3277 -0.2220 0.1053 -0.1351 0.0731 -0.1983 -0.1103 0.9712
1305031454.3596 -0.2297 0.1099 -0.1368 0.0799 -0.2082 -0.1241 0.9669
1305031454.3917 -0.2471 0.1203 -0.1296 0.0838 -0.2137 -0.1328 0.9642
1305031454.4275 -0.2681 0.1293 -0.1250 0.0861 -0.2210 -0.1420 0.9610
1305031454.4599 -0.2849 0.1372 -0.1124 0.0907 -0.2280 -0.1528 0.9573
1305031454.4916 -0.2872 0.1445 -0.1091 0.0942 -0.2341 -0.1645 0.9536
1305031454.5277 -0.2902 0.1521 -0.1057 0.0959 -0.2417 -0.1779 0.9491
1305031454.5596 -0.2971 0.1518 -0.1036 0.0924 -0.2481 -0.1890 0.9456
1305031454.5916 -0.3125 0.1606 -0.1021 0.0915 -0.2548 -0.1991 0.9419
1305031454.6276 -0.3241 0.1677 -0.1011 0.0908 -0.2648 -0.2096 0.9368
1305031454.6595 -0.3409 0.1945 -0.0957 0.0945 -0.2713 -0.2142 0.9336
1305031454.6919 -0.3622 0.2094 -0.0857 0.0936 -0.2789 -0.2171 0.9308
1305031454.7277 -0.3797 0.2296 -0.0880 0.0965 -0.2828 -0.2197 0.9287
1305031454.7597 -0.3775 0.2296 -0.0814 0.0900 -0.2911 -0.2144 0.9280
1305031454.7916 -0.3744 0.2274 -0.0753 0.0841 -0.2956 -0.2084 0.9285
1305031454.8276 -0.3751 0.2338 -0.0707 0.0813 -0.2968 -0.2023 0.9297
1305031454.8596 -0.3767 0.2276 -0.0563 0.0708 -0.2984 -0.1960 0.9314
1305031454.8918 -0.3801 0.2297 -0.0548 0.0648 -0.2947 -0.1899 0.9343
1305031454.9276 -0.3774 0.2318 -0.0548 0.0592 -0.2915 -0.1820 0.9372
1305031454.9596 -0.3777 0.2340 -0.0559 0.0548 -0.2886 -0.1764 0.9395
1305031454.9919 -0.3810 0.2356 -0.0625 0.0514 -0.2854 -0.1725 0.9414
1305031455.0278 -0.3818 0.2399 -0.0602 0.0493 -0.2861 -0.1686 0.9420
1305031455.0596 -0.3832 0.2447 -0.0600 0.0486 -0.2850 -0.1666 0.9427
1305031455.0917 -0.3851 0.2478 -0.0613 0.0493 -0.2834 -0.1658 0.9433
1305031455.1277 -0.3900 0.2532 -0.0669 0.0501 -0.2793 -0.1652 0.9445
1305031455.1597 -0.3972 0.2570 -0.0717 0.0486 -0.2755 -0.1621 0.9463
1305031455.1917 -0.3988 0.2581 -0.0715 0.0447 -0.2754 -0.1569 0.9474
1305031455.2276 -0.4048 0.2602 -0.0744 0.0439 -0.2733 -0.1535 0.9486
1305031455.2596 -0.4123 0.2686 -0.0769 0.0429 -0.2696 -0.1489 0.9504
1305031455.2918 -0.4221 0.2651 -0.0741 0.0305 -0.2669 -0.1372 0.9534
1305031455.3278 -0.4360 0.2794 -0.0815 0.0288 -0.2626 -0.1272 0.9561
1305031455.3596 -0.4407 0.2850 -0.0760 0.0214 -0.2644 -0.1184 0.9569
1305031455.3917 -0.4443 0.2798 -0.0707 0.0069 -0.2632 -0.1069 0.9588
1305031455.4276 -0.4572 0.2809 -0.0771 -0.0006 -0.2567 -0.0977 0.9615
1305031455.4596 -0.4729 0.2832 -0.0868 -0.0032 -0.2513 -0.0919 0.9635
1305031455.4916 -0.4831 0.2835 -0.0941 -0.0074 -0.2485 -0.0844 0.9649
1305031455.5276 -0.5045 0.2817 -0.1054 -0.0121 -0.2418 -0.0744 0.9674
1305031455.5597 -0.5231 0.2840 -0.1169 -0.0136 -0.2410 -0.0628 0.9684
1305031455.5916 -0.5416 0.2920 -0.1303 -0.0137 -0.2397 -0.0509 0.9694
1305031455.6276 -0.5600 0.2915 -0.1386 -0.0164 -0.2363 -0.0420 0.9706
1305031455.6596 -0.5727 0.2868 -0.1428 -0.0160 -0.2361 -0.0313 0.9711
1305031455.6916 -0.5817 0.2866 -0.1536 -0.0135 -0.2346 -0.0315 0.9715
1305031455.7276 -0.5897 0.2833 -0.1600 -0.0137 -0.2328 -0.0330 0.9719
1305031455.7597 -0.5952 0.2811 -0.1676 -0.0135 -0.2303 -0.0335 0.9725
1305031455.7917 -0.6042 0.2744 -0.1794 -0.0131 -0.2260 -0.0327 0.9735
1305031455.8276 -0.6097 0.2695 -0.1897 -0.0130 -0.2245 -0.0324 0.9738
1305031455.8595 -0.6155 0.2663 -0.1981 -0.0131 -0.2236 -0.0319 0.9741
1305031455.8917 -0.6201 0.2589 -0.2093 -0.0151 -0.2216 -0.0310 0.9745
1305031455.9280 -0.6249 0.2563 -0.2158 -0.0154 -0.2197 -0.0311 0.9749
1305031455.9597 -0.6285 0.2550 -0.2221 -0.0148 -0.2183 -0.0326 0.9752
1305031455.9917 -0.6314 0.2486 -0.2271 -0.0180 -0.2162 -0.0333 0.9756
1305031456.0278 -0.6370 0.2438 -0.2366 -0.0231 -0.2117 -0.0366 0.9764
1305031456.0597 -0.6467 0.2320 -0.2389 -0.0321 -0.2085 -0.0471 0.9764
1305031456.0917 -0.6522 0.2270 -0.2399 -0.0351 -0.2066 -0.0498 0.9765
1305031456.1276 -0.6555 0.2235 -0.2430 -0.0359 -0.2049 -0.0501 0.9768
1305031456.1597 -0.6593 0.2191 -0.2398 -0.0368 -0.2027 -0.0506 0.9772
1305031456.1917 -0.6641 0.2055 -0.2432 -0.0352 -0.1977 -0.0480 0.9785
1305031456.2277 -0.6697 0.2039 -0.2479 -0.0343 -0.1892 -0.0442 0.9803
1305031456.2917 -0.6802 0.1851 -0.2400 -0.0380 -0.1709 -0.0357 0.9839
1305031456.3277 -0.6869 0.1727 -0.2357 -0.0389 -0.1617 -0.0269 0.9857
1305031456.3916 -0.6821 0.1490 -0.2234 -0.0436 -0.1473 -0.0144 0.9880
1305031456.4277 -0.6966 0.1513 -0.2232 -0.0378 -0.1365 -0.0045 0.9899
1305031456.4917 -0.7393 0.1633 -0.2200 -0.0399 -0.1263 0.0067 0.9912
1305031456.5276 -0.7605 0.1673 -0.2133 -0.0422 -0.1242 0.0103 0.9913
1305031456.5917 -0.7808 0.1730 -0.2030 -0.0420 -0.1205 0.0175 0.9917
1305031456.6276 -0.7917 0.1788 -0.1957 -0.0557 -0.1166 0.0217 0.9914
1305031456.6916 -0.8214 0.1647 -0.1762 -0.0680 -0.1081 0.0356 0.9912
1305031456.7277 -0.8401 0.1746 -0.1707 -0.0715 -0.1054 0.0477 0.9907
1305031456.7916 -0.8817 0.1567 -0.1578 -0.0780 -0.1104 0.0573 0.9892
1305031456.8276 -0.9022 0.1725 -0.1504 -0.0747 -0.1097 0.0648 0.9890
1305031456.8917 -0.9060 0.1662 -0.1219 -0.0887 -0.1161 0.0764 0.9863
1305031456.9277 -0.9228 0.1748 -0.1183 -0.0815 -0.1086 0.0827 0.9873
1305031456.9597 -0.9387 0.1820 -0.1183 -0.0831 -0.1014 0.0861 0.9876
1305031456.9917 -0.9577 0.1732 -0.1127 -0.0944 -0.0936 0.0876 0.9872
1305031457.0276 -0.9681 0.1713 -0.1104 -0.0969 -0.0901 0.0904 0.9871
1305031457.0917 -0.9896 0.1756 -0.1086 -0.1099 -0.0812 0.0977 0.9858
1305031457.1276 -1.0050 0.1655 -0.1089 -0.1143 -0.0724 0.1037 0.9854
1305031457.1917 -1.0303 0.1659 -0.1233 -0.1120 -0.0560 0.1142 0.9855
1305031457.2275 -1.0363 0.1626 -0.1253 -0.1149 -0.0528 0.1173 0.9850
1305031457.2917 -1.0521 0.1441 -0.1451 -0.1122 -0.0382 0.1326 0.9841
1305031457.3275 -1.0629 0.1450 -0.1515 -0.1099 -0.0305 0.1343 0.9844
1305031457.3917 -1.0937 0.1229 -0.1767 -0.1094 -0.0010 0.1487 0.9828
1305031457.4276 -1.1076 0.1145 -0.1853 -0.1104 0.0063 0.1517 0.9822
1305031457.4917 -1.1317 0.0958 -0.2089 -0.1101 0.0140 0.1652 0.9800
1305031457.5276 -1.1404 0.0891 -0.2174 -0.1081 0.0177 0.1672 0.9798
1305031457.5597 -1.1502 0.0926 -0.2330 -0.0987 0.0223 0.1730 0.9797
1305031457.5917 -1.1605 0.0880 -0.2421 -0.0975 0.0263 0.1754 0.9793
1305031457.6275 -1.1740 0.0685 -0.2507 -0.1010 0.0303 0.1782 0.9783
1305031457.6596 -1.1910 0.0755 -0.2659 -0.0922 0.0341 0.1850 0.9778
1305031457.6916 -1.1987 0.0640 -0.2663 -0.0982 0.0347 0.1872 0.9768
1305031457.7277 -1.2153 0.0398 -0.2729 -0.1038 0.0380 0.1838 0.9767
1305031457.7596 -1.2236 0.0297 -0.2797 -0.1020 0.0401 0.1819 0.9772
1305031457.7916 -1.2212 0.0132 -0.2859 -0.0949 0.0419 0.1823 0.9778
1305031457.8277 -1.2341 0.0222 -0.3016 -0.0792 0.0500 0.1846 0.9783
1305031457.8596 -1.2401 0.0174 -0.3031 -0.0771 0.0550 0.1843 0.9783
1305031457.8916 -1.2558 -0.0065 -0.3040 -0.0717 0.0662 0.1824 0.9784
1305031457.9276 -1.2700 -0.0118 -0.3058 -0.0578 0.0727 0.1852 0.9783
1305031457.9916 -1.2935 -0.0287 -0.3101 -0.0453 0.0763 0.1906 0.9776
1305031458.0278 -1.3036 -0.0369 -0.3096 -0.0345 0.0816 0.1896 0.9779
1305031458.0597 -1.3113 -0.0314 -0.3132 -0.0259 0.0846 0.1933 0.9771
1305031458.0917 -1.3143 -0.0351 -0.3129 -0.0269 0.0855 0.1938 0.9769
1305031458.1276 -1.3222 -0.0419 -0.3071 -0.0282 0.0877 0.1953 0.9764
1305031458.1596 -1.3338 -0.0597 -0.3060 -0.0309 0.0902 0.1968 0.9758
1305031458.1916 -1.3579 -0.0471 -0.2824 -0.0248 0.0928 0.2018 0.9747
1305031458.2276 -1.3729 -0.0525 -0.2562 -0.0289 0.0918 0.2020 0.9746
1305031458.2599 -1.3913 -0.0780 -0.2251 -0.0328 0.0934 0.2000 0.9748
1305031458.2917 -1.4102 -0.0641 -0.2007 -0.0190 0.0916 0.1985 0.9756
1305031458.3276 -1.4276 -0.0662 -0.1767 -0.0158 0.0869 0.1986 0.9761
1305031458.3596 -1.4354 -0.0745 -0.1442 -0.0071 0.0846 0.2017 0.9758
1305031458.3916 -1.4433 -0.0611 -0.1149 0.0104 0.0816 0.2068 0.9749
1305031458.4276 -1.4483 -0.0554 -0.0908 0.0203 0.0807 0.2169 0.9726
1305031458.4596 -1.4390 -0.0653 -0.0806 0.0284 0.0810 0.2269 0.9701
1305031458.4917 -1.4460 -0.0750 -0.0754 0.0448 0.0920 0.2272 0.9684
1305031458.5277 -1.4479 -0.0777 -0.0637 0.0589 0.0992 0.2259 0.9673
1305031458.5596 -1.4589 -0.0780 -0.0541 0.0634 0.1074 0.2242 0.9665
1305031458.5916 -1.4694 -0.0840 -0.0390 0.0695 0.1137 0.2164 0.9672
1305031458.6277 -1.4860 -0.0736 -0.0208 0.0740 0.1167 0.2110 0.9677
1305031458.6596 -1.4952 -0.0718 0.0079 0.0716 0.1125 0.2140 0.9677
1305031458.6917 -1.5078 -0.0771 0.0280 0.0668 0.1005 0.2047 0.9714
1305031458.7276 -1.5041 -0.0782 0.0613 0.0686 0.0863 0.1987 0.9738
1305031458.7599 -1.5122 -0.0782 0.0766 0.0745 0.0731 0.1906 0.9761
1305031458.7916 -1.5101 -0.0628 0.0989 0.0810 0.0566 0.1827 0.9782
1305031458.8276 -1.5036 -0.0704 0.1328 0.0743 0.0476 0.1831 0.9791
1305031458.8917 -1.5016 -0.0749 0.1545 0.0819 0.0448 0.1695 0.9811
1305031458.9276 -1.5061 -0.0709 0.1525 0.0813 0.0484 0.1729 0.9804
1305031458.9596 -1.5071 -0.0735 0.1651 0.0747 0.0505 0.1845 0.9787
1305031458.9916 -1.4988 -0.0916 0.1698 0.0721 0.0499 0.1885 0.9782
1305031459.0277 -1.5222 -0.0943 0.1834 0.0860 0.0511 0.1884 0.9770
1305031459.0596 -1.5501 -0.1114 0.1996 0.0926 0.0503 0.2006 0.9740
1305031459.1276 -1.5531 -0.0648 0.2732 0.1117 0.0610 0.1980 0.9719
1305031459.1596 -1.5650 -0.0698 0.2825 0.1203 0.0362 0.1986 0.9720
1305031459.1917 -1.5770 -0.0700 0.2974 0.1284 0.0187 0.2021 0.9707
1305031459.2276 -1.5781 -0.0706 0.3129 0.1320 0.0028 0.2112 0.9685
1305031459.2598 -1.5806 -0.0678 0.3281 0.1329 0.0002 0.2169 0.9671
1305031459.3276 -1.5742 -0.0575 0.3704 0.1279 0.0220 0.2443 0.9610
1305031459.3597 -1.5786 -0.0486 0.3875 0.1313 0.0427 0.2679 0.9535
1305031459.3917 -1.6017 -0.0362 0.3864 0.1255 0.0705 0.2893 0.9463
1305031459.4276 -1.5954 -0.0246 0.4070 0.1120 0.0972 0.3219 0.9351
1305031459.4597 -1.6000 -0.0175 0.4150 0.1080 0.1276 0.3585 0.9184
1305031459.5276 -1.5795 0.1470 0.5987 0.1664 0.1251 0.3578 0.9103
1305031459.5596 -1.5777 0.1436 0.6060 0.1587 0.1332 0.3839 0.8998
1305031459.5917 -1.5903 0.1443 0.6136 0.1556 0.1372 0.4017 0.8920
1305031459.6276 -1.5882 0.1463 0.6242 0.1527 0.1324 0.4130 0.8880
1305031459.6596 -1.5927 0.1472 0.6276 0.1531 0.1351 0.4130 0.8875
1305031459.6916 -1.6074 0.1414 0.6297 0.1478 0.1460 0.4192 0.8838
1305031459.7276 -1.6146 0.1266 0.6262 0.1405 0.1517 0.4219 0.8827
1305031459.7917 -1.6418 0.1026 0.6277 0.1404 0.1602 0.4175 0.8834
1305031459.8277 -1.6570 0.0897 0.6309 0.1400 0.1628 0.4167 0.8833
1305031459.8597 -1.6809 0.0687 0.6311 0.1344 0.1670 0.4153 0.8841
1305031459.8916 -1.6872 0.0499 0.6339 0.1288 0.1623 0.4166 0.8852
1305031459.9276 -1.7006 0.0308 0.6357 0.1272 0.1629 0.4192 0.8841
1305031459.9917 -1.7094 0.0071 0.6401 0.1230 0.1540 0.4293 0.8814
1305031460.0276 -1.7187 -0.0075 0.6448 0.1217 0.1562 0.4305 0.8806
1305031460.0597 -1.7306 -0.0297 0.6429 0.1192 0.1582 0.4338 0.8789
1305031460.0917 -1.7437 -0.0569 0.6399 0.1162 0.1560 0.4402 0.8766
1305031460.1277 -1.7467 -0.0684 0.6440 0.1215 0.1457 0.4461 0.8747
1305031460.1597 -1.7551 -0.0798 0.6488 0.1268 0.1389 0.4496 0.8732
1305031460.1916 -1.7585 -0.0873 0.6605 0.1282 0.1323 0.4532 0.8721
1305031460.2278 -1.7577 -0.0896 0.6701 0.1303 0.1324 0.4546 0.8711
1305031460.2917 -1.7602 -0.1137 0.6740 0.1312 0.1488 0.4545 0.8684
1305031460.3275 -1.7614 -0.1165 0.6798 0.1343 0.1537 0.4552 0.8667
1305031460.3916 -1.7638 -0.1278 0.6892 0.1304 0.1711 0.4613 0.8608
1305031460.4275 -1.7585 -0.1336 0.6997 0.1294 0.1773 0.4659 0.8572
1305031460.4596 -1.7611 -0.1366 0.7100 0.1281 0.1905 0.4678 0.8535
1305031460.4915 -1.7651 -0.1380 0.7127 0.1229 0.2031 0.4729 0.8485
1305031460.5276 -1.7653 -0.1531 0.7095 0.1123 0.2134 0.4831 0.8417
1305031460.5596 -1.7645 -0.1618 0.7151 0.1061 0.2227 0.4865 0.8382
1305031460.5919 -1.7670 -0.1712 0.7161 0.1020 0.2293 0.4882 0.8359
1305031460.6276 -1.7641 -0.1724 0.7200 0.1018 0.2324 0.4888 0.8347
1305031460.6598 -1.7657 -0.1766 0.7235 0.1009 0.2369 0.4892 0.8333
1305031460.6917 -1.7667 -0.1815 0.7237 0.0993 0.2380 0.4907 0.8323
1305031460.7277 -1.7675 -0.1880 0.7258 0.0963 0.2391 0.4908 0.8323
1305031460.7597 -1.7674 -0.1922 0.7280 0.0954 0.2415 0.4897 0.8323
1305031460.7917 -1.7709 -0.1985 0.7304 0.0941 0.2442 0.4894 0.8319
1305031460.8277 -1.7708 -0.2036 0.7339 0.0918 0.2446 0.4888 0.8324
1305031460.8597 -1.7706 -0.2111 0.7361 0.0875 0.2469 0.4877 0.8328
1305031460.8918 -1.7706 -0.2153 0.7399 0.0848 0.2493 0.4864 0.8331
1305031460.9276 -1.7719 -0.2275 0.7427 0.0798 0.2514 0.4861 0.8331
1305031460.9917 -1.7596 -0.2454 0.7440 0.0766 0.2508 0.4909 0.8308
1305031461.0276 -1.7576 -0.2603 0.7491 0.0750 0.2538 0.4925 0.8291
1305031461.0917 -1.7561 -0.2716 0.7603 0.0795 0.2497 0.4922 0.8301
1305031461.1276 -1.7541 -0.2767 0.7673 0.0795 0.2509 0.4901 0.8310
1305031461.1597 -1.7425 -0.2903 0.7681 0.0781 0.2500 0.4896 0.8317
1305031461.1920 -1.7403 -0.2939 0.7696 0.0801 0.2504 0.4852 0.8340
1305031461.2276 -1.7356 -0.2962 0.7713 0.0806 0.2492 0.4848 0.8345
1305031461.2596 -1.7351 -0.3025 0.7741 0.0817 0.2505 0.4818 0.8357
1305031461.2917 -1.7343 -0.3114 0.7781 0.0812 0.2535 0.4764 0.8379
1305031461.3278 -1.7293 -0.3088 0.7800 0.0832 0.2533 0.4737 0.8394
1305031461.3597 -1.7324 -0.3074 0.7882 0.0829 0.2569 0.4710 0.8398
1305031461.3917 -1.7260 -0.3177 0.7902 0.0755 0.2568 0.4711 0.8405
1305031461.4276 -1.7230 -0.3193 0.7922 0.0757 0.2570 0.4702 0.8409
1305031461.4598 -1.7257 -0.3182 0.7968 0.0749 0.2587 0.4695 0.8409
1305031461.4917 -1.7190 -0.3201 0.7987 0.0739 0.2578 0.4705 0.8406
1305031461.5277 -1.7145 -0.3250 0.7945 0.0744 0.2586 0.4689 0.8413
1305031461.5597 -1.7089 -0.3171 0.7959 0.0760 0.2582 0.4666 0.8425
1305031461.5917 -1.6988 -0.3053 0.7895 0.0765 0.2593 0.4660 0.8425
1305031461.6275 -1.6969 -0.2967 0.7897 0.0754 0.2641 0.4647 0.8418
1305031461.6596 -1.6922 -0.2919 0.7883 0.0733 0.2666 0.4648 0.8412
1305031461.6916 -1.6939 -0.2886 0.7932 0.0720 0.2707 0.4684 0.8379
1305031461.7276 -1.6852 -0.2830 0.7861 0.0688 0.2673 0.4733 0.8366
1305031461.7597 -1.6864 -0.2756 0.7910 0.0689 0.2719 0.4729 0.8353
1305031461.7916 -1.6797 -0.2595 0.7840 0.0672 0.2705 0.4775 0.8332
1305031461.8276 -1.6771 -0.2531 0.7813 0.0635 0.2766 0.4814 0.8293
1305031461.8598 -1.6778 -0.2403 0.7782 0.0618 0.2801 0.4887 0.8240
1305031461.8917 -1.6822 -0.2192 0.7800 0.0621 0.2796 0.5024 0.8158
1305031461.9278 -1.6727 -0.2065 0.7837 0.0535 0.2726 0.5118 0.8129
1305031461.9597 -1.6684 -0.1886 0.7753 0.0494 0.2743 0.5122 0.8124
1305031461.9916 -1.6738 -0.1630 0.7657 0.0453 0.2725 0.5227 0.8065
1305031462.0277 -1.6720 -0.1630 0.7755 0.0302 0.2715 0.5312 0.8020
1305031462.0598 -1.6719 -0.1535 0.7784 0.0257 0.2629 0.5420 0.7978
1305031462.0918 -1.6703 -0.1492 0.7817 0.0190 0.2560 0.5526 0.7929
1305031462.1277 -1.6722 -0.1327 0.7831 0.0198 0.2486 0.5621 0.7886
1305031462.1596 -1.6769 -0.1183 0.7857 0.0206 0.2440 0.5671 0.7864
1305031462.1916 -1.6862 -0.1154 0.7910 0.0178 0.2483 0.5624 0.7885
1305031462.2276 -1.6910 -0.1140 0.7948 0.0102 0.2490 0.5640 0.7873
1305031462.2598 -1.6963 -0.1094 0.7988 0.0035 0.2485 0.5598 0.7905
1305031462.2916 -1.7007 -0.1064 0.8010 -0.0042 0.2457 0.5555 0.7944
1305031462.3275 -1.7024 -0.1138 0.8064 -0.0183 0.2466 0.5504 0.7975
1305031462.3597 -1.7134 -0.0947 0.8074 -0.0179 0.2431 0.5446 0.8025
1305031462.3917 -1.7176 -0.0830 0.8168 -0.0236 0.2360 0.5425 0.8059
1305031462.4276 -1.7379 -0.0852 0.8293 -0.0309 0.2410 0.5358 0.8086
1305031462.4599 -1.7802 -0.0659 0.8664 -0.0183 0.2521 0.5276 0.8110
1305031462.4920 -1.7829 -0.0796 0.8816 -0.0364 0.2517 0.5234 0.8132
1305031462.5277 -1.8027 -0.0846 0.9112 -0.0371 0.2615 0.5141 0.8161
1305031462.5599 -1.8076 -0.0741 0.9009 -0.0416 0.2505 0.4997 0.8281
1305031462.5919 -1.8191 -0.0700 0.9046 -0.0403 0.2524 0.4917 0.8324
1305031462.6279 -1.8256 -0.0718 0.9105 -0.0467 0.2553 0.4800 0.8380
1305031462.6597 -1.8289 -0.0686 0.9069 -0.0463 0.2535 0.4742 0.8419
1305031462.6925 -1.8443 -0.0602 0.9039 -0.0417 0.2576 0.4598 0.8488
1305031462.7277 -1.8493 -0.0558 0.9063 -0.0422 0.2539 0.4485 0.8559
1305031462.7598 -1.8519 -0.0576 0.9030 -0.0480 0.2493 0.4368 0.8630
1305031462.7919 -1.8530 -0.0589 0.9025 -0.0529 0.2468 0.4298 0.8669
1305031462.8278 -1.8499 -0.0466 0.9039 -0.0552 0.2366 0.4242 0.8723
1305031462.8598 -1.8465 -0.0525 0.9038 -0.0662 0.2357 0.4157 0.8759
1305031462.8918 -1.8393 -0.0590 0.8901 -0.0772 0.2341 0.4139 0.8763
1305031462.9276 -1.8345 -0.0499 0.8863 -0.0761 0.2309 0.4116 0.8784
1305031462.9597 -1.8293 -0.0461 0.8794 -0.0788 0.2274 0.4069 0.8812
1305031462.9955 -1.8265 -0.0367 0.8729 -0.0747 0.2244 0.4043 0.8835
1305031463.0277 -1.8264 -0.0327 0.8576 -0.0709 0.2236 0.3987 0.8866
1305031463.0598 -1.8244 -0.0329 0.8472 -0.0711 0.2201 0.3938 0.8896
1305031463.0958 -1.8242 -0.0199 0.8393 -0.0674 0.2181 0.3800 0.8964
1305031463.1275 -1.8221 -0.0113 0.8311 -0.0637 0.2175 0.3751 0.8988
1305031463.1598 -1.8216 -0.0068 0.8104 -0.0601 0.2173 0.3627 0.9042
1305031463.1957 -1.8178 -0.0052 0.8010 -0.0624 0.2164 0.3564 0.9068
1305031463.2278 -1.8096 0.0130 0.7964 -0.0578 0.2132 0.3513 0.9098
1305031463.2600 -1.8059 0.0308 0.7885 -0.0482 0.2127 0.3465 0.9123
1305031463.2957 -1.8022 0.0308 0.7751 -0.0495 0.2128 0.3419 0.9140
1305031463.3277 -1.7934 0.0474 0.7716 -0.0449 0.2081 0.3371 0.9171
1305031463.3598 -1.7915 0.0574 0.7600 -0.0377 0.2068 0.3325 0.9194
1305031463.3956 -1.7868 0.0646 0.7490 -0.0345 0.2046 0.3273 0.9219
1305031463.4277 -1.7798 0.0818 0.7466 -0.0292 0.2032 0.3219 0.9242
1305031463.4598 -1.7645 0.0918 0.7349 -0.0289 0.1999 0.3196 0.9258
1305031463.4956 -1.7570 0.1018 0.7292 -0.0295 0.2059 0.3174 0.9252
1305031463.5277 -1.7384 0.1137 0.7233 -0.0288 0.2062 0.3176 0.9251
1305031463.5598 -1.7220 0.1235 0.7079 -0.0267 0.2032 0.3194 0.9252
1305031463.5956 -1.7078 0.1375 0.7031 -0.0240 0.2002 0.3202 0.9257
1305031463.6276 -1.6814 0.1402 0.6879 -0.0257 0.1936 0.3163 0.9284
1305031463.6598 -1.6766 0.1502 0.6730 -0.0146 0.1981 0.3104 0.9296
1305031463.6956 -1.6640 0.1677 0.6572 -0.0071 0.1945 0.3069 0.9316
1305031463.7276 -1.6383 0.1588 0.6400 -0.0142 0.1915 0.3048 0.9328
1305031463.7597 -1.6180 0.1581 0.6241 -0.0102 0.1938 0.2957 0.9354
1305031463.7956 -1.6034 0.1603 0.6025 -0.0059 0.1956 0.2836 0.9388
1305031463.8278 -1.5820 0.1567 0.5809 -0.0092 0.1927 0.2701 0.9433
1305031463.8599 -1.5668 0.1525 0.5701 -0.0073 0.1962 0.2657 0.9438
1305031463.8956 -1.5476 0.1471 0.5448 -0.0073 0.1938 0.2549 0.9473
1305031463.9277 -1.5439 0.1392 0.5324 -0.0091 0.1956 0.2489 0.9485
1305031463.9597 -1.5211 0.1412 0.5120 -0.0048 0.1881 0.2413 0.9520
1305031463.9958 -1.5151 0.1312 0.4958 -0.0022 0.1882 0.2335 0.9540
1305031464.0277 -1.5081 0.1293 0.4828 -0.0015 0.1865 0.2258 0.9562
1305031464.0597 -1.4840 0.1251 0.4616 -0.0002 0.1822 0.2151 0.9594
1305031464.0956 -1.4852 0.1160 0.4477 0.0033 0.1877 0.2058 0.9604
1305031464.1277 -1.4858 0.1130 0.4377 0.0057 0.1890 0.1989 0.9616
1305031464.1598 -1.4765 0.1037 0.4259 0.0102 0.1851 0.1986 0.9624
1305031464.1956 -1.4744 0.0936 0.4131 0.0196 0.1821 0.1927 0.9640
1305031464.2276 -1.4697 0.0968 0.4015 0.0322 0.1719 0.1871 0.9666
1305031464.2596 -1.4812 0.1122 0.4048 0.0451 0.1628 0.1855 0.9680
1305031464.2957 -1.4741 0.1160 0.4035 0.0498 0.1467 0.1797 0.9714
1305031464.3279 -1.4531 0.1119 0.3890 0.0488 0.1301 0.1725 0.9752
1305031464.3597 -1.4483 0.1093 0.3811 0.0530 0.1248 0.1653 0.9769
1305031464.3956 -1.4425 0.1058 0.3732 0.0566 0.1230 0.1555 0.9785
1305031464.4276 -1.4309 0.1064 0.3625 0.0575 0.1220 0.1485 0.9797
1305031464.4597 -1.4279 0.0987 0.3481 0.0582 0.1223 0.1391 0.9810
1305031464.4956 -1.4122 0.0966 0.3356 0.0586 0.1194 0.1340 0.9820
1305031464.5276 -1.4137 0.0999 0.3194 0.0607 0.1220 0.1260 0.9826
1305031464.5597 -1.3962 0.0962 0.3092 0.0585 0.1194 0.1174 0.9842
1305031464.5957 -1.3837 0.0956 0.2946 0.0632 0.1251 0.1004 0.9850
1305031464.6277 -1.3679 0.0958 0.2829 0.0752 0.1364 0.0934 0.9834
1305031464.6597 -1.3579 0.0903 0.2701 0.0848 0.1498 0.0826 0.9816
1305031464.6957 -1.3401 0.0899 0.2620 0.1003 0.1593 0.0662 0.9799
1305031464.7277 -1.3411 0.0942 0.2643 0.1197 0.1675 0.0486 0.9774
1305031464.7597 -1.3491 0.1020 0.2586 0.1340 0.1703 0.0327 0.9757
1305031464.7960 -1.3558 0.0978 0.2646 0.1413 0.1711 0.0129 0.9750
1305031464.8278 -1.3593 0.0982 0.2680 0.1531 0.1609 -0.0028 0.9750
1305031464.8597 -1.3656 0.1154 0.3002 0.1641 0.1515 -0.0232 0.9745
1305031464.8958 -1.3487 0.1186 0.3218 0.1646 0.1366 -0.0402 0.9760
1305031464.9278 -1.3186 0.0990 0.3218 0.1591 0.1228 -0.0592 0.9778
1305031464.9598 -1.3141 0.0841 0.3207 0.1596 0.1205 -0.0783 0.9767
1305031464.9957 -1.3133 0.0954 0.3370 0.1682 0.1238 -0.0970 0.9731
1305031465.0278 -1.3105 0.0929 0.3479 0.1705 0.1266 -0.1156 0.9703
1305031465.0597 -1.3147 0.1052 0.3704 0.1776 0.1262 -0.1364 0.9664
1305031465.0957 -1.3010 0.1308 0.4093 0.1768 0.1183 -0.1535 0.9650
1305031465.1277 -1.2746 0.1309 0.4376 0.1599 0.1059 -0.1660 0.9673
1305031465.1598 -1.2590 0.1228 0.4609 0.1410 0.0951 -0.1729 0.9702
1305031465.1956 -1.2344 0.1080 0.4800 0.1244 0.0831 -0.1812 0.9720
1305031465.2279 -1.2200 0.1051 0.5025 0.1102 0.0772 -0.1867 0.9732
1305031465.2598 -1.2082 0.1015 0.5318 0.0974 0.0706 -0.1871 0.9749
1305031465.2956 -1.1939 0.1074 0.5558 0.0950 0.0631 -0.1778 0.9774
1305031465.3277 -1.1866 0.1160 0.5626 0.0862 0.0521 -0.1698 0.9803
1305031465.3599 -1.1767 0.1098 0.5790 0.0787 0.0366 -0.1591 0.9834
1305031465.3956 -1.1563 0.1102 0.5981 0.0787 0.0197 -0.1503 0.9853
1305031465.4277 -1.1267 0.1156 0.5995 0.0817 0.0045 -0.1424 0.9864
1305031465.4601 -1.1112 0.1220 0.6023 0.0842 -0.0045 -0.1345 0.9873
1305031465.4957 -1.0909 0.1311 0.6059 0.0824 -0.0135 -0.1245 0.9887
1305031465.5276 -1.0809 0.1307 0.6078 0.0813 -0.0184 -0.1232 0.9889
1305031465.5598 -1.0640 0.1355 0.6065 0.0852 -0.0257 -0.1198 0.9888
1305031465.5956 -1.0459 0.1430 0.6060 0.0888 -0.0307 -0.1137 0.9891
1305031465.6277 -1.0383 0.1492 0.6033 0.0912 -0.0325 -0.1085 0.9894
1305031465.6601 -1.0271 0.1535 0.6012 0.0932 -0.0384 -0.1034 0.9895
1305031465.6957 -1.0078 0.1599 0.6040 0.0966 -0.0455 -0.0994 0.9893
1305031465.7277 -0.9940 0.1694 0.6043 0.1020 -0.0489 -0.0915 0.9894
1305031465.7598 -0.9770 0.1821 0.6054 0.1079 -0.0534 -0.0850 0.9891
1305031465.7959 -0.9617 0.1896 0.6018 0.1112 -0.0557 -0.0817 0.9889
1305031465.8280 -0.9467 0.1916 0.5995 0.1146 -0.0587 -0.0765 0.9887
1305031465.8599 -0.9267 0.2186 0.5988 0.1286 -0.0607 -0.0741 0.9871
1305031465.8955 -0.9061 0.2338 0.5940 0.1325 -0.0544 -0.0720 0.9871
1305031465.9275 -0.8857 0.2313 0.5901 0.1335 -0.0473 -0.0694 0.9875
1305031465.9597 -0.8613 0.2490 0.5877 0.1450 -0.0412 -0.0696 0.9861
1305031465.9958 -0.8368 0.2533 0.5850 0.1479 -0.0381 -0.0690 0.9859
1305031466.0276 -0.8206 0.2629 0.5769 0.1507 -0.0374 -0.0692 0.9855
1305031466.0598 -0.7962 0.2843 0.5860 0.1520 -0.0377 -0.0671 0.9854
1305031466.0958 -0.7829 0.3031 0.5816 0.1486 -0.0381 -0.0665 0.9859
1305031466.1276 -0.7706 0.3151 0.5814 0.1420 -0.0414 -0.0661 0.9868
1305031466.1604 -0.7632 0.3301 0.5777 0.1378 -0.0432 -0.0643 0.9874
1305031466.1958 -0.7491 0.3456 0.5792 0.1310 -0.0501 -0.0612 0.9882
1305031466.2280 -0.7336 0.3475 0.5848 0.1169 -0.0574 -0.0647 0.9894
1305031466.2598 -0.7140 0.3491 0.5808 0.1154 -0.0605 -0.0714 0.9889
1305031466.2957 -0.6900 0.3519 0.5681 0.1160 -0.0586 -0.0800 0.9883
1305031466.3277 -0.6721 0.3611 0.5600 0.1177 -0.0493 -0.0875 0.9880
1305031466.3598 -0.6622 0.3631 0.5506 0.1115 -0.0388 -0.0936 0.9886
1305031466.3958 -0.6430 0.3564 0.5438 0.1097 -0.0393 -0.0961 0.9885
1305031466.4278 -0.6390 0.3631 0.5326 0.1137 -0.0390 -0.0994 0.9878
1305031466.4598 -0.6269 0.3745 0.5215 0.1149 -0.0415 -0.1032 0.9871
1305031466.4958 -0.6098 0.3779 0.5142 0.1110 -0.0450 -0.1021 0.9875
1305031466.5275 -0.5851 0.3733 0.4995 0.1081 -0.0450 -0.1026 0.9878
1305031466.5604 -0.5729 0.3861 0.4888 0.1100 -0.0390 -0.1051 0.9876
1305031466.5959 -0.5504 0.3919 0.4910 0.1005 -0.0397 -0.1076 0.9883
1305031466.6275 -0.5258 0.3741 0.4885 0.0921 -0.0395 -0.1106 0.9888
1305031466.6597 -0.5034 0.3731 0.4825 0.0961 -0.0386 -0.1158 0.9879
1305031466.6958 -0.4838 0.3829 0.4687 0.0972 -0.0396 -0.1224 0.9869
1305031466.7281 -0.4730 0.3771 0.4615 0.0897 -0.0383 -0.1327 0.9863
1305031466.7596 -0.4434 0.3650 0.4624 0.0891 -0.0427 -0.1376 0.9855
1305031466.7956 -0.4306 0.3688 0.4540 0.0929 -0.0447 -0.1413 0.9846
1305031466.8279 -0.4181 0.3777 0.4492 0.0926 -0.0466 -0.1439 0.9841
1305031466.8597 -0.4122 0.3757 0.4463 0.0912 -0.0491 -0.1433 0.9842
1305031466.8957 -0.3961 0.3774 0.4425 0.0936 -0.0603 -0.1430 0.9834
1305031466.9278 -0.3830 0.3755 0.4433 0.0923 -0.0726 -0.1478 0.9820
1305031466.9597 -0.3691 0.3739 0.4387 0.0922 -0.0801 -0.1499 0.9811
1305031466.9957 -0.3611 0.3743 0.4361 0.0925 -0.0820 -0.1509 0.9808
1305031467.0278 -0.3494 0.3734 0.4339 0.0928 -0.0846 -0.1543 0.9800
1305031467.0597 -0.3357 0.3703 0.4320 0.0920 -0.0873 -0.1567 0.9795
1305031467.0957 -0.3270 0.3752 0.4249 0.0919 -0.0867 -0.1599 0.9790
1305031467.1290 -0.3196 0.3768 0.4322 0.0930 -0.0884 -0.1664 0.9777
1305031467.1597 -0.3094 0.3750 0.4314 0.0938 -0.0908 -0.1707 0.9766
1305031467.1957 -0.3054 0.3760 0.4290 0.0943 -0.0921 -0.1740 0.9759
1305031467.2277 -0.2987 0.3748 0.4242 0.0941 -0.0947 -0.1782 0.9749
1305031467.2597 -0.2942 0.3773 0.4286 0.0957 -0.0972 -0.1818 0.9738
1305031467.2958 -0.2915 0.3775 0.4287 0.0962 -0.0986 -0.1862 0.9728
1305031467.3280 -0.2822 0.3780 0.4236 0.0968 -0.1017 -0.1889 0.9719
1305031467.3597 -0.2703 0.3869 0.4154 0.0970 -0.1050 -0.1914 0.9711
1305031467.3958 -0.2546 0.3969 0.4159 0.0959 -0.1111 -0.1951 0.9697
1305031467.4278 -0.2485 0.3950 0.4113 0.0946 -0.1135 -0.1974 0.9691
1305031467.4597 -0.2390 0.3938 0.4028 0.0935 -0.1173 -0.1987 0.9685
1305031467.4961 -0.2311 0.4129 0.4065 0.0958 -0.1209 -0.2021 0.9671
1305031467.5277 -0.2205 0.4099 0.4073 0.0914 -0.1222 -0.2084 0.9661
1305031467.5598 -0.2090 0.4040 0.4083 0.0904 -0.1242 -0.2090 0.9658
1305031467.5960 -0.2038 0.4051 0.4060 0.0909 -0.1245 -0.2077 0.9660
1305031467.6275 -0.2017 0.4003 0.4130 0.0909 -0.1269 -0.2068 0.9658
1305031467.6596 -0.1988 0.3870 0.4059 0.0922 -0.1294 -0.2055 0.9657
1305031467.6959 -0.1971 0.3825 0.4054 0.0930 -0.1298 -0.2071 0.9652
1305031467.7275 -0.1896 0.3751 0.4172 0.0959 -0.1330 -0.2110 0.9636
1305031467.7599 -0.1880 0.3668 0.4163 0.0984 -0.1334 -0.2126 0.9630
1305031467.7961 -0.1919 0.3594 0.4201 0.1002 -0.1330 -0.2160 0.9621
1305031467.8278 -0.1951 0.3417 0.4302 0.1009 -0.1338 -0.2164 0.9618
1305031467.8597 -0.1913 0.3317 0.4357 0.1073 -0.1378 -0.2137 0.9612
1305031467.8959 -0.1850 0.3241 0.4421 0.1094 -0.1430 -0.2126 0.9604
1305031467.9278 -0.1841 0.3125 0.4640 0.1108 -0.1489 -0.2158 0.9586
1305031467.9598 -0.1784 0.2979 0.4667 0.1152 -0.1527 -0.2169 0.9573
1305031467.9958 -0.1698 0.2972 0.4744 0.1177 -0.1549 -0.2168 0.9566
1305031468.0281 -0.1689 0.2848 0.4932 0.1164 -0.1552 -0.2187 0.9563
1305031468.0598 -0.1740 0.2656 0.5060 0.1184 -0.1565 -0.2221 0.9551
1305031468.0959 -0.1705 0.2634 0.5149 0.1202 -0.1586 -0.2228 0.9543
1305031468.1278 -0.1673 0.2506 0.5275 0.1185 -0.1605 -0.2234 0.9541
1305031468.1599 -0.1657 0.2442 0.5405 0.1200 -0.1617 -0.2252 0.9533
1305031468.1960 -0.1571 0.2342 0.5534 0.1198 -0.1631 -0.2277 0.9525
1305031468.2282 -0.1523 0.2250 0.5673 0.1199 -0.1629 -0.2275 0.9525
1305031468.2598 -0.1397 0.2094 0.5924 0.1203 -0.1649 -0.2259 0.9525
1305031468.2958 -0.1338 0.2008 0.6047 0.1215 -0.1636 -0.2264 0.9525
1305031468.3278 -0.1309 0.1709 0.6177 0.1201 -0.1625 -0.2254 0.9531
1305031468.3598 -0.1199 0.1482 0.6296 0.1196 -0.1633 -0.2224 0.9537
1305031468.3959 -0.1147 0.1407 0.6365 0.1189 -0.1634 -0.2212 0.9541
1305031468.4280 -0.1132 0.1261 0.6562 0.1178 -0.1635 -0.2205 0.9543
1305031468.4598 -0.1129 0.1014 0.6546 0.1142 -0.1626 -0.2172 0.9557
1305031468.4958 -0.1114 0.0965 0.6694 0.1147 -0.1624 -0.2169 0.9557
1305031468.5278 -0.1129 0.0736 0.6916 0.1144 -0.1615 -0.2200 0.9552
1305031468.5597 -0.1259 0.0546 0.6831 0.1191 -0.1577 -0.2322 0.9524
1305031468.5958 -0.1313 0.0555 0.6816 0.1230 -0.1563 -0.2370 0.9509
1305031468.6276 -0.1327 0.0428 0.6862 0.1182 -0.1574 -0.2370 0.9514
1305031468.6596 -0.1466 0.0133 0.6853 0.1151 -0.1585 -0.2412 0.9505
1305031468.6958 -0.1581 -0.0073 0.6892 0.1171 -0.1625 -0.2440 0.9489
1305031468.7278 -0.1679 -0.0184 0.6881 0.1217 -0.1652 -0.2477 0.9469
1305031468.7596 -0.1726 -0.0308 0.6935 0.1216 -0.1688 -0.2476 0.9463
1305031468.7958 -0.1817 -0.0517 0.6924 0.1251 -0.1704 -0.2518 0.9444
1305031468.8292 -0.1954 -0.0636 0.6808 0.1323 -0.1682 -0.2603 0.9415
1305031468.8597 -0.1920 -0.0655 0.6864 0.1347 -0.1694 -0.2627 0.9403
1305031468.8959 -0.1853 -0.0765 0.7002 0.1341 -0.1677 -0.2645 0.9402
1305031468.9281 -0.1835 -0.0866 0.6974 0.1312 -0.1628 -0.2622 0.9421
1305031468.9596 -0.2020 -0.0864 0.6954 0.1272 -0.1522 -0.2591 0.9453
1305031468.9957 -0.2029 -0.0812 0.6959 0.1145 -0.1470 -0.2634 0.9465
1305031469.0277 -0.2103 -0.0871 0.7044 0.0963 -0.1420 -0.2671 0.9483
1305031469.0598 -0.2227 -0.0962 0.7123 0.0822 -0.1376 -0.2739 0.9483
1305031469.0957 -0.2194 -0.1066 0.7192 0.0700 -0.1376 -0.2830 0.9466
1305031469.1277 -0.2124 -0.1164 0.7361 0.0570 -0.1336 -0.2896 0.9461
1305031469.1597 -0.2032 -0.1246 0.7538 0.0475 -0.1283 -0.2978 0.9448
1305031469.1955 -0.2122 -0.1346 0.7549 0.0389 -0.1166 -0.2958 0.9473
1305031469.2278 -0.2194 -0.1448 0.7641 0.0331 -0.1114 -0.2980 0.9475
1305031469.2596 -0.2119 -0.1478 0.7853 0.0293 -0.1113 -0.3046 0.9455
1305031469.2968 -0.2104 -0.1577 0.7912 0.0237 -0.1093 -0.3066 0.9452
1305031469.3276 -0.2096 -0.1627 0.8044 0.0187 -0.1084 -0.3069 0.9454
1305031469.3596 -0.2016 -0.1690 0.8245 0.0116 -0.1073 -0.3103 0.9445
1305031469.3957 -0.2014 -0.1821 0.8384 0.0082 -0.0966 -0.3148 0.9442
1305031469.4277 -0.2027 -0.1896 0.8501 0.0067 -0.0850 -0.3202 0.9435
1305031469.4597 -0.2057 -0.1919 0.8678 0.0049 -0.0757 -0.3273 0.9419
1305031469.4957 -0.2083 -0.1875 0.8793 0.0051 -0.0722 -0.3284 0.9418
1305031469.5276 -0.2045 -0.1851 0.8920 0.0022 -0.0746 -0.3276 0.9419
1305031469.5596 -0.2044 -0.1829 0.9024 -0.0043 -0.0744 -0.3253 0.9427
1305031469.5958 -0.2057 -0.1653 0.9196 -0.0082 -0.0717 -0.3227 0.9437
1305031469.6278 -0.1965 -0.1677 0.9342 -0.0189 -0.0755 -0.3225 0.9434
1305031469.6596 -0.2097 -0.1456 0.9545 -0.0206 -0.0651 -0.3218 0.9444
1305031469.6956 -0.2082 -0.1370 0.9677 -0.0240 -0.0628 -0.3203 0.9449
1305031469.7277 -0.2074 -0.1246 0.9800 -0.0274 -0.0572 -0.3169 0.9463
1305031469.7596 -0.2206 -0.1025 1.0020 -0.0305 -0.0472 -0.3124 0.9483
1305031469.7956 -0.2340 -0.0866 1.0171 -0.0359 -0.0400 -0.3087 0.9497
1305031469.8275 -0.2340 -0.0667 1.0261 -0.0369 -0.0434 -0.3070 0.9500
1305031469.8596 -0.2523 -0.0514 1.0484 -0.0444 -0.0376 -0.3048 0.9506
1305031469.8958 -0.2535 -0.0369 1.0574 -0.0475 -0.0405 -0.3005 0.9517
1305031469.9279 -0.2629 -0.0235 1.0723 -0.0532 -0.0407 -0.2966 0.9527
1305031469.9598 -0.2732 -0.0126 1.0842 -0.0557 -0.0424 -0.2946 0.9530
1305031469.9956 -0.2833 0.0044 1.0952 -0.0576 -0.0425 -0.2917 0.9538
1305031470.0277 -0.2869 0.0231 1.0970 -0.0573 -0.0478 -0.2914 0.9537
1305031470.0596 -0.2974 0.0279 1.1077 -0.0647 -0.0485 -0.2915 0.9532
1305031470.0959 -0.3143 0.0449 1.1138 -0.0656 -0.0441 -0.2900 0.9538
1305031470.1276 -0.3240 0.0730 1.1199 -0.0617 -0.0423 -0.2866 0.9551
1305031470.1596 -0.3435 0.0899 1.1294 -0.0638 -0.0377 -0.2843 0.9559
1305031470.1961 -0.3496 0.1052 1.1337 -0.0647 -0.0420 -0.2789 0.9572
1305031470.2276 -0.3600 0.1117 1.1267 -0.0727 -0.0426 -0.2787 0.9567
1305031470.2600 -0.3689 0.1273 1.1367 -0.0745 -0.0438 -0.2733 0.9580
1305031470.2957 -0.3882 0.1509 1.1372 -0.0748 -0.0352 -0.2715 0.9589
1305031470.3276 -0.3984 0.1685 1.1434 -0.0761 -0.0355 -0.2671 0.9600
1305031470.3596 -0.4131 0.1875 1.1440 -0.0786 -0.0336 -0.2617 0.9614
1305031470.3958 -0.4242 0.1954 1.1445 -0.0829 -0.0370 -0.2586 0.9617
1305031470.4276 -0.4385 0.2108 1.1475 -0.0810 -0.0361 -0.2584 0.9620
1305031470.4597 -0.4491 0.2212 1.1484 -0.0795 -0.0380 -0.2560 0.9627
1305031470.4957 -0.4617 0.2305 1.1491 -0.0786 -0.0407 -0.2556 0.9627
1305031470.5277 -0.4716 0.2364 1.1495 -0.0795 -0.0423 -0.2546 0.9628
1305031470.5597 -0.4789 0.2410 1.1517 -0.0812 -0.0455 -0.2568 0.9620
1305031470.5958 -0.4904 0.2529 1.1536 -0.0789 -0.0450 -0.2515 0.9636
1305031470.6277 -0.4990 0.2569 1.1543 -0.0827 -0.0471 -0.2468 0.9644
1305031470.6597 -0.5091 0.2708 1.1567 -0.0785 -0.0456 -0.2404 0.9664
1305031470.6956 -0.5187 0.2800 1.1580 -0.0774 -0.0467 -0.2379 0.9671
1305031470.7277 -0.5318 0.2867 1.1629 -0.0770 -0.0453 -0.2353 0.9678
1305031470.7597 -0.5376 0.2904 1.1610 -0.0762 -0.0423 -0.2333 0.9685
1305031470.7956 -0.5430 0.2958 1.1626 -0.0751 -0.0399 -0.2293 0.9696
1305031470.8278 -0.5516 0.3034 1.1653 -0.0689 -0.0396 -0.2228 0.9716
1305031470.8596 -0.5615 0.3103 1.1662 -0.0612 -0.0389 -0.2168 0.9735
1305031470.8957 -0.5707 0.3143 1.1643 -0.0565 -0.0399 -0.2104 0.9752
1305031470.9277 -0.5787 0.3241 1.1695 -0.0458 -0.0437 -0.2046 0.9768
1305031470.9596 -0.5936 0.3269 1.1687 -0.0340 -0.0439 -0.2033 0.9775
1305031470.9960 -0.5977 0.3306 1.1652 -0.0229 -0.0464 -0.1986 0.9787
1305031471.0276 -0.6018 0.3297 1.1639 -0.0117 -0.0481 -0.1962 0.9793
1305031471.0596 -0.6073 0.3243 1.1618 -0.0042 -0.0488 -0.1927 0.9800
1305031471.0958 -0.6150 0.3223 1.1571 0.0030 -0.0487 -0.1870 0.9811
1305031471.1277 -0.6241 0.3240 1.1563 0.0102 -0.0480 -0.1780 0.9828
1305031471.1596 -0.6253 0.3275 1.1538 0.0191 -0.0503 -0.1701 0.9840
1305031471.1957 -0.6300 0.3290 1.1528 0.0214 -0.0483 -0.1668 0.9846
1305031471.2276 -0.6351 0.3280 1.1524 0.0206 -0.0464 -0.1631 0.9853
1305031471.2597 -0.6407 0.3257 1.1517 0.0189 -0.0444 -0.1610 0.9858
1305031471.2961 -0.6456 0.3225 1.1517 0.0179 -0.0426 -0.1582 0.9863
1305031471.3276 -0.6463 0.3233 1.1514 0.0219 -0.0415 -0.1541 0.9869
1305031471.3596 -0.6475 0.3235 1.1506 0.0222 -0.0374 -0.1504 0.9877
1305031471.3957 -0.6523 0.3190 1.1505 0.0206 -0.0332 -0.1462 0.9885
1305031471.4277 -0.6563 0.3197 1.1501 0.0236 -0.0324 -0.1396 0.9894
1305031471.4596 -0.6608 0.3174 1.1478 0.0217 -0.0319 -0.1362 0.9899
1305031471.4965 -0.6686 0.3143 1.1428 0.0186 -0.0294 -0.1308 0.9908
1305031471.5276 -0.6722 0.3140 1.1420 0.0185 -0.0286 -0.1285 0.9911
1305031471.5597 -0.6740 0.3139 1.1400 0.0180 -0.0276 -0.1279 0.9912
1305031471.5957 -0.6744 0.3138 1.1387 0.0182 -0.0261 -0.1267 0.9914
1305031471.6276 -0.6751 0.3164 1.1389 0.0203 -0.0244 -0.1266 0.9914
1305031471.6596 -0.6797 0.3109 1.1386 0.0174 -0.0198 -0.1256 0.9917
1305031471.6956 -0.6811 0.3078 1.1342 0.0158 -0.0179 -0.1234 0.9921
1305031471.7275 -0.6811 0.3076 1.1319 0.0145 -0.0165 -0.1186 0.9927
1305031471.7597 -0.6840 0.3066 1.1289 0.0134 -0.0105 -0.1114 0.9936
1305031471.7958 -0.6860 0.3031 1.1218 0.0101 -0.0039 -0.1036 0.9946
1305031471.8276 -0.6882 0.3035 1.1190 0.0073 -0.0004 -0.1002 0.9949
1305031471.8597 -0.6876 0.3066 1.1197 0.0047 0.0010 -0.0921 0.9957
1305031471.8956 -0.6855 0.3117 1.1187 0.0029 0.0016 -0.0869 0.9962
1305031471.9277 -0.6877 0.3139 1.1177 -0.0013 0.0069 -0.0793 0.9968
1305031471.9596 -0.6930 0.3134 1.1231 -0.0037 0.0162 -0.0721 0.9973
1305031471.9956 -0.6951 0.3235 1.1210 0.0000 0.0228 -0.0717 0.9972
1305031472.0276 -0.6953 0.3310 1.1184 -0.0006 0.0245 -0.0688 0.9973
1305031472.0597 -0.6983 0.3268 1.1198 -0.0063 0.0283 -0.0637 0.9975
1305031472.0956 -0.6975 0.3297 1.1210 -0.0073 0.0297 -0.0566 0.9979
1305031472.1276 -0.7028 0.3399 1.1205 -0.0052 0.0326 -0.0554 0.9979
1305031472.1596 -0.7058 0.3353 1.1274 -0.0113 0.0327 -0.0503 0.9981
1305031472.1957 -0.7131 0.3411 1.1325 -0.0041 0.0371 -0.0473 0.9982
1305031472.2276 -0.7155 0.3419 1.1308 -0.0009 0.0368 -0.0470 0.9982
1305031472.2638 -0.7203 0.3454 1.1327 0.0050 0.0400 -0.0495 0.9980
1305031472.2957 -0.7200 0.3419 1.1333 0.0094 0.0397 -0.0484 0.9980
1305031472.3277 -0.7234 0.3488 1.1345 0.0188 0.0422 -0.0452 0.9979
1305031472.3636 -0.7258 0.3487 1.1367 0.0195 0.0431 -0.0442 0.9979
1305031472.3956 -0.7274 0.3507 1.1402 0.0224 0.0422 -0.0433 0.9979
1305031472.4277 -0.7316 0.3494 1.1455 0.0240 0.0426 -0.0423 0.9979
1305031472.4636 -0.7329 0.3444 1.1523 0.0246 0.0440 -0.0400 0.9979
1305031472.4956 -0.7330 0.3427 1.1511 0.0241 0.0453 -0.0402 0.9979
1305031472.5276 -0.7342 0.3392 1.1533 0.0236 0.0473 -0.0385 0.9979
1305031472.5636 -0.7327 0.3315 1.1497 0.0277 0.0452 -0.0369 0.9979
1305031472.5957 -0.7311 0.3333 1.1476 0.0334 0.0431 -0.0376 0.9978
1305031472.6277 -0.7309 0.3304 1.1482 0.0321 0.0429 -0.0365 0.9979
1305031472.6636 -0.7303 0.3265 1.1495 0.0316 0.0427 -0.0342 0.9980
1305031472.6958 -0.7289 0.3200 1.1478 0.0316 0.0420 -0.0300 0.9982
1305031472.7276 -0.7295 0.3168 1.1489 0.0322 0.0427 -0.0300 0.9981
1305031472.7636 -0.7275 0.3127 1.1496 0.0338 0.0420 -0.0311 0.9981
1305031472.7956 -0.7256 0.3088 1.1480 0.0365 0.0415 -0.0321 0.9980
1305031472.8276 -0.7233 0.3080 1.1488 0.0401 0.0410 -0.0332 0.9978
1305031472.8636 -0.7241 0.3075 1.1497 0.0418 0.0417 -0.0325 0.9977
1305031472.8957 -0.7255 0.3084 1.1512 0.0431 0.0413 -0.0314 0.9977
1305031472.9277 -0.7239 0.3041 1.1525 0.0408 0.0400 -0.0300 0.9979
1305031472.9638 -0.7240 0.3054 1.1547 0.0429 0.0407 -0.0293 0.9978
1305031472.9957 -0.7240 0.3051 1.1558 0.0425 0.0401 -0.0289 0.9979
1305031473.0276 -0.7228 0.3057 1.1569 0.0429 0.0385 -0.0290 0.9979
1305031473.0637 -0.7220 0.3031 1.1577 0.0408 0.0378 -0.0297 0.9980
1305031473.0957 -0.7218 0.3026 1.1565 0.0409 0.0385 -0.0303 0.9980
1305031473.1277 -0.7230 0.3026 1.1564 0.0411 0.0399 -0.0306 0.9979
1305031473.1671 -0.7228 0.3038 1.1587 0.0430 0.0391 -0.0310 0.9978
1305031473.1961 -0.7226 0.3024 1.1577 0.0426 0.0387 -0.0310 0.9979
