1305031453.3917 0.0000 0.0000 0.0000 0.0000 0.0000 0.0000 1.0000
1305031453.5237 0.0075 0.0168 -0.0396 0.0166 0.0233 0.0349 0.9990
1305031453.5916 0.0086 0.0346 -0.0759 0.0330 0.0291 0.0476 0.9979
1305031453.6596 0.0045 0.0557 -0.1084 0.0499 0.0249 0.0508 0.9971
1305031453.7917 -0.0092 0.0761 -0.1652 0.0656 -0.0068 0.0294 0.9974
1305031453.8917 -0.0307 0.0877 -0.1899 0.0675 -0.0450 0.0133 0.9966
1305031453.9596 -0.0422 0.0922 -0.1950 0.0622 -0.0820 0.0019 0.9947
1305031453.9916 -0.0532 0.0948 -0.1932 0.0625 -0.0935 -0.0070 0.9936
1305031454.0277 -0.0712 0.0997 -0.1918 0.0653 -0.1040 -0.0121 0.9924
1305031454.0597 -0.0819 0.1075 -0.1916 0.0684 -0.1140 -0.0194 0.9909
1305031454.0917 -0.0985 0.1180 -0.1783 0.0729 -0.1240 -0.0278 0.9892
1305031454.1277 -0.1177 0.1281 -0.1695 0.0795 -0.1350 -0.0373 0.9869
1305031454.1597 -0.1405 0.1391 -0.1685 0.0834 -0.1444 -0.0458 0.9849
1305031454.1917 -0.1552 0.1421 -0.1646 0.0834 -0.1588 -0.0547 0.9823
1305031454.2277 -0.1714 0.1501 -0.1549 0.0902 -0.1738 -0.0711 0.9781
1305031454.2596 -0.1845 0.1507 -0.1642 0.0932 -0.1837 -0.0839 0.9749
1305031454.2916 -0.1937 0.1557 -0.1617 0.0935 -0.1919 -0.0932 0.9725
1305031454.3277 -0.2090 0.1604 -0.1596 0.0956 -0.1997 -0.1043 0.9696
1305031454.3596 -0.2187 0.1660 -0.1682 0.1018 -0.2082 -0.1164 0.9658
1305031454.3917 -0.2275 0.1688 -0.1688 0.1023 -0.2168 -0.1262 0.9626
1305031454.4275 -0.2408 0.1742 -0.1749 0.1039 -0.2255 -0.1356 0.9592
1305031454.4599 -0.2490 0.1770 -0.1713 0.1070 -0.2358 -0.1490 0.9543
1305031454.4916 -0.2595 0.1845 -0.1678 0.1101 -0.2394 -0.1616 0.9510
1305031454.5277 -0.2660 0.1919 -0.1659 0.1117 -0.2452 -0.1751 0.9469
1305031454.5596 -0.2712 0.1966 -0.1595 0.1102 -0.2534 -0.1861 0.9429
1305031454.5916 -0.2797 0.2057 -0.1588 0.1104 -0.2626 -0.1985 0.9378
1305031454.6276 -0.2882 0.2123 -0.1582 0.1098 -0.2737 -0.2080 0.9326
1305031454.6595 -0.2961 0.2264 -0.1509 0.1092 -0.2855 -0.2123 0.9282
1305031454.6919 -0.3060 0.2352 -0.1453 0.1061 -0.2978 -0.2185 0.9232
1305031454.7277 -0.3119 0.2448 -0.1444 0.1060 -0.3087 -0.2241 0.9183
1305031454.7597 -0.3143 0.2494 -0.1341 0.1024 -0.3156 -0.2212 0.9170
1305031454.7916 -0.3132 0.2482 -0.1268 0.0951 -0.3204 -0.2148 0.9177
1305031454.8276 -0.3106 0.2569 -0.1250 0.0928 -0.3216 -0.2087 0.9189
1305031454.8596 -0.3131 0.2539 -0.1212 0.0843 -0.3203 -0.2044 0.9211
1305031454.8918 -0.3113 0.2533 -0.1227 0.0779 -0.3173 -0.1994 0.9239
1305031454.9276 -0.3094 0.2601 -0.1193 0.0740 -0.3157 -0.1926 0.9261
1305031454.9596 -0.3115 0.2636 -0.1220 0.0701 -0.3121 -0.1885 0.9285
1305031454.9919 -0.3133 0.2677 -0.1221 0.0666 -0.3113 -0.1837 0.9300
1305031455.0278 -0.3142 0.2742 -0.1237 0.0666 -0.3107 -0.1814 0.9307
1305031455.0596 -0.3157 0.2778 -0.1247 0.0651 -0.3094 -0.1789 0.9317
1305031455.0917 -0.3190 0.2817 -0.1281 0.0661 -0.3070 -0.1786 0.9325
1305031455.1277 -0.3227 0.2896 -0.1332 0.0678 -0.3032 -0.1783 0.9336
1305031455.1597 -0.3295 0.2930 -0.1374 0.0656 -0.2997 -0.1752 0.9355
1305031455.1917 -0.3342 0.2957 -0.1366 0.0618 -0.2992 -0.1700 0.9369
1305031455.2276 -0.3401 0.2979 -0.1403 0.0604 -0.2971 -0.1665 0.9383
1305031455.2596 -0.3440 0.3091 -0.1403 0.0594 -0.2954 -0.1599 0.9400
1305031455.2918 -0.3529 0.3009 -0.1413 0.0448 -0.2931 -0.1508 0.9431
1305031455.3278 -0.3627 0.3104 -0.1476 0.0404 -0.2911 -0.1401 0.9455
1305031455.3596 -0.3685 0.3236 -0.1415 0.0360 -0.2915 -0.1314 0.9468
1305031455.3917 -0.3737 0.3180 -0.1403 0.0216 -0.2891 -0.1234 0.9491
1305031455.4276 -0.3842 0.3233 -0.1449 0.0156 -0.2845 -0.1141 0.9517
1305031455.4596 -0.3968 0.3225 -0.1562 0.0115 -0.2794 -0.1094 0.9538
1305031455.4916 -0.4100 0.3274 -0.1674 0.0087 -0.2748 -0.1022 0.9560
1305031455.5276 -0.4242 0.3274 -0.1776 0.0049 -0.2711 -0.0934 0.9580
1305031455.5597 -0.4433 0.3326 -0.1900 0.0039 -0.2701 -0.0823 0.9593
1305031455.5916 -0.4608 0.3363 -0.2044 0.0014 -0.2695 -0.0717 0.9603
1305031455.6276 -0.4796 0.3340 -0.2191 -0.0026 -0.2650 -0.0636 0.9621
1305031455.6596 -0.4884 0.3332 -0.2315 -0.0006 -0.2635 -0.0583 0.9629
1305031455.6916 -0.5045 0.3327 -0.2472 0.0017 -0.2590 -0.0597 0.9640
1305031455.7276 -0.5133 0.3309 -0.2534 0.0029 -0.2571 -0.0624 0.9644
1305031455.7597 -0.5195 0.3295 -0.2581 0.0037 -0.2547 -0.0641 0.9649
1305031455.7917 -0.5258 0.3201 -0.2665 0.0025 -0.2523 -0.0632 0.9656
1305031455.8276 -0.5335 0.3156 -0.2817 0.0030 -0.2494 -0.0633 0.9663
1305031455.8595 -0.5414 0.3139 -0.2912 0.0037 -0.2477 -0.0644 0.9667
1305031455.8917 -0.5454 0.3117 -0.3010 0.0038 -0.2459 -0.0644 0.9671
1305031455.9280 -0.5509 0.3082 -0.3090 0.0028 -0.2439 -0.0651 0.9676
1305031455.9597 -0.5553 0.3082 -0.3155 0.0040 -0.2420 -0.0664 0.9680
1305031455.9917 -0.5583 0.3060 -0.3209 0.0026 -0.2399 -0.0671 0.9685
1305031456.0278 -0.5592 0.3115 -0.3239 0.0011 -0.2379 -0.0692 0.9688
1305031456.0597 -0.5683 0.2971 -0.3301 -0.0095 -0.2338 -0.0771 0.9692
1305031456.0917 -0.5742 0.2913 -0.3335 -0.0127 -0.2312 -0.0802 0.9695
1305031456.1276 -0.5788 0.2880 -0.3380 -0.0134 -0.2288 -0.0807 0.9700
1305031456.1597 -0.5823 0.2850 -0.3366 -0.0137 -0.2267 -0.0804 0.9705
1305031456.1917 -0.5864 0.2693 -0.3455 -0.0128 -0.2209 -0.0784 0.9720
1305031456.2277 -0.5932 0.2731 -0.3551 -0.0096 -0.2119 -0.0768 0.9742
1305031456.2917 -0.6026 0.2577 -0.3514 -0.0120 -0.1948 -0.0683 0.9784
1305031456.3277 -0.6115 0.2533 -0.3549 -0.0094 -0.1847 -0.0601 0.9809
1305031456.3916 -0.6189 0.2379 -0.3475 -0.0110 -0.1669 -0.0493 0.9847
1305031456.4277 -0.6253 0.2343 -0.3452 -0.0081 -0.1602 -0.0397 0.9863
1305031456.4917 -0.6652 0.2503 -0.3436 -0.0103 -0.1507 -0.0267 0.9882
1305031456.5276 -0.6822 0.2582 -0.3367 -0.0114 -0.1500 -0.0219 0.9884
1305031456.5917 -0.7066 0.2696 -0.3269 -0.0092 -0.1448 -0.0136 0.9893
1305031456.6276 -0.7117 0.2814 -0.3184 -0.0206 -0.1432 -0.0081 0.9894
1305031456.6916 -0.7510 0.2651 -0.3006 -0.0352 -0.1320 0.0029 0.9906
1305031456.7916 -0.8095 0.2713 -0.2824 -0.0412 -0.1367 0.0244 0.9895
1305031457.0276 -0.8907 0.2908 -0.2359 -0.0591 -0.1203 0.0620 0.9890
1305031457.1917 -0.9416 0.2872 -0.2480 -0.0765 -0.0924 0.0877 0.9889
1305031457.2917 -0.9703 0.2747 -0.2716 -0.0737 -0.0715 0.1074 0.9889
1305031457.3917 -1.0053 0.2654 -0.3056 -0.0690 -0.0382 0.1279 0.9886
1305031457.4917 -1.0447 0.2482 -0.3405 -0.0672 -0.0225 0.1432 0.9872
1305031457.5597 -1.0632 0.2411 -0.3666 -0.0591 -0.0136 0.1530 0.9864
1305031457.6596 -1.1001 0.2350 -0.4045 -0.0499 -0.0035 0.1669 0.9847
1305031457.7277 -1.1258 0.2069 -0.4188 -0.0590 0.0007 0.1673 0.9841
1305031457.7916 -1.1321 0.1820 -0.4301 -0.0508 0.0052 0.1664 0.9847
1305031457.8277 -1.1389 0.1877 -0.4447 -0.0377 0.0110 0.1690 0.9848
1305031457.8916 -1.1643 0.1629 -0.4546 -0.0290 0.0285 0.1687 0.9848
1305031457.9276 -1.1771 0.1610 -0.4627 -0.0146 0.0340 0.1738 0.9841
1305031457.9916 -1.2091 0.1474 -0.4667 -0.0017 0.0402 0.1791 0.9830
1305031458.0278 -1.2082 0.1403 -0.4699 0.0086 0.0419 0.1837 0.9821
1305031458.0597 -1.2220 0.1430 -0.4748 0.0168 0.0471 0.1860 0.9813
1305031458.1276 -1.2378 0.1296 -0.4729 0.0137 0.0519 0.1875 0.9808
1305031458.1596 -1.2471 0.1193 -0.4747 0.0131 0.0539 0.1891 0.9804
1305031458.1916 -1.2679 0.1141 -0.4621 0.0134 0.0562 0.1931 0.9795
1305031458.2276 -1.2819 0.0971 -0.4468 0.0041 0.0550 0.1939 0.9795
1305031458.2599 -1.3055 0.0648 -0.4308 -0.0012 0.0568 0.1898 0.9802
1305031458.2917 -1.3380 0.0530 -0.4288 0.0061 0.0575 0.1898 0.9801
1305031458.3276 -1.3543 0.0476 -0.4134 0.0084 0.0523 0.1917 0.9800
1305031458.3596 -1.3657 0.0159 -0.3967 0.0091 0.0502 0.1943 0.9796
1305031458.3916 -1.3803 0.0240 -0.3784 0.0245 0.0484 0.2011 0.9781
1305031458.4276 -1.3879 0.0269 -0.3613 0.0331 0.0480 0.2123 0.9755
1305031458.4596 -1.3813 0.0201 -0.3549 0.0436 0.0494 0.2194 0.9734
1305031458.4917 -1.3700 0.0071 -0.3468 0.0580 0.0539 0.2211 0.9720
1305031458.5277 -1.3817 0.0139 -0.3514 0.0741 0.0621 0.2212 0.9704
1305031458.5596 -1.3944 0.0147 -0.3428 0.0794 0.0701 0.2182 0.9701
1305031458.5916 -1.4157 0.0182 -0.3312 0.0899 0.0790 0.2103 0.9703
1305031458.6277 -1.4254 0.0277 -0.3158 0.0940 0.0799 0.2086 0.9702
1305031458.6596 -1.4502 0.0199 -0.3008 0.0875 0.0798 0.2086 0.9708
1305031458.6917 -1.4605 0.0135 -0.2788 0.0828 0.0667 0.1993 0.9742
1305031458.7276 -1.4523 0.0155 -0.2564 0.0851 0.0491 0.1955 0.9758
1305031458.7599 -1.4625 0.0137 -0.2429 0.0908 0.0357 0.1877 0.9774
1305031458.7916 -1.4621 0.0148 -0.2227 0.0916 0.0199 0.1810 0.9790
1305031458.8276 -1.4540 0.0094 -0.1982 0.0855 0.0084 0.1801 0.9799
1305031458.8917 -1.4541 0.0034 -0.1738 0.0917 0.0050 0.1694 0.9813
1305031458.9276 -1.4619 0.0049 -0.1726 0.0911 0.0103 0.1712 0.9810
1305031458.9596 -1.4634 -0.0039 -0.1650 0.0814 0.0124 0.1808 0.9801
1305031458.9916 -1.4686 -0.0171 -0.1632 0.0801 0.0151 0.1840 0.9795
1305031459.0277 -1.4976 -0.0195 -0.1554 0.0920 0.0186 0.1835 0.9785
1305031459.0596 -1.5149 -0.0361 -0.1527 0.0959 0.0129 0.1938 0.9763
1305031459.1276 -1.5125 0.0078 -0.0929 0.1116 0.0093 0.1883 0.9757
1305031459.1596 -1.5213 0.0141 -0.0853 0.1237 -0.0178 0.1886 0.9741
1305031459.1917 -1.5363 0.0154 -0.0727 0.1313 -0.0343 0.1926 0.9718
1305031459.2276 -1.5418 0.0153 -0.0643 0.1342 -0.0482 0.2000 0.9694
1305031459.2598 -1.5448 0.0164 -0.0510 0.1336 -0.0512 0.2063 0.9680
1305031459.3276 -1.5654 0.0213 -0.0249 0.1277 -0.0192 0.2306 0.9645
1305031459.3597 -1.5757 0.0268 -0.0172 0.1287 0.0034 0.2492 0.9598
1305031459.3917 -1.5928 0.0413 -0.0070 0.1245 0.0304 0.2727 0.9535
1305031459.4276 -1.5844 0.0477 0.0048 0.1072 0.0568 0.3045 0.9447
1305031459.4597 -1.5963 0.0502 0.0005 0.1000 0.0904 0.3410 0.9303
1305031459.5276 -1.6109 0.0704 0.0160 0.0779 0.1239 0.4008 0.9044
1305031459.5596 -1.6176 0.0553 0.0138 0.0645 0.1366 0.4249 0.8926
1305031459.5917 -1.6268 0.0528 0.0159 0.0595 0.1404 0.4449 0.8825
1305031459.6276 -1.6291 0.0515 0.0204 0.0559 0.1385 0.4569 0.8769
1305031459.6596 -1.6370 0.0509 0.0241 0.0559 0.1437 0.4568 0.8761
1305031459.6916 -1.6487 0.0439 0.0233 0.0498 0.1525 0.4630 0.8717
1305031459.7276 -1.6531 0.0290 0.0220 0.0422 0.1575 0.4656 0.8699
1305031459.7917 -1.6783 -0.0056 0.0187 0.0394 0.1665 0.4613 0.8706
1305031459.8277 -1.6895 -0.0210 0.0232 0.0382 0.1675 0.4613 0.8705
1305031459.8597 -1.7084 -0.0394 0.0259 0.0357 0.1693 0.4600 0.8709
1305031459.8916 -1.7134 -0.0641 0.0284 0.0288 0.1659 0.4643 0.8695
1305031459.9276 -1.7222 -0.0838 0.0326 0.0265 0.1655 0.4667 0.8684
1305031459.9917 -1.7329 -0.1162 0.0429 0.0196 0.1611 0.4775 0.8635
1305031460.0276 -1.7387 -0.1314 0.0487 0.0179 0.1626 0.4795 0.8621
1305031460.0597 -1.7464 -0.1521 0.0497 0.0160 0.1637 0.4827 0.8602
1305031460.0917 -1.7579 -0.1790 0.0495 0.0147 0.1630 0.4878 0.8575
1305031460.1277 -1.7641 -0.1907 0.0559 0.0204 0.1557 0.4924 0.8561
1305031460.1597 -1.7744 -0.2028 0.0621 0.0265 0.1500 0.4966 0.8545
1305031460.1916 -1.7738 -0.2099 0.0740 0.0270 0.1429 0.5033 0.8518
1305031460.2278 -1.7739 -0.2114 0.0814 0.0290 0.1434 0.5041 0.8512
1305031460.2917 -1.7807 -0.2269 0.0856 0.0325 0.1594 0.5031 0.8488
1305031460.3275 -1.7840 -0.2324 0.0861 0.0341 0.1657 0.5032 0.8474
1305031460.3916 -1.7921 -0.2419 0.0985 0.0313 0.1857 0.5066 0.8414
1305031460.4275 -1.7913 -0.2519 0.0991 0.0279 0.1937 0.5120 0.8364
1305031460.4596 -1.7916 -0.2475 0.1051 0.0263 0.2044 0.5132 0.8331
1305031460.4915 -1.7920 -0.2599 0.1051 0.0163 0.2177 0.5184 0.8268
1305031460.5276 -1.7931 -0.2795 0.1044 0.0045 0.2300 0.5250 0.8194
1305031460.5596 -1.7928 -0.2860 0.1093 -0.0012 0.2379 0.5272 0.8157
1305031460.5919 -1.7942 -0.2971 0.1134 -0.0062 0.2456 0.5279 0.8130
1305031460.6276 -1.7962 -0.3014 0.1194 -0.0076 0.2523 0.5289 0.8103
1305031460.6598 -1.8026 -0.3093 0.1237 -0.0088 0.2593 0.5271 0.8092
1305031460.6917 -1.8033 -0.3172 0.1254 -0.0118 0.2613 0.5279 0.8080
1305031460.7277 -1.8022 -0.3222 0.1286 -0.0149 0.2618 0.5278 0.8078
1305031460.7597 -1.8034 -0.3266 0.1322 -0.0158 0.2648 0.5263 0.8079
1305031460.7917 -1.8052 -0.3366 0.1357 -0.0188 0.2677 0.5260 0.8070
1305031460.8277 -1.8060 -0.3419 0.1418 -0.0215 0.2687 0.5246 0.8075
1305031460.8597 -1.8054 -0.3450 0.1454 -0.0242 0.2702 0.5233 0.8078
1305031460.8918 -1.8054 -0.3495 0.1489 -0.0272 0.2720 0.5217 0.8082
1305031460.9276 -1.8048 -0.3582 0.1536 -0.0310 0.2731 0.5218 0.8076
1305031460.9917 -1.7957 -0.3777 0.1681 -0.0354 0.2773 0.5236 0.8048
1305031461.0276 -1.7929 -0.3919 0.1763 -0.0373 0.2803 0.5252 0.8027
1305031461.0917 -1.8015 -0.4026 0.1952 -0.0322 0.2821 0.5222 0.8042
1305031461.1276 -1.7973 -0.4073 0.2026 -0.0333 0.2826 0.5209 0.8048
1305031461.1597 -1.7971 -0.4150 0.2118 -0.0315 0.2866 0.5176 0.8056
1305031461.1920 -1.8018 -0.4230 0.2201 -0.0303 0.2911 0.5134 0.8067
1305031461.2276 -1.8002 -0.4270 0.2253 -0.0303 0.2923 0.5123 0.8070
1305031461.2596 -1.8010 -0.4353 0.2320 -0.0301 0.2954 0.5090 0.8079
1305031461.2917 -1.7987 -0.4376 0.2377 -0.0283 0.2966 0.5039 0.8107
1305031461.3278 -1.7990 -0.4360 0.2446 -0.0260 0.2992 0.5002 0.8122
1305031461.3597 -1.8012 -0.4338 0.2521 -0.0273 0.3028 0.4977 0.8123
1305031461.3917 -1.7963 -0.4381 0.2581 -0.0321 0.3026 0.4972 0.8125
1305031461.4276 -1.7917 -0.4383 0.2603 -0.0322 0.3023 0.4962 0.8133
1305031461.4598 -1.7951 -0.4357 0.2646 -0.0323 0.3034 0.4955 0.8133
1305031461.4917 -1.7854 -0.4386 0.2632 -0.0348 0.3016 0.4972 0.8128
1305031461.5277 -1.7855 -0.4367 0.2660 -0.0300 0.3042 0.4939 0.8140
1305031461.5597 -1.7827 -0.4299 0.2653 -0.0294 0.3045 0.4906 0.8159
1305031461.5917 -1.7783 -0.4218 0.2534 -0.0292 0.3083 0.4877 0.8162
1305031461.6275 -1.7776 -0.4164 0.2529 -0.0316 0.3142 0.4869 0.8143
1305031461.6596 -1.7763 -0.4076 0.2517 -0.0316 0.3173 0.4860 0.8138
1305031461.6916 -1.7813 -0.4062 0.2560 -0.0335 0.3237 0.4891 0.8093
1305031461.7276 -1.7780 -0.3966 0.2575 -0.0332 0.3240 0.4927 0.8069
1305031461.7597 -1.7789 -0.3906 0.2542 -0.0338 0.3265 0.4939 0.8052
1305031461.7916 -1.7751 -0.3820 0.2533 -0.0378 0.3296 0.4968 0.8020
1305031461.8276 -1.7703 -0.3764 0.2443 -0.0422 0.3327 0.5001 0.7984
1305031461.8598 -1.7787 -0.3565 0.2457 -0.0386 0.3392 0.5047 0.7930
1305031461.8917 -1.7821 -0.3425 0.2493 -0.0418 0.3416 0.5161 0.7844
1305031461.9278 -1.7734 -0.3348 0.2642 -0.0513 0.3414 0.5259 0.7773
1305031461.9597 -1.7677 -0.3230 0.2565 -0.0588 0.3440 0.5271 0.7748
1305031461.9916 -1.7804 -0.3077 0.2568 -0.0648 0.3511 0.5335 0.7668
1305031462.0277 -1.7787 -0.3184 0.2688 -0.0834 0.3538 0.5437 0.7565
1305031462.0598 -1.7756 -0.3108 0.2681 -0.0885 0.3455 0.5568 0.7502
1305031462.0918 -1.7729 -0.2980 0.2640 -0.0892 0.3357 0.5699 0.7446
1305031462.1277 -1.7707 -0.2854 0.2621 -0.0914 0.3292 0.5811 0.7387
1305031462.1596 -1.7753 -0.2705 0.2564 -0.0907 0.3231 0.5871 0.7367
1305031462.1916 -1.7809 -0.2564 0.2556 -0.0896 0.3207 0.5864 0.7384
1305031462.2276 -1.7867 -0.2475 0.2552 -0.0952 0.3183 0.5852 0.7397
1305031462.2598 -1.7876 -0.2519 0.2586 -0.1077 0.3171 0.5826 0.7405
1305031462.2916 -1.7901 -0.2527 0.2634 -0.1176 0.3151 0.5785 0.7431
1305031462.3917 -1.8312 -0.2080 0.2748 -0.1221 0.3047 0.5633 0.7582
1305031462.4920 -1.8776 -0.2198 0.3452 -0.1530 0.3160 0.5466 0.7603
1305031462.6925 -1.8989 -0.2267 0.3319 -0.1819 0.2871 0.5006 0.7962
1305031462.8918 -1.9019 -0.2194 0.3095 -0.2084 0.2561 0.4631 0.8225
1305031463.0277 -1.8927 -0.1947 0.2691 -0.1985 0.2422 0.4513 0.8356
1305031463.0598 -1.8920 -0.2050 0.2549 -0.2002 0.2406 0.4445 0.8393
1305031463.1598 -1.8917 -0.1741 0.2178 -0.1839 0.2322 0.4193 0.8581
1305031463.2600 -1.8812 -0.1452 0.1864 -0.1755 0.2279 0.4048 0.8680
1305031463.3598 -1.8703 -0.1192 0.1518 -0.1623 0.2205 0.3948 0.8770
1305031463.4956 -1.8455 -0.0756 0.1193 -0.1535 0.2184 0.3881 0.8821
1305031463.5598 -1.8351 -0.0493 0.1027 -0.1472 0.2289 0.3803 0.8839
1305031463.6598 -1.7963 -0.0257 0.0618 -0.1352 0.2242 0.3751 0.8892
1305031463.7276 -1.7779 -0.0211 0.0337 -0.1341 0.2271 0.3654 0.8927
1305031463.7597 -1.7596 -0.0192 0.0142 -0.1283 0.2284 0.3573 0.8965
1305031463.7956 -1.7444 -0.0207 -0.0120 -0.1249 0.2278 0.3468 0.9012
1305031463.8599 -1.7089 -0.0208 -0.0429 -0.1232 0.2270 0.3279 0.9087
1305031463.8956 -1.7000 -0.0189 -0.0656 -0.1173 0.2273 0.3165 0.9135
1305031463.9597 -1.6649 -0.0250 -0.1003 -0.1142 0.2167 0.3075 0.9195
1305031463.9958 -1.6644 -0.0276 -0.1113 -0.1078 0.2185 0.2976 0.9231
1305031464.0597 -1.6338 -0.0344 -0.1430 -0.1052 0.2116 0.2810 0.9301
1305031464.0956 -1.6309 -0.0428 -0.1603 -0.1015 0.2145 0.2696 0.9333
1305031464.1277 -1.6311 -0.0525 -0.1660 -0.1006 0.2168 0.2632 0.9347
1305031464.1598 -1.6277 -0.0528 -0.1772 -0.0919 0.2151 0.2631 0.9360
1305031464.1956 -1.6201 -0.0603 -0.1862 -0.0809 0.2105 0.2591 0.9392
1305031464.2276 -1.6243 -0.0469 -0.1978 -0.0634 0.2029 0.2498 0.9447
1305031464.2596 -1.6314 -0.0442 -0.2032 -0.0543 0.1918 0.2487 0.9478
1305031464.2957 -1.6295 -0.0424 -0.2048 -0.0495 0.1777 0.2453 0.9517
1305031464.3279 -1.6080 -0.0348 -0.2175 -0.0453 0.1599 0.2406 0.9563
1305031464.3597 -1.6020 -0.0405 -0.2295 -0.0422 0.1535 0.2347 0.9589
1305031464.3956 -1.5976 -0.0369 -0.2398 -0.0364 0.1510 0.2247 0.9620
1305031464.4276 -1.5924 -0.0397 -0.2562 -0.0357 0.1509 0.2168 0.9638
1305031464.4597 -1.5899 -0.0465 -0.2685 -0.0348 0.1507 0.2091 0.9656
1305031464.4956 -1.5842 -0.0465 -0.2809 -0.0329 0.1497 0.2026 0.9672
1305031464.5276 -1.5754 -0.0509 -0.3031 -0.0335 0.1488 0.1969 0.9685
1305031464.5597 -1.5628 -0.0515 -0.3147 -0.0351 0.1459 0.1876 0.9707
1305031464.5957 -1.5402 -0.0642 -0.3438 -0.0342 0.1471 0.1737 0.9732
1305031464.6277 -1.5253 -0.0652 -0.3651 -0.0229 0.1584 0.1682 0.9727
1305031464.6597 -1.5142 -0.0725 -0.3809 -0.0148 0.1710 0.1564 0.9727
1305031464.6957 -1.4882 -0.0795 -0.4026 -0.0026 0.1774 0.1418 0.9739
1305031464.7277 -1.4875 -0.0702 -0.4051 0.0181 0.1848 0.1232 0.9748
1305031464.7597 -1.4897 -0.0754 -0.4113 0.0289 0.1867 0.1066 0.9762
1305031464.7960 -1.4909 -0.0765 -0.4172 0.0364 0.1834 0.0878 0.9784
1305031464.8278 -1.4901 -0.0611 -0.4032 0.0525 0.1724 0.0717 0.9810
1305031464.8597 -1.4953 -0.0402 -0.4014 0.0642 0.1578 0.0536 0.9839
1305031464.8958 -1.4751 -0.0413 -0.3948 0.0622 0.1400 0.0377 0.9875
1305031464.9278 -1.4422 -0.0616 -0.3965 0.0565 0.1229 0.0186 0.9906
1305031464.9598 -1.4268 -0.0721 -0.3962 0.0581 0.1170 0.0009 0.9914
1305031464.9957 -1.4225 -0.0623 -0.3802 0.0659 0.1180 -0.0179 0.9907
1305031465.0278 -1.4200 -0.0553 -0.3683 0.0702 0.1195 -0.0374 0.9896
1305031465.0597 -1.4284 -0.0420 -0.3497 0.0773 0.1185 -0.0574 0.9883
1305031465.0957 -1.4052 -0.0093 -0.3349 0.0770 0.1035 -0.0727 0.9890
1305031465.1277 -1.3815 -0.0016 -0.3099 0.0606 0.0884 -0.0868 0.9904
1305031465.1598 -1.3686 0.0023 -0.2807 0.0442 0.0764 -0.0940 0.9917
1305031465.1956 -1.3470 -0.0084 -0.2622 0.0275 0.0633 -0.1029 0.9923
1305031465.2279 -1.3336 -0.0023 -0.2376 0.0152 0.0555 -0.1090 0.9924
1305031465.2598 -1.3149 -0.0131 -0.2112 -0.0010 0.0449 -0.1104 0.9929
1305031465.3277 -1.2992 0.0145 -0.1808 -0.0108 0.0273 -0.0913 0.9954
1305031465.3956 -1.2629 0.0272 -0.1488 -0.0131 -0.0057 -0.0688 0.9975
1305031465.4277 -1.2394 0.0296 -0.1479 -0.0121 -0.0181 -0.0587 0.9980
1305031465.4601 -1.2265 0.0409 -0.1479 -0.0091 -0.0254 -0.0491 0.9984
1305031465.4957 -1.2055 0.0523 -0.1463 -0.0105 -0.0344 -0.0377 0.9986
1305031465.5276 -1.1934 0.0509 -0.1454 -0.0127 -0.0405 -0.0351 0.9985
1305031465.5598 -1.1780 0.0571 -0.1476 -0.0086 -0.0463 -0.0311 0.9984
1305031465.5956 -1.1608 0.0629 -0.1520 -0.0060 -0.0505 -0.0255 0.9984
1305031465.6277 -1.1519 0.0714 -0.1530 -0.0032 -0.0526 -0.0187 0.9984
1305031465.6601 -1.1413 0.0786 -0.1553 -0.0007 -0.0582 -0.0127 0.9982
1305031465.6957 -1.1197 0.0880 -0.1569 0.0037 -0.0655 -0.0074 0.9978
1305031465.7277 -1.1060 0.0991 -0.1613 0.0090 -0.0677 -0.0007 0.9977
1305031465.7598 -1.0959 0.1114 -0.1647 0.0143 -0.0698 0.0049 0.9974
1305031465.7959 -1.0793 0.1240 -0.1652 0.0183 -0.0725 0.0096 0.9972
1305031465.8280 -1.0628 0.1328 -0.1690 0.0240 -0.0755 0.0135 0.9968
1305031465.8599 -1.0360 0.1514 -0.1782 0.0339 -0.0788 0.0173 0.9962
1305031465.8955 -1.0145 0.1656 -0.1836 0.0367 -0.0736 0.0180 0.9964
1305031465.9275 -0.9915 0.1723 -0.1823 0.0396 -0.0676 0.0203 0.9967
1305031465.9597 -0.9685 0.1910 -0.1888 0.0494 -0.0610 0.0199 0.9967
1305031465.9958 -0.9482 0.2034 -0.1958 0.0540 -0.0558 0.0182 0.9968
1305031466.0276 -0.9262 0.2138 -0.2068 0.0565 -0.0561 0.0174 0.9967
1305031466.0598 -0.9083 0.2355 -0.2087 0.0569 -0.0560 0.0182 0.9966
1305031466.0958 -0.8997 0.2568 -0.2149 0.0546 -0.0569 0.0180 0.9967
1305031466.1276 -0.8912 0.2792 -0.2217 0.0512 -0.0599 0.0173 0.9967
1305031466.1604 -0.8873 0.3062 -0.2270 0.0505 -0.0619 0.0179 0.9966
1305031466.1958 -0.8807 0.3280 -0.2334 0.0457 -0.0671 0.0198 0.9965
1305031466.2280 -0.8650 0.3332 -0.2353 0.0327 -0.0764 0.0157 0.9964
1305031466.2598 -0.8492 0.3311 -0.2429 0.0290 -0.0793 0.0076 0.9964
1305031466.2957 -0.8236 0.3401 -0.2502 0.0319 -0.0786 -0.0023 0.9964
1305031466.3277 -0.8028 0.3471 -0.2678 0.0318 -0.0716 -0.0093 0.9969
1305031466.3598 -0.7929 0.3560 -0.2816 0.0290 -0.0615 -0.0164 0.9975
1305031466.3958 -0.7775 0.3470 -0.2970 0.0259 -0.0603 -0.0181 0.9977
1305031466.4278 -0.7676 0.3527 -0.3079 0.0299 -0.0623 -0.0216 0.9974
1305031466.4598 -0.7589 0.3641 -0.3190 0.0317 -0.0648 -0.0245 0.9971
1305031466.4958 -0.7477 0.3735 -0.3243 0.0300 -0.0667 -0.0255 0.9970
1305031466.5275 -0.7237 0.3698 -0.3351 0.0265 -0.0674 -0.0267 0.9970
1305031466.5604 -0.7065 0.3835 -0.3466 0.0274 -0.0626 -0.0275 0.9973
1305031466.5959 -0.6827 0.3982 -0.3508 0.0215 -0.0645 -0.0322 0.9972
1305031466.6275 -0.6548 0.3734 -0.3600 0.0085 -0.0651 -0.0361 0.9972
1305031466.6597 -0.6325 0.3731 -0.3676 0.0117 -0.0635 -0.0406 0.9971
1305031466.6958 -0.6182 0.3869 -0.3734 0.0146 -0.0643 -0.0452 0.9968
1305031466.7281 -0.6018 0.3918 -0.3761 0.0096 -0.0659 -0.0593 0.9960
1305031466.7596 -0.5768 0.3808 -0.3788 0.0082 -0.0688 -0.0646 0.9955
1305031466.7956 -0.5662 0.3828 -0.3904 0.0113 -0.0691 -0.0681 0.9952
1305031466.8279 -0.5551 0.3880 -0.3943 0.0101 -0.0720 -0.0699 0.9949
1305031466.8597 -0.5505 0.3893 -0.3925 0.0097 -0.0743 -0.0695 0.9948
1305031466.8957 -0.5302 0.3903 -0.3959 0.0116 -0.0875 -0.0684 0.9937
1305031466.9278 -0.5163 0.3874 -0.4017 0.0102 -0.1013 -0.0707 0.9923
1305031466.9597 -0.5064 0.3843 -0.4029 0.0096 -0.1070 -0.0731 0.9915
1305031466.9957 -0.4929 0.3821 -0.4087 0.0095 -0.1107 -0.0751 0.9910
1305031467.0278 -0.4831 0.3827 -0.4104 0.0100 -0.1132 -0.0768 0.9906
1305031467.0597 -0.4690 0.3822 -0.4160 0.0101 -0.1154 -0.0780 0.9902
1305031467.0957 -0.4579 0.3922 -0.4157 0.0115 -0.1163 -0.0815 0.9898
1305031467.1290 -0.4513 0.3911 -0.4140 0.0109 -0.1177 -0.0888 0.9890
1305031467.1597 -0.4439 0.3904 -0.4158 0.0116 -0.1192 -0.0932 0.9884
1305031467.1957 -0.4368 0.3919 -0.4196 0.0127 -0.1218 -0.0967 0.9877
1305031467.2277 -0.4280 0.3924 -0.4219 0.0134 -0.1259 -0.1000 0.9869
1305031467.2597 -0.4232 0.3955 -0.4204 0.0152 -0.1285 -0.1031 0.9862
1305031467.2958 -0.4152 0.3964 -0.4248 0.0165 -0.1316 -0.1081 0.9853
1305031467.3280 -0.4058 0.3997 -0.4303 0.0181 -0.1350 -0.1118 0.9844
1305031467.3597 -0.3962 0.4088 -0.4378 0.0187 -0.1387 -0.1132 0.9837
1305031467.3958 -0.3834 0.4158 -0.4361 0.0168 -0.1448 -0.1167 0.9824
1305031467.4278 -0.3759 0.4179 -0.4413 0.0170 -0.1477 -0.1198 0.9816
1305031467.4597 -0.3624 0.4164 -0.4430 0.0163 -0.1534 -0.1203 0.9807
1305031467.4961 -0.3524 0.4354 -0.4513 0.0178 -0.1577 -0.1254 0.9793
1305031467.5277 -0.3380 0.4354 -0.4547 0.0157 -0.1605 -0.1295 0.9784
1305031467.5598 -0.3295 0.4357 -0.4528 0.0162 -0.1614 -0.1307 0.9781
1305031467.5960 -0.3217 0.4346 -0.4555 0.0156 -0.1624 -0.1288 0.9782
1305031467.6275 -0.3157 0.4380 -0.4499 0.0179 -0.1652 -0.1270 0.9779
1305031467.6596 -0.3074 0.4430 -0.4482 0.0250 -0.1686 -0.1247 0.9774
1305031467.6959 -0.3043 0.4374 -0.4541 0.0256 -0.1692 -0.1273 0.9770
1305031467.7275 -0.2972 0.4375 -0.4469 0.0301 -0.1703 -0.1327 0.9760
1305031467.7599 -0.3001 0.4405 -0.4459 0.0371 -0.1687 -0.1367 0.9754
1305031467.7961 -0.3032 0.4403 -0.4456 0.0400 -0.1676 -0.1394 0.9751
1305031467.8278 -0.3071 0.4369 -0.4348 0.0439 -0.1666 -0.1411 0.9749
1305031467.8597 -0.3032 0.4477 -0.4274 0.0564 -0.1690 -0.1370 0.9744
1305031467.8959 -0.2984 0.4422 -0.4232 0.0597 -0.1736 -0.1377 0.9733
1305031467.9278 -0.2957 0.4363 -0.4116 0.0628 -0.1778 -0.1407 0.9719
1305031467.9598 -0.2908 0.4270 -0.4042 0.0686 -0.1811 -0.1439 0.9705
1305031467.9958 -0.2840 0.4299 -0.4007 0.0718 -0.1822 -0.1448 0.9699
1305031468.0281 -0.2816 0.4252 -0.3859 0.0715 -0.1824 -0.1479 0.9694
1305031468.0598 -0.2809 0.4133 -0.3696 0.0751 -0.1837 -0.1510 0.9684
1305031468.0959 -0.2791 0.4115 -0.3628 0.0770 -0.1851 -0.1523 0.9678
1305031468.1278 -0.2755 0.4074 -0.3506 0.0771 -0.1864 -0.1528 0.9675
1305031468.1599 -0.2746 0.4009 -0.3375 0.0786 -0.1875 -0.1544 0.9669
1305031468.1960 -0.2664 0.3960 -0.3244 0.0793 -0.1888 -0.1571 0.9661
1305031468.2282 -0.2579 0.3895 -0.3040 0.0795 -0.1895 -0.1573 0.9659
1305031468.2598 -0.2450 0.3793 -0.2842 0.0799 -0.1914 -0.1565 0.9656
1305031468.2958 -0.2359 0.3709 -0.2670 0.0809 -0.1901 -0.1575 0.9657
1305031468.3278 -0.2185 0.3445 -0.2465 0.0792 -0.1937 -0.1555 0.9654
1305031468.3598 -0.2051 0.3331 -0.2308 0.0823 -0.1939 -0.1515 0.9658
1305031468.4598 -0.1911 0.2874 -0.1963 0.0757 -0.1947 -0.1466 0.9669
1305031468.5278 -0.1864 0.2573 -0.1689 0.0749 -0.1941 -0.1534 0.9660
1305031468.5597 -0.1942 0.2398 -0.1765 0.0808 -0.1912 -0.1647 0.9642
1305031468.6596 -0.2074 0.2011 -0.1733 0.0782 -0.1929 -0.1722 0.9628
1305031468.6958 -0.2176 0.1812 -0.1703 0.0818 -0.1964 -0.1788 0.9606
1305031468.7278 -0.2230 0.1682 -0.1648 0.0864 -0.2011 -0.1792 0.9592
1305031468.7958 -0.2373 0.1327 -0.1565 0.0899 -0.2055 -0.1843 0.9569
1305031468.8292 -0.2463 0.1198 -0.1688 0.0978 -0.2042 -0.1917 0.9550
1305031468.9596 -0.2520 0.0982 -0.1629 0.0915 -0.1873 -0.1930 0.9588
1305031469.0277 -0.2536 0.0958 -0.1529 0.0599 -0.1817 -0.2013 0.9606
1305031469.1277 -0.2508 0.0620 -0.1204 0.0189 -0.1778 -0.2252 0.9578
1305031469.1955 -0.2623 0.0499 -0.0957 0.0003 -0.1580 -0.2354 0.9590
1305031469.2596 -0.2670 0.0434 -0.0638 -0.0093 -0.1519 -0.2415 0.9584
1305031469.2968 -0.2656 0.0442 -0.0508 -0.0117 -0.1498 -0.2432 0.9583
1305031469.3276 -0.2661 0.0466 -0.0416 -0.0145 -0.1480 -0.2446 0.9582
1305031469.3596 -0.2586 0.0387 -0.0201 -0.0227 -0.1479 -0.2491 0.9569
1305031469.3957 -0.2621 0.0386 -0.0058 -0.0231 -0.1349 -0.2553 0.9571
1305031469.4277 -0.2569 0.0412 0.0087 -0.0209 -0.1260 -0.2608 0.9569
1305031469.4597 -0.2524 0.0340 0.0234 -0.0241 -0.1209 -0.2677 0.9556
1305031469.4957 -0.2582 0.0447 0.0333 -0.0221 -0.1160 -0.2691 0.9558
1305031469.5276 -0.2554 0.0529 0.0455 -0.0234 -0.1178 -0.2670 0.9562
1305031469.5596 -0.2529 0.0593 0.0592 -0.0285 -0.1198 -0.2671 0.9558
1305031469.6596 -0.2648 0.0809 0.1027 -0.0534 -0.1127 -0.2664 0.9557
1305031469.7596 -0.2844 0.1287 0.1395 -0.0645 -0.0936 -0.2577 0.9595
1305031469.9279 -0.3308 0.1997 0.1952 -0.0902 -0.0934 -0.2462 0.9605
1305031470.0959 -0.3952 0.2849 0.2271 -0.0946 -0.0930 -0.2352 0.9629
1305031470.2600 -0.4572 0.3597 0.2296 -0.1059 -0.0937 -0.2165 0.9660
1305031470.4276 -0.5265 0.4328 0.2380 -0.1151 -0.0949 -0.1971 0.9690
1305031470.5958 -0.5839 0.4671 0.2328 -0.1132 -0.1018 -0.1887 0.9702
1305031470.8278 -0.6542 0.5090 0.2386 -0.1075 -0.0952 -0.1598 0.9767
1305031470.8596 -0.6636 0.5083 0.2366 -0.1053 -0.0948 -0.1548 0.9777
1305031470.8957 -0.6755 0.5168 0.2344 -0.0974 -0.0933 -0.1467 0.9799
1305031470.9277 -0.6839 0.5210 0.2334 -0.0902 -0.0965 -0.1425 0.9809
1305031470.9596 -0.6981 0.5253 0.2327 -0.0769 -0.0961 -0.1390 0.9826
1305031470.9960 -0.7010 0.5204 0.2291 -0.0717 -0.0991 -0.1378 0.9829
1305031471.0276 -0.7041 0.5205 0.2278 -0.0603 -0.1004 -0.1345 0.9840
1305031471.0596 -0.7098 0.5168 0.2250 -0.0514 -0.0991 -0.1295 0.9853
1305031471.0958 -0.7198 0.5261 0.2202 -0.0352 -0.0952 -0.1243 0.9870
1305031471.1277 -0.7227 0.5244 0.2168 -0.0291 -0.0981 -0.1143 0.9882
1305031471.1596 -0.7256 0.5262 0.2157 -0.0225 -0.0991 -0.1064 0.9891
1305031471.1957 -0.7272 0.5248 0.2147 -0.0218 -0.0992 -0.1028 0.9895
1305031471.2276 -0.7300 0.5244 0.2136 -0.0220 -0.0983 -0.0995 0.9899
1305031471.2597 -0.7347 0.5241 0.2128 -0.0220 -0.0965 -0.0975 0.9903
1305031471.2961 -0.7379 0.5214 0.2130 -0.0223 -0.0956 -0.0945 0.9907
1305031471.3276 -0.7368 0.5243 0.2126 -0.0170 -0.0954 -0.0904 0.9912
1305031471.3596 -0.7394 0.5246 0.2107 -0.0165 -0.0899 -0.0877 0.9919
1305031471.3957 -0.7439 0.5198 0.2102 -0.0189 -0.0854 -0.0840 0.9926
1305031471.4277 -0.7477 0.5166 0.2060 -0.0186 -0.0834 -0.0798 0.9931
1305031471.4965 -0.7574 0.5147 0.2004 -0.0206 -0.0820 -0.0721 0.9938
1305031471.5276 -0.7601 0.5154 0.1983 -0.0201 -0.0812 -0.0693 0.9941
1305031471.5597 -0.7618 0.5161 0.1966 -0.0200 -0.0801 -0.0682 0.9942
1305031471.5957 -0.7629 0.5177 0.1955 -0.0190 -0.0777 -0.0663 0.9946
1305031471.6276 -0.7644 0.5199 0.1938 -0.0172 -0.0749 -0.0650 0.9949
1305031471.6596 -0.7677 0.5213 0.1902 -0.0153 -0.0709 -0.0631 0.9954
1305031471.7958 -0.7711 0.5197 0.1724 -0.0194 -0.0551 -0.0435 0.9973
1305031471.9956 -0.7837 0.5347 0.1656 -0.0348 -0.0269 -0.0142 0.9989
1305031472.2276 -0.8137 0.5952 0.1764 -0.0097 -0.0065 0.0274 0.9996
1305031472.4277 -0.8279 0.5954 0.1780 0.0107 -0.0012 0.0354 0.9993
1305031472.6636 -0.8222 0.5772 0.1740 0.0203 -0.0014 0.0424 0.9989
1305031472.8276 -0.8163 0.5636 0.1754 0.0295 -0.0005 0.0401 0.9988
