1305031453.4237 0.0036 0.0034 -0.0077 0.0015 0.0031 0.0072 1.0000
1305031453.4597 0.0070 0.0038 -0.0172 0.0035 0.0109 0.0171 0.9998
1305031453.4917 0.0046 0.0080 -0.0302 0.0086 0.0192 0.0268 0.9994
1305031453.5237 0.0079 0.0117 -0.0422 0.0142 0.0235 0.0352 0.9990
1305031453.5598 0.0151 0.0130 -0.0583 0.0184 0.0230 0.0404 0.9987
1305031453.5916 -0.0007 0.0221 -0.0749 0.0289 0.0326 0.0471 0.9979
1305031453.6277 0.0006 0.0254 -0.0852 0.0338 0.0317 0.0494 0.9977
1305031453.6596 0.0014 0.0368 -0.1029 0.0412 0.0269 0.0501 0.9975
1305031453.6917 -0.0099 0.0442 -0.1248 0.0485 0.0233 0.0455 0.9975
1305031453.7277 -0.0144 0.0445 -0.1379 0.0488 0.0187 0.0422 0.9977
1305031453.7597 -0.0227 0.0489 -0.1454 0.0524 0.0099 0.0360 0.9979
1305031453.7917 -0.0267 0.0592 -0.1602 0.0584 -0.0009 0.0249 0.9980
1305031453.8278 -0.0257 0.0670 -0.1804 0.0609 -0.0111 0.0196 0.9979
1305031453.8597 -0.0380 0.0689 -0.1864 0.0617 -0.0229 0.0152 0.9977
1305031453.8917 -0.0464 0.0752 -0.2032 0.0610 -0.0388 0.0088 0.9973
1305031453.9277 -0.0602 0.0887 -0.2110 0.0607 -0.0562 0.0026 0.9966
1305031453.9596 -0.0604 0.0887 -0.2166 0.0579 -0.0749 -0.0047 0.9955
1305031453.9916 -0.0676 0.0862 -0.2186 0.0561 -0.0881 -0.0142 0.9944
1305031454.0277 -0.0810 0.0932 -0.2187 0.0592 -0.0999 -0.0204 0.9930
1305031454.0597 -0.0909 0.0968 -0.2239 0.0603 -0.1113 -0.0288 0.9915
1305031454.0917 -0.1076 0.1023 -0.2132 0.0629 -0.1211 -0.0398 0.9898
1305031454.1277 -0.1220 0.1067 -0.2097 0.0674 -0.1338 -0.0508 0.9874
1305031454.1597 -0.1347 0.1150 -0.2116 0.0695 -0.1467 -0.0607 0.9849
1305031454.1917 -0.1491 0.1190 -0.2114 0.0691 -0.1615 -0.0711 0.9819
1305031454.2277 -0.1652 0.1255 -0.2030 0.0744 -0.1759 -0.0876 0.9777
1305031454.2596 -0.1700 0.1254 -0.2062 0.0764 -0.1886 -0.0993 0.9740
1305031454.2916 -0.1758 0.1264 -0.2080 0.0754 -0.1973 -0.1107 0.9712
1305031454.3277 -0.1825 0.1268 -0.2064 0.0754 -0.2094 -0.1211 0.9674
1305031454.3596 -0.1888 0.1260 -0.2128 0.0798 -0.2199 -0.1346 0.9629
1305031454.3917 -0.1903 0.1315 -0.2158 0.0822 -0.2300 -0.1441 0.9589
1305031454.4275 -0.1919 0.1293 -0.2170 0.0817 -0.2444 -0.1557 0.9536
1305031454.4599 -0.1989 0.1296 -0.2211 0.0826 -0.2547 -0.1667 0.9490
1305031454.4916 -0.1965 0.1319 -0.2157 0.0856 -0.2627 -0.1815 0.9438
1305031454.5277 -0.1952 0.1375 -0.2158 0.0866 -0.2721 -0.1959 0.9381
1305031454.5596 -0.1921 0.1398 -0.2135 0.0845 -0.2815 -0.2084 0.9328
1305031454.5916 -0.1971 0.1455 -0.2195 0.0837 -0.2908 -0.2235 0.9265
1305031454.6276 -0.2046 0.1460 -0.2221 0.0803 -0.3022 -0.2335 0.9207
1305031454.6595 -0.2079 0.1617 -0.2209 0.0801 -0.3134 -0.2397 0.9154
1305031454.6919 -0.2157 0.1689 -0.2157 0.0754 -0.3269 -0.2433 0.9101
1305031454.7277 -0.2129 0.1721 -0.2156 0.0728 -0.3415 -0.2468 0.9040
1305031454.7597 -0.2150 0.1777 -0.2086 0.0697 -0.3476 -0.2431 0.9029
1305031454.7916 -0.2155 0.1862 -0.2007 0.0661 -0.3505 -0.2352 0.9041
1305031454.8276 -0.2118 0.1921 -0.1985 0.0622 -0.3524 -0.2291 0.9053
1305031454.8596 -0.2072 0.1940 -0.1964 0.0549 -0.3517 -0.2225 0.9076
1305031454.8918 -0.2058 0.1975 -0.2017 0.0495 -0.3463 -0.2151 0.9118
1305031454.9276 -0.2070 0.2087 -0.2014 0.0459 -0.3421 -0.2069 0.9154
1305031454.9596 -0.2087 0.2157 -0.2034 0.0436 -0.3386 -0.2025 0.9178
1305031454.9919 -0.2107 0.2186 -0.2049 0.0399 -0.3369 -0.1981 0.9196
1305031455.0278 -0.2115 0.2244 -0.2054 0.0392 -0.3367 -0.1952 0.9203
1305031455.0596 -0.2141 0.2289 -0.2059 0.0380 -0.3350 -0.1931 0.9214
1305031455.0917 -0.2172 0.2331 -0.2104 0.0391 -0.3322 -0.1928 0.9225
1305031455.1277 -0.2212 0.2430 -0.2147 0.0416 -0.3286 -0.1919 0.9238
1305031455.1597 -0.2299 0.2519 -0.2197 0.0419 -0.3240 -0.1892 0.9260
1305031455.1917 -0.2359 0.2550 -0.2210 0.0379 -0.3228 -0.1845 0.9275
1305031455.2276 -0.2408 0.2599 -0.2237 0.0375 -0.3209 -0.1810 0.9289
1305031455.2596 -0.2437 0.2708 -0.2250 0.0367 -0.3190 -0.1752 0.9307
1305031455.2918 -0.2527 0.2681 -0.2289 0.0251 -0.3151 -0.1663 0.9340
1305031455.3278 -0.2619 0.2767 -0.2351 0.0203 -0.3124 -0.1570 0.9367
1305031455.3596 -0.2670 0.2870 -0.2324 0.0123 -0.3128 -0.1466 0.9383
1305031455.3917 -0.2715 0.2771 -0.2298 -0.0038 -0.3110 -0.1398 0.9401
1305031455.4276 -0.2842 0.2834 -0.2373 -0.0086 -0.3045 -0.1322 0.9433
1305031455.4596 -0.2996 0.2863 -0.2475 -0.0120 -0.2988 -0.1264 0.9458
1305031455.4916 -0.3133 0.2891 -0.2577 -0.0168 -0.2939 -0.1177 0.9484
1305031455.5276 -0.3263 0.2872 -0.2669 -0.0221 -0.2904 -0.1091 0.9504
1305031455.5597 -0.3418 0.2908 -0.2802 -0.0244 -0.2903 -0.0972 0.9517
1305031455.5916 -0.3546 0.2915 -0.2940 -0.0287 -0.2908 -0.0851 0.9526
1305031455.6276 -0.3730 0.2882 -0.3050 -0.0337 -0.2865 -0.0777 0.9543
1305031455.6596 -0.3817 0.2858 -0.3143 -0.0329 -0.2854 -0.0721 0.9551
1305031455.6916 -0.3911 0.2856 -0.3266 -0.0307 -0.2836 -0.0728 0.9557
1305031455.7276 -0.3964 0.2832 -0.3322 -0.0301 -0.2827 -0.0749 0.9558
1305031455.7597 -0.4010 0.2819 -0.3377 -0.0296 -0.2808 -0.0763 0.9563
1305031455.7917 -0.4044 0.2761 -0.3436 -0.0299 -0.2793 -0.0748 0.9568
1305031455.8276 -0.4104 0.2747 -0.3558 -0.0285 -0.2774 -0.0734 0.9575
1305031455.8595 -0.4159 0.2717 -0.3650 -0.0287 -0.2763 -0.0739 0.9578
1305031455.8917 -0.4193 0.2712 -0.3723 -0.0277 -0.2750 -0.0743 0.9582
1305031455.9280 -0.4234 0.2676 -0.3786 -0.0286 -0.2734 -0.0745 0.9586
1305031455.9597 -0.4268 0.2669 -0.3855 -0.0278 -0.2716 -0.0758 0.9590
1305031455.9917 -0.4305 0.2660 -0.3901 -0.0287 -0.2695 -0.0769 0.9595
1305031456.0278 -0.4340 0.2650 -0.3953 -0.0326 -0.2664 -0.0800 0.9600
1305031456.0597 -0.4412 0.2502 -0.3965 -0.0427 -0.2643 -0.0872 0.9595
1305031456.0917 -0.4490 0.2447 -0.4003 -0.0458 -0.2614 -0.0913 0.9598
1305031456.1276 -0.4522 0.2421 -0.4035 -0.0461 -0.2596 -0.0917 0.9602
1305031456.1597 -0.4569 0.2402 -0.4034 -0.0457 -0.2564 -0.0919 0.9611
1305031456.1917 -0.4671 0.2249 -0.4101 -0.0447 -0.2485 -0.0886 0.9635
1305031456.2277 -0.4699 0.2268 -0.4155 -0.0421 -0.2414 -0.0855 0.9657
1305031456.2917 -0.4838 0.2093 -0.4105 -0.0456 -0.2229 -0.0787 0.9706
1305031456.3277 -0.4935 0.2034 -0.4118 -0.0440 -0.2125 -0.0709 0.9736
1305031456.3916 -0.5059 0.1859 -0.4061 -0.0462 -0.1923 -0.0604 0.9784
1305031456.4277 -0.5095 0.1734 -0.4044 -0.0469 -0.1863 -0.0497 0.9801
1305031456.4917 -0.5461 0.1865 -0.4057 -0.0506 -0.1776 -0.0378 0.9821
1305031456.5276 -0.5732 0.1948 -0.4014 -0.0522 -0.1741 -0.0336 0.9828
1305031456.5917 -0.5950 0.2080 -0.3915 -0.0506 -0.1698 -0.0244 0.9839
1305031456.6276 -0.5990 0.2177 -0.3849 -0.0632 -0.1682 -0.0201 0.9835
1305031456.6916 -0.6385 0.1961 -0.3679 -0.0809 -0.1566 -0.0093 0.9843
1305031456.7277 -0.6585 0.2112 -0.3687 -0.0826 -0.1526 0.0012 0.9848
1305031456.7916 -0.6979 0.2004 -0.3554 -0.0888 -0.1595 0.0116 0.9831
1305031456.8276 -0.7106 0.2251 -0.3449 -0.0830 -0.1624 0.0193 0.9830
1305031456.8917 -0.7276 0.2203 -0.3193 -0.0966 -0.1631 0.0299 0.9814
1305031456.9277 -0.7396 0.2300 -0.3191 -0.0894 -0.1573 0.0360 0.9828
1305031456.9597 -0.7535 0.2399 -0.3199 -0.0910 -0.1507 0.0414 0.9835
1305031456.9917 -0.7643 0.2296 -0.3111 -0.1044 -0.1476 0.0438 0.9825
1305031457.0276 -0.7797 0.2324 -0.3117 -0.1048 -0.1417 0.0460 0.9833
1305031457.0917 -0.7936 0.2400 -0.3086 -0.1176 -0.1362 0.0530 0.9823
1305031457.1276 -0.8096 0.2322 -0.3094 -0.1221 -0.1276 0.0561 0.9827
1305031457.1917 -0.8306 0.2302 -0.3261 -0.1222 -0.1118 0.0714 0.9836
1305031457.2275 -0.8391 0.2297 -0.3302 -0.1239 -0.1071 0.0745 0.9837
1305031457.2917 -0.8546 0.2196 -0.3483 -0.1189 -0.0923 0.0904 0.9845
1305031457.3275 -0.8669 0.2240 -0.3587 -0.1150 -0.0830 0.0931 0.9855
1305031457.3917 -0.8899 0.2100 -0.3846 -0.1131 -0.0572 0.1080 0.9860
1305031457.4276 -0.9016 0.2140 -0.3942 -0.1087 -0.0503 0.1129 0.9864
1305031457.4917 -0.9273 0.1962 -0.4187 -0.1099 -0.0418 0.1232 0.9854
1305031457.5276 -0.9319 0.1938 -0.4283 -0.1067 -0.0397 0.1264 0.9854
1305031457.5597 -0.9420 0.1883 -0.4440 -0.1022 -0.0342 0.1327 0.9853
1305031457.5917 -0.9507 0.1876 -0.4526 -0.1001 -0.0309 0.1350 0.9853
1305031457.6275 -0.9656 0.1709 -0.4663 -0.1029 -0.0263 0.1375 0.9848
1305031457.6596 -0.9763 0.1832 -0.4806 -0.0929 -0.0245 0.1447 0.9848
1305031457.6916 -0.9816 0.1683 -0.4892 -0.1007 -0.0249 0.1473 0.9836
1305031457.7277 -0.9991 0.1461 -0.4963 -0.1053 -0.0213 0.1445 0.9836
1305031457.7596 -1.0041 0.1403 -0.5013 -0.1032 -0.0199 0.1438 0.9840
1305031457.7916 -1.0087 0.1293 -0.5047 -0.0935 -0.0160 0.1435 0.9851
1305031457.8277 -1.0152 0.1366 -0.5193 -0.0795 -0.0102 0.1458 0.9861
1305031457.8596 -1.0277 0.1360 -0.5259 -0.0748 -0.0031 0.1448 0.9866
1305031457.8916 -1.0431 0.1123 -0.5318 -0.0697 0.0078 0.1450 0.9869
1305031457.9276 -1.0515 0.1092 -0.5399 -0.0561 0.0117 0.1501 0.9870
1305031457.9916 -1.0850 0.0904 -0.5431 -0.0445 0.0185 0.1554 0.9867
1305031458.0278 -1.0873 0.0838 -0.5466 -0.0350 0.0207 0.1594 0.9864
1305031458.0597 -1.0985 0.0918 -0.5533 -0.0243 0.0249 0.1626 0.9861
1305031458.0917 -1.1049 0.0911 -0.5526 -0.0243 0.0271 0.1634 0.9859
1305031458.1276 -1.1104 0.0865 -0.5506 -0.0254 0.0286 0.1638 0.9858
1305031458.1596 -1.1176 0.0828 -0.5474 -0.0246 0.0296 0.1655 0.9855
1305031458.1916 -1.1359 0.0808 -0.5398 -0.0243 0.0309 0.1699 0.9847
1305031458.2276 -1.1463 0.0681 -0.5216 -0.0336 0.0281 0.1702 0.9844
1305031458.2599 -1.1697 0.0553 -0.5151 -0.0342 0.0274 0.1672 0.9849
1305031458.2917 -1.1880 0.0368 -0.5132 -0.0299 0.0241 0.1702 0.9847
1305031458.3276 -1.2061 0.0350 -0.5038 -0.0267 0.0181 0.1712 0.9847
1305031458.3596 -1.2145 0.0081 -0.4872 -0.0254 0.0135 0.1736 0.9844
1305031458.3916 -1.2399 0.0124 -0.4827 -0.0109 0.0141 0.1790 0.9837
1305031458.4276 -1.2459 0.0190 -0.4698 -0.0022 0.0134 0.1895 0.9818
1305031458.4596 -1.2390 0.0139 -0.4619 0.0082 0.0143 0.1963 0.9804
1305031458.4917 -1.2350 0.0065 -0.4501 0.0242 0.0203 0.1968 0.9799
1305031458.5277 -1.2488 0.0228 -0.4491 0.0458 0.0299 0.1958 0.9791
1305031458.5596 -1.2601 0.0241 -0.4330 0.0515 0.0380 0.1949 0.9787
1305031458.5916 -1.2813 0.0260 -0.4264 0.0612 0.0465 0.1872 0.9793
1305031458.6277 -1.2944 0.0435 -0.4055 0.0678 0.0471 0.1852 0.9792
1305031458.6596 -1.3113 0.0376 -0.4079 0.0602 0.0432 0.1870 0.9796
1305031458.6917 -1.3324 0.0391 -0.3919 0.0580 0.0321 0.1784 0.9817
1305031458.7276 -1.3365 0.0380 -0.3769 0.0598 0.0179 0.1726 0.9830
1305031458.7599 -1.3456 0.0335 -0.3726 0.0634 0.0039 0.1660 0.9841
1305031458.7916 -1.3506 0.0433 -0.3567 0.0678 -0.0115 0.1571 0.9852
1305031458.8276 -1.3574 0.0436 -0.3322 0.0646 -0.0179 0.1543 0.9858
1305031458.8917 -1.3707 0.0456 -0.3096 0.0753 -0.0166 0.1405 0.9871
1305031458.9276 -1.3800 0.0491 -0.3055 0.0754 -0.0109 0.1425 0.9869
1305031458.9596 -1.3819 0.0383 -0.2943 0.0647 -0.0083 0.1531 0.9861
1305031458.9916 -1.3844 0.0160 -0.2979 0.0611 -0.0060 0.1578 0.9856
1305031459.0277 -1.4125 0.0186 -0.2896 0.0769 -0.0032 0.1544 0.9850
1305031459.0596 -1.4288 0.0117 -0.2860 0.0837 -0.0106 0.1653 0.9826
1305031459.1276 -1.5025 0.0914 -0.2399 0.1160 0.0148 0.1445 0.9826
1305031459.1596 -1.5046 0.0949 -0.2293 0.1260 -0.0149 0.1451 0.9813
1305031459.1917 -1.5168 0.0956 -0.2162 0.1323 -0.0326 0.1488 0.9794
1305031459.2276 -1.5204 0.0987 -0.2042 0.1358 -0.0476 0.1555 0.9773
1305031459.2598 -1.5282 0.1030 -0.1846 0.1367 -0.0495 0.1615 0.9761
1305031459.3276 -1.5351 0.1114 -0.1456 0.1326 -0.0226 0.1883 0.9729
1305031459.3597 -1.5431 0.1123 -0.1342 0.1332 -0.0002 0.2060 0.9694
1305031459.3917 -1.5590 0.1294 -0.1298 0.1298 0.0264 0.2288 0.9644
1305031459.4276 -1.5528 0.1357 -0.1216 0.1141 0.0532 0.2621 0.9568
1305031459.4597 -1.5672 0.1323 -0.1263 0.1060 0.0880 0.3031 0.9430
1305031459.5276 -1.5966 0.1568 -0.1160 0.0883 0.1283 0.3618 0.9191
1305031459.5596 -1.6097 0.1337 -0.1272 0.0728 0.1435 0.3893 0.9070
1305031459.5917 -1.6208 0.1314 -0.1257 0.0681 0.1475 0.4090 0.8979
1305031459.6276 -1.6272 0.1333 -0.1204 0.0653 0.1469 0.4181 0.8941
1305031459.6596 -1.6345 0.1348 -0.1165 0.0660 0.1512 0.4179 0.8934
1305031459.6916 -1.6528 0.1303 -0.1138 0.0625 0.1631 0.4207 0.8902
1305031459.7276 -1.6561 0.1171 -0.1151 0.0553 0.1666 0.4238 0.8886
1305031459.7917 -1.6850 0.0892 -0.1151 0.0551 0.1758 0.4193 0.8890
1305031459.8277 -1.6986 0.0700 -0.1135 0.0518 0.1774 0.4192 0.8889
1305031459.8597 -1.7153 0.0553 -0.1086 0.0492 0.1771 0.4167 0.8903
1305031459.8916 -1.7165 0.0350 -0.1051 0.0422 0.1702 0.4233 0.8889
1305031459.9276 -1.7218 0.0185 -0.1033 0.0404 0.1657 0.4265 0.8883
1305031459.9917 -1.7310 -0.0123 -0.0945 0.0338 0.1588 0.4372 0.8846
1305031460.0276 -1.7370 -0.0285 -0.0909 0.0320 0.1590 0.4407 0.8829
1305031460.0597 -1.7415 -0.0485 -0.0870 0.0290 0.1591 0.4451 0.8807
1305031460.0917 -1.7497 -0.0731 -0.0882 0.0270 0.1553 0.4520 0.8780
1305031460.1277 -1.7535 -0.0792 -0.0834 0.0340 0.1450 0.4576 0.8766
1305031460.1597 -1.7620 -0.0881 -0.0791 0.0406 0.1372 0.4622 0.8752
1305031460.1916 -1.7598 -0.0982 -0.0738 0.0396 0.1285 0.4703 0.8722
1305031460.2278 -1.7611 -0.0972 -0.0645 0.0423 0.1288 0.4697 0.8724
1305031460.2917 -1.7590 -0.1179 -0.0538 0.0432 0.1437 0.4724 0.8685
1305031460.3275 -1.7599 -0.1182 -0.0502 0.0468 0.1486 0.4721 0.8677
1305031460.3916 -1.7609 -0.1196 -0.0364 0.0446 0.1650 0.4753 0.8631
1305031460.4275 -1.7644 -0.1219 -0.0308 0.0449 0.1741 0.4778 0.8599
1305031460.4596 -1.7658 -0.1207 -0.0201 0.0433 0.1865 0.4784 0.8570
1305031460.4915 -1.7667 -0.1258 -0.0219 0.0355 0.1989 0.4834 0.8517
1305031460.5276 -1.7653 -0.1434 -0.0227 0.0236 0.2100 0.4918 0.8447
1305031460.5596 -1.7653 -0.1498 -0.0165 0.0186 0.2185 0.4943 0.8412
1305031460.5919 -1.7687 -0.1537 -0.0111 0.0168 0.2257 0.4932 0.8400
1305031460.6276 -1.7748 -0.1548 -0.0051 0.0179 0.2330 0.4933 0.8379
1305031460.6598 -1.7776 -0.1608 -0.0020 0.0168 0.2382 0.4927 0.8368
1305031460.6917 -1.7801 -0.1672 0.0009 0.0145 0.2408 0.4933 0.8358
1305031460.7277 -1.7809 -0.1711 0.0029 0.0126 0.2412 0.4935 0.8356
1305031460.7597 -1.7814 -0.1758 0.0060 0.0111 0.2440 0.4915 0.8359
1305031460.7917 -1.7830 -0.1847 0.0070 0.0084 0.2461 0.4915 0.8353
1305031460.8277 -1.7825 -0.1921 0.0112 0.0045 0.2467 0.4907 0.8357
1305031460.8597 -1.7829 -0.1953 0.0150 0.0021 0.2484 0.4892 0.8360
1305031460.8918 -1.7821 -0.2001 0.0172 -0.0009 0.2500 0.4881 0.8362
1305031460.9276 -1.7829 -0.2082 0.0207 -0.0043 0.2512 0.4883 0.8358
1305031460.9917 -1.7726 -0.2249 0.0326 -0.0072 0.2534 0.4901 0.8340
1305031461.0276 -1.7718 -0.2278 0.0394 -0.0054 0.2546 0.4899 0.8338
1305031461.0917 -1.7768 -0.2389 0.0535 -0.0004 0.2535 0.4877 0.8354
1305031461.1276 -1.7715 -0.2401 0.0589 -0.0005 0.2525 0.4861 0.8366
1305031461.1597 -1.7691 -0.2505 0.0657 -0.0007 0.2554 0.4838 0.8371
1305031461.1920 -1.7685 -0.2511 0.0707 0.0022 0.2557 0.4800 0.8392
1305031461.2276 -1.7685 -0.2549 0.0750 0.0025 0.2572 0.4788 0.8394
1305031461.2596 -1.7704 -0.2581 0.0809 0.0048 0.2594 0.4750 0.8409
1305031461.2917 -1.7639 -0.2613 0.0846 0.0051 0.2588 0.4706 0.8435
1305031461.3278 -1.7646 -0.2582 0.0898 0.0083 0.2612 0.4666 0.8450
1305031461.3597 -1.7675 -0.2542 0.0972 0.0085 0.2647 0.4638 0.8455
1305031461.3917 -1.7600 -0.2616 0.1005 0.0021 0.2634 0.4639 0.8458
1305031461.4276 -1.7546 -0.2595 0.1034 0.0031 0.2624 0.4634 0.8464
1305031461.4598 -1.7567 -0.2610 0.1066 0.0009 0.2636 0.4629 0.8463
1305031461.4917 -1.7471 -0.2631 0.1075 -0.0014 0.2619 0.4640 0.8462
1305031461.5277 -1.7493 -0.2597 0.1087 0.0043 0.2643 0.4607 0.8473
1305031461.5597 -1.7435 -0.2500 0.1099 0.0061 0.2639 0.4578 0.8490
1305031461.5917 -1.7383 -0.2417 0.0988 0.0060 0.2678 0.4541 0.8497
1305031461.6275 -1.7372 -0.2345 0.1015 0.0049 0.2736 0.4533 0.8483
1305031461.6596 -1.7376 -0.2294 0.1032 0.0039 0.2791 0.4514 0.8475
1305031461.6916 -1.7405 -0.2250 0.1085 0.0030 0.2845 0.4546 0.8441
1305031461.7276 -1.7363 -0.2202 0.1125 0.0015 0.2851 0.4575 0.8423
1305031461.7597 -1.7380 -0.2121 0.1116 0.0022 0.2878 0.4577 0.8412
1305031461.7916 -1.7310 -0.2067 0.1035 -0.0035 0.2880 0.4634 0.8380
1305031461.8276 -1.7284 -0.1969 0.0983 -0.0052 0.2925 0.4669 0.8345
1305031461.8598 -1.7347 -0.1898 0.0984 -0.0068 0.2995 0.4716 0.8294
1305031461.8917 -1.7395 -0.1740 0.1036 -0.0105 0.3034 0.4846 0.8204
1305031461.9278 -1.7342 -0.1700 0.1083 -0.0196 0.3016 0.4962 0.8139
1305031461.9597 -1.7252 -0.1517 0.0962 -0.0242 0.3007 0.4975 0.8133
1305031461.9916 -1.7367 -0.1328 0.0982 -0.0302 0.3082 0.5039 0.8063
1305031462.0277 -1.7420 -0.1382 0.1116 -0.0454 0.3129 0.5121 0.7986
1305031462.0598 -1.7420 -0.1275 0.1118 -0.0495 0.3047 0.5233 0.7942
1305031462.0918 -1.7397 -0.1143 0.1071 -0.0509 0.2946 0.5359 0.7896
1305031462.1277 -1.7378 -0.1060 0.1082 -0.0547 0.2897 0.5463 0.7840
1305031462.1596 -1.7468 -0.0853 0.1046 -0.0495 0.2848 0.5515 0.7825
1305031462.1916 -1.7528 -0.0773 0.1132 -0.0508 0.2873 0.5482 0.7839
1305031462.2276 -1.7660 -0.0514 0.1083 -0.0464 0.2837 0.5460 0.7869
1305031462.2598 -1.7711 -0.0542 0.1138 -0.0565 0.2855 0.5420 0.7883
1305031462.2916 -1.7795 -0.0495 0.1188 -0.0629 0.2849 0.5361 0.7921
1305031462.3275 -1.7809 -0.0490 0.1225 -0.0746 0.2830 0.5309 0.7953
1305031462.3597 -1.7933 -0.0308 0.1233 -0.0721 0.2806 0.5259 0.7997
1305031462.3917 -1.7962 -0.0183 0.1248 -0.0789 0.2713 0.5245 0.8032
1305031462.4276 -1.7983 -0.0061 0.1260 -0.0862 0.2614 0.5197 0.8088
1305031462.4599 -1.8206 0.0243 0.1406 -0.0791 0.2573 0.5111 0.8163
1305031462.4920 -1.8167 0.0282 0.1459 -0.0918 0.2448 0.5090 0.8201
1305031462.5277 -1.8262 0.0068 0.1609 -0.1081 0.2476 0.4998 0.8229
1305031462.5599 -1.8229 0.0053 0.1607 -0.1182 0.2381 0.4924 0.8288
1305031462.5919 -1.8376 0.0144 0.1649 -0.1143 0.2394 0.4807 0.8358
1305031462.6279 -1.8386 0.0179 0.1633 -0.1200 0.2348 0.4693 0.8427
1305031462.6597 -1.8379 0.0255 0.1577 -0.1192 0.2281 0.4651 0.8470
1305031462.6925 -1.8476 0.0144 0.1456 -0.1269 0.2300 0.4525 0.8522
1305031462.7277 -1.8538 0.0202 0.1464 -0.1265 0.2246 0.4401 0.8601
1305031462.7598 -1.8571 0.0245 0.1400 -0.1277 0.2177 0.4287 0.8675
1305031462.7919 -1.8567 0.0184 0.1351 -0.1367 0.2141 0.4220 0.8703
1305031462.8278 -1.8554 0.0267 0.1349 -0.1424 0.2063 0.4166 0.8738
1305031462.8598 -1.8556 0.0300 0.1225 -0.1459 0.2029 0.4111 0.8766
1305031462.8918 -1.8523 0.0385 0.1151 -0.1473 0.2014 0.4061 0.8791
1305031462.9276 -1.8511 0.0394 0.1106 -0.1495 0.2021 0.4037 0.8797
1305031462.9597 -1.8484 0.0399 0.1058 -0.1519 0.2005 0.4000 0.8813
1305031462.9955 -1.8487 0.0570 0.0978 -0.1434 0.1975 0.3933 0.8864
1305031463.0277 -1.8474 0.0574 0.0858 -0.1407 0.1964 0.3886 0.8892
1305031463.0598 -1.8476 0.0586 0.0753 -0.1392 0.1943 0.3816 0.8929
1305031463.0958 -1.8465 0.0715 0.0639 -0.1336 0.1901 0.3691 0.8999
1305031463.1275 -1.8432 0.0859 0.0542 -0.1268 0.1873 0.3621 0.9043
1305031463.1598 -1.8430 0.0842 0.0352 -0.1241 0.1889 0.3496 0.9092
1305031463.1957 -1.8392 0.0862 0.0281 -0.1255 0.1881 0.3430 0.9117
1305031463.2278 -1.8335 0.1007 0.0250 -0.1227 0.1871 0.3356 0.9150
1305031463.2600 -1.8294 0.1140 0.0136 -0.1152 0.1883 0.3299 0.9178
1305031463.2957 -1.8211 0.1187 0.0020 -0.1144 0.1858 0.3289 0.9188
1305031463.3277 -1.8153 0.1341 -0.0009 -0.1089 0.1821 0.3231 0.9223
1305031463.3598 -1.8135 0.1382 -0.0157 -0.1041 0.1820 0.3173 0.9248
1305031463.3956 -1.8087 0.1472 -0.0238 -0.1003 0.1800 0.3147 0.9265
1305031463.4277 -1.8028 0.1708 -0.0271 -0.0918 0.1788 0.3091 0.9295
1305031463.4598 -1.7994 0.1923 -0.0255 -0.0862 0.1831 0.3034 0.9311
1305031463.4956 -1.7899 0.2015 -0.0286 -0.0882 0.1880 0.2999 0.9311
1305031463.5277 -1.7801 0.2118 -0.0321 -0.0865 0.1943 0.2971 0.9309
1305031463.5598 -1.7660 0.2202 -0.0451 -0.0844 0.1948 0.2986 0.9305
1305031463.5956 -1.7650 0.2243 -0.0448 -0.0852 0.1989 0.2948 0.9307
1305031463.6276 -1.7550 0.2319 -0.0541 -0.0812 0.2010 0.2827 0.9344
1305031463.6598 -1.7459 0.2438 -0.0697 -0.0678 0.2037 0.2772 0.9365
1305031463.6956 -1.7384 0.2556 -0.0836 -0.0618 0.2036 0.2716 0.9386
1305031463.7276 -1.7301 0.2495 -0.0944 -0.0645 0.2093 0.2653 0.9389
1305031463.7597 -1.7137 0.2495 -0.1077 -0.0578 0.2126 0.2556 0.9414
1305031463.7956 -1.6988 0.2508 -0.1312 -0.0522 0.2121 0.2447 0.9447
1305031463.8278 -1.6760 0.2442 -0.1518 -0.0560 0.2080 0.2333 0.9483
1305031463.8599 -1.6615 0.2438 -0.1686 -0.0506 0.2100 0.2252 0.9501
1305031463.8956 -1.6521 0.2505 -0.1910 -0.0416 0.2099 0.2140 0.9531
1305031463.9277 -1.6406 0.2448 -0.2060 -0.0426 0.2071 0.2079 0.9550
1305031463.9597 -1.6216 0.2382 -0.2244 -0.0401 0.2012 0.2034 0.9574
1305031463.9958 -1.6182 0.2308 -0.2392 -0.0351 0.2013 0.1943 0.9594
1305031464.0277 -1.6146 0.2269 -0.2504 -0.0341 0.2014 0.1844 0.9614
1305031464.0597 -1.5910 0.2196 -0.2698 -0.0332 0.1961 0.1768 0.9640
1305031464.0956 -1.5870 0.2129 -0.2856 -0.0280 0.1985 0.1643 0.9658
1305031464.1277 -1.5932 0.2106 -0.2944 -0.0243 0.2017 0.1570 0.9665
1305031464.1598 -1.5894 0.1932 -0.2986 -0.0236 0.2011 0.1535 0.9672
1305031464.1956 -1.5858 0.1823 -0.3149 -0.0142 0.1952 0.1500 0.9691
1305031464.2276 -1.5836 0.1967 -0.3323 0.0024 0.1841 0.1424 0.9725
1305031464.2596 -1.5879 0.1969 -0.3400 0.0084 0.1711 0.1403 0.9752
1305031464.2957 -1.5870 0.1926 -0.3458 0.0096 0.1564 0.1349 0.9784
1305031464.3279 -1.5648 0.1964 -0.3609 0.0118 0.1383 0.1290 0.9819
1305031464.3597 -1.5578 0.1953 -0.3667 0.0150 0.1322 0.1225 0.9835
1305031464.3956 -1.5471 0.1951 -0.3758 0.0196 0.1274 0.1106 0.9855
1305031464.4276 -1.5431 0.1942 -0.3922 0.0204 0.1278 0.1023 0.9863
1305031464.4597 -1.5448 0.1856 -0.4043 0.0210 0.1289 0.0937 0.9870
1305031464.4956 -1.5385 0.1826 -0.4139 0.0220 0.1283 0.0870 0.9877
1305031464.5276 -1.5401 0.1788 -0.4360 0.0223 0.1305 0.0793 0.9880
1305031464.5597 -1.5273 0.1741 -0.4454 0.0202 0.1281 0.0716 0.9890
1305031464.5957 -1.5026 0.1582 -0.4676 0.0211 0.1288 0.0559 0.9899
1305031464.6277 -1.4862 0.1558 -0.4867 0.0337 0.1388 0.0498 0.9885
1305031464.6597 -1.4781 0.1468 -0.4965 0.0435 0.1518 0.0393 0.9867
1305031464.6957 -1.4542 0.1331 -0.5178 0.0558 0.1576 0.0273 0.9856
1305031464.7277 -1.4591 0.1386 -0.5204 0.0767 0.1646 0.0088 0.9833
1305031464.7597 -1.4625 0.1454 -0.5200 0.0906 0.1662 -0.0087 0.9819
1305031464.7960 -1.4614 0.1429 -0.5284 0.0972 0.1619 -0.0270 0.9816
1305031464.8278 -1.4631 0.1484 -0.5189 0.1109 0.1505 -0.0411 0.9815
1305031464.8597 -1.4627 0.1680 -0.5139 0.1205 0.1354 -0.0599 0.9816
1305031464.8958 -1.4546 0.1608 -0.5061 0.1163 0.1208 -0.0792 0.9827
1305031464.9278 -1.4266 0.1393 -0.5099 0.1104 0.1052 -0.0991 0.9833
1305031464.9598 -1.4212 0.1321 -0.5067 0.1130 0.1020 -0.1178 0.9813
1305031464.9957 -1.4183 0.1383 -0.4963 0.1204 0.1030 -0.1364 0.9779
1305031465.0278 -1.4141 0.1449 -0.4839 0.1256 0.1047 -0.1557 0.9742
1305031465.0597 -1.4172 0.1685 -0.4537 0.1353 0.1038 -0.1756 0.9696
1305031465.0957 -1.3990 0.2005 -0.4379 0.1340 0.0922 -0.1930 0.9676
1305031465.1277 -1.3851 0.2063 -0.4080 0.1168 0.0823 -0.2073 0.9678
1305031465.1598 -1.3662 0.2029 -0.3799 0.0994 0.0714 -0.2162 0.9687
1305031465.1956 -1.3465 0.1898 -0.3542 0.0832 0.0606 -0.2252 0.9689
1305031465.2279 -1.3320 0.1915 -0.3281 0.0700 0.0551 -0.2315 0.9687
1305031465.2598 -1.3143 0.1804 -0.3012 0.0547 0.0460 -0.2324 0.9700
1305031465.2956 -1.3078 0.1937 -0.2776 0.0527 0.0410 -0.2213 0.9729
1305031465.3277 -1.2918 0.1996 -0.2658 0.0427 0.0288 -0.2124 0.9758
1305031465.3599 -1.2813 0.1954 -0.2514 0.0357 0.0132 -0.2012 0.9788
1305031465.3956 -1.2545 0.2004 -0.2392 0.0363 -0.0052 -0.1913 0.9808
1305031465.4277 -1.2346 0.1997 -0.2361 0.0365 -0.0166 -0.1834 0.9822
1305031465.4601 -1.2194 0.2067 -0.2359 0.0384 -0.0247 -0.1743 0.9836
1305031465.4957 -1.1964 0.2142 -0.2345 0.0356 -0.0342 -0.1648 0.9851
1305031465.5276 -1.1823 0.2094 -0.2340 0.0325 -0.0411 -0.1624 0.9853
1305031465.5598 -1.1630 0.2144 -0.2353 0.0371 -0.0487 -0.1583 0.9855
1305031465.5956 -1.1464 0.2194 -0.2361 0.0403 -0.0528 -0.1524 0.9861
1305031465.6277 -1.1358 0.2274 -0.2352 0.0436 -0.0555 -0.1461 0.9867
1305031465.6601 -1.1258 0.2301 -0.2364 0.0444 -0.0609 -0.1418 0.9870
1305031465.6957 -1.1041 0.2365 -0.2353 0.0486 -0.0684 -0.1366 0.9871
1305031465.7277 -1.0890 0.2452 -0.2360 0.0539 -0.0712 -0.1304 0.9874
1305031465.7598 -1.0748 0.2598 -0.2364 0.0609 -0.0746 -0.1243 0.9876
1305031465.7959 -1.0600 0.2629 -0.2380 0.0628 -0.0768 -0.1211 0.9877
1305031465.8280 -1.0413 0.2724 -0.2344 0.0702 -0.0811 -0.1169 0.9873
1305031465.8599 -1.0140 0.2851 -0.2453 0.0796 -0.0842 -0.1136 0.9867
1305031465.8955 -0.9862 0.2947 -0.2482 0.0830 -0.0805 -0.1116 0.9870
1305031465.9275 -0.9598 0.2925 -0.2442 0.0854 -0.0762 -0.1097 0.9874
1305031465.9597 -0.9385 0.3069 -0.2482 0.0965 -0.0688 -0.1101 0.9868
1305031465.9958 -0.9122 0.3136 -0.2534 0.1018 -0.0666 -0.1110 0.9863
1305031466.0276 -0.8894 0.3194 -0.2643 0.1042 -0.0668 -0.1118 0.9860
1305031466.0598 -0.8628 0.3443 -0.2598 0.1069 -0.0672 -0.1111 0.9858
1305031466.0958 -0.8488 0.3599 -0.2653 0.1030 -0.0679 -0.1105 0.9862
1305031466.1276 -0.8377 0.3773 -0.2656 0.0982 -0.0696 -0.1112 0.9865
1305031466.1604 -0.8263 0.3943 -0.2686 0.0940 -0.0726 -0.1094 0.9869
1305031466.1958 -0.8160 0.4110 -0.2713 0.0869 -0.0764 -0.1079 0.9874
1305031466.2280 -0.8022 0.4121 -0.2748 0.0722 -0.0825 -0.1120 0.9876
1305031466.2598 -0.7869 0.4066 -0.2824 0.0686 -0.0850 -0.1183 0.9870
1305031466.2957 -0.7619 0.4098 -0.2920 0.0715 -0.0836 -0.1272 0.9858
1305031466.3277 -0.7378 0.4136 -0.3051 0.0722 -0.0775 -0.1337 0.9853
1305031466.3598 -0.7264 0.4204 -0.3184 0.0698 -0.0661 -0.1418 0.9852
1305031466.3958 -0.7123 0.4074 -0.3347 0.0661 -0.0650 -0.1429 0.9854
1305031466.4278 -0.7057 0.4107 -0.3472 0.0694 -0.0654 -0.1464 0.9846
1305031466.4598 -0.6957 0.4159 -0.3574 0.0693 -0.0680 -0.1490 0.9841
1305031466.4958 -0.6825 0.4241 -0.3599 0.0682 -0.0699 -0.1508 0.9837
1305031466.5275 -0.6580 0.4150 -0.3699 0.0647 -0.0706 -0.1506 0.9840
1305031466.5604 -0.6349 0.4183 -0.3828 0.0641 -0.0680 -0.1511 0.9841
1305031466.5959 -0.6121 0.4243 -0.3878 0.0563 -0.0673 -0.1560 0.9839
1305031466.6275 -0.5918 0.3988 -0.3956 0.0454 -0.0659 -0.1591 0.9840
1305031466.6597 -0.5692 0.3939 -0.4039 0.0489 -0.0645 -0.1627 0.9834
1305031466.6958 -0.5504 0.4009 -0.4130 0.0503 -0.0647 -0.1689 0.9822
1305031466.7281 -0.5391 0.4042 -0.4141 0.0458 -0.0639 -0.1803 0.9805
1305031466.7596 -0.5155 0.3891 -0.4169 0.0448 -0.0665 -0.1861 0.9793
1305031466.7956 -0.5046 0.3904 -0.4287 0.0483 -0.0670 -0.1900 0.9783
1305031466.8279 -0.4909 0.3922 -0.4307 0.0465 -0.0703 -0.1918 0.9778
1305031466.8597 -0.4859 0.3862 -0.4324 0.0435 -0.0730 -0.1915 0.9778
1305031466.8957 -0.4736 0.3837 -0.4303 0.0437 -0.0833 -0.1924 0.9768
1305031466.9278 -0.4575 0.3773 -0.4371 0.0410 -0.0974 -0.1952 0.9751
1305031466.9597 -0.4457 0.3697 -0.4370 0.0391 -0.1046 -0.1983 0.9738
1305031466.9957 -0.4363 0.3636 -0.4438 0.0379 -0.1073 -0.2004 0.9731
1305031467.0278 -0.4255 0.3612 -0.4458 0.0378 -0.1102 -0.2031 0.9722
1305031467.0597 -0.4125 0.3580 -0.4514 0.0377 -0.1126 -0.2047 0.9716
1305031467.0957 -0.4037 0.3609 -0.4498 0.0374 -0.1127 -0.2078 0.9709
1305031467.1290 -0.3964 0.3560 -0.4482 0.0362 -0.1145 -0.2150 0.9692
1305031467.1597 -0.3883 0.3529 -0.4509 0.0365 -0.1163 -0.2194 0.9680
1305031467.1957 -0.3829 0.3524 -0.4562 0.0367 -0.1182 -0.2236 0.9668
1305031467.2277 -0.3724 0.3504 -0.4591 0.0367 -0.1235 -0.2275 0.9652
1305031467.2597 -0.3655 0.3495 -0.4587 0.0373 -0.1268 -0.2302 0.9641
1305031467.2958 -0.3578 0.3480 -0.4582 0.0378 -0.1306 -0.2344 0.9626
1305031467.3280 -0.3478 0.3467 -0.4658 0.0381 -0.1341 -0.2383 0.9611
1305031467.3597 -0.3335 0.3457 -0.4735 0.0355 -0.1398 -0.2412 0.9597
1305031467.3958 -0.3195 0.3465 -0.4719 0.0316 -0.1456 -0.2459 0.9578
1305031467.4278 -0.3101 0.3423 -0.4733 0.0301 -0.1500 -0.2483 0.9565
1305031467.4597 -0.2973 0.3354 -0.4829 0.0280 -0.1553 -0.2495 0.9554
1305031467.4961 -0.2754 0.3476 -0.4834 0.0286 -0.1623 -0.2547 0.9529
1305031467.5277 -0.2655 0.3382 -0.4884 0.0234 -0.1646 -0.2603 0.9511
1305031467.5598 -0.2586 0.3342 -0.4847 0.0229 -0.1656 -0.2615 0.9506
1305031467.5960 -0.2525 0.3325 -0.4871 0.0225 -0.1663 -0.2602 0.9509
1305031467.6275 -0.2413 0.3316 -0.4803 0.0242 -0.1709 -0.2583 0.9505
1305031467.6596 -0.2391 0.3187 -0.4765 0.0249 -0.1745 -0.2575 0.9501
1305031467.6959 -0.2358 0.3156 -0.4798 0.0266 -0.1756 -0.2593 0.9493
1305031467.7275 -0.2315 0.3080 -0.4741 0.0295 -0.1771 -0.2649 0.9474
1305031467.7599 -0.2308 0.3044 -0.4668 0.0340 -0.1784 -0.2667 0.9465
1305031467.7961 -0.2300 0.3016 -0.4638 0.0366 -0.1795 -0.2688 0.9456
1305031467.8278 -0.2321 0.2878 -0.4558 0.0380 -0.1806 -0.2690 0.9453
1305031467.8597 -0.2278 0.2848 -0.4498 0.0463 -0.1848 -0.2654 0.9451
1305031467.8959 -0.2300 0.2733 -0.4459 0.0472 -0.1884 -0.2657 0.9443
1305031467.9278 -0.2253 0.2590 -0.4257 0.0473 -0.1956 -0.2683 0.9421
1305031467.9598 -0.2271 0.2470 -0.4161 0.0523 -0.1994 -0.2686 0.9409
1305031467.9958 -0.2190 0.2417 -0.4079 0.0537 -0.2019 -0.2696 0.9400
1305031468.0281 -0.2128 0.2326 -0.3878 0.0530 -0.2040 -0.2716 0.9390
1305031468.0598 -0.2194 0.2148 -0.3825 0.0547 -0.2043 -0.2750 0.9379
1305031468.0959 -0.2171 0.2105 -0.3758 0.0559 -0.2061 -0.2765 0.9370
1305031468.1278 -0.2145 0.2045 -0.3610 0.0557 -0.2078 -0.2777 0.9363
1305031468.1599 -0.2129 0.1945 -0.3476 0.0565 -0.2094 -0.2790 0.9355
1305031468.1960 -0.2068 0.1859 -0.3317 0.0569 -0.2109 -0.2819 0.9343
1305031468.2282 -0.2016 0.1756 -0.3109 0.0567 -0.2113 -0.2824 0.9340
1305031468.2598 -0.1900 0.1567 -0.2857 0.0557 -0.2141 -0.2808 0.9339
1305031468.2958 -0.1843 0.1430 -0.2699 0.0559 -0.2134 -0.2819 0.9337
1305031468.3278 -0.1767 0.1153 -0.2518 0.0545 -0.2152 -0.2805 0.9338
1305031468.3598 -0.1676 0.0974 -0.2363 0.0565 -0.2166 -0.2761 0.9347
1305031468.3959 -0.1613 0.0876 -0.2304 0.0551 -0.2170 -0.2755 0.9349
1305031468.4280 -0.1572 0.0723 -0.2097 0.0532 -0.2183 -0.2746 0.9350
1305031468.4598 -0.1646 0.0486 -0.2021 0.0491 -0.2175 -0.2708 0.9365
1305031468.4958 -0.1600 0.0395 -0.1920 0.0486 -0.2178 -0.2704 0.9365
1305031468.5278 -0.1641 0.0175 -0.1759 0.0483 -0.2167 -0.2752 0.9354
1305031468.5597 -0.1763 0.0009 -0.1801 0.0541 -0.2152 -0.2856 0.9323
1305031468.5958 -0.1808 -0.0035 -0.1839 0.0569 -0.2146 -0.2900 0.9309
1305031468.6276 -0.1843 -0.0120 -0.1793 0.0532 -0.2152 -0.2905 0.9308
1305031468.6596 -0.2017 -0.0344 -0.1720 0.0505 -0.2171 -0.2927 0.9299
1305031468.6958 -0.2177 -0.0531 -0.1695 0.0529 -0.2204 -0.2978 0.9273
1305031468.7278 -0.2233 -0.0567 -0.1630 0.0593 -0.2259 -0.2985 0.9254
1305031468.7596 -0.2298 -0.0694 -0.1597 0.0588 -0.2288 -0.2982 0.9248
1305031468.7958 -0.2406 -0.0862 -0.1598 0.0630 -0.2309 -0.3035 0.9223
1305031468.8292 -0.2569 -0.0998 -0.1678 0.0696 -0.2307 -0.3105 0.9195
1305031468.8597 -0.2576 -0.1032 -0.1703 0.0719 -0.2300 -0.3136 0.9185
1305031468.8959 -0.2486 -0.1164 -0.1546 0.0713 -0.2299 -0.3148 0.9181
1305031468.9281 -0.2553 -0.1169 -0.1559 0.0702 -0.2211 -0.3124 0.9212
1305031468.9596 -0.2664 -0.1183 -0.1587 0.0658 -0.2140 -0.3109 0.9237
1305031468.9957 -0.2669 -0.1125 -0.1553 0.0539 -0.2087 -0.3155 0.9241
1305031469.0277 -0.2721 -0.1175 -0.1463 0.0365 -0.2038 -0.3216 0.9240
1305031469.0598 -0.2820 -0.1311 -0.1393 0.0208 -0.2006 -0.3278 0.9230
1305031469.0957 -0.2849 -0.1377 -0.1313 0.0097 -0.1986 -0.3369 0.9203
1305031469.1277 -0.2783 -0.1487 -0.1169 -0.0021 -0.1947 -0.3466 0.9176
1305031469.1597 -0.2746 -0.1541 -0.0893 -0.0106 -0.1897 -0.3543 0.9156
1305031469.1955 -0.2853 -0.1605 -0.0956 -0.0175 -0.1756 -0.3558 0.9177
1305031469.2278 -0.2973 -0.1645 -0.0873 -0.0220 -0.1698 -0.3589 0.9175
1305031469.2596 -0.2955 -0.1637 -0.0634 -0.0270 -0.1671 -0.3615 0.9169
1305031469.2968 -0.3039 -0.1675 -0.0520 -0.0320 -0.1629 -0.3644 0.9163
1305031469.3276 -0.3104 -0.1641 -0.0451 -0.0351 -0.1589 -0.3660 0.9163
1305031469.3596 -0.3118 -0.1734 -0.0247 -0.0442 -0.1558 -0.3710 0.9144
1305031469.3957 -0.3189 -0.1796 -0.0128 -0.0456 -0.1423 -0.3772 0.9140
1305031469.4277 -0.3195 -0.1685 0.0009 -0.0402 -0.1297 -0.3827 0.9138
1305031469.4597 -0.3111 -0.1747 0.0189 -0.0413 -0.1272 -0.3901 0.9110
1305031469.4957 -0.3181 -0.1630 0.0268 -0.0395 -0.1218 -0.3922 0.9109
1305031469.5276 -0.3133 -0.1573 0.0392 -0.0420 -0.1239 -0.3912 0.9110
1305031469.5596 -0.3186 -0.1597 0.0505 -0.0521 -0.1226 -0.3927 0.9100
1305031469.5958 -0.3155 -0.1489 0.0604 -0.0593 -0.1206 -0.3912 0.9104
1305031469.6278 -0.3113 -0.1465 0.0790 -0.0687 -0.1223 -0.3902 0.9100
1305031469.6596 -0.3222 -0.1365 0.0961 -0.0763 -0.1143 -0.3920 0.9096
1305031469.6956 -0.3216 -0.1316 0.1040 -0.0813 -0.1113 -0.3896 0.9106
1305031469.7277 -0.3223 -0.1153 0.1150 -0.0846 -0.1039 -0.3896 0.9112
1305031469.7596 -0.3259 -0.0907 0.1306 -0.0865 -0.0960 -0.3844 0.9141
1305031469.7956 -0.3352 -0.0691 0.1454 -0.0903 -0.0902 -0.3830 0.9149
1305031469.8275 -0.3335 -0.0542 0.1520 -0.0942 -0.0925 -0.3801 0.9155
1305031469.8596 -0.3460 -0.0328 0.1658 -0.1002 -0.0884 -0.3794 0.9155
1305031469.8958 -0.3424 -0.0197 0.1723 -0.1048 -0.0921 -0.3745 0.9167
1305031469.9279 -0.3540 -0.0106 0.1837 -0.1137 -0.0918 -0.3748 0.9155
1305031469.9598 -0.3636 0.0121 0.1921 -0.1133 -0.0921 -0.3714 0.9169
1305031469.9956 -0.3659 0.0329 0.1995 -0.1143 -0.0939 -0.3663 0.9187
1305031470.0277 -0.3738 0.0499 0.2024 -0.1163 -0.0944 -0.3672 0.9180
1305031470.0596 -0.3823 0.0644 0.2062 -0.1198 -0.0946 -0.3658 0.9181
1305031470.0959 -0.3935 0.0841 0.2110 -0.1211 -0.0917 -0.3640 0.9189
1305031470.1276 -0.4023 0.1044 0.2126 -0.1219 -0.0902 -0.3614 0.9200
1305031470.1596 -0.4076 0.1240 0.2151 -0.1242 -0.0904 -0.3598 0.9203
1305031470.1961 -0.4162 0.1323 0.2108 -0.1287 -0.0940 -0.3579 0.9201
1305031470.2276 -0.4276 0.1545 0.2168 -0.1304 -0.0913 -0.3519 0.9224
1305031470.2600 -0.4301 0.1680 0.2143 -0.1342 -0.0939 -0.3506 0.9221
1305031470.2957 -0.4415 0.1910 0.2124 -0.1342 -0.0895 -0.3461 0.9242
1305031470.3276 -0.4487 0.2018 0.2144 -0.1435 -0.0902 -0.3444 0.9234
1305031470.3596 -0.4568 0.2181 0.2142 -0.1458 -0.0918 -0.3378 0.9253
1305031470.3958 -0.4676 0.2367 0.2128 -0.1469 -0.0908 -0.3334 0.9268
1305031470.4276 -0.4770 0.2500 0.2156 -0.1479 -0.0934 -0.3347 0.9259
1305031470.4597 -0.4872 0.2598 0.2149 -0.1489 -0.0967 -0.3345 0.9255
1305031470.4957 -0.4961 0.2706 0.2127 -0.1478 -0.0984 -0.3314 0.9266
1305031470.5277 -0.5048 0.2795 0.2108 -0.1474 -0.1000 -0.3323 0.9262
1305031470.5597 -0.5151 0.2888 0.2083 -0.1482 -0.1001 -0.3323 0.9261
1305031470.5958 -0.5240 0.2993 0.2075 -0.1481 -0.0995 -0.3270 0.9280
1305031470.6277 -0.5335 0.3092 0.2067 -0.1489 -0.0990 -0.3234 0.9292
1305031470.6597 -0.5376 0.3174 0.2066 -0.1486 -0.1021 -0.3196 0.9303
1305031470.6956 -0.5474 0.3304 0.2053 -0.1482 -0.1003 -0.3133 0.9326
1305031470.7277 -0.5556 0.3322 0.2068 -0.1508 -0.1035 -0.3131 0.9319
1305031470.7597 -0.5616 0.3378 0.2055 -0.1516 -0.1007 -0.3080 0.9338
1305031470.7956 -0.5705 0.3437 0.2058 -0.1529 -0.0951 -0.3056 0.9350
1305031470.8278 -0.5824 0.3527 0.2055 -0.1473 -0.0920 -0.3018 0.9374
1305031470.8596 -0.5909 0.3529 0.2043 -0.1461 -0.0932 -0.2958 0.9394
1305031470.8957 -0.5980 0.3600 0.2010 -0.1407 -0.0936 -0.2896 0.9421
1305031470.9277 -0.6115 0.3604 0.2007 -0.1404 -0.0949 -0.2850 0.9434
1305031470.9596 -0.6238 0.3629 0.1973 -0.1307 -0.0970 -0.2821 0.9455
1305031470.9960 -0.6267 0.3628 0.1929 -0.1223 -0.1008 -0.2813 0.9464
1305031471.0276 -0.6302 0.3620 0.1905 -0.1126 -0.1034 -0.2802 0.9477
1305031471.0596 -0.6358 0.3588 0.1878 -0.1052 -0.1039 -0.2763 0.9496
1305031471.0958 -0.6421 0.3645 0.1827 -0.0933 -0.1029 -0.2690 0.9531
1305031471.1277 -0.6463 0.3634 0.1801 -0.0882 -0.1054 -0.2610 0.9555
1305031471.1596 -0.6470 0.3694 0.1783 -0.0793 -0.1068 -0.2541 0.9580
1305031471.1957 -0.6488 0.3701 0.1774 -0.0774 -0.1063 -0.2502 0.9592
1305031471.2276 -0.6516 0.3719 0.1768 -0.0765 -0.1049 -0.2468 0.9603
1305031471.2597 -0.6551 0.3728 0.1760 -0.0765 -0.1037 -0.2449 0.9610
1305031471.2961 -0.6575 0.3735 0.1758 -0.0750 -0.1029 -0.2427 0.9617
1305031471.3276 -0.6564 0.3765 0.1760 -0.0693 -0.1027 -0.2384 0.9632
1305031471.3596 -0.6563 0.3773 0.1750 -0.0678 -0.0992 -0.2356 0.9644
1305031471.3957 -0.6632 0.3727 0.1750 -0.0706 -0.0932 -0.2319 0.9657
1305031471.4277 -0.6646 0.3737 0.1716 -0.0674 -0.0929 -0.2257 0.9674
1305031471.4596 -0.6672 0.3760 0.1699 -0.0661 -0.0927 -0.2231 0.9681
1305031471.4965 -0.6782 0.3748 0.1666 -0.0697 -0.0876 -0.2194 0.9692
1305031471.5276 -0.6818 0.3755 0.1639 -0.0700 -0.0858 -0.2169 0.9699
1305031471.5597 -0.6827 0.3760 0.1618 -0.0702 -0.0849 -0.2155 0.9703
1305031471.5957 -0.6838 0.3751 0.1608 -0.0706 -0.0827 -0.2137 0.9708
1305031471.6276 -0.6841 0.3775 0.1586 -0.0680 -0.0806 -0.2138 0.9712
1305031471.6596 -0.6855 0.3778 0.1571 -0.0667 -0.0777 -0.2131 0.9716
1305031471.6956 -0.6864 0.3770 0.1535 -0.0665 -0.0750 -0.2100 0.9726
1305031471.7275 -0.6918 0.3738 0.1498 -0.0704 -0.0685 -0.2064 0.9735
1305031471.7597 -0.6937 0.3760 0.1481 -0.0692 -0.0623 -0.1995 0.9755
1305031471.7958 -0.6959 0.3679 0.1430 -0.0744 -0.0554 -0.1927 0.9769
1305031471.8276 -0.6950 0.3682 0.1419 -0.0774 -0.0540 -0.1880 0.9776
1305031471.8597 -0.6942 0.3709 0.1452 -0.0821 -0.0507 -0.1773 0.9794
1305031471.8956 -0.6939 0.3725 0.1431 -0.0859 -0.0474 -0.1730 0.9800
1305031471.9277 -0.6967 0.3730 0.1434 -0.0921 -0.0409 -0.1653 0.9811
1305031471.9596 -0.7031 0.3772 0.1472 -0.0911 -0.0312 -0.1647 0.9816
1305031471.9956 -0.7003 0.3819 0.1410 -0.0881 -0.0273 -0.1614 0.9826
1305031472.0276 -0.7005 0.3853 0.1434 -0.0968 -0.0217 -0.1530 0.9832
1305031472.0597 -0.7011 0.3869 0.1470 -0.0976 -0.0199 -0.1510 0.9835
1305031472.0956 -0.7032 0.3871 0.1459 -0.0988 -0.0166 -0.1457 0.9842
1305031472.1276 -0.7019 0.3930 0.1475 -0.1024 -0.0156 -0.1387 0.9849
1305031472.1596 -0.7077 0.3962 0.1548 -0.1049 -0.0133 -0.1375 0.9849
1305031472.1957 -0.7100 0.4007 0.1552 -0.0981 -0.0124 -0.1323 0.9863
1305031472.2276 -0.7088 0.4049 0.1551 -0.0924 -0.0138 -0.1267 0.9875
1305031472.2638 -0.7091 0.4049 0.1563 -0.0888 -0.0143 -0.1266 0.9879
1305031472.2957 -0.7123 0.4009 0.1588 -0.0875 -0.0117 -0.1231 0.9885
1305031472.3277 -0.7143 0.4054 0.1532 -0.0763 -0.0089 -0.1140 0.9905
1305031472.3636 -0.7127 0.4107 0.1502 -0.0711 -0.0093 -0.1094 0.9914
1305031472.3956 -0.7150 0.4109 0.1519 -0.0698 -0.0089 -0.1077 0.9917
1305031472.4277 -0.7122 0.4114 0.1516 -0.0671 -0.0126 -0.1037 0.9923
1305031472.4636 -0.7120 0.4101 0.1518 -0.0664 -0.0128 -0.1040 0.9923
1305031472.4956 -0.7117 0.4067 0.1513 -0.0677 -0.0121 -0.1043 0.9922
1305031472.5276 -0.7128 0.4015 0.1535 -0.0683 -0.0107 -0.1033 0.9922
1305031472.5636 -0.7143 0.3971 0.1499 -0.0620 -0.0115 -0.1026 0.9927
1305031472.5957 -0.7136 0.3992 0.1496 -0.0572 -0.0122 -0.1014 0.9931
1305031472.6277 -0.7134 0.3958 0.1505 -0.0583 -0.0124 -0.1000 0.9932
1305031472.6636 -0.7137 0.3911 0.1518 -0.0588 -0.0124 -0.0962 0.9935
1305031472.6958 -0.7124 0.3898 0.1522 -0.0574 -0.0131 -0.0964 0.9936
1305031472.7276 -0.7131 0.3843 0.1535 -0.0559 -0.0134 -0.0970 0.9936
1305031472.7636 -0.7141 0.3808 0.1532 -0.0525 -0.0130 -0.0979 0.9937
1305031472.7956 -0.7126 0.3775 0.1543 -0.0513 -0.0132 -0.0981 0.9938
1305031472.8276 -0.7117 0.3756 0.1572 -0.0496 -0.0127 -0.0991 0.9938
1305031472.8636 -0.7114 0.3765 0.1566 -0.0474 -0.0127 -0.0982 0.9939
1305031472.8957 -0.7107 0.3773 0.1573 -0.0464 -0.0138 -0.0966 0.9941
1305031472.9277 -0.7107 0.3751 0.1590 -0.0475 -0.0144 -0.0957 0.9942
1305031472.9638 -0.7101 0.3752 0.1594 -0.0464 -0.0146 -0.0937 0.9944
1305031472.9957 -0.7100 0.3751 0.1600 -0.0468 -0.0154 -0.0930 0.9944
1305031473.0276 -0.7111 0.3765 0.1619 -0.0466 -0.0156 -0.0930 0.9944
1305031473.0637 -0.7111 0.3750 0.1636 -0.0479 -0.0158 -0.0946 0.9942
1305031473.0957 -0.7111 0.3720 0.1635 -0.0487 -0.0152 -0.0962 0.9941
1305031473.1277 -0.7108 0.3700 0.1632 -0.0498 -0.0151 -0.0964 0.9940
1305031473.1671 -0.7116 0.3685 0.1647 -0.0493 -0.0155 -0.0964 0.9940
1305031473.1961 -0.7120 0.3624 0.1658 -0.0516 -0.0163 -0.0961 0.9939
