1311868164.3990 0.0000 0.0000 0.0000 0.0000 0.0000 0.0000 1.0000
1311868164.4309 0.0013 0.0015 -0.0029 -0.0021 -0.0027 -0.0016 1.0000
1311868164.4631 0.0046 0.0033 -0.0061 -0.0041 -0.0037 -0.0042 1.0000
1311868164.4991 0.0075 0.0034 -0.0083 -0.0060 -0.0020 -0.0072 1.0000
1311868164.5310 0.0094 0.0036 -0.0116 -0.0064 0.0011 -0.0094 0.9999
1311868164.5630 0.0111 0.0034 -0.0146 -0.0060 0.0034 -0.0110 0.9999
1311868164.5991 0.0137 0.0034 -0.0179 -0.0046 0.0043 -0.0128 0.9999
1311868164.6311 0.0164 0.0039 -0.0225 -0.0025 0.0051 -0.0135 0.9999
1311868164.6631 0.0191 0.0043 -0.0275 -0.0015 0.0043 -0.0139 0.9999
1311868164.6990 0.0234 0.0056 -0.0320 -0.0014 0.0021 -0.0137 0.9999
1311868164.7310 0.0288 0.0034 -0.0339 -0.0016 0.0001 -0.0129 0.9999
1311868164.7631 0.0340 0.0026 -0.0374 0.0006 -0.0016 -0.0125 0.9999
1311868164.7991 0.0402 0.0012 -0.0396 0.0029 -0.0024 -0.0128 0.9999
1311868164.8310 0.0464 0.0001 -0.0426 0.0066 -0.0023 -0.0134 0.9999
1311868164.8631 0.0540 0.0003 -0.0455 0.0099 -0.0015 -0.0145 0.9998
1311868164.8991 0.0608 -0.0008 -0.0483 0.0132 -0.0001 -0.0151 0.9998
1311868164.9309 0.0675 0.0009 -0.0520 0.0162 0.0008 -0.0166 0.9997
1311868164.9631 0.0746 0.0053 -0.0560 0.0167 0.0007 -0.0186 0.9997
1311868164.9990 0.0815 0.0032 -0.0578 0.0142 -0.0015 -0.0189 0.9997
1311868165.0311 0.0898 0.0019 -0.0600 0.0139 -0.0053 -0.0186 0.9997
1311868165.0631 0.0989 0.0025 -0.0637 0.0138 -0.0094 -0.0203 0.9997
1311868165.0992 0.1086 0.0014 -0.0671 0.0132 -0.0126 -0.0237 0.9996
1311868165.1310 0.1174 -0.0002 -0.0713 0.0151 -0.0148 -0.0259 0.9994
1311868165.1631 0.1274 0.0015 -0.0764 0.0176 -0.0172 -0.0287 0.9993
1311868165.1991 0.1371 0.0041 -0.0818 0.0190 -0.0189 -0.0319 0.9991
1311868165.2312 0.1473 0.0072 -0.0858 0.0189 -0.0201 -0.0335 0.9991
1311868165.2630 0.1560 0.0094 -0.0903 0.0176 -0.0224 -0.0347 0.9990
1311868165.2991 0.1656 0.0133 -0.0945 0.0155 -0.0266 -0.0361 0.9989
1311868165.3312 0.1752 0.0151 -0.0967 0.0120 -0.0312 -0.0375 0.9987
1311868165.3631 0.1854 0.0141 -0.0988 0.0101 -0.0346 -0.0384 0.9986
1311868165.3992 0.1943 0.0171 -0.1025 0.0102 -0.0361 -0.0396 0.9985
1311868165.4310 0.2026 0.0219 -0.1064 0.0090 -0.0368 -0.0400 0.9985
1311868165.4631 0.2099 0.0255 -0.1088 0.0047 -0.0375 -0.0377 0.9986
1311868165.4992 0.2158 0.0269 -0.1107 -0.0003 -0.0392 -0.0352 0.9986
1311868165.5311 0.2222 0.0272 -0.1126 -0.0051 -0.0405 -0.0336 0.9986
1311868165.5631 0.2281 0.0273 -0.1147 -0.0080 -0.0405 -0.0327 0.9986
1311868165.5992 0.2337 0.0263 -0.1170 -0.0090 -0.0400 -0.0337 0.9986
1311868165.6312 0.2400 0.0274 -0.1215 -0.0077 -0.0393 -0.0357 0.9986
1311868165.6633 0.2463 0.0278 -0.1261 -0.0068 -0.0375 -0.0370 0.9986
1311868165.6992 0.2509 0.0286 -0.1314 -0.0052 -0.0351 -0.0376 0.9987
1311868165.7312 0.2548 0.0312 -0.1373 -0.0037 -0.0334 -0.0385 0.9987
1311868165.7631 0.2593 0.0340 -0.1440 -0.0040 -0.0311 -0.0384 0.9988
1311868165.7991 0.2620 0.0357 -0.1500 -0.0058 -0.0280 -0.0369 0.9989
1311868165.8312 0.2644 0.0376 -0.1562 -0.0078 -0.0258 -0.0360 0.9990
1311868165.8632 0.2668 0.0388 -0.1628 -0.0105 -0.0232 -0.0366 0.9990
1311868165.8992 0.2679 0.0386 -0.1689 -0.0127 -0.0195 -0.0369 0.9990
1311868165.9312 0.2682 0.0386 -0.1755 -0.0129 -0.0156 -0.0358 0.9992
1311868165.9632 0.2678 0.0417 -0.1834 -0.0120 -0.0121 -0.0347 0.9993
1311868165.9991 0.2687 0.0458 -0.1915 -0.0128 -0.0096 -0.0334 0.9993
1311868166.0312 0.2692 0.0488 -0.1991 -0.0146 -0.0063 -0.0301 0.9994
1311868166.0631 0.2692 0.0547 -0.2072 -0.0171 -0.0034 -0.0257 0.9995
1311868166.0992 0.2685 0.0576 -0.2126 -0.0217 -0.0014 -0.0251 0.9995
1311868166.1313 0.2678 0.0613 -0.2185 -0.0240 -0.0005 -0.0257 0.9994
1311868166.1632 0.2677 0.0680 -0.2275 -0.0261 0.0002 -0.0262 0.9993
1311868166.1992 0.2682 0.0737 -0.2342 -0.0299 0.0018 -0.0267 0.9992
1311868166.2311 0.2691 0.0791 -0.2398 -0.0332 0.0036 -0.0258 0.9991
1311868166.2632 0.2708 0.0859 -0.2461 -0.0366 0.0057 -0.0242 0.9990
1311868166.3631 0.2747 0.1052 -0.2611 -0.0503 0.0104 -0.0185 0.9985
1311868166.7311 0.3159 0.1259 -0.3031 -0.0543 0.0182 -0.0195 0.9982
1311868167.0993 0.4318 0.1267 -0.3191 -0.0425 -0.0161 -0.0402 0.9982
1311868167.2991 0.5062 0.1219 -0.3183 -0.0370 -0.0450 -0.0574 0.9967
1311868167.5313 0.5698 0.1193 -0.3185 -0.0372 -0.0614 -0.0632 0.9954
1311868168.0993 0.6426 0.0922 -0.2847 -0.0421 -0.0714 -0.0534 0.9951
1311868168.4312 0.6430 0.0557 -0.2281 -0.0418 -0.0783 -0.0666 0.9938
1311868168.5633 0.6380 0.0325 -0.2065 -0.0290 -0.0821 -0.0672 0.9939
1311868168.6633 0.6375 0.0205 -0.1871 -0.0277 -0.0869 -0.0668 0.9936
1311868168.6996 0.6392 0.0177 -0.1824 -0.0268 -0.0869 -0.0673 0.9936
1311868168.7633 0.6391 0.0153 -0.1722 -0.0265 -0.0879 -0.0655 0.9936
1311868168.7994 0.6388 0.0134 -0.1670 -0.0277 -0.0899 -0.0647 0.9935
1311868168.8312 0.6389 0.0110 -0.1609 -0.0286 -0.0923 -0.0640 0.9933
1311868168.8993 0.6409 0.0051 -0.1494 -0.0267 -0.0972 -0.0677 0.9926
1311868168.9312 0.6414 0.0012 -0.1431 -0.0246 -0.0990 -0.0700 0.9923
1311868168.9633 0.6424 -0.0020 -0.1369 -0.0220 -0.1016 -0.0725 0.9919
1311868168.9994 0.6436 -0.0060 -0.1319 -0.0195 -0.1051 -0.0751 0.9914
1311868169.0312 0.6454 -0.0116 -0.1268 -0.0177 -0.1090 -0.0769 0.9909
1311868169.0634 0.6475 -0.0174 -0.1218 -0.0158 -0.1129 -0.0778 0.9904
1311868169.0993 0.6497 -0.0237 -0.1159 -0.0132 -0.1171 -0.0792 0.9899
1311868169.1312 0.6523 -0.0280 -0.1104 -0.0101 -0.1215 -0.0815 0.9892
1311868169.1995 0.6574 -0.0367 -0.0977 -0.0050 -0.1328 -0.0879 0.9872
1311868169.2314 0.6606 -0.0426 -0.0912 -0.0027 -0.1392 -0.0913 0.9860
1311868169.2633 0.6643 -0.0482 -0.0844 -0.0007 -0.1455 -0.0941 0.9849
1311868169.2995 0.6680 -0.0548 -0.0768 0.0010 -0.1517 -0.0979 0.9836
1311868169.3313 0.6719 -0.0628 -0.0693 0.0040 -0.1580 -0.1029 0.9821
1311868169.3635 0.6756 -0.0697 -0.0622 0.0080 -0.1639 -0.1080 0.9805
1311868169.3994 0.6793 -0.0761 -0.0556 0.0120 -0.1705 -0.1130 0.9788
1311868169.4314 0.6831 -0.0838 -0.0491 0.0150 -0.1778 -0.1170 0.9770
1311868169.4632 0.6868 -0.0916 -0.0431 0.0178 -0.1847 -0.1206 0.9752
1311868169.4993 0.6921 -0.0998 -0.0372 0.0204 -0.1909 -0.1253 0.9734
1311868169.5314 0.6976 -0.1090 -0.0319 0.0233 -0.1953 -0.1302 0.9718
1311868169.5635 0.7027 -0.1185 -0.0267 0.0268 -0.1983 -0.1345 0.9705
1311868169.5994 0.7070 -0.1248 -0.0219 0.0316 -0.2006 -0.1384 0.9693
1311868169.6313 0.7090 -0.1284 -0.0181 0.0354 -0.2040 -0.1417 0.9680
1311868169.6632 0.7127 -0.1332 -0.0140 0.0380 -0.2099 -0.1444 0.9663
1311868169.6995 0.7182 -0.1379 -0.0107 0.0394 -0.2163 -0.1465 0.9645
1311868169.7313 0.7268 -0.1438 -0.0076 0.0405 -0.2217 -0.1485 0.9629
1311868169.7634 0.7341 -0.1506 -0.0031 0.0410 -0.2242 -0.1488 0.9622
1311868169.7994 0.7382 -0.1550 -0.0001 0.0430 -0.2255 -0.1477 0.9620
1311868169.8314 0.7427 -0.1574 0.0021 0.0444 -0.2276 -0.1477 0.9615
1311868169.8634 0.7482 -0.1611 0.0049 0.0443 -0.2296 -0.1485 0.9609
1311868169.8994 0.7535 -0.1655 0.0071 0.0443 -0.2313 -0.1477 0.9606
1311868169.9313 0.7608 -0.1691 0.0094 0.0435 -0.2321 -0.1468 0.9606
1311868169.9634 0.7659 -0.1758 0.0123 0.0431 -0.2315 -0.1453 0.9609
1311868169.9994 0.7705 -0.1808 0.0133 0.0449 -0.2308 -0.1411 0.9617
1311868170.0313 0.7755 -0.1802 0.0111 0.0462 -0.2308 -0.1360 0.9624
1311868170.0635 0.7796 -0.1832 0.0106 0.0451 -0.2324 -0.1333 0.9624
1311868170.0994 0.7839 -0.1891 0.0095 0.0458 -0.2352 -0.1307 0.9620
1311868170.1313 0.7927 -0.1909 0.0063 0.0483 -0.2378 -0.1283 0.9616
1311868170.1634 0.8010 -0.1923 0.0035 0.0499 -0.2387 -0.1277 0.9614
1311868170.1993 0.8076 -0.1933 0.0006 0.0501 -0.2387 -0.1255 0.9616
1311868170.2315 0.8142 -0.1940 -0.0031 0.0495 -0.2387 -0.1219 0.9622
1311868170.2635 0.8203 -0.1921 -0.0081 0.0481 -0.2389 -0.1198 0.9624
1311868170.2994 0.8266 -0.1938 -0.0115 0.0468 -0.2394 -0.1216 0.9621
1311868170.3313 0.8342 -0.1918 -0.0164 0.0471 -0.2392 -0.1239 0.9619
1311868170.3634 0.8404 -0.1886 -0.0223 0.0467 -0.2382 -0.1258 0.9619
1311868170.3994 0.8457 -0.1856 -0.0278 0.0456 -0.2377 -0.1290 0.9617
1311868170.4313 0.8495 -0.1828 -0.0339 0.0447 -0.2383 -0.1321 0.9611
1311868170.4634 0.8570 -0.1801 -0.0391 0.0435 -0.2401 -0.1353 0.9603
1311868170.4995 0.8642 -0.1787 -0.0436 0.0422 -0.2409 -0.1376 0.9598
1311868170.5315 0.8707 -0.1767 -0.0490 0.0406 -0.2414 -0.1380 0.9597
1311868170.5633 0.8764 -0.1763 -0.0537 0.0396 -0.2419 -0.1378 0.9597
1311868170.5993 0.8840 -0.1730 -0.0599 0.0390 -0.2425 -0.1384 0.9594
1311868170.6315 0.8922 -0.1724 -0.0636 0.0369 -0.2427 -0.1396 0.9593
1311868170.6634 0.8993 -0.1713 -0.0677 0.0352 -0.2418 -0.1387 0.9597
1311868170.6994 0.9047 -0.1688 -0.0715 0.0328 -0.2409 -0.1375 0.9602
1311868170.7314 0.9096 -0.1673 -0.0751 0.0302 -0.2414 -0.1370 0.9602
1311868170.7635 0.9157 -0.1672 -0.0777 0.0271 -0.2429 -0.1366 0.9600
1311868170.7994 0.9218 -0.1686 -0.0797 0.0253 -0.2441 -0.1362 0.9598
1311868170.8313 0.9282 -0.1687 -0.0826 0.0246 -0.2447 -0.1365 0.9596
1311868170.8634 0.9352 -0.1690 -0.0857 0.0235 -0.2457 -0.1366 0.9594
1311868170.8994 0.9427 -0.1704 -0.0861 0.0224 -0.2460 -0.1359 0.9594
1311868170.9314 0.9492 -0.1706 -0.0882 0.0232 -0.2454 -0.1361 0.9595
1311868170.9634 0.9561 -0.1731 -0.0879 0.0254 -0.2438 -0.1393 0.9594
1311868170.9995 0.9594 -0.1701 -0.0912 0.0289 -0.2428 -0.1394 0.9596
1311868171.0315 0.9645 -0.1652 -0.0945 0.0289 -0.2452 -0.1393 0.9590
1311868171.0634 0.9705 -0.1651 -0.0949 0.0267 -0.2487 -0.1408 0.9579
1311868171.0994 0.9772 -0.1664 -0.0949 0.0251 -0.2516 -0.1415 0.9571
1311868171.1315 0.9849 -0.1673 -0.0950 0.0241 -0.2537 -0.1421 0.9565
1311868171.1634 0.9923 -0.1681 -0.0950 0.0232 -0.2546 -0.1428 0.9562
1311868171.1994 0.9978 -0.1681 -0.0934 0.0233 -0.2551 -0.1436 0.9559
1311868171.2314 1.0043 -0.1660 -0.0942 0.0240 -0.2561 -0.1447 0.9554
1311868171.2634 1.0108 -0.1656 -0.0935 0.0233 -0.2578 -0.1469 0.9547
1311868171.2994 1.0166 -0.1649 -0.0925 0.0234 -0.2599 -0.1491 0.9538
1311868171.3314 1.0234 -0.1640 -0.0921 0.0230 -0.2626 -0.1509 0.9528
1311868171.3635 1.0301 -0.1635 -0.0904 0.0227 -0.2651 -0.1542 0.9515
1311868171.3994 1.0380 -0.1634 -0.0895 0.0230 -0.2676 -0.1582 0.9502
1311868171.4635 1.0543 -0.1628 -0.0869 0.0228 -0.2725 -0.1624 0.9481
1311868171.4995 1.0612 -0.1626 -0.0846 0.0216 -0.2754 -0.1656 0.9467
1311868171.5315 1.0722 -0.1646 -0.0830 0.0213 -0.2784 -0.1693 0.9452
1311868171.5634 1.0821 -0.1655 -0.0805 0.0213 -0.2797 -0.1717 0.9444
1311868171.5995 1.0916 -0.1658 -0.0792 0.0210 -0.2807 -0.1733 0.9438
1311868171.6315 1.0996 -0.1657 -0.0774 0.0203 -0.2819 -0.1747 0.9432
1311868171.6634 1.1085 -0.1647 -0.0764 0.0196 -0.2840 -0.1767 0.9422
1311868171.6994 1.1177 -0.1651 -0.0739 0.0181 -0.2863 -0.1799 0.9409
1311868171.7315 1.1280 -0.1652 -0.0710 0.0169 -0.2881 -0.1822 0.9400
1311868171.7635 1.1366 -0.1646 -0.0685 0.0160 -0.2891 -0.1843 0.9392
1311868171.7995 1.1466 -0.1631 -0.0662 0.0146 -0.2901 -0.1868 0.9385
1311868171.8314 1.1572 -0.1636 -0.0628 0.0124 -0.2904 -0.1889 0.9380
1311868171.8996 1.1726 -0.1597 -0.0548 0.0074 -0.2908 -0.1920 0.9373
1311868171.9315 1.1794 -0.1599 -0.0501 0.0046 -0.2921 -0.1935 0.9366
1311868171.9996 1.1963 -0.1603 -0.0415 0.0006 -0.2937 -0.1966 0.9355
1311868172.0315 1.2033 -0.1603 -0.0379 -0.0009 -0.2933 -0.1979 0.9353
1311868172.0634 1.2091 -0.1593 -0.0347 -0.0027 -0.2934 -0.1979 0.9353
1311868172.0995 1.2169 -0.1584 -0.0310 -0.0055 -0.2949 -0.1980 0.9348
1311868172.1315 1.2247 -0.1593 -0.0270 -0.0087 -0.2959 -0.1981 0.9344
1311868172.1636 1.2323 -0.1592 -0.0234 -0.0115 -0.2963 -0.1984 0.9342
1311868172.1998 1.2384 -0.1598 -0.0188 -0.0143 -0.2961 -0.1989 0.9341
1311868172.2635 1.2511 -0.1586 -0.0115 -0.0173 -0.2956 -0.2019 0.9336
1311868172.2995 1.2566 -0.1581 -0.0083 -0.0194 -0.2951 -0.2030 0.9335
1311868172.3635 1.2678 -0.1559 -0.0014 -0.0249 -0.2951 -0.2069 0.9325
1311868172.3995 1.2737 -0.1556 0.0030 -0.0277 -0.2945 -0.2087 0.9322
1311868172.4635 1.2836 -0.1537 0.0119 -0.0325 -0.2900 -0.2130 0.9325
1311868172.4995 1.2871 -0.1526 0.0171 -0.0347 -0.2878 -0.2160 0.9324
1311868172.5996 1.3003 -0.1485 0.0327 -0.0427 -0.2834 -0.2176 0.9330
1311868172.7635 1.3209 -0.1439 0.0689 -0.0645 -0.2746 -0.2170 0.9345
1311868173.2677 1.3311 -0.1852 0.1959 -0.0823 -0.2667 -0.2404 0.9297
1311868173.8316 1.3663 -0.2459 0.2951 -0.0761 -0.2983 -0.2337 0.9223
1311868174.0677 1.3982 -0.2875 0.3304 -0.0553 -0.3354 -0.2626 0.9031
1311868174.3680 1.4510 -0.3343 0.3822 -0.0445 -0.3612 -0.2766 0.8894
1311868174.6996 1.4747 -0.3642 0.4286 -0.0441 -0.3859 -0.2738 0.8799
1311868174.8318 1.4692 -0.3832 0.4451 -0.0343 -0.3919 -0.2696 0.8789
1311868174.9318 1.4633 -0.4009 0.4566 -0.0253 -0.3932 -0.2669 0.8795
1311868174.9998 1.4550 -0.4067 0.4638 -0.0182 -0.3916 -0.2631 0.8815
1311868175.0677 1.4455 -0.4162 0.4705 -0.0106 -0.3917 -0.2638 0.8814
1311868175.0996 1.4400 -0.4200 0.4741 -0.0073 -0.3914 -0.2638 0.8816
1311868175.1317 1.4320 -0.4253 0.4782 -0.0036 -0.3919 -0.2633 0.8815
1311868175.1678 1.4234 -0.4332 0.4829 0.0023 -0.3935 -0.2637 0.8807
1311868175.1996 1.4152 -0.4435 0.4871 0.0121 -0.3950 -0.2643 0.8798
1311868175.2318 1.4105 -0.4496 0.4908 0.0248 -0.3958 -0.2626 0.8796
1311868175.2678 1.4052 -0.4525 0.4941 0.0352 -0.3966 -0.2584 0.8802
1311868175.3000 1.4012 -0.4523 0.4972 0.0418 -0.3988 -0.2521 0.8807
1311868175.3319 1.3984 -0.4527 0.5014 0.0432 -0.4031 -0.2458 0.8805
1311868175.3677 1.3939 -0.4585 0.5071 0.0418 -0.4077 -0.2411 0.8797
1311868175.4000 1.3900 -0.4656 0.5132 0.0419 -0.4116 -0.2372 0.8790
1311868175.4320 1.3868 -0.4721 0.5200 0.0436 -0.4146 -0.2334 0.8785
1311868175.4677 1.3827 -0.4790 0.5268 0.0470 -0.4162 -0.2298 0.8785
1311868175.4998 1.3802 -0.4824 0.5328 0.0522 -0.4173 -0.2260 0.8787
1311868175.5318 1.3781 -0.4839 0.5378 0.0560 -0.4186 -0.2220 0.8789
1311868175.5678 1.3757 -0.4849 0.5422 0.0573 -0.4211 -0.2179 0.8786
1311868175.5999 1.3736 -0.4879 0.5475 0.0574 -0.4249 -0.2153 0.8774
1311868175.6318 1.3724 -0.4946 0.5549 0.0586 -0.4285 -0.2151 0.8756
1311868175.6677 1.3720 -0.5015 0.5620 0.0617 -0.4306 -0.2150 0.8744
1311868175.6998 1.3717 -0.5073 0.5675 0.0655 -0.4317 -0.2140 0.8738
1311868175.7317 1.3712 -0.5094 0.5723 0.0691 -0.4328 -0.2133 0.8731
1311868175.7676 1.3703 -0.5137 0.5774 0.0717 -0.4351 -0.2136 0.8717
1311868175.7998 1.3708 -0.5180 0.5822 0.0738 -0.4383 -0.2134 0.8700
1311868175.8318 1.3724 -0.5215 0.5882 0.0750 -0.4419 -0.2133 0.8681
1311868175.8677 1.3743 -0.5284 0.5937 0.0761 -0.4459 -0.2139 0.8658
1311868175.8997 1.3775 -0.5347 0.6002 0.0776 -0.4499 -0.2145 0.8635
1311868175.9316 1.3815 -0.5397 0.6067 0.0791 -0.4538 -0.2152 0.8611
1311868175.9679 1.3843 -0.5450 0.6124 0.0801 -0.4578 -0.2169 0.8585
1311868175.9999 1.3886 -0.5488 0.6185 0.0807 -0.4625 -0.2186 0.8555
1311868176.0320 1.3927 -0.5539 0.6254 0.0808 -0.4674 -0.2219 0.8519
1311868176.0679 1.3977 -0.5600 0.6326 0.0817 -0.4719 -0.2271 0.8480
1311868176.0998 1.4030 -0.5653 0.6402 0.0828 -0.4761 -0.2323 0.8441
1311868176.1317 1.4072 -0.5715 0.6476 0.0837 -0.4799 -0.2374 0.8405
1311868176.1680 1.4131 -0.5761 0.6558 0.0850 -0.4837 -0.2419 0.8368
1311868176.1999 1.4193 -0.5807 0.6646 0.0851 -0.4869 -0.2456 0.8339
1311868176.2319 1.4261 -0.5839 0.6736 0.0837 -0.4898 -0.2479 0.8316
1311868176.2678 1.4315 -0.5882 0.6830 0.0810 -0.4924 -0.2503 0.8297
1311868176.2998 1.4367 -0.5931 0.6931 0.0790 -0.4945 -0.2534 0.8277
1311868176.3319 1.4429 -0.5972 0.7041 0.0777 -0.4958 -0.2570 0.8259
1311868176.3678 1.4488 -0.5997 0.7139 0.0763 -0.4963 -0.2600 0.8248
1311868176.3999 1.4546 -0.6003 0.7234 0.0738 -0.4968 -0.2620 0.8241
1311868176.4317 1.4603 -0.6001 0.7339 0.0700 -0.4976 -0.2636 0.8234
1311868176.4679 1.4647 -0.6021 0.7446 0.0655 -0.4981 -0.2658 0.8228
1311868176.4998 1.4680 -0.6059 0.7537 0.0615 -0.4982 -0.2672 0.8226
1311868176.5319 1.4720 -0.6060 0.7622 0.0591 -0.4982 -0.2688 0.8222
1311868176.5678 1.4749 -0.6079 0.7700 0.0575 -0.4983 -0.2717 0.8213
1311868176.6021 1.4778 -0.6094 0.7765 0.0564 -0.4987 -0.2739 0.8204
1311868176.6317 1.4817 -0.6095 0.7837 0.0539 -0.4996 -0.2744 0.8199
1311868176.6678 1.4828 -0.6126 0.7897 0.0504 -0.5003 -0.2743 0.8197
1311868176.6998 1.4854 -0.6140 0.7962 0.0477 -0.5014 -0.2738 0.8194
1311868176.7318 1.4861 -0.6174 0.8025 0.0454 -0.5017 -0.2744 0.8191
1311868176.7678 1.4860 -0.6229 0.8064 0.0453 -0.5018 -0.2753 0.8188
1311868176.7997 1.4884 -0.6245 0.8111 0.0469 -0.5023 -0.2757 0.8182
1311868176.8319 1.4902 -0.6264 0.8162 0.0470 -0.5026 -0.2759 0.8179
1311868176.8678 1.4917 -0.6273 0.8217 0.0460 -0.5029 -0.2755 0.8180
1311868176.8998 1.4916 -0.6306 0.8283 0.0443 -0.5026 -0.2756 0.8182
1311868176.9318 1.4913 -0.6333 0.8338 0.0436 -0.5012 -0.2757 0.8191
1311868176.9679 1.4895 -0.6350 0.8374 0.0441 -0.4996 -0.2767 0.8197
1311868176.9999 1.4894 -0.6360 0.8423 0.0450 -0.4991 -0.2783 0.8194
1311868177.0320 1.4889 -0.6374 0.8478 0.0442 -0.4989 -0.2795 0.8192
1311868177.0679 1.4869 -0.6384 0.8533 0.0427 -0.4988 -0.2810 0.8188
1311868177.0997 1.4834 -0.6419 0.8607 0.0416 -0.4988 -0.2833 0.8180
1311868177.1319 1.4797 -0.6469 0.8688 0.0416 -0.4977 -0.2857 0.8179
1311868177.1681 1.4758 -0.6512 0.8754 0.0435 -0.4956 -0.2878 0.8183
1311868177.1999 1.4721 -0.6545 0.8816 0.0459 -0.4934 -0.2898 0.8188
1311868177.2319 1.4687 -0.6566 0.8872 0.0478 -0.4916 -0.2913 0.8193
1311868177.2678 1.4649 -0.6580 0.8919 0.0479 -0.4903 -0.2919 0.8198
1311868177.2999 1.4607 -0.6591 0.8977 0.0461 -0.4903 -0.2924 0.8197
1311868177.3317 1.4555 -0.6633 0.9038 0.0444 -0.4911 -0.2938 0.8188
1311868177.3679 1.4510 -0.6691 0.9106 0.0436 -0.4918 -0.2949 0.8181
1311868177.4000 1.4473 -0.6753 0.9176 0.0456 -0.4914 -0.2962 0.8177
1311868177.4318 1.4457 -0.6787 0.9242 0.0490 -0.4902 -0.2971 0.8180
1311868177.4678 1.4447 -0.6801 0.9309 0.0501 -0.4887 -0.2962 0.8191
1311868177.4998 1.4445 -0.6783 0.9365 0.0485 -0.4874 -0.2942 0.8207
1311868177.5318 1.4443 -0.6753 0.9433 0.0441 -0.4874 -0.2937 0.8211
1311868177.5679 1.4416 -0.6768 0.9511 0.0386 -0.4876 -0.2963 0.8204
1311868177.5997 1.4385 -0.6786 0.9588 0.0351 -0.4873 -0.2989 0.8197
1311868177.6321 1.4364 -0.6813 0.9663 0.0341 -0.4866 -0.3024 0.8189
1311868177.6679 1.4358 -0.6831 0.9740 0.0343 -0.4855 -0.3056 0.8183
1311868177.6999 1.4345 -0.6843 0.9796 0.0343 -0.4843 -0.3072 0.8185
1311868177.7320 1.4347 -0.6825 0.9852 0.0329 -0.4845 -0.3076 0.8183
1311868177.7679 1.4342 -0.6833 0.9903 0.0299 -0.4861 -0.3083 0.8172
1311868177.7999 1.4333 -0.6851 0.9946 0.0275 -0.4890 -0.3090 0.8153
1311868177.8320 1.4357 -0.6858 1.0011 0.0266 -0.4935 -0.3107 0.8119
1311868177.8678 1.4374 -0.6891 1.0078 0.0259 -0.4976 -0.3135 0.8084
1311868177.8999 1.4409 -0.6912 1.0152 0.0256 -0.5010 -0.3156 0.8055
1311868177.9679 1.4471 -0.6944 1.0278 0.0259 -0.5074 -0.3227 0.7986
1311868178.0320 1.4556 -0.6962 1.0394 0.0248 -0.5156 -0.3290 0.7908
1311868178.1000 1.4640 -0.7008 1.0528 0.0206 -0.5257 -0.3371 0.7808
1311868178.2320 1.4830 -0.7193 1.0827 0.0253 -0.5355 -0.3519 0.7673
1311868178.2680 1.4887 -0.7216 1.0884 0.0289 -0.5346 -0.3542 0.7667
1311868178.2998 1.4947 -0.7223 1.0920 0.0313 -0.5341 -0.3561 0.7661
1311868178.3322 1.4998 -0.7213 1.0954 0.0316 -0.5354 -0.3575 0.7646
1311868178.3680 1.5061 -0.7202 1.0994 0.0296 -0.5381 -0.3592 0.7619
1311868178.4001 1.5108 -0.7215 1.1041 0.0253 -0.5412 -0.3610 0.7590
1311868178.5001 1.5238 -0.7247 1.1146 0.0138 -0.5504 -0.3618 0.7523
1311868178.6001 1.5399 -0.7276 1.1201 0.0087 -0.5560 -0.3608 0.7487
1311868178.6320 1.5456 -0.7275 1.1202 0.0078 -0.5570 -0.3603 0.7482
1311868178.6680 1.5529 -0.7262 1.1195 0.0069 -0.5585 -0.3601 0.7472
1311868178.6999 1.5594 -0.7261 1.1194 0.0048 -0.5600 -0.3607 0.7458
1311868178.7319 1.5658 -0.7272 1.1194 0.0033 -0.5610 -0.3612 0.7449
1311868178.7679 1.5729 -0.7274 1.1181 0.0026 -0.5614 -0.3613 0.7445
1311868178.8000 1.5815 -0.7269 1.1167 0.0027 -0.5621 -0.3612 0.7440
1311868178.8320 1.5906 -0.7263 1.1154 0.0016 -0.5626 -0.3608 0.7439
1311868178.8679 1.6000 -0.7256 1.1139 -0.0007 -0.5628 -0.3600 0.7441
1311868178.9000 1.6084 -0.7263 1.1116 -0.0025 -0.5626 -0.3600 0.7443
1311868178.9323 1.6177 -0.7266 1.1088 -0.0029 -0.5625 -0.3604 0.7441
1311868178.9679 1.6284 -0.7276 1.1070 -0.0025 -0.5627 -0.3610 0.7437
1311868179.0000 1.6393 -0.7288 1.1058 -0.0021 -0.5617 -0.3609 0.7444
1311868179.0322 1.6513 -0.7279 1.1027 -0.0022 -0.5600 -0.3598 0.7463
1311868179.0678 1.6638 -0.7261 1.0987 -0.0041 -0.5584 -0.3588 0.7479
1311868179.1001 1.6751 -0.7242 1.0937 -0.0075 -0.5579 -0.3582 0.7486
1311868179.1320 1.6863 -0.7236 1.0905 -0.0103 -0.5588 -0.3593 0.7473
1311868179.2002 1.7073 -0.7272 1.0878 -0.0071 -0.5596 -0.3649 0.7440
1311868179.2320 1.7214 -0.7266 1.0861 -0.0048 -0.5579 -0.3670 0.7444
1311868179.2681 1.7347 -0.7250 1.0850 -0.0066 -0.5546 -0.3673 0.7467
1311868179.3331 1.7550 -0.7211 1.0790 -0.0177 -0.5493 -0.3644 0.7518
1311868179.4680 1.7920 -0.7276 1.0823 -0.0260 -0.5455 -0.3714 0.7509
1311868179.5322 1.8113 -0.7269 1.0804 -0.0261 -0.5387 -0.3713 0.7558
1311868179.6682 1.8420 -0.7287 1.0854 -0.0329 -0.5317 -0.3752 0.7586
1311868179.8321 1.8820 -0.7362 1.0917 -0.0353 -0.5269 -0.3777 0.7606
1311868180.0000 1.9154 -0.7486 1.1057 -0.0346 -0.5339 -0.3851 0.7520
1311868180.1681 1.9499 -0.7658 1.1277 -0.0413 -0.5412 -0.3915 0.7430
1311868180.3319 1.9832 -0.7786 1.1476 -0.0500 -0.5476 -0.3952 0.7358
1311868180.6321 2.0240 -0.7899 1.1800 -0.0633 -0.5551 -0.4061 0.7231
1311868181.3321 2.0391 -0.8400 1.2426 -0.0593 -0.5408 -0.4006 0.7372
1311868181.8322 1.9415 -0.8621 1.2890 -0.0597 -0.5339 -0.4008 0.7421
1311868182.1002 1.8547 -0.8803 1.3093 -0.0527 -0.5329 -0.3990 0.7443
1311868182.4003 1.7696 -0.8938 1.3469 -0.0551 -0.5295 -0.3914 0.7506
1311868182.5361 1.7271 -0.9041 1.3621 -0.0483 -0.5332 -0.3878 0.7503
1311868182.6363 1.6933 -0.9184 1.3742 -0.0407 -0.5427 -0.3828 0.7465
1311868182.7003 1.6700 -0.9287 1.3836 -0.0331 -0.5511 -0.3807 0.7418
1311868182.7683 1.6510 -0.9343 1.3950 -0.0259 -0.5613 -0.3789 0.7353
1311868182.8362 1.6279 -0.9441 1.4082 -0.0223 -0.5708 -0.3802 0.7274
1311868182.9002 1.6050 -0.9520 1.4216 -0.0191 -0.5805 -0.3836 0.7180
1311868182.9681 1.5796 -0.9651 1.4352 -0.0133 -0.5903 -0.3894 0.7069
1311868183.0363 1.5528 -0.9818 1.4483 -0.0080 -0.5971 -0.3938 0.6988
1311868183.0683 1.5398 -0.9897 1.4532 -0.0058 -0.6004 -0.3946 0.6955
1311868183.1006 1.5277 -0.9961 1.4573 -0.0027 -0.6042 -0.3965 0.6911
1311868183.1682 1.5016 -1.0133 1.4673 0.0053 -0.6125 -0.4043 0.6792
1311868183.2363 1.4797 -1.0240 1.4779 0.0128 -0.6188 -0.4112 0.6692
1311868183.2684 1.4678 -1.0294 1.4821 0.0147 -0.6209 -0.4148 0.6650
1311868183.3004 1.4556 -1.0338 1.4836 0.0167 -0.6234 -0.4173 0.6611
1311868183.3363 1.4464 -1.0356 1.4864 0.0196 -0.6272 -0.4197 0.6558
1311868183.3685 1.4348 -1.0398 1.4888 0.0222 -0.6310 -0.4233 0.6497
1311868183.4362 1.4166 -1.0454 1.4961 0.0238 -0.6381 -0.4241 0.6422
1311868183.4682 1.4082 -1.0467 1.4971 -0.0192 0.6412 0.4233 -0.6397
1311868183.5003 1.3998 -1.0481 1.4961 -0.0133 0.6457 0.4222 -0.6361
1311868183.5363 1.3936 -1.0479 1.4991 -0.0058 0.6512 0.4212 -0.6312
1311868183.5684 1.3806 -1.0528 1.5021 0.0025 0.6555 0.4218 -0.6264
1311868183.6002 1.3690 -1.0571 1.5059 0.0081 0.6597 0.4204 -0.6229
1311868183.6362 1.3588 -1.0592 1.5121 0.0124 0.6626 0.4188 -0.6209
1311868183.6686 1.3447 -1.0639 1.5173 0.0169 0.6634 0.4174 -0.6208
1311868183.7002 1.3344 -1.0658 1.5211 0.0182 0.6637 0.4151 -0.6220
1311868183.7364 1.3240 -1.0676 1.5244 0.0176 0.6627 0.4152 -0.6229
1311868183.7682 1.3147 -1.0696 1.5246 0.0159 0.6614 0.4159 -0.6240
1311868183.8004 1.3083 -1.0689 1.5252 0.0145 0.6605 0.4170 -0.6242
1311868183.8362 1.2982 -1.0706 1.5244 0.0153 0.6600 0.4189 -0.6235
1311868183.8685 1.2886 -1.0720 1.5260 0.0168 0.6604 0.4197 -0.6224
1311868183.9002 1.2771 -1.0747 1.5279 0.0180 0.6605 0.4211 -0.6214
1311868183.9363 1.2645 -1.0782 1.5296 0.0180 0.6601 0.4224 -0.6209
1311868183.9685 1.2484 -1.0843 1.5308 0.0154 0.6597 0.4233 -0.6207
1311868184.0004 1.2362 -1.0890 1.5328 0.0093 0.6595 0.4229 -0.6214
1311868184.0363 1.2237 -1.0945 1.5327 0.0045 0.6586 0.4205 -0.6240
1311868184.0703 1.2158 -1.0966 1.5318 0.0010 0.6581 0.4162 -0.6275
1311868184.1007 1.2074 -1.0982 1.5304 -0.0002 0.6583 0.4126 -0.6296
1311868184.1368 1.1971 -1.1011 1.5304 -0.0004 0.6593 0.4102 -0.6301
1311868184.1690 1.1865 -1.1053 1.5317 -0.0010 0.6607 0.4076 -0.6304
1311868184.2005 1.1788 -1.1076 1.5357 -0.0023 0.6620 0.4048 -0.6307
1311868184.2364 1.1695 -1.1105 1.5410 -0.0026 0.6619 0.4031 -0.6319
1311868184.2685 1.1612 -1.1124 1.5438 -0.0038 0.6607 0.4017 -0.6341
1311868184.3006 1.1554 -1.1119 1.5454 -0.0055 0.6593 0.4019 -0.6354
1311868184.3363 1.1470 -1.1128 1.5452 -0.0066 0.6584 0.4040 -0.6350
1311868184.3682 1.1383 -1.1145 1.5463 -0.0072 0.6590 0.4055 -0.6334
1311868184.4003 1.1293 -1.1168 1.5497 -0.0065 0.6605 0.4059 -0.6316
1311868184.4363 1.1183 -1.1205 1.5534 -0.0055 0.6623 0.4053 -0.6302
1311868184.4684 1.1069 -1.1247 1.5569 -0.0059 0.6640 0.4041 -0.6291
1311868184.5004 1.0977 -1.1275 1.5597 -0.0080 0.6661 0.4020 -0.6282
1311868184.5363 1.0906 -1.1287 1.5643 -0.0094 0.6686 0.3998 -0.6269
1311868184.5684 1.0834 -1.1297 1.5678 -0.0094 0.6710 0.3986 -0.6252
1311868184.6004 1.0751 -1.1313 1.5701 -0.0081 0.6739 0.3982 -0.6223
1311868184.6363 1.0664 -1.1335 1.5731 -0.0067 0.6778 0.3984 -0.6179
1311868184.6684 1.0551 -1.1378 1.5765 -0.0060 0.6823 0.3993 -0.6124
1311868184.7007 1.0451 -1.1427 1.5805 -0.0074 0.6872 0.4001 -0.6064
1311868184.7365 1.0341 -1.1486 1.5860 -0.0099 0.6915 0.4018 -0.6003
1311868184.7685 1.0216 -1.1570 1.5898 -0.0125 0.6951 0.4026 -0.5955
1311868184.8004 1.0114 -1.1645 1.5924 -0.0162 0.6986 0.4026 -0.5913
1311868184.8363 1.0024 -1.1719 1.5957 -0.0195 0.7025 0.4022 -0.5868
1311868184.8687 0.9933 -1.1790 1.5995 -0.0213 0.7062 0.4019 -0.5825
1311868184.9004 0.9852 -1.1851 1.6034 -0.0230 0.7095 0.4023 -0.5782
1311868184.9363 0.9749 -1.1918 1.6080 -0.0238 0.7122 0.4034 -0.5740
1311868184.9684 0.9653 -1.1981 1.6108 -0.0259 0.7142 0.4045 -0.5706
1311868185.0004 0.9583 -1.2023 1.6148 -0.0288 0.7162 0.4059 -0.5670
1311868185.0364 0.9491 -1.2073 1.6177 -0.0309 0.7173 0.4081 -0.5638
1311868185.0684 0.9419 -1.2109 1.6196 -0.0347 0.7190 0.4096 -0.5604
1311868185.1009 0.9369 -1.2119 1.6234 -0.0370 0.7207 0.4115 -0.5567
1311868185.1365 0.9270 -1.2157 1.6256 -0.0357 0.7220 0.4128 -0.5540
1311868185.1686 0.9190 -1.2185 1.6268 -0.0339 0.7240 0.4118 -0.5524
1311868185.2008 0.9112 -1.2204 1.6291 -0.0333 0.7261 0.4114 -0.5499
1311868185.2364 0.9008 -1.2245 1.6321 -0.0334 0.7281 0.4115 -0.5472
1311868185.2685 0.8899 -1.2300 1.6338 -0.0342 0.7297 0.4100 -0.5461
1311868185.3005 0.8810 -1.2338 1.6345 -0.0367 0.7317 0.4070 -0.5456
1311868185.3379 0.8758 -1.2353 1.6379 -0.0397 0.7337 0.4040 -0.5448
1311868185.3685 0.8684 -1.2373 1.6416 -0.0410 0.7349 0.4020 -0.5446
1311868185.4012 0.8607 -1.2390 1.6459 -0.0408 0.7355 0.3992 -0.5460
1311868185.4364 0.8528 -1.2402 1.6492 -0.0409 0.7351 0.3964 -0.5485
1311868185.4686 0.8451 -1.2410 1.6522 -0.0430 0.7340 0.3951 -0.5507
1311868185.5004 0.8361 -1.2442 1.6524 -0.0478 0.7329 0.3941 -0.5525
1311868185.5364 0.8325 -1.2447 1.6555 -0.0532 0.7318 0.3924 -0.5546
1311868185.5685 0.8257 -1.2454 1.6539 -0.0565 0.7307 0.3907 -0.5570
1311868185.6004 0.8199 -1.2468 1.6524 -0.0607 0.7313 0.3885 -0.5573
1311868185.6364 0.8157 -1.2491 1.6551 -0.0650 0.7324 0.3874 -0.5561
1311868185.6686 0.8083 -1.2538 1.6563 -0.0671 0.7330 0.3853 -0.5566
1311868185.7020 0.8026 -1.2563 1.6582 -0.0679 0.7334 0.3810 -0.5589
1311868185.7367 0.7970 -1.2582 1.6598 -0.0680 0.7338 0.3771 -0.5610
1311868185.7686 0.7911 -1.2607 1.6603 -0.0682 0.7344 0.3735 -0.5626
1311868185.8004 0.7883 -1.2600 1.6628 -0.0674 0.7355 0.3698 -0.5636
1311868185.8368 0.7844 -1.2597 1.6649 -0.0644 0.7368 0.3674 -0.5639
1311868185.8684 0.7808 -1.2585 1.6680 -0.0608 0.7385 0.3664 -0.5627
1311868185.9004 0.7755 -1.2590 1.6719 -0.0578 0.7401 0.3682 -0.5598
1311868185.9365 0.7686 -1.2608 1.6744 -0.0562 0.7412 0.3706 -0.5569
1311868185.9684 0.7633 -1.2613 1.6769 -0.0558 0.7423 0.3724 -0.5543
1311868186.0004 0.7576 -1.2619 1.6793 -0.0557 0.7436 0.3745 -0.5511
1311868186.0365 0.7526 -1.2627 1.6825 -0.0561 0.7451 0.3766 -0.5476
1311868186.0687 0.7483 -1.2635 1.6869 -0.0562 0.7466 0.3795 -0.5435
1311868186.1032 0.7426 -1.2657 1.6911 -0.0565 0.7483 0.3828 -0.5389
1311868186.1366 0.7390 -1.2678 1.6958 -0.0561 0.7502 0.3854 -0.5344
1311868186.1685 0.7363 -1.2693 1.7008 -0.0540 0.7525 0.3873 -0.5300
1311868186.2004 0.7322 -1.2695 1.7058 -0.0507 0.7551 0.3897 -0.5247
1311868186.2377 0.7275 -1.2704 1.7104 -0.0484 0.7580 0.3939 -0.5177
1311868186.2687 0.7230 -1.2724 1.7154 -0.0469 0.7613 0.3978 -0.5098
1311868186.3004 0.7193 -1.2739 1.7204 -0.0453 0.7646 0.4009 -0.5026
1311868186.3364 0.7172 -1.2745 1.7254 -0.0440 0.7679 0.4039 -0.4952
1311868186.3684 0.7147 -1.2748 1.7318 -0.0422 0.7712 0.4077 -0.4871
1311868186.4005 0.7108 -1.2760 1.7381 -0.0406 0.7738 0.4114 -0.4799
1311868186.4365 0.7074 -1.2770 1.7456 -0.0390 0.7756 0.4146 -0.4743
1311868186.4685 0.7051 -1.2778 1.7516 -0.0370 0.7767 0.4168 -0.4708
1311868186.5005 0.7050 -1.2782 1.7557 -0.0340 0.7775 0.4185 -0.4683
1311868186.5371 0.7055 -1.2784 1.7598 -0.0302 0.7788 0.4200 -0.4649
1311868186.5685 0.7052 -1.2787 1.7647 -0.0253 0.7802 0.4218 -0.4612
1311868186.6006 0.7038 -1.2804 1.7683 -0.0224 0.7813 0.4236 -0.4577
1311868186.6365 0.7040 -1.2819 1.7730 -0.0219 0.7822 0.4253 -0.4547
1311868186.6686 0.7047 -1.2847 1.7774 -0.0220 0.7824 0.4263 -0.4535
1311868186.7025 0.7101 -1.2868 1.7805 -0.0230 0.7825 0.4265 -0.4530
1311868186.7367 0.7158 -1.2874 1.7840 -0.0238 0.7828 0.4275 -0.4516
1311868186.7685 0.7216 -1.2881 1.7867 -0.0236 0.7830 0.4291 -0.4496
1311868186.8005 0.7276 -1.2889 1.7895 -0.0217 0.7836 0.4305 -0.4474
1311868186.8367 0.7335 -1.2893 1.7928 -0.0191 0.7840 0.4323 -0.4451
1311868186.8693 0.7375 -1.2906 1.7961 -0.0160 0.7840 0.4343 -0.4432
1311868186.9005 0.7413 -1.2928 1.7984 -0.0140 0.7840 0.4354 -0.4422
1311868186.9364 0.7458 -1.2951 1.8015 -0.0137 0.7837 0.4366 -0.4415
1311868186.9686 0.7507 -1.2980 1.8043 -0.0139 0.7832 0.4371 -0.4420
1311868187.0005 0.7572 -1.3006 1.8063 -0.0145 0.7825 0.4370 -0.4433
1311868187.0367 0.7650 -1.3034 1.8088 -0.0143 0.7818 0.4365 -0.4449
1311868187.0685 0.7743 -1.3058 1.8111 -0.0126 0.7808 0.4365 -0.4469
1311868187.1017 0.7812 -1.3086 1.8135 -0.0101 0.7794 0.4373 -0.4486
1311868187.1366 0.7881 -1.3118 1.8154 -0.0086 0.7778 0.4381 -0.4505
1311868187.1690 0.7956 -1.3143 1.8174 -0.0083 0.7764 0.4389 -0.4522
1311868187.2013 0.8054 -1.3157 1.8216 -0.0087 0.7748 0.4405 -0.4535
1311868187.2364 0.8149 -1.3164 1.8257 -0.0079 0.7722 0.4434 -0.4550
1311868187.2688 0.8248 -1.3173 1.8276 -0.0062 0.7691 0.4473 -0.4564
1311868187.3005 0.8340 -1.3179 1.8291 -0.0044 0.7667 0.4522 -0.4557
1311868187.3366 0.8386 -1.3204 1.8328 -0.0026 0.7649 0.4573 -0.4535
1311868187.3684 0.8400 -1.3248 1.8387 -0.0011 0.7633 0.4602 -0.4533
1311868187.4005 0.8440 -1.3291 1.8449 -0.0016 0.7610 0.4617 -0.4558
1311868187.4367 0.8480 -1.3335 1.8493 -0.0030 0.7580 0.4628 -0.4596
1311868187.4686 0.8555 -1.3369 1.8536 -0.0045 0.7554 0.4629 -0.4638
1311868187.5005 0.8622 -1.3400 1.8572 -0.0047 0.7530 0.4637 -0.4668
1311868187.5376 0.8678 -1.3432 1.8603 -0.0045 0.7515 0.4647 -0.4683
1311868187.5685 0.8712 -1.3465 1.8650 -0.0045 0.7506 0.4659 -0.4685
1311868187.6005 0.8737 -1.3500 1.8699 -0.0046 0.7497 0.4667 -0.4691
1311868187.6365 0.8772 -1.3532 1.8744 -0.0041 0.7488 0.4668 -0.4705
1311868187.6687 0.8804 -1.3558 1.8786 -0.0030 0.7483 0.4665 -0.4716
1311868187.7006 0.8844 -1.3584 1.8829 -0.0019 0.7483 0.4666 -0.4715
1311868187.7365 0.8869 -1.3609 1.8890 0.0003 0.7487 0.4672 -0.4703
1311868187.7687 0.8868 -1.3651 1.8940 0.0025 0.7488 0.4679 -0.4695
1311868187.8005 0.8890 -1.3689 1.8997 0.0033 0.7493 0.4681 -0.4685
1311868187.8375 0.8897 -1.3726 1.9052 0.0029 0.7500 0.4691 -0.4663
1311868187.8686 0.8918 -1.3765 1.9114 0.0006 0.7512 0.4704 -0.4631
1311868187.9005 0.8931 -1.3804 1.9192 -0.0012 0.7527 0.4715 -0.4595
1311868187.9366 0.8939 -1.3842 1.9270 -0.0022 0.7539 0.4726 -0.4564
1311868187.9685 0.8954 -1.3881 1.9339 -0.0032 0.7557 0.4732 -0.4527
1311868188.0007 0.8968 -1.3919 1.9442 -0.0037 0.7582 0.4742 -0.4474
1311868188.0367 0.8955 -1.3963 1.9553 -0.0027 0.7601 0.4757 -0.4426
1311868188.0685 0.8948 -1.4005 1.9652 -0.0010 0.7614 0.4771 -0.4389
1311868188.1004 0.8948 -1.4043 1.9762 0.0016 0.7631 0.4782 -0.4348
1311868188.1367 0.8941 -1.4082 1.9876 0.0049 0.7644 0.4799 -0.4305
1311868188.1698 0.8937 -1.4112 1.9993 0.0086 0.7656 0.4821 -0.4260
1311868188.2006 0.8906 -1.4140 2.0133 0.0118 0.7664 0.4851 -0.4210
1311868188.2365 0.8881 -1.4166 2.0260 0.0123 0.7664 0.4887 -0.4168
1311868188.2686 0.8870 -1.4174 2.0401 0.0106 0.7658 0.4933 -0.4124
1311868188.3009 0.8863 -1.4179 2.0536 0.0084 0.7645 0.4987 -0.4083
1311868188.3368 0.8859 -1.4174 2.0665 0.0067 0.7626 0.5045 -0.4049
1311868188.3685 0.8849 -1.4174 2.0771 0.0064 0.7601 0.5099 -0.4027
1311868188.4005 0.8842 -1.4173 2.0844 0.0070 0.7577 0.5143 -0.4016
1311868188.4371 0.8858 -1.4173 2.0912 0.0087 0.7561 0.5174 -0.4006
1311868188.4686 0.8881 -1.4172 2.0951 0.0126 0.7551 0.5197 -0.3994
1311868188.5025 0.8911 -1.4186 2.0983 0.0175 0.7556 0.5209 -0.3968
1311868188.5687 0.8980 -1.4238 2.1093 0.0266 0.7586 0.5215 -0.3897
1311868188.6014 0.9015 -1.4270 2.1153 0.0301 0.7593 0.5217 -0.3877
1311868188.6375 0.9069 -1.4298 2.1211 0.0323 0.7593 0.5222 -0.3870
1311868188.6687 0.9141 -1.4325 2.1260 0.0339 0.7586 0.5232 -0.3868
1311868188.7035 0.9213 -1.4349 2.1305 0.0355 0.7577 0.5248 -0.3863
1311868188.7366 0.9296 -1.4374 2.1360 0.0375 0.7567 0.5264 -0.3858
1311868188.7687 0.9366 -1.4402 2.1407 0.0401 0.7552 0.5283 -0.3859
1311868188.8007 0.9460 -1.4430 2.1461 0.0411 0.7538 0.5304 -0.3859
1311868188.8365 0.9551 -1.4457 2.1508 0.0420 0.7519 0.5329 -0.3859
1311868188.8685 0.9662 -1.4480 2.1540 0.0440 0.7499 0.5343 -0.3875
1311868188.9007 0.9792 -1.4501 2.1568 0.0474 0.7488 0.5352 -0.3881
1311868188.9365 0.9916 -1.4519 2.1617 0.0527 0.7479 0.5365 -0.3874
1311868189.0006 1.0121 -1.4568 2.1703 0.0688 0.7448 0.5393 -0.3870
1311868189.1366 1.0402 -1.4702 2.1890 0.0713 0.7375 0.5468 -0.3898
1311868189.2383 1.0791 -1.4801 2.2005 0.0666 0.7301 0.5526 -0.3965
1311868189.3684 1.1113 -1.4952 2.2131 0.0677 0.7210 0.5634 -0.3978
1311868189.5687 1.1492 -1.5156 2.2351 0.0686 0.7113 0.5734 -0.4007
1311868189.8687 1.1743 -1.5512 2.2925 0.0738 0.7044 0.5758 -0.4084
1311868190.1688 1.1783 -1.6059 2.3591 0.0749 0.7012 0.5752 -0.4145
1311868190.5031 1.1777 -1.6635 2.4319 0.0713 0.7015 0.5703 -0.4214
1311868191.0043 1.1817 -1.7082 2.4923 0.0724 0.7008 0.5669 -0.4269
1311868192.1394 1.1071 -1.7410 2.5188 0.0640 0.6945 0.5691 -0.4355
1311868192.5409 1.0427 -1.7284 2.4795 0.0560 0.6917 0.5645 -0.4469
1311868192.8706 0.9972 -1.7079 2.4339 0.0544 0.7011 0.5593 -0.4389
1311868193.1726 0.9665 -1.7110 2.4062 0.0495 0.7133 0.5570 -0.4225
1311868193.4093 0.9360 -1.7170 2.3933 0.0643 0.7224 0.5660 -0.3920
1311868193.6060 0.9119 -1.7348 2.3800 0.0447 0.7329 0.5684 -0.3712
1311868193.7716 0.8939 -1.7477 2.3692 0.0359 0.7420 0.5641 -0.3606
1311868193.8732 0.8815 -1.7549 2.3665 0.0296 0.7462 0.5593 -0.3599
1311868193.9728 0.8765 -1.7614 2.3607 0.0281 0.7499 0.5537 -0.3610
1311868194.0092 0.8744 -1.7637 2.3596 0.0285 0.7509 0.5531 -0.3597
1311868257.9170 0.1933 0.2173 -0.1622 -0.0728 -0.0547 0.0134 0.9958
